x=200	y=120	z=200	n=65	len=1
b
0.903195	0.903123	0.902962	0.902801	0.902855	0.902908	0.902847	0.902786	0.902794	0.902802	0.902612	0.902422	0.902318	0.902213	0.902038	0.901863	0.901838	0.901813	0.901788	0.901763	0.901976	0.902189	0.902458	0.902728	0.903215	0.903703	0.904211	0.904719	0.905259	0.9058	0.906176	0.906552	0.906677	0.906803	0.907061	0.907319	0.906966	0.906613	0.906512	0.906412	0.906032	0.905652	0.905654	0.905656	0.905424	0.905192	0.905192	0.905192	0.90504	0.904888	0.904842	0.904796	0.904738	0.904681	0.904576	0.904471	0.904461	0.904451	0.90426	0.904069	0.903959	0.903849	0.903558	0.903267	0.903195	
0.903585	0.903516	0.903346	0.903175	0.90326	0.903344	0.903292	0.903239	0.903314	0.903389	0.903234	0.903079	0.902999	0.902918	0.902697	0.902475	0.902403	0.902331	0.902228	0.902125	0.902247	0.902369	0.902605	0.902842	0.903359	0.903875	0.904351	0.904827	0.90528	0.905734	0.90593	0.906126	0.906224	0.906323	0.90661	0.906897	0.906586	0.906276	0.906137	0.905998	0.905694	0.905391	0.905407	0.905424	0.90527	0.905116	0.905186	0.905256	0.905203	0.90515	0.905165	0.90518	0.905163	0.905146	0.905083	0.905019	0.904992	0.904964	0.90474	0.904516	0.904389	0.904262	0.903958	0.903653	0.903585	
0.90401	0.903927	0.903782	0.903637	0.903702	0.903766	0.903743	0.90372	0.903775	0.90383	0.9037	0.903571	0.903438	0.903304	0.903039	0.902773	0.902606	0.902438	0.902276	0.902114	0.902182	0.902249	0.902487	0.902725	0.903248	0.903771	0.90414	0.904508	0.904836	0.905163	0.905162	0.90516	0.905286	0.905413	0.905744	0.906076	0.905882	0.905688	0.905484	0.90528	0.905147	0.905013	0.905066	0.905119	0.905106	0.905094	0.905213	0.905333	0.905403	0.905473	0.905525	0.905577	0.905621	0.905665	0.905587	0.90551	0.905474	0.905438	0.905201	0.904965	0.904819	0.904674	0.904384	0.904093	0.90401	
0.904436	0.904338	0.904219	0.904099	0.904144	0.904189	0.904195	0.904201	0.904235	0.90427	0.904167	0.904064	0.903877	0.90369	0.903381	0.903072	0.902809	0.902546	0.902324	0.902103	0.902116	0.902129	0.902368	0.902607	0.903137	0.903668	0.903929	0.904189	0.904391	0.904593	0.904393	0.904194	0.904348	0.904502	0.904879	0.905256	0.905178	0.9051	0.904831	0.904563	0.904599	0.904635	0.904724	0.904813	0.904942	0.905071	0.905241	0.90541	0.905603	0.905796	0.905885	0.905975	0.906079	0.906183	0.906092	0.906001	0.905957	0.905913	0.905663	0.905413	0.905249	0.905085	0.904809	0.904534	0.904436	
0.904919	0.90483	0.904701	0.904572	0.904636	0.9047	0.904681	0.904662	0.904672	0.904682	0.904472	0.904263	0.903976	0.90369	0.903255	0.90282	0.902466	0.902113	0.901806	0.9015	0.901504	0.901509	0.901814	0.902118	0.902637	0.903157	0.903286	0.903414	0.903518	0.903622	0.903463	0.903304	0.90348	0.903656	0.903963	0.90427	0.904229	0.904188	0.903875	0.903563	0.903804	0.904046	0.904302	0.904559	0.904829	0.905099	0.905354	0.90561	0.905895	0.906179	0.906312	0.906445	0.906579	0.906712	0.906622	0.906532	0.906471	0.90641	0.906154	0.905897	0.905733	0.90557	0.905289	0.905007	0.904919	
0.905401	0.905321	0.905183	0.905045	0.905128	0.905211	0.905167	0.905122	0.905108	0.905093	0.904778	0.904462	0.904076	0.90369	0.903129	0.902568	0.902124	0.90168	0.901288	0.900897	0.900893	0.900889	0.901259	0.901629	0.902137	0.902646	0.902643	0.90264	0.902645	0.90265	0.902532	0.902414	0.902612	0.90281	0.903047	0.903284	0.90328	0.903276	0.90292	0.902564	0.90301	0.903456	0.903881	0.904305	0.904716	0.905126	0.905468	0.905811	0.906186	0.906562	0.906739	0.906916	0.907079	0.907241	0.907153	0.907064	0.906986	0.906908	0.906644	0.90638	0.906217	0.906054	0.905768	0.905481	0.905401	
0.905928	0.905841	0.905725	0.905609	0.90565	0.905692	0.905616	0.90554	0.905382	0.905224	0.90476	0.904296	0.903703	0.903109	0.902414	0.901719	0.901134	0.900549	0.900113	0.899677	0.899737	0.899798	0.90034	0.900882	0.901293	0.901705	0.901524	0.901344	0.901424	0.901505	0.9016	0.901696	0.901773	0.901851	0.901819	0.901787	0.901747	0.901707	0.901314	0.900922	0.901506	0.902091	0.902744	0.903398	0.904028	0.904659	0.90514	0.905622	0.906153	0.906685	0.906954	0.907223	0.907453	0.907684	0.907608	0.907533	0.907467	0.907402	0.907141	0.90688	0.906715	0.906551	0.906283	0.906015	0.905928	
0.906455	0.90636	0.906267	0.906173	0.906173	0.906173	0.906065	0.905957	0.905656	0.905355	0.904743	0.904131	0.90333	0.902529	0.901699	0.90087	0.900144	0.899417	0.898937	0.898458	0.898582	0.898707	0.899421	0.900135	0.90045	0.900764	0.900406	0.900048	0.900204	0.90036	0.900669	0.900978	0.900935	0.900892	0.900591	0.90029	0.900214	0.900138	0.899709	0.89928	0.900003	0.900726	0.901608	0.90249	0.903341	0.904191	0.904812	0.905433	0.90612	0.906807	0.907169	0.90753	0.907828	0.908126	0.908064	0.908002	0.907949	0.907896	0.907638	0.907381	0.907214	0.907047	0.906798	0.906549	0.906455	
0.907062	0.906983	0.906862	0.906741	0.906714	0.906688	0.906453	0.906218	0.905739	0.905259	0.904386	0.903514	0.902582	0.901649	0.900761	0.899873	0.899138	0.898404	0.898008	0.897611	0.897964	0.898317	0.899237	0.900157	0.900158	0.90016	0.899614	0.899069	0.899276	0.899482	0.899835	0.900188	0.899786	0.899384	0.899048	0.898712	0.89872	0.898728	0.898404	0.898079	0.898492	0.898905	0.899959	0.901013	0.90209	0.903168	0.904045	0.904923	0.905828	0.906733	0.907278	0.907822	0.908212	0.908602	0.908581	0.908559	0.908511	0.908462	0.90821	0.907956	0.907797	0.907637	0.907389	0.907141	0.907062	
0.90767	0.907605	0.907457	0.907308	0.907256	0.907204	0.906842	0.906479	0.905821	0.905163	0.90403	0.902896	0.901833	0.90077	0.899823	0.898875	0.898133	0.89739	0.897078	0.896765	0.897346	0.897927	0.899053	0.900178	0.899867	0.899555	0.898823	0.89809	0.898347	0.898605	0.899001	0.899397	0.898637	0.897876	0.897506	0.897135	0.897227	0.897319	0.897099	0.896879	0.896981	0.897084	0.898309	0.899535	0.90084	0.902145	0.903278	0.904412	0.905536	0.906659	0.907387	0.908114	0.908596	0.909079	0.909097	0.909116	0.909072	0.909029	0.908781	0.908532	0.908379	0.908226	0.90798	0.907734	0.90767	
0.908234	0.908161	0.908016	0.90787	0.907721	0.907572	0.907052	0.906533	0.905619	0.904705	0.903455	0.902206	0.901157	0.900109	0.899262	0.898415	0.897805	0.897194	0.897168	0.897142	0.897975	0.898808	0.89982	0.900832	0.900072	0.899312	0.898288	0.897263	0.897228	0.897193	0.897254	0.897314	0.896403	0.895491	0.895391	0.89529	0.895874	0.896457	0.896304	0.89615	0.89579	0.89543	0.896331	0.897232	0.898617	0.900003	0.901457	0.90291	0.904336	0.905762	0.906802	0.907843	0.90854	0.909237	0.909353	0.909469	0.909479	0.90949	0.909259	0.909029	0.908893	0.908757	0.908532	0.908306	0.908234	
0.908798	0.908717	0.908575	0.908433	0.908187	0.90794	0.907263	0.906586	0.905416	0.904246	0.902881	0.901516	0.900482	0.899447	0.898701	0.897955	0.897476	0.896997	0.897257	0.897518	0.898604	0.89969	0.900588	0.901486	0.900278	0.89907	0.897752	0.896435	0.896108	0.895782	0.895506	0.895231	0.894169	0.893107	0.893276	0.893446	0.894521	0.895596	0.895508	0.895421	0.894598	0.893775	0.894352	0.894928	0.896394	0.897861	0.899635	0.901408	0.903137	0.904865	0.906218	0.907572	0.908483	0.909395	0.909608	0.909821	0.909886	0.90995	0.909738	0.909525	0.909406	0.909287	0.909083	0.908879	0.908798	
0.909353	0.909294	0.90911	0.908927	0.908592	0.908257	0.907374	0.906491	0.905186	0.903882	0.902521	0.90116	0.900269	0.899378	0.898767	0.898156	0.897903	0.89765	0.898216	0.898782	0.900087	0.901392	0.902133	0.902873	0.901464	0.900055	0.898492	0.89693	0.895944	0.894958	0.894313	0.893668	0.89272	0.891773	0.891965	0.892157	0.893671	0.895185	0.895392	0.895598	0.894594	0.893591	0.893531	0.893471	0.894692	0.895913	0.897835	0.899758	0.901717	0.903676	0.905337	0.906999	0.908185	0.909372	0.909758	0.910145	0.910265	0.910385	0.910199	0.910012	0.909912	0.909812	0.909612	0.909412	0.909353	
0.909908	0.90987	0.909645	0.90942	0.908997	0.908573	0.907485	0.906396	0.904957	0.903517	0.902161	0.900805	0.900057	0.899309	0.898833	0.898357	0.89833	0.898302	0.899174	0.900046	0.901569	0.903093	0.903677	0.904261	0.902651	0.90104	0.899232	0.897425	0.89578	0.894135	0.89312	0.892104	0.891272	0.890439	0.890653	0.890868	0.892821	0.894775	0.895276	0.895776	0.894591	0.893406	0.89271	0.892015	0.892989	0.893964	0.896036	0.898107	0.900297	0.902487	0.904456	0.906426	0.907887	0.909349	0.909908	0.910468	0.910644	0.91082	0.91066	0.910499	0.910417	0.910336	0.910141	0.909945	0.909908	
0.910317	0.91029	0.910062	0.909834	0.909299	0.908765	0.907553	0.906342	0.904767	0.903192	0.901909	0.900626	0.899966	0.899307	0.898947	0.898587	0.898647	0.898707	0.899614	0.900522	0.90227	0.904019	0.904893	0.905767	0.904736	0.903705	0.902014	0.900324	0.897907	0.895491	0.894226	0.892962	0.892318	0.891674	0.890947	0.89022	0.891751	0.893281	0.894302	0.895323	0.894822	0.89432	0.893474	0.892628	0.893054	0.893481	0.895234	0.896988	0.899135	0.901283	0.903367	0.905452	0.907154	0.908856	0.909623	0.91039	0.910692	0.910994	0.910874	0.910754	0.91071	0.910666	0.910505	0.910343	0.910317	
0.910725	0.910709	0.910478	0.910247	0.909602	0.908957	0.907622	0.906287	0.904577	0.902867	0.901658	0.900448	0.899876	0.899304	0.899061	0.898817	0.898965	0.899112	0.900055	0.900998	0.902971	0.904944	0.906109	0.907274	0.906822	0.906369	0.904796	0.903224	0.900035	0.896846	0.895333	0.89382	0.893364	0.892908	0.89124	0.889573	0.89068	0.891787	0.893328	0.89487	0.895052	0.895235	0.894239	0.893242	0.89312	0.892997	0.894433	0.895869	0.897974	0.900078	0.902278	0.904478	0.906421	0.908363	0.909338	0.910313	0.91074	0.911168	0.911088	0.911008	0.911002	0.910996	0.910869	0.910741	0.910725	
0.911022	0.911038	0.910769	0.910499	0.909777	0.909055	0.907523	0.905992	0.904177	0.902363	0.901103	0.899844	0.899434	0.899024	0.899043	0.899063	0.899321	0.89958	0.900484	0.901388	0.903148	0.904908	0.906661	0.908415	0.909012	0.909609	0.908691	0.907773	0.90424	0.900707	0.898846	0.896985	0.89657	0.896155	0.893485	0.890815	0.890477	0.89014	0.892089	0.894037	0.895382	0.896726	0.89634	0.895953	0.895349	0.894744	0.89562	0.896496	0.898202	0.899907	0.902042	0.904177	0.906218	0.908258	0.909329	0.9104	0.910896	0.911391	0.911313	0.911234	0.911235	0.911236	0.911121	0.911006	0.911022	
0.911319	0.911366	0.911059	0.910752	0.909952	0.909152	0.907424	0.905696	0.903777	0.901858	0.900549	0.899239	0.898991	0.898743	0.899025	0.899308	0.899678	0.900049	0.900913	0.901777	0.903324	0.904871	0.907214	0.909556	0.911202	0.912849	0.912585	0.912322	0.908444	0.904567	0.902358	0.90015	0.899776	0.899402	0.89573	0.892057	0.890275	0.888493	0.890849	0.893205	0.895711	0.898217	0.89844	0.898664	0.897578	0.896492	0.896808	0.897124	0.898429	0.899735	0.901806	0.903876	0.906014	0.908153	0.90932	0.910487	0.911051	0.911614	0.911537	0.91146	0.911468	0.911475	0.911373	0.911271	0.911319	
0.911358	0.911413	0.911109	0.910805	0.909848	0.908892	0.907052	0.905212	0.903189	0.901165	0.899947	0.898729	0.898736	0.898744	0.899503	0.900263	0.901036	0.901808	0.902708	0.903608	0.904687	0.905766	0.907638	0.90951	0.912132	0.914753	0.915207	0.91566	0.912086	0.908511	0.906018	0.903524	0.902606	0.901688	0.897703	0.893718	0.89157	0.889423	0.891741	0.89406	0.89693	0.899799	0.900267	0.900735	0.899422	0.898109	0.897909	0.897708	0.898619	0.89953	0.901561	0.903592	0.905781	0.907969	0.909207	0.910444	0.911029	0.911613	0.911556	0.9115	0.911486	0.911471	0.911387	0.911303	0.911358	
0.911397	0.911459	0.911158	0.910858	0.909745	0.908632	0.90668	0.904727	0.9026	0.900472	0.899345	0.898219	0.898481	0.898744	0.899981	0.901219	0.902393	0.903568	0.904503	0.905438	0.90605	0.906661	0.908063	0.909464	0.913061	0.916658	0.917829	0.918999	0.915727	0.912456	0.909677	0.906899	0.905436	0.903973	0.899675	0.895378	0.892865	0.890352	0.892634	0.894915	0.898148	0.901381	0.902093	0.902806	0.901267	0.899727	0.89901	0.898292	0.898809	0.899325	0.901316	0.903308	0.905547	0.907786	0.909094	0.910401	0.911006	0.911611	0.911575	0.911539	0.911503	0.911468	0.911401	0.911334	0.911397	
0.9113	0.911347	0.910957	0.910566	0.909385	0.908203	0.906195	0.904188	0.902249	0.900311	0.899478	0.898645	0.899434	0.900223	0.902032	0.90384	0.905593	0.907345	0.908327	0.909309	0.909071	0.908833	0.909542	0.910251	0.912671	0.915092	0.91715	0.919208	0.916859	0.914511	0.911603	0.908695	0.906695	0.904695	0.901513	0.89833	0.89651	0.894689	0.896435	0.898181	0.900794	0.903408	0.903583	0.903757	0.90176	0.899763	0.898723	0.897682	0.898298	0.898914	0.901016	0.903119	0.905489	0.907858	0.909228	0.910598	0.911206	0.911814	0.911721	0.911629	0.911568	0.911508	0.91138	0.911253	0.9113	
0.911203	0.911234	0.910755	0.910275	0.909024	0.907773	0.905711	0.903648	0.901899	0.900149	0.89961	0.899071	0.900386	0.901702	0.904082	0.906462	0.908792	0.911121	0.912151	0.913181	0.912093	0.911005	0.911021	0.911037	0.912282	0.913526	0.916471	0.919416	0.917991	0.916566	0.913528	0.91049	0.907954	0.905418	0.90335	0.901282	0.900154	0.899026	0.900236	0.901447	0.903441	0.905435	0.905072	0.904708	0.902254	0.899799	0.898436	0.897072	0.897787	0.898503	0.900717	0.90293	0.90543	0.90793	0.909362	0.910794	0.911406	0.912017	0.911868	0.911718	0.911633	0.911548	0.91136	0.911171	0.911203	
0.910755	0.910673	0.91017	0.909666	0.908398	0.907131	0.905267	0.903404	0.901816	0.900227	0.900003	0.899779	0.901236	0.902693	0.905496	0.9083	0.91113	0.91396	0.9154	0.91684	0.915814	0.914788	0.913618	0.912447	0.912618	0.912788	0.914683	0.916577	0.915976	0.915374	0.91304	0.910706	0.908022	0.905338	0.904674	0.90401	0.903638	0.903266	0.904275	0.905284	0.906909	0.908534	0.908087	0.90764	0.904804	0.901968	0.899728	0.897487	0.897494	0.897501	0.899824	0.902147	0.904781	0.907415	0.908986	0.910558	0.911158	0.911758	0.91166	0.911562	0.911421	0.911281	0.911059	0.910838	0.910755	
0.910308	0.910112	0.909585	0.909058	0.907773	0.906488	0.904824	0.90316	0.901733	0.900305	0.900396	0.900486	0.902085	0.903684	0.906911	0.910139	0.913469	0.916799	0.918649	0.920499	0.919535	0.918572	0.916214	0.913857	0.912954	0.912051	0.912895	0.913739	0.913961	0.914183	0.912552	0.910922	0.90809	0.905258	0.905998	0.906738	0.907121	0.907505	0.908314	0.909122	0.910378	0.911633	0.911103	0.910573	0.907355	0.904137	0.901019	0.897902	0.8972	0.896499	0.898931	0.901363	0.904131	0.906899	0.90861	0.910321	0.910911	0.9115	0.911453	0.911405	0.911209	0.911013	0.910758	0.910504	0.910308	
0.90976	0.909492	0.908882	0.908272	0.907105	0.905939	0.904307	0.902674	0.901289	0.899904	0.899745	0.899587	0.901167	0.902748	0.906176	0.909605	0.913518	0.917431	0.91978	0.922129	0.921142	0.920154	0.917072	0.913989	0.911937	0.909884	0.909491	0.909099	0.909153	0.909207	0.908478	0.907749	0.905665	0.903581	0.905093	0.906605	0.907882	0.90916	0.910773	0.912386	0.913465	0.914544	0.914115	0.913686	0.910154	0.906622	0.902103	0.897585	0.896029	0.894474	0.89683	0.899187	0.902354	0.905521	0.907585	0.909649	0.910506	0.911364	0.911325	0.911285	0.911032	0.910779	0.910403	0.910028	0.90976	
0.909212	0.908872	0.908179	0.907486	0.906438	0.90539	0.903789	0.902189	0.900845	0.899502	0.899094	0.898687	0.900249	0.901812	0.905442	0.909071	0.913567	0.918063	0.920911	0.923759	0.922748	0.921737	0.917929	0.914121	0.910919	0.907716	0.906088	0.904459	0.904346	0.904232	0.904405	0.904577	0.903241	0.901905	0.904188	0.906472	0.908643	0.910815	0.913233	0.915651	0.916552	0.917454	0.917126	0.916798	0.912952	0.909106	0.903187	0.897268	0.894858	0.892448	0.894729	0.897011	0.900577	0.904143	0.90656	0.908976	0.910102	0.911228	0.911197	0.911166	0.910855	0.910544	0.910048	0.909551	0.909212	
0.908266	0.90784	0.907205	0.90657	0.905578	0.904586	0.903194	0.901802	0.900555	0.899308	0.899128	0.898948	0.900648	0.902348	0.906279	0.910211	0.914609	0.919008	0.921304	0.923601	0.921758	0.919914	0.915176	0.910438	0.906788	0.903138	0.901243	0.899348	0.89989	0.900433	0.900855	0.901278	0.90114	0.901003	0.903396	0.905789	0.908554	0.911319	0.914425	0.917532	0.918504	0.919475	0.918837	0.918198	0.914105	0.910012	0.90392	0.897827	0.894836	0.891844	0.893556	0.895268	0.898958	0.902647	0.905478	0.908309	0.909578	0.910847	0.910808	0.910768	0.910296	0.909823	0.909257	0.908691	0.908266	
0.907319	0.906808	0.906232	0.905655	0.904719	0.903783	0.902599	0.901415	0.900264	0.899113	0.899161	0.899209	0.901046	0.902883	0.907117	0.911351	0.915652	0.919952	0.921698	0.923443	0.920767	0.918091	0.912423	0.906755	0.902657	0.89856	0.896398	0.894237	0.895435	0.896633	0.897306	0.897978	0.89904	0.900102	0.902604	0.905106	0.908464	0.911822	0.915618	0.919414	0.920455	0.921497	0.920547	0.919597	0.915258	0.910918	0.904652	0.898387	0.894813	0.89124	0.892383	0.893526	0.897339	0.901152	0.904397	0.907642	0.909054	0.910466	0.910418	0.910371	0.909736	0.909102	0.908466	0.90783	0.907319	
0.90643	0.905905	0.905354	0.904802	0.90415	0.903498	0.902558	0.901618	0.900792	0.899967	0.900158	0.900349	0.902246	0.904143	0.908327	0.912512	0.91656	0.920609	0.921351	0.922093	0.918542	0.91499	0.909034	0.903078	0.899197	0.895315	0.892798	0.890281	0.892526	0.89477	0.896203	0.897636	0.898545	0.899454	0.901993	0.904532	0.908218	0.911904	0.916125	0.920347	0.921523	0.922698	0.921054	0.919411	0.914867	0.910323	0.904589	0.898854	0.895915	0.892977	0.893849	0.894721	0.898034	0.901348	0.90432	0.907291	0.908707	0.910123	0.910043	0.909964	0.909262	0.90856	0.907757	0.906954	0.90643	
0.90554	0.905002	0.904475	0.903949	0.903581	0.903212	0.902516	0.90182	0.901321	0.900821	0.901155	0.901489	0.903445	0.905402	0.909537	0.913673	0.917469	0.921266	0.921004	0.920743	0.916316	0.911889	0.905646	0.899402	0.895737	0.892071	0.889198	0.886325	0.889616	0.892907	0.8951	0.897294	0.89805	0.898807	0.901382	0.903958	0.907971	0.911985	0.916632	0.92128	0.92259	0.923899	0.921561	0.919224	0.914476	0.909727	0.904525	0.899322	0.897018	0.894714	0.895315	0.895916	0.89873	0.901545	0.904242	0.90694	0.90836	0.90978	0.909668	0.909556	0.908787	0.908019	0.907049	0.906079	0.90554	
0.904333	0.903764	0.903444	0.903124	0.903081	0.903038	0.902801	0.902563	0.902176	0.901788	0.901872	0.901956	0.903568	0.905179	0.908825	0.912471	0.916174	0.919877	0.919837	0.919797	0.915537	0.911277	0.905084	0.89889	0.895531	0.892172	0.889979	0.887786	0.892446	0.897106	0.899643	0.90218	0.900797	0.899414	0.901596	0.903777	0.908738	0.913699	0.917913	0.922127	0.922472	0.922818	0.919477	0.916136	0.910969	0.905801	0.901876	0.897951	0.897513	0.897076	0.898228	0.899381	0.901542	0.903702	0.905664	0.907627	0.90848	0.909334	0.909055	0.908776	0.907878	0.90698	0.905941	0.904903	0.904333	
0.903127	0.902526	0.902413	0.902299	0.902582	0.902864	0.903085	0.903305	0.903031	0.902756	0.90259	0.902424	0.90369	0.904956	0.908112	0.911269	0.914878	0.918488	0.91867	0.918852	0.914758	0.910664	0.904522	0.898379	0.895326	0.892273	0.89076	0.889247	0.895276	0.901305	0.904185	0.907066	0.903543	0.900021	0.901809	0.903597	0.909505	0.915413	0.919193	0.922973	0.922355	0.921737	0.917392	0.913048	0.907462	0.901875	0.899228	0.89658	0.898009	0.899438	0.901142	0.902846	0.904353	0.90586	0.907086	0.908313	0.908601	0.908889	0.908442	0.907995	0.906968	0.905941	0.904834	0.903727	0.903127	
0.902272	0.901709	0.9017	0.901691	0.902442	0.903192	0.903836	0.90448	0.904268	0.904056	0.903579	0.903101	0.903588	0.904075	0.906804	0.909533	0.912605	0.915677	0.916004	0.916331	0.912163	0.907994	0.902225	0.896457	0.89442	0.892384	0.89322	0.894056	0.899479	0.904903	0.906217	0.907531	0.904815	0.902098	0.904607	0.907117	0.91268	0.918243	0.92024	0.922236	0.9214	0.920563	0.91672	0.912877	0.907801	0.902725	0.899847	0.896969	0.898251	0.899532	0.9019	0.904268	0.905572	0.906875	0.90771	0.908544	0.908449	0.908353	0.907709	0.907066	0.90607	0.905075	0.903955	0.902835	0.902272	
0.901418	0.900892	0.900988	0.901084	0.902302	0.90352	0.904588	0.905655	0.905506	0.905357	0.904567	0.903778	0.903486	0.903194	0.905496	0.907798	0.910331	0.912865	0.913338	0.913811	0.909567	0.905323	0.899929	0.894535	0.893515	0.892495	0.89568	0.898866	0.903683	0.908501	0.908248	0.907995	0.906086	0.904176	0.907406	0.910637	0.915855	0.921073	0.921287	0.9215	0.920445	0.919389	0.916048	0.912706	0.90814	0.903575	0.900467	0.897359	0.898492	0.899626	0.902657	0.905689	0.90679	0.907891	0.908333	0.908776	0.908296	0.907817	0.906976	0.906136	0.905172	0.904209	0.903076	0.901944	0.901418	
0.900368	0.899999	0.900502	0.901004	0.902708	0.904411	0.905964	0.907517	0.90763	0.907742	0.90673	0.905718	0.905224	0.90473	0.906196	0.907662	0.909125	0.910589	0.910232	0.909876	0.906116	0.902356	0.898226	0.894095	0.893296	0.892497	0.895982	0.899468	0.904253	0.909038	0.909343	0.909649	0.908981	0.908313	0.911151	0.913989	0.917815	0.921641	0.921108	0.920575	0.919329	0.918083	0.914909	0.911735	0.907232	0.90273	0.899809	0.896889	0.89797	0.899051	0.902198	0.905346	0.906718	0.908089	0.908688	0.909286	0.908669	0.908052	0.906911	0.90577	0.904412	0.903054	0.901895	0.900736	0.900368	
0.899318	0.899107	0.900016	0.900924	0.903113	0.905302	0.907341	0.90938	0.909754	0.910128	0.908893	0.907658	0.906962	0.906265	0.906896	0.907526	0.907919	0.908313	0.907127	0.905941	0.902665	0.899389	0.896522	0.893656	0.893078	0.892499	0.896284	0.900069	0.904822	0.909575	0.910438	0.911302	0.911876	0.912449	0.914895	0.917341	0.919775	0.922209	0.920929	0.919649	0.918213	0.916777	0.91377	0.910763	0.906324	0.901885	0.899152	0.89642	0.897448	0.898475	0.901739	0.905003	0.906646	0.908288	0.909042	0.909796	0.909041	0.908287	0.906845	0.905403	0.903651	0.901899	0.900714	0.899528	0.899318	
0.898248	0.897936	0.898769	0.899602	0.901948	0.904295	0.906702	0.909108	0.909953	0.910798	0.909967	0.909137	0.908233	0.907329	0.907339	0.907349	0.907363	0.907377	0.906355	0.905332	0.903148	0.900964	0.897934	0.894903	0.893269	0.891636	0.893891	0.896146	0.902186	0.908227	0.910946	0.913666	0.914289	0.914913	0.916298	0.917682	0.919048	0.920413	0.919089	0.917765	0.915419	0.913073	0.909786	0.906498	0.902121	0.897745	0.895521	0.893297	0.89468	0.896063	0.899682	0.903302	0.905394	0.907487	0.908311	0.909134	0.908517	0.9079	0.906464	0.905028	0.903162	0.901297	0.899929	0.89856	0.898248	
0.897179	0.896765	0.897522	0.898279	0.900783	0.903287	0.906062	0.908837	0.910153	0.911469	0.911042	0.910615	0.909504	0.908392	0.907782	0.907171	0.906807	0.906442	0.905583	0.904724	0.903632	0.902539	0.899345	0.896151	0.893461	0.890772	0.891497	0.892222	0.89955	0.906879	0.911454	0.91603	0.916703	0.917376	0.9177	0.918023	0.91832	0.918616	0.917249	0.915881	0.912625	0.909368	0.905801	0.902234	0.897919	0.893605	0.891889	0.890173	0.891912	0.893651	0.897626	0.9016	0.904143	0.906686	0.907579	0.908472	0.907993	0.907513	0.906083	0.904652	0.902673	0.900695	0.899144	0.897593	0.897179	
0.896147	0.895613	0.896135	0.896657	0.898957	0.901257	0.90432	0.907383	0.90936	0.911336	0.911471	0.911606	0.910915	0.910224	0.909671	0.909118	0.908563	0.908009	0.906676	0.905342	0.904019	0.902696	0.899479	0.896262	0.893923	0.891583	0.892795	0.894006	0.900486	0.906965	0.911289	0.915613	0.915879	0.916145	0.91621	0.916275	0.916452	0.916629	0.915592	0.914555	0.911354	0.908153	0.90443	0.900707	0.896622	0.892537	0.89115	0.889764	0.891788	0.893813	0.897794	0.901776	0.904109	0.906443	0.907148	0.907854	0.907212	0.906571	0.905172	0.903772	0.901807	0.899842	0.898261	0.896681	0.896147	
0.895115	0.89446	0.894748	0.895036	0.897131	0.899226	0.902577	0.905928	0.908566	0.911204	0.9119	0.912597	0.912327	0.912056	0.91156	0.911064	0.91032	0.909576	0.907768	0.905961	0.904407	0.902853	0.899614	0.896374	0.894384	0.892395	0.894093	0.895791	0.901421	0.907051	0.911124	0.915196	0.915055	0.914914	0.914721	0.914527	0.914584	0.914641	0.913935	0.913228	0.910084	0.906939	0.90306	0.899181	0.895325	0.891469	0.890412	0.889354	0.891664	0.893974	0.897963	0.901951	0.904075	0.906199	0.906717	0.907235	0.906432	0.905628	0.90426	0.902893	0.900941	0.898989	0.897379	0.895769	0.895115	
0.894783	0.894046	0.893947	0.893847	0.895314	0.89678	0.899654	0.902527	0.905411	0.908294	0.909687	0.91108	0.911454	0.911829	0.912041	0.912253	0.911887	0.911521	0.909852	0.908182	0.906075	0.903968	0.89974	0.895513	0.893514	0.891515	0.893447	0.895379	0.900039	0.904699	0.908049	0.911399	0.911506	0.911613	0.911487	0.911362	0.911181	0.911001	0.910531	0.910061	0.908182	0.906303	0.903448	0.900593	0.89715	0.893708	0.892416	0.891124	0.893182	0.895239	0.898874	0.902509	0.90437	0.906231	0.906585	0.906939	0.906021	0.905102	0.903695	0.902287	0.900497	0.898707	0.897113	0.895519	0.894783	
0.89445	0.893632	0.893145	0.892658	0.893496	0.894334	0.89673	0.899126	0.902255	0.905385	0.907474	0.909563	0.910582	0.911602	0.912522	0.913442	0.913454	0.913466	0.911935	0.910403	0.907743	0.905082	0.899867	0.894652	0.892644	0.890635	0.892801	0.894968	0.898657	0.902347	0.904974	0.907602	0.907957	0.908311	0.908254	0.908196	0.907779	0.907361	0.907128	0.906894	0.906281	0.905667	0.903836	0.902004	0.898975	0.895947	0.89442	0.892894	0.894699	0.896504	0.899786	0.903068	0.904665	0.906263	0.906453	0.906643	0.90561	0.904576	0.903129	0.901682	0.900053	0.898425	0.896847	0.895269	0.89445	
0.894503	0.893808	0.893189	0.892571	0.892882	0.893194	0.894879	0.896564	0.899318	0.902072	0.904353	0.906633	0.908189	0.909745	0.91096	0.912174	0.912754	0.913333	0.912284	0.911234	0.908532	0.905831	0.900867	0.895903	0.893623	0.891344	0.892579	0.893814	0.896488	0.899161	0.900939	0.902717	0.90364	0.904563	0.904436	0.904309	0.903002	0.901694	0.901285	0.900876	0.90179	0.902705	0.90269	0.902674	0.899869	0.897064	0.895355	0.893645	0.895195	0.896745	0.899953	0.903162	0.904857	0.906552	0.906508	0.906464	0.905145	0.903826	0.902249	0.900673	0.899204	0.897735	0.896467	0.895199	0.894503	
0.894556	0.893984	0.893233	0.892483	0.892269	0.892055	0.893028	0.894002	0.89638	0.898759	0.901231	0.903704	0.905796	0.907889	0.909397	0.910906	0.912053	0.9132	0.912633	0.912065	0.909322	0.906579	0.901866	0.897153	0.894603	0.892053	0.892356	0.892659	0.894318	0.895976	0.896904	0.897832	0.899323	0.900814	0.900618	0.900422	0.898225	0.896028	0.895442	0.894858	0.8973	0.899743	0.901543	0.903344	0.900763	0.898182	0.896289	0.894396	0.895691	0.896985	0.900121	0.903257	0.905049	0.906841	0.906563	0.906285	0.904681	0.903076	0.90137	0.899664	0.898355	0.897045	0.896087	0.895129	0.894556	
0.894896	0.894449	0.893697	0.892945	0.892501	0.892056	0.892515	0.892973	0.894767	0.896562	0.898758	0.900954	0.903007	0.90506	0.906766	0.908472	0.909929	0.911386	0.911479	0.911571	0.909704	0.907837	0.904492	0.901147	0.898773	0.8964	0.895076	0.893752	0.894243	0.894734	0.895428	0.896122	0.897788	0.899454	0.89862	0.897785	0.895541	0.893297	0.892646	0.891995	0.89415	0.896305	0.898646	0.900988	0.899025	0.897063	0.895627	0.894191	0.895737	0.897282	0.900562	0.903841	0.905644	0.907448	0.90677	0.906092	0.904233	0.902375	0.900718	0.89906	0.897982	0.896904	0.896123	0.895342	0.894896	
0.895235	0.894915	0.894161	0.893407	0.892732	0.892058	0.892001	0.891944	0.893154	0.894365	0.896285	0.898205	0.900218	0.902232	0.904135	0.906037	0.907805	0.909572	0.910324	0.911076	0.910085	0.909094	0.907118	0.905142	0.902944	0.900746	0.897795	0.894845	0.894168	0.893491	0.893952	0.894412	0.896253	0.898094	0.896622	0.895149	0.892857	0.890566	0.889849	0.889133	0.890999	0.892867	0.89575	0.898633	0.897288	0.895943	0.894965	0.893986	0.895783	0.89758	0.901002	0.904425	0.90624	0.908055	0.906976	0.905898	0.903786	0.901675	0.900065	0.898456	0.897609	0.896762	0.896159	0.895556	0.895235	
0.895722	0.895486	0.894829	0.894172	0.893485	0.892799	0.89253	0.892262	0.893107	0.893953	0.895511	0.89707	0.898903	0.900735	0.902655	0.904575	0.906665	0.908755	0.90996	0.911165	0.910669	0.910174	0.909142	0.908109	0.907217	0.906325	0.903355	0.900386	0.898401	0.896417	0.895621	0.894826	0.896032	0.897238	0.896223	0.895208	0.893614	0.892019	0.891792	0.891565	0.892469	0.893373	0.894384	0.895394	0.894783	0.894172	0.894208	0.894245	0.89628	0.898315	0.901669	0.905022	0.906654	0.908286	0.906989	0.905693	0.903446	0.9012	0.899678	0.898156	0.897498	0.896841	0.896399	0.895958	0.895722	
0.896209	0.896058	0.895497	0.894936	0.894238	0.89354	0.89306	0.89258	0.89306	0.893541	0.894738	0.895935	0.897587	0.899239	0.901176	0.903113	0.905525	0.907937	0.909595	0.911253	0.911253	0.911254	0.911165	0.911076	0.91149	0.911903	0.908916	0.905928	0.902635	0.899343	0.897291	0.895239	0.89581	0.896382	0.895824	0.895267	0.89437	0.893473	0.893736	0.893998	0.893939	0.893879	0.893018	0.892156	0.892279	0.892401	0.893452	0.894503	0.896777	0.899051	0.902335	0.90562	0.907068	0.908517	0.907002	0.905488	0.903106	0.900725	0.89929	0.897856	0.897388	0.89692	0.89664	0.89636	0.896209	
0.896663	0.896584	0.896088	0.895591	0.894968	0.894345	0.8938	0.893256	0.893591	0.893926	0.894984	0.896041	0.897666	0.899291	0.901434	0.903578	0.906137	0.908697	0.910571	0.912446	0.912355	0.912264	0.912305	0.912346	0.913352	0.914359	0.912203	0.910047	0.90659	0.903133	0.900138	0.897144	0.897111	0.897078	0.89727	0.897462	0.897074	0.896687	0.897591	0.898494	0.897509	0.896523	0.894435	0.892347	0.892492	0.892638	0.894273	0.895909	0.898175	0.900441	0.903424	0.906406	0.907554	0.908702	0.907094	0.905487	0.903106	0.900725	0.899323	0.897922	0.897549	0.897177	0.89696	0.896743	0.896663	
0.897118	0.89711	0.896679	0.896247	0.895698	0.89515	0.894541	0.893933	0.894122	0.894311	0.895229	0.896147	0.897745	0.899343	0.901693	0.904044	0.90675	0.909456	0.911547	0.913639	0.913456	0.913274	0.913445	0.913615	0.915215	0.916814	0.91549	0.914166	0.910544	0.906923	0.902986	0.899049	0.898411	0.897773	0.898715	0.899656	0.899779	0.899902	0.901446	0.902991	0.901079	0.899167	0.895853	0.892538	0.892706	0.892875	0.895095	0.897315	0.899573	0.901832	0.904512	0.907193	0.90804	0.908887	0.907186	0.905485	0.903105	0.900725	0.899356	0.897988	0.897711	0.897434	0.89728	0.897126	0.897118	
0.897531	0.897564	0.897205	0.896847	0.896373	0.895899	0.895291	0.894684	0.894785	0.894886	0.895757	0.896628	0.898313	0.899999	0.902409	0.90482	0.907531	0.910241	0.912206	0.914171	0.913821	0.91347	0.913459	0.913448	0.915019	0.916591	0.915872	0.915153	0.912008	0.908863	0.905436	0.902009	0.901296	0.900583	0.901735	0.902887	0.903167	0.903446	0.90512	0.906795	0.9048	0.902805	0.899649	0.896493	0.896284	0.896076	0.897953	0.899831	0.90176	0.903689	0.905911	0.908134	0.908528	0.908923	0.907111	0.905299	0.903003	0.900707	0.899423	0.898139	0.897923	0.897708	0.897603	0.897498	0.897531	
0.897943	0.898017	0.897732	0.897448	0.897048	0.896648	0.896042	0.895436	0.895449	0.895462	0.896286	0.897109	0.898882	0.900655	0.903126	0.905597	0.908312	0.911026	0.912865	0.914704	0.914185	0.913667	0.913474	0.913281	0.914824	0.916368	0.916254	0.91614	0.913472	0.910804	0.907887	0.904969	0.904181	0.903393	0.904755	0.906118	0.906554	0.90699	0.908794	0.910598	0.90852	0.906442	0.903445	0.900449	0.899863	0.899277	0.900812	0.902347	0.903946	0.905546	0.90731	0.909075	0.909017	0.908959	0.907036	0.905113	0.902901	0.900688	0.89949	0.898291	0.898136	0.897981	0.897926	0.89787	0.897943	
0.898303	0.898397	0.898127	0.897856	0.897523	0.897191	0.896574	0.895957	0.895867	0.895778	0.896434	0.897091	0.898763	0.900435	0.902818	0.905201	0.907841	0.910482	0.912308	0.914133	0.913742	0.91335	0.91306	0.91277	0.913942	0.915113	0.915322	0.91553	0.913575	0.911619	0.909836	0.908053	0.907306	0.906559	0.907887	0.909216	0.90937	0.909525	0.911072	0.91262	0.910823	0.909025	0.906789	0.904552	0.903962	0.903372	0.904503	0.905635	0.90667	0.907704	0.908771	0.909837	0.909279	0.908721	0.90674	0.90476	0.902724	0.900688	0.899609	0.898531	0.898433	0.898336	0.898273	0.89821	0.898303	
0.898663	0.898777	0.898521	0.898264	0.897999	0.897734	0.897106	0.896478	0.896286	0.896093	0.896583	0.897073	0.898643	0.900214	0.902509	0.904804	0.907371	0.909938	0.91175	0.913563	0.913298	0.913032	0.912646	0.91226	0.913059	0.913858	0.91439	0.914921	0.913678	0.912434	0.911786	0.911138	0.910431	0.909724	0.911019	0.912314	0.912186	0.912059	0.91335	0.914641	0.913125	0.911609	0.910132	0.908655	0.908061	0.907466	0.908195	0.908923	0.909393	0.909863	0.910231	0.9106	0.909542	0.908484	0.906445	0.904406	0.902547	0.900688	0.899729	0.898771	0.898731	0.89869	0.89862	0.89855	0.898663	
0.899068	0.899161	0.898929	0.898697	0.898465	0.898232	0.897642	0.897052	0.896785	0.896518	0.896781	0.897045	0.898295	0.899545	0.901479	0.903413	0.90577	0.908128	0.909862	0.911596	0.911683	0.91177	0.91149	0.91121	0.911628	0.912045	0.912686	0.913326	0.91271	0.912093	0.912183	0.912273	0.911747	0.911221	0.912241	0.913261	0.91296	0.91266	0.913744	0.914828	0.913571	0.912313	0.911459	0.910604	0.910137	0.909669	0.910166	0.910664	0.910646	0.910628	0.910433	0.910238	0.908913	0.907588	0.905696	0.903804	0.902224	0.900643	0.899853	0.899063	0.899076	0.899089	0.899032	0.898976	0.899068	
0.899473	0.899545	0.899337	0.899129	0.89893	0.898731	0.898178	0.897626	0.897284	0.896942	0.896979	0.897017	0.897946	0.898876	0.900449	0.902022	0.90417	0.906318	0.907974	0.909629	0.910068	0.910508	0.910334	0.91016	0.910196	0.910232	0.910982	0.911732	0.911742	0.911752	0.91258	0.913408	0.913063	0.912718	0.913463	0.914209	0.913734	0.91326	0.914137	0.915015	0.914016	0.913018	0.912786	0.912554	0.912212	0.911871	0.912138	0.912405	0.911899	0.911393	0.910634	0.909875	0.908283	0.906691	0.904947	0.903202	0.9019	0.900598	0.899976	0.899355	0.899421	0.899488	0.899445	0.899401	0.899473	
0.899892	0.899948	0.89973	0.899511	0.899352	0.899192	0.898657	0.898122	0.897781	0.89744	0.897303	0.897166	0.897789	0.898412	0.899531	0.90065	0.902428	0.904206	0.905697	0.907189	0.907954	0.908718	0.908791	0.908864	0.908808	0.908753	0.909464	0.910175	0.910372	0.910569	0.911634	0.912699	0.912493	0.912287	0.912917	0.913547	0.913006	0.912464	0.913185	0.913906	0.913066	0.912226	0.912288	0.912349	0.912024	0.911698	0.911814	0.91193	0.911184	0.910438	0.909523	0.908608	0.907156	0.905704	0.90427	0.902836	0.901801	0.900765	0.900293	0.899821	0.899912	0.900002	0.899919	0.899836	0.899892	
0.900311	0.900351	0.900122	0.899894	0.899773	0.899652	0.899136	0.898619	0.898278	0.897938	0.897626	0.897315	0.897632	0.897949	0.898613	0.899277	0.900685	0.902093	0.903421	0.904749	0.905838	0.906928	0.907248	0.907567	0.907421	0.907274	0.907946	0.908619	0.909002	0.909386	0.910688	0.911989	0.911923	0.911857	0.912371	0.912886	0.912277	0.911668	0.912233	0.912798	0.912116	0.911434	0.91179	0.912145	0.911835	0.911526	0.91149	0.911454	0.910468	0.909483	0.908411	0.90734	0.906028	0.904716	0.903593	0.90247	0.901701	0.900932	0.90061	0.900288	0.900402	0.900515	0.900393	0.900271	0.900311	
0.900759	0.900765	0.90056	0.900355	0.900251	0.900147	0.899705	0.899263	0.898949	0.898636	0.898307	0.897978	0.898136	0.898295	0.898682	0.899069	0.900067	0.901066	0.902131	0.903196	0.904301	0.905405	0.905826	0.906247	0.906197	0.906148	0.906768	0.907389	0.907858	0.908328	0.90949	0.910652	0.910706	0.91076	0.911213	0.911665	0.911118	0.910571	0.911019	0.911467	0.910825	0.910183	0.910495	0.910807	0.91042	0.910033	0.909924	0.909815	0.908904	0.907994	0.907117	0.90624	0.905236	0.904231	0.903358	0.902484	0.901903	0.901322	0.901088	0.900854	0.900946	0.901038	0.900895	0.900753	0.900759	
0.901207	0.90118	0.900998	0.900816	0.900729	0.900643	0.900275	0.899907	0.89962	0.899333	0.898987	0.898641	0.89864	0.89864	0.89875	0.89886	0.899449	0.900038	0.900841	0.901643	0.902763	0.903883	0.904405	0.904926	0.904974	0.905022	0.90559	0.906158	0.906714	0.90727	0.908293	0.909315	0.909489	0.909663	0.910054	0.910444	0.909959	0.909474	0.909805	0.910136	0.909534	0.908932	0.9092	0.909468	0.909004	0.90854	0.908357	0.908175	0.90734	0.906505	0.905823	0.90514	0.904444	0.903747	0.903122	0.902498	0.902105	0.901713	0.901566	0.90142	0.90149	0.90156	0.901397	0.901234	0.901207	
0.901609	0.901576	0.90138	0.901183	0.901149	0.901114	0.900809	0.900504	0.900279	0.900053	0.8997	0.899348	0.899308	0.899269	0.899278	0.899287	0.899692	0.900098	0.900658	0.901218	0.902137	0.903056	0.903532	0.904008	0.904188	0.904367	0.904933	0.905499	0.906091	0.906684	0.907639	0.908594	0.908767	0.90894	0.909332	0.909724	0.909233	0.908742	0.908982	0.909221	0.90862	0.90802	0.908211	0.908403	0.90793	0.907457	0.90729	0.907122	0.906438	0.905753	0.905266	0.904779	0.904255	0.903732	0.903258	0.902784	0.902519	0.902254	0.902126	0.901998	0.902029	0.902061	0.901852	0.901643	0.901609	
0.902012	0.901973	0.901762	0.901551	0.901568	0.901586	0.901343	0.901101	0.900937	0.900773	0.900414	0.900055	0.899976	0.899897	0.899805	0.899713	0.899935	0.900157	0.900475	0.900792	0.90151	0.902228	0.902659	0.903089	0.903401	0.903713	0.904276	0.904839	0.905468	0.906097	0.906986	0.907874	0.908045	0.908216	0.90861	0.909003	0.908507	0.90801	0.908158	0.908306	0.907707	0.907108	0.907223	0.907338	0.906856	0.906374	0.906222	0.90607	0.905535	0.905	0.904709	0.904417	0.904067	0.903716	0.903393	0.90307	0.902933	0.902796	0.902686	0.902576	0.902568	0.902561	0.902306	0.902051	0.902012	
0.902409	0.902351	0.90217	0.901989	0.902009	0.90203	0.901873	0.901716	0.901605	0.901493	0.901202	0.90091	0.900806	0.900702	0.900592	0.900482	0.900604	0.900727	0.900911	0.901096	0.901607	0.902118	0.902485	0.902852	0.903237	0.903621	0.904173	0.904725	0.905353	0.905982	0.906704	0.907426	0.907588	0.90775	0.908061	0.908372	0.907926	0.90748	0.907523	0.907566	0.907038	0.90651	0.906562	0.906613	0.906217	0.905821	0.90571	0.905599	0.905206	0.904813	0.904614	0.904415	0.90419	0.903966	0.903731	0.903497	0.903432	0.903367	0.903233	0.903099	0.903049	0.902999	0.902732	0.902466	0.902409	
0.902805	0.902729	0.902578	0.902426	0.90245	0.902473	0.902403	0.902332	0.902273	0.902214	0.90199	0.901765	0.901636	0.901508	0.901379	0.90125	0.901273	0.901296	0.901348	0.9014	0.901704	0.902008	0.902311	0.902614	0.903072	0.90353	0.904071	0.904611	0.905239	0.905866	0.906422	0.906978	0.907131	0.907283	0.907512	0.907741	0.907345	0.90695	0.906888	0.906826	0.906369	0.905913	0.9059	0.905887	0.905578	0.905268	0.905198	0.905127	0.904877	0.904626	0.904519	0.904412	0.904314	0.904215	0.904069	0.903924	0.903931	0.903938	0.90378	0.903622	0.903529	0.903436	0.903159	0.902882	0.902805	
0.903195	0.903123	0.902962	0.902801	0.902855	0.902908	0.902847	0.902786	0.902794	0.902802	0.902612	0.902422	0.902318	0.902213	0.902038	0.901863	0.901838	0.901813	0.901788	0.901763	0.901976	0.902189	0.902458	0.902728	0.903215	0.903703	0.904211	0.904719	0.905259	0.9058	0.906176	0.906552	0.906678	0.906803	0.907061	0.907319	0.906966	0.906613	0.906512	0.906412	0.906032	0.905652	0.905654	0.905656	0.905424	0.905192	0.905192	0.905192	0.90504	0.904888	0.904842	0.904796	0.904738	0.904681	0.904576	0.904471	0.904461	0.904451	0.90426	0.904069	0.903959	0.903849	0.903558	0.903267	0.903195	
