y	b	bdiff	u.x	u.y	u.z	Ri	
0	0.0246704	1.84331e-05	0	0	0	1.36216e+06
12.5	0.0493024	3.33393e-07	1.5431e-06	-4.19129e-07	-3.25877e-10	1.05647e+06
25	0.0985988	-5.17919e-06	-1.31285e-05	-1.21039e-05	-1.11741e-05	469627
37.5	0.147967	5.631e-05	0.00128285	-0.000113579	-0.000162207	1.03912e+07
45.4056	0.179245	0.000156492	0.0271459	-9.65125e-05	7.8996e-05	1.79143e+07
48.2912	0.190457	-9.70796e-06	0.0670474	0.000360386	-0.00160066	1.32156e+07
49.9846	0.197104	-3.86499e-05	0.0832516	-5.39926e-05	0.00130459	1.0454e+07
51.5814	0.203414	-3.5575e-05	0.0522522	-0.000396024	-0.00167855	7.85014e+06
53.3987	0.21054	-6.23715e-05	0.0320257	8.4588e-05	-4.98899e-06	4.88721e+06
56.0926	0.221098	-0.000133642	0.0125762	6.58893e-05	0.000382046	499792
59.7199	0.235451	-8.91571e-05	0.000985769	2.40061e-06	7.05188e-05	220556
65.4553	0.258152	-1.37595e-05	0.00011451	0.000218463	-5.04275e-05	184509
73.5136	0.28995	7.57335e-07	-9.97624e-05	-0.000107386	1.22319e-05	337367
81.5718	0.321749	1.57911e-05	1.44964e-06	0.000311821	6.78469e-08	689326
94.0718	0.369747	-1.72541e-05	5.34294e-07	-0.00031539	-1.2684e-08	2.4622e+06
