y	b	bdiff	u.x	u.y	u.z	Ri	
0.0976562	0.00344497	0.000363588	-3.02104e-05	7.94645e-06	-5.9974e-07	1556.24
1.66016	0.00659773	4.97948e-05	0.000242933	-7.75791e-06	6.13091e-06	23574
3.22266	0.0126718	-3.88728e-05	0.000810992	7.65518e-06	1.38629e-05	23491.9
4.78516	0.0189973	0.000123839	0.00131844	-7.32476e-06	1.5587e-05	8761.94
6.34766	0.0251919	0.000155665	0.00203034	7.64497e-06	1.68332e-05	5433.09
7.91016	0.0313418	0.00014284	0.00277451	-6.96272e-06	1.23412e-05	2943
9.47266	0.0374719	0.000110183	0.00340004	8.18351e-06	5.0324e-06	1549.66
11.0352	0.0435816	5.71487e-05	0.00377754	-6.96009e-06	-3.54008e-05	1018.47
12.5977	0.0496937	6.43335e-06	0.00405775	9.33616e-06	-0.000121806	683.423
14.1602	0.0558776	2.76224e-05	0.00427192	-7.94673e-06	-0.000232026	326.234
15.7227	0.0622193	0.000206502	0.00436502	1.22731e-05	-0.000280694	334.382
17.2852	0.0687952	0.000619681	0.00476704	-1.08792e-05	-0.000123445	489.422
18.8477	0.0756527	0.00131439	0.00710477	1.52538e-05	0.00035922	901.778
20.4102	0.0827026	0.00220159	0.0132075	-1.34843e-05	0.00101544	1116.47
21.9692	0.0897254	0.0030751	0.0189991	4.40017e-05	0.00162714	1147.75
23.5317	0.0966689	0.00385588	0.0281514	-3.596e-05	0.00194751	854.406
25.0942	0.103499	0.00452337	0.0447923	4.21477e-05	0.00172479	572.913
26.6562	0.110191	0.00505457	0.0678004	-6.0877e-05	0.0022891	452.33
28.2079	0.116496	0.00523947	0.097087	3.3248e-05	0.00523934	357.657
29.7436	0.121978	0.00466405	0.125256	-1.1412e-05	0.00626143	396.735
31.2681	0.126677	0.00335051	0.148874	-1.76987e-05	0.00475583	821.788
32.7979	0.131218	0.00185794	0.165815	3.25823e-05	0.00245714	781.166
34.3282	0.135784	0.000388136	0.172413	-2.81035e-05	-0.00555836	422.973
35.8228	0.140067	-0.00122403	0.164414	5.22782e-05	-0.00939043	373.48
37.2962	0.144243	-0.00285982	0.144895	7.3768e-05	-0.0101611	257.734
38.7592	0.148679	-0.00419366	0.121746	3.82926e-06	-0.00960906	360.861
40.2065	0.153635	-0.00494656	0.0962123	5.43738e-05	-0.00324817	1186.75
41.6141	0.158906	-0.00522729	0.0675975	0.000171989	0.00250703	3281.12
43.0168	0.164584	-0.00508112	0.0448858	-8.95734e-05	0.00322307	636.245
44.435	0.170778	-0.0044809	0.0239451	5.38019e-05	0.00367416	10016.6
45.8653	0.177287	-0.00361302	0.0109879	2.0581e-05	0.00207783	2762
47.3027	0.183783	-0.00278686	0.00650336	1.14615e-05	0.00117859	2346.79
48.7441	0.190189	-0.00206544	0.00597613	2.01657e-05	0.00095576	1441.7
50.196	0.196543	-0.00143778	0.00480884	-0.000153278	0.00103202	771.284
51.686	0.202946	-0.000912544	0.00256321	2.04853e-05	0.00101318	647.945
53.2378	0.20946	-0.000518588	0.00258058	-6.21105e-07	0.000928239	654.203
54.8003	0.215873	-0.000268248	0.00248069	1.22292e-06	0.00077369	760.221
56.3628	0.222182	-0.000122066	0.00229772	1.55091e-06	0.000621756	867.835
57.9253	0.22842	-4.63739e-05	0.00209038	1.21124e-06	0.00049969	1382.27
59.4878	0.234612	-1.76133e-05	0.00177602	1.07225e-06	0.000388643	3742.64
61.0503	0.24078	-1.26968e-05	0.00143177	8.88405e-07	0.000301513	10135.2
62.6128	0.246938	-1.71475e-05	0.00116576	7.39117e-07	0.000244576	23169.2
64.1753	0.253094	-2.43294e-05	0.000992109	5.78841e-07	0.000201895	19996.5
65.7378	0.259251	-2.98846e-05	0.000882199	6.50853e-07	0.000166921	8492.04
67.3003	0.265412	-3.17026e-05	0.000812907	2.26922e-07	0.000135849	6383.71
68.8628	0.271576	-3.00712e-05	0.000758697	7.71039e-07	0.000109487	6309.12
70.4253	0.277743	-2.63955e-05	0.000709517	-1.65882e-07	8.6617e-05	6545.35
71.9878	0.28391	-2.20962e-05	0.000658808	1.00836e-06	6.80565e-05	8392.2
73.5503	0.290076	-1.81094e-05	0.000607489	-5.87214e-07	5.29355e-05	14628
75.1128	0.296242	-1.49257e-05	0.000555177	1.28771e-06	4.11486e-05	19006.1
76.6753	0.302407	-1.26578e-05	0.000503612	-1.01505e-06	3.19271e-05	20255.3
78.2378	0.308572	-1.12056e-05	0.000452681	1.56508e-06	2.48515e-05	19302.3
79.8003	0.314735	-1.03671e-05	0.000403166	-1.40634e-06	1.93905e-05	20678.5
81.3628	0.320898	-9.92512e-06	0.000354743	1.8257e-06	1.517e-05	121212
82.9253	0.327061	-9.68438e-06	0.000307876	-1.73911e-06	1.18913e-05	117557
84.4878	0.333224	-9.49164e-06	0.000262454	2.04835e-06	9.29481e-06	54971.5
86.0503	0.339387	-9.23707e-06	0.000219042	-2.00363e-06	7.22782e-06	57280.1
87.6128	0.34555	-8.84936e-06	0.000177896	2.22059e-06	5.53878e-06	46459
89.1753	0.351714	-8.28863e-06	0.000139712	-2.1953e-06	4.16e-06	63823.4
90.7378	0.357877	-7.53742e-06	0.000104993	2.33348e-06	3.01324e-06	87281.7
92.3003	0.364041	-6.62361e-06	7.44091e-05	-2.31097e-06	2.08224e-06	83700
93.8628	0.370205	-5.76311e-06	4.85565e-05	2.38136e-06	1.33102e-06	107655
95.4253	0.37637	-3.29876e-06	2.78392e-05	-2.34983e-06	7.46347e-07	300083
96.9878	0.382567	3.12207e-05	1.16496e-05	2.35886e-06	3.60481e-07	636912
98.5503	0.388688	-1.06691e-05	4.68147e-06	-2.31166e-06	1.15204e-07	1.19707e+06
