y	b	Ri	bdiff	u.x	u.y	u.z	
0	0	14623	0.00246297	-0.0224943	0	0.0027041
12.5	0.245836	5743.73	0.0085234	-0.038817	0.000119861	-0.00216473
22.7329	0.42693	16202.1	0.0186676	0.00682332	0.00309415	0.00969613
30.3578	0.568686	1962.59	0.0265599	0.172904	0.00164897	0.0336058
35.3392	0.612363	377.74	0.0134617	0.339498	0.00210267	0.0382861
39.6994	0.684349	298.048	-0.00505674	0.418751	-0.002234	0.0304924
43.6803	0.675435	484.14	-0.0149267	0.299628	-0.00317083	0.0411247
47.7493	0.762299	403.711	-0.0165631	0.104887	-0.00147998	0.0397481
52.4581	1.05348	528.577	-0.0165087	-0.109367	0.000869878	0.0269844
58.5326	1.18757	1243.68	-0.0103689	-0.183625	0.00490287	0.0186448
66.1576	1.39185	3778.1	-0.00660663	0.0622864	-0.00393856	0.036365
76.1576	1.6399	2563.87	-0.00799736	0.0545698	-0.00418804	0.0186255
88.6576	1.82379	8663.63	-0.00476873	0.00496897	0.000995689	0.00167378
