y	b	Ri	bdiff	u.x	u.y	u.z	
0	0	35234.3	-0.00012764	-0.00266989	0	0.000250278
12.5	0.245827	23559.1	0.000778305	-0.00827785	8.36604e-05	0.000954622
23.16	0.472392	8204.85	0.00745051	0.00888084	0.00150518	0.000735768
31.1409	0.425893	4882.65	0.0119033	0.0722443	-0.00258447	-0.00271741
35.5011	0.502004	4441.51	0.00510414	0.0599294	-0.000120199	0.000625848
40.0894	0.490136	4013.15	-0.00435731	0.0903263	-0.00210098	-0.000378058
44.566	0.477127	2876.66	-0.00799113	0.0907654	-0.00355837	0.00217293
49.3226	0.699074	2496.61	-0.00898738	0.0537662	-0.00115184	-0.00358192
54.3605	1.16497	3303.88	-0.00642415	0.00681483	0.00598221	-0.00679812
61.5586	1.32886	14209.3	-0.00198781	-0.0176314	0.000461814	-0.00812055
69.8632	1.50558	44096.6	-0.000725102	0.0063016	-0.00148924	0.000232173
80.0167	1.7316	54954.3	-0.000354663	0.00154982	0.000855756	-0.000392172
92.5167	2.00248	53793.2	-1.01916e-05	0.000181515	-0.000911179	-2.50497e-05
