y	b	Ri	bdiff	u.x	u.y	u.z	
0	0	19438.5	0.00224511	-0.0207107	0	0.000357021
12.5	0.240643	17542.2	0.00766305	-0.0288814	2.37976e-05	0.00032666
23.2521	0.463671	3454.4	0.0203213	0.011937	0.00274538	0.0105288
31.39	0.561568	350.104	0.0259057	0.203935	-0.000370697	0.0303609
36.5064	0.582408	1171.85	0.00739025	0.340314	-7.81732e-05	0.0222186
41.1842	0.596829	437.146	-0.0101983	0.351803	-0.00458056	0.0259987
45.2232	0.66715	221.716	-0.0153177	0.225702	-0.000211619	0.033248
49.826	0.812428	838.279	-0.0139939	0.0398802	-0.00131984	0.0258743
54.7172	1.13667	543.526	-0.0127533	-0.162558	0.00567942	0.00988774
61.3691	1.21158	1070.65	-0.00829894	-0.100072	0.00374146	0.0223763
68.9284	1.34064	2053.51	-0.00575461	0.107689	0.00023554	0.0325029
78.1341	1.6045	2197.31	-0.00747271	0.0369867	-0.00603089	0.0117647
90.6341	1.83525	18798.5	-0.00344453	0.00188095	0.00429512	0.000297452
