y	b	u.x	u.y	u.z	
0.195312	0.00147218	8.98284e-09	-8.97973e-05	5.86103e-10
2.21157	0.0166699	1.01715e-07	-0.0010168	6.63658e-09
4.22782	0.0318676	2.16476e-07	-0.000929493	9.89218e-09
6.24408	0.0470653	3.49483e-07	-2.08199e-06	1.08329e-08
8.26034	0.062263	4.8249e-07	0.000925329	1.17736e-08
10.2766	0.0774607	6.31603e-07	0.00102293	1.61168e-08
12.2928	0.0926584	8.00627e-07	9.46206e-05	2.46668e-08
14.3091	0.107856	9.69651e-07	-0.000833691	3.32167e-08
16.3254	0.123054	1.30157e-06	-0.00111652	4.73651e-08
18.3416	0.138251	1.93954e-06	-0.000186564	7.20324e-08
20.3579	0.153449	2.57752e-06	0.000743391	9.66997e-08
22.3741	0.168647	3.16961e-06	0.00121241	1.16561e-07
24.3904	0.183845	3.62225e-06	0.000280377	1.21813e-07
26.4066	0.199042	4.07489e-06	-0.000651652	1.27066e-07
28.4229	0.21424	4.72057e-06	-0.00130786	1.46698e-07
30.4392	0.229438	6.47975e-06	-0.000373078	2.49274e-07
32.4554	0.244635	8.23894e-06	0.000561708	3.5185e-07
34.4717	0.259833	1.00084e-05	0.00140671	4.49963e-07
36.4879	0.275031	1.19822e-05	0.000468779	4.59458e-07
38.5042	0.290229	1.39561e-05	-0.000469151	4.68953e-07
40.5204	0.305427	1.59299e-05	-0.00140708	4.78448e-07
42.5367	0.320625	2.17097e-05	-0.000562743	8.23152e-07
44.5529	0.335823	2.76978e-05	0.000379081	1.18619e-06
46.5692	0.351021	3.36858e-05	0.00132091	1.54923e-06
48.5855	0.366219	4.54472e-05	0.000660972	1.51054e-06
50.6017	0.381418	5.82407e-05	-0.000285323	1.40002e-06
52.618	0.396616	7.10343e-05	-0.00123162	1.28951e-06
54.6342	0.411816	9.34205e-05	-0.000757069	1.63908e-06
56.6505	0.427015	0.000119029	0.000194817	2.14323e-06
58.6667	0.442215	0.000144638	0.0011467	2.64737e-06
60.683	0.457416	0.000223182	0.000859182	8.9935e-08
62.6993	0.472616	0.00033039	-9.94607e-05	-4.12529e-06
64.7155	0.487817	0.000437598	-0.0010581	-8.34052e-06
66.7318	0.50302	0.000534681	-0.000959617	-8.20904e-06
68.748	0.518225	0.000623445	7.57235e-06	-4.50561e-06
70.7643	0.533429	0.000712208	0.000974762	-8.02174e-07
72.7805	0.548637	0.000565838	0.00107922	-2.02261e-05
74.7968	0.563847	0.000131053	0.00012546	-6.8018e-05
76.813	0.579072	-0.000247835	-0.00087835	-0.000138288
78.8293	0.594297	-0.000833833	-0.00113075	-0.000151974
80.8456	0.609575	-0.00179983	-0.00017934	-0.000169389
82.8618	0.62484	-0.00329587	0.000824193	-0.0002153
84.8781	0.640126	-0.00181262	0.00121884	-0.000183705
86.8943	0.655341	0.00380909	0.000179048	-9.19534e-05
88.9106	0.670542	0.00776331	-0.000508105	-0.000276788
90.9268	0.685807	0.0185655	-0.001402	-0.000397191
92.9431	0.700814	0.034982	-0.000360869	0.00028618
94.9593	0.715795	0.0555036	0.000514328	-0.000106462
96.9756	0.730689	0.0528135	5.31101e-05	-7.67581e-06
98.9919	0.745853	0.0341314	-0.000250826	0.000968729
101.008	0.761049	0.0145985	0.000200969	0.000476624
103.024	0.776105	-0.00042766	0.000960752	0.000238735
105.041	0.791368	-0.00211573	0.000645075	-9.59665e-05
107.057	0.806655	-0.000803432	-0.000474375	3.9305e-05
109.073	0.821946	-0.000488264	-0.00132817	-4.14405e-05
111.089	0.837188	-0.000165086	-0.000686069	-4.45772e-05
113.106	0.852438	0.000318734	0.000289604	-2.39958e-05
115.122	0.86768	0.000732524	0.00123495	-7.88923e-06
117.138	0.882896	0.000742894	0.000764931	-3.99808e-06
119.154	0.898103	0.000619137	-0.000175662	-4.16825e-06
121.171	0.913311	0.00049538	-0.00111626	-4.33841e-06
123.187	0.928513	0.000374649	-0.000841722	-3.0456e-06
125.203	0.943714	0.000255543	8.51611e-05	-9.67371e-07
127.219	0.958914	0.000136436	0.00101204	1.11085e-06
129.236	0.974114	8.54157e-05	0.000924202	1.9373e-06
131.252	0.989314	8.99051e-05	9.06082e-06	1.74317e-06
133.268	1.00451	9.43944e-05	-0.000906081	1.54905e-06
135.284	1.01971	8.43601e-05	-0.00100033	1.32247e-06
137.301	1.03491	5.66511e-05	-9.56071e-05	1.0564e-06
139.317	1.05011	2.89421e-05	0.00080912	7.90324e-07
141.333	1.06531	1.26294e-05	0.00108136	6.21144e-07
143.349	1.08051	1.73641e-05	0.000185505	6.30914e-07
145.366	1.0957	2.20989e-05	-0.000710355	6.40684e-07
147.382	1.1109	2.37328e-05	-0.00115764	5.96079e-07
149.398	1.1261	1.61362e-05	-0.000269626	3.89614e-07
151.415	1.1413	8.53961e-06	0.00061839	1.83149e-07
153.431	1.1565	2.34557e-06	0.00123805	2.09978e-08
155.447	1.17169	3.99717e-06	0.000356526	1.06729e-07
157.463	1.18689	5.64878e-06	-0.000524993	1.9246e-07
159.48	1.20209	7.10906e-06	-0.00131539	2.68494e-07
161.496	1.21729	5.07089e-06	-0.000439523	1.67211e-07
163.512	1.23248	3.03273e-06	0.000436344	6.59275e-08
165.528	1.24768	9.94568e-07	0.00131221	-3.53555e-08
167.545	1.26288	1.28529e-06	0.000524639	1.80216e-10
169.561	1.27808	1.69332e-06	-0.000346718	4.26073e-08
171.577	1.29327	2.10134e-06	-0.00121808	8.50344e-08
173.593	1.30847	1.65591e-06	-0.000607423	6.43531e-08
175.61	1.32367	1.06251e-06	0.000260175	3.27303e-08
177.626	1.33887	4.69116e-07	0.00112777	1.10758e-09
179.642	1.35407	3.85518e-07	0.00069182	-8.76505e-10
181.658	1.36926	4.69651e-07	-0.000173017	6.89096e-09
183.675	1.38446	5.53785e-07	-0.00103785	1.46584e-08
185.691	1.39966	4.64294e-07	-0.000775196	1.46707e-08
187.707	1.41486	2.82391e-07	8.75776e-05	1.05552e-08
189.723	1.43005	1.00487e-07	0.000950351	6.43975e-09
191.74	1.44525	1.86799e-08	0.000859822	3.02711e-09
193.756	1.46045	1.78381e-08	-1.81584e-06	1.82992e-10
195.772	1.47565	1.69963e-08	-0.000863454	-2.66113e-09
197.788	1.49084	1.65358e-08	-0.000944613	-4.2168e-09
199.805	1.50604	1.65358e-08	-8.34303e-05	-4.2168e-09
