x=200	y=80	z=200	n=65	len=1
b
0.603888	0.603801	0.603732	0.603679	0.603644	0.603625	0.603622	0.603637	0.603669	0.603718	0.603788	0.603877	0.603988	0.604123	0.604284	0.604472	0.60469	0.604941	0.605226	0.605549	0.605905	0.606293	0.606697	0.607105	0.607481	0.607811	0.608061	0.60825	0.608373	0.608483	0.608547	0.608618	0.608645	0.608652	0.608702	0.608783	0.608962	0.609243	0.609703	0.610366	0.611414	0.61311	0.615325	0.617012	0.61716	0.616006	0.614247	0.612205	0.610373	0.609118	0.608263	0.607564	0.60697	0.606476	0.606055	0.605687	0.605365	0.605083	0.604836	0.604618	0.604427	0.604261	0.604116	0.603992	0.603888	
0.603934	0.603841	0.603766	0.603708	0.603669	0.603645	0.60364	0.603651	0.603681	0.603729	0.603799	0.60389	0.604005	0.604146	0.604317	0.604521	0.604762	0.605046	0.605376	0.605759	0.606193	0.606677	0.607197	0.607723	0.608189	0.608549	0.608756	0.608834	0.608813	0.608766	0.608713	0.608696	0.608694	0.608727	0.608828	0.608998	0.609297	0.609768	0.6105	0.611621	0.613587	0.616607	0.619727	0.621531	0.621147	0.619394	0.617609	0.615572	0.613008	0.610679	0.609205	0.608257	0.607492	0.606867	0.606358	0.605928	0.605558	0.60524	0.604964	0.604724	0.604516	0.604336	0.60418	0.604047	0.603934	
0.60399	0.603889	0.603808	0.603744	0.6037	0.603672	0.603663	0.603672	0.6037	0.603748	0.603818	0.603912	0.604033	0.604184	0.60437	0.604597	0.604872	0.605203	0.6056	0.606076	0.60664	0.607299	0.608031	0.608782	0.60944	0.609888	0.610037	0.609923	0.609651	0.609365	0.609131	0.608997	0.608945	0.608977	0.609114	0.609364	0.609796	0.61047	0.611481	0.613088	0.615725	0.61896	0.621549	0.62282	0.622001	0.619842	0.618477	0.617588	0.615788	0.613012	0.610551	0.609093	0.608126	0.607347	0.606722	0.606217	0.60579	0.605427	0.605117	0.604851	0.604623	0.604426	0.604257	0.604112	0.603991	
0.604055	0.603945	0.603856	0.603786	0.603736	0.603703	0.603691	0.603697	0.603723	0.603771	0.603844	0.603943	0.604071	0.604235	0.604441	0.604698	0.605016	0.605411	0.605902	0.606517	0.607286	0.608231	0.609334	0.61052	0.611542	0.612099	0.612076	0.611632	0.610969	0.610291	0.609767	0.609461	0.609334	0.609353	0.609517	0.609848	0.61042	0.611263	0.612431	0.614089	0.61616	0.618014	0.61952	0.620577	0.619881	0.617758	0.616798	0.617194	0.617078	0.615294	0.612366	0.610095	0.60883	0.607896	0.60714	0.606545	0.606054	0.605642	0.605293	0.604997	0.604744	0.604529	0.604344	0.604187	0.604055	
0.604128	0.604008	0.60391	0.603833	0.603777	0.60374	0.603723	0.603726	0.603751	0.6038	0.603874	0.603979	0.604117	0.604296	0.604526	0.604818	0.605191	0.605668	0.606284	0.607097	0.608167	0.609563	0.611331	0.6132	0.614488	0.614732	0.614088	0.613088	0.612108	0.611249	0.610527	0.610033	0.609817	0.609818	0.610013	0.610432	0.611114	0.612014	0.612993	0.613791	0.61395	0.613664	0.614166	0.615308	0.615532	0.614493	0.614089	0.615221	0.616746	0.616637	0.614092	0.611259	0.609544	0.608478	0.607601	0.606905	0.606344	0.605878	0.605487	0.605159	0.60488	0.604644	0.604443	0.604272	0.604128	
0.604207	0.604077	0.60397	0.603885	0.603822	0.603779	0.603758	0.603759	0.603782	0.60383	0.603908	0.604018	0.604166	0.604363	0.604619	0.604952	0.605387	0.605962	0.606737	0.607804	0.609285	0.611377	0.614008	0.616277	0.617095	0.616284	0.614494	0.612703	0.611551	0.611022	0.610735	0.610476	0.610318	0.610337	0.610577	0.61107	0.611795	0.612534	0.612812	0.611933	0.609667	0.607464	0.607161	0.608653	0.610472	0.611167	0.611517	0.61293	0.615745	0.617079	0.615176	0.612332	0.610222	0.609044	0.608083	0.607285	0.606649	0.606129	0.605695	0.605333	0.605027	0.604768	0.604549	0.604364	0.604207	
0.604293	0.604151	0.604035	0.603941	0.603871	0.603822	0.603796	0.603793	0.603815	0.603863	0.603943	0.604058	0.604217	0.604431	0.604715	0.60509	0.605593	0.606275	0.607231	0.60859	0.610591	0.613448	0.616523	0.618299	0.61798	0.615912	0.612925	0.610274	0.608935	0.60893	0.609623	0.610265	0.610601	0.610821	0.611144	0.611701	0.612358	0.612655	0.61181	0.609001	0.604801	0.60158	0.600743	0.602387	0.605408	0.607482	0.608683	0.610619	0.614481	0.616902	0.615617	0.613006	0.610775	0.609538	0.608549	0.607671	0.606961	0.606388	0.605913	0.605516	0.605183	0.604902	0.604664	0.604463	0.604293	
0.604384	0.60423	0.604104	0.604001	0.603923	0.603868	0.603836	0.603829	0.603848	0.603895	0.603977	0.604097	0.604266	0.604496	0.604805	0.605222	0.60579	0.606578	0.607706	0.609357	0.611832	0.615052	0.617721	0.618411	0.616962	0.61397	0.610279	0.607056	0.605476	0.605744	0.60725	0.609091	0.610409	0.611112	0.611622	0.612212	0.612654	0.612316	0.610262	0.605917	0.600796	0.597586	0.596767	0.598077	0.600961	0.603536	0.605528	0.608097	0.612782	0.616066	0.615309	0.613076	0.611072	0.609922	0.608963	0.608039	0.607267	0.606646	0.606133	0.605704	0.605345	0.605042	0.604785	0.604568	0.604384	
0.604481	0.604315	0.604177	0.604065	0.603978	0.603915	0.603878	0.603866	0.603881	0.603927	0.604009	0.604133	0.604309	0.604552	0.604883	0.605335	0.605959	0.606836	0.608102	0.609964	0.612586	0.615444	0.617111	0.616701	0.614392	0.610954	0.607393	0.604554	0.602981	0.602904	0.604511	0.607241	0.609678	0.611111	0.611908	0.612453	0.612528	0.611533	0.60859	0.60359	0.598825	0.596715	0.596336	0.596595	0.597827	0.5998	0.602269	0.605498	0.610792	0.614358	0.613908	0.61242	0.611056	0.61018	0.609308	0.60837	0.607557	0.606895	0.606351	0.605895	0.605511	0.605187	0.604912	0.604679	0.604482	
0.604584	0.604404	0.604254	0.604132	0.604036	0.603965	0.60392	0.603903	0.603913	0.603956	0.604037	0.604163	0.604343	0.604596	0.604943	0.605418	0.606079	0.607014	0.608358	0.610264	0.612567	0.614471	0.614962	0.613667	0.610969	0.607842	0.605292	0.603709	0.602706	0.602057	0.602692	0.605286	0.608523	0.610711	0.611713	0.611978	0.611499	0.609961	0.606905	0.60281	0.600138	0.599991	0.599659	0.59784	0.59636	0.59684	0.599263	0.603042	0.608319	0.611399	0.611376	0.611104	0.610744	0.610311	0.609571	0.608647	0.607815	0.60713	0.606563	0.606085	0.605681	0.605337	0.605045	0.604796	0.604584	
0.604691	0.604498	0.604336	0.604202	0.604096	0.604016	0.603963	0.603939	0.603944	0.603983	0.604061	0.604186	0.604367	0.604624	0.604978	0.605464	0.60614	0.607089	0.608433	0.610204	0.611871	0.612594	0.611989	0.610246	0.607917	0.605886	0.604695	0.604181	0.603866	0.603171	0.602685	0.604068	0.60716	0.609708	0.610558	0.610143	0.608941	0.607345	0.605759	0.604345	0.604342	0.604861	0.603116	0.599299	0.595537	0.594582	0.596821	0.600814	0.60492	0.607084	0.608231	0.60949	0.610244	0.610325	0.609735	0.608857	0.608035	0.607346	0.606766	0.606274	0.605853	0.605492	0.605183	0.604918	0.604692	
0.604806	0.604598	0.604422	0.604276	0.604159	0.604069	0.604008	0.603975	0.603974	0.604006	0.60408	0.6042	0.60438	0.604634	0.604986	0.605469	0.606134	0.607055	0.608324	0.60985	0.610816	0.610415	0.608899	0.607218	0.605983	0.605379	0.605205	0.605121	0.605119	0.604855	0.604056	0.60399	0.605877	0.607936	0.608197	0.606957	0.605372	0.60493	0.606022	0.607415	0.608201	0.606724	0.602958	0.598276	0.593693	0.592458	0.594936	0.59828	0.600577	0.602526	0.605348	0.60801	0.609707	0.610253	0.60981	0.609005	0.60822	0.607543	0.606963	0.606463	0.606029	0.605654	0.605329	0.605048	0.604806	
0.604928	0.604704	0.604514	0.604354	0.604225	0.604124	0.604052	0.604011	0.604002	0.604027	0.604093	0.604207	0.60438	0.604627	0.604968	0.605435	0.606071	0.606929	0.608075	0.609337	0.609714	0.608439	0.606212	0.604863	0.605027	0.605732	0.606171	0.606096	0.605875	0.605773	0.605138	0.604189	0.604554	0.605479	0.605005	0.603456	0.602506	0.603993	0.607162	0.60974	0.60921	0.604225	0.598783	0.594785	0.591223	0.591003	0.593689	0.595408	0.596504	0.599298	0.603392	0.606912	0.609245	0.61012	0.609811	0.609094	0.608369	0.607723	0.607154	0.606653	0.606212	0.605824	0.605484	0.605186	0.604928	
0.60506	0.604818	0.604612	0.604437	0.604294	0.604181	0.604098	0.604046	0.604028	0.604045	0.604103	0.604208	0.604371	0.604605	0.60493	0.60537	0.605962	0.606733	0.607733	0.608776	0.608791	0.606982	0.604259	0.603134	0.604385	0.606191	0.607163	0.606985	0.606199	0.605512	0.604649	0.603341	0.602714	0.602819	0.602614	0.60202	0.602157	0.604652	0.608167	0.610187	0.606716	0.598566	0.593096	0.591594	0.590995	0.592033	0.593976	0.593928	0.594543	0.598002	0.602473	0.606363	0.609017	0.610033	0.609804	0.609165	0.608508	0.607903	0.607353	0.606856	0.606409	0.606009	0.605652	0.605336	0.60506	
0.605203	0.604942	0.604717	0.604525	0.604367	0.60424	0.604145	0.604082	0.604054	0.604061	0.604108	0.604202	0.604353	0.604571	0.604873	0.605279	0.605817	0.606493	0.607342	0.608219	0.608113	0.606138	0.603116	0.601836	0.603548	0.606261	0.607916	0.607673	0.605975	0.604081	0.60281	0.601957	0.601516	0.601891	0.602882	0.603491	0.604017	0.606049	0.608648	0.60919	0.602793	0.594184	0.590284	0.590253	0.592672	0.595203	0.596435	0.595326	0.595103	0.598119	0.602447	0.606395	0.609063	0.610021	0.60979	0.609212	0.608632	0.608082	0.607562	0.607075	0.606624	0.606211	0.605836	0.6055	0.605203	
0.605362	0.605077	0.604831	0.60462	0.604445	0.604303	0.604195	0.604119	0.60408	0.604076	0.604113	0.604194	0.604331	0.604531	0.604808	0.605178	0.605661	0.606253	0.606964	0.6077	0.607657	0.605848	0.602698	0.600858	0.602292	0.60555	0.607948	0.607688	0.605067	0.602558	0.601839	0.601851	0.601817	0.602797	0.604673	0.605816	0.60608	0.606921	0.608505	0.607768	0.600682	0.594606	0.591886	0.589795	0.592413	0.597011	0.599751	0.598936	0.597211	0.598891	0.603009	0.607008	0.609627	0.610408	0.609991	0.609336	0.608779	0.608284	0.607803	0.607329	0.606872	0.606442	0.606045	0.605684	0.605362	
0.605537	0.605225	0.604954	0.604722	0.604527	0.604369	0.604246	0.604157	0.604105	0.604091	0.604116	0.604184	0.604306	0.604487	0.60474	0.605075	0.605508	0.60603	0.606629	0.607235	0.607349	0.605953	0.602906	0.600278	0.600739	0.603956	0.607027	0.607289	0.604551	0.602059	0.601608	0.60156	0.601529	0.602882	0.604818	0.606051	0.606471	0.606733	0.60785	0.606415	0.600305	0.597864	0.597019	0.592828	0.591773	0.595788	0.601517	0.603094	0.600392	0.599726	0.603074	0.607339	0.610311	0.611272	0.610682	0.609711	0.608995	0.608507	0.608074	0.607623	0.60716	0.606708	0.606282	0.60589	0.605537	
0.605734	0.605389	0.605089	0.604831	0.604616	0.604439	0.604301	0.604198	0.604134	0.604108	0.604122	0.604178	0.604287	0.604451	0.604683	0.604988	0.605382	0.605845	0.606375	0.606887	0.60715	0.606272	0.603624	0.600367	0.599286	0.6015	0.604936	0.606474	0.604644	0.601804	0.600362	0.599983	0.600198	0.600982	0.601985	0.603452	0.604797	0.605484	0.606511	0.60496	0.599995	0.599827	0.601612	0.599806	0.596573	0.59488	0.599863	0.60658	0.606587	0.603275	0.603536	0.607011	0.610549	0.612174	0.611697	0.610363	0.609342	0.608813	0.608413	0.60798	0.607505	0.607022	0.606556	0.606124	0.605734	
0.605953	0.605568	0.605234	0.604948	0.604709	0.604512	0.604358	0.604241	0.604164	0.604126	0.60413	0.604176	0.604273	0.604421	0.604638	0.604922	0.605293	0.605726	0.606238	0.606727	0.60708	0.606656	0.604626	0.601331	0.59862	0.598724	0.601313	0.604057	0.604289	0.601692	0.599214	0.598555	0.598393	0.596699	0.596105	0.59895	0.60195	0.603313	0.604104	0.602625	0.597978	0.597304	0.600481	0.603534	0.605154	0.599056	0.59668	0.606013	0.61297	0.612207	0.610168	0.610553	0.611558	0.611636	0.610828	0.609922	0.60942	0.609179	0.608856	0.608416	0.607914	0.607389	0.606873	0.60639	0.605953	
0.606196	0.605763	0.60539	0.605073	0.604808	0.604591	0.604419	0.604288	0.6042	0.604151	0.604146	0.604184	0.604273	0.604413	0.604625	0.604901	0.605276	0.605713	0.606278	0.606823	0.607549	0.607443	0.605562	0.602642	0.599375	0.597412	0.598165	0.600456	0.602291	0.601512	0.598253	0.595998	0.594474	0.592491	0.593077	0.596682	0.599603	0.600682	0.600745	0.599032	0.595084	0.593556	0.596166	0.601856	0.609867	0.606115	0.596245	0.601085	0.612387	0.61697	0.61611	0.61359	0.610856	0.608916	0.608173	0.608549	0.609273	0.609542	0.609367	0.608942	0.608407	0.607822	0.607237	0.606689	0.606196	
0.60646	0.605972	0.605555	0.605203	0.604911	0.604671	0.604482	0.604337	0.604237	0.604179	0.604167	0.6042	0.604285	0.604421	0.604636	0.604922	0.605328	0.605822	0.606554	0.607466	0.609919	0.610142	0.606366	0.603193	0.600827	0.600734	0.608877	0.60363	0.598567	0.600092	0.59769	0.592947	0.588667	0.589174	0.594293	0.598336	0.599669	0.599531	0.598996	0.597692	0.595586	0.594521	0.595571	0.60123	0.610909	0.61048	0.597984	0.596093	0.606208	0.612774	0.613575	0.611043	0.608123	0.606627	0.606793	0.608097	0.609331	0.609842	0.609883	0.609566	0.609002	0.608327	0.60765	0.607021	0.60646	
0.60674	0.606191	0.605727	0.605338	0.605017	0.604756	0.604549	0.604391	0.604282	0.604217	0.604201	0.604233	0.604321	0.604466	0.604701	0.605019	0.605487	0.606089	0.60712	0.608717	0.612097	0.611168	0.604542	0.603257	0.604542	0.601352	0.64827	0.642812	0.599666	0.598068	0.597634	0.592986	0.586951	0.585575	0.589231	0.594523	0.598954	0.600391	0.599758	0.598081	0.59755	0.59815	0.599204	0.604551	0.611812	0.61032	0.598458	0.593745	0.601517	0.608408	0.610382	0.609277	0.607495	0.606717	0.607085	0.608141	0.609129	0.609875	0.61033	0.610256	0.609691	0.6089	0.608104	0.607378	0.60674	
0.607029	0.606415	0.605901	0.605474	0.605124	0.60484	0.604617	0.604447	0.604329	0.60426	0.604242	0.604276	0.60437	0.604529	0.60479	0.605143	0.605681	0.606412	0.607904	0.612955	0.620864	0.617388	0.607583	0.641921	0.666313	0.642083	0.673458	0.683518	0.67931	0.608024	0.598256	0.595666	0.590925	0.586327	0.583366	0.584502	0.58926	0.593201	0.592943	0.590146	0.591391	0.596268	0.601821	0.608192	0.611523	0.607052	0.597222	0.593778	0.600209	0.606992	0.60985	0.609473	0.607895	0.607048	0.606949	0.607378	0.608285	0.609526	0.610566	0.610892	0.610427	0.60953	0.608589	0.60775	0.607029	
0.607308	0.606633	0.606071	0.605607	0.605229	0.604925	0.604687	0.604508	0.604385	0.604315	0.604301	0.604344	0.604454	0.604644	0.604948	0.605374	0.606059	0.607212	0.611246	0.628413	0.64562	0.63869	0.65813	0.692767	0.683959	0.687352	0.667627	0.68465	0.688575	0.638488	0.601358	0.598883	0.595987	0.591852	0.586416	0.581885	0.580377	0.580789	0.579548	0.577442	0.580387	0.589751	0.601779	0.609951	0.610338	0.603979	0.595967	0.594776	0.600998	0.607366	0.610273	0.609599	0.607427	0.605867	0.60516	0.605452	0.606773	0.608718	0.610466	0.611318	0.611078	0.610142	0.609064	0.608112	0.607308	
0.607569	0.606838	0.606231	0.605733	0.60533	0.605007	0.604756	0.604569	0.604443	0.604375	0.604368	0.604425	0.604556	0.604782	0.605131	0.605645	0.606568	0.609205	0.621809	0.652145	0.673175	0.668268	0.680266	0.692393	0.68384	0.660965	0.633485	0.662902	0.623841	0.625511	0.603954	0.602138	0.599927	0.59676	0.592487	0.58764	0.583133	0.579356	0.576248	0.574776	0.577754	0.587681	0.601824	0.61061	0.609681	0.602712	0.595919	0.596461	0.603149	0.609201	0.611759	0.610289	0.607076	0.604747	0.603641	0.60391	0.605481	0.607859	0.610161	0.611497	0.611535	0.610647	0.609491	0.608446	0.60757	
0.607795	0.607021	0.606378	0.605851	0.605425	0.605087	0.604826	0.604635	0.60451	0.60445	0.604457	0.604537	0.604703	0.60498	0.605402	0.606049	0.607354	0.613424	0.636579	0.66453	0.68208	0.689151	0.686737	0.684904	0.692542	0.672733	0.649021	0.697429	0.693115	0.714566	0.627828	0.607288	0.602844	0.599675	0.596279	0.592698	0.5888	0.584766	0.581454	0.580114	0.5819	0.589267	0.601357	0.609799	0.609499	0.603656	0.598337	0.599754	0.606327	0.611737	0.6135	0.61131	0.608002	0.606144	0.605388	0.605588	0.606775	0.60866	0.610601	0.611769	0.611783	0.610929	0.609786	0.608715	0.607795	
0.607995	0.607182	0.606507	0.605954	0.60551	0.605159	0.604891	0.604699	0.604579	0.604531	0.604557	0.604668	0.604875	0.605203	0.605673	0.606356	0.607584	0.612956	0.63059	0.647194	0.666697	0.688898	0.688806	0.687822	0.68863	0.682784	0.680839	0.689976	0.670008	0.639362	0.644286	0.620012	0.604582	0.600829	0.597865	0.595414	0.592446	0.588688	0.585954	0.585287	0.585943	0.58992	0.599005	0.607327	0.609051	0.605758	0.602454	0.60404	0.608995	0.612488	0.612818	0.610919	0.609272	0.608749	0.60876	0.609263	0.610214	0.611357	0.612322	0.61266	0.612207	0.61121	0.61005	0.608954	0.607995	
0.608187	0.607331	0.606623	0.606047	0.605586	0.605226	0.604956	0.604767	0.604657	0.604627	0.604681	0.604835	0.605096	0.605484	0.60603	0.606779	0.6078	0.609537	0.613826	0.620394	0.648065	0.678647	0.679957	0.680337	0.688107	0.683924	0.686858	0.696916	0.680944	0.632513	0.628852	0.606422	0.601641	0.599796	0.597765	0.596233	0.594185	0.591256	0.589086	0.588608	0.588563	0.589895	0.596323	0.604509	0.607883	0.606791	0.605056	0.606118	0.60863	0.609688	0.609322	0.60891	0.609149	0.609654	0.610294	0.61124	0.612397	0.613378	0.613845	0.613616	0.612775	0.6116	0.610361	0.609201	0.608187	
0.608354	0.607454	0.606716	0.60612	0.605648	0.605283	0.605013	0.604831	0.604734	0.604728	0.604821	0.605034	0.605378	0.605974	0.607094	0.609037	0.611877	0.615035	0.616996	0.623423	0.644408	0.675363	0.671491	0.666208	0.678031	0.688579	0.691659	0.69433	0.680108	0.659831	0.63363	0.591404	0.595578	0.596675	0.596294	0.595747	0.594779	0.593024	0.591104	0.589898	0.588902	0.58882	0.593667	0.602132	0.606851	0.605921	0.603314	0.603499	0.604907	0.604855	0.605097	0.606375	0.608356	0.610212	0.611452	0.612393	0.613259	0.614053	0.614461	0.614192	0.613279	0.612009	0.610672	0.60943	0.608354	
0.608494	0.60755	0.606786	0.606176	0.605697	0.605331	0.605066	0.604896	0.604819	0.604846	0.604988	0.605278	0.605877	0.608334	0.613899	0.621145	0.62785	0.63686	0.648808	0.661281	0.674999	0.67792	0.663552	0.648552	0.663539	0.67065	0.663854	0.654116	0.637053	0.579244	0.583403	0.591927	0.591319	0.593204	0.594634	0.595325	0.595341	0.594372	0.592365	0.590116	0.587859	0.587591	0.593204	0.602341	0.606661	0.603903	0.59943	0.598456	0.60034	0.601839	0.60257	0.603134	0.604961	0.60868	0.612252	0.613904	0.614319	0.614584	0.614779	0.614587	0.613752	0.612434	0.610983	0.60964	0.608494	
0.608578	0.607601	0.606822	0.606205	0.605726	0.605365	0.605109	0.604952	0.604896	0.604955	0.605146	0.605628	0.608456	0.618951	0.632791	0.641967	0.6491	0.662333	0.678609	0.686305	0.68227	0.672029	0.659052	0.648886	0.645794	0.63626	0.626157	0.63575	0.59511	0.567167	0.58376	0.590097	0.587594	0.590372	0.593387	0.595277	0.595922	0.59523	0.593192	0.590294	0.587705	0.590637	0.602547	0.612182	0.61072	0.602477	0.594985	0.5937	0.597026	0.600474	0.601444	0.60077	0.600625	0.603681	0.609505	0.613888	0.615226	0.615169	0.615037	0.614804	0.614061	0.612748	0.611215	0.609784	0.608578	
0.608588	0.6076	0.60682	0.606208	0.605736	0.605386	0.605144	0.605006	0.604976	0.605071	0.605328	0.606323	0.613792	0.63246	0.648431	0.652733	0.656625	0.667453	0.676269	0.674987	0.666263	0.656614	0.649873	0.64504	0.640164	0.621937	0.593262	0.570557	0.562586	0.567452	0.575295	0.581328	0.584471	0.589236	0.593321	0.595869	0.596646	0.595962	0.594019	0.591355	0.591285	0.602566	0.617757	0.61953	0.611663	0.601646	0.593461	0.592269	0.59495	0.596995	0.59856	0.5998	0.599555	0.600617	0.605934	0.612125	0.614973	0.615126	0.614953	0.614741	0.6141	0.612845	0.611296	0.609822	0.608588	
0.608497	0.607533	0.606774	0.606179	0.605725	0.605391	0.605168	0.605047	0.605039	0.60515	0.605414	0.606328	0.613183	0.631788	0.648909	0.652492	0.651939	0.657776	0.66529	0.666089	0.656924	0.644643	0.636673	0.633167	0.628911	0.609436	0.571917	0.560495	0.562828	0.570476	0.57556	0.580283	0.585376	0.590708	0.595075	0.597467	0.597845	0.597028	0.595139	0.594108	0.600764	0.61572	0.620874	0.613029	0.605837	0.600361	0.595399	0.59295	0.591935	0.591085	0.593402	0.5984	0.601497	0.60278	0.606067	0.611014	0.613777	0.61409	0.61415	0.614214	0.613775	0.612635	0.611143	0.609703	0.608497	
0.6083	0.607398	0.606681	0.60612	0.605693	0.605383	0.605182	0.605084	0.605093	0.605217	0.60546	0.605882	0.608092	0.620183	0.640928	0.652354	0.651204	0.652357	0.658609	0.66171	0.655173	0.644578	0.635829	0.628848	0.62013	0.599271	0.579556	0.56893	0.570835	0.578549	0.583964	0.586791	0.590719	0.595524	0.599123	0.60036	0.59987	0.598773	0.596754	0.598259	0.611901	0.620704	0.611628	0.603433	0.601171	0.599633	0.598552	0.597646	0.595266	0.590661	0.590195	0.596644	0.60378	0.607229	0.609203	0.611531	0.612646	0.612737	0.613062	0.613403	0.61313	0.612111	0.61074	0.609417	0.6083	
0.60804	0.607218	0.606558	0.606038	0.605645	0.605364	0.605191	0.605119	0.605154	0.6053	0.605557	0.605914	0.606487	0.610569	0.624929	0.644148	0.655074	0.659023	0.662012	0.659911	0.651659	0.645107	0.641379	0.638222	0.626701	0.601213	0.578584	0.573274	0.582943	0.594206	0.597931	0.598019	0.59991	0.602988	0.604651	0.604429	0.603412	0.602246	0.600186	0.603821	0.618201	0.618524	0.601008	0.593881	0.595827	0.59731	0.600051	0.60373	0.604624	0.59989	0.594753	0.596999	0.604373	0.609958	0.612038	0.612337	0.612096	0.612076	0.612474	0.612746	0.612389	0.61142	0.610203	0.609039	0.60804	
0.607751	0.60701	0.60641	0.605937	0.605583	0.605336	0.605195	0.605155	0.605223	0.605402	0.605694	0.606082	0.606505	0.607032	0.6111	0.623864	0.641772	0.656772	0.665677	0.663706	0.652956	0.643465	0.638089	0.637641	0.632256	0.610234	0.585339	0.57628	0.58446	0.598584	0.606913	0.608352	0.609379	0.61091	0.610856	0.60989	0.608818	0.607544	0.605496	0.608781	0.618256	0.61103	0.591494	0.585299	0.586678	0.588034	0.593289	0.602024	0.60854	0.609385	0.60576	0.604055	0.60767	0.612185	0.613753	0.613228	0.612564	0.612403	0.612487	0.612343	0.611727	0.610747	0.609659	0.608638	0.607751	
0.607456	0.606791	0.606252	0.605828	0.605516	0.605305	0.605201	0.605198	0.605311	0.605545	0.605911	0.606408	0.607004	0.60757	0.60819	0.610944	0.619603	0.633317	0.65076	0.661564	0.656207	0.6439	0.632885	0.626316	0.625561	0.618236	0.599156	0.582433	0.578333	0.587433	0.602241	0.611757	0.614925	0.615782	0.61512	0.614016	0.612223	0.609588	0.608047	0.611005	0.614723	0.604452	0.589318	0.584001	0.581542	0.581503	0.585996	0.594744	0.605822	0.613412	0.615054	0.614164	0.614279	0.615418	0.615316	0.61427	0.61339	0.612883	0.612478	0.611903	0.611088	0.610124	0.609147	0.608244	0.607456	
0.607166	0.60657	0.606088	0.605712	0.605442	0.605269	0.605204	0.605245	0.605411	0.605713	0.606185	0.60683	0.607661	0.60863	0.609709	0.611155	0.613447	0.616807	0.628781	0.644633	0.645796	0.636392	0.626248	0.616756	0.613972	0.614056	0.605641	0.590316	0.582481	0.583907	0.59482	0.610128	0.616284	0.615022	0.611212	0.609818	0.606815	0.600357	0.601128	0.609862	0.61358	0.606373	0.596392	0.591084	0.588336	0.587326	0.587232	0.587862	0.596534	0.609783	0.617899	0.620077	0.619404	0.618164	0.616613	0.615114	0.613953	0.613055	0.612249	0.611408	0.610502	0.609573	0.608682	0.607872	0.607166	
0.606894	0.606358	0.605928	0.605597	0.605367	0.605235	0.605211	0.6053	0.605528	0.605918	0.606516	0.607338	0.608433	0.609838	0.612407	0.616125	0.616382	0.611933	0.611917	0.621268	0.627794	0.624844	0.614669	0.602989	0.602369	0.61527	0.621723	0.605927	0.593667	0.592083	0.595569	0.606408	0.609575	0.604697	0.599472	0.599934	0.595513	0.590612	0.597158	0.608765	0.61505	0.608554	0.5989	0.596373	0.596218	0.593464	0.590422	0.586052	0.586205	0.596017	0.609056	0.61775	0.620927	0.620468	0.618529	0.616339	0.614529	0.613147	0.612008	0.61098	0.610013	0.609106	0.608275	0.607533	0.606894	
0.606641	0.606156	0.605771	0.605481	0.60529	0.605195	0.605213	0.605352	0.605648	0.606143	0.606891	0.607942	0.609515	0.61247	0.618454	0.623512	0.618843	0.609499	0.606776	0.611881	0.618262	0.615376	0.601083	0.587536	0.598554	0.630532	0.648215	0.62381	0.599823	0.603083	0.604584	0.602931	0.596886	0.589926	0.588932	0.59228	0.589081	0.588789	0.595017	0.602506	0.602108	0.592595	0.591232	0.596084	0.59685	0.590747	0.585592	0.582793	0.579544	0.581277	0.592459	0.606149	0.615961	0.620474	0.620681	0.618387	0.615572	0.613363	0.611839	0.610642	0.609616	0.608712	0.607917	0.607227	0.606641	
0.60641	0.605967	0.605622	0.605369	0.605213	0.605155	0.605213	0.605404	0.605777	0.606395	0.607333	0.608762	0.611323	0.617587	0.627069	0.630544	0.623622	0.616504	0.61584	0.617826	0.618185	0.609848	0.593781	0.582867	0.600469	0.635329	0.667175	0.626402	0.591495	0.605311	0.611581	0.596324	0.581799	0.57898	0.582801	0.587746	0.589079	0.58888	0.585722	0.582067	0.57614	0.573917	0.583641	0.593149	0.59356	0.585727	0.577758	0.574867	0.573406	0.573395	0.581065	0.594304	0.607491	0.617156	0.621483	0.620892	0.617515	0.614061	0.611841	0.610415	0.60931	0.608387	0.60761	0.606954	0.60641	
0.606197	0.605789	0.605478	0.605257	0.605132	0.605105	0.6052	0.605437	0.605885	0.606616	0.607759	0.609678	0.613865	0.623522	0.633687	0.633904	0.626587	0.624014	0.627568	0.627646	0.622637	0.612585	0.598479	0.590774	0.602225	0.620219	0.627213	0.593924	0.577339	0.589111	0.597661	0.577984	0.567773	0.570352	0.577503	0.588089	0.595953	0.595967	0.587717	0.573861	0.565443	0.568979	0.579968	0.589965	0.59415	0.591096	0.581671	0.572913	0.569137	0.56962	0.575655	0.587681	0.601935	0.613937	0.62097	0.622493	0.619576	0.615222	0.612086	0.610294	0.609071	0.608116	0.607341	0.606709	0.606197	
0.606	0.605621	0.60534	0.605146	0.605049	0.605049	0.605174	0.605449	0.605952	0.606768	0.608073	0.610417	0.616488	0.628627	0.637646	0.63326	0.622541	0.62072	0.631427	0.63858	0.634217	0.624039	0.610062	0.598964	0.596486	0.593511	0.583099	0.576124	0.572252	0.569082	0.567326	0.563781	0.563138	0.565851	0.574196	0.589628	0.602453	0.603999	0.595368	0.579862	0.56774	0.569498	0.581011	0.593135	0.60272	0.605302	0.595664	0.580413	0.571402	0.570434	0.574477	0.583841	0.59738	0.611033	0.619961	0.622879	0.620862	0.616305	0.612442	0.610237	0.608871	0.607875	0.607099	0.606484	0.606	
0.605811	0.605459	0.605203	0.605034	0.604958	0.604978	0.605122	0.605417	0.605942	0.606783	0.608122	0.610565	0.617384	0.630778	0.640015	0.632598	0.616206	0.609153	0.623984	0.643217	0.647001	0.639527	0.623407	0.604617	0.589469	0.57678	0.572155	0.581997	0.586786	0.576186	0.568837	0.5674	0.566434	0.568282	0.576663	0.589568	0.59878	0.598824	0.588989	0.575084	0.567346	0.572794	0.586926	0.601369	0.612713	0.617159	0.60875	0.591315	0.578268	0.574983	0.577399	0.583734	0.594222	0.607482	0.618252	0.622747	0.621596	0.617101	0.612733	0.610174	0.608678	0.607642	0.606869	0.606271	0.605811	
0.605629	0.605302	0.60507	0.604921	0.604863	0.604897	0.605049	0.605348	0.605863	0.606677	0.60794	0.610128	0.615802	0.628519	0.639589	0.633844	0.615009	0.602174	0.611751	0.634817	0.649468	0.65047	0.63845	0.617807	0.598994	0.585229	0.58384	0.599033	0.610099	0.603046	0.589918	0.577716	0.572442	0.577365	0.587076	0.596035	0.597167	0.590931	0.579538	0.56892	0.56711	0.576544	0.593147	0.6089	0.619614	0.624038	0.617852	0.602076	0.587446	0.581679	0.58294	0.587912	0.595654	0.606573	0.617506	0.6229	0.622046	0.617417	0.612724	0.609999	0.608444	0.607396	0.606637	0.606063	0.605629	
0.605449	0.605147	0.604936	0.604805	0.60476	0.604801	0.604954	0.60524	0.605722	0.606472	0.607599	0.609399	0.613162	0.622768	0.634875	0.635959	0.621563	0.608033	0.610627	0.626112	0.641065	0.649248	0.649195	0.637474	0.621243	0.606529	0.603172	0.616278	0.627237	0.623209	0.607887	0.586408	0.57718	0.587298	0.600684	0.609051	0.607462	0.596865	0.582724	0.571457	0.57005	0.580203	0.598125	0.614505	0.623817	0.627591	0.624303	0.613192	0.600364	0.593195	0.592671	0.595799	0.601674	0.610759	0.61981	0.62382	0.622002	0.616819	0.612202	0.60963	0.608131	0.60712	0.606395	0.605854	0.605449	
0.605271	0.604995	0.604805	0.604688	0.604653	0.604697	0.604844	0.60511	0.605545	0.606212	0.607188	0.608653	0.611069	0.61653	0.626552	0.634367	0.630171	0.621723	0.623419	0.63178	0.637393	0.640026	0.643344	0.641328	0.629633	0.61904	0.620775	0.630688	0.636323	0.631929	0.616395	0.591516	0.57972	0.59331	0.610346	0.620068	0.621218	0.611688	0.595735	0.580984	0.576389	0.585159	0.603256	0.61941	0.626914	0.629678	0.629333	0.623951	0.615128	0.608523	0.606852	0.608385	0.612648	0.619023	0.623957	0.624565	0.620756	0.615207	0.611265	0.609094	0.607744	0.606812	0.606142	0.605643	0.605271	
0.605094	0.604845	0.604674	0.604571	0.604543	0.604586	0.604722	0.604963	0.605347	0.605926	0.606758	0.607954	0.609694	0.61257	0.618417	0.627217	0.632574	0.632856	0.636339	0.641912	0.641325	0.635462	0.629563	0.621969	0.615689	0.619104	0.627491	0.633065	0.634519	0.629074	0.61361	0.590283	0.580363	0.597106	0.615643	0.625717	0.630014	0.624652	0.611628	0.594896	0.586114	0.592784	0.610048	0.624834	0.629845	0.630826	0.632248	0.631407	0.626964	0.622313	0.620525	0.621279	0.623558	0.625943	0.626194	0.623174	0.61787	0.613079	0.610186	0.608464	0.607305	0.606482	0.605881	0.605431	0.605094	
0.604922	0.604699	0.604547	0.604455	0.604432	0.604473	0.604595	0.604809	0.605141	0.605633	0.606329	0.607303	0.608642	0.610536	0.613492	0.619154	0.627204	0.634489	0.641009	0.644193	0.641037	0.63475	0.622413	0.60555	0.604508	0.617382	0.6246	0.627224	0.628078	0.622041	0.607145	0.587099	0.580506	0.598194	0.615994	0.626414	0.633062	0.631637	0.62354	0.608506	0.598058	0.602827	0.617929	0.630013	0.632188	0.630907	0.632314	0.633607	0.632115	0.629541	0.627965	0.627673	0.627702	0.626785	0.623871	0.619154	0.614426	0.611176	0.609174	0.60782	0.606853	0.606148	0.605623	0.605223	0.604922	
0.604757	0.604559	0.604424	0.604343	0.604323	0.604359	0.604468	0.604653	0.60494	0.605351	0.605927	0.606717	0.607773	0.609194	0.611078	0.614003	0.619751	0.628524	0.637004	0.638842	0.636514	0.632699	0.618997	0.602735	0.605029	0.616236	0.620626	0.623382	0.623676	0.617118	0.603718	0.586763	0.581117	0.596074	0.612638	0.623407	0.630877	0.631876	0.627607	0.617718	0.609908	0.61355	0.625411	0.633915	0.633091	0.629516	0.6296	0.630834	0.630552	0.629367	0.628175	0.626991	0.625311	0.622546	0.618691	0.614753	0.611749	0.60971	0.608269	0.607206	0.606419	0.605826	0.605373	0.605023	0.604757	
0.604601	0.604426	0.604307	0.604235	0.604217	0.604249	0.604343	0.604502	0.604746	0.605088	0.60556	0.606196	0.607033	0.608129	0.60953	0.61138	0.614328	0.619943	0.627073	0.631117	0.633431	0.62985	0.616541	0.606683	0.610731	0.616983	0.618972	0.621237	0.619965	0.613289	0.602605	0.589117	0.583286	0.594956	0.61055	0.620501	0.626942	0.628822	0.627349	0.623202	0.619661	0.623135	0.631556	0.635499	0.631555	0.626715	0.62562	0.625715	0.625234	0.624417	0.623375	0.621837	0.619626	0.616856	0.614063	0.611729	0.60994	0.608558	0.607484	0.606656	0.606021	0.605525	0.605138	0.604834	0.604601	
0.604457	0.604303	0.604197	0.604133	0.604117	0.604144	0.604225	0.60436	0.604567	0.604851	0.605237	0.605746	0.606409	0.607257	0.608333	0.609685	0.611456	0.614083	0.618577	0.625758	0.632336	0.628694	0.618615	0.614199	0.615892	0.617561	0.618694	0.619856	0.617321	0.611563	0.604228	0.593862	0.588052	0.59787	0.611991	0.620119	0.624465	0.625579	0.625635	0.625644	0.625867	0.629045	0.633499	0.63281	0.627339	0.623131	0.621675	0.620817	0.619724	0.618666	0.617592	0.616222	0.614576	0.612848	0.611244	0.60984	0.608639	0.607637	0.606828	0.606181	0.605666	0.605253	0.604923	0.60466	0.604457	
0.604326	0.60419	0.604096	0.604039	0.604023	0.604045	0.604115	0.604229	0.604403	0.604638	0.604955	0.605362	0.605887	0.606545	0.607374	0.608392	0.609682	0.611308	0.614193	0.620482	0.628628	0.629671	0.624499	0.620618	0.617799	0.616701	0.618295	0.61934	0.617038	0.61264	0.607767	0.599925	0.595681	0.604463	0.615564	0.62091	0.62276	0.62255	0.622623	0.624077	0.626156	0.628365	0.629282	0.626474	0.622156	0.6195	0.618204	0.617103	0.615909	0.614789	0.613768	0.612728	0.611649	0.610558	0.609504	0.608525	0.607654	0.606911	0.606291	0.605778	0.605357	0.605011	0.60473	0.604503	0.604326	
0.604209	0.604089	0.604005	0.603954	0.603939	0.603956	0.604014	0.604111	0.604257	0.604452	0.604713	0.605041	0.605459	0.605972	0.606614	0.607384	0.60835	0.609499	0.61119	0.614497	0.620838	0.625888	0.62503	0.620694	0.616633	0.615649	0.61754	0.619305	0.618718	0.61592	0.611897	0.606077	0.604713	0.611919	0.618951	0.621406	0.621057	0.619922	0.619425	0.620159	0.621659	0.622793	0.622323	0.620076	0.617769	0.616273	0.615253	0.614294	0.613321	0.612389	0.611529	0.610698	0.609878	0.609068	0.608289	0.607562	0.606911	0.606344	0.605856	0.605442	0.605093	0.604801	0.604561	0.604364	0.604209	
0.604107	0.604	0.603925	0.603878	0.603863	0.603876	0.603925	0.604005	0.604128	0.604291	0.604506	0.604773	0.605109	0.605513	0.606012	0.606599	0.607323	0.608164	0.609241	0.610646	0.613469	0.617245	0.618019	0.615642	0.613895	0.614312	0.616405	0.619022	0.620551	0.619621	0.616402	0.612476	0.612632	0.617452	0.62099	0.620973	0.619172	0.617635	0.61675	0.61663	0.617025	0.617316	0.616834	0.615691	0.61457	0.613643	0.612875	0.612125	0.611382	0.61065	0.609955	0.609284	0.608634	0.608004	0.607407	0.606851	0.606347	0.605898	0.605505	0.605163	0.604871	0.604623	0.604416	0.604244	0.604107	
0.60402	0.603924	0.603856	0.603812	0.603797	0.603806	0.603847	0.603914	0.604018	0.604154	0.604334	0.604553	0.604827	0.60515	0.605543	0.605996	0.606546	0.607171	0.607925	0.608769	0.60985	0.6112	0.611855	0.611715	0.611912	0.612962	0.61492	0.617742	0.620748	0.621605	0.620003	0.617579	0.617694	0.620224	0.620839	0.619279	0.61713	0.615588	0.614629	0.614158	0.61401	0.613889	0.613528	0.612923	0.612279	0.611645	0.611067	0.610485	0.60991	0.609339	0.608788	0.608252	0.607735	0.607236	0.606764	0.606322	0.605917	0.605551	0.605226	0.604939	0.60469	0.604475	0.604294	0.604142	0.60402	
0.603949	0.603861	0.603798	0.603757	0.603741	0.603747	0.60378	0.603837	0.603924	0.604039	0.60419	0.604373	0.604598	0.604862	0.605178	0.605536	0.605961	0.606436	0.606993	0.607596	0.608259	0.608948	0.609505	0.609963	0.610578	0.611639	0.613287	0.615698	0.618905	0.621218	0.621737	0.621081	0.620753	0.620581	0.619043	0.617002	0.615127	0.613792	0.612909	0.612367	0.612059	0.61181	0.611504	0.611095	0.610652	0.610187	0.609742	0.609285	0.608834	0.608382	0.607941	0.607505	0.607084	0.606677	0.60629	0.605926	0.605591	0.605283	0.605007	0.604761	0.604545	0.604356	0.604195	0.604059	0.603949	
0.603893	0.603812	0.603753	0.603713	0.603696	0.603699	0.603725	0.603773	0.603848	0.603945	0.604073	0.604228	0.604418	0.604637	0.604897	0.60519	0.60553	0.605904	0.606333	0.606797	0.607296	0.607819	0.608323	0.608849	0.609498	0.610442	0.611775	0.613626	0.616152	0.618972	0.621524	0.62371	0.622839	0.619536	0.616903	0.614925	0.613402	0.612287	0.611547	0.611037	0.610704	0.610433	0.610168	0.609858	0.609527	0.609171	0.608818	0.608452	0.608088	0.607715	0.607347	0.606981	0.606625	0.60628	0.605951	0.60564	0.605352	0.605085	0.604844	0.604626	0.604434	0.604264	0.604119	0.603994	0.603893	
0.603852	0.603775	0.603718	0.603679	0.603661	0.60366	0.603682	0.603721	0.603785	0.60387	0.60398	0.604113	0.604276	0.604463	0.604683	0.604929	0.605211	0.60552	0.605866	0.606241	0.606645	0.607079	0.607527	0.608025	0.608618	0.609411	0.610455	0.611844	0.61364	0.615962	0.618967	0.622903	0.621909	0.617272	0.614769	0.613096	0.611928	0.61105	0.610477	0.610053	0.609765	0.609519	0.609298	0.60906	0.608807	0.608522	0.608229	0.607917	0.607603	0.607278	0.606954	0.606631	0.606317	0.606011	0.605719	0.605443	0.605185	0.604946	0.604728	0.60453	0.604354	0.604198	0.604063	0.603947	0.603852	
0.603825	0.603751	0.603695	0.603656	0.603635	0.603632	0.603649	0.603682	0.603738	0.603811	0.603908	0.604025	0.604168	0.604332	0.604523	0.604738	0.604981	0.605248	0.605543	0.605864	0.606209	0.606584	0.606982	0.607431	0.607945	0.608589	0.60938	0.610403	0.611639	0.613226	0.615245	0.618454	0.617795	0.614315	0.612751	0.61153	0.610728	0.610094	0.609689	0.609375	0.609165	0.608984	0.608829	0.608655	0.608454	0.608212	0.607945	0.607652	0.607353	0.607047	0.606742	0.606438	0.606143	0.605856	0.605583	0.605325	0.605084	0.60486	0.604656	0.60447	0.604304	0.604156	0.604028	0.603917	0.603825	
0.603813	0.603739	0.603683	0.603642	0.60362	0.603614	0.603626	0.603654	0.603703	0.603768	0.603855	0.60396	0.604088	0.604236	0.604409	0.604602	0.60482	0.60506	0.605325	0.605613	0.605923	0.60626	0.606618	0.607017	0.607456	0.607978	0.608571	0.609303	0.610131	0.611136	0.612126	0.613691	0.613437	0.611828	0.611064	0.610298	0.609813	0.609407	0.60916	0.608972	0.608865	0.608782	0.608713	0.608603	0.608441	0.608215	0.607948	0.607643	0.607325	0.607003	0.606689	0.606381	0.606084	0.605798	0.605529	0.605275	0.605039	0.604822	0.604623	0.604442	0.60428	0.604137	0.604011	0.603903	0.603813	
0.603813	0.603738	0.603681	0.603638	0.603614	0.603604	0.603612	0.603636	0.603679	0.603739	0.603818	0.603915	0.604034	0.604172	0.604332	0.604513	0.604718	0.604944	0.605193	0.605465	0.605757	0.606074	0.606407	0.606771	0.607153	0.607583	0.608037	0.608561	0.609106	0.609734	0.610236	0.610883	0.610824	0.610232	0.609878	0.609458	0.609207	0.608993	0.608895	0.60885	0.608884	0.60893	0.60897	0.60894	0.608808	0.608571	0.608263	0.607906	0.607534	0.607159	0.606799	0.606457	0.606136	0.605834	0.605552	0.60529	0.605049	0.604828	0.604627	0.604445	0.604283	0.604139	0.604013	0.603904	0.603813	
0.603826	0.603749	0.603689	0.603644	0.603616	0.603603	0.603608	0.603628	0.603667	0.603721	0.603796	0.603888	0.604001	0.604134	0.604288	0.604465	0.604665	0.604889	0.605137	0.605408	0.6057	0.606016	0.606344	0.606692	0.607042	0.607409	0.607768	0.60815	0.608509	0.608901	0.609187	0.609502	0.609512	0.609291	0.609149	0.608963	0.608882	0.608836	0.608897	0.609025	0.609238	0.60948	0.609723	0.609855	0.609763	0.609447	0.609005	0.608508	0.608013	0.607535	0.607085	0.606673	0.6063	0.605959	0.605649	0.605365	0.605108	0.604875	0.604665	0.604476	0.604309	0.604161	0.604032	0.60392	0.603826	
0.603851	0.60377	0.603706	0.603657	0.603626	0.60361	0.603611	0.603628	0.603663	0.603715	0.603786	0.603876	0.603986	0.604118	0.604273	0.604452	0.604657	0.604888	0.605147	0.605434	0.605746	0.606082	0.60643	0.606789	0.607133	0.607467	0.607762	0.608041	0.608276	0.608512	0.608672	0.608835	0.608867	0.608807	0.608784	0.608754	0.608809	0.608923	0.609166	0.609512	0.610005	0.610668	0.611512	0.612225	0.612343	0.611757	0.610739	0.609689	0.608846	0.608163	0.607566	0.607035	0.606575	0.606174	0.605816	0.605498	0.605214	0.604961	0.604735	0.604535	0.604358	0.604202	0.604067	0.60395	0.603851	
0.603888	0.603801	0.603732	0.603679	0.603644	0.603625	0.603622	0.603637	0.603669	0.603718	0.603788	0.603877	0.603988	0.604123	0.604284	0.604472	0.60469	0.604941	0.605226	0.605549	0.605905	0.606293	0.606697	0.607105	0.607481	0.607811	0.608061	0.60825	0.608373	0.608483	0.608547	0.608618	0.608645	0.608652	0.608702	0.608783	0.608962	0.609243	0.609703	0.610366	0.611413	0.61311	0.615324	0.617011	0.61716	0.616006	0.614247	0.612205	0.610373	0.609118	0.608263	0.607564	0.60697	0.606476	0.606055	0.605687	0.605365	0.605083	0.604836	0.604618	0.604427	0.604261	0.604116	0.603992	0.603888	
