x=200	y=110	z=200	n=65	len=1
b
0.83283	0.833456	0.834002	0.83447	0.834862	0.835172	0.835398	0.835533	0.835566	0.835489	0.835294	0.834979	0.834549	0.834025	0.833443	0.832857	0.832309	0.831861	0.831566	0.831441	0.831419	0.831373	0.831142	0.83056	0.829595	0.828347	0.827117	0.826222	0.825845	0.825721	0.825402	0.82478	0.823752	0.822446	0.82163	0.821909	0.823249	0.825346	0.827688	0.829835	0.831432	0.832302	0.832544	0.83252	0.832559	0.832763	0.833036	0.833211	0.833146	0.832752	0.832001	0.830949	0.829738	0.82856	0.827629	0.827089	0.826992	0.827279	0.827886	0.82869	0.829582	0.830481	0.831337	0.832123	0.83283	
0.832184	0.832812	0.833365	0.83384	0.834242	0.834566	0.834811	0.834968	0.83503	0.834989	0.834841	0.834586	0.834238	0.833825	0.833396	0.833026	0.832786	0.832742	0.832934	0.833355	0.833892	0.834352	0.834541	0.834282	0.833534	0.832368	0.831014	0.829721	0.828686	0.827862	0.827048	0.826216	0.825286	0.824401	0.82419	0.824986	0.826604	0.828692	0.830734	0.832312	0.833126	0.833096	0.832549	0.832059	0.831929	0.832176	0.832654	0.833144	0.833454	0.833435	0.832996	0.832134	0.830947	0.829619	0.8284	0.827509	0.827074	0.827096	0.827515	0.82819	0.829003	0.82986	0.830697	0.831477	0.832184	
0.831591	0.832224	0.832783	0.833268	0.83368	0.834017	0.834277	0.834453	0.834538	0.834527	0.834418	0.834217	0.833947	0.833651	0.833393	0.833262	0.833358	0.833765	0.834493	0.835481	0.836553	0.837445	0.837936	0.837893	0.83731	0.836272	0.834951	0.83353	0.832182	0.830956	0.829818	0.82884	0.828018	0.827501	0.827711	0.828774	0.830402	0.832179	0.833626	0.834357	0.834163	0.833145	0.831891	0.831082	0.830865	0.831158	0.831814	0.832581	0.833223	0.833565	0.833485	0.832914	0.831885	0.830549	0.829157	0.827988	0.827253	0.827018	0.82724	0.827771	0.828494	0.829299	0.830113	0.830884	0.831591	
0.831072	0.83171	0.832278	0.832773	0.833198	0.833549	0.833825	0.834019	0.834126	0.834144	0.834073	0.833927	0.833741	0.833573	0.833506	0.833648	0.834101	0.834961	0.836216	0.837708	0.839173	0.840298	0.840879	0.84087	0.840349	0.83944	0.838268	0.836925	0.835531	0.834196	0.833	0.832067	0.831455	0.831288	0.831784	0.832916	0.834337	0.835606	0.836286	0.836025	0.834777	0.83291	0.831175	0.830184	0.829907	0.830201	0.830955	0.831927	0.832826	0.833444	0.83367	0.833393	0.832574	0.831316	0.829851	0.828492	0.827513	0.827043	0.827065	0.827449	0.828075	0.828823	0.829607	0.830366	0.831072	
0.830638	0.831281	0.831858	0.832366	0.832806	0.833174	0.833469	0.833685	0.833818	0.833868	0.83384	0.833758	0.833666	0.833638	0.833777	0.834211	0.835035	0.836324	0.838019	0.83985	0.841465	0.842549	0.842978	0.842828	0.842265	0.841441	0.84043	0.839243	0.837947	0.836682	0.83561	0.834898	0.834636	0.834894	0.835697	0.83688	0.838063	0.838798	0.838702	0.837512	0.835392	0.832943	0.830934	0.829839	0.829492	0.829715	0.83044	0.831487	0.832557	0.83337	0.833797	0.833735	0.833103	0.831951	0.830474	0.828992	0.827823	0.827148	0.826986	0.827229	0.827755	0.828442	0.829191	0.829935	0.830638	
0.830302	0.830949	0.831537	0.832061	0.83252	0.832909	0.833229	0.833472	0.833638	0.833728	0.833753	0.833745	0.833758	0.83388	0.834228	0.834941	0.836113	0.837763	0.839745	0.841698	0.843212	0.844015	0.844105	0.843678	0.842971	0.842118	0.841126	0.839963	0.838689	0.837485	0.836585	0.836208	0.836458	0.837326	0.838641	0.840075	0.8412	0.841572	0.840881	0.839028	0.836394	0.833661	0.831492	0.830249	0.829741	0.829812	0.83043	0.831427	0.832546	0.833478	0.834022	0.834075	0.833561	0.832492	0.831022	0.829463	0.828154	0.827312	0.826991	0.827106	0.82754	0.828165	0.828877	0.829603	0.830301	
0.830066	0.830718	0.831319	0.831862	0.832344	0.832762	0.833113	0.833392	0.833598	0.833737	0.833824	0.833896	0.834019	0.834288	0.834833	0.835792	0.837238	0.839127	0.841223	0.843095	0.844323	0.844716	0.844396	0.843652	0.842735	0.841718	0.840525	0.839105	0.837577	0.83623	0.835377	0.835304	0.836154	0.837838	0.839983	0.842026	0.843415	0.843732	0.842773	0.840639	0.837877	0.83512	0.832865	0.831374	0.830529	0.83031	0.830766	0.831667	0.832751	0.833757	0.834395	0.834502	0.834024	0.832984	0.831509	0.829897	0.828486	0.827517	0.827068	0.827075	0.827425	0.827991	0.828666	0.829373	0.830066	
0.829935	0.830593	0.831209	0.831774	0.832285	0.832736	0.833126	0.83345	0.833706	0.833903	0.834058	0.834213	0.83444	0.83484	0.835546	0.836689	0.838306	0.84029	0.842338	0.84398	0.844829	0.844793	0.844098	0.843079	0.841944	0.840671	0.839101	0.837165	0.835083	0.83329	0.832235	0.832304	0.833712	0.836313	0.839515	0.842482	0.844469	0.845048	0.844176	0.842161	0.839631	0.83709	0.834814	0.832972	0.831606	0.830932	0.831127	0.831926	0.833	0.834096	0.834844	0.834987	0.834491	0.833424	0.83192	0.830264	0.828784	0.82773	0.827189	0.827114	0.827398	0.827914	0.828557	0.829246	0.829935	
0.829903	0.83057	0.831204	0.831796	0.832342	0.832835	0.833272	0.833649	0.833963	0.834224	0.83445	0.834684	0.834997	0.835494	0.836299	0.83752	0.839168	0.841103	0.84298	0.844319	0.844787	0.844379	0.843389	0.842166	0.840851	0.839333	0.837355	0.834813	0.832013	0.829541	0.828022	0.82801	0.829816	0.833273	0.837561	0.84153	0.844258	0.845294	0.844785	0.843244	0.841273	0.839146	0.836868	0.834573	0.832605	0.831432	0.831279	0.831946	0.833085	0.834351	0.835252	0.835449	0.834928	0.833799	0.832243	0.83055	0.829033	0.827933	0.82734	0.827214	0.827449	0.827924	0.82854	0.829216	0.829903	
0.829961	0.830642	0.831299	0.831924	0.832511	0.833053	0.833544	0.833979	0.834355	0.834678	0.834968	0.83526	0.835623	0.836152	0.836956	0.838124	0.839662	0.841412	0.843015	0.844025	0.844166	0.84348	0.842295	0.840958	0.839567	0.837931	0.835684	0.832658	0.829189	0.825963	0.823775	0.823433	0.8254	0.829495	0.834681	0.839476	0.842826	0.844343	0.844375	0.843598	0.842424	0.840775	0.838456	0.835704	0.833214	0.831606	0.83111	0.831627	0.832851	0.834363	0.83549	0.835786	0.835246	0.834039	0.832417	0.830699	0.829184	0.828085	0.827484	0.82734	0.827551	0.828003	0.828602	0.82927	0.829961	
0.8301	0.830801	0.831489	0.832153	0.832787	0.833383	0.833932	0.834427	0.834862	0.835238	0.835569	0.835882	0.836231	0.836692	0.837363	0.838326	0.839588	0.841003	0.842245	0.84293	0.842826	0.84198	0.84071	0.83937	0.838052	0.836495	0.834221	0.830975	0.827081	0.823228	0.82031	0.819442	0.821348	0.825823	0.831555	0.83678	0.840437	0.842332	0.842993	0.843151	0.842864	0.841611	0.839198	0.836079	0.833222	0.831337	0.830645	0.831085	0.832386	0.834133	0.835501	0.835903	0.835341	0.834058	0.832382	0.830667	0.829198	0.828154	0.827591	0.827466	0.827683	0.828135	0.82873	0.829398	0.830099	
0.830292	0.831026	0.831752	0.832463	0.833151	0.833805	0.834414	0.834968	0.835453	0.835863	0.836196	0.836464	0.836699	0.836961	0.837327	0.837868	0.838635	0.839555	0.840387	0.840809	0.840589	0.839724	0.838494	0.837273	0.836197	0.834944	0.832904	0.829738	0.825758	0.821605	0.818126	0.816682	0.818374	0.822974	0.828816	0.833968	0.837543	0.83965	0.840914	0.841969	0.842446	0.841422	0.838856	0.835507	0.832549	0.830736	0.830133	0.830604	0.831947	0.833806	0.835304	0.835747	0.835134	0.83378	0.832076	0.830398	0.82902	0.828087	0.827616	0.827553	0.827808	0.82828	0.828888	0.82957	0.830292	
0.830521	0.831297	0.832074	0.83284	0.833587	0.834302	0.83497	0.835575	0.836091	0.836496	0.836768	0.836895	0.836887	0.836766	0.836584	0.836447	0.836515	0.83683	0.837269	0.837553	0.837389	0.836666	0.835586	0.834571	0.833858	0.833106	0.83153	0.828691	0.824933	0.820888	0.817227	0.815376	0.816842	0.821333	0.826802	0.831377	0.834539	0.836686	0.838413	0.840146	0.841148	0.840269	0.837643	0.834322	0.831627	0.830237	0.829929	0.830417	0.831682	0.83348	0.834922	0.835285	0.834576	0.833151	0.831452	0.829865	0.828633	0.827857	0.827524	0.827563	0.827887	0.828408	0.829051	0.829764	0.830521	
0.830749	0.831581	0.832422	0.833255	0.834068	0.834846	0.835569	0.836208	0.836722	0.837065	0.837193	0.837064	0.836643	0.835902	0.834906	0.833876	0.83313	0.832854	0.833022	0.833358	0.833451	0.833014	0.832142	0.831328	0.83098	0.830831	0.82991	0.82756	0.824177	0.820539	0.817135	0.815203	0.816534	0.820711	0.825392	0.829054	0.831641	0.83369	0.835662	0.837789	0.839177	0.838661	0.836337	0.833365	0.831153	0.830221	0.830126	0.830511	0.831575	0.833157	0.834375	0.834552	0.833702	0.832205	0.830536	0.82908	0.828036	0.827452	0.827288	0.827461	0.827884	0.828479	0.829179	0.829943	0.830749	
0.830949	0.83185	0.832769	0.833682	0.834568	0.835409	0.836175	0.836821	0.837287	0.837502	0.837392	0.83687	0.835837	0.834239	0.832231	0.830215	0.828705	0.827994	0.828102	0.828693	0.829197	0.829136	0.828483	0.827785	0.827679	0.828093	0.827953	0.826232	0.823224	0.820046	0.817195	0.815534	0.81683	0.820488	0.824154	0.826884	0.828939	0.830818	0.832814	0.8351	0.836922	0.837152	0.835605	0.833301	0.831556	0.83078	0.830572	0.830706	0.831511	0.832817	0.833739	0.833669	0.83263	0.83104	0.829403	0.828088	0.827248	0.826886	0.826919	0.82725	0.82779	0.82847	0.829241	0.830075	0.830949	
0.831083	0.832074	0.833083	0.834087	0.835052	0.835954	0.836747	0.837368	0.837735	0.83775	0.837302	0.836244	0.834416	0.831795	0.828706	0.825797	0.823747	0.822856	0.823107	0.824081	0.825046	0.82535	0.824902	0.824291	0.824285	0.825066	0.825712	0.824778	0.822169	0.819318	0.817066	0.815893	0.817201	0.820205	0.822869	0.824885	0.826546	0.82819	0.830047	0.832404	0.834777	0.836021	0.835647	0.834217	0.832707	0.831684	0.831065	0.830895	0.831507	0.832594	0.83323	0.832862	0.831578	0.829861	0.828234	0.827044	0.826401	0.826257	0.826484	0.826958	0.8276	0.82836	0.829206	0.83012	0.831083	
0.831126	0.832224	0.833338	0.834439	0.83549	0.836447	0.837249	0.83781	0.838024	0.83777	0.836891	0.835166	0.832413	0.828707	0.824631	0.821093	0.818803	0.817951	0.818433	0.819799	0.821183	0.821754	0.821476	0.821116	0.821267	0.82215	0.823348	0.82331	0.821288	0.818702	0.816887	0.816199	0.817539	0.81988	0.821673	0.823176	0.824515	0.825807	0.827441	0.829927	0.832881	0.835122	0.835903	0.835213	0.833687	0.832195	0.831183	0.830943	0.831612	0.832631	0.833006	0.832289	0.830717	0.828852	0.82722	0.826136	0.825663	0.825702	0.826079	0.826661	0.82737	0.828179	0.829081	0.830068	0.831126	
0.831062	0.832271	0.833501	0.83471	0.835851	0.836858	0.837648	0.838111	0.838124	0.837537	0.83614	0.833665	0.829938	0.82522	0.820421	0.816575	0.814233	0.813442	0.814043	0.815644	0.817367	0.81816	0.818026	0.818177	0.81894	0.819934	0.821255	0.821978	0.820821	0.818696	0.817181	0.816863	0.818241	0.819881	0.820808	0.821826	0.822796	0.823623	0.825038	0.827725	0.831117	0.833987	0.835426	0.835064	0.833393	0.831521	0.830408	0.830477	0.831503	0.832618	0.832815	0.831827	0.830045	0.828077	0.826448	0.825459	0.825132	0.825317	0.825808	0.826453	0.827177	0.827982	0.828892	0.829923	0.831062	
0.830908	0.832214	0.833562	0.834885	0.836115	0.837163	0.837919	0.83825	0.838016	0.837035	0.835061	0.831802	0.827161	0.821674	0.816513	0.81259	0.810188	0.809266	0.809659	0.81117	0.813137	0.814271	0.814346	0.81509	0.817057	0.818751	0.81995	0.820988	0.820816	0.819572	0.818482	0.81847	0.81975	0.82045	0.82037	0.82086	0.821375	0.821681	0.822947	0.825791	0.829288	0.832186	0.83363	0.833201	0.831429	0.829484	0.828525	0.829042	0.830542	0.831918	0.832174	0.831143	0.829295	0.8273	0.825721	0.824865	0.824722	0.825089	0.82571	0.826401	0.827101	0.827842	0.828698	0.82972	0.830908	
0.830679	0.832052	0.833509	0.834946	0.836262	0.837342	0.838043	0.838212	0.837688	0.836269	0.833702	0.82971	0.824365	0.818495	0.813317	0.809476	0.807026	0.805831	0.805746	0.806782	0.808673	0.810182	0.810611	0.811846	0.815198	0.81836	0.819671	0.82047	0.821083	0.821197	0.820992	0.821338	0.822124	0.821465	0.820327	0.820348	0.820398	0.820228	0.821405	0.824195	0.827392	0.829812	0.830785	0.830112	0.828403	0.826617	0.825827	0.826601	0.828371	0.829964	0.830403	0.829519	0.827779	0.825921	0.82456	0.824008	0.824197	0.824843	0.825653	0.826426	0.827109	0.827769	0.828527	0.829487	0.830679	
0.830396	0.831803	0.833348	0.834888	0.836287	0.83739	0.838019	0.837997	0.837146	0.835272	0.83216	0.827628	0.821974	0.816171	0.811266	0.807678	0.805366	0.804127	0.80371	0.804055	0.805306	0.806777	0.807544	0.809167	0.813488	0.818283	0.820166	0.820478	0.821541	0.823221	0.824342	0.825013	0.824773	0.822595	0.820672	0.820412	0.820084	0.819531	0.820546	0.822967	0.825509	0.827195	0.827618	0.826762	0.825212	0.82365	0.823045	0.823985	0.825809	0.827349	0.827788	0.827029	0.825529	0.824018	0.823082	0.822981	0.823557	0.824492	0.825494	0.826378	0.827092	0.827707	0.828372	0.829242	0.830396	
0.830045	0.831463	0.83308	0.834713	0.836187	0.837308	0.837853	0.837622	0.836425	0.834122	0.830627	0.82594	0.820495	0.815145	0.810673	0.80743	0.805555	0.804971	0.805142	0.805082	0.804986	0.805455	0.806154	0.808103	0.812829	0.818559	0.821019	0.82092	0.82224	0.825355	0.827778	0.828373	0.826816	0.82364	0.821477	0.821154	0.820554	0.819697	0.820289	0.821899	0.82349	0.824386	0.82445	0.823614	0.822288	0.821148	0.82108	0.822456	0.824443	0.825881	0.826186	0.825434	0.824129	0.822911	0.822257	0.822377	0.823095	0.824112	0.825173	0.826114	0.82688	0.827509	0.828137	0.828939	0.830045	
0.829602	0.831029	0.83271	0.834433	0.83598	0.837118	0.83758	0.837141	0.835624	0.833001	0.829404	0.825034	0.820298	0.815733	0.81177	0.808783	0.807337	0.80778	0.80948	0.810222	0.809336	0.808473	0.80862	0.810504	0.814862	0.820141	0.822327	0.821781	0.823167	0.827288	0.830487	0.83057	0.828124	0.824876	0.822852	0.822375	0.821468	0.820243	0.820041	0.820592	0.821254	0.821522	0.821437	0.820715	0.819782	0.819479	0.820508	0.822904	0.825528	0.827198	0.827553	0.826817	0.825499	0.824186	0.823303	0.823073	0.82341	0.8241	0.82493	0.825745	0.826471	0.827109	0.827741	0.828521	0.829602	
0.829027	0.830479	0.832228	0.834044	0.835673	0.83684	0.83724	0.836635	0.834882	0.832099	0.828648	0.824884	0.821127	0.817563	0.814252	0.81147	0.810003	0.810505	0.812659	0.814385	0.814573	0.814442	0.815031	0.816898	0.820278	0.823839	0.824767	0.82352	0.824475	0.828681	0.831921	0.831597	0.829089	0.826464	0.824726	0.823885	0.822479	0.820621	0.819541	0.819229	0.819245	0.819186	0.819044	0.818399	0.817996	0.818904	0.821542	0.825373	0.828868	0.830983	0.831547	0.830866	0.82941	0.827779	0.826398	0.825483	0.825055	0.825039	0.825303	0.825717	0.826182	0.826664	0.827214	0.827955	0.829027	
0.828373	0.829836	0.831656	0.833573	0.835299	0.836519	0.836911	0.836235	0.834369	0.831521	0.82822	0.824917	0.821864	0.819032	0.816272	0.813633	0.81166	0.810898	0.811447	0.81257	0.81403	0.816297	0.819413	0.823099	0.826608	0.828782	0.828458	0.826401	0.826282	0.829485	0.832102	0.831658	0.829644	0.827882	0.826584	0.825504	0.823501	0.820761	0.818938	0.818193	0.81797	0.817856	0.817694	0.817089	0.817215	0.819444	0.823529	0.828224	0.832148	0.834538	0.835292	0.834753	0.833392	0.831801	0.830312	0.829054	0.828078	0.827392	0.826961	0.82672	0.826611	0.826627	0.82684	0.827381	0.828373	
0.827772	0.829168	0.831029	0.833042	0.834867	0.836158	0.836598	0.835955	0.834097	0.831229	0.827913	0.824608	0.821528	0.818616	0.815722	0.812791	0.810098	0.808029	0.807095	0.807688	0.810135	0.814366	0.819764	0.825437	0.830134	0.832558	0.83221	0.829899	0.828443	0.829823	0.831369	0.830962	0.829702	0.828847	0.82816	0.827142	0.824726	0.821232	0.818783	0.817911	0.817774	0.817712	0.817524	0.816954	0.81753	0.820535	0.82496	0.829423	0.833095	0.835411	0.836274	0.836017	0.835122	0.834126	0.833239	0.832439	0.83167	0.83088	0.830032	0.829114	0.828188	0.827397	0.826939	0.82702	0.827772	
0.827477	0.828657	0.830459	0.832509	0.834398	0.835746	0.836248	0.835699	0.833963	0.831165	0.827774	0.824182	0.820584	0.817001	0.813432	0.809918	0.806815	0.804661	0.804344	0.80643	0.810669	0.816177	0.821857	0.827127	0.831427	0.833923	0.834292	0.832678	0.830427	0.829761	0.830081	0.829852	0.829408	0.829384	0.829296	0.828547	0.826151	0.822537	0.819921	0.819065	0.818895	0.81864	0.818331	0.817938	0.818791	0.821617	0.825306	0.828824	0.831717	0.833596	0.83438	0.834386	0.83405	0.833817	0.833842	0.83403	0.834167	0.834002	0.833343	0.832142	0.830569	0.828955	0.827699	0.827148	0.827477	
0.827641	0.82845	0.830047	0.832021	0.833899	0.835256	0.835788	0.835327	0.83376	0.831143	0.827793	0.823998	0.819961	0.815806	0.81175	0.808094	0.805445	0.804492	0.806151	0.810578	0.816758	0.823182	0.828333	0.831712	0.833548	0.834278	0.834225	0.83313	0.830886	0.829009	0.828343	0.828481	0.829035	0.829746	0.830146	0.829734	0.827776	0.824735	0.822447	0.821464	0.820809	0.820135	0.819872	0.819908	0.820786	0.822835	0.825458	0.827972	0.830029	0.831348	0.831835	0.831774	0.83155	0.831587	0.832074	0.832945	0.833941	0.834686	0.834803	0.834071	0.832573	0.83068	0.828933	0.827822	0.827641	
0.828175	0.828571	0.829848	0.831633	0.83341	0.834695	0.835181	0.834744	0.833317	0.830936	0.827783	0.824019	0.819851	0.815529	0.811502	0.808317	0.806748	0.807437	0.810968	0.817084	0.824541	0.831655	0.836416	0.837984	0.837164	0.835446	0.833659	0.831713	0.829228	0.826711	0.825244	0.825994	0.828085	0.8298	0.830794	0.830951	0.829838	0.827873	0.826034	0.824385	0.822663	0.821368	0.821048	0.821223	0.821916	0.823527	0.825842	0.828094	0.829797	0.830717	0.830779	0.83018	0.829388	0.829006	0.829299	0.830198	0.831416	0.83263	0.83348	0.833644	0.832977	0.831615	0.830016	0.82873	0.828175	
0.828819	0.828906	0.829839	0.831356	0.832938	0.834059	0.83441	0.833906	0.832554	0.830417	0.827569	0.824048	0.820049	0.815929	0.812314	0.809812	0.809259	0.8112	0.815883	0.822858	0.830823	0.838112	0.842691	0.843522	0.841334	0.838011	0.834611	0.831255	0.827804	0.824286	0.822081	0.822474	0.825589	0.829594	0.832044	0.833039	0.832921	0.831937	0.830131	0.827447	0.824445	0.822052	0.820664	0.819776	0.820018	0.822239	0.825748	0.828917	0.830959	0.831759	0.831329	0.829894	0.828243	0.827285	0.827245	0.827946	0.829009	0.830151	0.831156	0.831827	0.831958	0.831445	0.83048	0.829461	0.828819	
0.829233	0.829213	0.829907	0.831166	0.832494	0.833363	0.833482	0.832813	0.831486	0.829622	0.827218	0.82421	0.820749	0.817205	0.814249	0.812461	0.812597	0.81509	0.820024	0.826927	0.834512	0.841318	0.845699	0.846641	0.844475	0.840775	0.836558	0.832134	0.827437	0.823247	0.822305	0.823217	0.825284	0.82995	0.834077	0.836409	0.837281	0.836668	0.834569	0.831124	0.827097	0.823276	0.819906	0.817248	0.817265	0.820707	0.825656	0.829502	0.831409	0.831691	0.830619	0.828736	0.826959	0.826071	0.826145	0.826878	0.827852	0.828806	0.829628	0.830283	0.830677	0.830697	0.830332	0.829735	0.829233	
0.829356	0.829384	0.829972	0.831028	0.832085	0.83263	0.832418	0.831509	0.830189	0.828636	0.826819	0.824626	0.822132	0.819574	0.81751	0.81637	0.816793	0.819142	0.823395	0.829194	0.835508	0.841178	0.845001	0.846188	0.844701	0.841447	0.836847	0.831322	0.82559	0.82199	0.823563	0.828614	0.832273	0.835371	0.838853	0.841115	0.841847	0.840698	0.837991	0.8341	0.829426	0.824445	0.81961	0.816426	0.817089	0.821082	0.826039	0.829397	0.830525	0.830121	0.828747	0.827133	0.825947	0.825578	0.825996	0.826861	0.827751	0.828471	0.829012	0.829431	0.82976	0.829947	0.829904	0.829639	0.829356	
0.829339	0.829425	0.829988	0.83092	0.831724	0.831894	0.831269	0.83006	0.828714	0.827497	0.826407	0.825315	0.824158	0.822946	0.821975	0.821525	0.822068	0.823913	0.827036	0.831224	0.835762	0.839745	0.842445	0.843328	0.842106	0.838884	0.833643	0.827366	0.821764	0.819537	0.822453	0.830555	0.839401	0.843055	0.84324	0.843223	0.842687	0.84063	0.836975	0.832425	0.827212	0.821603	0.816744	0.815049	0.817359	0.821802	0.826391	0.829328	0.830236	0.829807	0.828675	0.827496	0.826755	0.826698	0.827223	0.827989	0.828627	0.829019	0.829233	0.829378	0.829533	0.829663	0.829664	0.829509	0.829339	
0.829065	0.829263	0.829939	0.830856	0.831447	0.831225	0.830121	0.828525	0.82704	0.826048	0.825633	0.825624	0.825801	0.825953	0.826129	0.826449	0.827148	0.82848	0.830519	0.833253	0.836156	0.838605	0.840273	0.840565	0.838788	0.834681	0.828847	0.822882	0.818315	0.816951	0.819338	0.825906	0.835635	0.840503	0.839424	0.838193	0.837251	0.835062	0.830976	0.825704	0.819918	0.814341	0.810557	0.810678	0.814517	0.819964	0.825169	0.828808	0.830525	0.830809	0.830336	0.829688	0.829285	0.829349	0.829809	0.830336	0.830615	0.830584	0.830367	0.830117	0.829905	0.829711	0.829475	0.829211	0.829065	
0.828498	0.829025	0.829977	0.830947	0.831339	0.830727	0.829126	0.827081	0.82533	0.824335	0.824231	0.824837	0.825842	0.82694	0.827966	0.828844	0.829592	0.830424	0.831543	0.833169	0.83507	0.836831	0.838194	0.838189	0.835705	0.830918	0.82533	0.820344	0.81672	0.815184	0.815299	0.817673	0.823375	0.828525	0.82962	0.828865	0.828234	0.826593	0.822959	0.817762	0.812226	0.807747	0.805646	0.806826	0.81088	0.816419	0.822074	0.826754	0.829829	0.831411	0.832068	0.832267	0.832344	0.832551	0.83291	0.833163	0.833003	0.832393	0.831527	0.830634	0.829844	0.829199	0.828711	0.828436	0.828498	
0.827901	0.828931	0.830217	0.831257	0.831484	0.830537	0.828491	0.82599	0.82386	0.822612	0.822378	0.82298	0.824096	0.825399	0.826612	0.827607	0.82835	0.829057	0.829942	0.831213	0.832761	0.834253	0.835464	0.835284	0.832704	0.828361	0.823839	0.819953	0.816941	0.814431	0.811574	0.809223	0.810307	0.815357	0.819213	0.819884	0.819707	0.81867	0.816071	0.812181	0.808139	0.805373	0.804877	0.806799	0.810556	0.815384	0.82068	0.825576	0.829319	0.831864	0.833534	0.834545	0.835105	0.835428	0.835541	0.835262	0.834394	0.833002	0.831369	0.829821	0.828577	0.827726	0.827309	0.827354	0.827901	
0.827577	0.829108	0.830672	0.831765	0.831897	0.830743	0.8284	0.825512	0.822913	0.82114	0.820352	0.820392	0.820983	0.821841	0.822757	0.823671	0.8246	0.825716	0.827077	0.828744	0.830455	0.831884	0.832959	0.832771	0.830791	0.827753	0.824816	0.822232	0.819644	0.815928	0.809502	0.803005	0.800854	0.804899	0.810623	0.813408	0.814213	0.813677	0.812118	0.81008	0.808091	0.807067	0.807858	0.810438	0.81404	0.818138	0.822749	0.827292	0.830942	0.833654	0.835671	0.837016	0.837728	0.837877	0.837425	0.83628	0.834434	0.832134	0.829805	0.827846	0.826497	0.825826	0.825821	0.82643	0.827577	
0.827647	0.829537	0.831264	0.832373	0.832459	0.831248	0.828809	0.825712	0.822724	0.820361	0.818841	0.818113	0.818001	0.818323	0.818952	0.819866	0.821054	0.822612	0.824512	0.826677	0.828761	0.830418	0.831585	0.831551	0.830324	0.828803	0.827641	0.826287	0.823726	0.818878	0.810705	0.802499	0.79823	0.800106	0.805614	0.809822	0.811989	0.812186	0.811301	0.810659	0.810519	0.811089	0.812948	0.816044	0.819544	0.823102	0.827045	0.830883	0.833826	0.835996	0.837729	0.838977	0.839601	0.839458	0.838393	0.836374	0.83361	0.83056	0.827784	0.825708	0.82453	0.824254	0.824789	0.82598	0.827647	
0.828035	0.83009	0.831854	0.832933	0.832996	0.831844	0.82951	0.826451	0.823325	0.820614	0.818578	0.817262	0.816604	0.816496	0.81686	0.817673	0.818924	0.820716	0.82304	0.825746	0.828344	0.830338	0.831566	0.831565	0.830991	0.830977	0.831433	0.830872	0.827864	0.822052	0.81417	0.8065	0.801177	0.800878	0.804912	0.809211	0.812177	0.813342	0.813095	0.813057	0.813863	0.815368	0.817877	0.821299	0.82484	0.828227	0.831549	0.834231	0.835915	0.837085	0.838153	0.839084	0.839628	0.839414	0.83813	0.835729	0.832553	0.829211	0.82634	0.824365	0.823441	0.823531	0.824479	0.826061	0.828035	
0.828626	0.830661	0.832345	0.833338	0.833364	0.832295	0.830189	0.827405	0.824464	0.821786	0.819627	0.818073	0.817125	0.816747	0.816918	0.817679	0.819064	0.821213	0.824087	0.82736	0.830272	0.832169	0.832964	0.832697	0.832556	0.833665	0.835216	0.835039	0.831579	0.825258	0.81772	0.810681	0.805592	0.804465	0.807294	0.811046	0.813903	0.815656	0.81616	0.816352	0.817135	0.81861	0.821136	0.824675	0.828328	0.831599	0.834086	0.835314	0.835571	0.835563	0.835837	0.836434	0.837037	0.837151	0.836333	0.834414	0.831655	0.828626	0.825991	0.824211	0.82347	0.823743	0.824865	0.826583	0.828626	
0.829266	0.831149	0.832669	0.833516	0.833461	0.832443	0.830572	0.828184	0.825672	0.823339	0.821393	0.819937	0.819017	0.818662	0.81894	0.81996	0.821806	0.824542	0.827937	0.831402	0.834083	0.835355	0.835354	0.834573	0.834345	0.835768	0.837608	0.837355	0.833826	0.827932	0.821418	0.815331	0.810807	0.809456	0.811454	0.814596	0.816975	0.818578	0.819387	0.819788	0.820384	0.821414	0.82342	0.82657	0.8299	0.832659	0.834183	0.834151	0.833197	0.832161	0.8317	0.831945	0.832643	0.833299	0.833417	0.832656	0.831014	0.828841	0.826718	0.825162	0.824461	0.824679	0.82572	0.827344	0.829266	
0.829863	0.83151	0.832814	0.833475	0.833299	0.832289	0.830634	0.828668	0.826678	0.82485	0.823328	0.822229	0.821651	0.82168	0.822445	0.824074	0.826594	0.829868	0.833462	0.836692	0.838749	0.839014	0.837756	0.835935	0.835008	0.836098	0.837695	0.83734	0.83435	0.829907	0.825348	0.820769	0.816969	0.815376	0.816524	0.819021	0.820938	0.821908	0.822333	0.822845	0.823739	0.824831	0.826399	0.82883	0.831344	0.833129	0.833661	0.832829	0.831221	0.829531	0.828368	0.828047	0.828578	0.829579	0.830517	0.830948	0.830617	0.829569	0.828164	0.826885	0.826131	0.826109	0.82685	0.828195	0.829863	
0.83035	0.831721	0.832785	0.833237	0.832908	0.831878	0.830427	0.82887	0.827383	0.826068	0.825047	0.824459	0.824451	0.825153	0.826697	0.829136	0.832339	0.835911	0.839283	0.841723	0.842482	0.841269	0.838519	0.835451	0.833719	0.834373	0.835616	0.83547	0.833689	0.831084	0.828528	0.82562	0.82278	0.821032	0.821515	0.823631	0.825299	0.825681	0.825389	0.82564	0.827005	0.828888	0.830632	0.832538	0.834366	0.835353	0.835056	0.833534	0.831284	0.82893	0.827117	0.826208	0.826339	0.827327	0.828679	0.829892	0.830566	0.830509	0.82983	0.82887	0.828053	0.827717	0.828047	0.829005	0.83035	
0.83073	0.831828	0.832656	0.832888	0.832395	0.831339	0.830069	0.828841	0.827734	0.826811	0.826208	0.826094	0.826666	0.828093	0.83046	0.833665	0.837327	0.840807	0.84345	0.844563	0.843832	0.841549	0.837905	0.833938	0.831585	0.831845	0.832802	0.833014	0.83271	0.832025	0.831019	0.829326	0.827335	0.825681	0.826041	0.828148	0.829735	0.829911	0.829077	0.828737	0.830107	0.832858	0.835378	0.837179	0.838639	0.839328	0.838599	0.836366	0.833164	0.829876	0.82735	0.825979	0.825801	0.826656	0.828121	0.829684	0.830902	0.831475	0.831337	0.830666	0.82983	0.829226	0.829163	0.829727	0.83073	
0.831009	0.831876	0.832487	0.832516	0.83187	0.830772	0.829593	0.828527	0.827597	0.826849	0.82643	0.826555	0.827493	0.829441	0.832414	0.836107	0.839853	0.842872	0.844604	0.844726	0.843477	0.841044	0.836933	0.832223	0.829303	0.829171	0.829995	0.830609	0.831449	0.832413	0.832778	0.8318	0.830194	0.829012	0.829799	0.831925	0.833512	0.833933	0.83305	0.8322	0.833108	0.836151	0.839426	0.841412	0.842608	0.843183	0.842377	0.839833	0.836028	0.831935	0.828611	0.826691	0.826232	0.826978	0.828451	0.830122	0.831552	0.832405	0.832544	0.832044	0.831198	0.830408	0.830052	0.830294	0.831009	
0.831233	0.831939	0.832375	0.832228	0.831432	0.83024	0.829017	0.827922	0.826947	0.826113	0.825581	0.825646	0.826658	0.828817	0.832048	0.83586	0.839386	0.84189	0.843102	0.843181	0.842411	0.840281	0.835898	0.830561	0.827013	0.826414	0.827218	0.828336	0.829981	0.831958	0.833184	0.832474	0.83105	0.830663	0.831993	0.833974	0.83568	0.836665	0.836181	0.835238	0.835751	0.838595	0.842095	0.84424	0.84522	0.845542	0.844675	0.842232	0.838517	0.834285	0.830532	0.828093	0.827236	0.827776	0.829192	0.830873	0.832343	0.833248	0.833431	0.832956	0.832078	0.831184	0.830659	0.830695	0.831233	
0.831437	0.832066	0.832395	0.832117	0.831179	0.829836	0.828452	0.82717	0.825956	0.824822	0.82397	0.823781	0.824648	0.826733	0.829869	0.833445	0.836575	0.838684	0.839816	0.840435	0.840458	0.838808	0.834516	0.828886	0.824809	0.823809	0.824758	0.826435	0.828637	0.830972	0.832141	0.831182	0.830067	0.830464	0.83211	0.834081	0.836163	0.837754	0.837747	0.837063	0.837581	0.840263	0.843657	0.845781	0.846511	0.84632	0.845094	0.842733	0.839449	0.83567	0.832075	0.829493	0.828389	0.828716	0.830007	0.831618	0.833021	0.833838	0.833932	0.833388	0.832474	0.831555	0.830982	0.830958	0.831437	
0.831677	0.832319	0.832609	0.832255	0.831203	0.82969	0.828064	0.826479	0.824914	0.823394	0.82217	0.821666	0.822244	0.823996	0.826667	0.829636	0.83217	0.833911	0.835113	0.836309	0.837081	0.836125	0.832478	0.827197	0.823108	0.822069	0.823285	0.825353	0.827729	0.8298	0.830249	0.828954	0.828341	0.829226	0.830898	0.833062	0.83561	0.837476	0.837675	0.837342	0.838156	0.840927	0.844251	0.846233	0.84659	0.845711	0.84392	0.841479	0.838581	0.835394	0.832296	0.829981	0.828974	0.829303	0.830533	0.832038	0.833301	0.833959	0.833916	0.833289	0.832372	0.831519	0.83105	0.831132	0.831677	
0.832007	0.832733	0.833049	0.832682	0.831564	0.829904	0.828026	0.826104	0.824161	0.822257	0.820671	0.81982	0.82001	0.821241	0.823181	0.825276	0.827018	0.828281	0.829429	0.830983	0.832412	0.832359	0.829856	0.825651	0.822237	0.82158	0.823059	0.825193	0.827346	0.828748	0.828361	0.826981	0.82687	0.827863	0.82939	0.831759	0.834456	0.836071	0.836153	0.836079	0.837244	0.840213	0.843558	0.845388	0.845319	0.843797	0.841476	0.838885	0.836222	0.833502	0.830933	0.829096	0.828476	0.829064	0.830391	0.831837	0.832943	0.83344	0.83329	0.832654	0.83184	0.831186	0.830969	0.831289	0.832007	
0.832476	0.833328	0.833719	0.83341	0.832309	0.830581	0.828518	0.826307	0.824023	0.821768	0.819815	0.818562	0.818283	0.818906	0.820056	0.821252	0.82217	0.822859	0.823726	0.825313	0.827219	0.828094	0.826926	0.824247	0.822068	0.822099	0.823784	0.825733	0.827409	0.82802	0.826967	0.825735	0.826031	0.827011	0.828436	0.83078	0.833059	0.833985	0.83372	0.833714	0.835091	0.83816	0.841469	0.843144	0.842734	0.840784	0.838136	0.835456	0.832941	0.830537	0.828418	0.827102	0.826986	0.827947	0.829452	0.830898	0.831895	0.832289	0.832124	0.831614	0.831057	0.830744	0.830893	0.831533	0.832475	
0.833088	0.834066	0.834551	0.834351	0.833361	0.831689	0.829573	0.827197	0.824676	0.822143	0.819855	0.81817	0.81735	0.817337	0.817774	0.818251	0.818531	0.81872	0.819253	0.820702	0.822829	0.82436	0.824318	0.823148	0.822367	0.823167	0.824976	0.826626	0.827734	0.827631	0.826187	0.825216	0.825881	0.827083	0.828502	0.830334	0.831618	0.831536	0.83075	0.830635	0.832002	0.834941	0.838045	0.839542	0.838958	0.836868	0.834174	0.831562	0.829198	0.827052	0.825364	0.8246	0.825001	0.826311	0.827961	0.829406	0.830356	0.830745	0.830701	0.830453	0.830269	0.830391	0.83096	0.831932	0.833088	
0.833814	0.834879	0.835453	0.835386	0.834574	0.833072	0.831057	0.828692	0.826098	0.823415	0.82088	0.818798	0.817424	0.81677	0.816578	0.816522	0.816406	0.816323	0.816729	0.818142	0.820284	0.822025	0.822631	0.822586	0.822915	0.824253	0.826057	0.82744	0.828101	0.827504	0.825965	0.825334	0.826424	0.828057	0.829371	0.830259	0.83021	0.828948	0.827519	0.827174	0.828342	0.830904	0.833604	0.83487	0.834266	0.832317	0.829859	0.827493	0.825361	0.823549	0.822388	0.822235	0.823134	0.824713	0.826425	0.827833	0.828763	0.829227	0.829404	0.829508	0.82975	0.830317	0.83127	0.832508	0.833814	
0.83458	0.835678	0.836318	0.836385	0.835784	0.834528	0.832736	0.830539	0.828049	0.825389	0.822757	0.82041	0.818583	0.817361	0.816624	0.816175	0.815871	0.815778	0.81631	0.81781	0.819782	0.82132	0.822093	0.822604	0.823481	0.824959	0.826646	0.827942	0.828433	0.827673	0.826332	0.826155	0.827744	0.829685	0.830561	0.830257	0.828764	0.82633	0.824274	0.823663	0.824545	0.826569	0.828677	0.829638	0.829101	0.827476	0.825438	0.823468	0.82174	0.820465	0.819986	0.820477	0.821795	0.823522	0.825206	0.82655	0.827483	0.828073	0.828512	0.828985	0.829636	0.830579	0.831812	0.83321	0.83458	
0.835302	0.836383	0.837062	0.837244	0.836854	0.835881	0.834385	0.832465	0.830217	0.827742	0.825193	0.822775	0.820696	0.819087	0.817947	0.817217	0.816837	0.816839	0.817529	0.819023	0.820649	0.821768	0.822374	0.822894	0.823742	0.82502	0.826595	0.828074	0.828749	0.828207	0.827324	0.827689	0.829677	0.83152	0.831615	0.830047	0.827187	0.823784	0.821278	0.820462	0.821069	0.822525	0.823959	0.824546	0.824059	0.822793	0.821258	0.819844	0.818767	0.818251	0.818519	0.819561	0.821137	0.822875	0.824464	0.825741	0.826706	0.82746	0.828166	0.828958	0.829927	0.831122	0.832502	0.833949	0.835302	
0.835901	0.83693	0.837622	0.837897	0.837695	0.836997	0.835827	0.834243	0.83232	0.830141	0.827821	0.825513	0.823392	0.821605	0.820225	0.819293	0.818824	0.818838	0.81951	0.820767	0.821945	0.822618	0.822857	0.823012	0.823436	0.824339	0.825949	0.827904	0.829117	0.829128	0.828846	0.829709	0.831759	0.833015	0.832138	0.829397	0.825436	0.821433	0.81876	0.817875	0.818278	0.819262	0.820098	0.820313	0.819829	0.818904	0.817941	0.817227	0.816936	0.817187	0.818057	0.819431	0.821067	0.82271	0.824184	0.825417	0.826446	0.827369	0.828299	0.829321	0.830487	0.831803	0.833214	0.834621	0.835901	
0.836322	0.837279	0.837964	0.838308	0.838262	0.837808	0.836949	0.835713	0.83415	0.832321	0.830312	0.828236	0.826228	0.824424	0.82293	0.821834	0.821201	0.821066	0.821498	0.82231	0.822994	0.823243	0.823035	0.822652	0.822491	0.823044	0.824858	0.827458	0.829428	0.830198	0.830529	0.831664	0.833336	0.833682	0.831839	0.828151	0.823514	0.819378	0.816889	0.81612	0.816416	0.817085	0.817528	0.8175	0.817072	0.816516	0.816137	0.816084	0.816438	0.817214	0.818396	0.819851	0.821406	0.82291	0.824282	0.825499	0.826602	0.827659	0.828741	0.829893	0.831142	0.832471	0.83383	0.835144	0.836322	
0.836534	0.837416	0.838079	0.838473	0.838551	0.8383	0.837712	0.836797	0.835584	0.834113	0.832442	0.830653	0.828844	0.827128	0.825606	0.824378	0.823523	0.823101	0.823121	0.823389	0.823584	0.823418	0.822755	0.82183	0.82115	0.82149	0.823548	0.826749	0.82948	0.831025	0.831843	0.83291	0.833877	0.833266	0.830618	0.826297	0.821475	0.817704	0.815743	0.815294	0.815615	0.816139	0.816437	0.816396	0.816157	0.815956	0.815997	0.816335	0.816998	0.817959	0.819172	0.820534	0.821942	0.82331	0.824602	0.825814	0.82697	0.82811	0.829269	0.830471	0.831721	0.832998	0.834264	0.835464	0.836534	
0.836532	0.837344	0.83798	0.838404	0.838578	0.838488	0.838124	0.837483	0.83658	0.835437	0.834091	0.832596	0.831019	0.829441	0.827948	0.826631	0.825561	0.824805	0.824363	0.824109	0.823845	0.823275	0.822204	0.820853	0.819839	0.820056	0.822225	0.825788	0.829086	0.831228	0.832301	0.833055	0.833261	0.831848	0.828614	0.824018	0.819503	0.816506	0.815305	0.81532	0.815812	0.816365	0.816719	0.816833	0.816829	0.81686	0.817068	0.817489	0.818149	0.819025	0.820086	0.821263	0.822498	0.823738	0.824962	0.82616	0.827342	0.828518	0.829702	0.830901	0.832111	0.833311	0.834476	0.835564	0.836532	
0.836331	0.837082	0.837687	0.83813	0.838378	0.838412	0.838225	0.837808	0.837164	0.836302	0.835242	0.834018	0.832671	0.831256	0.82983	0.82847	0.827238	0.826199	0.825365	0.824678	0.824012	0.823093	0.82174	0.820163	0.818991	0.819068	0.821094	0.82466	0.828187	0.830618	0.831749	0.832161	0.831743	0.82973	0.826135	0.821674	0.817893	0.815883	0.815488	0.815989	0.816764	0.817518	0.818083	0.818423	0.818616	0.818759	0.818965	0.819275	0.819735	0.820348	0.821119	0.822019	0.823026	0.824103	0.825229	0.826386	0.827561	0.828741	0.829922	0.831098	0.832258	0.833381	0.834456	0.835451	0.836331	
0.83596	0.836661	0.83724	0.837689	0.837989	0.838118	0.838068	0.837827	0.83739	0.836758	0.83594	0.834952	0.833816	0.832569	0.831246	0.829902	0.828589	0.827371	0.826275	0.825285	0.82432	0.823169	0.821701	0.820092	0.818864	0.818711	0.820312	0.823502	0.826918	0.82935	0.830411	0.830559	0.829698	0.827308	0.823642	0.8197	0.816911	0.815898	0.816222	0.817202	0.818357	0.819449	0.820317	0.820911	0.821276	0.821476	0.821602	0.821707	0.821859	0.822092	0.822457	0.822974	0.823657	0.824478	0.825427	0.826477	0.827594	0.828744	0.829903	0.831048	0.83216	0.833223	0.834227	0.835147	0.83596	
0.835456	0.836122	0.836683	0.837131	0.837461	0.837658	0.837711	0.837604	0.837328	0.83688	0.83626	0.835472	0.834528	0.833447	0.832253	0.830986	0.829687	0.828414	0.827202	0.826064	0.82495	0.82372	0.822291	0.820767	0.819508	0.819041	0.820019	0.822514	0.825525	0.827772	0.828697	0.828634	0.827498	0.824995	0.821571	0.818416	0.816675	0.816543	0.817503	0.818983	0.820574	0.822033	0.8232	0.824013	0.824505	0.824733	0.824768	0.82466	0.824487	0.824305	0.824206	0.824251	0.824501	0.82496	0.825633	0.826483	0.82747	0.828549	0.829666	0.830775	0.83185	0.832873	0.833828	0.83469	0.835456	
0.834855	0.835498	0.836048	0.836499	0.836848	0.837088	0.83721	0.8372	0.837047	0.836741	0.836277	0.835655	0.834879	0.833961	0.832915	0.831775	0.830577	0.829371	0.828195	0.827076	0.825992	0.82485	0.823578	0.822197	0.820915	0.820109	0.820385	0.821994	0.824318	0.826201	0.826961	0.826738	0.82548	0.823096	0.820196	0.817966	0.817196	0.817836	0.819378	0.821327	0.823295	0.825027	0.826365	0.827268	0.827797	0.82803	0.828016	0.827774	0.827354	0.826826	0.826291	0.825844	0.825597	0.825609	0.82592	0.826495	0.827285	0.828234	0.829276	0.83034	0.831383	0.832377	0.833295	0.83412	0.834855	
0.834195	0.834825	0.83537	0.835826	0.836193	0.836462	0.836629	0.836686	0.83662	0.836419	0.836074	0.835583	0.834947	0.834178	0.833291	0.832316	0.831285	0.83025	0.82925	0.828318	0.827437	0.826536	0.825519	0.824332	0.823075	0.822002	0.821614	0.822287	0.823756	0.825082	0.825577	0.825232	0.823995	0.82191	0.819694	0.818386	0.818473	0.819785	0.821808	0.824089	0.826251	0.828025	0.829283	0.830067	0.830515	0.830733	0.830737	0.830494	0.830001	0.829297	0.828468	0.827627	0.826916	0.826456	0.826343	0.826578	0.827119	0.827885	0.828811	0.82981	0.830817	0.831782	0.832673	0.833477	0.834195	
0.83351	0.834135	0.834679	0.835141	0.835521	0.835814	0.836016	0.836118	0.836111	0.835983	0.835725	0.835333	0.834809	0.83417	0.83344	0.832652	0.831839	0.831059	0.830358	0.829767	0.829251	0.828726	0.828066	0.827149	0.825999	0.824776	0.823865	0.823658	0.824196	0.824846	0.824976	0.824509	0.82337	0.82166	0.82015	0.819697	0.820508	0.822327	0.824645	0.82702	0.829075	0.830564	0.831451	0.83191	0.832176	0.832373	0.83247	0.832371	0.832008	0.831357	0.830452	0.829397	0.828348	0.82747	0.826923	0.826772	0.827009	0.827553	0.828332	0.829244	0.830201	0.831136	0.832008	0.8328	0.83351	
0.83283	0.833456	0.834002	0.83447	0.834862	0.835172	0.835398	0.835533	0.835566	0.835489	0.835294	0.834979	0.834549	0.834025	0.833443	0.832857	0.832309	0.831861	0.831566	0.83144	0.831419	0.831373	0.831142	0.830559	0.829595	0.828347	0.827116	0.826222	0.825845	0.825721	0.825402	0.82478	0.823752	0.822446	0.821629	0.821909	0.823249	0.825346	0.827688	0.829835	0.831432	0.832302	0.832544	0.83252	0.832559	0.832763	0.833036	0.833211	0.833146	0.832752	0.832001	0.830949	0.829738	0.82856	0.827629	0.827089	0.826992	0.827279	0.827886	0.82869	0.829582	0.830481	0.831337	0.832123	0.83283	
