x=200	y=95	z=200	n=65	len=1
b
0.699891	0.699592	0.699315	0.699052	0.698797	0.698549	0.698308	0.69808	0.697869	0.69769	0.697555	0.69749	0.697514	0.69765	0.697931	0.698383	0.698999	0.699712	0.700376	0.700752	0.700581	0.699824	0.698835	0.698402	0.699165	0.70072	0.701061	0.698386	0.6943	0.691606	0.690392	0.690658	0.692732	0.69626	0.700007	0.7023	0.702799	0.701697	0.699524	0.697359	0.69613	0.696274	0.697701	0.699726	0.701172	0.701233	0.700431	0.699646	0.699094	0.698696	0.698551	0.698834	0.699576	0.700557	0.701601	0.702459	0.702897	0.702862	0.702495	0.701998	0.701492	0.70102	0.700596	0.700222	0.699891	
0.700098	0.699793	0.699513	0.699249	0.698995	0.698748	0.69851	0.698285	0.698078	0.697906	0.697779	0.697724	0.697761	0.697912	0.698208	0.698664	0.699239	0.699813	0.70014	0.699925	0.699052	0.697731	0.696426	0.69578	0.696397	0.698228	0.699881	0.69929	0.696423	0.693628	0.69211	0.692155	0.69402	0.697279	0.700595	0.702598	0.702814	0.701389	0.69914	0.697163	0.696252	0.696763	0.698457	0.700489	0.701964	0.702324	0.70185	0.701148	0.70042	0.699685	0.699118	0.698974	0.699352	0.70008	0.701052	0.702055	0.702743	0.702926	0.70269	0.702246	0.701747	0.701263	0.700826	0.700439	0.700098	
0.700259	0.699949	0.699667	0.699405	0.699154	0.698913	0.698682	0.698466	0.698273	0.698117	0.698013	0.697986	0.698054	0.698242	0.698579	0.699054	0.699554	0.69984	0.699568	0.698561	0.697022	0.695416	0.694102	0.693326	0.693535	0.694967	0.696917	0.69786	0.697034	0.695543	0.694577	0.69454	0.695865	0.698566	0.701242	0.702558	0.702283	0.700742	0.698686	0.697015	0.696365	0.697092	0.69879	0.700483	0.701654	0.702183	0.702196	0.701899	0.701306	0.700479	0.699785	0.699425	0.699478	0.699885	0.700646	0.701656	0.702504	0.702876	0.70278	0.702405	0.701929	0.701446	0.701001	0.700607	0.700259	
0.700364	0.700053	0.699773	0.699514	0.699269	0.699036	0.698816	0.698614	0.698439	0.698306	0.698232	0.698242	0.698349	0.698579	0.698947	0.699385	0.699667	0.699447	0.698468	0.696874	0.695181	0.693825	0.692789	0.691921	0.691513	0.692148	0.693774	0.695554	0.696663	0.697075	0.697162	0.697066	0.697431	0.698841	0.700483	0.701321	0.701119	0.699994	0.698321	0.696899	0.696439	0.697317	0.698848	0.700089	0.700926	0.701486	0.701752	0.701734	0.701423	0.700763	0.700176	0.699836	0.699751	0.699903	0.700396	0.701303	0.702225	0.702742	0.702774	0.702473	0.702029	0.701555	0.701111	0.700714	0.700364	
0.700414	0.700106	0.69983	0.699577	0.69934	0.699117	0.698909	0.698722	0.698565	0.698455	0.69841	0.698451	0.698593	0.698853	0.699211	0.699519	0.699442	0.698657	0.697176	0.695482	0.69419	0.693468	0.692879	0.692073	0.691447	0.692058	0.694269	0.697304	0.700137	0.702152	0.703015	0.702757	0.70217	0.701731	0.701402	0.701173	0.700762	0.699793	0.698257	0.696874	0.696541	0.697478	0.698749	0.699649	0.700259	0.700856	0.701303	0.701327	0.701074	0.70054	0.700129	0.699996	0.699989	0.700028	0.700297	0.701051	0.701974	0.702578	0.702703	0.702465	0.702052	0.701594	0.701156	0.700762	0.700414	
0.700404	0.700103	0.699834	0.699589	0.699362	0.699149	0.698953	0.698779	0.698639	0.698547	0.698521	0.698578	0.698734	0.69899	0.699276	0.699371	0.698919	0.697733	0.696086	0.69467	0.694031	0.694006	0.693878	0.693329	0.693044	0.694361	0.697697	0.702122	0.706319	0.709304	0.710679	0.710674	0.709785	0.707976	0.705524	0.70339	0.701842	0.700313	0.698476	0.69694	0.696698	0.697598	0.698572	0.699206	0.699578	0.700371	0.701391	0.70166	0.701121	0.70021	0.699769	0.699872	0.700067	0.700136	0.700293	0.700913	0.701794	0.702422	0.702591	0.702391	0.702001	0.701558	0.701131	0.700745	0.700404	
0.700337	0.700047	0.699788	0.699552	0.699334	0.699131	0.698944	0.698781	0.698649	0.698564	0.69854	0.698589	0.698722	0.698924	0.699082	0.698943	0.698213	0.696852	0.695287	0.694267	0.694214	0.69472	0.694958	0.694765	0.695008	0.69697	0.701034	0.70627	0.711111	0.714224	0.715575	0.715887	0.715231	0.713169	0.709895	0.706394	0.703568	0.701224	0.698859	0.697105	0.696924	0.69773	0.698378	0.698638	0.698815	0.700239	0.702372	0.70323	0.702295	0.700512	0.699568	0.699648	0.700003	0.700195	0.700359	0.700903	0.701721	0.702312	0.70247	0.702273	0.701889	0.701456	0.701041	0.700667	0.700337	
0.700212	0.699935	0.699688	0.699463	0.699255	0.699059	0.698879	0.698718	0.698586	0.698493	0.698448	0.698453	0.698516	0.69862	0.698628	0.698306	0.697425	0.696047	0.694655	0.693951	0.694243	0.695035	0.695553	0.695723	0.696485	0.698984	0.703462	0.708873	0.713464	0.715938	0.716783	0.717157	0.716877	0.715275	0.712488	0.70895	0.705326	0.702094	0.699219	0.697383	0.697287	0.697959	0.698304	0.698177	0.698341	0.700589	0.70401	0.705786	0.70474	0.702037	0.700068	0.699653	0.700016	0.700309	0.700509	0.701018	0.701764	0.702269	0.702357	0.702121	0.701725	0.701295	0.70089	0.700529	0.700212	
0.700034	0.699771	0.699538	0.699324	0.699124	0.698934	0.698754	0.698589	0.698444	0.698326	0.698232	0.698163	0.698135	0.698132	0.698019	0.697594	0.696676	0.695357	0.694085	0.6935	0.693918	0.694846	0.695518	0.695881	0.696939	0.699852	0.704721	0.710177	0.714282	0.716088	0.716599	0.717073	0.717103	0.715813	0.713412	0.710348	0.706526	0.702609	0.699506	0.697882	0.697996	0.698714	0.698999	0.698648	0.698647	0.701131	0.705564	0.708555	0.707948	0.704722	0.701583	0.700274	0.700361	0.700624	0.700827	0.701303	0.701929	0.702286	0.702253	0.70194	0.701511	0.701075	0.700681	0.700335	0.700034	
0.699804	0.699557	0.699337	0.699134	0.698942	0.698754	0.69857	0.698393	0.698224	0.698062	0.697904	0.697765	0.697652	0.697553	0.697383	0.697016	0.696322	0.695275	0.694101	0.693308	0.693441	0.69433	0.695136	0.695555	0.696618	0.699684	0.704868	0.710503	0.714407	0.715861	0.71624	0.716714	0.716864	0.715881	0.713637	0.710657	0.70679	0.702736	0.699894	0.698828	0.699427	0.700628	0.701177	0.70057	0.699798	0.70154	0.706414	0.710703	0.711063	0.707871	0.703892	0.701608	0.701151	0.701252	0.701434	0.701843	0.702263	0.70239	0.702181	0.701754	0.701268	0.700809	0.700419	0.700089	0.699804	
0.699525	0.699293	0.699087	0.698894	0.698707	0.698519	0.698327	0.698134	0.697939	0.697728	0.697503	0.697296	0.697114	0.697002	0.697021	0.697146	0.697128	0.696673	0.695729	0.694579	0.693922	0.694157	0.694818	0.695246	0.696138	0.699034	0.704272	0.710113	0.714087	0.715396	0.715627	0.715776	0.715664	0.715159	0.713325	0.710152	0.706287	0.702751	0.700712	0.700552	0.702113	0.704282	0.705271	0.704033	0.701671	0.701951	0.70672	0.711986	0.713347	0.710549	0.706275	0.703314	0.702297	0.702194	0.702334	0.702606	0.702758	0.702591	0.702147	0.701579	0.701013	0.700514	0.700111	0.699792	0.699525	
0.699204	0.698987	0.698793	0.698609	0.698426	0.698238	0.698043	0.697836	0.697607	0.697346	0.697067	0.696817	0.696701	0.696921	0.69763	0.698706	0.699631	0.699849	0.699231	0.697931	0.6964	0.695434	0.695345	0.695507	0.696103	0.698503	0.703384	0.709246	0.713393	0.714678	0.714667	0.714222	0.713607	0.713643	0.712375	0.709083	0.705611	0.703149	0.702391	0.703536	0.706488	0.709805	0.711008	0.708694	0.704198	0.70266	0.707006	0.712698	0.714541	0.712129	0.708053	0.70496	0.703639	0.703396	0.703468	0.703545	0.703375	0.702864	0.702159	0.701423	0.700757	0.700206	0.699778	0.699455	0.699204	
0.698847	0.698642	0.698457	0.698282	0.698107	0.697923	0.697725	0.697499	0.697234	0.696939	0.696651	0.696507	0.696799	0.69785	0.699697	0.70182	0.703337	0.703764	0.703303	0.702142	0.700317	0.698423	0.697283	0.696856	0.697011	0.698676	0.702772	0.708281	0.712499	0.713783	0.713515	0.712736	0.711975	0.711976	0.710669	0.707592	0.705138	0.704281	0.705283	0.708165	0.71246	0.716254	0.716956	0.713336	0.706907	0.70373	0.707552	0.713171	0.714776	0.712508	0.708955	0.706249	0.705008	0.704748	0.704752	0.704595	0.704063	0.70321	0.702238	0.701306	0.700517	0.699899	0.699435	0.699096	0.698847	
0.698473	0.698272	0.698097	0.69793	0.697761	0.697577	0.697369	0.697125	0.696843	0.696552	0.696366	0.696601	0.697698	0.699946	0.70295	0.705412	0.706273	0.705922	0.705266	0.704513	0.703359	0.701694	0.700086	0.699163	0.698895	0.699821	0.703029	0.707973	0.711934	0.712899	0.712331	0.711677	0.711019	0.710078	0.70821	0.706107	0.70533	0.706453	0.709408	0.713911	0.718827	0.722078	0.72172	0.716753	0.708973	0.705027	0.70858	0.713538	0.714347	0.712108	0.709205	0.707136	0.706232	0.706081	0.70605	0.705672	0.704834	0.703683	0.702434	0.701283	0.70034	0.699626	0.699107	0.698737	0.698473	
0.6981	0.697887	0.697714	0.697548	0.697379	0.697192	0.696979	0.696732	0.69646	0.696237	0.696312	0.697179	0.699333	0.702782	0.706206	0.707571	0.706544	0.704815	0.703711	0.703357	0.703276	0.702894	0.702104	0.701469	0.70119	0.701681	0.704117	0.708448	0.711998	0.712353	0.711062	0.710355	0.709614	0.707684	0.705705	0.705218	0.706523	0.709523	0.714064	0.719473	0.724112	0.72639	0.724802	0.718383	0.70982	0.706308	0.709908	0.713717	0.71379	0.711737	0.709392	0.707828	0.707219	0.707187	0.707152	0.706694	0.705714	0.704329	0.702816	0.701426	0.700291	0.699437	0.698825	0.698397	0.6981	
0.697757	0.697502	0.697309	0.697136	0.696961	0.696774	0.696562	0.696328	0.696106	0.696036	0.696487	0.698079	0.701286	0.705504	0.708313	0.707699	0.704665	0.701634	0.699928	0.699737	0.700463	0.701318	0.701827	0.70215	0.702586	0.703389	0.70544	0.709152	0.712396	0.712268	0.709881	0.708545	0.70769	0.705386	0.703738	0.704995	0.708254	0.712571	0.718129	0.723858	0.727914	0.729114	0.725871	0.71806	0.709592	0.707416	0.711217	0.71407	0.713966	0.712225	0.710161	0.70867	0.70797	0.707832	0.707846	0.707534	0.706603	0.705113	0.703394	0.701781	0.700446	0.699416	0.698657	0.698121	0.697757	
0.697473	0.697132	0.696891	0.696695	0.696511	0.696323	0.696121	0.695923	0.6958	0.695931	0.696762	0.699002	0.703035	0.70758	0.709311	0.706866	0.702189	0.697964	0.695848	0.695852	0.697291	0.699292	0.70087	0.701812	0.702757	0.704104	0.706237	0.709493	0.712479	0.712138	0.708982	0.706835	0.705927	0.703893	0.702761	0.705269	0.709678	0.714891	0.721204	0.726936	0.730351	0.729944	0.724567	0.715949	0.7088	0.708463	0.712619	0.715313	0.7155	0.713939	0.711618	0.709571	0.708337	0.707924	0.708066	0.708085	0.707353	0.705871	0.704033	0.702268	0.700788	0.699606	0.698676	0.697971	0.697473	
0.697312	0.696814	0.696478	0.696235	0.696033	0.695841	0.69566	0.695538	0.695559	0.695901	0.697031	0.699729	0.704346	0.709061	0.709895	0.706155	0.69997	0.6946	0.692415	0.692437	0.694114	0.697242	0.70054	0.70235	0.703087	0.704259	0.706276	0.70913	0.711792	0.711324	0.708142	0.70573	0.704803	0.703413	0.702929	0.705841	0.710659	0.71673	0.72346	0.7287	0.730934	0.728429	0.721099	0.712378	0.707821	0.709901	0.714555	0.717645	0.718198	0.716467	0.713405	0.710419	0.708474	0.707757	0.707987	0.70835	0.70788	0.706446	0.704561	0.702732	0.701205	0.699958	0.698904	0.698012	0.697312	
0.697299	0.696579	0.696085	0.695757	0.69552	0.695326	0.695191	0.695196	0.695419	0.695989	0.697345	0.700306	0.705299	0.710152	0.710459	0.705795	0.698147	0.691653	0.689423	0.689541	0.690668	0.692951	0.697083	0.701457	0.703688	0.704676	0.706059	0.708151	0.710203	0.709612	0.706923	0.704985	0.704367	0.703695	0.703864	0.70674	0.711706	0.718061	0.724226	0.728627	0.729292	0.724597	0.716333	0.709029	0.707779	0.712067	0.717138	0.720494	0.721097	0.718965	0.71524	0.711505	0.708926	0.7078	0.707887	0.708372	0.708081	0.706719	0.704829	0.702987	0.701502	0.700311	0.699239	0.698216	0.697299	
0.697412	0.696453	0.695742	0.695279	0.694986	0.694791	0.694741	0.694954	0.695467	0.69631	0.697885	0.701065	0.706277	0.711037	0.710934	0.705444	0.696463	0.689034	0.686881	0.68776	0.68864	0.688659	0.691096	0.696887	0.702108	0.704555	0.705524	0.706552	0.70757	0.706983	0.705276	0.704302	0.704251	0.704301	0.705201	0.708034	0.712525	0.717799	0.723075	0.726858	0.725897	0.719748	0.712087	0.707699	0.709336	0.714647	0.719616	0.722696	0.723051	0.720719	0.716843	0.712842	0.70983	0.708209	0.707897	0.708187	0.707918	0.706663	0.704826	0.702994	0.70156	0.700499	0.69954	0.698495	0.697412	
0.697552	0.696396	0.695451	0.694814	0.694444	0.694249	0.694334	0.694864	0.695756	0.696955	0.698937	0.702525	0.707736	0.711748	0.711002	0.704986	0.69523	0.687382	0.685514	0.687288	0.688481	0.687087	0.687323	0.691876	0.698084	0.70228	0.703458	0.703391	0.703435	0.703733	0.703958	0.7042	0.704461	0.70493	0.706365	0.708937	0.711968	0.7159	0.720968	0.723905	0.721919	0.716193	0.710252	0.7087	0.712258	0.717486	0.721749	0.7241	0.723891	0.721214	0.717267	0.713394	0.710457	0.708686	0.708081	0.708096	0.707739	0.706564	0.704803	0.702956	0.701475	0.700461	0.699643	0.698694	0.697552	
0.697626	0.696349	0.695192	0.694364	0.693891	0.693678	0.693944	0.694931	0.696412	0.698221	0.700785	0.704592	0.708988	0.711572	0.710505	0.705197	0.695791	0.687637	0.685718	0.688148	0.68956	0.687374	0.686237	0.689143	0.693853	0.697546	0.698634	0.698572	0.699831	0.702194	0.703705	0.704341	0.704631	0.705081	0.70649	0.708334	0.709989	0.713635	0.718371	0.720035	0.718264	0.714214	0.710637	0.711577	0.71616	0.720993	0.724588	0.725955	0.724427	0.720377	0.715636	0.711934	0.709888	0.708995	0.708759	0.708653	0.70802	0.706735	0.70502	0.703183	0.701576	0.700413	0.699584	0.698739	0.697626	
0.697603	0.696248	0.694928	0.693924	0.693322	0.693067	0.693594	0.695269	0.697506	0.699824	0.702449	0.705444	0.708015	0.709213	0.708906	0.706135	0.698881	0.690469	0.68727	0.689676	0.691505	0.689685	0.688461	0.689448	0.692181	0.695384	0.696539	0.69722	0.699714	0.702172	0.702753	0.703235	0.703899	0.704498	0.705705	0.706503	0.707565	0.711119	0.714596	0.715601	0.714968	0.712866	0.712146	0.715408	0.720992	0.726275	0.729554	0.729556	0.726043	0.720179	0.714101	0.709853	0.708425	0.708757	0.709226	0.709105	0.708248	0.706964	0.705451	0.703764	0.702072	0.70066	0.699622	0.698718	0.697603	
0.697555	0.696076	0.694643	0.693515	0.692788	0.692498	0.693296	0.695623	0.698409	0.70056	0.702169	0.703386	0.703956	0.704051	0.704594	0.705072	0.702507	0.695705	0.690323	0.691119	0.693804	0.694769	0.694963	0.693719	0.693571	0.696836	0.700065	0.701539	0.702434	0.701799	0.70057	0.701695	0.703244	0.704217	0.705049	0.704748	0.705619	0.708125	0.709864	0.711251	0.712056	0.712072	0.714043	0.719589	0.726782	0.732806	0.735842	0.734641	0.729572	0.722516	0.715143	0.709464	0.70707	0.707264	0.707866	0.707829	0.707285	0.706516	0.705569	0.704325	0.70283	0.701341	0.700042	0.698858	0.697555	
0.697653	0.695925	0.694379	0.693184	0.692396	0.69204	0.692777	0.695229	0.698191	0.699922	0.700342	0.70005	0.699351	0.698743	0.699412	0.701866	0.704034	0.701427	0.695334	0.692848	0.694065	0.696627	0.701069	0.701948	0.698915	0.699996	0.705078	0.708433	0.706946	0.700451	0.697998	0.7011	0.703685	0.704953	0.705335	0.704494	0.705064	0.705248	0.705236	0.70766	0.709894	0.711873	0.716034	0.723262	0.730892	0.736852	0.740146	0.738711	0.732978	0.725107	0.716811	0.709981	0.70623	0.70544	0.705685	0.705676	0.705503	0.705307	0.705039	0.704496	0.703565	0.702331	0.700911	0.699346	0.697653	
0.697979	0.695981	0.694262	0.692973	0.692154	0.691704	0.692023	0.693957	0.696916	0.698987	0.699432	0.698914	0.698076	0.69746	0.698104	0.700748	0.70431	0.70464	0.700553	0.696548	0.694326	0.695216	0.702502	0.710241	0.710295	0.708516	0.712352	0.717039	0.714005	0.699066	0.696149	0.700918	0.703979	0.70629	0.706883	0.706389	0.706154	0.703571	0.701941	0.705309	0.709062	0.712651	0.718267	0.724904	0.730604	0.735343	0.7382	0.736863	0.731315	0.723668	0.715843	0.709339	0.705541	0.704539	0.704711	0.704732	0.704528	0.704268	0.704006	0.703722	0.703314	0.702618	0.701496	0.699915	0.697979	
0.698234	0.696321	0.69445	0.692978	0.692061	0.691575	0.691558	0.692627	0.695045	0.697722	0.699359	0.699836	0.699677	0.699555	0.700369	0.70198	0.703201	0.701321	0.697785	0.695217	0.693511	0.694665	0.701115	0.712378	0.719932	0.720557	0.722436	0.725744	0.722918	0.705961	0.70339	0.744723	0.704368	0.706433	0.709317	0.709617	0.70852	0.704106	0.70131	0.704648	0.709611	0.714365	0.719318	0.722963	0.725969	0.728836	0.729998	0.729132	0.725075	0.718556	0.712294	0.707355	0.704512	0.703987	0.704621	0.705101	0.705048	0.704391	0.703363	0.702351	0.701631	0.70115	0.700634	0.699735	0.698235	
0.697793	0.69651	0.694787	0.693176	0.692107	0.691601	0.69152	0.691978	0.693356	0.695606	0.697934	0.699492	0.70033	0.7012	0.702338	0.702219	0.699638	0.693126	0.68796	0.688062	0.690203	0.694169	0.701082	0.71207	0.724043	0.730663	0.732618	0.73314	0.730799	0.72461	0.756328	0.746988	0.785616	0.713136	0.711957	0.713166	0.711218	0.706065	0.70308	0.705963	0.711194	0.715436	0.717382	0.717803	0.7193	0.721593	0.722281	0.721839	0.719806	0.714596	0.708961	0.705155	0.702946	0.702392	0.703165	0.704368	0.70519	0.704947	0.703619	0.7018	0.70016	0.699116	0.69866	0.698402	0.697794	
0.696675	0.696154	0.694942	0.693437	0.692281	0.691734	0.691698	0.692	0.692718	0.69403	0.695866	0.697655	0.69945	0.701543	0.702679	0.701014	0.696903	0.688963	0.68431	0.688146	0.693746	0.699109	0.705664	0.714976	0.72655	0.736611	0.741064	0.740492	0.736992	0.734972	0.734873	0.72099	0.778115	0.714233	0.715295	0.716391	0.713276	0.708471	0.706671	0.709219	0.713058	0.714759	0.712926	0.711619	0.713919	0.716586	0.71765	0.717478	0.717023	0.71475	0.710076	0.706008	0.703437	0.701918	0.701521	0.702111	0.703158	0.703711	0.703105	0.701508	0.699574	0.697961	0.69706	0.696777	0.696675	
0.695565	0.695432	0.694746	0.693575	0.692522	0.692004	0.692039	0.692391	0.692919	0.693628	0.694651	0.696075	0.698447	0.701149	0.701629	0.698412	0.694018	0.687923	0.684498	0.688678	0.696066	0.703648	0.710858	0.719351	0.729115	0.738749	0.745392	0.746554	0.743557	0.743673	0.725643	0.697776	0.785393	0.719528	0.719326	0.7184	0.714456	0.711675	0.711724	0.712933	0.713202	0.710614	0.705202	0.703482	0.709203	0.714685	0.715979	0.715459	0.715256	0.715759	0.714026	0.710808	0.708179	0.705763	0.703913	0.702935	0.702555	0.702131	0.701214	0.699864	0.698338	0.696918	0.695975	0.695599	0.695565	
0.694721	0.694759	0.694342	0.693477	0.692682	0.692396	0.692677	0.693265	0.693859	0.694253	0.69462	0.695582	0.697999	0.700373	0.699117	0.693726	0.689215	0.686445	0.684576	0.686205	0.692414	0.702727	0.713602	0.723107	0.731716	0.739419	0.745148	0.746816	0.744109	0.73778	0.714066	0.673657	0.734636	0.725672	0.721548	0.718703	0.715289	0.714388	0.714314	0.712034	0.708223	0.702903	0.696522	0.695693	0.705272	0.715058	0.716668	0.715954	0.716526	0.717772	0.71791	0.716669	0.715078	0.71294	0.710643	0.70842	0.705955	0.703194	0.700438	0.698053	0.696187	0.694937	0.694411	0.694477	0.694721	
0.693907	0.694212	0.693909	0.6932	0.6927	0.692892	0.693758	0.694808	0.695453	0.695517	0.695459	0.69606	0.69801	0.698831	0.695254	0.689817	0.687434	0.687204	0.686578	0.686894	0.691365	0.70169	0.714456	0.726515	0.735748	0.740893	0.742792	0.74291	0.740695	0.730113	0.701906	0.679003	0.738971	0.724608	0.720967	0.717876	0.715236	0.714073	0.711317	0.706085	0.701244	0.696098	0.691586	0.69403	0.705658	0.716388	0.719461	0.720607	0.721753	0.722036	0.721741	0.720972	0.720114	0.718764	0.716612	0.713525	0.709553	0.705303	0.70131	0.697698	0.694683	0.692849	0.692492	0.693135	0.693907	
0.693497	0.693913	0.693559	0.692823	0.692645	0.693595	0.695239	0.696695	0.697326	0.697176	0.696971	0.697456	0.698889	0.698622	0.694337	0.688928	0.686608	0.686556	0.686274	0.686975	0.692572	0.701627	0.710931	0.723061	0.7352	0.740406	0.739379	0.73796	0.734549	0.723774	0.700489	0.686685	0.716906	0.719629	0.717863	0.715549	0.712796	0.709872	0.704045	0.69858	0.696054	0.693826	0.69412	0.70035	0.710468	0.718973	0.722946	0.723704	0.722347	0.720243	0.718577	0.717269	0.716666	0.716226	0.714885	0.712334	0.708857	0.705115	0.701376	0.697528	0.694056	0.69195	0.691624	0.692487	0.693497	
0.693704	0.693815	0.693123	0.692311	0.692753	0.694747	0.697022	0.69862	0.6993	0.699211	0.699004	0.699243	0.699721	0.698604	0.694434	0.688198	0.683397	0.681907	0.682925	0.687443	0.696326	0.703127	0.707083	0.716057	0.729559	0.73731	0.736144	0.733396	0.726892	0.716035	0.701701	0.687032	0.699745	0.711574	0.712698	0.71128	0.707555	0.702974	0.696807	0.693887	0.695648	0.698903	0.703216	0.709132	0.715841	0.721442	0.722505	0.718959	0.714463	0.710954	0.708794	0.707689	0.708013	0.709077	0.709232	0.708145	0.706097	0.703382	0.700078	0.696493	0.693529	0.691998	0.692	0.692881	0.693704	
0.694112	0.693541	0.69242	0.691917	0.69337	0.696265	0.698906	0.700449	0.700859	0.700542	0.700003	0.699329	0.697898	0.694791	0.690067	0.684773	0.68061	0.678981	0.680651	0.687	0.696613	0.704119	0.709742	0.716296	0.724745	0.732618	0.734419	0.732032	0.724837	0.713886	0.704681	0.699364	0.702048	0.705196	0.705727	0.704045	0.700353	0.696908	0.694157	0.694834	0.698838	0.703923	0.708823	0.713993	0.720289	0.724485	0.722031	0.715394	0.709896	0.706514	0.704245	0.70292	0.703361	0.705073	0.706234	0.706079	0.704546	0.701933	0.69873	0.695703	0.693568	0.692725	0.693065	0.69382	0.694112	
0.694216	0.693014	0.691804	0.69191	0.694283	0.69779	0.700566	0.701723	0.701402	0.700328	0.69889	0.696879	0.693847	0.689823	0.685677	0.682409	0.68097	0.681311	0.682579	0.686157	0.69249	0.699896	0.707453	0.71323	0.718841	0.727064	0.732547	0.732424	0.727283	0.718636	0.711251	0.705605	0.702137	0.701153	0.70022	0.697828	0.695268	0.693877	0.69423	0.696971	0.700613	0.704524	0.709748	0.716599	0.723919	0.727545	0.72464	0.718576	0.713911	0.710921	0.707372	0.703754	0.702247	0.702899	0.703954	0.703978	0.702716	0.700543	0.698077	0.695961	0.694602	0.694219	0.694536	0.694744	0.694216	
0.693832	0.692433	0.691502	0.691941	0.694579	0.698463	0.701444	0.702328	0.701386	0.699501	0.697242	0.694677	0.691881	0.689098	0.686917	0.685543	0.685026	0.685349	0.685299	0.686688	0.68921	0.691232	0.696006	0.704329	0.714318	0.72419	0.730154	0.730679	0.72768	0.722553	0.717747	0.712801	0.708067	0.70609	0.705268	0.703785	0.700919	0.698088	0.697731	0.700459	0.704711	0.708669	0.713041	0.719045	0.725521	0.727972	0.724497	0.718649	0.715403	0.714596	0.710586	0.70423	0.7006	0.700266	0.701102	0.701334	0.700751	0.699638	0.698346	0.697172	0.696376	0.696035	0.69577	0.695081	0.693832	
0.693429	0.692173	0.691503	0.691849	0.694011	0.697742	0.701173	0.702627	0.701931	0.699934	0.697628	0.695528	0.693857	0.692617	0.691676	0.690755	0.689549	0.688518	0.687731	0.687211	0.684391	0.681284	0.685996	0.69839	0.712011	0.722625	0.727873	0.727952	0.724871	0.719898	0.716879	0.716018	0.713621	0.712145	0.713585	0.715261	0.713041	0.707809	0.704546	0.706088	0.711273	0.715934	0.718381	0.720811	0.724813	0.725216	0.718855	0.710992	0.709694	0.712361	0.708965	0.701782	0.697798	0.697176	0.697821	0.698519	0.698964	0.699135	0.699072	0.698699	0.698065	0.697296	0.69628	0.694936	0.693429	
0.693377	0.692343	0.691775	0.69186	0.693181	0.696041	0.699536	0.70206	0.702797	0.702026	0.700581	0.699081	0.697809	0.69675	0.695701	0.694507	0.692952	0.691311	0.689675	0.686349	0.678036	0.672874	0.680785	0.695929	0.710598	0.720888	0.72554	0.726313	0.723077	0.715912	0.711499	0.712645	0.713832	0.714153	0.717125	0.721822	0.72125	0.714685	0.7089	0.709664	0.715526	0.721256	0.722306	0.72051	0.720736	0.71847	0.71083	0.703561	0.704171	0.707022	0.703738	0.698809	0.696375	0.695372	0.695062	0.695625	0.696895	0.698256	0.699188	0.699369	0.698775	0.697674	0.696288	0.69478	0.693377	
0.693763	0.692867	0.692306	0.692182	0.692801	0.694494	0.697175	0.700013	0.70206	0.702895	0.70267	0.701755	0.700526	0.699152	0.69767	0.696132	0.694264	0.690474	0.685348	0.682592	0.67974	0.680621	0.690767	0.703151	0.713408	0.720357	0.723362	0.723359	0.719393	0.712093	0.707629	0.709122	0.713412	0.716663	0.719851	0.724703	0.724413	0.717164	0.710068	0.71011	0.716258	0.723502	0.724659	0.719731	0.716403	0.712362	0.705849	0.701088	0.700963	0.701529	0.700237	0.699075	0.697966	0.696203	0.694407	0.693677	0.694392	0.696005	0.697605	0.698479	0.698405	0.697569	0.696321	0.694968	0.693763	
0.694487	0.693648	0.693073	0.692861	0.693149	0.694073	0.695718	0.697847	0.699867	0.701218	0.701624	0.701141	0.70006	0.698705	0.69737	0.695893	0.692589	0.684344	0.676398	0.678132	0.687051	0.69722	0.707199	0.714693	0.718683	0.720949	0.72132	0.71843	0.71352	0.709495	0.707316	0.708676	0.714302	0.719326	0.721956	0.724771	0.723751	0.716912	0.710129	0.70955	0.715074	0.723049	0.725696	0.720661	0.715763	0.711821	0.706876	0.702865	0.701071	0.700431	0.700307	0.700166	0.69956	0.698162	0.69588	0.693479	0.692191	0.692598	0.694237	0.696024	0.697081	0.697166	0.696503	0.695499	0.694487	
0.695393	0.69461	0.694047	0.693855	0.694086	0.694727	0.695772	0.697101	0.698404	0.699297	0.69952	0.699036	0.698136	0.697295	0.69671	0.695585	0.691573	0.68274	0.675708	0.678076	0.689495	0.702794	0.712778	0.717673	0.717267	0.71698	0.71671	0.714677	0.712791	0.712005	0.710553	0.711003	0.716517	0.721409	0.723232	0.724607	0.722591	0.716072	0.710569	0.709871	0.713827	0.72062	0.724734	0.722001	0.717018	0.71344	0.709777	0.705601	0.701639	0.698007	0.695086	0.694187	0.695528	0.697198	0.697257	0.695008	0.691932	0.690228	0.690753	0.692817	0.694996	0.696338	0.696631	0.696175	0.695393	
0.696359	0.695704	0.695214	0.695142	0.695473	0.69606	0.696794	0.69755	0.69804	0.698059	0.69764	0.696981	0.696537	0.696581	0.69687	0.696505	0.694107	0.689097	0.682962	0.678086	0.682301	0.695507	0.707167	0.709465	0.705215	0.705271	0.709439	0.713723	0.716298	0.716175	0.714094	0.714069	0.71913	0.723042	0.72415	0.725453	0.722872	0.71613	0.711737	0.71137	0.713623	0.71824	0.722878	0.722887	0.718154	0.712814	0.707856	0.702025	0.695068	0.688534	0.684306	0.684383	0.688621	0.693829	0.697144	0.696968	0.69393	0.690569	0.689118	0.69018	0.692657	0.695013	0.696411	0.696747	0.696359	
0.697261	0.696876	0.69657	0.696708	0.697183	0.697702	0.698033	0.698015	0.697591	0.696838	0.695991	0.695529	0.6958	0.696604	0.697567	0.698107	0.697535	0.695459	0.689978	0.679062	0.674946	0.686832	0.697281	0.693799	0.687788	0.689985	0.698896	0.709069	0.71604	0.717908	0.715964	0.714715	0.71795	0.72183	0.724405	0.726529	0.723501	0.716571	0.71302	0.713701	0.715327	0.717742	0.721029	0.722327	0.718385	0.710501	0.701775	0.693214	0.685431	0.6799	0.678271	0.681289	0.687265	0.693209	0.697218	0.698393	0.696606	0.693015	0.689929	0.689195	0.690861	0.693513	0.695801	0.697061	0.697261	
0.698021	0.698045	0.698027	0.698424	0.698991	0.699208	0.698806	0.69784	0.696649	0.695537	0.694813	0.69485	0.695624	0.69675	0.697961	0.698955	0.699508	0.699534	0.697506	0.690358	0.685273	0.690745	0.69115	0.68159	0.6766	0.678708	0.687425	0.700755	0.711789	0.715603	0.714195	0.710567	0.710131	0.714216	0.72042	0.724778	0.721984	0.716163	0.713906	0.715952	0.718676	0.720389	0.720949	0.72058	0.717535	0.709866	0.699263	0.689344	0.682495	0.679877	0.681675	0.68624	0.6912	0.69521	0.69797	0.699136	0.698208	0.695361	0.691955	0.689883	0.690236	0.692433	0.695096	0.697137	0.698021	
0.698724	0.699141	0.699447	0.700118	0.700646	0.700388	0.699218	0.697553	0.695897	0.694654	0.694158	0.694467	0.695331	0.696393	0.697528	0.698734	0.700084	0.701611	0.702458	0.70075	0.698155	0.69703	0.689432	0.678524	0.67504	0.677745	0.686898	0.69976	0.708527	0.71092	0.709612	0.703171	0.698635	0.701736	0.711286	0.719573	0.718561	0.714848	0.714132	0.716828	0.721013	0.724077	0.723271	0.719997	0.716198	0.710251	0.701364	0.692599	0.687275	0.686336	0.688425	0.691289	0.693891	0.696155	0.697965	0.698792	0.698172	0.696124	0.693332	0.691082	0.690639	0.692187	0.694791	0.697272	0.698724	
0.699448	0.700091	0.700668	0.701568	0.702026	0.701441	0.699843	0.697768	0.695799	0.694397	0.693812	0.693911	0.694481	0.695325	0.696341	0.697614	0.699163	0.700741	0.70166	0.701008	0.699257	0.697328	0.691942	0.6852	0.684038	0.688451	0.696125	0.703033	0.706303	0.707095	0.705267	0.696291	0.688057	0.688989	0.699858	0.712395	0.714989	0.713492	0.714093	0.716496	0.720719	0.725093	0.724774	0.720463	0.715493	0.710123	0.703564	0.696839	0.692431	0.691125	0.691705	0.692824	0.694108	0.695572	0.696767	0.697169	0.696695	0.695348	0.693428	0.69176	0.691346	0.692619	0.695084	0.697713	0.699448	
0.700137	0.700774	0.701494	0.702597	0.703165	0.702633	0.701097	0.699094	0.697053	0.695167	0.693869	0.693268	0.693204	0.693726	0.694617	0.695578	0.696387	0.696804	0.696731	0.696328	0.696123	0.696068	0.694895	0.693748	0.695282	0.69854	0.701239	0.702413	0.702906	0.703548	0.701901	0.691948	0.681387	0.680095	0.689938	0.704633	0.710942	0.711724	0.713508	0.715488	0.718682	0.722856	0.722855	0.719124	0.714748	0.710026	0.704971	0.699673	0.695567	0.693664	0.693387	0.693681	0.694126	0.694707	0.695112	0.695006	0.694557	0.69383	0.692818	0.691994	0.69208	0.693474	0.695886	0.698456	0.700136	
0.700626	0.700996	0.701725	0.70305	0.703947	0.70385	0.70289	0.701476	0.699752	0.697391	0.694868	0.693067	0.692135	0.692077	0.692575	0.692963	0.692738	0.691976	0.691315	0.691556	0.692993	0.694582	0.695625	0.697122	0.699505	0.701045	0.700906	0.700121	0.699949	0.700982	0.700726	0.692787	0.681289	0.677407	0.685222	0.698521	0.706066	0.708896	0.711809	0.713746	0.715894	0.718915	0.71832	0.714668	0.711469	0.708356	0.705073	0.701417	0.697858	0.695576	0.694825	0.694881	0.694773	0.694302	0.693769	0.693199	0.692755	0.692487	0.69229	0.692334	0.693055	0.694713	0.697073	0.699355	0.700626	
0.70078	0.700711	0.701301	0.702763	0.704079	0.704593	0.704375	0.703711	0.702632	0.700499	0.697241	0.694152	0.692204	0.691403	0.691345	0.691376	0.690888	0.689962	0.689416	0.690208	0.692107	0.69378	0.695296	0.697632	0.700456	0.701323	0.699781	0.698189	0.698207	0.700206	0.701754	0.697609	0.686862	0.680528	0.685534	0.694793	0.701316	0.705613	0.709387	0.711413	0.712727	0.71447	0.713117	0.708782	0.70585	0.704243	0.702711	0.700846	0.698434	0.696505	0.69591	0.696245	0.696128	0.69503	0.693677	0.692671	0.692171	0.692169	0.692538	0.693233	0.694461	0.696312	0.698475	0.700191	0.70078	
0.700551	0.700064	0.700408	0.701797	0.703384	0.704425	0.704808	0.704783	0.704475	0.703275	0.700525	0.697079	0.694361	0.692876	0.692369	0.692352	0.692414	0.692414	0.692579	0.69326	0.694036	0.694299	0.695037	0.697239	0.69988	0.700112	0.698164	0.696859	0.697715	0.700874	0.703321	0.701084	0.69207	0.685271	0.687098	0.692196	0.697576	0.702616	0.70674	0.708774	0.709401	0.709794	0.707795	0.703276	0.700321	0.69953	0.699229	0.698671	0.697482	0.696536	0.696769	0.697713	0.697946	0.696839	0.695169	0.693878	0.693243	0.693275	0.693857	0.694868	0.696325	0.69812	0.6998	0.700701	0.700551	
0.700013	0.699287	0.699375	0.700488	0.70207	0.703399	0.704205	0.704663	0.705002	0.704859	0.703464	0.701007	0.698571	0.69696	0.696305	0.696426	0.697165	0.698118	0.698665	0.69843	0.697363	0.695905	0.69549	0.697026	0.69892	0.698649	0.696961	0.69608	0.697684	0.701424	0.702546	0.699252	0.691908	0.686367	0.686677	0.689989	0.695193	0.700434	0.704439	0.706345	0.706411	0.705615	0.703186	0.699292	0.696846	0.696489	0.696789	0.696876	0.696604	0.696877	0.698122	0.69947	0.699745	0.698677	0.69709	0.695865	0.695284	0.69532	0.695916	0.696979	0.698347	0.699741	0.700671	0.700719	0.700013	
0.69936	0.698577	0.698468	0.699219	0.700559	0.701934	0.702999	0.703797	0.704535	0.705139	0.705092	0.704176	0.702934	0.702078	0.701918	0.702467	0.703525	0.704386	0.704217	0.702554	0.699916	0.697387	0.696224	0.697099	0.698114	0.697518	0.69617	0.695404	0.697272	0.700104	0.69791	0.692684	0.687372	0.684174	0.685292	0.689014	0.694264	0.699131	0.702662	0.704414	0.704231	0.70284	0.700487	0.697707	0.696137	0.695956	0.696294	0.69664	0.697167	0.69844	0.700124	0.701175	0.700893	0.699579	0.698192	0.697337	0.697096	0.69735	0.698025	0.698998	0.700009	0.700749	0.700892	0.700322	0.69936	
0.698764	0.698027	0.6978	0.698213	0.699177	0.700367	0.701488	0.702471	0.703419	0.70439	0.705178	0.705513	0.705513	0.705623	0.70614	0.707002	0.707838	0.707979	0.706809	0.704005	0.700469	0.697578	0.696318	0.69691	0.697368	0.696834	0.695749	0.694539	0.695852	0.696725	0.691384	0.685457	0.682655	0.682443	0.685428	0.689778	0.694595	0.698571	0.701338	0.702981	0.703013	0.701708	0.699858	0.698222	0.697521	0.697612	0.69803	0.698592	0.699523	0.700895	0.702049	0.702138	0.701074	0.699648	0.698655	0.698329	0.698523	0.699037	0.699738	0.700449	0.70094	0.701022	0.700593	0.69974	0.698764	
0.698318	0.697673	0.697394	0.697558	0.698149	0.699021	0.699988	0.700967	0.701968	0.703017	0.704068	0.704998	0.705737	0.706399	0.707122	0.707819	0.708221	0.707926	0.706395	0.703282	0.699479	0.696587	0.695619	0.696266	0.696734	0.69681	0.695727	0.693426	0.693605	0.692783	0.685871	0.680496	0.680359	0.683101	0.687398	0.691576	0.695609	0.698432	0.700294	0.701816	0.702391	0.701753	0.70067	0.700024	0.700139	0.700597	0.70108	0.701568	0.702201	0.702832	0.702919	0.702075	0.700721	0.699635	0.699181	0.699301	0.699748	0.700298	0.7008	0.701109	0.701107	0.700748	0.700062	0.699182	0.698318	
0.698057	0.697511	0.697217	0.697219	0.697519	0.698063	0.698762	0.69956	0.700448	0.701414	0.702409	0.703383	0.704267	0.705014	0.705622	0.706058	0.706249	0.705969	0.704736	0.702068	0.698461	0.695583	0.694902	0.695812	0.696862	0.697777	0.696173	0.692456	0.691484	0.690041	0.683641	0.679677	0.681689	0.68596	0.690051	0.693616	0.696838	0.69852	0.699507	0.70075	0.701827	0.702131	0.701973	0.702092	0.702639	0.703107	0.703347	0.703489	0.703582	0.703429	0.702748	0.701606	0.700524	0.69993	0.699873	0.700165	0.700578	0.700936	0.701126	0.701083	0.700783	0.700248	0.699544	0.698772	0.698057	
0.69798	0.697521	0.697227	0.697127	0.697222	0.6975	0.697923	0.698462	0.69911	0.69986	0.700668	0.701478	0.702224	0.702845	0.703314	0.703606	0.703729	0.703646	0.703023	0.701176	0.698055	0.695252	0.694797	0.69617	0.69811	0.699448	0.696974	0.692151	0.690309	0.689615	0.685554	0.68315	0.685901	0.689701	0.69265	0.695701	0.698163	0.698849	0.699069	0.699883	0.701121	0.702147	0.702727	0.703136	0.703572	0.703844	0.703937	0.703919	0.703735	0.703235	0.702393	0.701439	0.700731	0.700444	0.700498	0.700715	0.700935	0.701042	0.700983	0.700745	0.700342	0.699805	0.699188	0.698555	0.69798	
0.698051	0.69766	0.697371	0.697205	0.697169	0.697255	0.697453	0.697749	0.698138	0.698619	0.699171	0.699756	0.70032	0.700817	0.701211	0.701467	0.701619	0.701777	0.701737	0.700668	0.698149	0.695776	0.695639	0.697528	0.700193	0.701283	0.698046	0.69286	0.690577	0.691266	0.690427	0.689358	0.690999	0.693059	0.695061	0.697748	0.69951	0.699411	0.69905	0.699397	0.700327	0.701404	0.702212	0.702638	0.702917	0.703148	0.703358	0.703477	0.703385	0.702993	0.702371	0.70174	0.701305	0.701103	0.70106	0.701079	0.701073	0.700973	0.700762	0.700441	0.700026	0.699542	0.699027	0.698516	0.698051	
0.698231	0.697887	0.697605	0.697398	0.697272	0.697229	0.697265	0.697374	0.697557	0.697812	0.698134	0.698506	0.698905	0.699312	0.6997	0.700025	0.700312	0.700702	0.701027	0.700489	0.698618	0.697019	0.697391	0.699647	0.702357	0.702671	0.698951	0.694154	0.692068	0.693681	0.695368	0.695009	0.694742	0.695375	0.697184	0.69961	0.700708	0.700058	0.699351	0.699291	0.699641	0.700169	0.700625	0.700896	0.701153	0.701511	0.701947	0.702359	0.702625	0.702648	0.702475	0.702235	0.702021	0.701833	0.701662	0.701483	0.701272	0.701008	0.70069	0.70032	0.69991	0.699478	0.699044	0.698622	0.698231	
0.698475	0.698162	0.697889	0.697659	0.697477	0.697347	0.69727	0.697248	0.697284	0.697379	0.697537	0.69776	0.698048	0.698411	0.698845	0.699308	0.699777	0.700347	0.700874	0.700716	0.699579	0.698821	0.699676	0.701865	0.703842	0.703331	0.699385	0.695156	0.693863	0.695745	0.698031	0.697526	0.69624	0.696818	0.699048	0.701194	0.70159	0.700627	0.69972	0.699268	0.698955	0.698698	0.698518	0.698486	0.698695	0.699187	0.699867	0.700597	0.701302	0.701861	0.702237	0.702447	0.702525	0.702457	0.70226	0.701963	0.701603	0.701211	0.700804	0.700389	0.699977	0.699576	0.69919	0.698821	0.698475	
0.698761	0.698466	0.698197	0.697955	0.697742	0.697558	0.697404	0.697291	0.697222	0.697206	0.697253	0.697375	0.69759	0.697925	0.698401	0.699003	0.699665	0.700387	0.701062	0.701285	0.700919	0.700857	0.701787	0.703224	0.704204	0.703386	0.699512	0.695478	0.694784	0.696563	0.698139	0.697278	0.696288	0.697753	0.700565	0.70237	0.702137	0.701047	0.699946	0.698992	0.698004	0.697091	0.696539	0.696427	0.69663	0.697104	0.69781	0.698651	0.699614	0.700564	0.701407	0.702071	0.702538	0.702762	0.702719	0.702445	0.702029	0.701554	0.701075	0.700617	0.700191	0.699795	0.699427	0.699082	0.698761	
0.699062	0.698775	0.698507	0.698256	0.698023	0.697807	0.697611	0.69744	0.697299	0.697206	0.697171	0.697215	0.697362	0.697645	0.698102	0.698755	0.699561	0.700441	0.701293	0.701903	0.70216	0.702386	0.702736	0.703158	0.703652	0.703167	0.699753	0.695561	0.694531	0.695736	0.696328	0.69555	0.695702	0.69815	0.701346	0.702911	0.702402	0.701316	0.700005	0.698515	0.697048	0.69597	0.695589	0.695801	0.696131	0.696375	0.696704	0.69727	0.698139	0.699137	0.70017	0.701145	0.701985	0.702592	0.702875	0.702801	0.702455	0.701964	0.701441	0.700944	0.700491	0.700083	0.699713	0.699373	0.699062	
0.699361	0.699074	0.698805	0.698549	0.698303	0.698068	0.697845	0.697641	0.69746	0.697317	0.697225	0.697208	0.69729	0.697503	0.697889	0.698488	0.699294	0.700238	0.701205	0.702025	0.702492	0.7025	0.702139	0.702034	0.702622	0.702805	0.700289	0.69596	0.693728	0.693766	0.693536	0.693254	0.694632	0.697763	0.701138	0.702735	0.702467	0.701493	0.699936	0.698029	0.696404	0.695587	0.695767	0.696629	0.697279	0.697268	0.697022	0.697031	0.697466	0.698167	0.699052	0.700055	0.701091	0.702017	0.70267	0.70292	0.702772	0.70236	0.701839	0.701316	0.700834	0.700405	0.70002	0.699673	0.699361	
0.699641	0.699349	0.699076	0.698816	0.698564	0.698319	0.698082	0.69786	0.697657	0.697487	0.697363	0.69731	0.697348	0.697504	0.697818	0.698324	0.699027	0.699876	0.700753	0.701466	0.701742	0.701404	0.700709	0.700478	0.701233	0.702157	0.700973	0.697013	0.693402	0.691962	0.691222	0.691387	0.693379	0.696854	0.700448	0.702379	0.7026	0.701672	0.699783	0.697641	0.69613	0.695779	0.696655	0.698239	0.699328	0.69923	0.698539	0.698019	0.697881	0.698032	0.698474	0.69921	0.700198	0.701258	0.702191	0.702781	0.702919	0.702669	0.702203	0.701677	0.701177	0.700725	0.70032	0.699961	0.699641	
0.699891	0.699592	0.699315	0.699052	0.698797	0.698549	0.698308	0.69808	0.697869	0.69769	0.697555	0.69749	0.697514	0.69765	0.697931	0.698383	0.698999	0.699712	0.700377	0.700752	0.700581	0.699824	0.698835	0.698402	0.699165	0.70072	0.701061	0.698386	0.6943	0.691606	0.690392	0.690658	0.692732	0.69626	0.700007	0.7023	0.702799	0.701697	0.699524	0.697359	0.69613	0.696274	0.697701	0.699726	0.701172	0.701233	0.700431	0.699646	0.699094	0.698696	0.698551	0.698834	0.699576	0.700557	0.701601	0.702459	0.702897	0.702862	0.702495	0.701998	0.701492	0.70102	0.700596	0.700222	0.699891	
