x=120	y=200	z=200	n=65	len=1
b
0	0	0	0	0	0	0	0	0	0	0	0	0	0	0	0	0	0	0	0	0	0	0	0	0	0	0	0	0	0	0	0	0	0	0	0	0	0	0	0	0	0	0	0	0	0	0	0	0	0	0	0	0	0	0	0	0	0	0	0	0	0	0	0	0	
0.0237771	0.0227203	0.0217753	0.0209833	0.0203695	0.019964	0.0197651	0.0197409	0.0198751	0.020157	0.0205707	0.0211069	0.0217236	0.0223606	0.0229761	0.0235364	0.0240089	0.0243682	0.0246171	0.0247723	0.0248553	0.0248905	0.0248979	0.0248859	0.0248644	0.0248369	0.0248004	0.0247425	0.0246526	0.0245267	0.02436	0.0241585	0.0239299	0.0236944	0.0234699	0.0232782	0.0231354	0.0230532	0.0230326	0.0230683	0.0231469	0.0232536	0.0233695	0.0234802	0.0235728	0.023639	0.0236832	0.0237194	0.0237793	0.0239016	0.0241266	0.0244726	0.0249446	0.0255224	0.0261629	0.0267997	0.0273697	0.0277836	0.0279526	0.0278377	0.0274232	0.0267481	0.0258743	0.0248598	0.0237772	
0.0478128	0.0457919	0.0439163	0.0422858	0.0409805	0.0400579	0.0395582	0.0394675	0.0397449	0.0403623	0.0412772	0.0424153	0.0436787	0.0449697	0.0461982	0.0472925	0.0482006	0.0488937	0.0493752	0.0496694	0.0498169	0.0498681	0.0498629	0.0498183	0.0497552	0.0496782	0.0495847	0.0494584	0.0492787	0.0490332	0.0487118	0.0483249	0.0478845	0.0474284	0.0469917	0.0466183	0.0463407	0.0461829	0.0461471	0.0462218	0.0463798	0.0465906	0.0468151	0.0470256	0.0471969	0.0473132	0.0473841	0.0474403	0.0475527	0.0477986	0.0482592	0.0489774	0.0499578	0.0511497	0.0524523	0.0537305	0.0548196	0.0555521	0.0558126	0.0555405	0.0547303	0.0534439	0.051778	0.0498548	0.0478129	
0.0714657	0.0686177	0.0659483	0.0635988	0.0616913	0.0603124	0.0595417	0.0593881	0.0598027	0.060752	0.0621533	0.0638608	0.0657354	0.0676462	0.0694614	0.0710719	0.0724027	0.0734164	0.0741136	0.0745249	0.0747123	0.0747525	0.0747073	0.0746081	0.0744907	0.0743627	0.0742208	0.0740436	0.0738011	0.0734711	0.0730345	0.0725021	0.0718881	0.0712428	0.0706162	0.070074	0.0696667	0.0694341	0.0693815	0.0694922	0.0697252	0.0700323	0.0703527	0.0706448	0.0708714	0.0710076	0.0710722	0.0711198	0.0712672	0.0716353	0.0723443	0.0734542	0.0749572	0.0767602	0.0786966	0.0805461	0.0820487	0.0829787	0.0832085	0.0826825	0.0814103	0.0794916	0.0770774	0.0743418	0.0714658	
0.0944503	0.0909481	0.0876851	0.0848212	0.0824985	0.0808238	0.0798881	0.0797071	0.0802488	0.0814781	0.0832672	0.0854405	0.0878397	0.0902984	0.0926546	0.094764	0.096517	0.0978499	0.0987537	0.0992633	0.0994648	0.0994617	0.0993422	0.09916	0.0989692	0.098785	0.0986051	0.0984008	0.0981313	0.0977659	0.0972717	0.0966554	0.0959284	0.0951462	0.0943691	0.0936828	0.0931552	0.0928471	0.0927715	0.0929094	0.0932069	0.0935964	0.0939938	0.0943411	0.0945888	0.0947008	0.0947107	0.0947094	0.0948695	0.0953616	0.0963401	0.0978678	0.0999072	0.102303	0.104803	0.107087	0.108832	0.109782	0.109819	0.108911	0.107101	0.104548	0.101453	0.0980172	0.0944506	
0.116848	0.112924	0.109299	0.106136	0.103579	0.101741	0.10072	0.100542	0.101194	0.102621	0.104687	0.107223	0.110051	0.112975	0.115806	0.118368	0.120524	0.122176	0.123286	0.123884	0.124077	0.123997	0.123765	0.123463	0.123168	0.122905	0.122678	0.122454	0.12218	0.121823	0.121332	0.120707	0.11995	0.11911	0.11825	0.117466	0.116842	0.116463	0.116356	0.116506	0.116849	0.117297	0.117742	0.118106	0.118326	0.118354	0.118245	0.118146	0.118298	0.118926	0.12021	0.122199	0.124791	0.127739	0.130684	0.133219	0.134978	0.135721	0.135376	0.133961	0.131587	0.12847	0.124831	0.120885	0.116848	
0.138814	0.134766	0.131045	0.127805	0.125181	0.123283	0.12222	0.12205	0.122751	0.124257	0.126472	0.129241	0.132364	0.135634	0.138847	0.141801	0.14433	0.146297	0.147628	0.148325	0.148502	0.148319	0.147941	0.147487	0.147055	0.146685	0.146388	0.146133	0.145859	0.145535	0.1451	0.144547	0.14386	0.143069	0.142229	0.141427	0.140753	0.140316	0.140162	0.140293	0.140647	0.141114	0.141565	0.141899	0.142028	0.141894	0.141593	0.141346	0.141479	0.142278	0.143925	0.146417	0.149548	0.152954	0.156168	0.158713	0.160219	0.160517	0.159612	0.157606	0.154707	0.151161	0.147195	0.143017	0.138815	
0.16065	0.156808	0.153274	0.150174	0.147623	0.145743	0.144655	0.144436	0.14507	0.146509	0.148703	0.151502	0.154718	0.158161	0.161629	0.164908	0.167786	0.17008	0.171669	0.172504	0.172685	0.172393	0.17185	0.171218	0.170627	0.170122	0.169721	0.169399	0.169095	0.1688	0.168451	0.168038	0.167527	0.166919	0.166238	0.165539	0.164898	0.164432	0.164209	0.164273	0.164576	0.164999	0.165399	0.165646	0.165606	0.16522	0.164649	0.164217	0.164351	0.165389	0.16747	0.170487	0.174105	0.177827	0.181073	0.18333	0.184294	0.183923	0.182335	0.179757	0.176477	0.172739	0.168748	0.164673	0.16065	
0.18276	0.179449	0.176374	0.17362	0.171277	0.169473	0.168339	0.167957	0.168355	0.169534	0.171465	0.174032	0.177097	0.180494	0.184036	0.187512	0.190697	0.193353	0.195276	0.196332	0.196574	0.196194	0.195482	0.194666	0.193909	0.193251	0.192706	0.192255	0.19186	0.19155	0.191281	0.191047	0.190802	0.190518	0.19017	0.18974	0.189262	0.188832	0.188525	0.188453	0.188613	0.18889	0.189159	0.189245	0.188943	0.188207	0.187295	0.186679	0.186888	0.188258	0.190841	0.19439	0.198406	0.202227	0.205194	0.206828	0.206982	0.205781	0.203507	0.200516	0.197111	0.193506	0.189851	0.186247	0.18276	
0.205606	0.203125	0.200759	0.198544	0.196544	0.194864	0.193615	0.192912	0.192855	0.193504	0.194873	0.196919	0.199553	0.202646	0.20604	0.209541	0.212934	0.21595	0.218298	0.219716	0.220135	0.219719	0.218847	0.217856	0.216957	0.216147	0.21541	0.214752	0.214177	0.213777	0.213547	0.213488	0.213561	0.213721	0.213884	0.213938	0.213808	0.213535	0.213179	0.212907	0.212799	0.212782	0.212793	0.212612	0.211931	0.210743	0.209455	0.208712	0.209115	0.210945	0.214106	0.218161	0.2224	0.226013	0.228332	0.229018	0.228157	0.226093	0.22329	0.22016	0.216974	0.21389	0.210969	0.208213	0.205606	
0.229587	0.228205	0.22678	0.225274	0.223724	0.222179	0.220723	0.219535	0.218785	0.218604	0.219096	0.220301	0.22219	0.224682	0.227666	0.230984	0.234434	0.237747	0.240582	0.242532	0.243324	0.242989	0.241983	0.240838	0.239843	0.238902	0.237925	0.236968	0.236122	0.235547	0.235292	0.235374	0.235772	0.236434	0.237234	0.237988	0.238465	0.238567	0.238306	0.237844	0.237335	0.236853	0.236434	0.235799	0.234539	0.232771	0.231116	0.230375	0.231155	0.233604	0.237402	0.241849	0.246026	0.249036	0.250317	0.249793	0.247845	0.245063	0.242027	0.239122	0.236558	0.234392	0.232574	0.231008	0.229587	
0.254916	0.254844	0.254531	0.253863	0.252813	0.251381	0.249658	0.24786	0.246215	0.244944	0.244267	0.244322	0.245156	0.246745	0.249027	0.251891	0.255184	0.258661	0.261979	0.264612	0.266039	0.266018	0.264985	0.263721	0.262662	0.2616	0.260318	0.25898	0.257801	0.256994	0.256665	0.256849	0.257541	0.258679	0.260134	0.261722	0.263095	0.263898	0.264026	0.263548	0.262631	0.261578	0.260528	0.259127	0.256933	0.254368	0.252388	0.251871	0.253275	0.256493	0.260896	0.265488	0.26919	0.271134	0.271033	0.269176	0.266273	0.263101	0.260223	0.25795	0.256386	0.255467	0.25504	0.25492	0.254916	
0.281435	0.282741	0.283593	0.283792	0.283264	0.28198	0.280014	0.277583	0.274959	0.272454	0.27041	0.269083	0.268606	0.269029	0.270335	0.272453	0.2753	0.278702	0.282372	0.285752	0.288089	0.288762	0.28801	0.286723	0.285532	0.284242	0.282569	0.280817	0.279316	0.278298	0.277915	0.278213	0.279177	0.280695	0.282667	0.28503	0.287435	0.289292	0.290218	0.290124	0.289119	0.287606	0.285738	0.283116	0.279499	0.27585	0.273618	0.27363	0.275922	0.279959	0.284762	0.289058	0.291728	0.292154	0.290469	0.287386	0.283892	0.280771	0.278474	0.277185	0.276889	0.277417	0.278524	0.279949	0.281435	
0.308459	0.310937	0.312803	0.313805	0.313848	0.312865	0.310844	0.307958	0.304492	0.300826	0.297401	0.2946	0.29267	0.291739	0.291853	0.292982	0.295078	0.29806	0.301771	0.305752	0.309168	0.311048	0.311199	0.310129	0.308581	0.306755	0.304573	0.302478	0.300771	0.299663	0.299358	0.299886	0.301178	0.30299	0.30522	0.30802	0.311225	0.314234	0.316328	0.317095	0.316575	0.315017	0.312239	0.307958	0.302537	0.297703	0.29541	0.296264	0.299615	0.304326	0.309056	0.312376	0.313403	0.311996	0.308795	0.304899	0.301332	0.298723	0.29735	0.297265	0.298339	0.300303	0.302853	0.305671	0.308459	
0.334876	0.338021	0.340531	0.342205	0.34289	0.342456	0.340779	0.337897	0.334029	0.329565	0.325	0.320832	0.317468	0.315137	0.313934	0.313883	0.314958	0.317125	0.320394	0.32457	0.329004	0.332556	0.334372	0.333902	0.331767	0.329057	0.326293	0.324036	0.322356	0.321362	0.321311	0.322225	0.323982	0.326158	0.328471	0.331207	0.334601	0.338325	0.341495	0.343294	0.343704	0.342526	0.338856	0.332843	0.32588	0.320434	0.31857	0.320428	0.324671	0.329547	0.333406	0.334981	0.333926	0.330707	0.32648	0.322428	0.319342	0.317604	0.317341	0.318491	0.320793	0.323924	0.327542	0.331296	0.334875	
0.359711	0.362906	0.365578	0.367657	0.368992	0.369379	0.368558	0.366355	0.362792	0.358155	0.352945	0.347754	0.343153	0.339521	0.337024	0.335683	0.335486	0.336486	0.338818	0.342574	0.347561	0.352749	0.356599	0.357219	0.354762	0.35124	0.348036	0.345861	0.344537	0.343895	0.344124	0.345334	0.347522	0.350206	0.352712	0.355171	0.358186	0.361793	0.365301	0.36803	0.369616	0.368705	0.363941	0.356563	0.349172	0.344469	0.343758	0.346405	0.350777	0.354818	0.356872	0.356211	0.353134	0.348736	0.344349	0.340847	0.338681	0.338022	0.338881	0.341059	0.34422	0.348013	0.352063	0.356046	0.359711	
0.382665	0.385369	0.387763	0.389909	0.391766	0.393116	0.393571	0.392719	0.390283	0.386305	0.381179	0.375552	0.370133	0.365453	0.361807	0.359218	0.357635	0.357128	0.358043	0.36069	0.36533	0.371411	0.376861	0.378911	0.377056	0.373538	0.370372	0.368503	0.367894	0.36794	0.368399	0.369471	0.371542	0.374475	0.377358	0.379861	0.382481	0.385283	0.388255	0.391927	0.394886	0.393638	0.387405	0.379332	0.372908	0.370231	0.370969	0.373596	0.376716	0.378663	0.378326	0.375606	0.37141	0.367041	0.363428	0.361028	0.360035	0.360501	0.362297	0.36512	0.368618	0.3724	0.376126	0.379583	0.382665	
0.404131	0.405953	0.407761	0.40969	0.411797	0.413956	0.415768	0.416649	0.416073	0.413763	0.409801	0.404696	0.399194	0.393964	0.389447	0.385759	0.382837	0.380663	0.379652	0.380488	0.383629	0.389017	0.394957	0.398321	0.398067	0.395782	0.393366	0.392073	0.392427	0.393659	0.394678	0.39555	0.396878	0.399186	0.402093	0.40495	0.407486	0.409279	0.411318	0.415769	0.419767	0.417894	0.410719	0.402996	0.398319	0.397487	0.398565	0.399778	0.400443	0.399681	0.397256	0.393683	0.389914	0.386766	0.384612	0.383629	0.383887	0.385319	0.3877	0.390689	0.393913	0.397014	0.399773	0.402125	0.404131	
0.424875	0.425643	0.426674	0.428132	0.430126	0.43265	0.435413	0.437859	0.439408	0.439573	0.438104	0.435084	0.430937	0.426273	0.42161	0.417206	0.413056	0.409106	0.405701	0.403656	0.404035	0.407262	0.411845	0.415511	0.417229	0.41696	0.415917	0.415475	0.416821	0.419659	0.422177	0.423834	0.424961	0.426288	0.428159	0.430498	0.432712	0.434016	0.435593	0.439667	0.443096	0.441292	0.435079	0.428333	0.424409	0.423279	0.422808	0.421739	0.419896	0.417428	0.414674	0.412084	0.4101	0.408866	0.408445	0.408889	0.410198	0.412227	0.414719	0.417335	0.419743	0.421699	0.423135	0.424128	0.424874	
0.445862	0.445632	0.445792	0.446537	0.448012	0.45032	0.453331	0.456656	0.459793	0.462269	0.463745	0.464019	0.463075	0.461039	0.458126	0.454432	0.44984	0.444215	0.438023	0.432201	0.428541	0.427764	0.428235	0.429467	0.433048	0.436133	0.436843	0.437656	0.440092	0.444184	0.448339	0.451904	0.454589	0.456255	0.456675	0.456484	0.457092	0.45915	0.461892	0.463718	0.464077	0.463437	0.459713	0.453012	0.447448	0.444123	0.441671	0.438954	0.436135	0.434069	0.432933	0.432568	0.432883	0.433674	0.434831	0.436363	0.438264	0.440391	0.44252	0.444359	0.445679	0.446368	0.44649	0.446238	0.445862	
0.468297	0.467226	0.466493	0.466332	0.466933	0.46847	0.47101	0.474366	0.478146	0.481954	0.485496	0.488576	0.491045	0.492703	0.493505	0.49308	0.490684	0.485453	0.47736	0.468128	0.45958	0.452107	0.446251	0.443577	0.447517	0.453339	0.456105	0.458698	0.462373	0.466816	0.471394	0.477109	0.482623	0.485625	0.485374	0.48243	0.480331	0.483559	0.489092	0.488184	0.48394	0.484094	0.482155	0.474009	0.465674	0.460205	0.456819	0.454342	0.45291	0.452903	0.454052	0.455956	0.458268	0.460677	0.462961	0.465116	0.467163	0.469035	0.470593	0.471617	0.471945	0.471572	0.470686	0.46952	0.468297	
0.493466	0.49177	0.490228	0.489058	0.488506	0.48885	0.4903	0.492905	0.496459	0.500617	0.505104	0.509725	0.514335	0.518831	0.523335	0.527463	0.530056	0.528183	0.521015	0.510707	0.497383	0.482017	0.469276	0.461741	0.461992	0.467155	0.47164	0.476244	0.481439	0.486216	0.491606	0.499591	0.506953	0.509511	0.508555	0.5065	0.504472	0.507911	0.514493	0.512116	0.504713	0.503387	0.500891	0.491409	0.481854	0.475694	0.472632	0.471996	0.473045	0.475444	0.478733	0.482461	0.486178	0.489491	0.492238	0.494547	0.496512	0.498106	0.499222	0.499645	0.499288	0.498272	0.496849	0.495204	0.493466	
0.522147	0.520173	0.518102	0.51608	0.514327	0.513205	0.513082	0.514228	0.516659	0.520198	0.524603	0.529631	0.53512	0.541067	0.54804	0.556977	0.566568	0.56965	0.565957	0.557954	0.540695	0.517865	0.497492	0.483611	0.481081	0.486354	0.490699	0.494122	0.498943	0.503047	0.509273	0.519248	0.526365	0.526983	0.52496	0.527183	0.530712	0.534108	0.537091	0.533333	0.526124	0.522251	0.517377	0.509098	0.50216	0.497404	0.495194	0.495724	0.498195	0.502156	0.507073	0.512269	0.516949	0.520508	0.522922	0.524718	0.526342	0.527762	0.528665	0.528751	0.52808	0.526935	0.525538	0.523947	0.522147	
0.553427	0.551833	0.549897	0.547661	0.545237	0.542868	0.540983	0.540087	0.54052	0.542374	0.5455	0.549633	0.554539	0.56024	0.567762	0.580445	0.596468	0.604892	0.603997	0.597659	0.579346	0.553283	0.527972	0.517198	0.522082	0.522763	0.518906	0.517031	0.517901	0.519322	0.523805	0.533887	0.540853	0.542031	0.541999	0.547457	0.555443	0.557423	0.555255	0.551146	0.546547	0.541858	0.534833	0.529665	0.527897	0.526212	0.525738	0.526836	0.529898	0.534392	0.539773	0.545325	0.549967	0.5529	0.554286	0.555086	0.556087	0.557224	0.557935	0.557899	0.557318	0.556539	0.555692	0.55469	0.553427	
0.583419	0.582739	0.581755	0.58039	0.578556	0.576183	0.573489	0.57101	0.569268	0.568656	0.569332	0.571193	0.573997	0.577711	0.583621	0.597784	0.616272	0.624688	0.623413	0.620384	0.606197	0.58229	0.561731	0.558517	0.560093	0.550026	0.543208	0.539693	0.536533	0.535283	0.537144	0.545382	0.553019	0.55882	0.56524	0.57163	0.576125	0.572852	0.568149	0.567217	0.566257	0.563234	0.555612	0.550041	0.551469	0.55376	0.556183	0.559413	0.563839	0.569375	0.575724	0.581466	0.584937	0.585417	0.584012	0.58308	0.5835	0.58438	0.584735	0.584583	0.584309	0.584155	0.584058	0.583841	0.583419	
0.607509	0.607642	0.607817	0.607948	0.607835	0.607009	0.60521	0.602743	0.600028	0.59755	0.595715	0.594741	0.594605	0.595351	0.598444	0.610965	0.628243	0.634687	0.634013	0.635254	0.625945	0.606574	0.591903	0.585025	0.576084	0.567114	0.567685	0.565682	0.558727	0.554421	0.555249	0.563433	0.571776	0.581048	0.591675	0.597005	0.594191	0.584152	0.580356	0.58421	0.586374	0.587322	0.581892	0.56895	0.567044	0.573887	0.578727	0.58365	0.588549	0.594191	0.601015	0.60785	0.613119	0.614159	0.610901	0.607681	0.606915	0.607244	0.607145	0.606778	0.60663	0.606816	0.607124	0.607364	0.607509	
0.624858	0.62552	0.626484	0.627695	0.629034	0.629972	0.629847	0.628534	0.626343	0.623673	0.620795	0.617991	0.615445	0.613577	0.614665	0.624088	0.636796	0.642117	0.642549	0.641944	0.634426	0.621069	0.608123	0.597252	0.591302	0.598352	0.61403	0.616997	0.602367	0.585435	0.582119	0.592869	0.602944	0.610601	0.61861	0.621784	0.614478	0.600958	0.599076	0.60723	0.613732	0.618893	0.615998	0.598617	0.584379	0.584388	0.591101	0.600651	0.60906	0.613637	0.616427	0.620122	0.625949	0.630612	0.630336	0.627462	0.625929	0.625545	0.625065	0.624484	0.624107	0.624048	0.624198	0.624455	0.624857	
0.638329	0.6391	0.64006	0.640959	0.641331	0.641386	0.641654	0.64199	0.641891	0.641005	0.639387	0.63718	0.634495	0.631552	0.630273	0.634245	0.640196	0.642584	0.641976	0.638987	0.63306	0.62505	0.616664	0.611684	0.617768	0.637573	0.658346	0.665079	0.655064	0.63357	0.620808	0.627582	0.639248	0.644683	0.647266	0.649098	0.641778	0.627542	0.625533	0.636489	0.646209	0.65018	0.646329	0.636238	0.621837	0.610334	0.610314	0.621476	0.633649	0.638667	0.639765	0.638902	0.638522	0.640756	0.642157	0.641562	0.640959	0.640547	0.639913	0.639221	0.638575	0.638039	0.637776	0.637873	0.638329	
0.650759	0.651045	0.651178	0.650781	0.649527	0.64852	0.649348	0.651615	0.653682	0.654665	0.654616	0.653817	0.6525	0.65051	0.647885	0.645738	0.645047	0.645173	0.644147	0.639479	0.633499	0.629207	0.628041	0.632241	0.645972	0.66382	0.67529	0.680906	0.68241	0.674715	0.663711	0.663713	0.671374	0.674247	0.673466	0.675427	0.671948	0.658966	0.654761	0.664077	0.671142	0.670033	0.665859	0.66499	0.662132	0.652954	0.64616	0.64836	0.65274	0.654936	0.658496	0.659289	0.655851	0.65384	0.653851	0.654407	0.65481	0.654494	0.653557	0.652467	0.651596	0.650974	0.650611	0.650558	0.650759	
0.664479	0.6641	0.663536	0.662562	0.661433	0.661397	0.663396	0.666459	0.668952	0.670301	0.670651	0.67039	0.669959	0.669391	0.668212	0.665686	0.662806	0.661363	0.66033	0.653004	0.642617	0.639266	0.645852	0.65724	0.669841	0.682644	0.690348	0.693234	0.693792	0.693122	0.690707	0.68986	0.692022	0.692311	0.692091	0.696051	0.697161	0.687764	0.680952	0.685787	0.690753	0.688779	0.685498	0.685019	0.682834	0.676514	0.669308	0.664264	0.662208	0.663495	0.668037	0.671606	0.670941	0.668926	0.668426	0.669146	0.669936	0.669965	0.669257	0.668113	0.667016	0.66616	0.665463	0.664895	0.664479	
0.683921	0.683091	0.682462	0.682047	0.682234	0.683734	0.68655	0.689476	0.691369	0.691972	0.691672	0.690939	0.690151	0.689393	0.688537	0.687269	0.685542	0.683704	0.681782	0.675659	0.664259	0.65958	0.669458	0.684519	0.698281	0.709462	0.714634	0.71522	0.712507	0.707556	0.704277	0.704773	0.706746	0.707607	0.709932	0.715423	0.716581	0.709312	0.702074	0.703626	0.70948	0.712685	0.711531	0.708227	0.705243	0.699795	0.691915	0.685871	0.686146	0.688858	0.689045	0.68886	0.688416	0.687126	0.68637	0.686786	0.687994	0.689162	0.689764	0.689596	0.688775	0.687603	0.686304	0.685022	0.683921	
0.712914	0.71233	0.712195	0.712714	0.714165	0.716628	0.719424	0.721298	0.721564	0.720424	0.718539	0.716471	0.714529	0.712755	0.711157	0.709832	0.708763	0.707672	0.705719	0.70337	0.698255	0.696424	0.705685	0.718905	0.730054	0.736923	0.739752	0.740012	0.736359	0.727578	0.721116	0.721834	0.724536	0.727281	0.731531	0.735725	0.733781	0.727239	0.721971	0.721838	0.72701	0.734413	0.73823	0.737171	0.736846	0.736442	0.73245	0.727248	0.725341	0.723566	0.719425	0.715807	0.713453	0.711373	0.709712	0.709224	0.710115	0.711866	0.713629	0.714826	0.71529	0.71515	0.714581	0.713753	0.712914	
0.746991	0.747638	0.748446	0.749565	0.751007	0.752495	0.753291	0.752675	0.750657	0.747799	0.744709	0.741787	0.739232	0.737057	0.73531	0.734191	0.733867	0.7343	0.734965	0.736641	0.738366	0.741498	0.749007	0.756793	0.762047	0.764395	0.764284	0.761891	0.757058	0.7496	0.743231	0.741603	0.742704	0.746504	0.751266	0.753395	0.75079	0.74666	0.744101	0.743855	0.746768	0.752323	0.757533	0.759899	0.761872	0.764852	0.765202	0.762174	0.758637	0.755191	0.752023	0.748905	0.745534	0.741921	0.738754	0.736743	0.736196	0.73707	0.738792	0.740721	0.742532	0.74409	0.74534	0.746281	0.74699	
0.777575	0.779545	0.781215	0.782507	0.783294	0.783274	0.782003	0.779376	0.775875	0.772144	0.768668	0.765688	0.76328	0.761398	0.760044	0.759341	0.759499	0.760841	0.763436	0.767435	0.77204	0.776829	0.782187	0.786151	0.788216	0.788492	0.786919	0.783294	0.777959	0.772263	0.766389	0.761481	0.760052	0.763149	0.767186	0.76899	0.768531	0.767985	0.767958	0.768066	0.768704	0.770484	0.773562	0.776905	0.780634	0.784924	0.787372	0.787113	0.78604	0.784799	0.783229	0.780951	0.777872	0.774071	0.770154	0.766864	0.764749	0.764065	0.764681	0.766199	0.768238	0.770547	0.772969	0.775359	0.777575	
0.802441	0.804924	0.806942	0.808226	0.808536	0.807659	0.805441	0.802127	0.798335	0.79465	0.791469	0.788953	0.787114	0.785889	0.785217	0.785118	0.785649	0.787085	0.7896	0.793267	0.797547	0.801758	0.80564	0.807893	0.808508	0.808352	0.807898	0.806354	0.802463	0.796724	0.789528	0.782267	0.778257	0.779105	0.782475	0.78555	0.787672	0.789513	0.790512	0.790642	0.790721	0.791421	0.7937	0.797122	0.800867	0.804913	0.808114	0.809375	0.809391	0.809177	0.809037	0.808489	0.80712	0.804702	0.801423	0.797796	0.79455	0.792296	0.791325	0.79158	0.792794	0.794716	0.797111	0.799756	0.802441	
0.82411	0.82631	0.828145	0.829259	0.829349	0.828239	0.825939	0.822839	0.819559	0.81659	0.814217	0.812527	0.811498	0.811061	0.81114	0.811724	0.812805	0.814547	0.817009	0.820073	0.823192	0.825729	0.827433	0.827816	0.827606	0.827993	0.828897	0.828655	0.82555	0.819486	0.811589	0.803975	0.798629	0.797837	0.801201	0.805249	0.808341	0.810146	0.810478	0.810561	0.811375	0.812899	0.815484	0.818971	0.822521	0.82591	0.828934	0.830901	0.831834	0.832444	0.833106	0.833714	0.833967	0.833427	0.831791	0.829084	0.825769	0.822523	0.819968	0.818444	0.818021	0.818599	0.819972	0.821892	0.824109	
0.845054	0.846337	0.847513	0.84819	0.848087	0.847056	0.845166	0.842817	0.840535	0.838702	0.837505	0.83696	0.837004	0.837565	0.838578	0.840039	0.841906	0.844158	0.846607	0.848918	0.850609	0.8513	0.851033	0.85015	0.849833	0.850508	0.850869	0.849184	0.84487	0.838796	0.832569	0.827681	0.824186	0.823679	0.826403	0.829446	0.831375	0.831707	0.831141	0.831167	0.832029	0.833365	0.835379	0.838343	0.841899	0.845512	0.848964	0.851865	0.853974	0.855537	0.856911	0.858314	0.859642	0.860522	0.860508	0.859314	0.856975	0.853861	0.850549	0.847587	0.845361	0.844046	0.843651	0.844056	0.845054	
0.866678	0.86655	0.866662	0.866666	0.866313	0.86547	0.864201	0.862835	0.861779	0.861291	0.86146	0.86225	0.863553	0.865273	0.867315	0.869601	0.872009	0.87433	0.876245	0.877441	0.877707	0.877042	0.875927	0.87509	0.875001	0.875029	0.873664	0.870028	0.864766	0.859899	0.857408	0.85742	0.857672	0.858019	0.859134	0.85994	0.85989	0.858954	0.858116	0.85798	0.858046	0.857932	0.857928	0.858738	0.860796	0.863918	0.867624	0.871315	0.874591	0.877368	0.879771	0.881986	0.884055	0.885798	0.886881	0.886986	0.885915	0.883716	0.880681	0.877253	0.873905	0.871007	0.868795	0.867365	0.866678	
0.88942	0.887782	0.886675	0.885881	0.885192	0.884503	0.88386	0.88347	0.883602	0.884399	0.885854	0.88787	0.890285	0.892948	0.895699	0.89836	0.900729	0.902553	0.903587	0.903711	0.902987	0.90173	0.900597	0.900031	0.899686	0.898737	0.896328	0.892458	0.888259	0.885952	0.887015	0.890392	0.893336	0.894754	0.895109	0.894492	0.893211	0.891769	0.890881	0.890361	0.889499	0.888032	0.886076	0.884282	0.883537	0.884417	0.886889	0.8903	0.893964	0.897463	0.900669	0.903618	0.906349	0.908773	0.91067	0.911772	0.911833	0.910724	0.908504	0.905416	0.901822	0.898122	0.894671	0.891721	0.88942	
0.913302	0.91048	0.908316	0.906747	0.905669	0.905039	0.904887	0.905295	0.906363	0.908127	0.910512	0.913351	0.91643	0.919536	0.922461	0.924985	0.926893	0.927995	0.928191	0.927573	0.926403	0.925078	0.924043	0.923407	0.922634	0.921179	0.918955	0.916433	0.914626	0.914932	0.917648	0.921386	0.92453	0.926443	0.927025	0.92643	0.925244	0.924042	0.923171	0.922271	0.920989	0.91915	0.916527	0.913397	0.910529	0.908837	0.908935	0.910681	0.91348	0.916734	0.920096	0.923419	0.926633	0.929625	0.932209	0.934138	0.93516	0.935082	0.933824	0.931477	0.928261	0.924492	0.920532	0.916713	0.913302	
0.938269	0.93482	0.931984	0.929843	0.928433	0.927774	0.92789	0.928783	0.930415	0.932701	0.935509	0.938642	0.94184	0.944861	0.94748	0.949493	0.950731	0.951111	0.950681	0.949671	0.94839	0.947158	0.946214	0.945531	0.944721	0.943562	0.942378	0.941702	0.942104	0.944014	0.946964	0.949724	0.951554	0.952659	0.953109	0.95299	0.952604	0.952094	0.951537	0.950697	0.949572	0.948114	0.945916	0.942825	0.939228	0.935969	0.93392	0.933464	0.934488	0.936583	0.939348	0.942494	0.945817	0.949126	0.952203	0.954783	0.956596	0.957429	0.957137	0.955695	0.953223	0.949935	0.946126	0.942131	0.938269	
0.964144	0.960658	0.957631	0.955265	0.953698	0.952983	0.953147	0.954159	0.95591	0.958254	0.960989	0.96389	0.966698	0.969181	0.971139	0.972417	0.97292	0.972681	0.971859	0.970706	0.969493	0.968479	0.967809	0.967427	0.967135	0.966904	0.967062	0.967933	0.969606	0.971935	0.974248	0.975708	0.976157	0.976162	0.976111	0.976171	0.976354	0.976479	0.976453	0.976099	0.97545	0.974528	0.973045	0.970658	0.967358	0.963691	0.960454	0.95827	0.957441	0.957939	0.959551	0.96198	0.964952	0.968199	0.97145	0.974416	0.97681	0.978387	0.978981	0.978498	0.976962	0.974518	0.971377	0.967817	0.964145	
0.990483	0.987485	0.984742	0.982512	0.981	0.98027	0.980332	0.981158	0.982629	0.984596	0.986826	0.989056	0.991084	0.992723	0.993823	0.994308	0.99417	0.993502	0.992504	0.991416	0.990475	0.989896	0.98976	0.990006	0.990556	0.991398	0.992669	0.994418	0.996427	0.998337	0.99958	0.9998	0.999232	0.998492	0.998032	0.99803	0.998383	0.998852	0.999271	0.999452	0.999343	0.998922	0.998048	0.99643	0.993876	0.990596	0.987132	0.984098	0.981972	0.981012	0.981276	0.982627	0.984829	0.987601	0.99065	0.993674	0.996377	0.998496	0.999831	1.00026	0.999727	0.998309	0.99615	0.993459	0.990483	
1.01668	1.01453	1.01244	1.01064	1.00935	1.00865	1.00854	1.00901	1.00997	1.01125	1.01264	1.01394	1.01501	1.01571	1.01596	1.01576	1.01516	1.01427	1.01331	1.0125	1.01203	1.01206	1.0126	1.01357	1.01491	1.01653	1.01837	1.02029	1.02195	1.02302	1.02318	1.02247	1.0213	1.02018	1.0195	1.01938	1.01972	1.02032	1.021	1.02158	1.02193	1.02196	1.02158	1.02061	1.01885	1.01631	1.01325	1.01011	1.00737	1.00543	1.00451	1.00468	1.00587	1.00784	1.01035	1.01311	1.01583	1.01823	1.02011	1.0213	1.02171	1.02134	1.02028	1.01866	1.01668	
1.04221	1.04103	1.03977	1.03858	1.03763	1.03702	1.03676	1.03683	1.03718	1.03766	1.03813	1.03848	1.03862	1.03848	1.03805	1.03735	1.03648	1.03558	1.03486	1.03447	1.03457	1.03523	1.03639	1.03792	1.03972	1.04162	1.04344	1.04497	1.04591	1.04608	1.04541	1.04416	1.04271	1.04147	1.04071	1.04051	1.04079	1.04141	1.04223	1.04306	1.04375	1.04416	1.04422	1.0438	1.04275	1.04099	1.03859	1.03581	1.03301	1.03059	1.02886	1.02803	1.02816	1.02919	1.03093	1.03315	1.0356	1.03803	1.04019	1.04193	1.04311	1.04369	1.04367	1.04314	1.04221	
1.06681	1.06654	1.06607	1.06553	1.06498	1.06451	1.06416	1.0639	1.06369	1.06347	1.06318	1.06275	1.06216	1.06139	1.06049	1.05952	1.05859	1.05786	1.05748	1.05756	1.05817	1.05929	1.06082	1.0626	1.06444	1.06615	1.06753	1.0684	1.06857	1.06802	1.06686	1.06536	1.06387	1.06266	1.06188	1.06162	1.06182	1.0624	1.06326	1.06422	1.06514	1.06586	1.06631	1.06638	1.06594	1.0649	1.06322	1.06101	1.0585	1.056	1.05386	1.05233	1.05158	1.05168	1.05256	1.05409	1.05606	1.05825	1.06046	1.06249	1.0642	1.06551	1.06637	1.06678	1.06681	
1.09047	1.09096	1.09119	1.0912	1.09105	1.09076	1.09039	1.08992	1.08935	1.08866	1.08785	1.0869	1.08584	1.08471	1.08359	1.08256	1.08175	1.08127	1.08123	1.08168	1.08261	1.08394	1.08552	1.08718	1.08871	1.08995	1.09072	1.09092	1.09048	1.0895	1.08813	1.08663	1.08522	1.0841	1.08333	1.083	1.08309	1.08358	1.08439	1.08538	1.08642	1.08736	1.08812	1.08859	1.08866	1.08824	1.08724	1.08566	1.08363	1.08136	1.07913	1.07722	1.07586	1.0752	1.07528	1.07606	1.07742	1.07919	1.08121	1.08329	1.08527	1.08704	1.08852	1.08966	1.09047	
1.11339	1.11446	1.11524	1.11571	1.1159	1.11583	1.11553	1.115	1.11427	1.11335	1.11228	1.11108	1.10983	1.1086	1.10747	1.10654	1.10593	1.1057	1.10591	1.10655	1.10756	1.10883	1.11019	1.11147	1.11251	1.11317	1.11336	1.11304	1.11223	1.11107	1.1097	1.10832	1.10706	1.10604	1.10529	1.10489	1.10486	1.10521	1.10589	1.1068	1.10786	1.10891	1.10987	1.11064	1.11111	1.11119	1.11077	1.1098	1.10832	1.10646	1.1044	1.1024	1.10071	1.09951	1.09895	1.09904	1.09976	1.10102	1.10268	1.10459	1.1066	1.10857	1.11041	1.11203	1.11339	
1.13587	1.13732	1.13847	1.1393	1.13979	1.13995	1.1398	1.13935	1.13865	1.13772	1.13662	1.13542	1.1342	1.13305	1.13206	1.13132	1.13091	1.13086	1.13117	1.13181	1.1327	1.1337	1.13466	1.13545	1.13596	1.13609	1.13582	1.13517	1.13419	1.13302	1.13176	1.13055	1.12947	1.12856	1.12785	1.12741	1.12726	1.12745	1.12794	1.12869	1.12965	1.13069	1.13174	1.13269	1.13344	1.13389	1.13394	1.1335	1.13256	1.13117	1.12946	1.12762	1.12585	1.12438	1.12336	1.1229	1.12304	1.12376	1.12496	1.12655	1.12839	1.13036	1.13232	1.13419	1.13587	
1.15814	1.15977	1.16115	1.16223	1.16297	1.16337	1.16343	1.16317	1.16262	1.16185	1.16091	1.15988	1.15885	1.15791	1.15713	1.15659	1.15632	1.15635	1.15664	1.15714	1.15776	1.15838	1.15889	1.1592	1.15924	1.15896	1.15838	1.15755	1.15653	1.15543	1.15432	1.15329	1.15237	1.15159	1.15095	1.1505	1.15027	1.1503	1.15059	1.15114	1.15192	1.15284	1.15386	1.15487	1.15578	1.15648	1.15687	1.15686	1.1564	1.15549	1.1542	1.15266	1.15103	1.1495	1.14825	1.14742	1.1471	1.14731	1.14804	1.14922	1.15076	1.15253	1.15442	1.15632	1.15814	
1.18037	1.18204	1.18353	1.18476	1.1857	1.18632	1.18661	1.1866	1.18631	1.18579	1.18512	1.18437	1.18361	1.18292	1.18237	1.18199	1.18182	1.18184	1.18202	1.1823	1.1826	1.18284	1.18293	1.18283	1.1825	1.18194	1.18118	1.18027	1.17928	1.17827	1.17731	1.17643	1.17565	1.17499	1.17444	1.17402	1.17375	1.17367	1.17378	1.17412	1.17469	1.17544	1.17633	1.17729	1.17824	1.17906	1.17968	1.17999	1.17992	1.17945	1.17858	1.17741	1.17604	1.17463	1.17335	1.17233	1.17169	1.17151	1.1718	1.17255	1.1737	1.17516	1.17683	1.1786	1.18037	
1.20276	1.20435	1.20583	1.20713	1.2082	1.209	1.20952	1.20976	1.20976	1.20955	1.2092	1.20875	1.20829	1.20785	1.2075	1.20725	1.20712	1.20709	1.20712	1.20717	1.20717	1.20707	1.20683	1.20642	1.20583	1.20509	1.20424	1.20331	1.20237	1.20145	1.20061	1.19985	1.1992	1.19864	1.19818	1.19781	1.19754	1.19739	1.19738	1.19755	1.19791	1.19846	1.19918	1.20001	1.2009	1.20175	1.20249	1.203	1.20323	1.20311	1.20263	1.20183	1.20079	1.19961	1.19842	1.19737	1.19657	1.19611	1.19605	1.19641	1.19717	1.19826	1.19962	1.20115	1.20276	
1.2254	1.22682	1.22821	1.2295	1.23063	1.23156	1.23227	1.23275	1.23302	1.23311	1.23307	1.23292	1.23273	1.23252	1.23234	1.23219	1.23207	1.23197	1.23186	1.2317	1.23146	1.2311	1.23062	1.23	1.22925	1.22841	1.22752	1.2266	1.22571	1.22488	1.22413	1.22347	1.22291	1.22244	1.22206	1.22175	1.2215	1.22132	1.22124	1.22129	1.22148	1.22184	1.22238	1.22305	1.22382	1.22461	1.22537	1.22599	1.22641	1.22656	1.2264	1.22595	1.22523	1.22433	1.22333	1.22236	1.22151	1.22091	1.2206	1.22065	1.22104	1.22178	1.22279	1.22403	1.2254	
1.24832	1.24953	1.25077	1.25199	1.25312	1.25412	1.25496	1.25564	1.25614	1.25648	1.2567	1.25681	1.25685	1.25684	1.25679	1.2567	1.25659	1.25643	1.25621	1.2559	1.25549	1.25496	1.25432	1.25357	1.25274	1.25186	1.25096	1.25007	1.24923	1.24846	1.24779	1.24721	1.24672	1.24633	1.24601	1.24574	1.24552	1.24535	1.24523	1.2452	1.24527	1.24548	1.24585	1.24635	1.24698	1.24767	1.24838	1.24903	1.24955	1.24988	1.24997	1.2498	1.24938	1.24875	1.24798	1.24716	1.24637	1.24572	1.24527	1.24509	1.2452	1.24561	1.2463	1.24722	1.24832	
1.27153	1.2725	1.27357	1.27466	1.27574	1.27675	1.27767	1.27847	1.27914	1.27968	1.2801	1.28041	1.28063	1.28076	1.28082	1.28079	1.28069	1.28049	1.28019	1.27979	1.27927	1.27865	1.27792	1.27712	1.27626	1.27537	1.27449	1.27364	1.27285	1.27214	1.27153	1.27101	1.27059	1.27025	1.26997	1.26975	1.26956	1.26939	1.26926	1.26919	1.26918	1.26929	1.26951	1.26986	1.27034	1.27091	1.27154	1.27216	1.27272	1.27315	1.27341	1.27345	1.27328	1.2729	1.27236	1.27172	1.27104	1.27041	1.26991	1.26959	1.26949	1.26965	1.27006	1.27069	1.27153	
1.29496	1.29571	1.29659	1.29754	1.29853	1.2995	1.30043	1.30129	1.30206	1.30273	1.30329	1.30374	1.30408	1.30432	1.30445	1.30447	1.30438	1.30417	1.30384	1.30339	1.30283	1.30217	1.30142	1.3006	1.29975	1.29889	1.29804	1.29724	1.29651	1.29586	1.29531	1.29484	1.29447	1.29417	1.29393	1.29373	1.29356	1.29342	1.29329	1.29319	1.29314	1.29317	1.29329	1.29352	1.29387	1.29432	1.29485	1.2954	1.29595	1.29641	1.29677	1.29696	1.29698	1.29681	1.29647	1.29601	1.29547	1.29492	1.29442	1.29404	1.29382	1.29379	1.29398	1.29437	1.29496	
1.31857	1.31912	1.31981	1.32061	1.32148	1.32237	1.32327	1.32413	1.32494	1.32566	1.3263	1.32683	1.32725	1.32755	1.32773	1.32779	1.32772	1.32751	1.32718	1.32673	1.32617	1.32552	1.32478	1.324	1.32318	1.32237	1.32158	1.32084	1.32017	1.31958	1.31908	1.31867	1.31833	1.31807	1.31785	1.31768	1.31753	1.31739	1.31727	1.31717	1.31709	1.31708	1.31713	1.31727	1.31751	1.31785	1.31827	1.31875	1.31924	1.31971	1.3201	1.32039	1.32053	1.32052	1.32035	1.32006	1.31966	1.31921	1.31876	1.31837	1.31809	1.31795	1.31797	1.31818	1.31857	
1.34227	1.34266	1.34318	1.34383	1.34456	1.34536	1.34618	1.347	1.34778	1.34851	1.34916	1.34972	1.35018	1.35051	1.35072	1.3508	1.35075	1.35057	1.35027	1.34984	1.34931	1.3487	1.34801	1.34729	1.34654	1.34579	1.34507	1.3444	1.3438	1.34327	1.34282	1.34245	1.34215	1.34192	1.34173	1.34157	1.34144	1.34132	1.3412	1.3411	1.34102	1.34097	1.34098	1.34106	1.34122	1.34147	1.3418	1.34219	1.34262	1.34305	1.34345	1.34377	1.34399	1.34408	1.34405	1.34388	1.34362	1.34328	1.3429	1.34254	1.34224	1.34204	1.34197	1.34204	1.34227	
1.36601	1.36626	1.36665	1.36716	1.36776	1.36843	1.36915	1.36989	1.37061	1.3713	1.37192	1.37247	1.37292	1.37326	1.37348	1.37358	1.37355	1.3734	1.37313	1.37275	1.37227	1.37172	1.37111	1.37046	1.36979	1.36913	1.36849	1.3679	1.36737	1.3669	1.36651	1.36619	1.36592	1.36571	1.36555	1.36541	1.36529	1.36518	1.36508	1.36498	1.3649	1.36485	1.36483	1.36486	1.36497	1.36514	1.36539	1.3657	1.36606	1.36644	1.36681	1.36713	1.36739	1.36754	1.36759	1.36753	1.36737	1.36713	1.36684	1.36653	1.36625	1.36603	1.3659	1.36589	1.36601	
1.38973	1.38989	1.39016	1.39054	1.39102	1.39157	1.39218	1.39281	1.39344	1.39405	1.39461	1.3951	1.39552	1.39584	1.39605	1.39615	1.39614	1.39602	1.3958	1.39548	1.39507	1.39459	1.39407	1.39351	1.39293	1.39237	1.39183	1.39132	1.39087	1.39047	1.39014	1.38986	1.38964	1.38945	1.38931	1.38919	1.38908	1.38899	1.3889	1.38882	1.38874	1.38869	1.38866	1.38867	1.38873	1.38885	1.38903	1.38927	1.38956	1.38988	1.3902	1.3905	1.39075	1.39094	1.39104	1.39104	1.39096	1.3908	1.39059	1.39034	1.3901	1.38989	1.38974	1.38968	1.38973	
1.4134	1.41349	1.41368	1.41396	1.41432	1.41475	1.41523	1.41574	1.41626	1.41676	1.41724	1.41766	1.41802	1.41829	1.41848	1.41858	1.41858	1.41849	1.41832	1.41806	1.41773	1.41734	1.41691	1.41645	1.41598	1.41552	1.41508	1.41467	1.4143	1.41398	1.4137	1.41348	1.41329	1.41314	1.41302	1.41292	1.41283	1.41275	1.41268	1.41261	1.41255	1.4125	1.41246	1.41246	1.41249	1.41257	1.4127	1.41288	1.41311	1.41336	1.41362	1.41388	1.41411	1.41429	1.4144	1.41445	1.41442	1.41432	1.41417	1.41399	1.41379	1.41361	1.41348	1.4134	1.4134	
1.43701	1.43705	1.43717	1.43737	1.43762	1.43794	1.43829	1.43868	1.43907	1.43946	1.43983	1.44016	1.44044	1.44066	1.44082	1.4409	1.44091	1.44085	1.44072	1.44052	1.44027	1.43998	1.43965	1.4393	1.43895	1.4386	1.43826	1.43795	1.43767	1.43742	1.43721	1.43704	1.4369	1.43678	1.43669	1.43661	1.43654	1.43648	1.43642	1.43637	1.43632	1.43628	1.43625	1.43624	1.43625	1.43631	1.43639	1.43652	1.43668	1.43687	1.43707	1.43727	1.43745	1.43761	1.43772	1.43777	1.43777	1.43772	1.43762	1.4375	1.43735	1.43721	1.4371	1.43703	1.43701	
1.46055	1.46057	1.46064	1.46076	1.46093	1.46113	1.46137	1.46162	1.46189	1.46215	1.4624	1.46263	1.46282	1.46298	1.46309	1.46314	1.46315	1.46312	1.46303	1.4629	1.46273	1.46254	1.46232	1.46208	1.46184	1.46161	1.46138	1.46117	1.46098	1.46082	1.46067	1.46056	1.46046	1.46038	1.46031	1.46026	1.46021	1.46017	1.46013	1.4601	1.46006	1.46003	1.46001	1.46	1.46001	1.46004	1.4601	1.46018	1.46028	1.4604	1.46054	1.46068	1.4608	1.46092	1.461	1.46105	1.46106	1.46103	1.46098	1.4609	1.4608	1.46071	1.46063	1.46057	1.46055	
1.48405	1.48405	1.48409	1.48414	1.48422	1.48432	1.48444	1.48457	1.4847	1.48483	1.48496	1.48508	1.48518	1.48525	1.48531	1.48534	1.48535	1.48533	1.48528	1.48522	1.48514	1.48504	1.48493	1.48481	1.48469	1.48457	1.48446	1.48435	1.48426	1.48417	1.4841	1.48404	1.48399	1.48395	1.48392	1.48389	1.48387	1.48385	1.48383	1.48381	1.48379	1.48378	1.48377	1.48376	1.48376	1.48378	1.4838	1.48384	1.48389	1.48395	1.48402	1.48409	1.48416	1.48422	1.48426	1.48429	1.4843	1.48429	1.48426	1.48422	1.48418	1.48413	1.48409	1.48406	1.48405	
1.50751	1.50751	1.50751	1.50751	1.50751	1.50751	1.50751	1.50751	1.50751	1.50751	1.50751	1.50751	1.50751	1.50751	1.50751	1.50751	1.50751	1.50751	1.50751	1.50751	1.50751	1.50751	1.50751	1.50751	1.50751	1.50751	1.50751	1.50751	1.50751	1.50751	1.50751	1.50751	1.50751	1.50751	1.50751	1.50751	1.50751	1.50751	1.50751	1.50751	1.50751	1.50751	1.50751	1.50751	1.50751	1.50751	1.50751	1.50751	1.50751	1.50751	1.50751	1.50751	1.50751	1.50751	1.50751	1.50751	1.50751	1.50751	1.50751	1.50751	1.50751	1.50751	1.50751	1.50751	1.50751	
