x=200	y=110	z=200	n=65	len=1
b
0.823506	0.823616	0.823695	0.823646	0.823434	0.823027	0.822437	0.821763	0.821126	0.820664	0.820512	0.820699	0.821164	0.821814	0.822569	0.823407	0.824367	0.825531	0.827004	0.82876	0.830537	0.83196	0.832614	0.832481	0.832001	0.831858	0.83231	0.83271	0.832608	0.8322	0.831693	0.831031	0.830127	0.828983	0.827737	0.826759	0.826434	0.826883	0.827783	0.828533	0.828782	0.828752	0.828911	0.82946	0.830184	0.830664	0.830649	0.830288	0.8301	0.830471	0.831198	0.831661	0.831352	0.830396	0.829379	0.828668	0.828092	0.827339	0.826376	0.825377	0.824527	0.823928	0.82359	0.823471	0.823506	
0.823152	0.823348	0.823543	0.823633	0.823573	0.823341	0.822936	0.822441	0.822003	0.821773	0.821846	0.822188	0.822679	0.823188	0.823664	0.824179	0.824879	0.825912	0.827392	0.829256	0.831186	0.832765	0.83354	0.833492	0.833161	0.833345	0.834318	0.83525	0.835476	0.835197	0.834708	0.834015	0.833075	0.831933	0.830731	0.829794	0.829482	0.82981	0.830313	0.830507	0.830238	0.82964	0.829115	0.829052	0.82946	0.829904	0.829921	0.829537	0.82932	0.829738	0.83064	0.831422	0.831434	0.830606	0.829467	0.828519	0.827786	0.826986	0.826	0.824963	0.824077	0.823464	0.82314	0.823056	0.823152	
0.822761	0.823011	0.823292	0.823508	0.823593	0.823531	0.823327	0.823063	0.82289	0.822936	0.823249	0.823749	0.82428	0.824715	0.825062	0.825468	0.826121	0.827165	0.828653	0.830458	0.832293	0.833829	0.8347	0.83485	0.83482	0.835426	0.836889	0.838293	0.838787	0.838512	0.837898	0.837055	0.835936	0.834612	0.833327	0.832467	0.832267	0.832497	0.832599	0.832264	0.831505	0.830384	0.829198	0.828491	0.828493	0.82879	0.82878	0.828381	0.828153	0.828622	0.829698	0.830785	0.831129	0.830478	0.829299	0.828195	0.827343	0.826514	0.825541	0.824515	0.823627	0.823015	0.822695	0.822629	0.822761	
0.8224	0.8227	0.823058	0.823387	0.823623	0.823738	0.823753	0.823749	0.823864	0.824201	0.824765	0.825444	0.82607	0.826537	0.826897	0.827325	0.827996	0.829007	0.830357	0.83193	0.833566	0.835065	0.836163	0.83672	0.837127	0.838064	0.839664	0.841127	0.841593	0.841102	0.840143	0.838951	0.837538	0.836062	0.834897	0.834396	0.834513	0.834744	0.83453	0.833746	0.832574	0.831069	0.829383	0.828088	0.827604	0.827663	0.827628	0.827258	0.82698	0.827389	0.828562	0.829926	0.830615	0.830167	0.828986	0.82778	0.826847	0.826013	0.825083	0.824098	0.823229	0.822618	0.822293	0.822236	0.8224	
0.82218	0.822542	0.822986	0.823433	0.823828	0.824135	0.824372	0.824629	0.825031	0.825655	0.82648	0.827374	0.828161	0.828725	0.829118	0.829509	0.830073	0.830907	0.832012	0.833332	0.834844	0.836454	0.837931	0.839028	0.83986	0.840804	0.841948	0.842811	0.842769	0.841799	0.840348	0.838806	0.837324	0.836136	0.835568	0.835722	0.836255	0.836514	0.836051	0.834945	0.833492	0.831741	0.829708	0.82792	0.826958	0.826789	0.82682	0.826586	0.826252	0.826422	0.827468	0.828984	0.830001	0.829796	0.828648	0.827379	0.826406	0.8256	0.824736	0.823805	0.822956	0.822344	0.822012	0.821972	0.82218	
0.822212	0.822658	0.823212	0.823796	0.824349	0.824837	0.825281	0.825775	0.826441	0.827342	0.82843	0.829554	0.830511	0.831131	0.831424	0.831563	0.8318	0.83233	0.83319	0.834343	0.835813	0.837603	0.839501	0.841123	0.842242	0.842868	0.843091	0.842831	0.841869	0.84029	0.838505	0.836968	0.835981	0.83571	0.836153	0.837046	0.837849	0.838014	0.837321	0.835997	0.834361	0.83245	0.830199	0.828057	0.826737	0.826431	0.826594	0.82655	0.826177	0.825995	0.826674	0.828122	0.829362	0.829398	0.82833	0.827058	0.8261	0.825365	0.824586	0.823707	0.82288	0.822273	0.821948	0.821941	0.822212	
0.82261	0.823164	0.82384	0.824554	0.825234	0.825854	0.826454	0.827136	0.828031	0.829191	0.830538	0.831867	0.832903	0.833407	0.83336	0.832981	0.832666	0.832787	0.83344	0.834525	0.835986	0.837854	0.840002	0.841987	0.843307	0.843618	0.84297	0.841587	0.839634	0.837514	0.835754	0.834807	0.834857	0.835785	0.837235	0.838637	0.839444	0.839373	0.838435	0.836948	0.835229	0.833287	0.830985	0.828696	0.827221	0.826874	0.827124	0.827173	0.826713	0.826164	0.826346	0.8275	0.828771	0.828971	0.828007	0.826804	0.825928	0.825311	0.824652	0.823855	0.823083	0.822509	0.822209	0.822251	0.82261	
0.823482	0.82414	0.824909	0.825699	0.826438	0.827109	0.827782	0.828592	0.829677	0.831067	0.832625	0.834031	0.834915	0.835031	0.834415	0.833353	0.832352	0.83197	0.832425	0.83353	0.835038	0.836863	0.838955	0.84101	0.84251	0.842858	0.841916	0.83995	0.837352	0.834943	0.833522	0.833479	0.834617	0.836424	0.838361	0.839817	0.840439	0.84016	0.839083	0.837572	0.835958	0.83421	0.832104	0.829973	0.828619	0.828317	0.828521	0.828441	0.827764	0.826848	0.826508	0.827206	0.828279	0.828483	0.827602	0.826516	0.8258	0.825387	0.824925	0.824288	0.823643	0.82316	0.82292	0.823029	0.823482	
0.824865	0.825583	0.826378	0.827149	0.827842	0.828471	0.829142	0.830014	0.831218	0.832739	0.834337	0.835567	0.836024	0.835537	0.834256	0.832556	0.830982	0.830142	0.830382	0.831526	0.833151	0.834962	0.836827	0.838636	0.840096	0.840664	0.839954	0.838059	0.835437	0.83315	0.832311	0.833114	0.834894	0.836869	0.838566	0.839687	0.840141	0.839879	0.838894	0.837565	0.836302	0.835044	0.833499	0.831928	0.830982	0.830787	0.830761	0.830281	0.82922	0.827941	0.827132	0.827294	0.827955	0.827939	0.827028	0.826061	0.825568	0.825441	0.825287	0.824941	0.824543	0.824238	0.824128	0.824336	0.824865	
0.826703	0.82738	0.828067	0.828678	0.829189	0.829667	0.830259	0.831127	0.83236	0.833849	0.835249	0.836054	0.835913	0.834781	0.832926	0.830841	0.829069	0.828066	0.828141	0.829214	0.83089	0.832751	0.834451	0.835872	0.836954	0.837456	0.836929	0.835323	0.83313	0.831364	0.831282	0.832913	0.834979	0.83652	0.837525	0.838251	0.83875	0.838738	0.837983	0.836938	0.836177	0.835654	0.835039	0.834423	0.834137	0.834067	0.833633	0.832545	0.831016	0.82941	0.828215	0.827832	0.827924	0.827451	0.826309	0.825369	0.825073	0.825268	0.825534	0.825653	0.825663	0.82566	0.825781	0.826136	0.826703	
0.82874	0.829227	0.82962	0.829895	0.830097	0.830336	0.830783	0.831586	0.832756	0.834058	0.83508	0.835354	0.834643	0.833001	0.830815	0.828699	0.827166	0.826409	0.82651	0.827422	0.828895	0.830638	0.83224	0.833366	0.833956	0.834063	0.83335	0.831758	0.829928	0.828858	0.82969	0.832191	0.834464	0.835458	0.835879	0.836487	0.837192	0.837372	0.836728	0.835915	0.835681	0.836014	0.83655	0.837111	0.837611	0.837658	0.836752	0.835035	0.833096	0.831236	0.829739	0.828893	0.828343	0.827248	0.825705	0.824585	0.8243	0.82474	0.825488	0.82622	0.826809	0.827262	0.827709	0.828216	0.82874	
0.830545	0.830665	0.830582	0.83038	0.830187	0.830154	0.830435	0.831128	0.832157	0.833189	0.833806	0.833662	0.832608	0.830706	0.82842	0.826491	0.825405	0.825095	0.825361	0.826125	0.827269	0.828715	0.830189	0.831183	0.831414	0.831071	0.829992	0.828075	0.82616	0.825496	0.827206	0.830644	0.833273	0.834057	0.834321	0.83504	0.835826	0.835905	0.835178	0.834539	0.834814	0.836039	0.837775	0.839511	0.840757	0.840912	0.839611	0.837442	0.83527	0.833273	0.831598	0.830493	0.829462	0.827791	0.825737	0.824179	0.82358	0.823987	0.825111	0.826477	0.827749	0.828776	0.829591	0.830191	0.830545	
0.831664	0.831241	0.830555	0.829797	0.829186	0.828905	0.829064	0.829658	0.83054	0.83135	0.831721	0.831433	0.830327	0.828352	0.826001	0.824143	0.823275	0.823167	0.823441	0.824037	0.825009	0.826375	0.827922	0.829104	0.829307	0.828608	0.827144	0.824793	0.822466	0.821864	0.824229	0.828491	0.831599	0.83254	0.832939	0.833721	0.834319	0.834118	0.833305	0.832846	0.833615	0.835684	0.838473	0.841188	0.843051	0.843307	0.841761	0.839423	0.837248	0.835252	0.833576	0.832472	0.831298	0.829312	0.826784	0.824623	0.823433	0.823458	0.824632	0.826453	0.828357	0.82996	0.831088	0.831653	0.831664	
0.831779	0.830681	0.829328	0.828027	0.82708	0.826682	0.826868	0.827524	0.828418	0.82921	0.829587	0.82937	0.828319	0.82623	0.823595	0.821397	0.82014	0.8195	0.819105	0.819081	0.819829	0.821651	0.82422	0.826612	0.827557	0.826761	0.824873	0.822114	0.819476	0.819018	0.821849	0.826438	0.829703	0.830808	0.831356	0.832039	0.832352	0.832043	0.831401	0.831174	0.83231	0.835017	0.83857	0.841999	0.844288	0.844543	0.842871	0.840648	0.838673	0.836833	0.835346	0.834434	0.833388	0.831413	0.828651	0.825946	0.824119	0.823583	0.824483	0.826455	0.82875	0.830738	0.831982	0.832301	0.831779	
0.830822	0.828991	0.827023	0.825358	0.824365	0.824184	0.82473	0.825752	0.826919	0.827897	0.82839	0.828185	0.826979	0.824509	0.821276	0.818285	0.816046	0.814225	0.812516	0.811195	0.811244	0.813564	0.817915	0.822871	0.825868	0.825715	0.823538	0.8205	0.817947	0.817953	0.821068	0.825199	0.827825	0.828752	0.829342	0.829856	0.830006	0.829911	0.82977	0.829928	0.831312	0.834368	0.838393	0.84222	0.844532	0.844486	0.842754	0.84089	0.839288	0.83776	0.836594	0.835942	0.835168	0.833483	0.830823	0.827862	0.825562	0.824486	0.824965	0.826802	0.829134	0.831153	0.832199	0.83203	0.830822	
0.82903	0.826524	0.824168	0.82256	0.822038	0.822582	0.823896	0.825539	0.827103	0.828259	0.828703	0.828185	0.826436	0.823301	0.819298	0.81533	0.81196	0.809106	0.806533	0.804332	0.8038	0.806107	0.811254	0.818226	0.823918	0.825453	0.82351	0.82052	0.818492	0.81916	0.822194	0.825143	0.826443	0.82685	0.827383	0.827717	0.827739	0.827929	0.828361	0.82909	0.830837	0.834104	0.838312	0.841968	0.84357	0.842925	0.841357	0.840115	0.83905	0.83797	0.837194	0.836826	0.836373	0.835143	0.832894	0.830041	0.827517	0.826048	0.826106	0.827588	0.829631	0.83131	0.831854	0.831007	0.82903	
0.826932	0.823966	0.82163	0.82059	0.821031	0.822704	0.825014	0.82731	0.829116	0.830124	0.830124	0.828958	0.826454	0.822623	0.818016	0.813377	0.809335	0.806257	0.80407	0.80265	0.802991	0.805535	0.809924	0.816113	0.8226	0.82569	0.824584	0.822063	0.820622	0.821561	0.823881	0.825418	0.825553	0.825615	0.826216	0.826379	0.82598	0.826006	0.826697	0.828117	0.830643	0.834212	0.838087	0.840675	0.840934	0.839831	0.838872	0.8385	0.838141	0.837634	0.837298	0.837229	0.837085	0.836305	0.834559	0.832041	0.829553	0.827915	0.827628	0.828645	0.830202	0.831308	0.831198	0.829616	0.826932	
0.825156	0.822057	0.820114	0.819916	0.82149	0.824344	0.827511	0.830094	0.831568	0.831837	0.831004	0.829131	0.826119	0.822041	0.81745	0.812982	0.809254	0.807002	0.80636	0.807154	0.809724	0.81321	0.816331	0.819593	0.823739	0.826381	0.825908	0.824081	0.82283	0.82319	0.8243	0.824678	0.824302	0.824439	0.82551	0.825885	0.824918	0.824136	0.82452	0.826544	0.830232	0.834171	0.836956	0.837697	0.836661	0.835561	0.835464	0.836095	0.836607	0.836841	0.837076	0.837393	0.837514	0.836992	0.835545	0.833334	0.831059	0.829475	0.828971	0.829573	0.830646	0.831191	0.830491	0.828314	0.825156	
0.824071	0.82112	0.819671	0.820222	0.822711	0.826339	0.829726	0.831795	0.832219	0.831319	0.829614	0.827323	0.824302	0.820651	0.816929	0.813699	0.81143	0.81092	0.812299	0.81527	0.819771	0.824183	0.826405	0.826708	0.827103	0.827452	0.82671	0.825488	0.824631	0.824586	0.824742	0.824171	0.823098	0.822815	0.824255	0.825417	0.824205	0.822112	0.821598	0.824013	0.828842	0.832964	0.834242	0.833319	0.831635	0.83059	0.831018	0.832572	0.834126	0.835366	0.83648	0.837427	0.837826	0.8373	0.835791	0.833644	0.83155	0.830111	0.82955	0.829928	0.83071	0.830917	0.829869	0.82739	0.824071	
0.823628	0.820987	0.819945	0.820947	0.823858	0.827549	0.830344	0.831272	0.830415	0.82852	0.826409	0.824217	0.821562	0.818566	0.815968	0.814497	0.814443	0.81614	0.819215	0.823161	0.828152	0.832947	0.834929	0.833519	0.830861	0.828594	0.827151	0.826814	0.827651	0.828825	0.829055	0.827649	0.825005	0.822846	0.823348	0.82479	0.823219	0.81952	0.817854	0.820342	0.825787	0.829892	0.83022	0.828809	0.827182	0.825739	0.825779	0.827747	0.830416	0.832989	0.835362	0.837257	0.83809	0.837519	0.835759	0.833415	0.831272	0.829857	0.829313	0.829672	0.830388	0.830487	0.829329	0.826824	0.823628	
0.823528	0.821225	0.820454	0.821587	0.824418	0.827601	0.829451	0.829281	0.827539	0.82531	0.823477	0.821876	0.819791	0.817248	0.815237	0.814939	0.816728	0.820292	0.82443	0.828246	0.832455	0.837032	0.839638	0.838345	0.834178	0.8299	0.827953	0.829056	0.832639	0.836449	0.837812	0.836054	0.831696	0.826873	0.82513	0.825449	0.823006	0.818126	0.815333	0.817023	0.82202	0.825756	0.826021	0.825327	0.824352	0.822473	0.82148	0.823049	0.826381	0.83018	0.833856	0.836844	0.838381	0.838034	0.836099	0.833401	0.830938	0.829344	0.828819	0.82928	0.83003	0.830095	0.828898	0.826476	0.823528	
0.823544	0.821389	0.820671	0.821696	0.824226	0.826857	0.828008	0.827209	0.825151	0.823119	0.821872	0.821017	0.819672	0.817642	0.815811	0.815685	0.817925	0.821933	0.826135	0.829347	0.832531	0.836653	0.840484	0.840892	0.837074	0.831894	0.829549	0.831944	0.83798	0.844378	0.847099	0.845636	0.840706	0.834179	0.830178	0.828638	0.825253	0.819937	0.816306	0.816639	0.820052	0.822585	0.823025	0.823483	0.82352	0.821948	0.82052	0.821403	0.82443	0.828454	0.832754	0.83658	0.838924	0.839057	0.837095	0.834018	0.831175	0.829399	0.828937	0.829502	0.830208	0.830151	0.82884	0.826391	0.823544	
0.82392	0.821509	0.82046	0.821083	0.823235	0.825597	0.826574	0.825693	0.823672	0.821849	0.820941	0.820607	0.820067	0.81892	0.817545	0.817287	0.818969	0.821974	0.82504	0.827364	0.829903	0.833855	0.838812	0.841546	0.839812	0.835013	0.832314	0.835149	0.842288	0.850037	0.853294	0.852153	0.848147	0.841996	0.837097	0.834194	0.830172	0.824887	0.821079	0.820265	0.821256	0.821625	0.821783	0.823044	0.824036	0.82346	0.822538	0.823013	0.825223	0.828676	0.832897	0.837095	0.840032	0.840601	0.838675	0.8354	0.832414	0.83064	0.830267	0.830817	0.831323	0.831042	0.829558	0.826951	0.82392	
0.825086	0.822147	0.820389	0.820173	0.821568	0.82363	0.824734	0.824177	0.822356	0.820484	0.819465	0.819266	0.819391	0.819401	0.819099	0.819149	0.820207	0.821874	0.823465	0.82483	0.826975	0.831029	0.836737	0.841629	0.842524	0.839111	0.836593	0.83892	0.845454	0.852802	0.855456	0.854303	0.852017	0.847956	0.84386	0.840579	0.836282	0.831375	0.827973	0.826123	0.824214	0.821965	0.821377	0.823071	0.824842	0.825217	0.824945	0.825363	0.827118	0.830169	0.83425	0.838565	0.841727	0.84245	0.840587	0.83742	0.834605	0.832971	0.832581	0.832886	0.833063	0.832555	0.830995	0.828342	0.825087	
0.826845	0.823613	0.821109	0.819838	0.819959	0.821025	0.821808	0.82143	0.819822	0.817842	0.816574	0.816343	0.816907	0.817923	0.818904	0.819786	0.820826	0.821895	0.822874	0.823953	0.826017	0.8301	0.836024	0.842176	0.845008	0.843439	0.841676	0.842978	0.847528	0.852837	0.854306	0.853459	0.853183	0.851605	0.848987	0.845943	0.841805	0.83773	0.834937	0.831857	0.827103	0.822595	0.821402	0.823402	0.825549	0.826286	0.826447	0.827219	0.829112	0.832167	0.836221	0.840447	0.84343	0.844051	0.84238	0.839645	0.837228	0.835759	0.83516	0.834979	0.834697	0.833932	0.832406	0.82998	0.826846	
0.828291	0.825312	0.822505	0.820393	0.819149	0.81858	0.818106	0.817145	0.815479	0.813576	0.812331	0.812215	0.813127	0.814735	0.816605	0.818453	0.820205	0.821827	0.823414	0.825044	0.827374	0.831397	0.837124	0.843291	0.84695	0.846989	0.84584	0.845962	0.848011	0.850548	0.850855	0.850706	0.852619	0.853592	0.852325	0.849696	0.846337	0.843597	0.841158	0.836504	0.829464	0.823637	0.822187	0.824129	0.826173	0.82714	0.827887	0.829183	0.831256	0.834218	0.837913	0.841552	0.843997	0.844514	0.843341	0.841407	0.839614	0.838354	0.837512	0.836788	0.835913	0.834708	0.833081	0.830949	0.828292	
0.829029	0.826387	0.823682	0.821141	0.81883	0.816652	0.814525	0.8125	0.810652	0.80922	0.80858	0.808995	0.810359	0.81226	0.814312	0.816453	0.818796	0.821399	0.824228	0.826995	0.830016	0.834155	0.839479	0.844698	0.847741	0.848088	0.847031	0.84608	0.845886	0.846114	0.845689	0.845943	0.84947	0.853342	0.853955	0.852104	0.849985	0.84863	0.846055	0.839761	0.831333	0.825112	0.823478	0.824984	0.827007	0.828659	0.830208	0.831777	0.833477	0.835689	0.838423	0.84107	0.842888	0.843536	0.843198	0.842353	0.84143	0.840596	0.839756	0.838705	0.837315	0.835585	0.83361	0.831437	0.829029	
0.829802	0.827028	0.824167	0.821212	0.818058	0.814725	0.811534	0.809069	0.807757	0.807614	0.808417	0.809938	0.811823	0.813656	0.815202	0.816705	0.818717	0.821521	0.825123	0.829002	0.832945	0.837314	0.842021	0.845623	0.84679	0.845953	0.844146	0.84216	0.840311	0.839419	0.839252	0.839742	0.843524	0.849662	0.853209	0.853281	0.852833	0.852503	0.849263	0.84161	0.832579	0.826276	0.824322	0.825579	0.828111	0.830627	0.832659	0.834032	0.834947	0.835983	0.837402	0.838985	0.840391	0.84142	0.842052	0.84238	0.842491	0.842376	0.841914	0.840936	0.839367	0.837299	0.83494	0.832437	0.829802	
0.831211	0.82795	0.82444	0.82066	0.816616	0.812694	0.809548	0.807782	0.807686	0.809072	0.81157	0.814586	0.817164	0.818691	0.819316	0.81974	0.820779	0.822912	0.826308	0.830431	0.834731	0.838999	0.842879	0.844977	0.844485	0.842239	0.839206	0.836203	0.83343	0.832056	0.832301	0.833277	0.837223	0.844549	0.850782	0.853779	0.85534	0.855222	0.85061	0.841735	0.832302	0.825755	0.823539	0.825125	0.828512	0.831608	0.833596	0.834507	0.834714	0.834772	0.83513	0.835992	0.837274	0.838736	0.840188	0.841504	0.842559	0.843196	0.843257	0.842622	0.841251	0.839259	0.836862	0.834184	0.831211	
0.832849	0.829097	0.824827	0.820109	0.815262	0.811258	0.808785	0.807855	0.808368	0.810306	0.813783	0.818059	0.821389	0.822959	0.823387	0.823553	0.82411	0.825515	0.828079	0.831437	0.835108	0.838621	0.841435	0.842501	0.841281	0.838545	0.835292	0.832245	0.82941	0.827276	0.826754	0.828021	0.832906	0.841607	0.849739	0.855006	0.857662	0.856412	0.850094	0.84077	0.831991	0.826195	0.82429	0.82576	0.828628	0.830916	0.832223	0.832864	0.832975	0.832774	0.832734	0.833249	0.834378	0.835922	0.837681	0.839445	0.840956	0.841981	0.842406	0.842231	0.841487	0.840203	0.838387	0.835962	0.832849	
0.833726	0.829795	0.825135	0.819947	0.814809	0.810983	0.80893	0.808029	0.807958	0.809157	0.812337	0.816815	0.820595	0.823032	0.824965	0.826636	0.827836	0.828851	0.830334	0.832389	0.834845	0.837264	0.838914	0.83898	0.837222	0.834545	0.832261	0.830667	0.828912	0.826409	0.824595	0.825563	0.831197	0.841637	0.851177	0.856745	0.858779	0.855917	0.848761	0.840258	0.833209	0.828867	0.827316	0.827677	0.828584	0.829251	0.829958	0.830867	0.831479	0.831564	0.83148	0.831703	0.832431	0.833528	0.83486	0.836313	0.83769	0.838792	0.839538	0.839977	0.840105	0.839784	0.838742	0.836738	0.833726	
0.83361	0.829826	0.825298	0.820281	0.815372	0.811753	0.809729	0.808443	0.807478	0.807395	0.80903	0.812214	0.815849	0.819732	0.824148	0.828191	0.830779	0.831885	0.83252	0.833472	0.834907	0.836347	0.836881	0.835846	0.83333	0.830776	0.829726	0.829781	0.829292	0.827307	0.825149	0.826424	0.833024	0.844076	0.853527	0.857713	0.858042	0.854047	0.846904	0.839501	0.833565	0.82954	0.827509	0.826872	0.826895	0.827384	0.828573	0.830249	0.831565	0.832129	0.832209	0.832198	0.832286	0.83244	0.832733	0.833336	0.834254	0.835359	0.836532	0.837657	0.83852	0.838826	0.838214	0.836454	0.83361	
0.833061	0.829441	0.825319	0.820915	0.81663	0.813341	0.811306	0.809793	0.808362	0.807349	0.807455	0.80903	0.811951	0.816524	0.822582	0.828327	0.832282	0.834196	0.83501	0.835784	0.83677	0.837393	0.836731	0.834386	0.831062	0.828855	0.828583	0.828908	0.82846	0.826375	0.824663	0.827921	0.83657	0.846155	0.852191	0.854258	0.85363	0.849391	0.842702	0.836339	0.830997	0.826887	0.824429	0.823604	0.824171	0.825852	0.828318	0.831023	0.833185	0.834439	0.834894	0.834692	0.83401	0.833079	0.832235	0.831883	0.832299	0.833458	0.835077	0.83677	0.838073	0.838545	0.837857	0.835951	0.833062	
0.832107	0.828713	0.825179	0.821641	0.818243	0.815459	0.813526	0.812012	0.810535	0.809187	0.808554	0.809204	0.81133	0.815447	0.821511	0.827802	0.832771	0.835985	0.837902	0.839171	0.839815	0.839384	0.837449	0.834288	0.831286	0.829716	0.829044	0.827709	0.825551	0.822547	0.821616	0.826885	0.835904	0.842004	0.84373	0.84455	0.844615	0.84153	0.836404	0.831657	0.82716	0.823259	0.820819	0.820331	0.82194	0.82526	0.829278	0.832961	0.835801	0.83771	0.838652	0.838473	0.837289	0.835554	0.833797	0.832563	0.8324	0.83347	0.835281	0.837127	0.838379	0.838557	0.837423	0.835133	0.832107	
0.830713	0.827827	0.825023	0.822383	0.819892	0.817692	0.815946	0.814497	0.813101	0.811738	0.810851	0.811055	0.812662	0.816096	0.821377	0.82731	0.832573	0.836564	0.839284	0.840802	0.840942	0.839696	0.837353	0.834825	0.833055	0.831544	0.829166	0.825446	0.821371	0.81822	0.818673	0.824475	0.831227	0.833381	0.832294	0.832406	0.833472	0.832491	0.829737	0.827205	0.824281	0.820732	0.818025	0.81782	0.820844	0.825938	0.83099	0.834955	0.837999	0.840374	0.841943	0.842259	0.841236	0.839314	0.837011	0.83485	0.833473	0.833415	0.834499	0.835963	0.83699	0.836977	0.835719	0.833473	0.830713	
0.829283	0.82717	0.825117	0.823248	0.82152	0.819892	0.818403	0.816996	0.815498	0.813983	0.812973	0.813054	0.814447	0.817344	0.821656	0.826534	0.831191	0.835195	0.838233	0.840002	0.840327	0.839565	0.838196	0.836688	0.834848	0.831846	0.827356	0.821935	0.817261	0.815008	0.816664	0.821853	0.826398	0.826338	0.823524	0.822448	0.823809	0.824618	0.823599	0.822607	0.821333	0.81872	0.81631	0.816796	0.821255	0.827276	0.83204	0.835386	0.838284	0.841052	0.843357	0.844517	0.844232	0.842765	0.840408	0.837404	0.834336	0.83218	0.831577	0.832217	0.833132	0.833447	0.832775	0.83126	0.829283	
0.828216	0.827001	0.825673	0.824407	0.823227	0.822075	0.820868	0.819472	0.817703	0.815799	0.814479	0.814309	0.815369	0.817606	0.820818	0.824524	0.828477	0.83251	0.836175	0.838966	0.840601	0.841247	0.840863	0.839157	0.835827	0.83097	0.825031	0.818583	0.813887	0.812779	0.81494	0.818847	0.821926	0.821636	0.81867	0.81682	0.818122	0.820019	0.819947	0.819357	0.818802	0.817484	0.816459	0.818138	0.823089	0.828619	0.832373	0.834696	0.837008	0.839794	0.842615	0.844578	0.845142	0.844368	0.842342	0.839009	0.834774	0.83079	0.828383	0.827883	0.828533	0.829338	0.829579	0.829141	0.828216	
0.827715	0.827352	0.826661	0.825825	0.824986	0.824162	0.823169	0.821752	0.819735	0.817432	0.815645	0.814929	0.815307	0.816579	0.818552	0.821184	0.824656	0.82902	0.833806	0.838238	0.841556	0.843346	0.842975	0.840121	0.835458	0.82993	0.823686	0.816629	0.811715	0.811617	0.814453	0.817225	0.818736	0.81828	0.815884	0.813972	0.815041	0.81752	0.818373	0.818156	0.81812	0.818486	0.819756	0.822697	0.82698	0.831185	0.833999	0.835329	0.836547	0.838452	0.840916	0.843112	0.844233	0.84402	0.842364	0.839148	0.834648	0.829856	0.826194	0.82456	0.824762	0.825917	0.827026	0.827627	0.827715	
0.82774	0.828043	0.827843	0.827317	0.826683	0.826005	0.825097	0.823703	0.821665	0.819207	0.816994	0.815599	0.815109	0.815306	0.816066	0.8176	0.8204	0.824812	0.83034	0.835865	0.840217	0.842543	0.841955	0.838476	0.833896	0.82931	0.82403	0.816943	0.81152	0.811784	0.81547	0.818118	0.817751	0.815825	0.813594	0.812057	0.812889	0.815391	0.81693	0.817081	0.817977	0.820848	0.825039	0.829246	0.832743	0.835678	0.837626	0.838219	0.838407	0.839011	0.840249	0.841718	0.842649	0.842437	0.840753	0.837641	0.833557	0.829244	0.825533	0.823282	0.822846	0.823917	0.825566	0.826906	0.82774	
0.827903	0.82869	0.828859	0.828557	0.828007	0.827313	0.826394	0.825094	0.823272	0.820995	0.818664	0.816775	0.815541	0.814869	0.814712	0.815262	0.816987	0.820414	0.82525	0.830553	0.835163	0.838014	0.837843	0.834917	0.831744	0.829219	0.825884	0.819705	0.814228	0.813884	0.817267	0.820282	0.818868	0.815571	0.813345	0.812077	0.812789	0.815136	0.816999	0.817318	0.818632	0.823096	0.829357	0.834664	0.838058	0.840386	0.841844	0.842267	0.842102	0.841766	0.841451	0.841279	0.840997	0.840033	0.837913	0.834807	0.831482	0.828521	0.825929	0.823823	0.822782	0.823309	0.824925	0.826598	0.827903	
0.827841	0.828952	0.829442	0.829309	0.82873	0.827888	0.826861	0.82559	0.824003	0.822104	0.820065	0.818162	0.816609	0.815454	0.81471	0.814474	0.815048	0.81693	0.820138	0.824281	0.828525	0.831742	0.83236	0.830718	0.829494	0.829441	0.82847	0.823958	0.819144	0.81797	0.819985	0.822769	0.821597	0.818397	0.816364	0.814913	0.815263	0.817246	0.819123	0.819761	0.820922	0.825128	0.831567	0.837381	0.841262	0.843717	0.845209	0.845886	0.845883	0.845128	0.843519	0.841448	0.839323	0.83705	0.834323	0.83137	0.828994	0.827581	0.826516	0.825138	0.823866	0.823657	0.824744	0.826358	0.827841	
0.827525	0.828705	0.829421	0.829493	0.828902	0.827861	0.82662	0.825238	0.823785	0.822277	0.820739	0.819223	0.817822	0.816641	0.815749	0.815212	0.815164	0.815921	0.817644	0.820316	0.823532	0.82637	0.827401	0.827006	0.827589	0.829771	0.831018	0.828609	0.824982	0.823318	0.823837	0.825639	0.825131	0.822942	0.821136	0.819369	0.819227	0.820459	0.821706	0.822415	0.823394	0.826355	0.831539	0.837428	0.842331	0.8456	0.847386	0.848106	0.848011	0.846971	0.844668	0.841393	0.837838	0.834301	0.830871	0.828043	0.826556	0.826433	0.826732	0.826381	0.825347	0.824603	0.824979	0.826187	0.827525	
0.827213	0.82816	0.828849	0.829073	0.828578	0.827449	0.826009	0.824483	0.823116	0.821953	0.820918	0.819941	0.819023	0.818259	0.817762	0.817564	0.817525	0.817641	0.818161	0.819391	0.821417	0.823588	0.82443	0.8244	0.826138	0.830009	0.833185	0.833136	0.831032	0.829276	0.828675	0.829319	0.829314	0.828257	0.826575	0.824316	0.82374	0.824544	0.824983	0.824853	0.82474	0.825991	0.829746	0.835612	0.841636	0.846066	0.848303	0.848705	0.84794	0.8464	0.843923	0.840511	0.836636	0.83258	0.828659	0.825702	0.824594	0.825174	0.82634	0.826896	0.826423	0.825629	0.825509	0.826216	0.827213	
0.82711	0.827702	0.828108	0.828207	0.827711	0.826592	0.825125	0.823634	0.822439	0.821599	0.821017	0.820584	0.820256	0.820134	0.820325	0.820772	0.82103	0.820773	0.820329	0.820426	0.82168	0.823115	0.822967	0.822391	0.824782	0.83019	0.835185	0.83717	0.836351	0.834674	0.833511	0.833468	0.833843	0.833636	0.831943	0.829009	0.828029	0.82914	0.829476	0.828313	0.826645	0.826337	0.82879	0.833915	0.840104	0.845283	0.847928	0.847847	0.846076	0.84385	0.841533	0.838794	0.835507	0.831741	0.827866	0.824801	0.82356	0.82418	0.825647	0.826736	0.826807	0.826261	0.826023	0.82643	0.82711	
0.827133	0.82749	0.827603	0.827367	0.826643	0.825473	0.824107	0.822882	0.822017	0.821511	0.821294	0.821293	0.821494	0.822031	0.822963	0.824098	0.824729	0.824348	0.823395	0.822884	0.823574	0.823763	0.821766	0.820263	0.823309	0.830371	0.83708	0.840308	0.839967	0.838206	0.836912	0.836862	0.837577	0.837686	0.83609	0.832971	0.831695	0.833285	0.834201	0.832815	0.83034	0.829003	0.830383	0.834328	0.839511	0.844306	0.846894	0.846308	0.843462	0.840311	0.838003	0.836181	0.834006	0.831114	0.827871	0.82509	0.823673	0.823886	0.82513	0.826329	0.8267	0.826425	0.826291	0.826628	0.827133	
0.827047	0.827305	0.827266	0.82678	0.825822	0.824564	0.82335	0.822466	0.821934	0.82168	0.821668	0.821918	0.822549	0.823726	0.8254	0.827188	0.828262	0.828114	0.827174	0.826344	0.826065	0.824323	0.820174	0.817813	0.821613	0.830254	0.838486	0.842381	0.84191	0.840006	0.838916	0.839198	0.839947	0.839835	0.838405	0.835781	0.834567	0.836368	0.837961	0.837026	0.834537	0.832698	0.833369	0.836384	0.840312	0.843894	0.845788	0.844678	0.84091	0.836654	0.833845	0.83261	0.831732	0.830203	0.828098	0.826016	0.824651	0.824398	0.825071	0.825918	0.826255	0.826167	0.826227	0.826616	0.827047	
0.826744	0.826976	0.826865	0.826254	0.825175	0.823921	0.822917	0.822305	0.821942	0.821752	0.821802	0.822257	0.823331	0.825152	0.82755	0.830045	0.831799	0.832251	0.831597	0.830471	0.82888	0.824934	0.818796	0.815422	0.819314	0.828918	0.838241	0.842723	0.842535	0.841052	0.840327	0.840437	0.840451	0.839761	0.838548	0.836906	0.836243	0.83805	0.839925	0.839498	0.83744	0.835503	0.835643	0.837943	0.840979	0.843472	0.844433	0.842715	0.838271	0.833043	0.829422	0.828305	0.828613	0.828712	0.828077	0.827005	0.825982	0.825438	0.825439	0.825603	0.825588	0.825534	0.825783	0.826294	0.826744	
0.826241	0.826514	0.826383	0.825706	0.824577	0.823384	0.822512	0.821965	0.821566	0.821326	0.821457	0.822224	0.823764	0.826112	0.82913	0.83239	0.83503	0.836264	0.835985	0.83463	0.831924	0.826364	0.818752	0.8138	0.816271	0.825425	0.835135	0.840394	0.841327	0.840898	0.840354	0.839567	0.838495	0.837334	0.836497	0.83605	0.836358	0.83831	0.840069	0.839739	0.838137	0.836482	0.83636	0.838028	0.840265	0.841928	0.842074	0.839705	0.834773	0.828992	0.824814	0.823741	0.825122	0.82695	0.828001	0.828161	0.827689	0.826958	0.826234	0.825539	0.824945	0.82472	0.825041	0.825682	0.826241	
0.825626	0.826002	0.825901	0.825204	0.824064	0.82288	0.82195	0.821263	0.82076	0.820549	0.820872	0.821943	0.823744	0.826292	0.82962	0.833436	0.836835	0.838828	0.839095	0.837928	0.834985	0.829082	0.820948	0.81449	0.814224	0.820868	0.829608	0.83534	0.837599	0.838252	0.837699	0.836176	0.834636	0.833615	0.833434	0.834011	0.835219	0.837379	0.838924	0.838479	0.837193	0.836024	0.835859	0.836888	0.838192	0.838961	0.838373	0.835465	0.830304	0.824592	0.82067	0.820137	0.822617	0.826029	0.828623	0.829849	0.829775	0.82875	0.827236	0.825642	0.824371	0.823808	0.824098	0.824895	0.825626	
0.825087	0.825562	0.825473	0.824747	0.823578	0.822319	0.821222	0.820386	0.819893	0.819836	0.820335	0.821443	0.823061	0.825285	0.828358	0.832177	0.835896	0.838526	0.839683	0.839417	0.837332	0.832421	0.824977	0.818026	0.815132	0.817805	0.823795	0.828971	0.831984	0.833402	0.83299	0.831377	0.830056	0.829711	0.830522	0.832013	0.833666	0.835677	0.837038	0.836588	0.835322	0.834363	0.834165	0.834613	0.835052	0.834949	0.833714	0.83056	0.825658	0.820726	0.817944	0.818584	0.822134	0.826549	0.829987	0.831713	0.831692	0.830261	0.828006	0.825592	0.823677	0.82278	0.823099	0.824146	0.825087	
0.824709	0.825199	0.825052	0.824255	0.823007	0.821628	0.820422	0.819615	0.819288	0.819397	0.819895	0.820704	0.821727	0.823162	0.82542	0.828616	0.832174	0.835332	0.837648	0.838804	0.838242	0.835153	0.8295	0.823356	0.819252	0.818448	0.820806	0.824324	0.827223	0.828809	0.828401	0.826782	0.825834	0.826361	0.828319	0.830707	0.83246	0.833954	0.835014	0.834667	0.833229	0.831871	0.831254	0.831179	0.831109	0.83055	0.829015	0.826051	0.82196	0.818366	0.817194	0.819194	0.823404	0.827933	0.831342	0.833024	0.832838	0.830983	0.828058	0.824956	0.822595	0.821643	0.822228	0.823598	0.824709	
0.824489	0.824866	0.824577	0.823675	0.822333	0.820869	0.819702	0.819085	0.818991	0.819234	0.819612	0.82	0.820353	0.820906	0.822137	0.824362	0.827404	0.830811	0.834053	0.836489	0.837427	0.836313	0.833045	0.828769	0.825056	0.822699	0.822354	0.823835	0.82576	0.826542	0.82536	0.823313	0.82264	0.824008	0.826902	0.829951	0.831729	0.832687	0.833238	0.832823	0.831181	0.829029	0.827449	0.826724	0.826487	0.826093	0.824911	0.822702	0.81994	0.81806	0.818455	0.821285	0.825403	0.829355	0.832222	0.833521	0.832954	0.830582	0.827072	0.823591	0.821236	0.820692	0.821778	0.823376	0.824489	
0.82438	0.824528	0.824039	0.823029	0.821632	0.82019	0.819168	0.818761	0.818883	0.819256	0.819564	0.8197	0.819655	0.819618	0.82002	0.821269	0.823489	0.826525	0.829922	0.832958	0.834915	0.835441	0.834487	0.832464	0.830057	0.827774	0.826366	0.826317	0.826848	0.826158	0.823593	0.820968	0.820651	0.822745	0.82617	0.829474	0.831341	0.832046	0.832075	0.831289	0.829268	0.826223	0.823462	0.821987	0.821733	0.821967	0.821794	0.820909	0.819833	0.819618	0.821006	0.823852	0.827299	0.830411	0.832519	0.833113	0.831828	0.828821	0.824992	0.821678	0.819955	0.820237	0.821843	0.82346	0.82438	
0.824373	0.824219	0.823494	0.822379	0.820992	0.819655	0.81878	0.818506	0.818765	0.819258	0.819612	0.819738	0.81966	0.81947	0.819408	0.819798	0.820928	0.822985	0.825767	0.828721	0.831226	0.832963	0.833783	0.833578	0.832458	0.830711	0.829076	0.82835	0.827945	0.825952	0.822247	0.819522	0.819892	0.82258	0.826003	0.829136	0.831181	0.831947	0.831617	0.83026	0.827582	0.823667	0.819955	0.817949	0.817793	0.818742	0.81978	0.820385	0.820878	0.821883	0.823727	0.826207	0.828794	0.8309	0.831948	0.831454	0.82925	0.825795	0.822214	0.81977	0.819242	0.820473	0.822348	0.823762	0.824373	
0.824454	0.823994	0.823034	0.821833	0.820506	0.819301	0.818519	0.818277	0.818527	0.819034	0.819461	0.819715	0.819813	0.81974	0.819522	0.819287	0.819377	0.82029	0.822136	0.824623	0.827303	0.829773	0.831637	0.832457	0.832038	0.830518	0.828861	0.828269	0.827785	0.825091	0.82091	0.818731	0.820007	0.823098	0.826222	0.828998	0.831202	0.83215	0.83159	0.829614	0.826141	0.821499	0.81734	0.815307	0.815461	0.81698	0.818859	0.820498	0.822007	0.82371	0.825705	0.82774	0.829403	0.830282	0.829991	0.828317	0.825476	0.822223	0.819649	0.818667	0.819475	0.82133	0.823119	0.824182	0.824454	
0.824588	0.823871	0.822734	0.821486	0.820263	0.819199	0.818473	0.818188	0.818307	0.818681	0.819082	0.81942	0.819659	0.819727	0.819553	0.819136	0.81871	0.818811	0.819805	0.82168	0.824175	0.826815	0.829002	0.830074	0.829692	0.8281	0.82677	0.826899	0.826804	0.823993	0.819844	0.818406	0.820444	0.823747	0.826726	0.829263	0.831423	0.832381	0.83157	0.829014	0.824832	0.819767	0.815722	0.814145	0.814819	0.816772	0.819014	0.821025	0.822866	0.824684	0.826426	0.827802	0.828447	0.828099	0.826687	0.824395	0.821724	0.819463	0.818416	0.818943	0.820614	0.822525	0.823957	0.824635	0.824588	
0.824719	0.823817	0.822592	0.821347	0.820262	0.819384	0.818748	0.818412	0.818365	0.818523	0.818771	0.819059	0.819357	0.819587	0.819666	0.819514	0.819184	0.819049	0.819507	0.820762	0.822726	0.824968	0.826835	0.827581	0.826919	0.825397	0.824763	0.825712	0.82595	0.823295	0.819498	0.818622	0.821017	0.824316	0.827294	0.82971	0.831514	0.832101	0.830922	0.827905	0.823298	0.818295	0.814911	0.814157	0.81549	0.817741	0.819992	0.821918	0.823559	0.824974	0.826068	0.826609	0.826358	0.825218	0.823388	0.821308	0.819533	0.818641	0.818981	0.820364	0.822151	0.823709	0.82469	0.825027	0.824719	
0.824795	0.823805	0.822556	0.821343	0.820392	0.819715	0.819231	0.818902	0.818717	0.818659	0.8187	0.818883	0.819238	0.819723	0.820247	0.820629	0.820775	0.820893	0.821283	0.822144	0.823425	0.824848	0.825917	0.826087	0.825265	0.824146	0.824207	0.825637	0.825964	0.823451	0.820154	0.819654	0.821983	0.824952	0.827649	0.829656	0.830756	0.830677	0.829079	0.825836	0.821337	0.817092	0.814887	0.815187	0.817105	0.819373	0.821342	0.822928	0.824135	0.824937	0.825279	0.825124	0.824419	0.823176	0.821655	0.820325	0.819613	0.819771	0.820743	0.822163	0.823577	0.824643	0.825209	0.825277	0.824795	
0.824784	0.823806	0.822596	0.821428	0.820549	0.819988	0.819622	0.819336	0.819081	0.818867	0.818742	0.818824	0.819222	0.819964	0.820943	0.821911	0.822683	0.823341	0.824077	0.824926	0.825721	0.826314	0.826547	0.826259	0.825503	0.824865	0.825308	0.826718	0.826872	0.824497	0.821732	0.821434	0.823322	0.825464	0.827197	0.828225	0.828399	0.827661	0.825837	0.822862	0.819264	0.816497	0.815837	0.817178	0.819333	0.821258	0.822726	0.823831	0.824584	0.824908	0.824751	0.824226	0.823515	0.822719	0.821942	0.821418	0.821375	0.821871	0.822765	0.823788	0.824675	0.825254	0.825481	0.825346	0.824784	
0.82468	0.823815	0.822738	0.821659	0.820797	0.820219	0.819831	0.819511	0.81918	0.818844	0.818601	0.818602	0.819012	0.819913	0.821227	0.822686	0.824051	0.825329	0.826579	0.827664	0.828315	0.828469	0.828273	0.827835	0.827215	0.826796	0.827201	0.828217	0.828096	0.826034	0.82388	0.823625	0.824704	0.825526	0.825749	0.825417	0.824651	0.823566	0.822047	0.820026	0.818017	0.817167	0.818069	0.82004	0.821983	0.823356	0.824235	0.824839	0.825225	0.825302	0.824984	0.824413	0.823915	0.823669	0.82358	0.82356	0.823678	0.824013	0.824501	0.824991	0.825359	0.825536	0.825502	0.825234	0.82468	
0.824505	0.82384	0.822993	0.822076	0.821241	0.820563	0.820017	0.819542	0.819073	0.818617	0.818278	0.818219	0.818619	0.819607	0.821121	0.822887	0.824664	0.826406	0.828058	0.829398	0.830162	0.830308	0.830052	0.829601	0.829019	0.828592	0.828762	0.829294	0.828983	0.827398	0.825893	0.825603	0.825828	0.82542	0.82425	0.822681	0.821257	0.820275	0.819535	0.818873	0.818669	0.819542	0.821347	0.823287	0.824782	0.825657	0.826072	0.826285	0.826434	0.826463	0.826236	0.825769	0.825366	0.825311	0.825509	0.825687	0.825735	0.825724	0.825709	0.825686	0.825629	0.825503	0.825288	0.824968	0.824505	
0.824293	0.823869	0.823305	0.822617	0.821875	0.821127	0.820407	0.819734	0.8191	0.81853	0.81812	0.818028	0.81843	0.819444	0.820999	0.82284	0.824754	0.826663	0.828471	0.829977	0.830971	0.831329	0.831171	0.830717	0.830098	0.829648	0.829642	0.829809	0.829409	0.828279	0.82728	0.826908	0.826541	0.825418	0.823533	0.821492	0.820061	0.819547	0.819704	0.82029	0.821352	0.82291	0.824644	0.826222	0.827378	0.827954	0.828088	0.828071	0.828116	0.828226	0.828196	0.827829	0.827304	0.827027	0.827103	0.827248	0.827159	0.826823	0.826384	0.825954	0.825573	0.825231	0.824917	0.82462	0.824293	
0.824063	0.82386	0.823566	0.823129	0.822546	0.821835	0.821046	0.820253	0.819508	0.81887	0.818449	0.818382	0.818798	0.819749	0.821159	0.822824	0.824577	0.826356	0.82811	0.829698	0.830933	0.831594	0.831653	0.831275	0.830664	0.830236	0.830195	0.830198	0.829787	0.828982	0.828267	0.827762	0.827034	0.825688	0.823837	0.822104	0.821161	0.821208	0.822046	0.823273	0.824542	0.825753	0.826985	0.828275	0.829298	0.829757	0.829739	0.829573	0.829569	0.829812	0.830042	0.829847	0.829202	0.82855	0.828235	0.82815	0.827912	0.827363	0.826646	0.825928	0.825312	0.824832	0.824484	0.824246	0.824063	
0.823807	0.823783	0.823705	0.823487	0.823096	0.822514	0.821782	0.820999	0.820254	0.819649	0.819315	0.81935	0.819789	0.820602	0.821707	0.822987	0.824362	0.825827	0.827417	0.829065	0.830562	0.831618	0.831997	0.831754	0.831198	0.830862	0.830958	0.831027	0.830706	0.830126	0.829549	0.828928	0.828042	0.826772	0.825268	0.824031	0.823541	0.823934	0.825004	0.826183	0.826998	0.827569	0.828295	0.829301	0.830231	0.830688	0.83063	0.830338	0.830244	0.830582	0.831093	0.831205	0.830634	0.829713	0.828976	0.828572	0.82817	0.827495	0.826615	0.825714	0.824948	0.824387	0.824037	0.823865	0.823807	
0.823506	0.823616	0.823695	0.823646	0.823434	0.823027	0.822437	0.821763	0.821126	0.820664	0.820512	0.820698	0.821164	0.821814	0.822569	0.823407	0.824367	0.825531	0.827004	0.82876	0.830537	0.83196	0.832613	0.832481	0.832001	0.831858	0.83231	0.83271	0.832608	0.8322	0.831693	0.831031	0.830127	0.828983	0.827737	0.826759	0.826434	0.826883	0.827783	0.828532	0.828782	0.828752	0.828911	0.82946	0.830184	0.830664	0.830649	0.830288	0.8301	0.830472	0.831198	0.831661	0.831352	0.830395	0.829379	0.828668	0.828092	0.827339	0.826376	0.825377	0.824527	0.823928	0.82359	0.823471	0.823506	
