x=105	y=200	z=200	n=65	len=1
b
0	0	0	0	0	0	0	0	0	0	0	0	0	0	0	0	0	0	0	0	0	0	0	0	0	0	0	0	0	0	0	0	0	0	0	0	0	0	0	0	0	0	0	0	0	0	0	0	0	0	0	0	0	0	0	0	0	0	0	0	0	0	0	0	0	
0.0234023	0.0233537	0.0233158	0.0232878	0.0232687	0.0232571	0.0232519	0.023252	0.0232556	0.0232611	0.0232681	0.023276	0.0232847	0.0232936	0.0233033	0.0233136	0.0233254	0.0233388	0.0233545	0.0233728	0.0233943	0.0234187	0.0234465	0.0234768	0.0235096	0.0235437	0.0235788	0.0236135	0.0236472	0.0236784	0.0237067	0.0237314	0.023752	0.0237687	0.0237812	0.0237909	0.0237979	0.0238045	0.0238116	0.023822	0.0238369	0.0238592	0.0238898	0.0239298	0.0239786	0.0240348	0.0240953	0.0241558	0.0242118	0.0242578	0.0242895	0.0243032	0.0242967	0.0242692	0.0242218	0.0241568	0.0240776	0.0239883	0.0238933	0.0237967	0.0237018	0.0236125	0.023532	0.0234618	0.0234023	
0.046797	0.0467035	0.0466311	0.0465783	0.0465428	0.0465219	0.046513	0.0465135	0.0465207	0.046532	0.0465463	0.046562	0.0465787	0.0465959	0.0466143	0.0466339	0.0466562	0.0466817	0.046712	0.0467475	0.0467896	0.0468377	0.0468927	0.0469529	0.0470184	0.0470866	0.047157	0.0472264	0.047294	0.0473569	0.0474142	0.0474642	0.0475062	0.0475403	0.0475662	0.0475862	0.0476008	0.0476145	0.0476291	0.0476504	0.047681	0.0477266	0.0477887	0.0478703	0.0479695	0.0480833	0.0482055	0.0483269	0.0484382	0.0485283	0.0485888	0.0486121	0.0485941	0.0485338	0.0484336	0.0482988	0.0481363	0.0479551	0.0477635	0.0475704	0.0473829	0.0472079	0.04705	0.0469127	0.046797	
0.0701677	0.0700366	0.0699368	0.069866	0.0698201	0.0697951	0.0697868	0.069791	0.0698041	0.0698229	0.069845	0.0698683	0.0698923	0.0699163	0.0699414	0.0699678	0.0699982	0.070033	0.0700753	0.0701255	0.0701859	0.0702559	0.0703366	0.0704258	0.0705235	0.0706257	0.0707315	0.0708363	0.0709387	0.0710343	0.0711219	0.0711986	0.0712635	0.0713163	0.0713567	0.071388	0.0714111	0.0714327	0.0714558	0.071489	0.0715367	0.0716075	0.071704	0.0718303	0.0719836	0.0721586	0.0723451	0.0725286	0.0726941	0.0728247	0.0729077	0.0729319	0.0728921	0.0727878	0.0726239	0.0724094	0.0721557	0.0718767	0.0715855	0.0712954	0.0710172	0.0707602	0.0705304	0.0703324	0.0701677	
0.0935033	0.0933456	0.0932292	0.0931502	0.0931028	0.0930815	0.0930801	0.0930933	0.0931163	0.0931446	0.0931753	0.0932058	0.0932357	0.093264	0.0932927	0.0933224	0.0933565	0.0933965	0.0934464	0.0935074	0.0935826	0.0936716	0.0937758	0.0938925	0.0940214	0.0941574	0.0942992	0.0944403	0.094579	0.094709	0.0948288	0.0949341	0.0950239	0.0950973	0.0951541	0.0951983	0.0952314	0.0952623	0.0952952	0.0953422	0.0954093	0.0955086	0.0956437	0.0958202	0.0960334	0.0962751	0.0965299	0.0967768	0.0969943	0.097159	0.097254	0.0972652	0.097187	0.0970216	0.0967773	0.0964686	0.0961121	0.0957276	0.0953331	0.0949461	0.0945803	0.0942474	0.0939543	0.093706	0.0935033	
0.116799	0.11663	0.116511	0.116437	0.116399	0.116391	0.116404	0.116432	0.116469	0.116509	0.116549	0.116586	0.11662	0.116649	0.116676	0.116704	0.116736	0.116775	0.116827	0.116893	0.116978	0.117082	0.117207	0.117349	0.117508	0.117678	0.117856	0.118035	0.118211	0.118378	0.118532	0.118669	0.118786	0.118883	0.118959	0.119018	0.119064	0.119106	0.119151	0.119214	0.119305	0.119437	0.119617	0.119851	0.120133	0.120448	0.120776	0.121087	0.121352	0.121541	0.121631	0.121609	0.121469	0.121219	0.120872	0.120451	0.119978	0.119479	0.118979	0.118497	0.118051	0.117652	0.117309	0.117025	0.116799	
0.140054	0.139891	0.139787	0.139733	0.139718	0.139734	0.139771	0.139821	0.139876	0.13993	0.13998	0.140021	0.140055	0.14008	0.140101	0.140119	0.140142	0.140172	0.140217	0.140282	0.14037	0.140484	0.140625	0.14079	0.140978	0.141181	0.141397	0.141614	0.141831	0.142036	0.142228	0.142399	0.142548	0.142671	0.142769	0.142847	0.142908	0.142965	0.143026	0.143109	0.143227	0.1434	0.143633	0.143935	0.144296	0.144695	0.145101	0.145476	0.14578	0.145976	0.146039	0.145954	0.145721	0.145356	0.144879	0.144323	0.143719	0.143099	0.142492	0.141923	0.141408	0.14096	0.140584	0.140283	0.140054	
0.163271	0.163138	0.163068	0.163051	0.163074	0.163127	0.163197	0.163275	0.163352	0.163422	0.163481	0.163525	0.163554	0.163569	0.163575	0.163575	0.163577	0.163588	0.163617	0.163669	0.163752	0.163869	0.164021	0.164206	0.164422	0.164659	0.164913	0.165172	0.16543	0.165678	0.16591	0.166118	0.166302	0.166455	0.166581	0.166681	0.166762	0.166837	0.166918	0.167027	0.167181	0.167402	0.167701	0.168085	0.168538	0.169032	0.169522	0.169956	0.170285	0.170464	0.170465	0.170279	0.169914	0.169396	0.168759	0.168045	0.167297	0.166553	0.165845	0.165201	0.164635	0.164158	0.163774	0.163481	0.163271	
0.186463	0.186383	0.186369	0.186409	0.186485	0.186586	0.186698	0.186811	0.186914	0.187002	0.187069	0.187111	0.187131	0.187127	0.187108	0.187078	0.187048	0.187026	0.187025	0.187052	0.187119	0.187229	0.187386	0.187588	0.187829	0.188101	0.188394	0.188697	0.189001	0.189292	0.189568	0.189817	0.190039	0.190227	0.190384	0.190512	0.190618	0.190718	0.190825	0.190967	0.191166	0.191449	0.191828	0.192313	0.192877	0.193478	0.194056	0.19454	0.19487	0.194996	0.19489	0.194552	0.194005	0.193291	0.19246	0.191569	0.190669	0.189804	0.18901	0.188312	0.187721	0.187246	0.186882	0.186626	0.186463	
0.20965	0.209649	0.209714	0.209828	0.209972	0.210133	0.210295	0.210447	0.21058	0.210686	0.210759	0.210796	0.210798	0.210767	0.210712	0.210637	0.210558	0.210487	0.210438	0.210425	0.21046	0.210553	0.210706	0.210919	0.211185	0.211492	0.211829	0.212178	0.21253	0.212869	0.213191	0.213483	0.213746	0.213972	0.214165	0.214326	0.214463	0.214595	0.214737	0.214923	0.21518	0.215542	0.216023	0.216633	0.21733	0.218053	0.218717	0.219233	0.219528	0.219548	0.219273	0.218721	0.217934	0.216978	0.215923	0.214841	0.213791	0.212822	0.211967	0.211246	0.210667	0.210229	0.209922	0.209736	0.20965	
0.232861	0.232966	0.233129	0.233334	0.233558	0.233788	0.234007	0.234204	0.234368	0.234491	0.234568	0.234594	0.234572	0.234503	0.234397	0.234263	0.234116	0.233974	0.233855	0.23378	0.233766	0.233824	0.233963	0.234181	0.23447	0.234816	0.235199	0.235601	0.236006	0.236395	0.236765	0.237099	0.237405	0.237669	0.237902	0.238101	0.238277	0.23845	0.238638	0.238883	0.239217	0.239679	0.240291	0.241057	0.241915	0.242772	0.243516	0.244031	0.244235	0.244076	0.243553	0.24271	0.241621	0.240379	0.239079	0.237805	0.236623	0.235581	0.234705	0.234008	0.233486	0.23313	0.232921	0.232839	0.232861	
0.256134	0.256367	0.256647	0.256955	0.257269	0.257574	0.257854	0.258098	0.258294	0.258433	0.258511	0.258522	0.258469	0.258351	0.258182	0.257968	0.257731	0.257493	0.257277	0.257113	0.257022	0.257026	0.257134	0.25735	0.257661	0.258049	0.258487	0.258949	0.259413	0.259856	0.260273	0.260649	0.260994	0.261295	0.261568	0.261807	0.262029	0.262254	0.262501	0.262825	0.26326	0.263854	0.264634	0.265597	0.266648	0.267651	0.268453	0.268915	0.268945	0.268509	0.267639	0.26642	0.264966	0.263406	0.261856	0.260412	0.259139	0.258076	0.257237	0.256621	0.256211	0.255986	0.255916	0.255976	0.256134	
0.279517	0.279895	0.280302	0.280721	0.281128	0.281511	0.281853	0.282143	0.28237	0.282526	0.282604	0.282597	0.282508	0.282332	0.282084	0.281773	0.281421	0.281056	0.28071	0.280421	0.28022	0.280138	0.280194	0.280395	0.280726	0.281163	0.281666	0.282202	0.282734	0.283238	0.283703	0.284115	0.284491	0.284818	0.285126	0.285404	0.285677	0.285963	0.286286	0.286714	0.287284	0.28805	0.289047	0.290261	0.291545	0.292701	0.293521	0.293839	0.293579	0.29274	0.291409	0.289724	0.287856	0.285967	0.284194	0.282632	0.281335	0.280326	0.279599	0.279133	0.278896	0.278853	0.278964	0.279198	0.279517	
0.303058	0.303588	0.304126	0.304655	0.305153	0.30561	0.306011	0.306346	0.306604	0.306777	0.306857	0.306833	0.306706	0.306468	0.306132	0.305705	0.305211	0.304686	0.304167	0.303708	0.303351	0.303142	0.303114	0.303281	0.303627	0.304121	0.304706	0.305334	0.305953	0.306527	0.307042	0.307483	0.307876	0.308213	0.308539	0.308844	0.309167	0.309523	0.30994	0.310507	0.311251	0.312244	0.313525	0.315062	0.316627	0.317928	0.318686	0.318725	0.318016	0.316621	0.314706	0.312482	0.310177	0.307988	0.306058	0.304467	0.303246	0.302388	0.30186	0.301621	0.301618	0.301805	0.302133	0.302564	0.303058	
0.326808	0.327486	0.328146	0.328773	0.329352	0.329874	0.330327	0.330704	0.330993	0.331186	0.331273	0.331239	0.331082	0.330785	0.330359	0.329802	0.329142	0.328419	0.327677	0.326992	0.326421	0.326023	0.325861	0.325964	0.326314	0.326876	0.327564	0.328312	0.329046	0.329712	0.330285	0.330749	0.331141	0.33146	0.331774	0.332079	0.332439	0.332868	0.3334	0.334143	0.335114	0.336416	0.33808	0.340028	0.341917	0.343326	0.343901	0.343462	0.342091	0.33996	0.337348	0.334545	0.331836	0.329432	0.327465	0.325977	0.324958	0.324365	0.32413	0.32419	0.324476	0.324931	0.325498	0.326137	0.326808	
0.350808	0.351614	0.352374	0.35308	0.353721	0.354292	0.354786	0.355198	0.35552	0.35574	0.355847	0.35582	0.355651	0.355311	0.354805	0.354116	0.35327	0.352315	0.351298	0.350322	0.349461	0.348796	0.348429	0.34842	0.348745	0.349372	0.350188	0.351094	0.351985	0.352777	0.35343	0.35392	0.354293	0.354559	0.354817	0.355079	0.355443	0.355933	0.356593	0.357554	0.358824	0.360575	0.362791	0.365305	0.367555	0.368939	0.369085	0.367869	0.365564	0.362515	0.359128	0.355776	0.352776	0.350323	0.348498	0.347285	0.346617	0.346404	0.34655	0.346973	0.347587	0.348327	0.349137	0.349975	0.350808	
0.375086	0.375984	0.376808	0.377559	0.378233	0.378831	0.379353	0.379794	0.38015	0.380408	0.380557	0.380566	0.38042	0.380075	0.379522	0.378721	0.377689	0.376467	0.375111	0.373768	0.372529	0.371483	0.3708	0.370599	0.370861	0.371551	0.37251	0.373613	0.374723	0.375697	0.376475	0.377012	0.37736	0.377542	0.377693	0.377844	0.378154	0.378657	0.37944	0.38066	0.382329	0.384741	0.38789	0.391413	0.394027	0.394851	0.393985	0.391584	0.388099	0.384023	0.379883	0.376118	0.373044	0.370788	0.369336	0.368593	0.368424	0.3687	0.369299	0.370119	0.37107	0.372088	0.373118	0.374127	0.375086	
0.399644	0.400579	0.401418	0.402171	0.402842	0.40344	0.403969	0.404432	0.404827	0.40514	0.405361	0.405451	0.405386	0.405102	0.404569	0.403706	0.402502	0.400981	0.399209	0.397411	0.395681	0.394105	0.392972	0.392479	0.392595	0.393332	0.394463	0.395801	0.397193	0.398427	0.3994	0.400039	0.400386	0.400476	0.400476	0.400443	0.400598	0.401016	0.401884	0.403361	0.40549	0.408869	0.413645	0.418892	0.421659	0.420883	0.418099	0.41406	0.409281	0.404256	0.399569	0.395682	0.392861	0.391113	0.390285	0.390191	0.390644	0.391481	0.392559	0.393772	0.395035	0.396289	0.39749	0.398614	0.399644	
0.42445	0.425354	0.426148	0.42685	0.427476	0.428041	0.428557	0.429032	0.429469	0.429859	0.430191	0.430423	0.430528	0.430407	0.429998	0.429157	0.427824	0.425983	0.423702	0.42136	0.419055	0.416774	0.414964	0.413997	0.413867	0.414623	0.41594	0.417554	0.419299	0.42088	0.422144	0.422983	0.423401	0.42344	0.423285	0.423	0.422874	0.423076	0.423931	0.42551	0.428045	0.432786	0.439881	0.447157	0.449658	0.44645	0.440943	0.434832	0.428793	0.423151	0.418358	0.414808	0.412652	0.411725	0.411744	0.412442	0.41358	0.414979	0.416504	0.418056	0.419561	0.420974	0.422265	0.423424	0.42445	
0.449435	0.45023	0.450911	0.451507	0.452041	0.452539	0.453017	0.453493	0.453974	0.454461	0.454947	0.455397	0.455783	0.455968	0.455856	0.455185	0.453809	0.451654	0.448755	0.445761	0.442806	0.4396	0.436885	0.435311	0.434726	0.435353	0.43683	0.438744	0.440933	0.44296	0.4446	0.44575	0.446362	0.446463	0.44622	0.445685	0.445235	0.445106	0.445718	0.44706	0.449827	0.456247	0.46583	0.474796	0.47683	0.471069	0.46245	0.453948	0.446802	0.441083	0.436793	0.434098	0.433008	0.433172	0.434184	0.43571	0.437498	0.439384	0.441257	0.443037	0.444669	0.44613	0.447404	0.448501	0.449435	
0.474487	0.475093	0.475595	0.47603	0.47643	0.476826	0.477241	0.477702	0.478223	0.478821	0.4795	0.480249	0.481044	0.481736	0.482221	0.481977	0.480737	0.478264	0.47444	0.470635	0.467152	0.463098	0.459519	0.457072	0.4554	0.455605	0.457164	0.45924	0.461941	0.464546	0.466651	0.468203	0.469129	0.469451	0.469279	0.468696	0.468064	0.467507	0.467579	0.468347	0.471348	0.47978	0.491437	0.500871	0.501819	0.493791	0.482671	0.472297	0.464479	0.459193	0.455911	0.454461	0.454691	0.456072	0.458068	0.460317	0.462606	0.464808	0.466852	0.468694	0.470306	0.471678	0.472814	0.47374	0.474487	
0.499457	0.499803	0.50007	0.500301	0.500531	0.500796	0.501124	0.501549	0.502095	0.502799	0.503688	0.504797	0.506134	0.507623	0.509103	0.509671	0.508901	0.505902	0.500304	0.495394	0.491472	0.48576	0.480266	0.476775	0.474321	0.474692	0.476968	0.47923	0.482298	0.485508	0.488118	0.490151	0.491524	0.492202	0.49226	0.491937	0.491442	0.490567	0.489926	0.490033	0.494545	0.505668	0.517958	0.524953	0.522617	0.51301	0.501705	0.491592	0.483992	0.479265	0.476972	0.476856	0.478469	0.480983	0.483754	0.486457	0.488963	0.491211	0.493192	0.494904	0.496328	0.497463	0.498334	0.498983	0.499457	
0.524163	0.524201	0.524199	0.524201	0.524242	0.524359	0.524577	0.524939	0.525477	0.526254	0.527331	0.528814	0.530806	0.533453	0.537011	0.54063	0.543673	0.541483	0.532772	0.523768	0.516998	0.509345	0.500351	0.494767	0.492862	0.493615	0.495114	0.49719	0.501479	0.50581	0.509072	0.511638	0.513477	0.51446	0.514723	0.514731	0.514698	0.514148	0.512991	0.512875	0.520631	0.534802	0.544745	0.545493	0.538885	0.529454	0.520545	0.513265	0.507314	0.503193	0.501325	0.502098	0.504833	0.508169	0.511319	0.51404	0.516353	0.518319	0.519998	0.521394	0.522481	0.523253	0.523753	0.524034	0.524163	
0.548416	0.54813	0.547856	0.547633	0.547489	0.547454	0.547549	0.547819	0.548298	0.549073	0.55024	0.551983	0.55456	0.559055	0.569619	0.584824	0.597601	0.595078	0.574207	0.555838	0.550627	0.544343	0.530543	0.524049	0.524538	0.520392	0.515503	0.515413	0.520095	0.525869	0.530019	0.533147	0.535216	0.536281	0.536594	0.536736	0.537087	0.537457	0.536484	0.537038	0.547907	0.563852	0.567731	0.561008	0.553632	0.54623	0.540156	0.536434	0.533487	0.531014	0.529847	0.531105	0.534258	0.537604	0.540354	0.542473	0.544131	0.545524	0.546737	0.54772	0.548398	0.548743	0.548805	0.548664	0.548416	
0.572025	0.571446	0.57094	0.570532	0.570235	0.570067	0.570039	0.570188	0.570541	0.57119	0.572227	0.573856	0.576551	0.584585	0.606046	0.629672	0.637541	0.627708	0.604734	0.588961	0.58895	0.584728	0.572538	0.573376	0.586374	0.56093	0.550821	0.540685	0.540139	0.546269	0.551532	0.555002	0.557107	0.558426	0.558953	0.559093	0.559408	0.560208	0.55971	0.561626	0.575248	0.589468	0.584308	0.57381	0.569962	0.565217	0.561442	0.560345	0.559536	0.558026	0.558232	0.561238	0.564991	0.567755	0.569446	0.570559	0.571355	0.572072	0.572829	0.573451	0.573737	0.573621	0.573205	0.572634	0.572025	
0.594831	0.594046	0.593397	0.592883	0.592496	0.592237	0.592103	0.592111	0.59227	0.592637	0.593245	0.594202	0.595967	0.605001	0.628971	0.649229	0.648257	0.639738	0.633852	0.631244	0.629884	0.624902	0.617421	0.616455	0.613855	0.594594	0.575483	0.562447	0.56197	0.56965	0.575545	0.578172	0.580432	0.583056	0.584617	0.584777	0.584443	0.584331	0.583245	0.586181	0.601919	0.6103	0.59725	0.587993	0.587713	0.586359	0.585885	0.586871	0.586018	0.581656	0.580182	0.584958	0.591041	0.594728	0.596281	0.596988	0.597204	0.597371	0.59787	0.598325	0.598287	0.597672	0.596732	0.595741	0.594831	
0.616724	0.61589	0.615238	0.614733	0.614346	0.61406	0.613859	0.613738	0.613681	0.613684	0.613712	0.613715	0.613693	0.617055	0.631092	0.649958	0.660272	0.664291	0.667979	0.668638	0.660059	0.650459	0.648102	0.647256	0.638811	0.613931	0.589527	0.584098	0.592262	0.601847	0.604724	0.604668	0.607939	0.613251	0.616867	0.617352	0.615674	0.613129	0.609741	0.612053	0.625726	0.625634	0.611677	0.60714	0.606338	0.606476	0.608194	0.609959	0.608931	0.602713	0.598057	0.603313	0.613652	0.619849	0.621684	0.622125	0.621927	0.621919	0.622337	0.622541	0.621949	0.620626	0.619117	0.617789	0.616724	
0.637692	0.637042	0.636566	0.636204	0.635918	0.635682	0.635474	0.635269	0.635041	0.634738	0.634289	0.633558	0.632242	0.630242	0.632005	0.643247	0.659314	0.672915	0.681256	0.683103	0.676087	0.671037	0.675264	0.679173	0.675546	0.653547	0.629405	0.628191	0.639678	0.643349	0.637714	0.635018	0.639642	0.646995	0.652069	0.653088	0.6503	0.645073	0.638538	0.638106	0.643975	0.640839	0.636869	0.636524	0.631193	0.627024	0.625513	0.624926	0.623438	0.619404	0.615435	0.618203	0.627016	0.634727	0.639862	0.642777	0.643598	0.644291	0.645267	0.645631	0.644485	0.64216	0.640014	0.638621	0.637692	
0.65794	0.657735	0.657609	0.657509	0.657407	0.657286	0.657127	0.656901	0.65658	0.656096	0.655371	0.654269	0.65256	0.649672	0.645736	0.644475	0.651642	0.667742	0.682249	0.687752	0.68996	0.694818	0.699767	0.701292	0.700411	0.691138	0.679007	0.680014	0.686452	0.68083	0.669048	0.664859	0.668638	0.675037	0.678958	0.678861	0.674831	0.6679	0.660501	0.65869	0.660652	0.66472	0.672177	0.67317	0.66628	0.658966	0.653724	0.650137	0.64719	0.644358	0.641338	0.639464	0.640983	0.645536	0.650845	0.654401	0.655973	0.657652	0.660382	0.662673	0.66257	0.660707	0.65905	0.658296	0.65794	
0.678021	0.678424	0.678724	0.67893	0.679047	0.679071	0.678996	0.678803	0.678467	0.677926	0.677118	0.675923	0.674215	0.671743	0.668034	0.663744	0.662129	0.670108	0.680823	0.685377	0.6906	0.698352	0.704087	0.708003	0.712249	0.713921	0.712671	0.714094	0.715028	0.706451	0.694054	0.687584	0.688431	0.692134	0.693541	0.69106	0.685604	0.679346	0.674879	0.67533	0.681295	0.693538	0.703949	0.704548	0.700108	0.695068	0.690399	0.685959	0.681597	0.677712	0.674286	0.671321	0.66996	0.670036	0.669589	0.667998	0.666783	0.667129	0.669147	0.672174	0.674686	0.676009	0.676762	0.677464	0.678021	
0.698818	0.699698	0.70033	0.700778	0.701073	0.701225	0.701239	0.701108	0.700812	0.700311	0.699566	0.69849	0.697022	0.695071	0.692559	0.689531	0.685502	0.683567	0.684935	0.689008	0.69504	0.701342	0.708498	0.71755	0.72664	0.732165	0.733746	0.733631	0.731712	0.723697	0.7115	0.702612	0.700755	0.701944	0.701201	0.698427	0.694829	0.691664	0.690536	0.693684	0.703815	0.719015	0.728052	0.726788	0.723147	0.721014	0.719266	0.716702	0.713177	0.709634	0.706958	0.705162	0.704043	0.702346	0.698704	0.693808	0.689724	0.687175	0.685907	0.686803	0.689839	0.693184	0.695751	0.697566	0.698818	
0.721011	0.722003	0.722743	0.723284	0.72366	0.723883	0.723964	0.723894	0.723669	0.723263	0.722663	0.721818	0.720719	0.719334	0.717696	0.715944	0.713665	0.710055	0.709315	0.714806	0.719934	0.722798	0.729966	0.741862	0.751408	0.754283	0.753226	0.750693	0.746297	0.739567	0.728274	0.715283	0.710749	0.710862	0.711343	0.710925	0.711344	0.710961	0.71135	0.715239	0.72575	0.739592	0.747835	0.747212	0.744376	0.74454	0.746315	0.74706	0.746035	0.743899	0.741543	0.739396	0.737335	0.734485	0.730252	0.725251	0.720389	0.716083	0.712927	0.71195	0.713276	0.715674	0.717934	0.719692	0.721011	
0.744659	0.745433	0.746055	0.746533	0.746882	0.747104	0.747207	0.747181	0.747029	0.746739	0.746309	0.745726	0.74501	0.744168	0.743266	0.742409	0.741741	0.741008	0.74193	0.746081	0.749555	0.752718	0.759538	0.767587	0.772789	0.773766	0.772106	0.769159	0.76413	0.758728	0.74941	0.734723	0.727353	0.730445	0.733225	0.733719	0.735242	0.735588	0.736341	0.739553	0.746777	0.756035	0.764327	0.768363	0.768937	0.769955	0.772366	0.774526	0.775175	0.774206	0.772234	0.769838	0.767169	0.763992	0.760136	0.755788	0.751241	0.74678	0.743144	0.741161	0.740864	0.741606	0.74268	0.743729	0.744659	
0.769399	0.769795	0.770158	0.770462	0.770698	0.770856	0.770934	0.770923	0.770827	0.770641	0.770374	0.770031	0.769643	0.769243	0.768908	0.768721	0.768851	0.769465	0.770848	0.773564	0.776642	0.780309	0.785238	0.789486	0.791635	0.791657	0.790265	0.787932	0.783764	0.778822	0.771047	0.758226	0.752433	0.759712	0.764623	0.765137	0.765338	0.764619	0.764214	0.76547	0.76832	0.772246	0.778609	0.785692	0.790267	0.792429	0.794207	0.79627	0.797873	0.79832	0.797676	0.796298	0.794371	0.79181	0.788548	0.784807	0.780875	0.776921	0.773353	0.770759	0.769305	0.768749	0.768747	0.769015	0.769399	
0.794766	0.794764	0.794825	0.794905	0.794981	0.795031	0.795049	0.795022	0.794954	0.794842	0.794701	0.794542	0.7944	0.794314	0.794351	0.794596	0.795109	0.796049	0.797505	0.799729	0.80218	0.804935	0.807899	0.809995	0.810671	0.809832	0.808137	0.80593	0.802668	0.798043	0.791018	0.780729	0.777936	0.787586	0.796137	0.798541	0.798591	0.797274	0.795315	0.794135	0.793483	0.793147	0.795278	0.800569	0.806567	0.810953	0.813908	0.816352	0.818488	0.819887	0.820377	0.820057	0.819045	0.817325	0.81486	0.811802	0.808436	0.804998	0.801757	0.799081	0.797169	0.795944	0.795243	0.794893	0.794766	
0.820344	0.820009	0.819795	0.819655	0.81956	0.819485	0.81942	0.81935	0.819278	0.819201	0.819135	0.81909	0.819098	0.819196	0.81942	0.819844	0.820487	0.821437	0.8227	0.824373	0.826106	0.827901	0.82945	0.830115	0.829771	0.828332	0.826192	0.823608	0.820459	0.816204	0.810609	0.805675	0.806969	0.815721	0.823816	0.827094	0.828059	0.827495	0.825682	0.8237	0.821526	0.81907	0.817554	0.818839	0.822999	0.82774	0.831597	0.834651	0.837263	0.839323	0.840667	0.841255	0.841124	0.840289	0.838766	0.836648	0.834123	0.831398	0.82869	0.826241	0.824233	0.822709	0.821614	0.820854	0.820344	
0.845829	0.845262	0.844835	0.84451	0.844261	0.844064	0.843907	0.843777	0.843674	0.843594	0.843549	0.843549	0.843615	0.843774	0.844046	0.844475	0.845065	0.845846	0.846774	0.84787	0.848887	0.849752	0.850228	0.849975	0.848947	0.84714	0.84477	0.841973	0.8388	0.835265	0.831817	0.831493	0.836205	0.84334	0.849104	0.851824	0.852851	0.852955	0.852072	0.850582	0.848484	0.845938	0.843207	0.841732	0.842993	0.846108	0.849559	0.852719	0.855566	0.858018	0.859952	0.861285	0.861993	0.862042	0.861422	0.860184	0.858463	0.856437	0.854294	0.852219	0.850362	0.848804	0.847553	0.846576	0.845829	
0.871034	0.870335	0.869769	0.869311	0.868941	0.868639	0.868394	0.868196	0.868041	0.867927	0.867862	0.867847	0.8679	0.868031	0.868252	0.868581	0.869007	0.869532	0.870096	0.870675	0.87109	0.871263	0.871031	0.870238	0.868868	0.866956	0.864688	0.86222	0.85978	0.857912	0.857467	0.860372	0.866303	0.871791	0.875092	0.876433	0.876972	0.877086	0.876545	0.875421	0.873627	0.87144	0.868874	0.86656	0.865849	0.866985	0.869234	0.871871	0.874547	0.87706	0.879263	0.881045	0.882325	0.883031	0.883136	0.882661	0.881689	0.880349	0.878786	0.877153	0.875582	0.87416	0.872928	0.87189	0.871034	
0.895865	0.895122	0.894488	0.893951	0.893498	0.893117	0.892798	0.892534	0.89232	0.892154	0.892039	0.891975	0.891969	0.892024	0.892142	0.892326	0.892555	0.89282	0.893062	0.893245	0.893248	0.893016	0.892461	0.89152	0.890223	0.88864	0.886978	0.885469	0.884513	0.884772	0.886888	0.891192	0.896174	0.899352	0.90088	0.9016	0.901851	0.901737	0.901059	0.899894	0.898163	0.896106	0.893798	0.891492	0.889976	0.889767	0.890751	0.892509	0.894657	0.896908	0.899073	0.901007	0.902595	0.903743	0.90439	0.904521	0.904173	0.903433	0.902414	0.901237	0.90001	0.898819	0.897716	0.896729	0.895866	
0.920302	0.91958	0.918938	0.918371	0.917876	0.917445	0.917072	0.916753	0.916485	0.916264	0.91609	0.915964	0.915884	0.915851	0.915859	0.915905	0.915968	0.916033	0.916056	0.916007	0.915819	0.915465	0.914907	0.914149	0.913257	0.91233	0.911592	0.911267	0.911671	0.913142	0.915721	0.919108	0.922288	0.924245	0.925505	0.926276	0.926519	0.926309	0.925523	0.924312	0.922619	0.920637	0.918477	0.916308	0.914547	0.913625	0.913674	0.914545	0.916	0.917776	0.919673	0.921522	0.923188	0.924553	0.92553	0.926079	0.92621	0.925969	0.925427	0.924674	0.923799	0.922878	0.921966	0.9211	0.920302	
0.944369	0.943717	0.943111	0.942557	0.942055	0.941603	0.941202	0.940848	0.940538	0.940272	0.940048	0.939866	0.939722	0.939616	0.93954	0.939489	0.939447	0.939402	0.939325	0.939203	0.939001	0.938716	0.938352	0.937939	0.937554	0.937288	0.937304	0.937735	0.938684	0.940204	0.942074	0.943932	0.945611	0.947145	0.948668	0.949688	0.950149	0.950104	0.949469	0.948414	0.946889	0.945083	0.943099	0.941089	0.939294	0.938033	0.937484	0.937649	0.93843	0.93965	0.94114	0.942733	0.944289	0.94568	0.946808	0.947613	0.948074	0.948203	0.948044	0.947657	0.947108	0.946459	0.945762	0.945056	0.944369	
0.96812	0.967567	0.967031	0.96652	0.966042	0.965599	0.965194	0.964827	0.964497	0.964206	0.963951	0.963735	0.963551	0.963403	0.963281	0.963186	0.963103	0.96303	0.962949	0.962859	0.962746	0.962619	0.962494	0.962401	0.9624	0.962544	0.962902	0.963515	0.964359	0.9654	0.966483	0.967451	0.968424	0.96964	0.971086	0.9722	0.972918	0.973139	0.972805	0.972043	0.970809	0.969286	0.967551	0.965755	0.964051	0.96267	0.96178	0.961453	0.961683	0.962374	0.963413	0.964657	0.965979	0.967257	0.968391	0.969304	0.969956	0.970335	0.97046	0.970364	0.970093	0.969693	0.969208	0.968674	0.96812	
0.991625	0.991185	0.990737	0.990293	0.989862	0.989452	0.989067	0.988711	0.988384	0.988091	0.98783	0.987605	0.987411	0.987254	0.987125	0.987029	0.986957	0.98691	0.986877	0.986864	0.986865	0.986888	0.986947	0.987059	0.987247	0.987533	0.987926	0.988427	0.988991	0.98958	0.990169	0.990738	0.991421	0.992374	0.993539	0.994547	0.995351	0.995753	0.995703	0.995253	0.99436	0.993172	0.991735	0.990199	0.988665	0.987308	0.986267	0.985644	0.985476	0.985732	0.986349	0.987224	0.988256	0.989334	0.990365	0.991271	0.991998	0.992519	0.99283	0.992946	0.992892	0.992702	0.992407	0.99204	0.991625	
1.01495	1.01463	1.01428	1.01391	1.01355	1.01319	1.01284	1.01252	1.01222	1.01195	1.0117	1.01149	1.01132	1.01118	1.01107	1.011	1.01097	1.01097	1.011	1.01106	1.01115	1.01128	1.01143	1.01163	1.01186	1.01214	1.01244	1.01276	1.01309	1.01341	1.01376	1.01418	1.01471	1.01542	1.01626	1.01706	1.0178	1.01826	1.0184	1.0182	1.01762	1.01676	1.01564	1.01438	1.01306	1.01181	1.01076	1.00999	1.00957	1.0095	1.00977	1.01031	1.01104	1.01188	1.01275	1.01356	1.01428	1.01485	1.01526	1.01552	1.01562	1.01559	1.01546	1.01524	1.01495	
1.03817	1.03796	1.0377	1.03742	1.03713	1.03684	1.03655	1.03627	1.03601	1.03578	1.03557	1.0354	1.03526	1.03515	1.03508	1.03506	1.03507	1.03512	1.0352	1.03532	1.03546	1.03563	1.03581	1.03601	1.03621	1.03641	1.03661	1.03679	1.03696	1.03715	1.03739	1.03771	1.03814	1.03864	1.03922	1.03982	1.04041	1.04085	1.04108	1.04105	1.04072	1.04013	1.0393	1.03831	1.03722	1.03613	1.03514	1.03433	1.03378	1.0335	1.03351	1.03376	1.03422	1.03483	1.0355	1.03618	1.03683	1.03738	1.03783	1.03816	1.03836	1.03845	1.03844	1.03834	1.03817	
1.06134	1.06122	1.06105	1.06086	1.06064	1.06042	1.0602	1.05998	1.05978	1.05959	1.05943	1.05931	1.05921	1.05915	1.05913	1.05914	1.05919	1.05928	1.05939	1.05953	1.05969	1.05986	1.06003	1.06019	1.06033	1.06045	1.06056	1.06064	1.06074	1.06086	1.06104	1.06129	1.06161	1.06195	1.06235	1.06277	1.06322	1.06358	1.06384	1.0639	1.06374	1.06337	1.06278	1.06204	1.06116	1.06026	1.05937	1.0586	1.05799	1.05759	1.05742	1.05746	1.0577	1.05808	1.05857	1.0591	1.05964	1.06014	1.06057	1.06092	1.06117	1.06134	1.06141	1.06141	1.06134	
1.0845	1.08446	1.08437	1.08426	1.08412	1.08396	1.08381	1.08366	1.08351	1.08339	1.08328	1.0832	1.08315	1.08314	1.08315	1.0832	1.08328	1.08339	1.08352	1.08366	1.08381	1.08395	1.08408	1.08419	1.08428	1.08434	1.08438	1.08441	1.08446	1.08454	1.08467	1.08486	1.08509	1.08532	1.08559	1.08588	1.0862	1.08648	1.08671	1.08682	1.08677	1.08655	1.08615	1.08561	1.08493	1.0842	1.08344	1.08274	1.08214	1.08168	1.0814	1.08129	1.08135	1.08156	1.08188	1.08226	1.08268	1.0831	1.08348	1.08382	1.08409	1.0843	1.08443	1.08449	1.0845	
1.10769	1.10771	1.10769	1.10764	1.10757	1.10748	1.10739	1.1073	1.10722	1.10715	1.1071	1.10707	1.10707	1.10709	1.10714	1.10721	1.10731	1.10742	1.10755	1.10768	1.1078	1.10791	1.108	1.10806	1.1081	1.10811	1.10811	1.10812	1.10814	1.10819	1.10829	1.10842	1.10857	1.10872	1.1089	1.10909	1.10931	1.10952	1.10971	1.10983	1.10984	1.10972	1.10946	1.10907	1.10857	1.10799	1.10736	1.10675	1.10619	1.10573	1.10539	1.10518	1.10512	1.10519	1.10536	1.10561	1.10592	1.10625	1.10657	1.10687	1.10713	1.10735	1.10751	1.10762	1.10769	
1.13092	1.13098	1.13102	1.13103	1.13102	1.13099	1.13096	1.13093	1.1309	1.13089	1.13088	1.1309	1.13093	1.13099	1.13106	1.13115	1.13125	1.13137	1.13148	1.13159	1.13168	1.13175	1.1318	1.13183	1.13183	1.13181	1.13179	1.13178	1.13178	1.13181	1.13187	1.13195	1.13205	1.13214	1.13225	1.13238	1.13253	1.13268	1.13282	1.13293	1.13296	1.13291	1.13275	1.13248	1.13211	1.13166	1.13115	1.13064	1.13014	1.1297	1.12934	1.12909	1.12894	1.12891	1.12897	1.12911	1.12931	1.12955	1.12981	1.13006	1.1303	1.1305	1.13068	1.13082	1.13092	
1.15421	1.1543	1.15438	1.15443	1.15447	1.1545	1.15452	1.15454	1.15456	1.15459	1.15463	1.15468	1.15474	1.15482	1.15491	1.15501	1.15511	1.15521	1.15531	1.15539	1.15546	1.1555	1.15552	1.15552	1.1555	1.15546	1.15543	1.1554	1.15539	1.1554	1.15543	1.15547	1.15553	1.15558	1.15564	1.15572	1.15581	1.15592	1.15603	1.15611	1.15616	1.15614	1.15604	1.15586	1.15559	1.15525	1.15485	1.15442	1.15399	1.15359	1.15324	1.15296	1.15277	1.15267	1.15265	1.1527	1.15282	1.15298	1.15317	1.15337	1.15357	1.15376	1.15393	1.15408	1.15421	
1.17755	1.17767	1.17778	1.17786	1.17794	1.17801	1.17807	1.17813	1.17819	1.17826	1.17833	1.17841	1.1785	1.17859	1.17869	1.17879	1.17888	1.17897	1.17905	1.17911	1.17915	1.17917	1.17917	1.17915	1.17911	1.17907	1.17903	1.17899	1.17897	1.17896	1.17897	1.17898	1.179	1.17903	1.17906	1.1791	1.17916	1.17922	1.1793	1.17937	1.17941	1.17941	1.17936	1.17924	1.17904	1.17878	1.17847	1.17812	1.17776	1.17741	1.17708	1.17681	1.17659	1.17644	1.17637	1.17636	1.17641	1.1765	1.17663	1.17678	1.17695	1.17711	1.17727	1.17742	1.17755	
1.20096	1.20109	1.20121	1.20132	1.20143	1.20152	1.20162	1.20171	1.2018	1.2019	1.20199	1.20209	1.20219	1.20229	1.20239	1.20249	1.20258	1.20266	1.20272	1.20276	1.20278	1.20278	1.20277	1.20273	1.20269	1.20264	1.20259	1.20255	1.20252	1.2025	1.20249	1.20248	1.20248	1.20248	1.20249	1.20251	1.20254	1.20258	1.20263	1.20268	1.20272	1.20272	1.20269	1.20261	1.20248	1.20228	1.20204	1.20176	1.20146	1.20116	1.20086	1.2006	1.20038	1.20022	1.2001	1.20005	1.20004	1.20009	1.20017	1.20028	1.2004	1.20054	1.20068	1.20083	1.20096	
1.22442	1.22455	1.22468	1.22481	1.22493	1.22505	1.22516	1.22528	1.22539	1.2255	1.22561	1.22573	1.22583	1.22594	1.22604	1.22613	1.22621	1.22627	1.22632	1.22635	1.22636	1.22635	1.22632	1.22628	1.22623	1.22618	1.22613	1.22608	1.22605	1.22602	1.22599	1.22597	1.22596	1.22594	1.22594	1.22594	1.22595	1.22597	1.226	1.22603	1.22606	1.22607	1.22606	1.226	1.2259	1.22576	1.22557	1.22535	1.22511	1.22485	1.22459	1.22435	1.22414	1.22397	1.22384	1.22375	1.22372	1.22372	1.22376	1.22383	1.22392	1.22404	1.22416	1.22429	1.22442	
1.24793	1.24806	1.24819	1.24832	1.24845	1.24858	1.24871	1.24883	1.24896	1.24908	1.2492	1.24932	1.24943	1.24953	1.24963	1.24971	1.24978	1.24984	1.24987	1.24989	1.24989	1.24987	1.24984	1.24979	1.24974	1.24969	1.24964	1.2496	1.24956	1.24952	1.24949	1.24946	1.24943	1.24941	1.24939	1.24938	1.24938	1.24938	1.2494	1.24942	1.24944	1.24945	1.24944	1.24941	1.24934	1.24923	1.24909	1.24891	1.24871	1.2485	1.24828	1.24806	1.24787	1.2477	1.24756	1.24746	1.2474	1.24738	1.24739	1.24743	1.2475	1.24758	1.24769	1.24781	1.24793	
1.27147	1.27159	1.27172	1.27185	1.27198	1.27211	1.27225	1.27238	1.27251	1.27264	1.27276	1.27288	1.27299	1.27309	1.27317	1.27325	1.27331	1.27335	1.27338	1.27339	1.27338	1.27336	1.27333	1.27328	1.27324	1.27319	1.27314	1.27309	1.27305	1.27301	1.27297	1.27294	1.2729	1.27288	1.27285	1.27283	1.27282	1.27282	1.27283	1.27284	1.27285	1.27285	1.27285	1.27282	1.27277	1.27269	1.27258	1.27245	1.27228	1.27211	1.27192	1.27174	1.27156	1.2714	1.27127	1.27116	1.27109	1.27105	1.27104	1.27106	1.2711	1.27117	1.27126	1.27136	1.27147	
1.29504	1.29515	1.29527	1.29539	1.29552	1.29565	1.29579	1.29592	1.29605	1.29617	1.29629	1.2964	1.29651	1.2966	1.29668	1.29675	1.2968	1.29684	1.29686	1.29686	1.29685	1.29683	1.29679	1.29675	1.29671	1.29666	1.29661	1.29657	1.29653	1.29649	1.29645	1.29641	1.29637	1.29634	1.29631	1.29629	1.29628	1.29627	1.29627	1.29627	1.29628	1.29628	1.29627	1.29626	1.29622	1.29616	1.29607	1.29597	1.29584	1.29569	1.29554	1.29538	1.29523	1.29508	1.29496	1.29485	1.29478	1.29472	1.2947	1.2947	1.29473	1.29478	1.29485	1.29494	1.29504	
1.31863	1.31873	1.31883	1.31895	1.31907	1.3192	1.31932	1.31945	1.31957	1.31969	1.3198	1.31991	1.32	1.32009	1.32016	1.32022	1.32027	1.3203	1.32031	1.32031	1.3203	1.32028	1.32024	1.32021	1.32016	1.32012	1.32008	1.32003	1.31999	1.31995	1.31991	1.31988	1.31984	1.31981	1.31978	1.31976	1.31974	1.31972	1.31972	1.31972	1.31972	1.31972	1.31971	1.3197	1.31967	1.31963	1.31956	1.31948	1.31938	1.31926	1.31913	1.319	1.31886	1.31874	1.31863	1.31853	1.31845	1.3184	1.31837	1.31836	1.31837	1.31841	1.31847	1.31854	1.31863	
1.34223	1.34231	1.34241	1.34252	1.34263	1.34274	1.34285	1.34297	1.34308	1.34319	1.34329	1.34339	1.34348	1.34355	1.34362	1.34367	1.34371	1.34373	1.34374	1.34374	1.34373	1.34371	1.34368	1.34364	1.34361	1.34357	1.34353	1.34349	1.34345	1.34341	1.34338	1.34334	1.34331	1.34328	1.34325	1.34322	1.3432	1.34319	1.34318	1.34317	1.34317	1.34317	1.34317	1.34316	1.34313	1.3431	1.34305	1.34298	1.3429	1.34281	1.34271	1.3426	1.34248	1.34238	1.34228	1.34219	1.34212	1.34206	1.34203	1.34202	1.34202	1.34205	1.34209	1.34215	1.34223	
1.36584	1.36591	1.36599	1.36609	1.36618	1.36628	1.36638	1.36649	1.36659	1.36668	1.36677	1.36686	1.36693	1.367	1.36706	1.3671	1.36713	1.36715	1.36716	1.36716	1.36715	1.36713	1.3671	1.36707	1.36704	1.36701	1.36697	1.36694	1.3669	1.36687	1.36683	1.3668	1.36677	1.36674	1.36671	1.36669	1.36667	1.36666	1.36665	1.36664	1.36664	1.36663	1.36663	1.36662	1.3666	1.36658	1.36654	1.36649	1.36642	1.36635	1.36627	1.36618	1.36609	1.366	1.36591	1.36584	1.36577	1.36572	1.36569	1.36567	1.36567	1.36569	1.36573	1.36577	1.36584	
1.38945	1.38951	1.38958	1.38966	1.38974	1.38982	1.38991	1.39	1.39008	1.39017	1.39024	1.39032	1.39038	1.39044	1.39048	1.39052	1.39054	1.39056	1.39057	1.39056	1.39055	1.39054	1.39052	1.39049	1.39046	1.39043	1.3904	1.39037	1.39034	1.39032	1.39029	1.39026	1.39023	1.3902	1.39018	1.39016	1.39014	1.39013	1.39012	1.39011	1.39011	1.3901	1.3901	1.39009	1.39008	1.39006	1.39003	1.38999	1.38994	1.38988	1.38982	1.38975	1.38968	1.3896	1.38953	1.38947	1.38942	1.38937	1.38934	1.38932	1.38932	1.38933	1.38936	1.3894	1.38945	
1.41306	1.41311	1.41317	1.41323	1.4133	1.41336	1.41344	1.41351	1.41358	1.41364	1.41371	1.41376	1.41382	1.41386	1.4139	1.41393	1.41395	1.41396	1.41396	1.41396	1.41395	1.41394	1.41392	1.4139	1.41388	1.41386	1.41383	1.41381	1.41378	1.41376	1.41374	1.41371	1.41369	1.41367	1.41365	1.41363	1.41362	1.4136	1.41359	1.41359	1.41358	1.41358	1.41358	1.41357	1.41356	1.41354	1.41352	1.41349	1.41346	1.41341	1.41336	1.41331	1.41325	1.4132	1.41314	1.41309	1.41305	1.41301	1.41299	1.41297	1.41297	1.41298	1.41299	1.41302	1.41306	
1.43668	1.43671	1.43675	1.4368	1.43685	1.4369	1.43696	1.43701	1.43706	1.43711	1.43716	1.43721	1.43724	1.43728	1.43731	1.43733	1.43734	1.43735	1.43735	1.43735	1.43735	1.43734	1.43732	1.43731	1.43729	1.43727	1.43726	1.43724	1.43722	1.4372	1.43718	1.43716	1.43715	1.43713	1.43711	1.4371	1.43709	1.43708	1.43707	1.43707	1.43706	1.43706	1.43706	1.43705	1.43704	1.43703	1.43702	1.437	1.43697	1.43694	1.43691	1.43687	1.43683	1.43678	1.43674	1.43671	1.43667	1.43664	1.43662	1.43661	1.43661	1.43661	1.43663	1.43665	1.43668	
1.46029	1.46031	1.46034	1.46037	1.46041	1.46044	1.46048	1.46051	1.46055	1.46058	1.46061	1.46064	1.46067	1.46069	1.46071	1.46072	1.46073	1.46074	1.46074	1.46074	1.46074	1.46073	1.46072	1.46071	1.4607	1.46069	1.46068	1.46066	1.46065	1.46064	1.46063	1.46061	1.4606	1.46059	1.46058	1.46057	1.46056	1.46056	1.46055	1.46055	1.46054	1.46054	1.46054	1.46054	1.46053	1.46052	1.46052	1.4605	1.46049	1.46047	1.46044	1.46042	1.46039	1.46036	1.46034	1.46031	1.46029	1.46027	1.46026	1.46025	1.46025	1.46025	1.46026	1.46027	1.46029	
1.4839	1.48391	1.48393	1.48394	1.48396	1.48398	1.484	1.48401	1.48403	1.48405	1.48406	1.48408	1.48409	1.4841	1.48411	1.48412	1.48412	1.48413	1.48413	1.48413	1.48413	1.48412	1.48412	1.48411	1.48411	1.4841	1.4841	1.48409	1.48408	1.48408	1.48407	1.48406	1.48406	1.48405	1.48405	1.48404	1.48404	1.48403	1.48403	1.48403	1.48403	1.48403	1.48403	1.48402	1.48402	1.48402	1.48401	1.48401	1.484	1.48399	1.48398	1.48397	1.48395	1.48394	1.48393	1.48391	1.4839	1.48389	1.48389	1.48388	1.48388	1.48388	1.48389	1.48389	1.4839	
1.50751	1.50751	1.50751	1.50751	1.50751	1.50751	1.50751	1.50751	1.50751	1.50751	1.50751	1.50751	1.50751	1.50751	1.50751	1.50751	1.50751	1.50751	1.50751	1.50751	1.50751	1.50751	1.50751	1.50751	1.50751	1.50751	1.50751	1.50751	1.50751	1.50751	1.50751	1.50751	1.50751	1.50751	1.50751	1.50751	1.50751	1.50751	1.50751	1.50751	1.50751	1.50751	1.50751	1.50751	1.50751	1.50751	1.50751	1.50751	1.50751	1.50751	1.50751	1.50751	1.50751	1.50751	1.50751	1.50751	1.50751	1.50751	1.50751	1.50751	1.50751	1.50751	1.50751	1.50751	1.50751	
