y	b	
0.0976562	0.000736914
0.88352	0.00666704
1.66938	0.0125969
2.45525	0.0185253
3.24111	0.0244537
4.02697	0.0303821
4.81284	0.0363097
5.5987	0.0422335
6.38457	0.0481573
7.17043	0.0540811
7.95629	0.060004
8.74216	0.0659231
9.52802	0.0718423
10.3139	0.0777614
11.0997	0.0836805
11.8856	0.0895991
12.6715	0.0955177
13.4573	0.101436
14.2432	0.107355
15.0291	0.113275
15.8149	0.119196
16.6008	0.125116
17.3867	0.131037
18.1725	0.136962
18.9584	0.142887
19.7442	0.148813
20.5301	0.154739
21.316	0.16067
22.1018	0.1666
22.8877	0.172531
23.6736	0.178462
24.4594	0.184396
25.2453	0.19033
26.0312	0.196264
26.817	0.202198
27.6029	0.208134
28.3887	0.214071
29.1746	0.220007
29.9605	0.225944
30.7463	0.231882
31.5322	0.23782
32.3181	0.243758
33.1039	0.249743
33.8898	0.255806
34.6757	0.261859
35.4615	0.267924
36.2474	0.274103
37.0332	0.280452
37.8191	0.286823
38.605	0.293187
39.3908	0.29943
40.1767	0.305527
40.9626	0.311634
41.7484	0.317783
42.5343	0.323523
43.3202	0.328736
44.106	0.334027
44.8919	0.339192
45.6777	0.344362
46.4636	0.349708
47.2495	0.355099
48.0353	0.360537
48.8212	0.366111
49.6071	0.371742
50.3929	0.377433
51.1788	0.383093
51.9647	0.389016
52.7505	0.3952
53.5364	0.401447
54.3223	0.407665
55.1081	0.41389
55.894	0.420105
56.6798	0.426313
57.4657	0.432528
58.2516	0.438631
59.0374	0.444646
59.8233	0.450661
60.6092	0.456677
61.395	0.462646
62.1809	0.468581
62.9668	0.474517
63.7526	0.480453
64.5385	0.486383
65.3243	0.492309
66.1102	0.498235
66.8961	0.504161
67.6819	0.51009
68.4678	0.516022
69.2537	0.521953
70.0395	0.527885
70.8254	0.533816
71.6113	0.539746
72.3971	0.545676
73.183	0.551606
73.9688	0.557534
74.7547	0.563461
75.5406	0.569389
76.3264	0.575316
77.1123	0.581241
77.8982	0.587165
78.684	0.59309
79.4699	0.599014
80.2558	0.604938
81.0416	0.61086
81.8275	0.616783
82.6133	0.622705
83.3992	0.628627
84.1851	0.634548
84.9709	0.640469
85.7568	0.64639
86.5427	0.652311
87.3285	0.658231
88.1144	0.664152
88.9003	0.670073
89.6861	0.675995
90.472	0.681917
91.2578	0.687839
92.0437	0.693762
92.8296	0.699686
93.6154	0.70561
94.4013	0.711535
95.1872	0.717459
95.973	0.723386
96.7589	0.729312
97.5448	0.735239
98.3306	0.741166
99.1165	0.747093
99.9023	0.753021
