x=110	y=200	z=200	n=65	len=1
b
0	0	0	0	0	0	0	0	0	0	0	0	0	0	0	0	0	0	0	0	0	0	0	0	0	0	0	0	0	0	0	0	0	0	0	0	0	0	0	0	0	0	0	0	0	0	0	0	0	0	0	0	0	0	0	0	0	0	0	0	0	0	0	0	0	
0.0233996	0.0234039	0.0234032	0.0234026	0.0234273	0.0234521	0.0234579	0.0234637	0.023503	0.0235424	0.0235579	0.0235734	0.0236042	0.023635	0.0236481	0.0236612	0.0236491	0.0236369	0.0236314	0.0236259	0.0235804	0.0235349	0.0235375	0.0235401	0.0235238	0.0235075	0.0235426	0.0235778	0.023555	0.0235323	0.0235171	0.0235019	0.0234948	0.0234878	0.0235491	0.0236104	0.0235449	0.0234795	0.0235126	0.0235458	0.02352	0.0234943	0.0235295	0.0235647	0.0236036	0.0236426	0.0236505	0.0236584	0.0236712	0.0236839	0.0236602	0.0236364	0.0236078	0.0235791	0.0235538	0.0235285	0.0234943	0.0234601	0.0234482	0.0234362	0.0234192	0.0234022	0.0233987	0.0233953	0.0233996	
0.0468238	0.046832	0.0468296	0.0468272	0.0468712	0.0469151	0.0469231	0.046931	0.047002	0.047073	0.0470998	0.0471266	0.0471855	0.0472445	0.0472709	0.0472973	0.0472807	0.0472641	0.0472585	0.0472529	0.0471678	0.0470827	0.0470869	0.0470911	0.0470521	0.047013	0.0470853	0.0471575	0.0471138	0.04707	0.0470538	0.0470377	0.0470068	0.0469758	0.0470997	0.0472235	0.0470905	0.0469575	0.0470211	0.0470847	0.0470497	0.0470148	0.0470755	0.0471363	0.0472126	0.0472889	0.0472951	0.0473012	0.0473194	0.0473376	0.047291	0.0472444	0.0471894	0.0471343	0.0470899	0.0470455	0.0469843	0.0469231	0.046904	0.0468848	0.0468555	0.0468263	0.0468209	0.0468156	0.0468238	
0.070248	0.0702601	0.070256	0.0702518	0.070315	0.0703781	0.0703883	0.0703984	0.0705011	0.0706037	0.0706417	0.0706797	0.0707669	0.0708541	0.0708938	0.0709334	0.0709123	0.0708912	0.0708856	0.0708799	0.0707553	0.0706306	0.0706364	0.0706421	0.0705803	0.0705186	0.0706279	0.0707373	0.0706725	0.0706077	0.0705906	0.0705735	0.0705187	0.0704639	0.0706503	0.0708367	0.0706362	0.0704356	0.0705296	0.0706236	0.0705794	0.0705352	0.0706216	0.0707079	0.0708215	0.0709352	0.0709396	0.070944	0.0709677	0.0709913	0.0709219	0.0708525	0.070771	0.0706895	0.0706261	0.0705626	0.0704743	0.0703861	0.0703597	0.0703334	0.0702919	0.0702504	0.0702432	0.0702359	0.070248	
0.0937436	0.0937587	0.09375	0.0937414	0.0938103	0.0938791	0.0938821	0.0938851	0.094	0.0941149	0.0941509	0.0941869	0.0942951	0.0944034	0.0944511	0.0944988	0.0944955	0.0944921	0.0944947	0.0944974	0.0943595	0.0942217	0.0942226	0.0942234	0.0941312	0.0940389	0.09417	0.0943011	0.0942284	0.0941557	0.0941736	0.0941915	0.0940731	0.0939546	0.0941925	0.0944304	0.0941795	0.0939285	0.0940425	0.0941565	0.0941481	0.0941398	0.0942235	0.0943072	0.0944442	0.0945812	0.0945645	0.0945477	0.0945558	0.0945639	0.0944795	0.094395	0.0942938	0.0941926	0.0941275	0.0940624	0.0939654	0.0938685	0.0938463	0.0938241	0.0937823	0.0937404	0.0937345	0.0937286	0.0937436	
0.117239	0.117257	0.117244	0.117231	0.117306	0.11738	0.117376	0.117372	0.117499	0.117626	0.11766	0.117694	0.117823	0.117953	0.118008	0.118064	0.118079	0.118093	0.118104	0.118115	0.117964	0.117813	0.117809	0.117805	0.117682	0.117559	0.117712	0.117865	0.117784	0.117704	0.117757	0.11781	0.117627	0.117445	0.117735	0.118024	0.117723	0.117421	0.117555	0.117689	0.117717	0.117744	0.117825	0.117906	0.118067	0.118227	0.118189	0.118151	0.118144	0.118137	0.118037	0.117937	0.117817	0.117696	0.117629	0.117562	0.117457	0.117351	0.117333	0.117315	0.117273	0.11723	0.117226	0.117221	0.117239	
0.140828	0.140848	0.140829	0.14081	0.140875	0.140939	0.140921	0.140904	0.141016	0.141128	0.141146	0.141164	0.141293	0.141422	0.141476	0.14153	0.141575	0.141621	0.14165	0.141679	0.141556	0.141433	0.141429	0.141425	0.141276	0.141127	0.141262	0.141397	0.141333	0.141269	0.141412	0.141555	0.141276	0.140996	0.141275	0.141553	0.14127	0.140987	0.141109	0.141231	0.141337	0.141443	0.141481	0.141518	0.141663	0.141809	0.141739	0.141669	0.141629	0.141589	0.141493	0.141396	0.141275	0.141154	0.141105	0.141057	0.140968	0.14088	0.140874	0.140869	0.140841	0.140812	0.14081	0.140808	0.140828	
0.164417	0.16444	0.164415	0.16439	0.164444	0.164498	0.164467	0.164436	0.164532	0.164629	0.164632	0.164635	0.164763	0.164892	0.164944	0.164996	0.165072	0.165148	0.165196	0.165243	0.165148	0.165053	0.165049	0.165045	0.16487	0.164695	0.164812	0.16493	0.164882	0.164834	0.165067	0.165301	0.164924	0.164547	0.164814	0.165081	0.164817	0.164553	0.164663	0.164773	0.164958	0.165142	0.165136	0.16513	0.16526	0.16539	0.165289	0.165187	0.165114	0.165041	0.164948	0.164855	0.164734	0.164612	0.164582	0.164551	0.16448	0.164408	0.164416	0.164423	0.164408	0.164394	0.164394	0.164395	0.164417	
0.188088	0.188112	0.188083	0.188055	0.18809	0.188125	0.188085	0.188044	0.188104	0.188164	0.188146	0.188127	0.188225	0.188322	0.188355	0.188388	0.188483	0.188578	0.188636	0.188694	0.18867	0.188645	0.188655	0.188666	0.188504	0.188342	0.188398	0.188453	0.188435	0.188417	0.188675	0.188934	0.18852	0.188106	0.188314	0.188523	0.188406	0.18829	0.188331	0.188372	0.188614	0.188855	0.188782	0.18871	0.188767	0.188825	0.188712	0.1886	0.1885	0.1884	0.188339	0.188277	0.188183	0.18809	0.188088	0.188086	0.188051	0.188016	0.188033	0.18805	0.188057	0.188064	0.188064	0.188064	0.188088	
0.211758	0.211785	0.211752	0.21172	0.211736	0.211753	0.211702	0.211652	0.211675	0.211699	0.211659	0.21162	0.211686	0.211752	0.211766	0.21178	0.211894	0.212008	0.212077	0.212145	0.212191	0.212237	0.212262	0.212287	0.212138	0.211989	0.211983	0.211977	0.211989	0.212001	0.212284	0.212566	0.212115	0.211664	0.211814	0.211964	0.211995	0.212027	0.212	0.211972	0.21227	0.212568	0.212429	0.21229	0.212275	0.212259	0.212136	0.212014	0.211886	0.211759	0.211729	0.211699	0.211633	0.211567	0.211594	0.21162	0.211622	0.211625	0.211651	0.211678	0.211706	0.211735	0.211733	0.211732	0.211758	
0.235452	0.235481	0.23545	0.235419	0.235423	0.235427	0.235381	0.235335	0.235323	0.235311	0.235262	0.235214	0.235224	0.235234	0.235221	0.235208	0.235291	0.235373	0.23543	0.235488	0.235591	0.235695	0.235748	0.235802	0.235731	0.23566	0.235604	0.235548	0.235545	0.235543	0.235706	0.23587	0.235547	0.235224	0.235297	0.23537	0.235621	0.235872	0.235757	0.235642	0.23586	0.236078	0.23591	0.235742	0.235637	0.235532	0.235448	0.235364	0.235255	0.235146	0.235162	0.235178	0.235165	0.235153	0.235195	0.235236	0.235276	0.235315	0.235334	0.235354	0.235398	0.235443	0.235433	0.235424	0.235452	
0.259146	0.259177	0.259148	0.259118	0.25911	0.259101	0.25906	0.259018	0.25897	0.258922	0.258865	0.258808	0.258762	0.258716	0.258676	0.258637	0.258688	0.258738	0.258784	0.25883	0.258991	0.259153	0.259235	0.259317	0.259324	0.259331	0.259224	0.259118	0.259101	0.259085	0.259129	0.259173	0.258978	0.258783	0.25878	0.258776	0.259246	0.259716	0.259514	0.259312	0.25945	0.259589	0.259392	0.259194	0.259	0.258805	0.25876	0.258715	0.258624	0.258532	0.258595	0.258658	0.258698	0.258738	0.258795	0.258853	0.258929	0.259005	0.259017	0.259029	0.25909	0.259151	0.259133	0.259116	0.259146	
0.282786	0.282818	0.282795	0.282773	0.28277	0.282766	0.282745	0.282725	0.28267	0.282615	0.282575	0.282535	0.282447	0.282359	0.28231	0.28226	0.282235	0.28221	0.282218	0.282227	0.282364	0.282502	0.282582	0.282663	0.282779	0.282895	0.282828	0.282762	0.282679	0.282597	0.282506	0.282415	0.282463	0.282512	0.282419	0.282325	0.282873	0.283421	0.283173	0.282926	0.282866	0.282806	0.282668	0.28253	0.282322	0.282114	0.282145	0.282177	0.282153	0.28213	0.282216	0.282303	0.282387	0.282471	0.28251	0.282549	0.282637	0.282724	0.28271	0.282695	0.282755	0.282815	0.282784	0.282753	0.282786	
0.306425	0.306459	0.306443	0.306427	0.306429	0.306431	0.306431	0.306431	0.306369	0.306308	0.306285	0.306262	0.306132	0.306002	0.305943	0.305883	0.305782	0.305681	0.305652	0.305623	0.305737	0.305851	0.30593	0.306008	0.306234	0.306459	0.306432	0.306405	0.306257	0.30611	0.305883	0.305657	0.305949	0.30624	0.306057	0.305875	0.3065	0.307125	0.306832	0.30654	0.306281	0.306023	0.305945	0.305866	0.305644	0.305422	0.30553	0.305639	0.305683	0.305727	0.305838	0.305949	0.306077	0.306205	0.306226	0.306246	0.306345	0.306444	0.306403	0.306362	0.30642	0.306478	0.306435	0.306391	0.306425	
0.329965	0.329999	0.329989	0.329979	0.33	0.330022	0.330042	0.330062	0.330034	0.330005	0.330016	0.330026	0.329913	0.329799	0.329767	0.329736	0.329581	0.329427	0.329385	0.329344	0.32933	0.329316	0.329359	0.329403	0.329626	0.329849	0.329878	0.329907	0.329789	0.329671	0.329373	0.329075	0.329481	0.329886	0.329781	0.329676	0.330018	0.330361	0.330148	0.329935	0.329591	0.329247	0.329277	0.329307	0.329202	0.329098	0.32924	0.329382	0.329489	0.329597	0.329673	0.329749	0.329871	0.329994	0.329971	0.329947	0.330019	0.330091	0.330023	0.329956	0.329996	0.330036	0.329984	0.329932	0.329965	
0.353506	0.353539	0.353535	0.353531	0.353572	0.353612	0.353653	0.353693	0.353698	0.353702	0.353746	0.35379	0.353693	0.353595	0.353592	0.353589	0.353381	0.353172	0.353118	0.353064	0.352922	0.35278	0.352789	0.352797	0.353018	0.353239	0.353323	0.353408	0.35332	0.353232	0.352863	0.352494	0.353013	0.353532	0.353505	0.353478	0.353537	0.353597	0.353463	0.35333	0.352901	0.352471	0.352609	0.352748	0.352761	0.352774	0.35295	0.353125	0.353296	0.353466	0.353507	0.353548	0.353666	0.353783	0.353715	0.353648	0.353693	0.353738	0.353644	0.353549	0.353571	0.353593	0.353533	0.353472	0.353506	
0.376992	0.37702	0.377016	0.377013	0.377066	0.377119	0.377158	0.377196	0.377242	0.377288	0.377345	0.377401	0.377377	0.377353	0.377387	0.377421	0.377269	0.377117	0.377099	0.377082	0.376874	0.376666	0.376643	0.37662	0.376692	0.376764	0.376829	0.376893	0.376861	0.37683	0.376609	0.376388	0.376901	0.377414	0.377342	0.37727	0.377019	0.376768	0.376779	0.37679	0.376514	0.376237	0.37643	0.376623	0.376733	0.376843	0.376959	0.377074	0.377214	0.377354	0.377331	0.377309	0.377366	0.377424	0.377332	0.377239	0.377244	0.377249	0.377157	0.377066	0.377068	0.37707	0.377017	0.376964	0.376992	
0.400478	0.400502	0.400498	0.400495	0.40056	0.400626	0.400663	0.400699	0.400787	0.400874	0.400943	0.401012	0.401061	0.40111	0.401182	0.401253	0.401158	0.401062	0.40108	0.401099	0.400825	0.400551	0.400497	0.400444	0.400366	0.400289	0.400334	0.400378	0.400403	0.400428	0.400355	0.400282	0.400789	0.401295	0.401178	0.401062	0.4005	0.399939	0.400094	0.40025	0.400127	0.400003	0.400251	0.400499	0.400705	0.400911	0.400967	0.401023	0.401132	0.401242	0.401156	0.40107	0.401067	0.401064	0.400948	0.400831	0.400796	0.40076	0.400671	0.400582	0.400565	0.400548	0.400501	0.400455	0.400478	
0.424036	0.42405	0.424042	0.424033	0.424088	0.424143	0.424151	0.42416	0.424252	0.424344	0.424378	0.424412	0.424512	0.424613	0.424671	0.424729	0.424754	0.424779	0.424826	0.424873	0.424719	0.424566	0.424555	0.424544	0.424336	0.424128	0.424158	0.424188	0.424345	0.424502	0.424207	0.423912	0.42423	0.424548	0.424686	0.424824	0.424272	0.42372	0.423877	0.424035	0.424135	0.424234	0.42438	0.424526	0.424666	0.424807	0.424777	0.424747	0.424762	0.424776	0.424677	0.424577	0.424529	0.424481	0.424397	0.424313	0.424264	0.424216	0.424166	0.424116	0.424094	0.424072	0.424047	0.424022	0.424036	
0.447594	0.447598	0.447585	0.447571	0.447615	0.447659	0.44764	0.44762	0.447717	0.447814	0.447813	0.447812	0.447964	0.448116	0.44816	0.448204	0.44835	0.448496	0.448572	0.448648	0.448614	0.44858	0.448612	0.448645	0.448305	0.447966	0.447982	0.447997	0.448286	0.448576	0.448058	0.447541	0.44767	0.4478	0.448193	0.448587	0.448043	0.4475	0.44766	0.44782	0.448143	0.448466	0.448509	0.448553	0.448627	0.448702	0.448586	0.44847	0.448391	0.448311	0.448198	0.448085	0.447991	0.447898	0.447846	0.447795	0.447733	0.447672	0.447661	0.44765	0.447623	0.447596	0.447592	0.447589	0.447594	
0.47131	0.471305	0.471292	0.471279	0.471294	0.471309	0.471269	0.471229	0.471284	0.471339	0.471291	0.471244	0.471361	0.471477	0.471457	0.471436	0.471602	0.471767	0.471795	0.471823	0.471927	0.472031	0.472071	0.47211	0.47199	0.47187	0.471764	0.471657	0.471899	0.472142	0.471865	0.471589	0.47165	0.471711	0.47183	0.471949	0.471642	0.471335	0.471548	0.471761	0.471933	0.472104	0.472055	0.472005	0.471972	0.471939	0.471833	0.471728	0.471639	0.47155	0.471498	0.471446	0.471381	0.471316	0.471324	0.471331	0.471297	0.471262	0.47129	0.471318	0.471301	0.471284	0.471299	0.471315	0.47131	
0.495026	0.495012	0.494999	0.494986	0.494973	0.49496	0.494899	0.494838	0.49485	0.494863	0.494769	0.494676	0.494757	0.494838	0.494753	0.494668	0.494853	0.495038	0.495018	0.494998	0.49524	0.495482	0.495529	0.495576	0.495675	0.495775	0.495545	0.495316	0.495512	0.495708	0.495672	0.495637	0.495629	0.495621	0.495466	0.495311	0.49524	0.495169	0.495436	0.495702	0.495723	0.495743	0.495601	0.495458	0.495317	0.495176	0.495081	0.494985	0.494887	0.494788	0.494798	0.494808	0.494771	0.494734	0.494801	0.494868	0.49486	0.494851	0.494919	0.494986	0.494979	0.494971	0.495006	0.495041	0.495026	
0.518814	0.518796	0.518792	0.518789	0.518757	0.518726	0.518681	0.518636	0.518609	0.518581	0.518498	0.518415	0.518425	0.518435	0.518333	0.518231	0.518321	0.518411	0.518333	0.518256	0.518426	0.518597	0.518587	0.518578	0.518711	0.518844	0.518855	0.518866	0.518546	0.518226	0.518352	0.518478	0.518398	0.518318	0.518163	0.518008	0.51844	0.518873	0.518851	0.51883	0.518792	0.518754	0.51864	0.518525	0.51846	0.518394	0.518367	0.518339	0.518323	0.518308	0.518359	0.51841	0.518426	0.518442	0.51852	0.518597	0.518614	0.518631	0.518696	0.518761	0.518762	0.518763	0.518797	0.518832	0.518814	
0.542602	0.54258	0.542586	0.542591	0.542542	0.542492	0.542463	0.542435	0.542367	0.542299	0.542226	0.542154	0.542093	0.542032	0.541913	0.541794	0.541788	0.541783	0.541648	0.541513	0.541612	0.541712	0.541646	0.54158	0.541747	0.541914	0.542165	0.542416	0.54158	0.540744	0.541031	0.541319	0.541167	0.541016	0.54086	0.540705	0.54164	0.542576	0.542267	0.541957	0.541861	0.541765	0.541679	0.541593	0.541602	0.541612	0.541652	0.541692	0.54176	0.541829	0.541921	0.542013	0.542081	0.54215	0.542238	0.542326	0.542368	0.542411	0.542473	0.542536	0.542545	0.542555	0.542589	0.542623	0.542602	
0.566214	0.566199	0.56621	0.566221	0.566179	0.566137	0.566138	0.56614	0.566074	0.566008	0.565989	0.56597	0.565891	0.565812	0.565761	0.565709	0.56564	0.565571	0.565498	0.565424	0.565386	0.565348	0.565331	0.565313	0.565216	0.565118	0.565357	0.565595	0.565085	0.564575	0.564783	0.564991	0.56513	0.56527	0.565054	0.564838	0.565258	0.565677	0.565348	0.56502	0.565176	0.565332	0.565254	0.565177	0.56531	0.565443	0.565466	0.565489	0.565598	0.565708	0.565756	0.565804	0.56588	0.565957	0.565996	0.566036	0.566078	0.56612	0.566146	0.566172	0.566184	0.566196	0.566213	0.56623	0.566214	
0.589827	0.589817	0.589834	0.589852	0.589816	0.589781	0.589813	0.589845	0.589781	0.589717	0.589752	0.589787	0.589689	0.589592	0.589608	0.589624	0.589492	0.58936	0.589348	0.589336	0.58916	0.588984	0.589015	0.589046	0.588685	0.588323	0.588548	0.588774	0.58859	0.588332	0.588139	0.58801	0.589583	0.589561	0.588732	0.58903	0.588785	0.588778	0.58843	0.588082	0.58849	0.588899	0.58883	0.588761	0.589017	0.589274	0.589279	0.589285	0.589437	0.589588	0.589592	0.589596	0.589679	0.589763	0.589754	0.589745	0.589787	0.58983	0.589819	0.589808	0.589823	0.589838	0.589837	0.589836	0.589827	
0.613111	0.613116	0.613119	0.613121	0.613109	0.613096	0.613117	0.613137	0.613108	0.613078	0.613109	0.613141	0.613092	0.613043	0.613071	0.6131	0.613031	0.612962	0.612969	0.612977	0.612893	0.612808	0.612805	0.612802	0.61268	0.612558	0.612597	0.612636	0.612488	0.612086	0.611804	0.61165	0.611869	0.613138	0.613761	0.612687	0.612301	0.612382	0.6123	0.612217	0.612475	0.612732	0.612692	0.612653	0.612822	0.612991	0.612961	0.612932	0.613032	0.613133	0.613093	0.613053	0.613114	0.613174	0.613132	0.61309	0.613128	0.613165	0.613132	0.613098	0.61312	0.613141	0.613124	0.613107	0.613111	
0.636396	0.636415	0.636403	0.63639	0.636401	0.636412	0.63642	0.636429	0.636434	0.636438	0.636467	0.636496	0.636495	0.636494	0.636534	0.636575	0.636569	0.636564	0.636591	0.636618	0.636626	0.636633	0.636596	0.636558	0.636676	0.636794	0.636646	0.636498	0.636387	0.63651	0.635887	0.636589	0.62996	0.632342	0.636606	0.635332	0.635578	0.635986	0.636169	0.636352	0.636459	0.636565	0.636555	0.636545	0.636627	0.636708	0.636643	0.636578	0.636627	0.636677	0.636594	0.63651	0.636548	0.636585	0.63651	0.636435	0.636468	0.636501	0.636445	0.636389	0.636416	0.636444	0.636411	0.636377	0.636396	
0.659509	0.659542	0.659507	0.659471	0.659496	0.659521	0.65949	0.659458	0.659479	0.659501	0.659474	0.659448	0.659471	0.659494	0.659473	0.659453	0.659483	0.659513	0.65949	0.659466	0.659516	0.659566	0.659502	0.659437	0.659563	0.659689	0.659559	0.659429	0.659534	0.660431	0.659018	0.661978	0.69609	0.655759	0.658347	0.65892	0.659373	0.659436	0.659443	0.65945	0.659489	0.659528	0.659508	0.659487	0.659539	0.659591	0.659533	0.659475	0.659532	0.659588	0.659523	0.659458	0.659515	0.659571	0.659514	0.659457	0.659509	0.659561	0.659514	0.659467	0.65951	0.659554	0.659515	0.659476	0.659509	
0.682621	0.682669	0.682611	0.682553	0.682592	0.682631	0.682559	0.682487	0.682525	0.682563	0.682482	0.6824	0.682447	0.682494	0.682412	0.68233	0.682396	0.682462	0.682388	0.682314	0.682407	0.6825	0.682408	0.682316	0.68245	0.682584	0.682472	0.68236	0.682681	0.683008	0.682675	0.683048	0.745029	0.680668	0.683852	0.68312	0.682997	0.682886	0.682717	0.682547	0.682519	0.682492	0.68246	0.682429	0.682451	0.682474	0.682423	0.682373	0.682436	0.682499	0.682453	0.682407	0.682482	0.682557	0.682518	0.68248	0.68255	0.682621	0.682583	0.682546	0.682604	0.682663	0.682619	0.682574	0.682621	
0.705914	0.705966	0.705905	0.705844	0.705887	0.70593	0.705855	0.70578	0.705819	0.705858	0.705779	0.7057	0.705739	0.705778	0.705713	0.705649	0.705685	0.70572	0.705693	0.705665	0.705676	0.705687	0.705701	0.705714	0.705669	0.705624	0.705588	0.705551	0.705739	0.705428	0.705455	0.707767	0.754743	0.706183	0.706062	0.705942	0.705927	0.705729	0.705733	0.705737	0.705729	0.705721	0.70566	0.705599	0.70563	0.705662	0.70562	0.705579	0.70564	0.705702	0.705673	0.705644	0.705717	0.705791	0.705766	0.705741	0.705813	0.705885	0.705855	0.705825	0.705887	0.70595	0.705906	0.705862	0.705914	
0.729207	0.729263	0.7292	0.729136	0.729183	0.72923	0.729151	0.729073	0.729113	0.729153	0.729076	0.728999	0.72903	0.729062	0.729015	0.728968	0.728973	0.728978	0.728997	0.729017	0.728946	0.728875	0.728994	0.729113	0.728888	0.728663	0.728703	0.728742	0.728796	0.728799	0.728835	0.729559	0.738979	0.728518	0.728126	0.729159	0.729408	0.728572	0.72875	0.728928	0.728939	0.72895	0.728859	0.728769	0.728809	0.728849	0.728817	0.728785	0.728845	0.728905	0.728893	0.72888	0.728953	0.729025	0.729014	0.729003	0.729076	0.729149	0.729127	0.729105	0.729171	0.729237	0.729194	0.729151	0.729207	
0.752851	0.752899	0.752855	0.752811	0.752857	0.752904	0.752863	0.752823	0.752867	0.752911	0.752893	0.752874	0.752912	0.752951	0.752974	0.752997	0.753017	0.753037	0.75311	0.753183	0.753166	0.75315	0.753249	0.753349	0.753336	0.753324	0.753517	0.753709	0.753492	0.753334	0.753475	0.753231	0.753375	0.756047	0.754351	0.754033	0.754041	0.753832	0.753753	0.753673	0.753492	0.75331	0.753269	0.753228	0.753129	0.753031	0.752992	0.752954	0.752917	0.75288	0.752848	0.752816	0.752826	0.752836	0.752806	0.752776	0.752813	0.752851	0.752818	0.752785	0.752833	0.752881	0.752841	0.752802	0.75285	
0.776494	0.776536	0.77651	0.776485	0.776531	0.776577	0.776575	0.776574	0.776622	0.77667	0.776709	0.776749	0.776794	0.77684	0.776933	0.777027	0.777061	0.777095	0.777222	0.77735	0.777387	0.777425	0.777505	0.777584	0.777784	0.777985	0.77833	0.778676	0.778188	0.777644	0.77779	0.777907	0.778303	0.778886	0.77837	0.778554	0.77858	0.779093	0.778756	0.778419	0.778045	0.777671	0.777678	0.777686	0.777449	0.777212	0.777167	0.777122	0.776989	0.776856	0.776803	0.776751	0.776699	0.776647	0.776598	0.776549	0.776551	0.776552	0.776509	0.776466	0.776496	0.776526	0.776489	0.776452	0.776494	
0.800317	0.800344	0.800339	0.800333	0.800363	0.800393	0.800419	0.800446	0.80047	0.800495	0.80056	0.800625	0.800632	0.800639	0.800737	0.800834	0.80081	0.800786	0.800875	0.800965	0.800929	0.800893	0.800893	0.800893	0.800966	0.80104	0.800912	0.800784	0.80061	0.800787	0.800731	0.80038	0.800631	0.800869	0.800493	0.800977	0.80118	0.801059	0.801277	0.801495	0.801306	0.801117	0.801194	0.80127	0.80112	0.800971	0.800959	0.800947	0.80084	0.800734	0.80069	0.800645	0.800589	0.800532	0.800482	0.800431	0.800418	0.800405	0.800362	0.800318	0.800332	0.800347	0.800318	0.80029	0.800317	
0.82414	0.824152	0.824167	0.824181	0.824195	0.824208	0.824263	0.824318	0.824319	0.82432	0.82441	0.824501	0.82447	0.824439	0.82454	0.824642	0.824559	0.824477	0.824528	0.82458	0.824471	0.824362	0.824282	0.824202	0.824148	0.824095	0.823494	0.822892	0.823032	0.823244	0.823063	0.822503	0.822944	0.823832	0.823822	0.82311	0.823022	0.823025	0.823798	0.824571	0.824568	0.824564	0.824709	0.824853	0.824792	0.82473	0.824751	0.824772	0.824692	0.824612	0.824576	0.82454	0.824479	0.824418	0.824366	0.824313	0.824286	0.824258	0.824214	0.824169	0.824168	0.824168	0.824147	0.824127	0.82414	
0.847897	0.847896	0.847914	0.847933	0.847923	0.847912	0.847956	0.848	0.847966	0.847931	0.847987	0.848043	0.847967	0.847891	0.847928	0.847964	0.847843	0.847722	0.847694	0.847666	0.847546	0.847425	0.847303	0.847181	0.847116	0.847052	0.846856	0.84666	0.846903	0.846722	0.846707	0.846697	0.846975	0.847448	0.847447	0.846738	0.846476	0.846604	0.846925	0.847246	0.84734	0.847434	0.8476	0.847767	0.847812	0.847857	0.847938	0.848019	0.848018	0.848016	0.848035	0.848053	0.848034	0.848015	0.848001	0.847987	0.847973	0.847959	0.847939	0.847919	0.847915	0.84791	0.847905	0.847899	0.847897	
0.871655	0.871639	0.871662	0.871684	0.871651	0.871617	0.87165	0.871682	0.871613	0.871543	0.871564	0.871585	0.871464	0.871344	0.871315	0.871287	0.871127	0.870967	0.87086	0.870753	0.87062	0.870488	0.870323	0.870159	0.870084	0.870009	0.870218	0.870427	0.870774	0.871121	0.87089	0.87066	0.87089	0.871119	0.871136	0.871152	0.870667	0.870183	0.870052	0.869922	0.870112	0.870303	0.870492	0.870681	0.870833	0.870985	0.871125	0.871266	0.871343	0.871421	0.871494	0.871567	0.87159	0.871612	0.871636	0.871661	0.87166	0.87166	0.871664	0.871669	0.871661	0.871653	0.871662	0.87167	0.871655	
0.895261	0.895237	0.895254	0.895271	0.895225	0.895178	0.895187	0.895196	0.895118	0.89504	0.895026	0.895012	0.894903	0.894794	0.89474	0.894686	0.89458	0.894474	0.894382	0.894289	0.894263	0.894237	0.894148	0.89406	0.894126	0.894193	0.894335	0.894477	0.894588	0.8947	0.894291	0.893883	0.894057	0.894231	0.894549	0.894868	0.894587	0.894306	0.894188	0.894071	0.894057	0.894044	0.894164	0.894285	0.894354	0.894424	0.894555	0.894686	0.894748	0.89481	0.894909	0.895007	0.895037	0.895066	0.895126	0.895186	0.895191	0.895196	0.895229	0.895262	0.895252	0.895242	0.895264	0.895285	0.895261	
0.918867	0.918834	0.918846	0.918858	0.918799	0.91874	0.918725	0.918711	0.918623	0.918536	0.918488	0.918439	0.918341	0.918244	0.918164	0.918084	0.918033	0.917982	0.917904	0.917826	0.917906	0.917985	0.917973	0.917961	0.918169	0.918377	0.918451	0.918526	0.918402	0.918278	0.917692	0.917106	0.917224	0.917343	0.917963	0.918583	0.918506	0.918429	0.918324	0.91822	0.918002	0.917784	0.917836	0.917889	0.917876	0.917863	0.917984	0.918105	0.918152	0.918199	0.918323	0.918448	0.918484	0.91852	0.918615	0.91871	0.918721	0.918732	0.918793	0.918855	0.918843	0.918831	0.918866	0.9189	0.918867	
0.942391	0.942356	0.942363	0.94237	0.942317	0.942263	0.942238	0.942213	0.942147	0.94208	0.942027	0.941974	0.941919	0.941864	0.9418	0.941736	0.941741	0.941746	0.941703	0.941659	0.941763	0.941866	0.941872	0.941878	0.942019	0.942159	0.942174	0.94219	0.941936	0.941682	0.941467	0.941252	0.941217	0.941183	0.941592	0.942001	0.942083	0.942165	0.942124	0.942083	0.941901	0.941719	0.941734	0.94175	0.941684	0.941617	0.941705	0.941793	0.941792	0.941792	0.941905	0.942019	0.942029	0.942038	0.94214	0.942243	0.94224	0.942238	0.942311	0.942384	0.942365	0.942347	0.942387	0.942427	0.942391	
0.965915	0.965877	0.96588	0.965883	0.965834	0.965786	0.965751	0.965716	0.96567	0.965625	0.965567	0.96551	0.965497	0.965485	0.965437	0.965388	0.965449	0.96551	0.965501	0.965493	0.965619	0.965746	0.96577	0.965795	0.965869	0.965942	0.965897	0.965853	0.965469	0.965085	0.965241	0.965397	0.96521	0.965022	0.96522	0.965419	0.96566	0.965901	0.965923	0.965946	0.9658	0.965653	0.965632	0.965611	0.965491	0.965372	0.965426	0.965481	0.965433	0.965384	0.965487	0.96559	0.965573	0.965557	0.965666	0.965775	0.965759	0.965743	0.965828	0.965913	0.965887	0.965862	0.965908	0.965953	0.965915	
0.989434	0.989397	0.989403	0.989408	0.98937	0.989331	0.989304	0.989277	0.98925	0.989223	0.989184	0.989145	0.989152	0.98916	0.989136	0.989112	0.989175	0.989238	0.989242	0.989247	0.989346	0.989444	0.989465	0.989485	0.989508	0.989531	0.989539	0.989546	0.989326	0.989106	0.989428	0.98975	0.989491	0.989232	0.989268	0.989304	0.989429	0.989554	0.989601	0.989649	0.989536	0.989423	0.989395	0.989367	0.989251	0.989136	0.989163	0.989191	0.989129	0.989066	0.989143	0.98922	0.989187	0.989154	0.989248	0.989341	0.989314	0.989287	0.989365	0.989444	0.989413	0.989381	0.989426	0.989471	0.989434	
1.01295	1.01292	1.01293	1.01293	1.0129	1.01288	1.01286	1.01284	1.01283	1.01282	1.0128	1.01278	1.01281	1.01283	1.01283	1.01284	1.0129	1.01297	1.01298	1.013	1.01307	1.01314	1.01316	1.01318	1.01315	1.01312	1.01318	1.01324	1.01318	1.01313	1.01361	1.0141	1.01377	1.01344	1.01332	1.01319	1.0132	1.01321	1.01328	1.01335	1.01327	1.01319	1.01316	1.01312	1.01301	1.0129	1.0129	1.0129	1.01283	1.01275	1.0128	1.01285	1.0128	1.01275	1.01283	1.01291	1.01287	1.01283	1.0129	1.01298	1.01294	1.0129	1.01295	1.01299	1.01295	
1.03649	1.03646	1.03647	1.03648	1.03646	1.03643	1.03643	1.03642	1.03642	1.03641	1.03641	1.03641	1.03643	1.03645	1.03646	1.03648	1.03653	1.03658	1.03661	1.03663	1.03669	1.03674	1.03679	1.03683	1.03677	1.03671	1.03679	1.03686	1.03682	1.03678	1.03713	1.03749	1.03722	1.03695	1.03678	1.03661	1.03667	1.03673	1.03685	1.03698	1.03692	1.03687	1.03683	1.03679	1.03668	1.03658	1.03656	1.03654	1.03646	1.03639	1.03642	1.03644	1.0364	1.03635	1.03641	1.03647	1.03643	1.03639	1.03645	1.03651	1.03648	1.03644	1.03648	1.03652	1.03649	
1.06002	1.05999	1.06001	1.06003	1.06001	1.05999	1.06	1.06001	1.06001	1.06	1.06002	1.06003	1.06005	1.06006	1.06009	1.06012	1.06016	1.06019	1.06023	1.06027	1.06031	1.06035	1.06042	1.06049	1.0604	1.0603	1.06039	1.06049	1.06046	1.06043	1.06065	1.06088	1.06066	1.06045	1.06024	1.06002	1.06014	1.06025	1.06042	1.0606	1.06057	1.06054	1.0605	1.06045	1.06035	1.06025	1.06021	1.06017	1.0601	1.06003	1.06004	1.06004	1.06	1.05995	1.05999	1.06003	1.05999	1.05996	1.06	1.06005	1.06002	1.05998	1.06002	1.06005	1.06002	
1.08356	1.08354	1.08356	1.08358	1.08356	1.08354	1.08356	1.08358	1.08357	1.08356	1.08359	1.08361	1.08362	1.08363	1.08367	1.0837	1.08374	1.08377	1.08381	1.08385	1.08388	1.08391	1.08397	1.08402	1.0839	1.08378	1.08381	1.08384	1.08384	1.08385	1.08398	1.08411	1.08398	1.08386	1.08364	1.08342	1.0835	1.08358	1.08376	1.08394	1.08399	1.08404	1.08403	1.08402	1.08394	1.08386	1.08382	1.08378	1.08371	1.08364	1.08363	1.08361	1.08357	1.08353	1.08355	1.08357	1.08354	1.08352	1.08355	1.08358	1.08355	1.08353	1.08356	1.08359	1.08356	
1.1071	1.10708	1.10711	1.10714	1.10711	1.10709	1.10712	1.10715	1.10714	1.10712	1.10716	1.1072	1.1072	1.10721	1.10725	1.10729	1.10732	1.10736	1.1074	1.10744	1.10746	1.10748	1.10751	1.10755	1.1074	1.10725	1.10722	1.10719	1.10723	1.10727	1.1073	1.10734	1.1073	1.10727	1.10704	1.10681	1.10686	1.10691	1.1071	1.10729	1.10741	1.10753	1.10756	1.1076	1.10754	1.10747	1.10743	1.10738	1.10731	1.10725	1.10722	1.10719	1.10715	1.10711	1.10712	1.10712	1.10709	1.10707	1.10709	1.10712	1.10709	1.10707	1.1071	1.10713	1.1071	
1.13063	1.13061	1.13064	1.13067	1.13065	1.13062	1.13066	1.13069	1.13068	1.13066	1.1307	1.13074	1.13075	1.13076	1.1308	1.13084	1.13087	1.1309	1.13093	1.13096	1.13095	1.13094	1.13094	1.13095	1.1308	1.13065	1.13059	1.13054	1.13063	1.13072	1.13078	1.13083	1.13083	1.13084	1.1306	1.13036	1.13033	1.1303	1.13044	1.13057	1.13073	1.13088	1.13095	1.13102	1.131	1.13099	1.13096	1.13093	1.13087	1.13082	1.13078	1.13075	1.13071	1.13068	1.13067	1.13066	1.13064	1.13062	1.13063	1.13064	1.13062	1.13061	1.13063	1.13065	1.13063	
1.15416	1.15414	1.15417	1.1542	1.15418	1.15416	1.1542	1.15424	1.15422	1.15421	1.15425	1.15429	1.1543	1.15431	1.15435	1.15439	1.15442	1.15444	1.15447	1.15449	1.15445	1.15441	1.15437	1.15434	1.15419	1.15405	1.15397	1.15389	1.15404	1.15418	1.15425	1.15432	1.15436	1.1544	1.15415	1.1539	1.1538	1.1537	1.15378	1.15386	1.15404	1.15423	1.15434	1.15444	1.15447	1.1545	1.15449	1.15448	1.15443	1.15439	1.15435	1.15431	1.15427	1.15424	1.15422	1.15419	1.15418	1.15416	1.15416	1.15417	1.15415	1.15414	1.15416	1.15418	1.15416	
1.17768	1.17766	1.17769	1.17772	1.1777	1.17769	1.17773	1.17777	1.17776	1.17775	1.17779	1.17783	1.17785	1.17786	1.17789	1.17792	1.17793	1.17795	1.17795	1.17795	1.17789	1.17783	1.17778	1.17772	1.17762	1.17752	1.17746	1.1774	1.17756	1.17772	1.17778	1.17785	1.1779	1.17796	1.17774	1.17753	1.1774	1.17727	1.17728	1.17729	1.17744	1.17759	1.17771	1.17782	1.17788	1.17795	1.17796	1.17797	1.17795	1.17792	1.17789	1.17786	1.17783	1.17779	1.17777	1.17774	1.17772	1.1777	1.1777	1.1777	1.17768	1.17767	1.17768	1.1777	1.17768	
1.2012	1.20118	1.20121	1.20125	1.20123	1.20122	1.20126	1.2013	1.2013	1.2013	1.20133	1.20137	1.20139	1.20141	1.20143	1.20145	1.20145	1.20146	1.20144	1.20142	1.20134	1.20125	1.20118	1.2011	1.20104	1.20098	1.20095	1.20092	1.20109	1.20126	1.20132	1.20138	1.20144	1.20151	1.20133	1.20115	1.201	1.20085	1.20078	1.20071	1.20084	1.20096	1.20108	1.20119	1.20129	1.20139	1.20143	1.20147	1.20146	1.20146	1.20144	1.20141	1.20138	1.20135	1.20132	1.20129	1.20127	1.20125	1.20124	1.20123	1.20121	1.20119	1.20121	1.20122	1.2012	
1.22473	1.22471	1.22474	1.22477	1.22476	1.22475	1.22479	1.22483	1.22483	1.22484	1.22487	1.2249	1.22492	1.22494	1.22495	1.22495	1.22494	1.22493	1.2249	1.22487	1.22479	1.2247	1.22464	1.22457	1.22455	1.22454	1.22454	1.22454	1.22469	1.22483	1.22486	1.22488	1.22494	1.225	1.22488	1.22476	1.22464	1.22451	1.2244	1.22429	1.22437	1.22444	1.22453	1.22461	1.22472	1.22482	1.22487	1.22493	1.22494	1.22496	1.22495	1.22494	1.22492	1.22489	1.22487	1.22484	1.22482	1.22479	1.22478	1.22477	1.22474	1.22472	1.22473	1.22474	1.22473	
1.24825	1.24824	1.24826	1.24829	1.24829	1.24829	1.24832	1.24836	1.24837	1.24839	1.24841	1.24843	1.24845	1.24847	1.24847	1.24846	1.24844	1.24841	1.24837	1.24832	1.24824	1.24815	1.2481	1.24804	1.24807	1.24809	1.24813	1.24816	1.24828	1.2484	1.24839	1.24838	1.24844	1.24849	1.24843	1.24838	1.24827	1.24817	1.24802	1.24787	1.2479	1.24793	1.24798	1.24802	1.24814	1.24826	1.24832	1.24838	1.24842	1.24846	1.24847	1.24848	1.24846	1.24844	1.24842	1.2484	1.24836	1.24833	1.24832	1.2483	1.24828	1.24826	1.24826	1.24827	1.24825	
1.2718	1.27179	1.27181	1.27183	1.27183	1.27184	1.27187	1.27189	1.27192	1.27194	1.27195	1.27197	1.27198	1.272	1.27198	1.27197	1.27193	1.2719	1.27185	1.2718	1.27174	1.27167	1.27163	1.27159	1.27164	1.27168	1.27173	1.27177	1.27186	1.27195	1.27192	1.27189	1.27193	1.27198	1.27196	1.27194	1.27187	1.2718	1.27165	1.2715	1.2715	1.2715	1.27152	1.27153	1.27163	1.27174	1.2718	1.27186	1.27191	1.27196	1.27198	1.272	1.27198	1.27197	1.27196	1.27195	1.27192	1.27188	1.27187	1.27186	1.27183	1.2718	1.27181	1.27181	1.2718	
1.29534	1.29533	1.29535	1.29536	1.29538	1.29539	1.29541	1.29543	1.29546	1.29549	1.2955	1.2955	1.29551	1.29552	1.2955	1.29547	1.29543	1.29539	1.29534	1.29529	1.29523	1.29518	1.29516	1.29515	1.29521	1.29528	1.29533	1.29539	1.29545	1.29551	1.29545	1.29539	1.29543	1.29547	1.29549	1.29551	1.29547	1.29543	1.29529	1.29514	1.29511	1.29508	1.29506	1.29504	1.29513	1.29521	1.29527	1.29533	1.29539	1.29545	1.29549	1.29552	1.29551	1.29551	1.29551	1.2955	1.29547	1.29544	1.29542	1.29541	1.29538	1.29535	1.29535	1.29535	1.29534	
1.3189	1.31889	1.3189	1.31892	1.31894	1.31895	1.31897	1.31898	1.31901	1.31904	1.31904	1.31904	1.31904	1.31905	1.31902	1.31899	1.31894	1.3189	1.31886	1.31882	1.31878	1.31874	1.31874	1.31874	1.31881	1.31888	1.31893	1.31897	1.31901	1.31905	1.31899	1.31893	1.31896	1.31899	1.31903	1.31906	1.31904	1.31902	1.3189	1.31877	1.31873	1.31869	1.31865	1.31862	1.31868	1.31875	1.31879	1.31884	1.3189	1.31897	1.319	1.31904	1.31904	1.31905	1.31905	1.31905	1.31902	1.31899	1.31898	1.31897	1.31894	1.31891	1.31891	1.31891	1.3189	
1.34246	1.34245	1.34246	1.34247	1.34249	1.34251	1.34252	1.34253	1.34256	1.34259	1.34258	1.34257	1.34257	1.34257	1.34254	1.3425	1.34246	1.34242	1.34238	1.34235	1.34233	1.34231	1.34233	1.34234	1.34241	1.34248	1.34252	1.34256	1.34258	1.3426	1.34254	1.34247	1.3425	1.34252	1.34256	1.3426	1.34261	1.34261	1.34251	1.34241	1.34236	1.34231	1.34225	1.34219	1.34224	1.34228	1.34232	1.34235	1.34241	1.34248	1.34252	1.34256	1.34257	1.34258	1.34259	1.3426	1.34258	1.34255	1.34254	1.34253	1.3425	1.34247	1.34247	1.34247	1.34246	
1.36603	1.36603	1.36603	1.36604	1.36606	1.36608	1.36609	1.36609	1.36612	1.36615	1.36613	1.36612	1.36612	1.36612	1.36608	1.36605	1.36601	1.36597	1.36595	1.36592	1.36591	1.3659	1.36592	1.36595	1.366	1.36606	1.36609	1.36612	1.36613	1.36614	1.36609	1.36604	1.36606	1.36607	1.36611	1.36615	1.36616	1.36617	1.36609	1.36601	1.36597	1.36592	1.36586	1.3658	1.36583	1.36586	1.36589	1.36591	1.36597	1.36602	1.36606	1.3661	1.36612	1.36613	1.36614	1.36616	1.36613	1.36611	1.3661	1.3661	1.36607	1.36604	1.36604	1.36604	1.36603	
1.38961	1.3896	1.38961	1.38961	1.38963	1.38965	1.38965	1.38965	1.38968	1.3897	1.38969	1.38967	1.38966	1.38966	1.38963	1.38959	1.38956	1.38953	1.38951	1.38949	1.38949	1.3895	1.38952	1.38955	1.3896	1.38965	1.38967	1.38969	1.38969	1.38969	1.38965	1.3896	1.38961	1.38963	1.38966	1.38969	1.38971	1.38973	1.38967	1.38962	1.38958	1.38954	1.38948	1.38941	1.38943	1.38944	1.38946	1.38947	1.38952	1.38957	1.3896	1.38964	1.38966	1.38968	1.38969	1.38971	1.38969	1.38967	1.38967	1.38967	1.38964	1.38962	1.38961	1.38961	1.38961	
1.41319	1.41318	1.41319	1.41319	1.41321	1.41322	1.41322	1.41322	1.41324	1.41326	1.41325	1.41323	1.41322	1.41322	1.41319	1.41316	1.41314	1.41311	1.4131	1.41309	1.41309	1.4131	1.41312	1.41315	1.41319	1.41323	1.41324	1.41325	1.41325	1.41325	1.41322	1.41318	1.41319	1.4132	1.41323	1.41325	1.41327	1.41328	1.41324	1.41321	1.41317	1.41314	1.41309	1.41304	1.41304	1.41305	1.41306	1.41306	1.4131	1.41314	1.41317	1.4132	1.41322	1.41324	1.41325	1.41327	1.41325	1.41324	1.41324	1.41324	1.41322	1.41319	1.41319	1.41319	1.41319	
1.43677	1.43676	1.43676	1.43677	1.43678	1.43679	1.43679	1.43679	1.4368	1.43682	1.43681	1.43679	1.43679	1.43678	1.43676	1.43673	1.43672	1.4367	1.43669	1.43668	1.43669	1.4367	1.43672	1.43675	1.43678	1.4368	1.43681	1.43682	1.43681	1.43681	1.43679	1.43676	1.43677	1.43678	1.43679	1.43681	1.43683	1.43684	1.43682	1.43679	1.43677	1.43675	1.4367	1.43666	1.43666	1.43666	1.43666	1.43666	1.43669	1.43672	1.43674	1.43677	1.43678	1.4368	1.43681	1.43682	1.43681	1.4368	1.4368	1.4368	1.43679	1.43677	1.43677	1.43677	1.43677	
1.46035	1.46035	1.46035	1.46035	1.46036	1.46037	1.46037	1.46036	1.46037	1.46038	1.46037	1.46036	1.46036	1.46036	1.46034	1.46033	1.46031	1.4603	1.4603	1.46029	1.4603	1.46031	1.46032	1.46034	1.46036	1.46037	1.46038	1.46038	1.46038	1.46038	1.46036	1.46035	1.46035	1.46035	1.46036	1.46038	1.46039	1.4604	1.46038	1.46037	1.46035	1.46034	1.46031	1.46028	1.46027	1.46027	1.46027	1.46027	1.46029	1.46031	1.46033	1.46035	1.46036	1.46037	1.46038	1.46039	1.46038	1.46037	1.46037	1.46037	1.46036	1.46035	1.46035	1.46035	1.46035	
1.48393	1.48393	1.48393	1.48393	1.48394	1.48394	1.48394	1.48394	1.48394	1.48395	1.48394	1.48394	1.48393	1.48393	1.48392	1.48392	1.48391	1.4839	1.4839	1.4839	1.4839	1.48391	1.48392	1.48392	1.48393	1.48394	1.48394	1.48394	1.48394	1.48394	1.48393	1.48393	1.48393	1.48393	1.48394	1.48394	1.48395	1.48395	1.48395	1.48394	1.48393	1.48393	1.48391	1.48389	1.48389	1.48389	1.48389	1.48389	1.4839	1.48391	1.48392	1.48393	1.48393	1.48394	1.48394	1.48395	1.48395	1.48394	1.48394	1.48394	1.48394	1.48393	1.48393	1.48393	1.48393	
1.50751	1.50751	1.50751	1.50751	1.50751	1.50751	1.50751	1.50751	1.50751	1.50751	1.50751	1.50751	1.50751	1.50751	1.50751	1.50751	1.50751	1.50751	1.50751	1.50751	1.50751	1.50751	1.50751	1.50751	1.50751	1.50751	1.50751	1.50751	1.50751	1.50751	1.50751	1.50751	1.50751	1.50751	1.50751	1.50751	1.50751	1.50751	1.50751	1.50751	1.50751	1.50751	1.50751	1.50751	1.50751	1.50751	1.50751	1.50751	1.50751	1.50751	1.50751	1.50751	1.50751	1.50751	1.50751	1.50751	1.50751	1.50751	1.50751	1.50751	1.50751	1.50751	1.50751	1.50751	1.50751	
