x=95	y=200	z=200	n=65	len=1
b
0	0	0	0	0	0	0	0	0	0	0	0	0	0	0	0	0	0	0	0	0	0	0	0	0	0	0	0	0	0	0	0	0	0	0	0	0	0	0	0	0	0	0	0	0	0	0	0	0	0	0	0	0	0	0	0	0	0	0	0	0	0	0	0	0	
0.0235484	0.0235489	0.0235486	0.0235483	0.0235501	0.0235519	0.0235519	0.0235519	0.0235549	0.0235579	0.0235584	0.0235589	0.0235625	0.0235662	0.0235671	0.0235681	0.0235712	0.0235743	0.023575	0.0235756	0.0235769	0.0235782	0.0235778	0.0235774	0.023577	0.0235767	0.0235759	0.0235752	0.0235748	0.0235743	0.0235746	0.0235749	0.023575	0.0235751	0.0235746	0.0235742	0.0235751	0.023576	0.0235763	0.0235767	0.0235776	0.0235786	0.0235783	0.023578	0.0235772	0.0235765	0.0235748	0.0235732	0.0235708	0.0235683	0.0235663	0.0235643	0.0235615	0.0235587	0.0235573	0.0235559	0.0235539	0.0235518	0.0235511	0.0235504	0.0235495	0.0235486	0.0235483	0.0235479	0.0235484	
0.0470969	0.0470978	0.0470973	0.0470968	0.0471002	0.0471036	0.0471034	0.0471033	0.047109	0.0471148	0.0471157	0.0471166	0.0471236	0.0471307	0.0471327	0.0471347	0.0471408	0.0471468	0.0471485	0.0471501	0.0471528	0.0471555	0.047155	0.0471546	0.0471539	0.0471532	0.0471518	0.0471505	0.0471495	0.0471486	0.0471491	0.0471497	0.0471499	0.0471501	0.0471492	0.0471483	0.0471502	0.0471521	0.0471527	0.0471532	0.047155	0.0471568	0.0471559	0.047155	0.0471533	0.0471515	0.0471481	0.0471447	0.0471398	0.0471348	0.047131	0.0471271	0.0471216	0.0471161	0.0471135	0.047111	0.047107	0.0471029	0.0471018	0.0471006	0.0470989	0.0470972	0.0470967	0.0470961	0.0470969	
0.0706455	0.0706466	0.0706459	0.0706452	0.0706502	0.0706552	0.070655	0.0706547	0.0706632	0.0706717	0.070673	0.0706743	0.0706848	0.0706952	0.0706982	0.0707012	0.0707103	0.0707194	0.070722	0.0707246	0.0707287	0.0707327	0.0707322	0.0707317	0.0707307	0.0707297	0.0707277	0.0707258	0.0707243	0.0707228	0.0707237	0.0707246	0.0707249	0.0707252	0.0707238	0.0707224	0.0707253	0.0707282	0.070729	0.0707298	0.0707324	0.070735	0.0707335	0.0707321	0.0707293	0.0707266	0.0707214	0.0707162	0.0707088	0.0707013	0.0706956	0.0706899	0.0706816	0.0706734	0.0706698	0.0706661	0.0706601	0.0706541	0.0706525	0.0706509	0.0706483	0.0706458	0.070645	0.0706443	0.0706455	
0.094196	0.0941975	0.0941964	0.0941953	0.0942016	0.0942079	0.0942071	0.0942062	0.0942171	0.0942281	0.094229	0.0942299	0.0942438	0.0942577	0.094261	0.0942643	0.0942772	0.09429	0.0942933	0.0942967	0.0943035	0.0943103	0.0943098	0.0943094	0.0943093	0.0943092	0.0943061	0.094303	0.0943016	0.0943002	0.0943005	0.0943009	0.094302	0.0943031	0.0943008	0.0942985	0.0943028	0.0943071	0.0943077	0.0943083	0.0943111	0.094314	0.0943112	0.0943085	0.0943038	0.0942992	0.0942921	0.0942849	0.0942746	0.0942642	0.0942572	0.0942502	0.0942394	0.0942286	0.0942246	0.0942206	0.0942129	0.0942053	0.0942038	0.0942024	0.0941992	0.094196	0.0941952	0.0941945	0.094196	
0.117747	0.117748	0.117747	0.117745	0.117753	0.117761	0.117759	0.117758	0.117771	0.117784	0.117785	0.117786	0.117803	0.11782	0.117824	0.117827	0.117844	0.117861	0.117865	0.117869	0.117878	0.117888	0.117887	0.117887	0.117888	0.117889	0.117884	0.11788	0.117879	0.117878	0.117877	0.117877	0.117879	0.117881	0.117878	0.117875	0.11788	0.117886	0.117886	0.117887	0.11789	0.117893	0.117889	0.117885	0.117878	0.117872	0.117863	0.117854	0.11784	0.117827	0.117819	0.117811	0.117797	0.117784	0.117779	0.117775	0.117766	0.117756	0.117755	0.117754	0.11775	0.117746	0.117745	0.117745	0.117747	
0.1413	0.141302	0.1413	0.141298	0.141306	0.141314	0.141312	0.141309	0.141324	0.141339	0.141338	0.141337	0.141357	0.141377	0.14138	0.141383	0.141404	0.141424	0.141429	0.141434	0.141448	0.141461	0.141462	0.141462	0.141466	0.141469	0.141464	0.141458	0.141458	0.141457	0.141456	0.141454	0.141457	0.14146	0.141456	0.141452	0.141459	0.141467	0.141466	0.141466	0.141468	0.14147	0.141463	0.141457	0.141447	0.141437	0.141426	0.141415	0.141399	0.141382	0.141374	0.141365	0.14135	0.141335	0.141331	0.141328	0.141318	0.141307	0.141307	0.141307	0.141302	0.141298	0.141298	0.141298	0.1413	
0.164853	0.164855	0.164852	0.16485	0.164859	0.164868	0.164864	0.16486	0.164877	0.164893	0.164891	0.164889	0.164912	0.164934	0.164937	0.16494	0.164964	0.164988	0.164994	0.164999	0.165017	0.165035	0.165036	0.165038	0.165044	0.16505	0.165043	0.165037	0.165037	0.165037	0.165034	0.165031	0.165035	0.16504	0.165035	0.16503	0.165039	0.165047	0.165046	0.165044	0.165045	0.165046	0.165037	0.165028	0.165015	0.165002	0.164989	0.164977	0.164957	0.164938	0.164929	0.16492	0.164903	0.164886	0.164883	0.164881	0.164869	0.164858	0.164859	0.164859	0.164855	0.16485	0.164851	0.164851	0.164853	
0.18841	0.188412	0.18841	0.188407	0.188415	0.188424	0.188419	0.188413	0.18843	0.188446	0.188442	0.188438	0.188462	0.188486	0.188486	0.188487	0.188515	0.188543	0.188549	0.188554	0.188578	0.188602	0.188604	0.188607	0.188619	0.18863	0.188623	0.188616	0.188619	0.188622	0.188615	0.188608	0.188616	0.188623	0.188616	0.188609	0.18862	0.18863	0.188626	0.188622	0.188619	0.188616	0.188604	0.188591	0.188574	0.188556	0.188542	0.188529	0.188506	0.188484	0.188477	0.18847	0.188451	0.188433	0.188433	0.188433	0.188422	0.18841	0.188413	0.188415	0.188411	0.188407	0.188408	0.188408	0.18841	
0.211968	0.21197	0.211967	0.211963	0.211972	0.21198	0.211973	0.211966	0.211983	0.212	0.211993	0.211986	0.212012	0.212037	0.212036	0.212034	0.212066	0.212098	0.212103	0.212109	0.212138	0.212168	0.212172	0.212176	0.212194	0.212211	0.212203	0.212195	0.212201	0.212207	0.212196	0.212185	0.212196	0.212206	0.212198	0.212189	0.212201	0.212213	0.212206	0.212199	0.212193	0.212186	0.212171	0.212155	0.212132	0.21211	0.212095	0.21208	0.212055	0.21203	0.212025	0.212019	0.212	0.211981	0.211983	0.211985	0.211974	0.211963	0.211967	0.211971	0.211967	0.211963	0.211965	0.211966	0.211968	
0.235531	0.235532	0.235529	0.235525	0.235532	0.23554	0.235531	0.235522	0.235537	0.235552	0.235542	0.235532	0.235557	0.235582	0.235577	0.235571	0.235605	0.235639	0.235642	0.235645	0.235681	0.235717	0.235723	0.235729	0.235755	0.235782	0.235775	0.235768	0.23578	0.235792	0.235775	0.235759	0.235773	0.235787	0.235777	0.235767	0.235778	0.235789	0.235777	0.235766	0.235752	0.235738	0.235719	0.235699	0.235672	0.235644	0.235631	0.235618	0.235591	0.235565	0.235564	0.235562	0.235544	0.235526	0.235532	0.235538	0.235528	0.235518	0.235524	0.235531	0.235528	0.235524	0.235526	0.235529	0.235531	
0.259093	0.259094	0.25909	0.259086	0.259093	0.259099	0.259088	0.259078	0.259091	0.259105	0.259092	0.259079	0.259102	0.259126	0.259117	0.259109	0.259144	0.259179	0.259181	0.259182	0.259224	0.259265	0.259274	0.259282	0.259317	0.259352	0.259347	0.259341	0.259359	0.259377	0.259355	0.259332	0.259349	0.259367	0.259356	0.259346	0.259355	0.259365	0.259349	0.259332	0.259311	0.25929	0.259267	0.259244	0.259211	0.259178	0.259167	0.259155	0.259128	0.2591	0.259103	0.259106	0.259088	0.259071	0.259081	0.25909	0.259082	0.259073	0.259082	0.259091	0.259088	0.259085	0.259088	0.259092	0.259093	
0.282661	0.282662	0.282658	0.282654	0.282658	0.282662	0.282651	0.28264	0.282649	0.282659	0.282644	0.282628	0.282647	0.282667	0.282653	0.28264	0.282672	0.282705	0.282702	0.282699	0.282744	0.282788	0.282797	0.282807	0.282852	0.282898	0.282898	0.282897	0.282926	0.282955	0.282927	0.2829	0.282922	0.282944	0.282929	0.282914	0.282918	0.282921	0.282898	0.282874	0.282843	0.282811	0.282787	0.282763	0.282727	0.282692	0.282685	0.282679	0.282654	0.282629	0.282638	0.282646	0.282633	0.282619	0.282633	0.282646	0.28264	0.282634	0.282645	0.282655	0.282654	0.282652	0.282656	0.28266	0.282661	
0.306229	0.306229	0.306225	0.306221	0.306224	0.306226	0.306213	0.306201	0.306208	0.306214	0.306195	0.306177	0.306192	0.306208	0.306189	0.306171	0.306201	0.306232	0.306224	0.306216	0.306264	0.306312	0.306321	0.306331	0.306388	0.306444	0.306449	0.306454	0.306493	0.306532	0.3065	0.306467	0.306494	0.30652	0.306501	0.306482	0.30648	0.306478	0.306447	0.306417	0.306374	0.306332	0.306307	0.306281	0.306243	0.306205	0.306204	0.306203	0.306181	0.306158	0.306173	0.306187	0.306177	0.306167	0.306185	0.306202	0.306199	0.306195	0.306208	0.30622	0.30622	0.306219	0.306224	0.306228	0.306229	
0.3298	0.3298	0.329797	0.329793	0.329793	0.329793	0.329781	0.329769	0.329771	0.329773	0.329753	0.329734	0.329742	0.32975	0.329727	0.329704	0.329726	0.329747	0.329732	0.329717	0.329759	0.3298	0.329808	0.329815	0.329877	0.329938	0.329953	0.329969	0.330022	0.330076	0.330046	0.330016	0.330042	0.330069	0.330046	0.330023	0.330003	0.329983	0.329946	0.329908	0.329858	0.329808	0.329787	0.329767	0.329735	0.329702	0.32971	0.329719	0.329705	0.32969	0.329711	0.329732	0.329728	0.329724	0.329744	0.329763	0.329763	0.329764	0.329776	0.329789	0.32979	0.329791	0.329795	0.3298	0.3298	
0.353371	0.35337	0.353368	0.353365	0.353362	0.353359	0.353348	0.353338	0.353334	0.353331	0.353311	0.353291	0.353291	0.353292	0.353265	0.353237	0.35325	0.353263	0.353241	0.353219	0.353254	0.353289	0.353294	0.353299	0.353366	0.353432	0.353458	0.353483	0.353552	0.35362	0.353592	0.353564	0.353591	0.353617	0.353591	0.353564	0.353527	0.353489	0.353444	0.3534	0.353342	0.353283	0.353268	0.353253	0.353226	0.353199	0.353217	0.353235	0.353229	0.353222	0.353249	0.353276	0.353279	0.353281	0.353303	0.353324	0.353328	0.353332	0.353345	0.353357	0.35336	0.353362	0.353367	0.353371	0.353371	
0.376941	0.37694	0.376939	0.376938	0.376932	0.376927	0.37692	0.376912	0.376903	0.376895	0.376878	0.376861	0.376852	0.376844	0.376816	0.376789	0.376787	0.376785	0.376755	0.376726	0.376743	0.376759	0.376754	0.37675	0.376804	0.376859	0.376896	0.376933	0.377014	0.377095	0.37708	0.377066	0.377082	0.377099	0.37707	0.377041	0.376981	0.37692	0.376873	0.376825	0.376776	0.376726	0.376724	0.376723	0.376714	0.376704	0.376732	0.37676	0.376768	0.376775	0.376803	0.376832	0.376843	0.376854	0.376872	0.376891	0.376899	0.376908	0.376917	0.376927	0.376931	0.376935	0.376939	0.376942	0.376941	
0.400512	0.40051	0.40051	0.400511	0.400503	0.400495	0.400491	0.400487	0.400473	0.400459	0.400445	0.400432	0.400414	0.400395	0.400368	0.400341	0.400324	0.400307	0.40027	0.400234	0.400232	0.400229	0.400215	0.4002	0.400243	0.400285	0.400334	0.400382	0.400476	0.400569	0.400568	0.400568	0.400574	0.40058	0.400549	0.400517	0.400435	0.400352	0.400301	0.400251	0.400209	0.400168	0.40018	0.400193	0.400201	0.40021	0.400248	0.400286	0.400307	0.400328	0.400358	0.400388	0.400407	0.400426	0.400442	0.400458	0.400471	0.400483	0.40049	0.400497	0.400502	0.400508	0.40051	0.400513	0.400512	
0.424075	0.424074	0.424076	0.424078	0.424068	0.424059	0.42406	0.424062	0.424044	0.424026	0.424021	0.424016	0.423989	0.423963	0.423943	0.423924	0.42389	0.423857	0.423821	0.423784	0.423751	0.423718	0.42369	0.423662	0.42366	0.423658	0.423711	0.423765	0.423853	0.423941	0.423981	0.424021	0.424012	0.424003	0.423959	0.423915	0.423815	0.423715	0.423669	0.423622	0.423624	0.423626	0.423658	0.423689	0.423726	0.423763	0.423804	0.423845	0.42388	0.423914	0.423938	0.423961	0.423987	0.424012	0.42402	0.424028	0.424044	0.42406	0.424061	0.424062	0.424069	0.424076	0.424076	0.424077	0.424075	
0.447639	0.447637	0.447641	0.447645	0.447634	0.447623	0.44763	0.447637	0.447615	0.447593	0.447596	0.4476	0.447565	0.44753	0.447519	0.447507	0.447457	0.447407	0.447371	0.447335	0.447271	0.447207	0.447165	0.447123	0.447076	0.44703	0.447089	0.447148	0.447231	0.447314	0.447393	0.447473	0.447449	0.447425	0.447369	0.447313	0.447196	0.447079	0.447036	0.446993	0.447039	0.447085	0.447135	0.447185	0.447251	0.447316	0.44736	0.447404	0.447452	0.447501	0.447518	0.447534	0.447567	0.447599	0.447599	0.447599	0.447617	0.447636	0.447632	0.447627	0.447635	0.447643	0.447642	0.44764	0.447639	
0.47119	0.471188	0.471194	0.4712	0.471188	0.471176	0.47119	0.471203	0.47118	0.471156	0.471171	0.471186	0.471148	0.47111	0.471115	0.47112	0.471061	0.471003	0.470982	0.470962	0.470875	0.470788	0.47074	0.470691	0.470585	0.470478	0.470499	0.47052	0.470556	0.470592	0.470734	0.470877	0.470835	0.470793	0.470699	0.470605	0.470539	0.470472	0.470466	0.47046	0.470562	0.470664	0.470723	0.470783	0.470867	0.470952	0.47098	0.471008	0.471064	0.47112	0.471119	0.471118	0.471153	0.471188	0.471176	0.471163	0.471183	0.471204	0.471192	0.471181	0.47119	0.471199	0.471195	0.471191	0.47119	
0.494741	0.49474	0.494747	0.494754	0.494742	0.49473	0.49475	0.494769	0.494744	0.49472	0.494746	0.494773	0.494731	0.494689	0.494711	0.494734	0.494666	0.494598	0.494594	0.494589	0.494479	0.49437	0.494315	0.49426	0.494093	0.493927	0.493909	0.493891	0.493881	0.49387	0.494075	0.49428	0.49422	0.49416	0.494028	0.493896	0.493881	0.493865	0.493897	0.493928	0.494085	0.494243	0.494311	0.49438	0.494484	0.494587	0.4946	0.494613	0.494676	0.494739	0.49472	0.494701	0.494739	0.494778	0.494753	0.494728	0.494749	0.494771	0.494753	0.494735	0.494745	0.494754	0.494748	0.494742	0.494741	
0.518277	0.518276	0.518284	0.518292	0.518281	0.51827	0.518293	0.518316	0.518293	0.518271	0.518306	0.518341	0.518304	0.518266	0.518306	0.518347	0.518286	0.518226	0.518252	0.518278	0.518177	0.518075	0.51805	0.518024	0.517836	0.517649	0.517577	0.517505	0.51739	0.517275	0.517513	0.517751	0.517711	0.517672	0.517513	0.517355	0.517428	0.517501	0.517584	0.517666	0.517843	0.51802	0.518058	0.518095	0.51819	0.518284	0.518263	0.518243	0.518299	0.518355	0.518316	0.518277	0.518312	0.518347	0.518312	0.518277	0.518298	0.518318	0.518296	0.518274	0.518283	0.518292	0.518285	0.518278	0.518277	
0.541813	0.541813	0.541822	0.54183	0.54182	0.54181	0.541837	0.541863	0.541842	0.541822	0.541866	0.54191	0.541876	0.541843	0.541901	0.54196	0.541907	0.541853	0.54191	0.541967	0.541874	0.54178	0.541785	0.541789	0.54158	0.541371	0.541245	0.541119	0.540899	0.54068	0.54095	0.541221	0.541202	0.541183	0.540998	0.540814	0.540975	0.541137	0.541271	0.541404	0.541601	0.541798	0.541804	0.541811	0.541896	0.541981	0.541927	0.541872	0.541922	0.541972	0.541912	0.541852	0.541885	0.541917	0.541872	0.541826	0.541846	0.541866	0.541839	0.541813	0.541822	0.541831	0.541822	0.541814	0.541813	
0.565338	0.565338	0.565346	0.565354	0.565346	0.565338	0.565362	0.565386	0.56537	0.565354	0.565397	0.56544	0.565415	0.565389	0.565454	0.565518	0.565483	0.565447	0.565528	0.565609	0.565558	0.565506	0.56557	0.565634	0.565524	0.565414	0.565317	0.56522	0.564922	0.564624	0.564882	0.565141	0.565138	0.565136	0.564994	0.564853	0.565026	0.565199	0.565309	0.565419	0.565529	0.565639	0.565581	0.565522	0.565572	0.565622	0.565539	0.565457	0.565493	0.565528	0.56546	0.565392	0.565419	0.565445	0.5654	0.565354	0.565371	0.565388	0.565363	0.565338	0.565346	0.565354	0.565346	0.565338	0.565338	
0.588863	0.588864	0.58887	0.588877	0.588871	0.588865	0.588887	0.58891	0.588897	0.588885	0.588928	0.58897	0.588953	0.588936	0.589006	0.589077	0.589059	0.589041	0.589147	0.589252	0.589242	0.589232	0.589356	0.589479	0.589469	0.589458	0.58939	0.589322	0.588945	0.588569	0.588815	0.589061	0.589075	0.589089	0.58899	0.588892	0.589076	0.589261	0.589348	0.589435	0.589457	0.58948	0.589357	0.589234	0.589248	0.589262	0.589152	0.589041	0.589063	0.589085	0.589009	0.588933	0.588953	0.588974	0.588928	0.588882	0.588897	0.588911	0.588887	0.588863	0.58887	0.588878	0.58887	0.588863	0.588863	
0.612388	0.612389	0.612393	0.612397	0.612394	0.612391	0.612406	0.61242	0.612414	0.612408	0.612437	0.612466	0.612459	0.612452	0.612503	0.612554	0.612554	0.612554	0.612637	0.61272	0.612746	0.612773	0.61289	0.613006	0.6131	0.613194	0.613258	0.613323	0.613109	0.612895	0.612884	0.612873	0.612829	0.612784	0.612846	0.612908	0.61312	0.613331	0.613245	0.613159	0.613087	0.613014	0.612886	0.612757	0.612743	0.612728	0.612635	0.612541	0.61255	0.612558	0.6125	0.612442	0.612455	0.612468	0.612434	0.612401	0.612411	0.612421	0.612404	0.612387	0.612392	0.612398	0.612392	0.612387	0.612388	
0.635912	0.635914	0.635915	0.635917	0.635917	0.635917	0.635924	0.635931	0.63593	0.63593	0.635946	0.635961	0.635965	0.635968	0.635999	0.636031	0.636048	0.636066	0.636127	0.636187	0.636251	0.636315	0.636424	0.636532	0.63673	0.636929	0.637126	0.637324	0.637273	0.637222	0.636954	0.636326	0.636237	0.636295	0.636441	0.636835	0.637031	0.637401	0.637142	0.636883	0.636716	0.636549	0.636415	0.63628	0.636238	0.636195	0.636118	0.636041	0.636037	0.636032	0.635992	0.635951	0.635956	0.635961	0.635941	0.63592	0.635925	0.635931	0.635921	0.635911	0.635914	0.635918	0.635914	0.635911	0.635912	
0.659449	0.659451	0.65945	0.659448	0.659452	0.659455	0.659453	0.659451	0.659457	0.659463	0.659462	0.659461	0.659472	0.659483	0.659484	0.659485	0.659506	0.659527	0.659538	0.659548	0.659591	0.659634	0.659666	0.659699	0.659792	0.659886	0.66003	0.660174	0.660267	0.66036	0.660114	0.659807	0.659661	0.660047	0.660213	0.660568	0.660605	0.660266	0.660048	0.659829	0.659779	0.65973	0.659664	0.659598	0.659578	0.659558	0.65953	0.659503	0.659495	0.659487	0.659477	0.659467	0.659464	0.65946	0.659457	0.659454	0.659453	0.659451	0.65945	0.659449	0.659449	0.659449	0.659449	0.659448	0.659449	
0.682986	0.682988	0.682984	0.68298	0.682986	0.682993	0.682983	0.682972	0.682984	0.682997	0.682978	0.68296	0.682979	0.682997	0.682969	0.68294	0.682964	0.682989	0.682949	0.682909	0.682931	0.682953	0.682909	0.682865	0.682854	0.682843	0.682934	0.683025	0.683261	0.683466	0.683627	0.683632	0.683992	0.684316	0.684047	0.683701	0.683386	0.683132	0.682953	0.682775	0.682843	0.682911	0.682913	0.682915	0.682918	0.682921	0.682943	0.682966	0.682953	0.682941	0.682962	0.682983	0.682971	0.682959	0.682974	0.682988	0.68298	0.682972	0.68298	0.682988	0.682984	0.682981	0.682983	0.682985	0.682986	
0.706543	0.706545	0.706539	0.706533	0.706544	0.706554	0.706539	0.706523	0.706543	0.706563	0.706536	0.706508	0.706539	0.706569	0.706525	0.706482	0.70652	0.706557	0.706494	0.706431	0.706461	0.70649	0.706414	0.706337	0.706307	0.706277	0.70616	0.706042	0.706107	0.705675	0.705772	0.705898	0.706012	0.706168	0.70619	0.70583	0.705836	0.70609	0.706144	0.706198	0.706286	0.706373	0.706416	0.706459	0.706451	0.706444	0.706493	0.706542	0.706514	0.706486	0.706523	0.70656	0.706535	0.70651	0.706533	0.706557	0.706541	0.706525	0.706537	0.70655	0.706543	0.706536	0.706539	0.706542	0.706543	
0.7301	0.730102	0.730094	0.730087	0.730101	0.730115	0.730095	0.730075	0.730102	0.73013	0.730093	0.730057	0.730099	0.73014	0.730082	0.730024	0.730075	0.730126	0.73004	0.729954	0.72999	0.730027	0.729918	0.729809	0.72976	0.72971	0.729385	0.72906	0.728952	0.728893	0.728755	0.72805	0.72708	0.727561	0.728372	0.728758	0.729091	0.729048	0.729335	0.729622	0.729729	0.729836	0.729919	0.730002	0.729985	0.729968	0.730043	0.730119	0.730075	0.73003	0.730084	0.730137	0.730099	0.73006	0.730093	0.730127	0.730102	0.730077	0.730095	0.730112	0.730101	0.73009	0.730094	0.730099	0.7301	
0.753673	0.753675	0.753667	0.75366	0.753676	0.753693	0.753673	0.753653	0.753686	0.753719	0.753685	0.753651	0.753702	0.753753	0.753702	0.753651	0.753721	0.75379	0.75372	0.753651	0.753729	0.753807	0.753727	0.753647	0.753709	0.75377	0.753745	0.753721	0.753664	0.75378	0.753871	0.753996	0.754567	0.754117	0.753825	0.75377	0.753704	0.753667	0.753724	0.753781	0.753718	0.753654	0.753735	0.753816	0.753739	0.753662	0.753729	0.753796	0.753728	0.75366	0.753708	0.753757	0.753707	0.753657	0.753688	0.753719	0.753688	0.753657	0.753674	0.753691	0.753677	0.753663	0.753668	0.753672	0.753673	
0.777246	0.777247	0.77724	0.777232	0.777251	0.77727	0.777251	0.777232	0.77727	0.777308	0.777277	0.777245	0.777306	0.777366	0.777323	0.777279	0.777366	0.777453	0.777401	0.777348	0.777468	0.777588	0.777536	0.777485	0.777657	0.77783	0.778106	0.778382	0.778375	0.778472	0.77881	0.779305	0.780003	0.77936	0.778751	0.778636	0.77833	0.778286	0.778113	0.77794	0.777706	0.777472	0.777551	0.777629	0.777493	0.777357	0.777415	0.777474	0.777381	0.777289	0.777333	0.777377	0.777315	0.777253	0.777283	0.777312	0.777275	0.777237	0.777254	0.77727	0.777253	0.777236	0.777241	0.777245	0.777246	
0.800821	0.800822	0.800816	0.800809	0.800827	0.800844	0.800829	0.800813	0.800848	0.800882	0.800858	0.800833	0.800885	0.800936	0.800905	0.800873	0.800939	0.801005	0.80097	0.800934	0.801008	0.801082	0.801044	0.801006	0.801087	0.801167	0.801134	0.8011	0.800975	0.801135	0.801087	0.801034	0.801009	0.801048	0.801015	0.801232	0.801242	0.801055	0.801192	0.801328	0.801158	0.800988	0.801067	0.801145	0.801041	0.800938	0.800986	0.801035	0.800958	0.800882	0.800917	0.800951	0.800896	0.800841	0.800865	0.800889	0.800854	0.800819	0.800833	0.800846	0.80083	0.800813	0.800817	0.80082	0.800821	
0.824396	0.824397	0.824392	0.824386	0.824403	0.824419	0.824407	0.824394	0.824425	0.824456	0.824439	0.824421	0.824464	0.824506	0.824487	0.824467	0.824512	0.824557	0.824539	0.824521	0.824548	0.824576	0.824552	0.824527	0.824516	0.824504	0.824161	0.823818	0.823575	0.822973	0.822824	0.82266	0.822667	0.822579	0.822788	0.822946	0.823379	0.823825	0.82427	0.824716	0.82461	0.824503	0.824582	0.824661	0.82459	0.824519	0.824557	0.824596	0.824535	0.824474	0.8245	0.824526	0.824478	0.824429	0.824448	0.824466	0.824433	0.824401	0.824411	0.824422	0.824406	0.82439	0.824393	0.824396	0.824396	
0.847961	0.847961	0.847958	0.847954	0.847965	0.847977	0.847968	0.847959	0.847979	0.847999	0.847986	0.847973	0.847994	0.848015	0.848	0.847985	0.84799	0.847995	0.847976	0.847957	0.847915	0.847873	0.847839	0.847805	0.847675	0.847546	0.847369	0.847193	0.847197	0.846638	0.846928	0.847331	0.847545	0.847257	0.846883	0.846571	0.846783	0.847191	0.847429	0.847667	0.847725	0.847782	0.847861	0.847939	0.847945	0.84795	0.847991	0.848031	0.848009	0.847987	0.848011	0.848036	0.848007	0.847979	0.847994	0.84801	0.847987	0.847964	0.847973	0.847982	0.847969	0.847957	0.847959	0.847961	0.847961	
0.871527	0.871526	0.871524	0.871521	0.871528	0.871535	0.871529	0.871523	0.871532	0.871542	0.871533	0.871525	0.871525	0.871525	0.871513	0.871502	0.871467	0.871432	0.871413	0.871394	0.871282	0.87117	0.871126	0.871082	0.870835	0.870587	0.870577	0.870567	0.87082	0.871073	0.871678	0.872284	0.872248	0.872212	0.871603	0.870994	0.870776	0.870557	0.870588	0.870618	0.87084	0.871062	0.87114	0.871218	0.8713	0.871382	0.871424	0.871465	0.871483	0.8715	0.871523	0.871545	0.871537	0.871528	0.871541	0.871554	0.87154	0.871527	0.871534	0.871541	0.871532	0.871523	0.871525	0.871527	0.871527	
0.895077	0.895076	0.895075	0.895073	0.895075	0.895076	0.895072	0.895068	0.895065	0.895063	0.895057	0.89505	0.895032	0.895013	0.895004	0.894995	0.89494	0.894885	0.894871	0.894858	0.894748	0.894638	0.894622	0.894607	0.894469	0.894331	0.894444	0.894556	0.894865	0.895174	0.895545	0.895916	0.895882	0.895848	0.895495	0.895141	0.894843	0.894544	0.894433	0.894323	0.894454	0.894585	0.894626	0.894667	0.894755	0.894843	0.894877	0.894911	0.894951	0.89499	0.895011	0.895032	0.895041	0.89505	0.895063	0.895075	0.895072	0.895069	0.895076	0.895082	0.895078	0.895074	0.895076	0.895078	0.895077	
0.918628	0.918626	0.918626	0.918626	0.918621	0.918617	0.918614	0.918612	0.918598	0.918584	0.91858	0.918576	0.918539	0.918501	0.918495	0.918489	0.918413	0.918338	0.91833	0.918321	0.918213	0.918105	0.918118	0.918131	0.918103	0.918075	0.91831	0.918546	0.918911	0.919276	0.919412	0.919547	0.919516	0.919484	0.919386	0.919289	0.91891	0.918532	0.918279	0.918027	0.918068	0.918109	0.918112	0.918116	0.918209	0.918303	0.91833	0.918357	0.918418	0.918479	0.918499	0.918518	0.918545	0.918573	0.918584	0.918595	0.918604	0.918612	0.918618	0.918623	0.918624	0.918625	0.918627	0.918629	0.918628	
0.942168	0.942166	0.942166	0.942167	0.942158	0.942149	0.942149	0.942148	0.942126	0.942105	0.942103	0.942102	0.942059	0.942016	0.942015	0.942013	0.941945	0.941876	0.941882	0.941887	0.941822	0.941756	0.941802	0.941848	0.941911	0.941975	0.942177	0.942379	0.942597	0.942815	0.942752	0.94269	0.942666	0.942643	0.942743	0.942842	0.942604	0.942365	0.94215	0.941936	0.941883	0.94183	0.941793	0.941756	0.941813	0.941869	0.941879	0.941888	0.941945	0.942001	0.942015	0.942029	0.942062	0.942096	0.942106	0.942115	0.94213	0.942145	0.942151	0.942156	0.94216	0.942165	0.942167	0.94217	0.942168	
0.965708	0.965705	0.965707	0.965708	0.965695	0.965682	0.965683	0.965683	0.965655	0.965626	0.965627	0.965628	0.965579	0.965531	0.965534	0.965537	0.965476	0.965415	0.965434	0.965453	0.96543	0.965407	0.965486	0.965565	0.96572	0.965875	0.966043	0.966211	0.966283	0.966355	0.966093	0.965832	0.965816	0.965801	0.966099	0.966396	0.966297	0.966198	0.966021	0.965845	0.965698	0.965551	0.965473	0.965396	0.965416	0.965435	0.965427	0.96542	0.965471	0.965523	0.965532	0.96554	0.96558	0.965619	0.965627	0.965635	0.965657	0.965678	0.965683	0.965689	0.965696	0.965704	0.965707	0.96571	0.965708	
0.989244	0.989241	0.989244	0.989246	0.989232	0.989217	0.989219	0.989222	0.989193	0.989163	0.989167	0.989171	0.989128	0.989085	0.989095	0.989105	0.989063	0.989021	0.989051	0.989081	0.989091	0.989101	0.989181	0.98926	0.989405	0.989549	0.989651	0.989754	0.989755	0.989755	0.989507	0.989259	0.989247	0.989235	0.989516	0.989798	0.989772	0.989746	0.989637	0.989527	0.989389	0.989251	0.98917	0.989088	0.989077	0.989066	0.989044	0.989022	0.989056	0.989091	0.989091	0.989092	0.989126	0.989161	0.989166	0.989171	0.989193	0.989215	0.989219	0.989223	0.989232	0.989241	0.989244	0.989247	0.989244	
1.01278	1.01278	1.01278	1.01278	1.01277	1.01275	1.01276	1.01276	1.01273	1.0127	1.01271	1.01271	1.01268	1.01264	1.01266	1.01267	1.01265	1.01263	1.01267	1.01271	1.01275	1.0128	1.01288	1.01296	1.01309	1.01322	1.01326	1.0133	1.01323	1.01316	1.01292	1.01269	1.01268	1.01267	1.01293	1.0132	1.01325	1.01329	1.01325	1.01321	1.01308	1.01295	1.01287	1.01278	1.01274	1.0127	1.01266	1.01262	1.01264	1.01266	1.01265	1.01264	1.01267	1.0127	1.0127	1.01271	1.01273	1.01275	1.01275	1.01276	1.01277	1.01278	1.01278	1.01278	1.01278	
1.03632	1.03632	1.03632	1.03633	1.03631	1.0363	1.0363	1.03631	1.03628	1.03626	1.03627	1.03628	1.03625	1.03622	1.03624	1.03626	1.03626	1.03625	1.03629	1.03634	1.03639	1.03644	1.0365	1.03657	1.03667	1.03676	1.03676	1.03676	1.03668	1.03659	1.03641	1.03623	1.03622	1.03622	1.03642	1.03663	1.0367	1.03676	1.03676	1.03676	1.03666	1.03657	1.0365	1.03643	1.03638	1.03633	1.03629	1.03625	1.03625	1.03625	1.03624	1.03622	1.03624	1.03626	1.03626	1.03626	1.03628	1.0363	1.0363	1.0363	1.03631	1.03632	1.03632	1.03632	1.03632	
1.05986	1.05986	1.05986	1.05987	1.05985	1.05984	1.05985	1.05985	1.05983	1.05981	1.05982	1.05984	1.05982	1.0598	1.05983	1.05985	1.05986	1.05987	1.05992	1.05996	1.06002	1.06008	1.06013	1.06018	1.06024	1.0603	1.06026	1.06022	1.06013	1.06003	1.0599	1.05977	1.05976	1.05976	1.05991	1.06006	1.06015	1.06023	1.06027	1.06031	1.06025	1.06018	1.06013	1.06007	1.06002	1.05996	1.05991	1.05987	1.05986	1.05984	1.05982	1.0598	1.05981	1.05983	1.05982	1.05981	1.05983	1.05984	1.05984	1.05984	1.05985	1.05986	1.05986	1.05987	1.05986	
1.08341	1.08341	1.08341	1.08342	1.08341	1.08339	1.0834	1.08341	1.0834	1.08338	1.0834	1.08341	1.0834	1.08339	1.08342	1.08345	1.08347	1.08348	1.08352	1.08356	1.08362	1.08367	1.0837	1.08374	1.08377	1.08381	1.08376	1.08371	1.08363	1.08355	1.08346	1.08337	1.08337	1.08337	1.08347	1.08357	1.08365	1.08372	1.08377	1.08381	1.08378	1.08374	1.0837	1.08367	1.08361	1.08356	1.08352	1.08348	1.08346	1.08344	1.08342	1.08339	1.0834	1.0834	1.08339	1.08338	1.08339	1.0834	1.0834	1.0834	1.0834	1.08341	1.08341	1.08341	1.08341	
1.10696	1.10695	1.10696	1.10697	1.10696	1.10695	1.10696	1.10697	1.10696	1.10695	1.10697	1.10699	1.10699	1.10699	1.10701	1.10704	1.10707	1.10709	1.10713	1.10717	1.10721	1.10726	1.10728	1.10729	1.1073	1.10731	1.10725	1.1072	1.10713	1.10707	1.10702	1.10697	1.10697	1.10697	1.10703	1.10708	1.10715	1.10721	1.10726	1.10732	1.10731	1.1073	1.10728	1.10726	1.10721	1.10717	1.10713	1.10709	1.10706	1.10704	1.10701	1.10698	1.10698	1.10697	1.10696	1.10695	1.10695	1.10696	1.10696	1.10695	1.10695	1.10696	1.10696	1.10696	1.10696	
1.13051	1.13051	1.13052	1.13052	1.13052	1.13051	1.13052	1.13053	1.13053	1.13052	1.13054	1.13056	1.13057	1.13057	1.1306	1.13063	1.13065	1.13068	1.13071	1.13074	1.13078	1.13082	1.13082	1.13083	1.13083	1.13082	1.13077	1.13072	1.13067	1.13062	1.13059	1.13056	1.13056	1.13057	1.1306	1.13063	1.13068	1.13073	1.13078	1.13083	1.13084	1.13084	1.13083	1.13081	1.13078	1.13074	1.13071	1.13068	1.13065	1.13062	1.1306	1.13057	1.13056	1.13055	1.13054	1.13052	1.13052	1.13052	1.13052	1.13051	1.13051	1.13051	1.13052	1.13052	1.13051	
1.15407	1.15407	1.15407	1.15408	1.15408	1.15407	1.15408	1.1541	1.1541	1.1541	1.15412	1.15414	1.15415	1.15416	1.15419	1.15421	1.15424	1.15427	1.15429	1.15431	1.15434	1.15437	1.15437	1.15436	1.15435	1.15434	1.15429	1.15424	1.15421	1.15417	1.15416	1.15415	1.15415	1.15416	1.15417	1.15418	1.15422	1.15426	1.1543	1.15435	1.15436	1.15437	1.15437	1.15437	1.15435	1.15432	1.15429	1.15427	1.15424	1.15421	1.15418	1.15416	1.15414	1.15413	1.15411	1.1541	1.15409	1.15409	1.15408	1.15408	1.15407	1.15407	1.15407	1.15407	1.15407	
1.17763	1.17763	1.17764	1.17764	1.17764	1.17764	1.17765	1.17767	1.17767	1.17767	1.17769	1.17771	1.17772	1.17774	1.17776	1.17778	1.17781	1.17784	1.17785	1.17787	1.17789	1.17791	1.1779	1.1779	1.17788	1.17787	1.17783	1.17779	1.17776	1.17773	1.17773	1.17773	1.17773	1.17773	1.17774	1.17774	1.17777	1.1778	1.17784	1.17787	1.17789	1.17791	1.17791	1.17791	1.1779	1.17788	1.17786	1.17784	1.17781	1.17778	1.17776	1.17774	1.17772	1.1777	1.17769	1.17767	1.17766	1.17766	1.17765	1.17764	1.17764	1.17763	1.17764	1.17764	1.17763	
1.20119	1.20119	1.2012	1.20121	1.20121	1.2012	1.20122	1.20123	1.20124	1.20124	1.20126	1.20128	1.2013	1.20132	1.20134	1.20136	1.20138	1.2014	1.20142	1.20143	1.20144	1.20145	1.20144	1.20143	1.20141	1.2014	1.20136	1.20133	1.20132	1.2013	1.2013	1.2013	1.20131	1.20131	1.2013	1.2013	1.20132	1.20134	1.20137	1.2014	1.20142	1.20144	1.20145	1.20146	1.20145	1.20143	1.20142	1.2014	1.20138	1.20136	1.20134	1.20132	1.2013	1.20128	1.20126	1.20125	1.20124	1.20122	1.20122	1.20121	1.2012	1.2012	1.2012	1.2012	1.20119	
1.22476	1.22476	1.22476	1.22477	1.22477	1.22477	1.22479	1.2248	1.22481	1.22482	1.22483	1.22485	1.22487	1.22488	1.2249	1.22492	1.22494	1.22496	1.22497	1.22497	1.22498	1.22499	1.22498	1.22497	1.22495	1.22494	1.22491	1.22489	1.22487	1.22486	1.22486	1.22487	1.22487	1.22487	1.22487	1.22486	1.22488	1.2249	1.22492	1.22494	1.22496	1.22498	1.22499	1.225	1.22499	1.22498	1.22497	1.22496	1.22494	1.22492	1.2249	1.22488	1.22486	1.22485	1.22483	1.22482	1.2248	1.22479	1.22478	1.22478	1.22477	1.22476	1.22476	1.22476	1.22476	
1.24833	1.24832	1.24833	1.24834	1.24834	1.24834	1.24835	1.24837	1.24838	1.24839	1.2484	1.24842	1.24843	1.24845	1.24847	1.24848	1.2485	1.24852	1.24852	1.24852	1.24853	1.24853	1.24852	1.2485	1.24849	1.24848	1.24846	1.24844	1.24843	1.24842	1.24843	1.24843	1.24843	1.24844	1.24843	1.24842	1.24844	1.24845	1.24846	1.24848	1.2485	1.24851	1.24852	1.24854	1.24853	1.24853	1.24852	1.24852	1.2485	1.24848	1.24847	1.24845	1.24843	1.24841	1.2484	1.24839	1.24837	1.24836	1.24835	1.24835	1.24834	1.24833	1.24833	1.24833	1.24833	
1.27189	1.27189	1.2719	1.2719	1.2719	1.27191	1.27192	1.27193	1.27194	1.27195	1.27197	1.27198	1.272	1.27201	1.27202	1.27203	1.27205	1.27206	1.27207	1.27207	1.27207	1.27207	1.27206	1.27205	1.27203	1.27202	1.27201	1.27199	1.27199	1.27198	1.27198	1.27199	1.27199	1.27199	1.27199	1.27198	1.27199	1.272	1.27201	1.27203	1.27204	1.27205	1.27206	1.27207	1.27207	1.27207	1.27207	1.27207	1.27205	1.27204	1.27202	1.27201	1.27199	1.27198	1.27197	1.27195	1.27194	1.27193	1.27192	1.27191	1.2719	1.27189	1.27189	1.27189	1.27189	
1.29546	1.29546	1.29546	1.29547	1.29547	1.29547	1.29549	1.2955	1.29551	1.29552	1.29553	1.29554	1.29556	1.29557	1.29558	1.29559	1.2956	1.29561	1.29561	1.29561	1.29561	1.29561	1.2956	1.29559	1.29558	1.29557	1.29556	1.29555	1.29554	1.29554	1.29554	1.29554	1.29555	1.29555	1.29554	1.29554	1.29555	1.29555	1.29556	1.29557	1.29558	1.2956	1.29561	1.29561	1.29562	1.29562	1.29562	1.29561	1.2956	1.29559	1.29558	1.29557	1.29556	1.29554	1.29553	1.29552	1.29551	1.29549	1.29548	1.29548	1.29547	1.29546	1.29546	1.29546	1.29546	
1.31902	1.31902	1.31903	1.31903	1.31904	1.31904	1.31905	1.31906	1.31907	1.31908	1.31909	1.3191	1.31911	1.31912	1.31913	1.31914	1.31915	1.31916	1.31916	1.31915	1.31915	1.31915	1.31914	1.31913	1.31913	1.31912	1.31911	1.3191	1.3191	1.3191	1.3191	1.3191	1.3191	1.3191	1.3191	1.3191	1.3191	1.31911	1.31911	1.31912	1.31913	1.31914	1.31915	1.31916	1.31916	1.31916	1.31916	1.31916	1.31915	1.31914	1.31913	1.31913	1.31911	1.3191	1.31909	1.31908	1.31907	1.31905	1.31905	1.31904	1.31903	1.31903	1.31903	1.31903	1.31902	
1.34259	1.34259	1.34259	1.3426	1.3426	1.3426	1.34261	1.34262	1.34263	1.34264	1.34265	1.34266	1.34267	1.34268	1.34268	1.34269	1.3427	1.3427	1.3427	1.3427	1.3427	1.3427	1.34269	1.34268	1.34267	1.34267	1.34266	1.34265	1.34265	1.34265	1.34265	1.34265	1.34266	1.34266	1.34265	1.34265	1.34266	1.34266	1.34266	1.34267	1.34268	1.34268	1.34269	1.3427	1.3427	1.3427	1.3427	1.3427	1.3427	1.34269	1.34268	1.34268	1.34267	1.34265	1.34265	1.34264	1.34263	1.34262	1.34261	1.34261	1.3426	1.34259	1.34259	1.34259	1.34259	
1.36615	1.36615	1.36615	1.36616	1.36616	1.36616	1.36617	1.36618	1.36619	1.36619	1.3662	1.36621	1.36622	1.36623	1.36623	1.36624	1.36624	1.36625	1.36624	1.36624	1.36624	1.36624	1.36623	1.36623	1.36622	1.36622	1.36621	1.36621	1.36621	1.36621	1.36621	1.36621	1.36621	1.36621	1.36621	1.3662	1.36621	1.36621	1.36621	1.36622	1.36622	1.36623	1.36624	1.36624	1.36624	1.36625	1.36625	1.36625	1.36624	1.36624	1.36623	1.36623	1.36622	1.36621	1.3662	1.3662	1.36619	1.36618	1.36617	1.36617	1.36616	1.36615	1.36615	1.36615	1.36615	
1.38971	1.38971	1.38972	1.38972	1.38972	1.38973	1.38973	1.38974	1.38974	1.38975	1.38976	1.38976	1.38977	1.38978	1.38978	1.38978	1.38979	1.38979	1.38979	1.38979	1.38979	1.38978	1.38978	1.38977	1.38977	1.38977	1.38976	1.38976	1.38976	1.38976	1.38976	1.38976	1.38976	1.38976	1.38976	1.38976	1.38976	1.38976	1.38976	1.38977	1.38977	1.38978	1.38978	1.38979	1.38979	1.38979	1.38979	1.38979	1.38979	1.38979	1.38978	1.38978	1.38977	1.38976	1.38976	1.38975	1.38974	1.38973	1.38973	1.38973	1.38972	1.38972	1.38972	1.38972	1.38971	
1.41327	1.41327	1.41328	1.41328	1.41328	1.41328	1.41329	1.41329	1.4133	1.4133	1.41331	1.41331	1.41332	1.41333	1.41333	1.41333	1.41333	1.41334	1.41333	1.41333	1.41333	1.41333	1.41332	1.41332	1.41332	1.41332	1.41331	1.41331	1.41331	1.41331	1.41331	1.41331	1.41331	1.41331	1.41331	1.41331	1.41331	1.41331	1.41331	1.41332	1.41332	1.41332	1.41333	1.41333	1.41333	1.41333	1.41334	1.41334	1.41333	1.41333	1.41333	1.41333	1.41332	1.41331	1.41331	1.41331	1.4133	1.41329	1.41329	1.41329	1.41328	1.41328	1.41328	1.41328	1.41327	
1.43684	1.43683	1.43684	1.43684	1.43684	1.43684	1.43685	1.43685	1.43685	1.43686	1.43686	1.43686	1.43687	1.43687	1.43687	1.43688	1.43688	1.43688	1.43688	1.43688	1.43688	1.43687	1.43687	1.43687	1.43687	1.43686	1.43686	1.43686	1.43686	1.43686	1.43686	1.43686	1.43686	1.43686	1.43686	1.43686	1.43686	1.43686	1.43686	1.43686	1.43687	1.43687	1.43687	1.43688	1.43688	1.43688	1.43688	1.43688	1.43688	1.43688	1.43688	1.43687	1.43687	1.43686	1.43686	1.43686	1.43685	1.43685	1.43685	1.43684	1.43684	1.43684	1.43684	1.43684	1.43684	
1.46039	1.46039	1.4604	1.4604	1.4604	1.4604	1.4604	1.4604	1.46041	1.46041	1.46041	1.46041	1.46042	1.46042	1.46042	1.46042	1.46042	1.46042	1.46042	1.46042	1.46042	1.46042	1.46042	1.46042	1.46042	1.46041	1.46041	1.46041	1.46041	1.46041	1.46041	1.46041	1.46041	1.46041	1.46041	1.46041	1.46041	1.46041	1.46041	1.46041	1.46042	1.46042	1.46042	1.46042	1.46042	1.46042	1.46042	1.46042	1.46042	1.46042	1.46042	1.46042	1.46042	1.46041	1.46041	1.46041	1.46041	1.4604	1.4604	1.4604	1.4604	1.4604	1.4604	1.4604	1.46039	
1.48395	1.48395	1.48395	1.48396	1.48396	1.48396	1.48396	1.48396	1.48396	1.48396	1.48396	1.48396	1.48397	1.48397	1.48397	1.48397	1.48397	1.48397	1.48397	1.48397	1.48397	1.48397	1.48397	1.48396	1.48396	1.48396	1.48396	1.48396	1.48396	1.48396	1.48396	1.48396	1.48396	1.48396	1.48396	1.48396	1.48396	1.48396	1.48396	1.48396	1.48396	1.48397	1.48397	1.48397	1.48397	1.48397	1.48397	1.48397	1.48397	1.48397	1.48397	1.48397	1.48397	1.48396	1.48396	1.48396	1.48396	1.48396	1.48396	1.48396	1.48396	1.48395	1.48395	1.48395	1.48395	
1.50751	1.50751	1.50751	1.50751	1.50751	1.50751	1.50751	1.50751	1.50751	1.50751	1.50751	1.50751	1.50751	1.50751	1.50751	1.50751	1.50751	1.50751	1.50751	1.50751	1.50751	1.50751	1.50751	1.50751	1.50751	1.50751	1.50751	1.50751	1.50751	1.50751	1.50751	1.50751	1.50751	1.50751	1.50751	1.50751	1.50751	1.50751	1.50751	1.50751	1.50751	1.50751	1.50751	1.50751	1.50751	1.50751	1.50751	1.50751	1.50751	1.50751	1.50751	1.50751	1.50751	1.50751	1.50751	1.50751	1.50751	1.50751	1.50751	1.50751	1.50751	1.50751	1.50751	1.50751	1.50751	
