x=90	y=200	z=200	n=65	len=1
b
0	0	0	0	0	0	0	0	0	0	0	0	0	0	0	0	0	0	0	0	0	0	0	0	0	0	0	0	0	0	0	0	0	0	0	0	0	0	0	0	0	0	0	0	0	0	0	0	0	0	0	0	0	0	0	0	0	0	0	0	0	0	0	0	0	
0.0235506	0.0235509	0.0235507	0.0235505	0.0235519	0.0235534	0.0235531	0.0235528	0.0235554	0.0235581	0.023558	0.0235578	0.0235614	0.0235649	0.0235651	0.0235652	0.0235688	0.0235724	0.0235724	0.0235723	0.0235748	0.0235774	0.0235766	0.0235758	0.0235769	0.023578	0.0235767	0.0235755	0.0235761	0.0235767	0.0235762	0.0235756	0.0235763	0.0235771	0.0235766	0.0235762	0.0235769	0.0235777	0.0235779	0.023578	0.0235779	0.0235777	0.0235774	0.0235771	0.0235751	0.0235732	0.0235722	0.0235712	0.0235681	0.023565	0.0235641	0.0235631	0.0235601	0.0235571	0.0235567	0.0235564	0.0235542	0.0235521	0.0235522	0.0235522	0.0235513	0.0235503	0.0235504	0.0235504	0.0235506	
0.0471016	0.0471019	0.0471016	0.0471013	0.047104	0.0471066	0.047106	0.0471054	0.0471104	0.0471154	0.0471151	0.0471148	0.0471216	0.0471284	0.0471287	0.047129	0.047136	0.0471431	0.0471432	0.0471434	0.0471484	0.0471535	0.0471523	0.0471511	0.0471532	0.0471554	0.0471533	0.0471511	0.0471522	0.0471533	0.0471523	0.0471514	0.0471528	0.0471541	0.0471534	0.0471526	0.047154	0.0471554	0.0471556	0.0471558	0.0471553	0.0471548	0.0471539	0.047153	0.0471489	0.0471449	0.0471428	0.0471407	0.0471345	0.0471284	0.0471267	0.0471249	0.047119	0.0471132	0.0471126	0.0471121	0.047108	0.0471039	0.0471042	0.0471045	0.0471026	0.0471007	0.047101	0.0471012	0.0471016	
0.0706525	0.070653	0.0706526	0.0706521	0.070656	0.0706599	0.0706589	0.070658	0.0706653	0.0706727	0.0706722	0.0706717	0.0706818	0.0706919	0.0706923	0.0706928	0.0707033	0.0707138	0.0707141	0.0707144	0.070722	0.0707296	0.070728	0.0707264	0.0707296	0.0707329	0.0707298	0.0707268	0.0707283	0.0707298	0.0707285	0.0707272	0.0707292	0.0707311	0.0707301	0.070729	0.0707311	0.0707332	0.0707334	0.0707336	0.0707327	0.0707319	0.0707304	0.0707288	0.0707227	0.0707166	0.0707134	0.0707102	0.070701	0.0706918	0.0706893	0.0706867	0.070678	0.0706692	0.0706685	0.0706679	0.0706618	0.0706557	0.0706562	0.0706567	0.070654	0.0706512	0.0706516	0.070652	0.0706525	
0.0942056	0.0942063	0.0942056	0.0942049	0.0942097	0.0942145	0.0942129	0.0942112	0.0942205	0.0942298	0.0942286	0.0942273	0.0942404	0.0942535	0.0942536	0.0942537	0.0942679	0.0942822	0.0942826	0.094283	0.094294	0.094305	0.0943033	0.0943016	0.094307	0.0943123	0.0943085	0.0943046	0.0943071	0.0943096	0.0943075	0.0943055	0.0943083	0.0943111	0.0943096	0.0943081	0.0943105	0.0943129	0.0943128	0.0943127	0.0943104	0.0943082	0.0943057	0.0943032	0.0942942	0.0942851	0.0942809	0.0942768	0.0942643	0.0942519	0.0942492	0.0942464	0.0942351	0.0942238	0.0942236	0.0942234	0.0942158	0.0942082	0.0942093	0.0942105	0.0942071	0.0942036	0.0942043	0.094205	0.0942056	
0.117759	0.11776	0.117759	0.117758	0.117763	0.117769	0.117767	0.117764	0.117776	0.117787	0.117785	0.117783	0.117799	0.117815	0.117815	0.117815	0.117833	0.117851	0.117851	0.117851	0.117866	0.11788	0.117879	0.117877	0.117884	0.117892	0.117887	0.117882	0.117886	0.117889	0.117887	0.117884	0.117887	0.117891	0.117889	0.117887	0.11789	0.117893	0.117892	0.117892	0.117888	0.117885	0.117881	0.117878	0.117866	0.117854	0.117848	0.117843	0.117828	0.117812	0.117809	0.117806	0.117792	0.117778	0.117779	0.117779	0.11777	0.117761	0.117762	0.117764	0.11776	0.117756	0.117757	0.117758	0.117759	
0.141315	0.141316	0.141314	0.141313	0.141319	0.141325	0.141322	0.141319	0.141331	0.141343	0.141339	0.141336	0.141354	0.141372	0.141371	0.14137	0.141391	0.141412	0.141413	0.141413	0.141432	0.14145	0.141449	0.141449	0.141459	0.14147	0.141465	0.141461	0.141466	0.14147	0.141467	0.141463	0.141468	0.141472	0.14147	0.141468	0.14147	0.141472	0.141471	0.141469	0.141463	0.141456	0.141451	0.141446	0.14143	0.141414	0.141409	0.141403	0.141384	0.141366	0.141363	0.141361	0.141346	0.14133	0.141332	0.141334	0.141324	0.141314	0.141317	0.14132	0.141315	0.141311	0.141313	0.141314	0.141315	
0.164871	0.164872	0.16487	0.164869	0.164875	0.164881	0.164877	0.164873	0.164885	0.164898	0.164894	0.164889	0.164909	0.164929	0.164927	0.164925	0.164949	0.164974	0.164975	0.164975	0.164998	0.16502	0.16502	0.16502	0.165034	0.165048	0.165044	0.165039	0.165045	0.165051	0.165047	0.165043	0.165048	0.165054	0.165051	0.165048	0.16505	0.165052	0.165049	0.165046	0.165037	0.165028	0.165021	0.165014	0.164994	0.164975	0.164969	0.164962	0.164941	0.164919	0.164918	0.164917	0.164899	0.164882	0.164885	0.164888	0.164878	0.164867	0.164871	0.164875	0.164871	0.164866	0.164868	0.16487	0.164871	
0.188431	0.188432	0.18843	0.188428	0.188434	0.18844	0.188435	0.188429	0.188441	0.188454	0.188447	0.188441	0.188461	0.188481	0.188478	0.188474	0.1885	0.188527	0.188527	0.188527	0.188554	0.188581	0.188583	0.188584	0.188603	0.188622	0.188619	0.188616	0.188624	0.188633	0.188628	0.188623	0.188629	0.188635	0.188631	0.188628	0.188628	0.188628	0.188623	0.188618	0.188604	0.188589	0.188581	0.188572	0.188548	0.188524	0.188519	0.188513	0.188489	0.188466	0.188467	0.188468	0.18845	0.188432	0.188438	0.188443	0.188433	0.188423	0.188428	0.188434	0.18843	0.188425	0.188428	0.188431	0.188431	
0.211992	0.211993	0.21199	0.211988	0.211994	0.211999	0.211992	0.211985	0.211997	0.212009	0.212001	0.211993	0.212013	0.212034	0.212028	0.212022	0.212051	0.21208	0.212079	0.212079	0.212111	0.212142	0.212145	0.212147	0.212172	0.212196	0.212194	0.212192	0.212203	0.212214	0.212208	0.212202	0.212209	0.212216	0.212212	0.212207	0.212206	0.212205	0.212197	0.212189	0.21217	0.212151	0.212141	0.21213	0.212102	0.212073	0.212069	0.212064	0.212038	0.212012	0.212015	0.212019	0.212001	0.211983	0.211991	0.211998	0.211988	0.211978	0.211986	0.211993	0.211989	0.211985	0.211988	0.211991	0.211992	
0.235557	0.235557	0.235555	0.235553	0.235557	0.235561	0.235553	0.235545	0.235555	0.235565	0.235555	0.235544	0.235563	0.235581	0.235572	0.235564	0.235592	0.23562	0.235618	0.235616	0.23565	0.235685	0.235689	0.235693	0.235723	0.235754	0.235756	0.235758	0.235772	0.235787	0.235781	0.235775	0.235782	0.235789	0.235783	0.235778	0.235773	0.235768	0.235756	0.235744	0.235718	0.235693	0.235681	0.235669	0.235638	0.235606	0.235604	0.235602	0.235577	0.235551	0.235558	0.235565	0.235549	0.235533	0.235544	0.235555	0.235546	0.235538	0.235547	0.235556	0.235552	0.235549	0.235553	0.235557	0.235557	
0.259122	0.259122	0.25912	0.259117	0.25912	0.259123	0.259114	0.259105	0.259113	0.259121	0.259108	0.259096	0.259112	0.259128	0.259117	0.259105	0.259133	0.259161	0.259157	0.259153	0.25919	0.259228	0.259233	0.259239	0.259275	0.259312	0.259318	0.259323	0.259341	0.25936	0.259353	0.259347	0.259354	0.259361	0.259355	0.259348	0.259339	0.25933	0.259314	0.259298	0.259266	0.259234	0.259221	0.259208	0.259174	0.259139	0.25914	0.25914	0.259115	0.25909	0.259101	0.259112	0.259098	0.259083	0.259097	0.259111	0.259104	0.259097	0.259108	0.259118	0.259116	0.259113	0.259118	0.259122	0.259122	
0.282692	0.282692	0.282689	0.282687	0.282688	0.282688	0.28268	0.282671	0.282675	0.282679	0.282665	0.282651	0.282662	0.282674	0.282659	0.282645	0.282668	0.282691	0.282683	0.282675	0.282711	0.282748	0.282752	0.282757	0.282799	0.282842	0.282852	0.282862	0.282886	0.282911	0.282905	0.282899	0.282905	0.282912	0.282904	0.282897	0.28288	0.282864	0.282844	0.282824	0.282785	0.282747	0.282736	0.282725	0.282691	0.282658	0.282664	0.28267	0.282649	0.282628	0.282643	0.282659	0.282649	0.282639	0.282654	0.28267	0.282666	0.282663	0.282674	0.282685	0.282684	0.282683	0.282687	0.282692	0.282692	
0.306261	0.306261	0.306258	0.306256	0.306255	0.306254	0.306245	0.306236	0.306236	0.306237	0.306222	0.306207	0.306213	0.306219	0.306202	0.306184	0.306202	0.30622	0.306209	0.306197	0.306232	0.306267	0.306271	0.306275	0.306323	0.306372	0.306386	0.306401	0.306431	0.306462	0.306457	0.306451	0.306457	0.306462	0.306453	0.306445	0.306421	0.306397	0.306373	0.30635	0.306305	0.306259	0.30625	0.306241	0.306209	0.306176	0.306188	0.306199	0.306182	0.306166	0.306186	0.306205	0.3062	0.306194	0.306212	0.306229	0.306229	0.306228	0.30624	0.306251	0.306252	0.306252	0.306257	0.306261	0.306261	
0.329832	0.329831	0.32983	0.329828	0.329825	0.329822	0.329814	0.329807	0.329802	0.329798	0.329784	0.32977	0.329769	0.329767	0.329748	0.32973	0.329737	0.329745	0.329729	0.329713	0.329738	0.329763	0.329763	0.329764	0.32981	0.329856	0.329876	0.329896	0.329934	0.329972	0.329974	0.329976	0.329978	0.329981	0.329967	0.329954	0.32992	0.329885	0.329858	0.329831	0.329786	0.329742	0.329739	0.329736	0.329713	0.329689	0.329708	0.329726	0.329719	0.329711	0.329734	0.329756	0.329757	0.329759	0.329776	0.329793	0.329796	0.3298	0.32981	0.32982	0.329822	0.329825	0.329828	0.329832	0.329832	
0.353403	0.353402	0.353401	0.3534	0.353395	0.353389	0.353383	0.353377	0.353368	0.35336	0.353347	0.353334	0.353325	0.353316	0.353295	0.353275	0.353272	0.35327	0.353249	0.353229	0.353244	0.353259	0.353255	0.353252	0.353297	0.353341	0.353367	0.353392	0.353437	0.353482	0.353492	0.353501	0.3535	0.3535	0.353481	0.353463	0.353418	0.353374	0.353343	0.353312	0.353268	0.353224	0.353228	0.353231	0.353217	0.353203	0.353228	0.353253	0.353255	0.353257	0.353282	0.353307	0.353315	0.353323	0.35334	0.353356	0.353364	0.353372	0.35338	0.353389	0.353393	0.353397	0.3534	0.353403	0.353403	
0.37697	0.37697	0.37697	0.37697	0.376963	0.376956	0.376953	0.376951	0.376938	0.376925	0.376916	0.376907	0.37689	0.376873	0.376856	0.376838	0.376822	0.376805	0.376782	0.376759	0.376754	0.376749	0.376738	0.376727	0.376755	0.376782	0.376808	0.376834	0.376887	0.37694	0.376964	0.376988	0.376984	0.376979	0.376952	0.376924	0.376867	0.376809	0.376782	0.376754	0.376726	0.376697	0.376712	0.376726	0.37673	0.376734	0.376764	0.376794	0.376808	0.376823	0.376846	0.376869	0.376884	0.3769	0.376912	0.376924	0.376935	0.376947	0.376952	0.376956	0.376962	0.376968	0.37697	0.376971	0.37697	
0.400538	0.400538	0.400539	0.40054	0.400531	0.400522	0.400523	0.400524	0.400507	0.400489	0.400485	0.400481	0.400456	0.400431	0.400416	0.400401	0.400371	0.400341	0.400315	0.400289	0.400264	0.40024	0.400221	0.400202	0.400213	0.400223	0.40025	0.400277	0.400337	0.400397	0.400436	0.400476	0.400467	0.400459	0.400422	0.400385	0.400315	0.400245	0.400221	0.400197	0.400183	0.40017	0.400196	0.400222	0.400244	0.400266	0.4003	0.400334	0.400362	0.40039	0.40041	0.40043	0.400454	0.400477	0.400484	0.400491	0.400507	0.400523	0.400523	0.400524	0.400531	0.400539	0.400539	0.400539	0.400538	
0.424097	0.424097	0.4241	0.424102	0.424092	0.424082	0.424089	0.424095	0.424075	0.424054	0.424059	0.424063	0.424032	0.424	0.423995	0.423989	0.423947	0.423904	0.423883	0.423862	0.423812	0.423762	0.423737	0.423712	0.423683	0.423654	0.423673	0.423691	0.423743	0.423795	0.423868	0.423942	0.423929	0.423916	0.42385	0.423785	0.423721	0.423658	0.423646	0.423635	0.423658	0.423682	0.423718	0.423754	0.423799	0.423845	0.423874	0.423904	0.423944	0.423983	0.423993	0.424003	0.424033	0.424062	0.42406	0.424057	0.424076	0.424095	0.42409	0.424084	0.424093	0.424103	0.4241	0.424098	0.424097	
0.447656	0.447656	0.44766	0.447665	0.447654	0.447643	0.447654	0.447665	0.447642	0.447619	0.447632	0.447644	0.447607	0.44757	0.447574	0.447577	0.447522	0.447467	0.447451	0.447435	0.44736	0.447285	0.447253	0.447221	0.447153	0.447086	0.447096	0.447105	0.447149	0.447193	0.4473	0.447408	0.44739	0.447372	0.447279	0.447185	0.447128	0.447071	0.447072	0.447072	0.447133	0.447195	0.44724	0.447286	0.447354	0.447423	0.447448	0.447474	0.447525	0.447577	0.447576	0.447576	0.447612	0.447647	0.447635	0.447623	0.447645	0.447668	0.447656	0.447645	0.447655	0.447666	0.447661	0.447657	0.447656	
0.471202	0.471202	0.471207	0.471213	0.471202	0.471191	0.471207	0.471223	0.4712	0.471177	0.471199	0.471221	0.471182	0.471144	0.471163	0.471181	0.471122	0.471064	0.471063	0.471063	0.470976	0.470889	0.470859	0.47083	0.47072	0.47061	0.470595	0.47058	0.47058	0.470581	0.470699	0.470818	0.4708	0.470782	0.47069	0.470597	0.470576	0.470554	0.470581	0.470608	0.470711	0.470814	0.470856	0.470899	0.47098	0.471061	0.471067	0.471074	0.47113	0.471187	0.471169	0.471151	0.471189	0.471227	0.471203	0.47118	0.471204	0.471227	0.47121	0.471192	0.471203	0.471215	0.471208	0.471202	0.471202	
0.494747	0.494747	0.494754	0.494761	0.49475	0.494739	0.49476	0.494781	0.494757	0.494734	0.494765	0.494797	0.494758	0.494719	0.494752	0.494784	0.494723	0.494661	0.494676	0.494691	0.494592	0.494493	0.494465	0.494438	0.494287	0.494135	0.494095	0.494055	0.494011	0.493968	0.494098	0.494229	0.49421	0.494191	0.494101	0.49401	0.494024	0.494037	0.49409	0.494144	0.494288	0.494433	0.494472	0.494511	0.494605	0.4947	0.494687	0.494674	0.494735	0.494797	0.494761	0.494725	0.494766	0.494807	0.494772	0.494737	0.494762	0.494787	0.494763	0.49474	0.494752	0.494764	0.494755	0.494746	0.494747	
0.518277	0.518278	0.518285	0.518292	0.518282	0.518272	0.518295	0.518318	0.518297	0.518276	0.518313	0.51835	0.518316	0.518282	0.518328	0.518373	0.518321	0.51827	0.518308	0.518345	0.518263	0.518181	0.518177	0.518173	0.518026	0.517878	0.517811	0.517744	0.517639	0.517534	0.517571	0.517608	0.517604	0.5176	0.517564	0.517528	0.517631	0.517734	0.517814	0.517894	0.518036	0.518177	0.518187	0.518197	0.518279	0.51836	0.518319	0.518278	0.518333	0.518388	0.518336	0.518285	0.518323	0.518361	0.518319	0.518277	0.5183	0.518324	0.518298	0.518272	0.518283	0.518295	0.518286	0.518277	0.518277	
0.541808	0.541808	0.541816	0.541824	0.541815	0.541806	0.541831	0.541856	0.541837	0.541818	0.541861	0.541903	0.541875	0.541846	0.541903	0.541961	0.54192	0.541879	0.541939	0.541998	0.541934	0.541869	0.541888	0.541907	0.541765	0.541622	0.541528	0.541434	0.541267	0.541101	0.541044	0.540987	0.540997	0.541008	0.541027	0.541045	0.541238	0.54143	0.541537	0.541644	0.541783	0.541921	0.541902	0.541883	0.541952	0.54202	0.541952	0.541883	0.541931	0.541979	0.541912	0.541845	0.54188	0.541915	0.541866	0.541816	0.541839	0.541861	0.541833	0.541804	0.541815	0.541826	0.541817	0.541807	0.541808	
0.565329	0.565329	0.565336	0.565343	0.565335	0.565328	0.56535	0.565372	0.565357	0.565342	0.565381	0.56542	0.565399	0.565378	0.565436	0.565493	0.565469	0.565444	0.565516	0.565587	0.565561	0.565535	0.565592	0.56565	0.565597	0.565543	0.56548	0.565418	0.565248	0.565079	0.564922	0.564765	0.564773	0.564781	0.56487	0.564959	0.565189	0.56542	0.565482	0.565543	0.565607	0.565671	0.5656	0.565529	0.565569	0.56561	0.565523	0.565436	0.565473	0.56551	0.565441	0.565371	0.5654	0.565429	0.565384	0.565338	0.565357	0.565376	0.565351	0.565326	0.565335	0.565345	0.565336	0.565328	0.565329	
0.58885	0.58885	0.588856	0.588862	0.588856	0.58885	0.588869	0.588889	0.588877	0.588866	0.588902	0.588938	0.588924	0.58891	0.588968	0.589026	0.589017	0.589009	0.589093	0.589176	0.589188	0.5892	0.589297	0.589393	0.589429	0.589464	0.589433	0.589402	0.58923	0.589058	0.5888	0.588543	0.588548	0.588553	0.588713	0.588872	0.589141	0.58941	0.589426	0.589442	0.589431	0.58942	0.589297	0.589174	0.589187	0.5892	0.589095	0.58899	0.589015	0.58904	0.588969	0.588898	0.588921	0.588944	0.588902	0.588859	0.588875	0.588891	0.588869	0.588847	0.588855	0.588863	0.588856	0.588849	0.58885	
0.612373	0.612373	0.612377	0.61238	0.612377	0.612373	0.612385	0.612397	0.612391	0.612384	0.612407	0.61243	0.612424	0.612418	0.612456	0.612495	0.612498	0.612502	0.612563	0.612624	0.612658	0.612692	0.612778	0.612865	0.612964	0.613064	0.613135	0.613205	0.613164	0.613122	0.612983	0.612845	0.612829	0.612814	0.612984	0.613155	0.613194	0.613233	0.613126	0.61302	0.612956	0.612892	0.612774	0.612656	0.612649	0.612642	0.61256	0.612478	0.612491	0.612504	0.612454	0.612405	0.612419	0.612433	0.612405	0.612378	0.612388	0.612398	0.612384	0.612371	0.612375	0.61238	0.612376	0.612372	0.612373	
0.635896	0.635896	0.635897	0.635899	0.635898	0.635897	0.635901	0.635906	0.635904	0.635903	0.635913	0.635922	0.635924	0.635926	0.635945	0.635964	0.635979	0.635994	0.636033	0.636072	0.636128	0.636184	0.63626	0.636336	0.6365	0.636664	0.636836	0.637009	0.637098	0.637186	0.637166	0.637146	0.63711	0.637074	0.637256	0.637438	0.637247	0.637055	0.636826	0.636597	0.636481	0.636364	0.636251	0.636138	0.636112	0.636085	0.636026	0.635967	0.635968	0.635968	0.63594	0.635911	0.635916	0.635922	0.635909	0.635896	0.6359	0.635904	0.635899	0.635894	0.635896	0.635898	0.635897	0.635896	0.635896	
0.659433	0.659433	0.659432	0.659432	0.659434	0.659436	0.659432	0.659429	0.659434	0.659439	0.659433	0.659427	0.659437	0.659446	0.659439	0.659433	0.659451	0.659468	0.659466	0.659463	0.6595	0.659536	0.659549	0.659562	0.659646	0.659731	0.659827	0.659924	0.660117	0.660311	0.660361	0.66041	0.660419	0.660427	0.660449	0.660471	0.660234	0.659996	0.659826	0.659655	0.659623	0.65959	0.659544	0.659498	0.659485	0.659471	0.65946	0.659448	0.659441	0.659433	0.659434	0.659436	0.65943	0.659425	0.659429	0.659434	0.65943	0.659426	0.65943	0.659434	0.659432	0.65943	0.659432	0.659433	0.659433	
0.682971	0.68297	0.682967	0.682964	0.682969	0.682975	0.682963	0.682952	0.682963	0.682974	0.682953	0.682933	0.682949	0.682966	0.682934	0.682901	0.682922	0.682942	0.682898	0.682854	0.682871	0.682889	0.682838	0.682787	0.682793	0.682798	0.682818	0.682838	0.683137	0.683487	0.68361	0.683696	0.683733	0.683757	0.683668	0.683538	0.683257	0.682937	0.682825	0.682713	0.682765	0.682817	0.682838	0.682859	0.682858	0.682858	0.682894	0.68293	0.682914	0.682898	0.682929	0.682961	0.682944	0.682928	0.68295	0.682972	0.68296	0.682948	0.682961	0.682974	0.682968	0.682962	0.682967	0.682971	0.682971	
0.706529	0.706529	0.706524	0.70652	0.706529	0.706538	0.706522	0.706507	0.706526	0.706545	0.706517	0.706489	0.706518	0.706547	0.706503	0.706459	0.706495	0.706531	0.706469	0.706408	0.706437	0.706466	0.706392	0.706318	0.70631	0.706302	0.70618	0.706057	0.706159	0.705755	0.705737	0.705583	0.705603	0.705753	0.705728	0.705717	0.705902	0.706115	0.706176	0.706236	0.70629	0.706344	0.706394	0.706444	0.706429	0.706413	0.706469	0.706525	0.706491	0.706457	0.706501	0.706546	0.706515	0.706485	0.706515	0.706545	0.706525	0.706504	0.706521	0.706538	0.706528	0.706518	0.706524	0.70653	0.706529	
0.730088	0.730087	0.730081	0.730075	0.730088	0.730101	0.730081	0.730062	0.730089	0.730117	0.730081	0.730044	0.730087	0.730129	0.730072	0.730016	0.730068	0.73012	0.730041	0.729961	0.730002	0.730043	0.729946	0.729849	0.729827	0.729805	0.729541	0.729277	0.729182	0.729042	0.728875	0.728458	0.728297	0.728469	0.728806	0.728971	0.729233	0.729294	0.729526	0.729759	0.729815	0.729871	0.72995	0.73003	0.73	0.729969	0.730044	0.73012	0.730068	0.730017	0.730074	0.730131	0.730087	0.730043	0.730081	0.730119	0.730089	0.73006	0.730081	0.730103	0.730088	0.730074	0.730081	0.730088	0.730088	
0.753662	0.753661	0.753655	0.753649	0.753665	0.753681	0.753662	0.753642	0.753676	0.753709	0.753676	0.753642	0.753695	0.753747	0.753698	0.753649	0.753719	0.753789	0.753727	0.753664	0.753741	0.753817	0.753752	0.753688	0.753738	0.753787	0.753771	0.753755	0.75371	0.753784	0.753793	0.753836	0.753759	0.753691	0.753763	0.753725	0.753725	0.753743	0.753777	0.753811	0.753754	0.753697	0.753762	0.753827	0.753749	0.753672	0.753734	0.753797	0.753725	0.753653	0.753703	0.753753	0.753698	0.753643	0.753678	0.753713	0.753678	0.753642	0.753663	0.753683	0.753666	0.753649	0.753655	0.753662	0.753662	
0.777236	0.777235	0.777229	0.777223	0.777242	0.777261	0.777242	0.777223	0.777263	0.777302	0.777271	0.77724	0.777303	0.777366	0.777324	0.777282	0.777371	0.777459	0.777413	0.777367	0.777479	0.777591	0.777559	0.777527	0.777648	0.777769	0.778001	0.778233	0.778239	0.778259	0.778304	0.778631	0.778735	0.778604	0.778339	0.778265	0.778151	0.778192	0.778027	0.777862	0.777693	0.777523	0.777574	0.777624	0.777499	0.777375	0.777424	0.777474	0.777381	0.777288	0.777331	0.777374	0.777309	0.777243	0.777275	0.777307	0.777266	0.777225	0.777244	0.777263	0.777243	0.777223	0.77723	0.777236	0.777236	
0.800812	0.800811	0.800806	0.8008	0.800819	0.800837	0.800821	0.800805	0.800842	0.800879	0.800854	0.800829	0.800884	0.80094	0.800909	0.800877	0.800948	0.801019	0.800987	0.800955	0.801031	0.801108	0.801083	0.801058	0.801121	0.801184	0.801198	0.801212	0.801123	0.801245	0.801129	0.801176	0.80122	0.801236	0.801171	0.801267	0.801302	0.801172	0.801235	0.801299	0.801175	0.801051	0.801101	0.801152	0.801057	0.800961	0.801	0.801039	0.800962	0.800884	0.800917	0.800951	0.800892	0.800834	0.800859	0.800885	0.800846	0.800808	0.800824	0.800839	0.80082	0.800802	0.800807	0.800812	0.800812	
0.824387	0.824388	0.824383	0.824377	0.824395	0.824413	0.8244	0.824387	0.824421	0.824456	0.824436	0.824417	0.824466	0.824515	0.824493	0.824471	0.824526	0.82458	0.824561	0.824542	0.824583	0.824625	0.824607	0.824588	0.824594	0.824599	0.824395	0.824191	0.824007	0.823823	0.823464	0.823106	0.823155	0.823204	0.823516	0.823828	0.82399	0.824152	0.824444	0.824736	0.824657	0.824578	0.824629	0.824681	0.824614	0.824547	0.824576	0.824604	0.824542	0.82448	0.824503	0.824527	0.824476	0.824425	0.824443	0.824462	0.824427	0.824391	0.824403	0.824415	0.824398	0.82438	0.824384	0.824387	0.824387	
0.847953	0.847953	0.847949	0.847944	0.847958	0.847972	0.847961	0.84795	0.847975	0.848	0.847984	0.847968	0.847997	0.848025	0.848006	0.847987	0.848004	0.848021	0.847999	0.847977	0.847955	0.847933	0.847897	0.847861	0.847771	0.847681	0.847547	0.847413	0.847243	0.847074	0.846934	0.846794	0.846815	0.846836	0.846947	0.847058	0.847226	0.847394	0.84758	0.847767	0.847808	0.84785	0.847914	0.847978	0.847978	0.847978	0.848011	0.848044	0.848019	0.847994	0.848016	0.848037	0.848006	0.847975	0.84799	0.848006	0.847981	0.847955	0.847965	0.847974	0.847961	0.847947	0.84795	0.847953	0.847953	
0.871518	0.871519	0.871515	0.871511	0.871521	0.871531	0.871522	0.871514	0.871529	0.871543	0.871531	0.871519	0.871527	0.871536	0.871519	0.871503	0.871483	0.871462	0.871437	0.871411	0.871326	0.871241	0.871187	0.871133	0.870948	0.870763	0.870699	0.870635	0.87048	0.870325	0.870404	0.870482	0.870475	0.870468	0.870378	0.870289	0.870463	0.870636	0.870717	0.870798	0.870959	0.871121	0.871199	0.871276	0.871343	0.87141	0.871446	0.871483	0.871496	0.871508	0.871528	0.871547	0.871536	0.871525	0.871537	0.871549	0.871534	0.871519	0.871526	0.871533	0.871524	0.871515	0.871516	0.871518	0.871518	
0.895069	0.895069	0.895066	0.895063	0.895067	0.895071	0.895065	0.895058	0.895061	0.895063	0.895053	0.895043	0.895032	0.895021	0.895007	0.894993	0.894949	0.894905	0.894884	0.894862	0.894766	0.894671	0.894637	0.894604	0.894474	0.894343	0.894355	0.894367	0.894411	0.894454	0.894665	0.894875	0.894867	0.894859	0.894642	0.894424	0.894393	0.894362	0.894358	0.894354	0.894471	0.894589	0.894642	0.894695	0.894776	0.894856	0.894889	0.894923	0.894958	0.894994	0.895013	0.895032	0.89504	0.895047	0.895058	0.895069	0.895066	0.895062	0.895068	0.895074	0.89507	0.895066	0.895067	0.895068	0.895069	
0.918619	0.918619	0.918617	0.918615	0.918613	0.918612	0.918607	0.918602	0.918593	0.918583	0.918575	0.918567	0.918537	0.918507	0.918495	0.918482	0.918415	0.918348	0.91833	0.918312	0.918206	0.918101	0.918088	0.918075	0.917999	0.917923	0.918011	0.918099	0.918341	0.918584	0.918926	0.919268	0.919259	0.91925	0.918905	0.91856	0.918324	0.918088	0.917999	0.91791	0.917983	0.918057	0.918086	0.918115	0.918208	0.918302	0.918332	0.918362	0.918421	0.91848	0.918498	0.918516	0.918543	0.91857	0.918579	0.918589	0.918597	0.918605	0.91861	0.918614	0.918616	0.918617	0.918618	0.918619	0.918619	
0.942159	0.942159	0.942157	0.942156	0.94215	0.942144	0.94214	0.942137	0.94212	0.942103	0.942097	0.942091	0.942054	0.942016	0.942009	0.942002	0.941938	0.941873	0.941869	0.941865	0.941791	0.941717	0.94174	0.941763	0.941764	0.941766	0.941886	0.942006	0.94221	0.942415	0.942619	0.942824	0.942816	0.942808	0.942604	0.942401	0.942195	0.94199	0.941871	0.941751	0.941747	0.941743	0.941733	0.941723	0.941787	0.941852	0.941867	0.941882	0.941939	0.941997	0.94201	0.942024	0.942057	0.942091	0.942099	0.942107	0.942123	0.942138	0.942142	0.942146	0.942152	0.942157	0.942158	0.942159	0.942159	
0.965698	0.965698	0.965697	0.965697	0.965686	0.965676	0.965674	0.965672	0.965647	0.965622	0.965619	0.965616	0.965571	0.965525	0.965524	0.965522	0.96546	0.965397	0.965408	0.965419	0.965376	0.965334	0.965392	0.96545	0.96553	0.96561	0.965761	0.965912	0.966079	0.966246	0.966312	0.966379	0.966372	0.966366	0.966304	0.966241	0.966067	0.965893	0.965743	0.965593	0.965511	0.965429	0.96538	0.965332	0.965367	0.965401	0.965402	0.965403	0.965458	0.965513	0.965522	0.965531	0.965572	0.965612	0.965619	0.965626	0.965649	0.965671	0.965675	0.965678	0.965687	0.965697	0.965698	0.965699	0.965698	
0.989235	0.989234	0.989234	0.989235	0.989222	0.98921	0.98921	0.98921	0.989183	0.989157	0.989158	0.989159	0.989117	0.989075	0.989081	0.989088	0.989041	0.988995	0.989019	0.989044	0.989033	0.989023	0.989092	0.989161	0.989254	0.989347	0.98947	0.989594	0.989687	0.98978	0.989762	0.989744	0.989738	0.989732	0.989758	0.989785	0.98968	0.989576	0.989455	0.989334	0.989237	0.989141	0.989079	0.989018	0.989022	0.989025	0.989011	0.988998	0.989037	0.989076	0.989078	0.989079	0.989116	0.989153	0.989157	0.989161	0.989184	0.989207	0.98921	0.989213	0.989223	0.989233	0.989234	0.989236	0.989235	
1.01277	1.01277	1.01277	1.01277	1.01276	1.01274	1.01275	1.01275	1.01272	1.01269	1.0127	1.0127	1.01266	1.01262	1.01264	1.01265	1.01262	1.01259	1.01263	1.01267	1.01269	1.01271	1.01279	1.01287	1.01298	1.01309	1.01318	1.01328	1.01329	1.01331	1.01321	1.01311	1.0131	1.0131	1.01321	1.01333	1.01329	1.01326	1.01317	1.01307	1.01296	1.01285	1.01278	1.0127	1.01268	1.01265	1.01262	1.01259	1.01262	1.01264	1.01263	1.01263	1.01266	1.01269	1.01269	1.01269	1.01272	1.01274	1.01275	1.01275	1.01276	1.01277	1.01277	1.01277	1.01277	
1.03631	1.03631	1.03631	1.03631	1.0363	1.03629	1.03629	1.0363	1.03627	1.03625	1.03625	1.03626	1.03623	1.0362	1.03622	1.03625	1.03623	1.03622	1.03626	1.0363	1.03634	1.03637	1.03644	1.03651	1.0366	1.03668	1.03674	1.03679	1.03678	1.03676	1.03666	1.03656	1.03655	1.03654	1.03666	1.03678	1.03678	1.03678	1.03673	1.03668	1.03659	1.0365	1.03643	1.03636	1.03632	1.03628	1.03625	1.03621	1.03622	1.03623	1.03622	1.03621	1.03623	1.03625	1.03625	1.03625	1.03627	1.03629	1.03629	1.03629	1.0363	1.03631	1.03631	1.03631	1.03631	
1.05985	1.05985	1.05985	1.05986	1.05984	1.05983	1.05984	1.05984	1.05982	1.0598	1.05981	1.05983	1.05981	1.05978	1.05981	1.05984	1.05984	1.05984	1.05989	1.05994	1.05998	1.06003	1.06009	1.06015	1.06022	1.06028	1.06029	1.06031	1.06026	1.06021	1.06011	1.06	1.05999	1.05999	1.06011	1.06023	1.06026	1.0603	1.06029	1.06028	1.06021	1.06014	1.06008	1.06002	1.05997	1.05992	1.05988	1.05984	1.05983	1.05982	1.0598	1.05978	1.0598	1.05981	1.05981	1.0598	1.05982	1.05984	1.05983	1.05983	1.05984	1.05985	1.05985	1.05985	1.05985	
1.0834	1.0834	1.0834	1.08341	1.0834	1.08338	1.08339	1.0834	1.08338	1.08337	1.08338	1.0834	1.08339	1.08338	1.08341	1.08344	1.08344	1.08345	1.0835	1.08355	1.08359	1.08363	1.08368	1.08373	1.08377	1.08381	1.0838	1.0838	1.08375	1.0837	1.08362	1.08353	1.08353	1.08352	1.08362	1.08372	1.08375	1.08379	1.0838	1.08381	1.08376	1.08372	1.08367	1.08363	1.08358	1.08353	1.08349	1.08345	1.08344	1.08342	1.0834	1.08338	1.08338	1.08339	1.08338	1.08337	1.08338	1.08339	1.08339	1.08339	1.08339	1.0834	1.0834	1.0834	1.0834	
1.10695	1.10695	1.10695	1.10696	1.10695	1.10694	1.10695	1.10696	1.10695	1.10694	1.10696	1.10698	1.10697	1.10697	1.107	1.10703	1.10705	1.10707	1.10711	1.10716	1.1072	1.10724	1.10727	1.1073	1.10732	1.10734	1.10731	1.10729	1.10724	1.10718	1.10713	1.10707	1.10706	1.10706	1.10713	1.1072	1.10724	1.10728	1.10731	1.10734	1.10732	1.1073	1.10726	1.10723	1.10719	1.10714	1.1071	1.10707	1.10704	1.10702	1.10699	1.10697	1.10697	1.10696	1.10695	1.10694	1.10694	1.10695	1.10695	1.10694	1.10695	1.10695	1.10695	1.10695	1.10695	
1.13051	1.1305	1.13051	1.13052	1.13051	1.1305	1.13051	1.13053	1.13052	1.13051	1.13053	1.13055	1.13056	1.13056	1.13059	1.13062	1.13064	1.13066	1.1307	1.13074	1.13077	1.1308	1.13082	1.13085	1.13085	1.13086	1.13083	1.1308	1.13075	1.13071	1.13067	1.13063	1.13063	1.13062	1.13067	1.13072	1.13076	1.13079	1.13083	1.13086	1.13085	1.13084	1.13082	1.1308	1.13076	1.13073	1.13069	1.13066	1.13063	1.13061	1.13058	1.13056	1.13055	1.13054	1.13053	1.13051	1.13051	1.13052	1.13051	1.1305	1.13051	1.13051	1.13051	1.13051	1.13051	
1.15406	1.15406	1.15407	1.15407	1.15407	1.15406	1.15408	1.15409	1.15409	1.15409	1.15411	1.15413	1.15414	1.15415	1.15418	1.15421	1.15423	1.15425	1.15429	1.15432	1.15434	1.15437	1.15438	1.15439	1.15438	1.15437	1.15434	1.15431	1.15427	1.15423	1.15422	1.1542	1.15419	1.15419	1.15422	1.15425	1.15428	1.15431	1.15435	1.15438	1.15438	1.15438	1.15438	1.15437	1.15434	1.15431	1.15428	1.15425	1.15423	1.1542	1.15417	1.15415	1.15413	1.15412	1.1541	1.15409	1.15408	1.15408	1.15407	1.15407	1.15407	1.15406	1.15407	1.15407	1.15406	
1.17763	1.17762	1.17763	1.17764	1.17763	1.17763	1.17765	1.17766	1.17766	1.17766	1.17768	1.17771	1.17772	1.17773	1.17776	1.17779	1.17781	1.17783	1.17785	1.17788	1.1779	1.17792	1.17792	1.17793	1.17791	1.1779	1.17787	1.17785	1.17782	1.17778	1.17777	1.17776	1.17776	1.17775	1.17778	1.1778	1.17782	1.17784	1.17788	1.17791	1.17792	1.17792	1.17792	1.17792	1.1779	1.17787	1.17785	1.17783	1.1778	1.17777	1.17775	1.17773	1.17771	1.1777	1.17768	1.17766	1.17766	1.17765	1.17764	1.17764	1.17763	1.17763	1.17763	1.17763	1.17763	
1.20119	1.20118	1.20119	1.2012	1.2012	1.2012	1.20121	1.20123	1.20123	1.20124	1.20126	1.20128	1.2013	1.20131	1.20133	1.20136	1.20138	1.2014	1.20142	1.20144	1.20145	1.20146	1.20146	1.20146	1.20144	1.20143	1.2014	1.20138	1.20136	1.20133	1.20133	1.20133	1.20133	1.20132	1.20133	1.20134	1.20136	1.20138	1.20141	1.20144	1.20145	1.20146	1.20146	1.20147	1.20145	1.20143	1.20142	1.2014	1.20138	1.20135	1.20133	1.20131	1.20129	1.20127	1.20126	1.20124	1.20123	1.20122	1.20121	1.2012	1.2012	1.20119	1.20119	1.20119	1.20119	
1.22475	1.22475	1.22476	1.22477	1.22477	1.22477	1.22478	1.2248	1.2248	1.22481	1.22483	1.22485	1.22486	1.22488	1.2249	1.22492	1.22494	1.22496	1.22497	1.22499	1.225	1.225	1.225	1.225	1.22498	1.22496	1.22495	1.22493	1.22491	1.22489	1.22489	1.22489	1.22489	1.22489	1.22489	1.2249	1.22491	1.22492	1.22495	1.22497	1.22498	1.22499	1.225	1.22501	1.225	1.22498	1.22497	1.22496	1.22494	1.22492	1.2249	1.22488	1.22486	1.22484	1.22483	1.22481	1.2248	1.22479	1.22478	1.22477	1.22476	1.22476	1.22476	1.22476	1.22475	
1.24832	1.24832	1.24833	1.24833	1.24833	1.24834	1.24835	1.24837	1.24837	1.24838	1.2484	1.24842	1.24843	1.24845	1.24847	1.24849	1.2485	1.24852	1.24853	1.24854	1.24854	1.24854	1.24854	1.24853	1.24852	1.2485	1.24849	1.24847	1.24846	1.24845	1.24845	1.24845	1.24845	1.24845	1.24845	1.24845	1.24846	1.24847	1.24849	1.24851	1.24852	1.24853	1.24854	1.24855	1.24854	1.24853	1.24853	1.24852	1.2485	1.24848	1.24846	1.24845	1.24843	1.24841	1.2484	1.24838	1.24837	1.24836	1.24835	1.24834	1.24833	1.24832	1.24832	1.24832	1.24832	
1.27189	1.27188	1.27189	1.2719	1.2719	1.2719	1.27192	1.27193	1.27194	1.27195	1.27197	1.27198	1.272	1.27201	1.27203	1.27204	1.27205	1.27207	1.27207	1.27208	1.27208	1.27208	1.27208	1.27207	1.27206	1.27205	1.27203	1.27202	1.27201	1.272	1.272	1.27201	1.27201	1.272	1.27201	1.27201	1.27201	1.27202	1.27204	1.27205	1.27206	1.27207	1.27208	1.27209	1.27208	1.27208	1.27207	1.27207	1.27205	1.27204	1.27202	1.27201	1.27199	1.27197	1.27196	1.27195	1.27194	1.27192	1.27192	1.27191	1.2719	1.27189	1.27189	1.27189	1.27189	
1.29546	1.29545	1.29546	1.29547	1.29547	1.29547	1.29548	1.2955	1.29551	1.29551	1.29553	1.29555	1.29556	1.29557	1.29558	1.2956	1.29561	1.29562	1.29562	1.29563	1.29563	1.29562	1.29562	1.29561	1.2956	1.29559	1.29558	1.29557	1.29556	1.29556	1.29556	1.29556	1.29556	1.29556	1.29556	1.29556	1.29557	1.29557	1.29558	1.29559	1.2956	1.29561	1.29562	1.29563	1.29563	1.29562	1.29562	1.29562	1.29561	1.29559	1.29558	1.29557	1.29556	1.29554	1.29553	1.29552	1.2955	1.29549	1.29548	1.29548	1.29547	1.29546	1.29546	1.29546	1.29546	
1.31902	1.31902	1.31902	1.31903	1.31903	1.31904	1.31905	1.31906	1.31907	1.31907	1.31909	1.3191	1.31911	1.31912	1.31914	1.31915	1.31916	1.31916	1.31917	1.31917	1.31917	1.31917	1.31916	1.31915	1.31914	1.31913	1.31913	1.31912	1.31912	1.31911	1.31911	1.31912	1.31912	1.31912	1.31911	1.31911	1.31912	1.31912	1.31913	1.31914	1.31915	1.31915	1.31916	1.31917	1.31917	1.31917	1.31917	1.31917	1.31915	1.31914	1.31913	1.31913	1.31911	1.3191	1.31909	1.31908	1.31906	1.31905	1.31905	1.31904	1.31903	1.31902	1.31902	1.31902	1.31902	
1.34259	1.34258	1.34259	1.34259	1.3426	1.3426	1.34261	1.34262	1.34263	1.34264	1.34265	1.34266	1.34267	1.34268	1.34269	1.3427	1.3427	1.34271	1.34271	1.34271	1.34271	1.34271	1.3427	1.3427	1.34269	1.34268	1.34268	1.34267	1.34267	1.34266	1.34267	1.34267	1.34267	1.34267	1.34267	1.34267	1.34267	1.34267	1.34268	1.34268	1.34269	1.3427	1.3427	1.34271	1.34271	1.34271	1.34271	1.34271	1.3427	1.34269	1.34269	1.34268	1.34267	1.34265	1.34265	1.34264	1.34263	1.34261	1.34261	1.3426	1.3426	1.34259	1.34259	1.34259	1.34259	
1.36615	1.36615	1.36615	1.36616	1.36616	1.36616	1.36617	1.36618	1.36619	1.36619	1.3662	1.36621	1.36622	1.36623	1.36624	1.36624	1.36625	1.36625	1.36625	1.36625	1.36625	1.36625	1.36625	1.36624	1.36623	1.36623	1.36623	1.36622	1.36622	1.36622	1.36622	1.36622	1.36622	1.36622	1.36622	1.36622	1.36622	1.36622	1.36623	1.36623	1.36624	1.36624	1.36625	1.36625	1.36625	1.36625	1.36625	1.36625	1.36625	1.36624	1.36624	1.36623	1.36622	1.36621	1.3662	1.3662	1.36619	1.36617	1.36617	1.36617	1.36616	1.36615	1.36615	1.36615	1.36615	
1.38971	1.38971	1.38972	1.38972	1.38972	1.38972	1.38973	1.38974	1.38974	1.38975	1.38976	1.38977	1.38977	1.38978	1.38978	1.38979	1.38979	1.3898	1.3898	1.3898	1.38979	1.38979	1.38979	1.38979	1.38978	1.38978	1.38977	1.38977	1.38977	1.38977	1.38977	1.38977	1.38977	1.38977	1.38977	1.38977	1.38977	1.38977	1.38977	1.38978	1.38978	1.38979	1.38979	1.38979	1.3898	1.3898	1.3898	1.3898	1.38979	1.38979	1.38978	1.38978	1.38977	1.38976	1.38976	1.38975	1.38974	1.38973	1.38973	1.38973	1.38972	1.38971	1.38971	1.38972	1.38971	
1.41327	1.41327	1.41328	1.41328	1.41328	1.41328	1.41329	1.41329	1.4133	1.4133	1.41331	1.41332	1.41332	1.41333	1.41333	1.41334	1.41334	1.41334	1.41334	1.41334	1.41334	1.41334	1.41333	1.41333	1.41333	1.41332	1.41332	1.41332	1.41332	1.41332	1.41332	1.41332	1.41332	1.41332	1.41332	1.41332	1.41332	1.41332	1.41332	1.41332	1.41333	1.41333	1.41333	1.41334	1.41334	1.41334	1.41334	1.41334	1.41334	1.41333	1.41333	1.41333	1.41332	1.41331	1.41331	1.41331	1.4133	1.41329	1.41329	1.41329	1.41328	1.41328	1.41328	1.41328	1.41327	
1.43684	1.43683	1.43684	1.43684	1.43684	1.43684	1.43685	1.43685	1.43685	1.43686	1.43686	1.43687	1.43687	1.43687	1.43688	1.43688	1.43688	1.43688	1.43688	1.43688	1.43688	1.43688	1.43688	1.43688	1.43687	1.43687	1.43687	1.43687	1.43687	1.43687	1.43687	1.43687	1.43687	1.43687	1.43687	1.43687	1.43687	1.43687	1.43687	1.43687	1.43687	1.43688	1.43688	1.43688	1.43688	1.43688	1.43688	1.43688	1.43688	1.43688	1.43688	1.43688	1.43687	1.43686	1.43686	1.43686	1.43685	1.43685	1.43685	1.43684	1.43684	1.43684	1.43684	1.43684	1.43684	
1.46039	1.46039	1.4604	1.4604	1.4604	1.4604	1.4604	1.46041	1.46041	1.46041	1.46041	1.46042	1.46042	1.46042	1.46042	1.46042	1.46043	1.46043	1.46043	1.46043	1.46043	1.46042	1.46042	1.46042	1.46042	1.46042	1.46042	1.46042	1.46042	1.46042	1.46042	1.46042	1.46042	1.46042	1.46042	1.46042	1.46042	1.46042	1.46042	1.46042	1.46042	1.46042	1.46042	1.46043	1.46043	1.46043	1.46043	1.46043	1.46043	1.46042	1.46042	1.46042	1.46042	1.46041	1.46041	1.46041	1.46041	1.4604	1.4604	1.4604	1.4604	1.4604	1.4604	1.4604	1.46039	
1.48395	1.48395	1.48395	1.48396	1.48396	1.48396	1.48396	1.48396	1.48396	1.48396	1.48396	1.48396	1.48397	1.48397	1.48397	1.48397	1.48397	1.48397	1.48397	1.48397	1.48397	1.48397	1.48397	1.48397	1.48397	1.48397	1.48397	1.48397	1.48396	1.48396	1.48396	1.48396	1.48396	1.48396	1.48396	1.48396	1.48396	1.48397	1.48397	1.48397	1.48397	1.48397	1.48397	1.48397	1.48397	1.48397	1.48397	1.48397	1.48397	1.48397	1.48397	1.48397	1.48397	1.48396	1.48396	1.48396	1.48396	1.48396	1.48396	1.48396	1.48396	1.48395	1.48395	1.48395	1.48395	
1.50751	1.50751	1.50751	1.50751	1.50751	1.50751	1.50751	1.50751	1.50751	1.50751	1.50751	1.50751	1.50751	1.50751	1.50751	1.50751	1.50751	1.50751	1.50751	1.50751	1.50751	1.50751	1.50751	1.50751	1.50751	1.50751	1.50751	1.50751	1.50751	1.50751	1.50751	1.50751	1.50751	1.50751	1.50751	1.50751	1.50751	1.50751	1.50751	1.50751	1.50751	1.50751	1.50751	1.50751	1.50751	1.50751	1.50751	1.50751	1.50751	1.50751	1.50751	1.50751	1.50751	1.50751	1.50751	1.50751	1.50751	1.50751	1.50751	1.50751	1.50751	1.50751	1.50751	1.50751	1.50751	
