x=90	y=200	z=200	n=65	len=1
b
0	0	0	0	0	0	0	0	0	0	0	0	0	0	0	0	0	0	0	0	0	0	0	0	0	0	0	0	0	0	0	0	0	0	0	0	0	0	0	0	0	0	0	0	0	0	0	0	0	0	0	0	0	0	0	0	0	0	0	0	0	0	0	0	0	
0.0235688	0.0235581	0.0235496	0.0235411	0.0235321	0.023523	0.0235177	0.0235124	0.0235069	0.0235014	0.0235013	0.0235013	0.0235003	0.0234994	0.023505	0.0235106	0.0235138	0.0235171	0.0235256	0.0235342	0.0235388	0.0235434	0.0235493	0.0235553	0.0235579	0.0235606	0.0235603	0.0235601	0.0235621	0.0235641	0.0235607	0.0235572	0.0235593	0.0235613	0.0235589	0.0235565	0.023558	0.0235595	0.0235588	0.023558	0.0235578	0.0235577	0.0235518	0.023546	0.0235488	0.0235516	0.0235555	0.0235593	0.0235693	0.0235792	0.0235898	0.0236003	0.0236072	0.0236141	0.0236194	0.0236247	0.0236225	0.0236203	0.023617	0.0236137	0.0236048	0.023596	0.0235877	0.0235795	0.0235688	
0.0471362	0.047115	0.0470982	0.0470814	0.0470635	0.0470455	0.047035	0.0470245	0.0470133	0.0470021	0.0470019	0.0470017	0.0469994	0.046997	0.0470082	0.0470193	0.0470255	0.0470318	0.0470492	0.0470667	0.0470762	0.0470857	0.0470981	0.0471105	0.0471164	0.0471223	0.0471219	0.0471215	0.0471262	0.047131	0.0471239	0.0471169	0.0471218	0.0471267	0.0471212	0.0471158	0.0471195	0.0471232	0.0471211	0.047119	0.0471184	0.0471179	0.0471054	0.0470929	0.0470995	0.0471061	0.0471146	0.047123	0.0471437	0.0471644	0.0471854	0.0472064	0.0472196	0.0472328	0.0472424	0.047252	0.0472468	0.0472415	0.0472341	0.0472267	0.0472087	0.0471907	0.047174	0.0471573	0.0471362	
0.0707035	0.0706719	0.0706468	0.0706216	0.0705948	0.070568	0.0705524	0.0705367	0.0705198	0.0705029	0.0705025	0.0705022	0.0704984	0.0704947	0.0705113	0.070528	0.0705372	0.0705465	0.0705728	0.0705991	0.0706135	0.070628	0.0706469	0.0706657	0.0706749	0.070684	0.0706835	0.070683	0.0706904	0.0706978	0.0706872	0.0706766	0.0706844	0.0706921	0.0706836	0.0706751	0.070681	0.0706869	0.0706835	0.07068	0.070679	0.0706781	0.0706589	0.0706398	0.0706501	0.0706605	0.0706736	0.0706868	0.0707182	0.0707495	0.070781	0.0708126	0.070832	0.0708515	0.0708654	0.0708793	0.070871	0.0708627	0.0708512	0.0708397	0.0708126	0.0707854	0.0707603	0.0707352	0.0707035	
0.0942648	0.0942236	0.0941908	0.0941579	0.0941233	0.0940887	0.094068	0.0940472	0.0940249	0.0940025	0.0940014	0.0940003	0.0939946	0.0939888	0.0940103	0.0940318	0.0940435	0.0940553	0.0940909	0.0941266	0.0941465	0.0941663	0.0941929	0.0942196	0.0942322	0.0942448	0.0942438	0.0942428	0.0942525	0.0942623	0.0942477	0.0942331	0.0942441	0.094255	0.0942425	0.0942301	0.0942389	0.0942477	0.0942428	0.0942379	0.0942344	0.0942309	0.0942056	0.0941804	0.0941967	0.0942131	0.094236	0.094259	0.0943023	0.0943457	0.0943889	0.094432	0.0944552	0.0944784	0.0944944	0.0945103	0.0944963	0.0944822	0.0944647	0.0944472	0.0944103	0.0943735	0.0943397	0.094306	0.0942648	
0.117826	0.117775	0.117735	0.117694	0.117652	0.117609	0.117584	0.117558	0.11753	0.117502	0.1175	0.117498	0.117491	0.117483	0.117509	0.117536	0.11755	0.117564	0.117609	0.117654	0.117679	0.117705	0.117739	0.117773	0.117789	0.117806	0.117804	0.117803	0.117815	0.117827	0.117808	0.11779	0.117804	0.117818	0.117801	0.117785	0.117797	0.117808	0.117802	0.117796	0.11779	0.117784	0.117752	0.117721	0.117743	0.117766	0.117798	0.117831	0.117886	0.117942	0.117997	0.118052	0.118078	0.118105	0.118123	0.118141	0.118121	0.118102	0.118078	0.118055	0.118008	0.117962	0.117919	0.117877	0.117826	
0.141379	0.141321	0.141274	0.141227	0.141178	0.14113	0.1411	0.141069	0.141036	0.141002	0.140999	0.140995	0.140984	0.140972	0.141002	0.141031	0.141046	0.141061	0.141116	0.141171	0.141203	0.141235	0.141279	0.141324	0.141346	0.141368	0.141365	0.141363	0.141378	0.141394	0.141371	0.141349	0.141368	0.141388	0.141366	0.141343	0.14136	0.141377	0.141367	0.141356	0.141345	0.141333	0.141296	0.14126	0.141294	0.141327	0.141377	0.141427	0.141495	0.141563	0.141629	0.141694	0.141719	0.141745	0.14176	0.141775	0.141745	0.141715	0.141683	0.141651	0.141595	0.141538	0.141488	0.141437	0.141379	
0.164931	0.164866	0.164812	0.164759	0.164705	0.16465	0.164615	0.164581	0.164542	0.164503	0.164498	0.164492	0.164476	0.164461	0.164494	0.164527	0.164543	0.164559	0.164623	0.164688	0.164726	0.164765	0.164819	0.164874	0.164902	0.164929	0.164926	0.164923	0.164942	0.164961	0.164934	0.164908	0.164933	0.164958	0.16493	0.164901	0.164924	0.164946	0.164931	0.164917	0.164899	0.164882	0.164841	0.164799	0.164844	0.164889	0.164956	0.165022	0.165104	0.165185	0.165261	0.165336	0.16536	0.165385	0.165396	0.165408	0.165369	0.165329	0.165288	0.165248	0.165181	0.165115	0.165056	0.164997	0.164931	
0.188472	0.188403	0.188346	0.188289	0.188231	0.188174	0.188136	0.188097	0.188053	0.188009	0.188	0.187991	0.187969	0.187946	0.18798	0.188014	0.188027	0.18804	0.188114	0.188188	0.188233	0.188278	0.188347	0.188417	0.188453	0.188489	0.188483	0.188478	0.188499	0.18852	0.188489	0.188459	0.188492	0.188524	0.188487	0.18845	0.188482	0.188514	0.18849	0.188465	0.188437	0.188409	0.188372	0.188334	0.1884	0.188466	0.18856	0.188655	0.188746	0.188838	0.18892	0.189002	0.189015	0.189029	0.18903	0.189032	0.188979	0.188925	0.188873	0.188821	0.188747	0.188672	0.188607	0.188541	0.188472	
0.212013	0.211941	0.21188	0.211818	0.211758	0.211698	0.211656	0.211614	0.211564	0.211515	0.211503	0.211491	0.211461	0.211432	0.211466	0.2115	0.211511	0.211521	0.211604	0.211688	0.21174	0.211792	0.211875	0.211959	0.212003	0.212048	0.21204	0.212032	0.212055	0.212078	0.212044	0.212011	0.212051	0.212091	0.212044	0.211998	0.21204	0.212082	0.212048	0.212013	0.211975	0.211936	0.211903	0.211869	0.211956	0.212042	0.212164	0.212287	0.212389	0.212491	0.212579	0.212668	0.212671	0.212673	0.212665	0.212656	0.212588	0.212521	0.212458	0.212395	0.212313	0.21223	0.212158	0.212086	0.212013	
0.235545	0.235475	0.235414	0.235353	0.235294	0.235235	0.23519	0.235146	0.235091	0.235037	0.235019	0.235001	0.23496	0.234919	0.234948	0.234977	0.234977	0.234977	0.235067	0.235157	0.235216	0.235275	0.235378	0.235482	0.235545	0.235608	0.235597	0.235587	0.23561	0.235634	0.2356	0.235566	0.235617	0.235668	0.235612	0.235556	0.235613	0.235669	0.23561	0.235551	0.235499	0.235448	0.23544	0.235431	0.23555	0.235669	0.235826	0.235983	0.236084	0.236185	0.236266	0.236347	0.236327	0.236306	0.236278	0.23625	0.236166	0.236083	0.236009	0.235936	0.235849	0.235763	0.235689	0.235615	0.235545	
0.259077	0.259009	0.258948	0.258887	0.258829	0.258771	0.258725	0.258678	0.258618	0.258558	0.258534	0.258511	0.258458	0.258405	0.25843	0.258454	0.258444	0.258434	0.25853	0.258627	0.258692	0.258758	0.258881	0.259005	0.259086	0.259168	0.259154	0.259141	0.259166	0.259191	0.259156	0.259122	0.259184	0.259245	0.25918	0.259115	0.259185	0.259256	0.259172	0.259088	0.259024	0.25896	0.258977	0.258993	0.259145	0.259297	0.259488	0.25968	0.259779	0.259879	0.259953	0.260027	0.259983	0.259938	0.259891	0.259844	0.259744	0.259644	0.25956	0.259476	0.259386	0.259297	0.25922	0.259144	0.259077	
0.282604	0.282547	0.282492	0.282436	0.282384	0.282332	0.282285	0.282237	0.282174	0.28211	0.282077	0.282045	0.281975	0.281906	0.281917	0.281929	0.281897	0.281864	0.281959	0.282055	0.28212	0.282185	0.282338	0.282491	0.282605	0.282719	0.282701	0.282683	0.282703	0.282722	0.282694	0.282666	0.282737	0.282808	0.282735	0.282662	0.282752	0.282842	0.282709	0.282577	0.282512	0.282448	0.28253	0.282613	0.282808	0.283004	0.283224	0.283445	0.283518	0.283591	0.283636	0.283681	0.2836	0.28352	0.283447	0.283375	0.283263	0.283152	0.283062	0.282972	0.282888	0.282805	0.282733	0.282661	0.282604	
0.306132	0.306086	0.306035	0.305984	0.305939	0.305893	0.305845	0.305797	0.305729	0.305662	0.305621	0.305579	0.305493	0.305406	0.305405	0.305404	0.305349	0.305294	0.305388	0.305483	0.305547	0.305611	0.305794	0.305977	0.306123	0.30627	0.306247	0.306225	0.306239	0.306254	0.306232	0.306209	0.30629	0.306371	0.306291	0.30621	0.306319	0.306427	0.306247	0.306066	0.306001	0.305935	0.306084	0.306232	0.306472	0.306712	0.30696	0.307209	0.307256	0.307303	0.307319	0.307334	0.307218	0.307102	0.307004	0.306906	0.306783	0.306659	0.306564	0.306468	0.30639	0.306313	0.306246	0.306178	0.306132	
0.329672	0.329644	0.329603	0.329563	0.329528	0.329494	0.329447	0.329401	0.329332	0.329263	0.32921	0.329158	0.32905	0.328942	0.328916	0.328891	0.328795	0.328699	0.328773	0.328847	0.328895	0.328943	0.329158	0.329372	0.329595	0.329819	0.329803	0.329787	0.329789	0.329792	0.32978	0.329768	0.329854	0.32994	0.329875	0.32981	0.329913	0.330016	0.329768	0.32952	0.329503	0.329485	0.329753	0.330021	0.330283	0.330545	0.33078	0.331015	0.330994	0.330973	0.330933	0.330892	0.330738	0.330584	0.330465	0.330346	0.330225	0.330105	0.330015	0.329925	0.329866	0.329807	0.329754	0.3297	0.329672	
0.353212	0.353202	0.353172	0.353141	0.353118	0.353094	0.35305	0.353005	0.352934	0.352864	0.3528	0.352737	0.352607	0.352477	0.352427	0.352378	0.352241	0.352104	0.352157	0.352211	0.352243	0.352275	0.352521	0.352768	0.353067	0.353367	0.353358	0.353349	0.353339	0.353329	0.353328	0.353328	0.353418	0.353508	0.353459	0.353409	0.353507	0.353605	0.35329	0.352974	0.353005	0.353035	0.353422	0.353809	0.354094	0.354378	0.3546	0.354822	0.354732	0.354643	0.354547	0.35445	0.354258	0.354066	0.353926	0.353785	0.353668	0.35355	0.353466	0.353383	0.353342	0.353302	0.353262	0.353222	0.353212	
0.376782	0.376795	0.376778	0.37676	0.376752	0.376743	0.376703	0.376662	0.376596	0.37653	0.376457	0.376383	0.376234	0.376085	0.376001	0.375917	0.375719	0.37552	0.375521	0.375522	0.375487	0.375453	0.375723	0.375993	0.376407	0.376821	0.376852	0.376884	0.37687	0.376856	0.37687	0.376884	0.376959	0.377033	0.377019	0.377005	0.377055	0.377104	0.376754	0.376404	0.376586	0.376768	0.377275	0.377782	0.37802	0.378258	0.378387	0.378516	0.378331	0.378145	0.377984	0.377824	0.377619	0.377414	0.377273	0.377132	0.377043	0.376953	0.376891	0.376828	0.376819	0.376809	0.376789	0.376769	0.376782	
0.400352	0.400388	0.400384	0.400379	0.400386	0.400392	0.400356	0.40032	0.400259	0.400197	0.400113	0.40003	0.399861	0.399693	0.399574	0.399456	0.399196	0.398937	0.398885	0.398833	0.398732	0.398631	0.398924	0.399218	0.399746	0.400275	0.400347	0.400419	0.400401	0.400382	0.400411	0.400441	0.400499	0.400557	0.400579	0.400601	0.400602	0.400603	0.400218	0.399833	0.400167	0.400501	0.401128	0.401756	0.401946	0.402137	0.402174	0.402211	0.401929	0.401647	0.401422	0.401197	0.40098	0.400762	0.40062	0.400478	0.400417	0.400356	0.400315	0.400274	0.400295	0.400316	0.400316	0.400316	0.400352	
0.423972	0.424027	0.424035	0.424044	0.424067	0.42409	0.424061	0.424033	0.423986	0.42394	0.423852	0.423765	0.423592	0.42342	0.423264	0.423107	0.422777	0.422446	0.422287	0.422128	0.421877	0.421626	0.421854	0.422083	0.422822	0.423562	0.423793	0.424025	0.424016	0.424006	0.424005	0.424003	0.424019	0.424034	0.424092	0.424151	0.424061	0.423971	0.423797	0.423624	0.42411	0.424595	0.425208	0.42582	0.425824	0.425828	0.42569	0.425552	0.425207	0.424863	0.42461	0.424357	0.424185	0.424014	0.423906	0.423798	0.42379	0.423782	0.423774	0.423766	0.42382	0.423874	0.423896	0.423917	0.423972	
0.447592	0.447666	0.447687	0.447709	0.447748	0.447787	0.447766	0.447745	0.447714	0.447682	0.447591	0.4475	0.447324	0.447147	0.446953	0.446759	0.446357	0.445955	0.44569	0.445424	0.445022	0.44462	0.444784	0.444948	0.445898	0.446848	0.447239	0.44763	0.44763	0.447631	0.447598	0.447566	0.447538	0.44751	0.447606	0.447702	0.44752	0.447338	0.447377	0.447416	0.448053	0.44869	0.449287	0.449884	0.449701	0.449518	0.449205	0.448892	0.448486	0.448079	0.447798	0.447517	0.447391	0.447265	0.447192	0.447118	0.447162	0.447207	0.447233	0.447259	0.447346	0.447433	0.447475	0.447517	0.447592	
0.471257	0.471338	0.471367	0.471397	0.47145	0.471503	0.471493	0.471483	0.471481	0.471479	0.4714	0.47132	0.471179	0.471038	0.470828	0.470617	0.470189	0.46976	0.469348	0.468936	0.468241	0.467547	0.467433	0.46732	0.468272	0.469225	0.469997	0.470769	0.470987	0.471204	0.471117	0.471031	0.470955	0.470879	0.470913	0.470946	0.470857	0.470769	0.471115	0.471462	0.472141	0.47282	0.473123	0.473426	0.473037	0.472647	0.472205	0.471764	0.471428	0.471092	0.470862	0.470631	0.470608	0.470585	0.47057	0.470554	0.470651	0.470749	0.470804	0.470859	0.470963	0.471067	0.471121	0.471175	0.471257	
0.494922	0.495011	0.495047	0.495084	0.495151	0.495219	0.49522	0.495221	0.495249	0.495276	0.495208	0.49514	0.495035	0.49493	0.494703	0.494476	0.49402	0.493565	0.493007	0.492448	0.49146	0.490473	0.490082	0.489692	0.490646	0.491601	0.492755	0.493909	0.494343	0.494777	0.494636	0.494495	0.494372	0.494249	0.494219	0.49419	0.494195	0.494199	0.494853	0.495507	0.496229	0.496951	0.496959	0.496968	0.496372	0.495776	0.495205	0.494635	0.49437	0.494106	0.493925	0.493744	0.493825	0.493906	0.493948	0.49399	0.49414	0.49429	0.494375	0.494459	0.494581	0.494702	0.494767	0.494833	0.494922	
0.518598	0.518677	0.518714	0.518751	0.518827	0.518902	0.518918	0.518933	0.519001	0.51907	0.519035	0.519	0.518983	0.518966	0.518779	0.518592	0.518225	0.517858	0.517225	0.516592	0.515291	0.513989	0.51259	0.511191	0.511919	0.512646	0.514714	0.516782	0.517468	0.518154	0.51777	0.517386	0.51714	0.516894	0.516951	0.517008	0.517504	0.518001	0.518888	0.519775	0.520094	0.520413	0.520022	0.519631	0.519027	0.518423	0.517925	0.517428	0.517365	0.517303	0.51724	0.517177	0.517344	0.517512	0.517601	0.517691	0.517848	0.518005	0.518095	0.518185	0.518291	0.518398	0.518458	0.518519	0.518598	
0.542274	0.542344	0.542381	0.542418	0.542502	0.542586	0.542615	0.542644	0.542754	0.542863	0.542862	0.54286	0.542932	0.543003	0.542856	0.542709	0.54243	0.54215	0.541443	0.540736	0.539121	0.537506	0.535098	0.532691	0.533191	0.533691	0.536673	0.539656	0.540593	0.541531	0.540904	0.540277	0.539909	0.53954	0.539683	0.539826	0.540814	0.541802	0.542922	0.544042	0.543959	0.543876	0.543085	0.542293	0.541682	0.54107	0.540645	0.540221	0.54036	0.5405	0.540555	0.54061	0.540864	0.541118	0.541255	0.541391	0.541556	0.54172	0.541815	0.541911	0.542002	0.542094	0.542149	0.542205	0.542274	
0.565884	0.565933	0.565964	0.565996	0.566078	0.566161	0.566202	0.566244	0.566385	0.566527	0.566573	0.56662	0.566809	0.566998	0.56698	0.566961	0.567004	0.567047	0.566598	0.566149	0.564659	0.563169	0.559741	0.556314	0.554617	0.55292	0.556151	0.559382	0.561157	0.562932	0.562531	0.562129	0.561657	0.561184	0.561826	0.562468	0.563824	0.565179	0.566285	0.567391	0.566972	0.566552	0.565807	0.565061	0.564682	0.564304	0.564104	0.563905	0.564143	0.564382	0.564506	0.56463	0.564844	0.565058	0.565183	0.565309	0.565414	0.56552	0.565589	0.565659	0.56571	0.565761	0.565798	0.565835	0.565884	
0.589494	0.589522	0.589548	0.589573	0.589654	0.589735	0.589789	0.589843	0.590016	0.59019	0.590285	0.59038	0.590687	0.590994	0.591103	0.591212	0.591578	0.591944	0.591753	0.591561	0.590197	0.588832	0.584384	0.579937	0.576042	0.572148	0.575628	0.579108	0.581721	0.584334	0.584158	0.583982	0.583405	0.582828	0.583969	0.585148	0.586861	0.588565	0.589967	0.590689	0.59025	0.589229	0.588529	0.587828	0.587683	0.587539	0.587564	0.587588	0.587926	0.588264	0.588457	0.58865	0.588824	0.588998	0.589112	0.589226	0.589273	0.58932	0.589363	0.589406	0.589417	0.589428	0.589447	0.589466	0.589494	
0.612971	0.612984	0.613002	0.613021	0.613091	0.61316	0.613216	0.613272	0.613443	0.613614	0.613741	0.613868	0.614225	0.614583	0.614831	0.615079	0.615746	0.616413	0.616767	0.61712	0.616172	0.615223	0.611675	0.608127	0.602495	0.596863	0.596766	0.596668	0.59917	0.601672	0.602505	0.603337	0.603379	0.60342	0.605082	0.606752	0.609184	0.61154	0.613066	0.613598	0.613169	0.612532	0.61199	0.611448	0.611569	0.611689	0.611873	0.612057	0.61227	0.612482	0.61264	0.612797	0.612843	0.612889	0.612948	0.613007	0.612988	0.612969	0.612979	0.612989	0.612971	0.612952	0.612955	0.612959	0.612971	
0.636448	0.636445	0.636457	0.63647	0.636527	0.636584	0.636643	0.636701	0.636869	0.637038	0.637196	0.637355	0.637764	0.638172	0.638559	0.638946	0.639914	0.640882	0.641781	0.64268	0.642147	0.641614	0.638966	0.636317	0.628947	0.621578	0.617903	0.614228	0.616619	0.61901	0.620852	0.622693	0.623352	0.623776	0.624889	0.628104	0.635663	0.636245	0.637227	0.637866	0.636648	0.635854	0.635258	0.635068	0.635454	0.63584	0.636183	0.636526	0.636613	0.636701	0.636822	0.636944	0.636862	0.63678	0.636784	0.636788	0.636702	0.636617	0.636594	0.636572	0.636524	0.636476	0.636464	0.636452	0.636448	
0.65979	0.659787	0.659796	0.659806	0.659841	0.659875	0.659919	0.659963	0.66007	0.660177	0.660301	0.660424	0.660697	0.660969	0.661299	0.661629	0.662402	0.663175	0.664236	0.665298	0.665008	0.664719	0.662688	0.660658	0.653953	0.647249	0.64751	0.647771	0.646562	0.645352	0.647398	0.649444	0.648265	0.643107	0.643591	0.649674	0.697891	0.680985	0.671821	0.664068	0.661251	0.659725	0.658999	0.658939	0.659202	0.659464	0.659708	0.659952	0.659991	0.660029	0.660092	0.660154	0.660095	0.660036	0.660029	0.660021	0.659965	0.659909	0.659891	0.659872	0.659841	0.65981	0.659802	0.659793	0.65979	
0.683132	0.683129	0.683136	0.683142	0.683154	0.683167	0.683196	0.683225	0.683271	0.683317	0.683405	0.683493	0.683629	0.683765	0.684039	0.684313	0.68489	0.685467	0.686691	0.687916	0.687869	0.687823	0.686411	0.684999	0.67896	0.67292	0.677117	0.681314	0.676504	0.671098	0.677304	0.676456	0.671374	0.668286	0.667728	0.67506	0.702795	0.733651	0.729921	0.698766	0.684976	0.683167	0.682656	0.682811	0.68295	0.683088	0.683233	0.683379	0.683368	0.683358	0.683361	0.683364	0.683328	0.683292	0.683273	0.683254	0.683228	0.683201	0.683187	0.683173	0.683159	0.683145	0.68314	0.683135	0.683132	
0.706451	0.706454	0.70646	0.706467	0.706455	0.706444	0.706454	0.706463	0.706432	0.706402	0.706423	0.706444	0.706379	0.706313	0.706382	0.70645	0.706352	0.706254	0.706494	0.706733	0.706434	0.706136	0.705391	0.704647	0.702705	0.700762	0.706009	0.711256	0.710042	0.713426	0.723848	0.725823	0.721653	0.720198	0.717582	0.728826	0.731849	0.735701	0.725014	0.705065	0.704941	0.705286	0.705733	0.706084	0.706026	0.705968	0.705987	0.706005	0.706062	0.706118	0.706131	0.706143	0.706205	0.706267	0.706281	0.706296	0.706335	0.706373	0.706384	0.706396	0.706414	0.706432	0.70644	0.706448	0.706451	
0.72977	0.729779	0.729785	0.729791	0.729756	0.729722	0.729711	0.729701	0.729594	0.729486	0.729441	0.729395	0.729128	0.728861	0.728724	0.728587	0.727814	0.727041	0.726296	0.725551	0.724999	0.724448	0.724371	0.724295	0.726449	0.728604	0.734901	0.741198	0.743581	0.746867	0.753	0.758092	0.761029	0.763045	0.760207	0.753638	0.745504	0.744473	0.728588	0.725894	0.72681	0.728189	0.729141	0.729356	0.729102	0.728849	0.72874	0.728631	0.728755	0.728879	0.728901	0.728923	0.729082	0.729241	0.72929	0.729338	0.729442	0.729546	0.729582	0.729618	0.729669	0.72972	0.72974	0.729761	0.72977	
0.753215	0.753217	0.753222	0.753227	0.753179	0.753131	0.753116	0.753102	0.75297	0.752839	0.752786	0.752733	0.752432	0.752131	0.751991	0.751851	0.751124	0.750396	0.749745	0.749095	0.748953	0.748811	0.749853	0.750896	0.753584	0.756272	0.759629	0.762986	0.764508	0.767966	0.769068	0.772033	0.775307	0.777211	0.77641	0.772581	0.765404	0.754887	0.751182	0.751985	0.752571	0.753231	0.753706	0.753863	0.753549	0.753235	0.753115	0.752996	0.752902	0.752808	0.752788	0.752768	0.752817	0.752866	0.75289	0.752914	0.752978	0.753043	0.753072	0.753101	0.753139	0.753177	0.753195	0.753214	0.753215	
0.776661	0.776655	0.776658	0.776662	0.776601	0.776541	0.776522	0.776503	0.776347	0.776191	0.776131	0.776071	0.775736	0.775401	0.775258	0.775116	0.774433	0.773751	0.773195	0.772639	0.772906	0.773174	0.775336	0.777497	0.780718	0.783939	0.784356	0.784773	0.785436	0.786456	0.785729	0.787337	0.790255	0.792508	0.792816	0.791067	0.78694	0.782308	0.779173	0.778285	0.778281	0.778452	0.778423	0.77837	0.777995	0.777621	0.777491	0.777361	0.777049	0.776736	0.776675	0.776613	0.776551	0.77649	0.77649	0.77649	0.776515	0.77654	0.776561	0.776583	0.776608	0.776633	0.776651	0.776668	0.776661	
0.80026	0.800234	0.800232	0.800231	0.800165	0.800099	0.800085	0.800072	0.799934	0.799797	0.799762	0.799728	0.79948	0.799231	0.799174	0.799117	0.798759	0.7984	0.798236	0.798072	0.798907	0.799742	0.801682	0.803622	0.805399	0.807176	0.805561	0.803946	0.803248	0.803029	0.801828	0.802443	0.804768	0.807163	0.808593	0.80835	0.806349	0.804051	0.802519	0.801821	0.801867	0.802146	0.802312	0.802449	0.802288	0.802127	0.802012	0.801896	0.801531	0.801165	0.801044	0.800922	0.800745	0.800567	0.800512	0.800456	0.8004	0.800345	0.800332	0.80032	0.800302	0.800285	0.800286	0.800287	0.80026	
0.823859	0.823813	0.823806	0.823799	0.823728	0.823658	0.823649	0.823641	0.823521	0.823402	0.823394	0.823385	0.823223	0.823062	0.82309	0.823119	0.823084	0.823049	0.823277	0.823506	0.824908	0.826311	0.828029	0.829747	0.83008	0.830413	0.826766	0.823118	0.821061	0.819004	0.819166	0.819279	0.821319	0.823763	0.825857	0.826516	0.825824	0.825066	0.82453	0.824199	0.824884	0.825569	0.826048	0.826528	0.826581	0.826633	0.826533	0.826432	0.826013	0.825594	0.825412	0.825231	0.824938	0.824644	0.824533	0.824422	0.824286	0.82415	0.824103	0.824057	0.823997	0.823936	0.823921	0.823906	0.823859	
0.847551	0.847487	0.847473	0.84746	0.847389	0.847319	0.847314	0.847309	0.847217	0.847125	0.847134	0.847143	0.847058	0.846973	0.847032	0.84709	0.847194	0.847298	0.847545	0.847792	0.849014	0.850236	0.851094	0.851953	0.851435	0.850918	0.847685	0.844453	0.843001	0.841549	0.842134	0.841906	0.843748	0.845745	0.847372	0.84807	0.847973	0.847615	0.847151	0.846768	0.847211	0.847655	0.848319	0.848983	0.849303	0.849623	0.849698	0.849774	0.849546	0.849318	0.849198	0.849079	0.848814	0.848548	0.848435	0.848321	0.848156	0.847991	0.847926	0.847861	0.847769	0.847677	0.847646	0.847616	0.847551	
0.871243	0.871161	0.871141	0.871121	0.87105	0.87098	0.870979	0.870977	0.870913	0.870849	0.870874	0.8709	0.870892	0.870885	0.870973	0.871062	0.871305	0.871548	0.871813	0.872078	0.87312	0.874161	0.87416	0.874159	0.87279	0.871422	0.868605	0.865789	0.864942	0.864095	0.865102	0.86611	0.867798	0.869486	0.87027	0.871054	0.870753	0.870451	0.869894	0.869337	0.869539	0.869741	0.87059	0.871439	0.872025	0.872612	0.872864	0.873116	0.873079	0.873042	0.872984	0.872926	0.872689	0.872453	0.872336	0.87222	0.872026	0.871831	0.871748	0.871664	0.871541	0.871417	0.871372	0.871326	0.871243	
0.894932	0.894845	0.894822	0.894799	0.894732	0.894664	0.894663	0.894661	0.894617	0.894572	0.894598	0.894624	0.894652	0.894681	0.894754	0.894827	0.895073	0.89532	0.895474	0.895628	0.896343	0.897058	0.896814	0.896569	0.89546	0.894351	0.89221	0.89007	0.889806	0.889542	0.890474	0.891405	0.892715	0.894025	0.894612	0.895198	0.894875	0.894552	0.893919	0.893286	0.893087	0.892888	0.893426	0.893964	0.894544	0.895124	0.895489	0.895854	0.895994	0.896133	0.89618	0.896227	0.896098	0.89597	0.8959	0.89583	0.895669	0.895508	0.895435	0.895362	0.895238	0.895115	0.895068	0.89502	0.894932	
0.918622	0.918529	0.918503	0.918477	0.918413	0.918349	0.918347	0.918345	0.918321	0.918296	0.918322	0.918348	0.918413	0.918477	0.918535	0.918592	0.918842	0.919092	0.919135	0.919178	0.919567	0.919956	0.919468	0.91898	0.91813	0.91728	0.915816	0.914351	0.914671	0.91499	0.915846	0.916701	0.917633	0.918564	0.918953	0.919343	0.918997	0.918652	0.917944	0.917235	0.916635	0.916035	0.916262	0.916489	0.917063	0.917637	0.918114	0.918592	0.918908	0.919225	0.919376	0.919527	0.919507	0.919487	0.919464	0.919441	0.919312	0.919184	0.919121	0.919059	0.918936	0.918814	0.918764	0.918714	0.918622	
0.942253	0.942171	0.942147	0.942123	0.942066	0.94201	0.942005	0.942001	0.941987	0.941972	0.941989	0.942006	0.942076	0.942147	0.942175	0.942204	0.942423	0.942642	0.942617	0.942591	0.942869	0.943147	0.942676	0.942205	0.941641	0.941076	0.940193	0.939309	0.93971	0.94011	0.94069	0.94127	0.941846	0.942422	0.942666	0.942911	0.942555	0.942199	0.941752	0.941306	0.940683	0.94006	0.940019	0.939978	0.940352	0.940725	0.941117	0.941508	0.94186	0.942211	0.94241	0.94261	0.942681	0.942752	0.942782	0.942812	0.942743	0.942674	0.942641	0.942607	0.94251	0.942413	0.942375	0.942336	0.942253	
0.965885	0.965812	0.96579	0.965769	0.965719	0.96567	0.965664	0.965657	0.965653	0.965649	0.965656	0.965663	0.96574	0.965816	0.965816	0.965816	0.966004	0.966192	0.966098	0.966004	0.966172	0.966339	0.965884	0.96543	0.965151	0.964873	0.96457	0.964267	0.964749	0.96523	0.965534	0.965838	0.966059	0.96628	0.966379	0.966478	0.966113	0.965747	0.965561	0.965376	0.96473	0.964085	0.963776	0.963468	0.96364	0.963813	0.964119	0.964425	0.964811	0.965196	0.965444	0.965692	0.965855	0.966017	0.9661	0.966184	0.966174	0.966165	0.96616	0.966156	0.966084	0.966013	0.965986	0.965958	0.965885	
0.98945	0.989395	0.98938	0.989365	0.989327	0.989289	0.989283	0.989277	0.989279	0.989282	0.989283	0.989284	0.989357	0.989431	0.989418	0.989405	0.989567	0.989728	0.989629	0.989531	0.989673	0.989815	0.989467	0.989119	0.989002	0.988885	0.988759	0.988634	0.988974	0.989313	0.989413	0.989512	0.989572	0.989631	0.989711	0.98979	0.989596	0.989403	0.989355	0.989307	0.988778	0.988248	0.987874	0.987499	0.987498	0.987496	0.98767	0.987844	0.988152	0.98846	0.988685	0.98891	0.989095	0.98928	0.989388	0.989496	0.98953	0.989564	0.989585	0.989607	0.989568	0.989528	0.989516	0.989504	0.98945	
1.01301	1.01298	1.01297	1.01296	1.01294	1.01291	1.0129	1.0129	1.01291	1.01292	1.01291	1.0129	1.01298	1.01305	1.01302	1.01299	1.01313	1.01327	1.01316	1.01306	1.01317	1.01329	1.01305	1.01281	1.01285	1.0129	1.01295	1.013	1.0132	1.0134	1.01329	1.01319	1.01308	1.01298	1.01304	1.0131	1.01308	1.01306	1.01315	1.01324	1.01283	1.01241	1.01197	1.01153	1.01135	1.01118	1.01122	1.01126	1.01149	1.01172	1.01193	1.01213	1.01234	1.01254	1.01268	1.01281	1.01289	1.01296	1.01301	1.01306	1.01305	1.01304	1.01305	1.01305	1.01301	
1.03653	1.03652	1.03652	1.03652	1.0365	1.03649	1.03649	1.03648	1.0365	1.03652	1.03651	1.0365	1.03657	1.03664	1.03662	1.03659	1.03671	1.03684	1.03675	1.03666	1.03678	1.03689	1.03672	1.03656	1.03662	1.03669	1.03675	1.03682	1.03693	1.03704	1.03688	1.03673	1.03661	1.03648	1.03652	1.03655	1.03659	1.03664	1.03675	1.03686	1.03659	1.03631	1.03592	1.03554	1.03531	1.03508	1.03504	1.03499	1.03513	1.03527	1.03541	1.03556	1.03574	1.03592	1.03605	1.03617	1.03627	1.03636	1.03642	1.03648	1.0365	1.03652	1.03653	1.03655	1.03653	
1.06005	1.06006	1.06007	1.06007	1.06007	1.06007	1.06007	1.06007	1.0601	1.06012	1.06011	1.0601	1.06017	1.06024	1.06021	1.06018	1.06029	1.0604	1.06034	1.06027	1.06038	1.06048	1.0604	1.06031	1.06039	1.06048	1.06056	1.06064	1.06066	1.06067	1.06048	1.06028	1.06013	1.05998	1.05999	1.06	1.06011	1.06021	1.06035	1.06049	1.06035	1.0602	1.05988	1.05955	1.05927	1.05899	1.05886	1.05872	1.05877	1.05881	1.0589	1.05898	1.05914	1.0593	1.05942	1.05954	1.05965	1.05976	1.05983	1.05991	1.05995	1.05999	1.06002	1.06005	1.06005	
1.08356	1.08357	1.08359	1.08361	1.08362	1.08363	1.08363	1.08364	1.08367	1.0837	1.0837	1.08369	1.08376	1.08383	1.08381	1.08378	1.08389	1.08399	1.08394	1.08389	1.08398	1.08408	1.08402	1.08396	1.08403	1.0841	1.08415	1.0842	1.08418	1.08416	1.08398	1.08379	1.08366	1.08354	1.08353	1.08353	1.08363	1.08372	1.08385	1.08397	1.08391	1.08385	1.0836	1.08335	1.08309	1.08284	1.08268	1.08252	1.08251	1.08249	1.08253	1.08257	1.08269	1.08281	1.08291	1.083	1.08311	1.08321	1.08328	1.08336	1.08341	1.08346	1.0835	1.08354	1.08356	
1.10706	1.10709	1.10712	1.10714	1.10716	1.10719	1.1072	1.10721	1.10724	1.10728	1.10728	1.10728	1.10735	1.10741	1.1074	1.10738	1.10748	1.10757	1.10753	1.1075	1.10759	1.10768	1.10764	1.10761	1.10767	1.10773	1.10775	1.10776	1.1077	1.10764	1.10748	1.10731	1.1072	1.10709	1.10707	1.10705	1.10714	1.10723	1.10734	1.10744	1.10747	1.1075	1.10732	1.10714	1.10691	1.10668	1.1065	1.10632	1.10625	1.10618	1.10617	1.10617	1.10624	1.10632	1.10639	1.10647	1.10656	1.10666	1.10673	1.10681	1.10687	1.10694	1.10698	1.10703	1.10706	
1.13057	1.13061	1.13064	1.13067	1.1307	1.13073	1.13075	1.13076	1.13081	1.13085	1.13085	1.13086	1.13092	1.13099	1.13098	1.13097	1.13106	1.13114	1.13112	1.13109	1.13117	1.13124	1.13121	1.13119	1.13123	1.13127	1.13126	1.13126	1.1312	1.13113	1.13099	1.13085	1.13076	1.13068	1.13065	1.13063	1.13069	1.13076	1.13084	1.13092	1.13098	1.13103	1.1309	1.13078	1.13059	1.13041	1.13024	1.13008	1.12999	1.12989	1.12986	1.12983	1.12987	1.12991	1.12996	1.13001	1.13009	1.13018	1.13024	1.1303	1.13037	1.13043	1.13048	1.13053	1.13057	
1.15408	1.15413	1.15416	1.15419	1.15424	1.15428	1.1543	1.15432	1.15437	1.15442	1.15443	1.15443	1.1545	1.15456	1.15456	1.15456	1.15463	1.15471	1.1547	1.15468	1.15474	1.1548	1.15478	1.15477	1.15478	1.1548	1.15478	1.15475	1.15469	1.15462	1.15451	1.1544	1.15433	1.15426	1.15423	1.1542	1.15424	1.15428	1.15434	1.1544	1.15448	1.15456	1.15449	1.15442	1.15428	1.15414	1.15398	1.15383	1.15372	1.15361	1.15355	1.15349	1.1535	1.1535	1.15353	1.15356	1.15362	1.15369	1.15374	1.1538	1.15387	1.15393	1.15398	1.15403	1.15408	
1.1776	1.17766	1.17769	1.17773	1.17777	1.17782	1.17784	1.17787	1.17792	1.17797	1.17798	1.178	1.17806	1.17812	1.17812	1.17813	1.17819	1.17826	1.17825	1.17824	1.17829	1.17833	1.17831	1.17829	1.1783	1.17831	1.17827	1.17824	1.17818	1.17812	1.17803	1.17794	1.17788	1.17783	1.1778	1.17777	1.17779	1.17782	1.17786	1.17791	1.17798	1.17806	1.17802	1.17797	1.17787	1.17776	1.17763	1.17751	1.1774	1.17729	1.17722	1.17716	1.17714	1.17713	1.17714	1.17715	1.1772	1.17725	1.1773	1.17734	1.1774	1.17746	1.17751	1.17755	1.1776	
1.20113	1.20119	1.20122	1.20126	1.20131	1.20136	1.20139	1.20142	1.20147	1.20153	1.20154	1.20156	1.20162	1.20168	1.20169	1.20169	1.20175	1.20181	1.2018	1.20179	1.20183	1.20187	1.20184	1.20182	1.20182	1.20181	1.20177	1.20173	1.20167	1.20162	1.20155	1.20148	1.20144	1.20139	1.20136	1.20133	1.20135	1.20136	1.20138	1.20141	1.20148	1.20156	1.20154	1.20153	1.20146	1.20139	1.20129	1.20118	1.20108	1.20097	1.2009	1.20083	1.20079	1.20076	1.20076	1.20075	1.20078	1.20081	1.20085	1.20088	1.20093	1.20099	1.20103	1.20108	1.20113	
1.22468	1.22473	1.22476	1.2248	1.22485	1.22491	1.22494	1.22496	1.22502	1.22508	1.22509	1.22511	1.22517	1.22523	1.22523	1.22524	1.22529	1.22534	1.22533	1.22533	1.22535	1.22538	1.22536	1.22533	1.22532	1.22531	1.22527	1.22523	1.22519	1.22514	1.22508	1.22503	1.22499	1.22495	1.22493	1.2249	1.2249	1.22491	1.22493	1.22495	1.22501	1.22507	1.22506	1.22506	1.22501	1.22497	1.22488	1.2248	1.22471	1.22462	1.22454	1.22447	1.22443	1.2244	1.22438	1.22436	1.22438	1.2244	1.22443	1.22445	1.2245	1.22455	1.22458	1.22462	1.22468	
1.24822	1.24827	1.24831	1.24834	1.2484	1.24845	1.24848	1.24851	1.24857	1.24862	1.24864	1.24866	1.24872	1.24877	1.24878	1.24879	1.24883	1.24887	1.24887	1.24886	1.24888	1.24889	1.24887	1.24885	1.24883	1.24882	1.24878	1.24874	1.2487	1.24866	1.24861	1.24857	1.24854	1.24851	1.24849	1.24846	1.24846	1.24846	1.24847	1.24848	1.24853	1.24858	1.24859	1.24859	1.24857	1.24854	1.24848	1.24841	1.24834	1.24826	1.24819	1.24812	1.24807	1.24803	1.248	1.24798	1.24799	1.24799	1.24801	1.24802	1.24806	1.2481	1.24813	1.24817	1.24822	
1.27178	1.27183	1.27186	1.27189	1.27195	1.272	1.27203	1.27206	1.27211	1.27216	1.27218	1.2722	1.27225	1.2723	1.27231	1.27232	1.27236	1.27239	1.27239	1.27238	1.27239	1.2724	1.27238	1.27236	1.27234	1.27232	1.27229	1.27225	1.27222	1.27218	1.27215	1.27211	1.27209	1.27206	1.27204	1.27202	1.27202	1.27201	1.27202	1.27202	1.27206	1.2721	1.27211	1.27212	1.27211	1.27209	1.27204	1.27199	1.27193	1.27186	1.2718	1.27174	1.27169	1.27165	1.27162	1.27159	1.27159	1.27159	1.2716	1.27161	1.27164	1.27167	1.2717	1.27173	1.27178	
1.29534	1.29538	1.29541	1.29544	1.29549	1.29555	1.29557	1.2956	1.29565	1.2957	1.29572	1.29574	1.29579	1.29584	1.29584	1.29585	1.29588	1.29591	1.2959	1.2959	1.2959	1.29591	1.29589	1.29586	1.29585	1.29583	1.2958	1.29576	1.29573	1.2957	1.29568	1.29565	1.29563	1.29561	1.29559	1.29557	1.29557	1.29557	1.29557	1.29557	1.2956	1.29563	1.29564	1.29565	1.29564	1.29564	1.2956	1.29557	1.29552	1.29546	1.29541	1.29536	1.29531	1.29527	1.29524	1.29521	1.2952	1.29519	1.29519	1.2952	1.29522	1.29525	1.29527	1.2953	1.29534	
1.31891	1.31895	1.31897	1.319	1.31905	1.31909	1.31912	1.31915	1.31919	1.31924	1.31926	1.31928	1.31932	1.31936	1.31937	1.31937	1.3194	1.31942	1.31942	1.31941	1.31941	1.31942	1.3194	1.31937	1.31936	1.31934	1.31931	1.31929	1.31926	1.31924	1.31921	1.31919	1.31918	1.31916	1.31914	1.31913	1.31912	1.31912	1.31912	1.31912	1.31914	1.31916	1.31917	1.31918	1.31918	1.31918	1.31916	1.31913	1.31909	1.31904	1.319	1.31895	1.31891	1.31887	1.31884	1.31881	1.3188	1.31879	1.31879	1.31879	1.31881	1.31883	1.31885	1.31887	1.31891	
1.34248	1.34251	1.34254	1.34256	1.3426	1.34264	1.34267	1.34269	1.34273	1.34278	1.34279	1.34281	1.34285	1.34288	1.34289	1.3429	1.34292	1.34294	1.34293	1.34292	1.34292	1.34293	1.34291	1.34289	1.34287	1.34286	1.34283	1.34281	1.34279	1.34277	1.34275	1.34274	1.34272	1.34271	1.34269	1.34268	1.34268	1.34267	1.34267	1.34267	1.34268	1.3427	1.34271	1.34272	1.34272	1.34272	1.34271	1.34269	1.34266	1.34262	1.34259	1.34255	1.34251	1.34248	1.34245	1.34242	1.34241	1.34239	1.34239	1.34238	1.3424	1.34241	1.34243	1.34244	1.34248	
1.36605	1.36608	1.3661	1.36612	1.36616	1.3662	1.36622	1.36624	1.36627	1.36631	1.36633	1.36634	1.36637	1.3664	1.36641	1.36641	1.36643	1.36645	1.36644	1.36644	1.36644	1.36644	1.36642	1.3664	1.36639	1.36638	1.36636	1.36634	1.36632	1.3663	1.36629	1.36627	1.36626	1.36625	1.36624	1.36623	1.36623	1.36622	1.36622	1.36622	1.36623	1.36624	1.36625	1.36626	1.36626	1.36626	1.36625	1.36624	1.36621	1.36619	1.36616	1.36613	1.36609	1.36606	1.36604	1.36601	1.366	1.36599	1.36598	1.36598	1.36599	1.366	1.36601	1.36602	1.36605	
1.38963	1.38965	1.38967	1.38968	1.38972	1.38975	1.38977	1.38978	1.38981	1.38985	1.38986	1.38987	1.3899	1.38992	1.38993	1.38993	1.38995	1.38996	1.38995	1.38995	1.38995	1.38994	1.38993	1.38992	1.3899	1.38989	1.38988	1.38986	1.38985	1.38983	1.38982	1.38981	1.3898	1.38979	1.38979	1.38978	1.38977	1.38977	1.38977	1.38977	1.38977	1.38978	1.38979	1.3898	1.3898	1.3898	1.38979	1.38979	1.38977	1.38975	1.38973	1.3897	1.38968	1.38965	1.38963	1.38961	1.3896	1.38958	1.38958	1.38957	1.38958	1.38959	1.3896	1.3896	1.38963	
1.4132	1.41322	1.41324	1.41325	1.41327	1.4133	1.41331	1.41333	1.41335	1.41338	1.41339	1.4134	1.41342	1.41344	1.41345	1.41345	1.41346	1.41347	1.41346	1.41346	1.41346	1.41346	1.41345	1.41343	1.41343	1.41342	1.4134	1.41339	1.41338	1.41337	1.41336	1.41335	1.41335	1.41334	1.41333	1.41333	1.41332	1.41332	1.41332	1.41332	1.41332	1.41333	1.41333	1.41334	1.41334	1.41334	1.41334	1.41333	1.41332	1.41331	1.41329	1.41327	1.41325	1.41323	1.41321	1.41319	1.41318	1.41317	1.41317	1.41316	1.41317	1.41317	1.41318	1.41319	1.4132	
1.43678	1.43679	1.4368	1.43681	1.43683	1.43685	1.43686	1.43687	1.43689	1.43691	1.43692	1.43693	1.43694	1.43696	1.43696	1.43697	1.43697	1.43698	1.43698	1.43697	1.43697	1.43697	1.43696	1.43695	1.43695	1.43694	1.43693	1.43692	1.43691	1.43691	1.4369	1.43689	1.43689	1.43688	1.43688	1.43688	1.43687	1.43687	1.43687	1.43687	1.43687	1.43687	1.43688	1.43688	1.43688	1.43689	1.43688	1.43688	1.43687	1.43686	1.43685	1.43684	1.43682	1.43681	1.43679	1.43678	1.43677	1.43676	1.43676	1.43675	1.43676	1.43676	1.43676	1.43677	1.43678	
1.46036	1.46037	1.46037	1.46038	1.46039	1.46041	1.46041	1.46042	1.46043	1.46045	1.46045	1.46046	1.46047	1.46048	1.46048	1.46048	1.46049	1.46049	1.46049	1.46049	1.46048	1.46048	1.46048	1.46047	1.46047	1.46046	1.46046	1.46045	1.46045	1.46044	1.46044	1.46043	1.46043	1.46043	1.46042	1.46042	1.46042	1.46042	1.46042	1.46042	1.46042	1.46042	1.46042	1.46042	1.46043	1.46043	1.46043	1.46042	1.46042	1.46041	1.4604	1.4604	1.46038	1.46037	1.46037	1.46036	1.46035	1.46035	1.46034	1.46034	1.46034	1.46034	1.46035	1.46035	1.46036	
1.48394	1.48394	1.48394	1.48395	1.48395	1.48396	1.48396	1.48397	1.48397	1.48398	1.48398	1.48399	1.48399	1.484	1.484	1.484	1.484	1.484	1.484	1.484	1.484	1.484	1.48399	1.48399	1.48399	1.48399	1.48398	1.48398	1.48398	1.48398	1.48397	1.48397	1.48397	1.48397	1.48397	1.48397	1.48397	1.48396	1.48396	1.48396	1.48396	1.48397	1.48397	1.48397	1.48397	1.48397	1.48397	1.48397	1.48397	1.48396	1.48396	1.48395	1.48395	1.48394	1.48394	1.48394	1.48393	1.48393	1.48393	1.48393	1.48393	1.48393	1.48393	1.48393	1.48394	
1.50751	1.50751	1.50751	1.50751	1.50751	1.50751	1.50751	1.50751	1.50751	1.50751	1.50751	1.50751	1.50751	1.50751	1.50751	1.50751	1.50751	1.50751	1.50751	1.50751	1.50751	1.50751	1.50751	1.50751	1.50751	1.50751	1.50751	1.50751	1.50751	1.50751	1.50751	1.50751	1.50751	1.50751	1.50751	1.50751	1.50751	1.50751	1.50751	1.50751	1.50751	1.50751	1.50751	1.50751	1.50751	1.50751	1.50751	1.50751	1.50751	1.50751	1.50751	1.50751	1.50751	1.50751	1.50751	1.50751	1.50751	1.50751	1.50751	1.50751	1.50751	1.50751	1.50751	1.50751	1.50751	
