x=200	y=95	z=200	n=65	len=1
b
0.714196	0.714275	0.714235	0.714196	0.714242	0.714288	0.714211	0.714135	0.714142	0.714149	0.714043	0.713938	0.713921	0.713905	0.713795	0.713684	0.713672	0.713659	0.713564	0.71347	0.71348	0.71349	0.713423	0.713356	0.713393	0.71343	0.713391	0.713353	0.713405	0.713457	0.713431	0.713404	0.713463	0.713522	0.713491	0.713459	0.71352	0.71358	0.713538	0.713496	0.713561	0.713625	0.713584	0.713544	0.713611	0.713679	0.713645	0.713612	0.713679	0.713747	0.713721	0.713696	0.713768	0.713841	0.713826	0.713811	0.713895	0.713979	0.713971	0.713963	0.714054	0.714144	0.71413	0.714117	0.714196	
0.714186	0.71426	0.714228	0.714196	0.714237	0.714278	0.714209	0.71414	0.714141	0.714143	0.714043	0.713944	0.713923	0.713901	0.713796	0.713691	0.713675	0.713658	0.713569	0.71348	0.713489	0.713497	0.713435	0.713373	0.713409	0.713446	0.713411	0.713377	0.713429	0.713482	0.713459	0.713437	0.713493	0.71355	0.713524	0.713498	0.713552	0.713606	0.713571	0.713536	0.713591	0.713646	0.713611	0.713576	0.713634	0.713691	0.713662	0.713632	0.713691	0.713749	0.713727	0.713705	0.713769	0.713834	0.713822	0.71381	0.713888	0.713965	0.713961	0.713957	0.714043	0.714129	0.714121	0.714112	0.714186	
0.714206	0.714286	0.714248	0.71421	0.714256	0.714302	0.714227	0.714151	0.714156	0.714161	0.714056	0.713951	0.713932	0.713912	0.713802	0.713693	0.713677	0.713662	0.71357	0.713478	0.713484	0.71349	0.713427	0.713364	0.713396	0.713428	0.713393	0.713359	0.713407	0.713456	0.713434	0.713412	0.713467	0.713521	0.713497	0.713472	0.713526	0.713579	0.713546	0.713513	0.713568	0.713622	0.71359	0.713558	0.713616	0.713674	0.713648	0.713621	0.713682	0.713743	0.713723	0.713703	0.713772	0.71384	0.713828	0.713817	0.713899	0.713982	0.713975	0.713969	0.71406	0.714151	0.714139	0.714126	0.714206	
0.714226	0.714312	0.714268	0.714223	0.714275	0.714326	0.714244	0.714162	0.714171	0.714179	0.714069	0.713958	0.71394	0.713923	0.713808	0.713694	0.713679	0.713665	0.71357	0.713475	0.71348	0.713484	0.713419	0.713355	0.713382	0.71341	0.713375	0.71334	0.713385	0.71343	0.713409	0.713387	0.71344	0.713493	0.71347	0.713447	0.713499	0.713551	0.713521	0.713491	0.713545	0.713598	0.713569	0.71354	0.713599	0.713658	0.713634	0.71361	0.713673	0.713737	0.713719	0.713701	0.713773	0.713846	0.713835	0.713823	0.71391	0.713998	0.713989	0.713981	0.714078	0.714174	0.714157	0.71414	0.714226	
0.714191	0.714267	0.714225	0.714183	0.714227	0.71427	0.714194	0.714118	0.714122	0.714126	0.714023	0.713921	0.713903	0.713886	0.713781	0.713677	0.713668	0.713659	0.713572	0.713485	0.713496	0.713508	0.713446	0.713385	0.713421	0.713457	0.713422	0.713387	0.713438	0.713488	0.713466	0.713445	0.713497	0.713549	0.713528	0.713506	0.71355	0.713594	0.713566	0.713537	0.713579	0.713621	0.713597	0.713573	0.713624	0.713675	0.713657	0.713638	0.713695	0.713752	0.713738	0.713724	0.713791	0.713857	0.713846	0.713835	0.713915	0.713995	0.713985	0.713975	0.714063	0.71415	0.714133	0.714115	0.714191	
0.714156	0.714222	0.714182	0.714143	0.714179	0.714214	0.714144	0.714073	0.714073	0.714072	0.713978	0.713883	0.713866	0.713849	0.713755	0.71366	0.713656	0.713652	0.713573	0.713494	0.713513	0.713532	0.713473	0.713415	0.713459	0.713503	0.713469	0.713434	0.71349	0.713545	0.713524	0.713502	0.713554	0.713606	0.713585	0.713565	0.713601	0.713637	0.71361	0.713584	0.713614	0.713643	0.713625	0.713607	0.71365	0.713692	0.713679	0.713667	0.713717	0.713768	0.713758	0.713748	0.713808	0.713868	0.713858	0.713848	0.71392	0.713992	0.713981	0.71397	0.714048	0.714127	0.714108	0.71409	0.714156	
0.714133	0.714196	0.714147	0.714099	0.714133	0.714168	0.714091	0.714013	0.714014	0.714016	0.71392	0.713823	0.713813	0.713802	0.713712	0.713623	0.713625	0.713627	0.713557	0.713487	0.713505	0.713522	0.713473	0.713425	0.71346	0.713495	0.713473	0.713451	0.713494	0.713538	0.713526	0.713515	0.713557	0.7136	0.713587	0.713574	0.713604	0.713633	0.713608	0.713582	0.713606	0.713631	0.713616	0.713601	0.713644	0.713686	0.713677	0.713668	0.713721	0.713774	0.713766	0.713759	0.71382	0.713881	0.713871	0.713861	0.713932	0.714002	0.713987	0.713972	0.714047	0.714122	0.714096	0.714069	0.714133	
0.714109	0.71417	0.714112	0.714055	0.714088	0.714122	0.714038	0.713953	0.713956	0.713959	0.713862	0.713764	0.713759	0.713754	0.71367	0.713586	0.713594	0.713603	0.713542	0.713481	0.713496	0.713512	0.713474	0.713435	0.713462	0.713488	0.713478	0.713468	0.713499	0.71353	0.713529	0.713528	0.713561	0.713594	0.713589	0.713583	0.713607	0.71363	0.713606	0.71358	0.713599	0.713618	0.713607	0.713595	0.713638	0.71368	0.713674	0.713668	0.713724	0.713779	0.713775	0.71377	0.713832	0.713893	0.713884	0.713875	0.713943	0.714012	0.713993	0.713974	0.714046	0.714118	0.714083	0.714049	0.714109	
0.714049	0.714098	0.714037	0.713976	0.713999	0.714021	0.713939	0.713857	0.713855	0.713853	0.713764	0.713675	0.713675	0.713675	0.713606	0.713537	0.713561	0.713585	0.713536	0.713488	0.713521	0.713554	0.713514	0.713475	0.713523	0.71357	0.713554	0.713538	0.713587	0.713636	0.713629	0.713623	0.713661	0.713698	0.713691	0.713683	0.713695	0.713706	0.713674	0.713642	0.713643	0.713643	0.71363	0.713616	0.713649	0.713683	0.713685	0.713687	0.713737	0.713788	0.713788	0.713788	0.713844	0.713901	0.713892	0.713883	0.713944	0.714005	0.713982	0.713959	0.71402	0.71408	0.714041	0.714001	0.714049	
0.713989	0.714025	0.713961	0.713898	0.713909	0.713921	0.713841	0.713761	0.713754	0.713748	0.713667	0.713586	0.713591	0.713597	0.713542	0.713488	0.713528	0.713568	0.713531	0.713494	0.713545	0.713595	0.713555	0.713515	0.713584	0.713652	0.71363	0.713608	0.713675	0.713741	0.71373	0.713718	0.71376	0.713803	0.713793	0.713783	0.713782	0.713782	0.713743	0.713704	0.713686	0.713668	0.713652	0.713636	0.713661	0.713686	0.713695	0.713705	0.713751	0.713796	0.713801	0.713806	0.713857	0.713908	0.7139	0.713892	0.713945	0.713998	0.713971	0.713944	0.713994	0.714043	0.713998	0.713953	0.713989	
0.713924	0.713949	0.713875	0.713801	0.713806	0.713811	0.713723	0.713636	0.713628	0.713621	0.713541	0.71346	0.713476	0.713492	0.713457	0.713422	0.713475	0.713528	0.713514	0.7135	0.713539	0.713579	0.713565	0.713551	0.713597	0.713643	0.713656	0.71367	0.713702	0.713735	0.713752	0.713769	0.713796	0.713823	0.713829	0.713835	0.713834	0.713833	0.713779	0.713726	0.713706	0.713686	0.713661	0.713636	0.713656	0.713677	0.713687	0.713698	0.713746	0.713795	0.713803	0.71381	0.713862	0.713913	0.713904	0.713895	0.713943	0.71399	0.713958	0.713927	0.713967	0.714006	0.713952	0.713898	0.713924	
0.713859	0.713874	0.713789	0.713705	0.713703	0.713701	0.713606	0.713511	0.713502	0.713494	0.713415	0.713335	0.713361	0.713387	0.713371	0.713356	0.713422	0.713488	0.713497	0.713506	0.713534	0.713562	0.713575	0.713588	0.71361	0.713633	0.713682	0.713731	0.71373	0.713729	0.713775	0.713821	0.713832	0.713843	0.713866	0.713888	0.713886	0.713885	0.713816	0.713748	0.713726	0.713704	0.71367	0.713636	0.713652	0.713668	0.713679	0.71369	0.713742	0.713794	0.713805	0.713815	0.713866	0.713917	0.713908	0.713899	0.713941	0.713982	0.713946	0.71391	0.71394	0.713969	0.713906	0.713844	0.713859	
0.71379	0.713791	0.713701	0.713611	0.713596	0.713582	0.713484	0.713386	0.713371	0.713356	0.71328	0.713205	0.713247	0.713289	0.713302	0.713316	0.713409	0.713502	0.713513	0.713524	0.713581	0.713638	0.713627	0.713616	0.713683	0.71375	0.713777	0.713803	0.713837	0.713872	0.7139	0.713928	0.713969	0.71401	0.71405	0.714091	0.714089	0.714088	0.713985	0.713882	0.713807	0.713732	0.713673	0.713615	0.713637	0.713659	0.713678	0.713698	0.713741	0.713785	0.7138	0.713815	0.713863	0.71391	0.713903	0.713897	0.713932	0.713967	0.713928	0.713889	0.713908	0.713927	0.713857	0.713788	0.71379	
0.713721	0.713709	0.713613	0.713517	0.713489	0.713462	0.713362	0.713261	0.71324	0.713218	0.713146	0.713075	0.713133	0.713191	0.713233	0.713276	0.713396	0.713516	0.713529	0.713543	0.713629	0.713714	0.713679	0.713645	0.713756	0.713867	0.713871	0.713875	0.713945	0.714014	0.714025	0.714035	0.714105	0.714176	0.714235	0.714294	0.714292	0.71429	0.714153	0.714016	0.713888	0.713759	0.713676	0.713593	0.713621	0.71365	0.713678	0.713706	0.71374	0.713775	0.713795	0.713816	0.713859	0.713903	0.713899	0.713895	0.713923	0.713952	0.713909	0.713867	0.713876	0.713885	0.713808	0.713732	0.713721	
0.713636	0.71361	0.713504	0.713399	0.713361	0.713323	0.713215	0.713107	0.713079	0.713052	0.712992	0.712933	0.713025	0.713117	0.713211	0.713305	0.713444	0.713582	0.713612	0.713642	0.713655	0.713667	0.713712	0.713757	0.713849	0.713941	0.714017	0.714092	0.714055	0.714019	0.714082	0.714145	0.714188	0.714231	0.714351	0.71447	0.714514	0.714559	0.714461	0.714363	0.714157	0.71395	0.713757	0.713563	0.713592	0.713621	0.713666	0.713711	0.713747	0.713784	0.713799	0.713815	0.713855	0.713895	0.713893	0.71389	0.713909	0.713929	0.713884	0.713839	0.713834	0.713828	0.713745	0.713662	0.713636	
0.713551	0.71351	0.713395	0.713281	0.713232	0.713183	0.713068	0.712952	0.712919	0.712886	0.712838	0.71279	0.712916	0.713042	0.713189	0.713335	0.713492	0.713648	0.713694	0.71374	0.713681	0.713621	0.713745	0.713869	0.713942	0.714016	0.714162	0.714309	0.714166	0.714024	0.714139	0.714255	0.714271	0.714287	0.714466	0.714646	0.714736	0.714827	0.714769	0.71471	0.714426	0.714141	0.713837	0.713533	0.713563	0.713593	0.713655	0.713717	0.713754	0.713792	0.713803	0.713814	0.713851	0.713888	0.713886	0.713885	0.713896	0.713907	0.713859	0.713811	0.713791	0.713771	0.713682	0.713592	0.713551	
0.713502	0.713451	0.71333	0.71321	0.713149	0.713088	0.712965	0.712842	0.712803	0.712764	0.712735	0.712706	0.712906	0.713105	0.713285	0.713465	0.71365	0.713834	0.713816	0.713798	0.713719	0.71364	0.713714	0.713789	0.714032	0.714275	0.714383	0.714491	0.714377	0.714262	0.714296	0.71433	0.714343	0.714356	0.714647	0.714937	0.715158	0.71538	0.715495	0.715611	0.715344	0.715078	0.714501	0.713925	0.71375	0.713575	0.713633	0.713692	0.713741	0.713791	0.713803	0.713815	0.713846	0.713877	0.713878	0.71388	0.713887	0.713894	0.713845	0.713796	0.71377	0.713744	0.713649	0.713554	0.713502	
0.713454	0.713392	0.713265	0.713139	0.713066	0.712992	0.712862	0.712731	0.712687	0.712643	0.712632	0.712622	0.712895	0.713167	0.713381	0.713596	0.713807	0.714019	0.713937	0.713855	0.713758	0.71366	0.713684	0.713708	0.714121	0.714533	0.714603	0.714673	0.714587	0.7145	0.714452	0.714404	0.714414	0.714424	0.714827	0.715229	0.715581	0.715932	0.716222	0.716511	0.716263	0.716015	0.715166	0.714316	0.713937	0.713557	0.713612	0.713667	0.713728	0.713789	0.713803	0.713816	0.713841	0.713865	0.71387	0.713876	0.713878	0.713881	0.713831	0.713781	0.713749	0.713716	0.713616	0.713515	0.713454	
0.713382	0.713306	0.713174	0.713042	0.71296	0.712878	0.71274	0.712602	0.712564	0.712527	0.712564	0.712601	0.712904	0.713207	0.71345	0.713694	0.713881	0.714068	0.713969	0.71387	0.713616	0.713362	0.713583	0.713804	0.714099	0.714393	0.714408	0.714423	0.714315	0.714208	0.71417	0.714132	0.713984	0.713836	0.714489	0.715142	0.715582	0.716022	0.716234	0.716446	0.716556	0.716665	0.715871	0.715076	0.714445	0.713814	0.713752	0.713689	0.713734	0.713779	0.713801	0.713822	0.71384	0.713858	0.713864	0.71387	0.713863	0.713855	0.713807	0.713758	0.71371	0.713662	0.71356	0.713458	0.713382	
0.71331	0.71322	0.713083	0.712946	0.712855	0.712764	0.712619	0.712473	0.712442	0.71241	0.712495	0.712579	0.712913	0.713247	0.713519	0.713792	0.713954	0.714117	0.714001	0.713885	0.713474	0.713064	0.713482	0.713901	0.714077	0.714253	0.714213	0.714173	0.714044	0.713916	0.713887	0.71254	0.712218	0.713776	0.716156	0.716348	0.71572	0.716112	0.716247	0.716381	0.716848	0.717314	0.716575	0.715836	0.714954	0.714072	0.713892	0.713711	0.71374	0.713769	0.713799	0.713828	0.713839	0.71385	0.713858	0.713865	0.713847	0.713829	0.713782	0.713735	0.713672	0.713608	0.713504	0.7134	0.71331	
0.71331	0.713217	0.713078	0.71294	0.712843	0.712747	0.712598	0.712449	0.712446	0.712443	0.712549	0.712656	0.713002	0.713347	0.713559	0.713771	0.713888	0.714005	0.713644	0.713284	0.712803	0.712322	0.712502	0.712682	0.713258	0.713834	0.71354	0.713246	0.713155	0.713063	0.71397	0.711522	0.710992	0.712273	0.715701	0.716875	0.715848	0.71495	0.714971	0.714991	0.715876	0.71676	0.716438	0.716116	0.715225	0.714333	0.714074	0.713814	0.713802	0.71379	0.713817	0.713844	0.713848	0.713853	0.713862	0.713871	0.713852	0.713833	0.713787	0.713742	0.713678	0.713614	0.713509	0.713403	0.71331	
0.71331	0.713214	0.713074	0.712933	0.712832	0.71273	0.712578	0.712425	0.71245	0.712475	0.712604	0.712732	0.71309	0.713449	0.713599	0.71375	0.713821	0.713892	0.713288	0.712683	0.712132	0.71158	0.711521	0.711463	0.712439	0.713415	0.712867	0.71232	0.712265	0.712211	0.714052	0.712271	0.712765	0.710522	0.71731	0.717095	0.715363	0.713543	0.712545	0.712983	0.714559	0.715919	0.716064	0.716396	0.715495	0.714593	0.714256	0.713918	0.713865	0.713811	0.713836	0.71386	0.713858	0.713855	0.713866	0.713876	0.713856	0.713837	0.713793	0.713748	0.713684	0.713619	0.713513	0.713406	0.71331	
0.713275	0.713171	0.713035	0.712899	0.712806	0.712712	0.712576	0.712441	0.712492	0.712542	0.71274	0.712938	0.713336	0.713733	0.713891	0.714049	0.713821	0.713593	0.71263	0.711667	0.711263	0.710858	0.711971	0.713084	0.714186	0.715289	0.713522	0.711754	0.713183	0.714611	0.715596	0.714336	0.71665	0.721602	0.724146	0.717187	0.713304	0.710853	0.71035	0.711209	0.712654	0.714315	0.715132	0.715879	0.715231	0.714583	0.714299	0.714016	0.713926	0.713836	0.713855	0.713874	0.713859	0.713844	0.713859	0.713874	0.713845	0.713816	0.713776	0.713737	0.713661	0.713585	0.713481	0.713378	0.713275	
0.713239	0.713129	0.712997	0.712865	0.71278	0.712694	0.712575	0.712456	0.712533	0.71261	0.712877	0.713145	0.713581	0.714018	0.714183	0.714349	0.713821	0.713293	0.711972	0.71065	0.710393	0.710136	0.71242	0.714704	0.715933	0.717162	0.714176	0.711189	0.7141	0.717011	0.71714	0.71649	0.719298	0.723453	0.724448	0.717224	0.711899	0.709581	0.712233	0.71828	0.711438	0.712651	0.714171	0.715361	0.714967	0.714572	0.714343	0.714114	0.713987	0.71386	0.713874	0.713887	0.71386	0.713833	0.713853	0.713872	0.713834	0.713795	0.71376	0.713726	0.713638	0.71355	0.71345	0.71335	0.713239	
0.713299	0.713194	0.713074	0.712954	0.712879	0.712804	0.712712	0.71262	0.712703	0.712785	0.713051	0.713317	0.713814	0.714311	0.71448	0.714649	0.713977	0.713305	0.712055	0.710806	0.711004	0.711202	0.71429	0.717379	0.71668	0.71598	0.714004	0.712029	0.718208	0.724387	0.720493	0.718083	0.719721	0.722666	0.723605	0.720151	0.718589	0.717344	0.718895	0.723283	0.713368	0.711951	0.713657	0.714978	0.71473	0.714482	0.714291	0.714101	0.713999	0.713897	0.713908	0.713918	0.713892	0.713867	0.713884	0.713902	0.713863	0.713824	0.713793	0.713761	0.713678	0.713594	0.713499	0.713404	0.713299	
0.713359	0.71326	0.713151	0.713043	0.712979	0.712914	0.712849	0.712785	0.712873	0.712961	0.713225	0.713489	0.714046	0.714603	0.714776	0.714949	0.714133	0.713316	0.712139	0.710962	0.711615	0.712268	0.71616	0.720053	0.717426	0.714798	0.713833	0.712869	0.722316	0.731763	0.723845	0.715926	0.719515	0.723105	0.722899	0.726989	0.728607	0.726142	0.722191	0.716983	0.711892	0.711702	0.713488	0.714595	0.714493	0.714391	0.71424	0.714088	0.714011	0.713934	0.713941	0.713949	0.713925	0.713901	0.713916	0.713931	0.713892	0.713854	0.713825	0.713797	0.713717	0.713638	0.713548	0.713457	0.713359	
0.713349	0.713249	0.713144	0.71304	0.712989	0.712938	0.712873	0.712809	0.712916	0.713023	0.713214	0.713404	0.713958	0.714511	0.71465	0.71479	0.714268	0.713746	0.712797	0.711849	0.712106	0.712362	0.713861	0.715359	0.713779	0.712198	0.714525	0.716852	0.724651	0.73245	0.728903	0.725356	0.727802	0.730248	0.731485	0.736741	0.733919	0.729521	0.717109	0.708882	0.710146	0.712499	0.714084	0.714597	0.71447	0.714344	0.71425	0.714157	0.714068	0.713978	0.713971	0.713963	0.713934	0.713906	0.713919	0.713931	0.713886	0.713842	0.713817	0.713793	0.713707	0.713621	0.713535	0.713449	0.713349	
0.71334	0.713239	0.713137	0.713036	0.712999	0.712962	0.712897	0.712833	0.712959	0.713086	0.713202	0.713319	0.713869	0.714419	0.714525	0.71463	0.714403	0.714175	0.713455	0.712736	0.712596	0.712457	0.711561	0.710665	0.710131	0.709598	0.715217	0.720836	0.726986	0.733136	0.733962	0.734787	0.736089	0.742731	0.747815	0.745614	0.737541	0.733611	0.729114	0.710288	0.710458	0.713891	0.714881	0.714598	0.714447	0.714296	0.71426	0.714225	0.714124	0.714023	0.714	0.713977	0.713944	0.713911	0.713921	0.713931	0.713881	0.71383	0.71381	0.713789	0.713696	0.713603	0.713522	0.713441	0.71334	
0.713428	0.713334	0.713244	0.713155	0.713121	0.713087	0.713038	0.712989	0.713096	0.713203	0.713289	0.713376	0.713801	0.714226	0.714302	0.714377	0.714099	0.713822	0.712646	0.711471	0.711164	0.710857	0.711042	0.711227	0.711873	0.712518	0.718332	0.724146	0.726789	0.729432	0.729512	0.729591	0.731093	0.743762	0.74845	0.7459	0.739654	0.737756	0.729261	0.707533	0.711773	0.714722	0.715348	0.714949	0.714774	0.714599	0.714512	0.714426	0.714314	0.714202	0.714146	0.714091	0.714046	0.714	0.713999	0.713998	0.713943	0.713887	0.713867	0.713848	0.713759	0.713671	0.713596	0.713522	0.713428	
0.713515	0.713428	0.713351	0.713273	0.713242	0.713212	0.713179	0.713146	0.713233	0.71332	0.713377	0.713433	0.713734	0.714034	0.714078	0.714123	0.713796	0.713469	0.711838	0.710206	0.709732	0.709257	0.710523	0.711789	0.713614	0.715439	0.721447	0.727456	0.726592	0.731356	0.731587	0.729563	0.732037	0.737388	0.733476	0.722404	0.731709	0.736954	0.736833	0.722682	0.713249	0.714785	0.715689	0.715301	0.715101	0.714902	0.714764	0.714626	0.714504	0.714382	0.714293	0.714204	0.714147	0.71409	0.714077	0.714065	0.714005	0.713944	0.713925	0.713906	0.713822	0.713739	0.713671	0.713602	0.713516	
0.71351	0.713424	0.713345	0.713266	0.713247	0.713228	0.713181	0.713134	0.713234	0.713335	0.713342	0.713349	0.71363	0.713911	0.7139	0.713889	0.713604	0.71332	0.711832	0.710344	0.709748	0.709152	0.711576	0.714	0.715171	0.716342	0.720788	0.725235	0.725601	0.731297	0.730327	0.726741	0.727861	0.725976	0.704739	0.702816	0.718372	0.732246	0.74381	0.718028	0.71235	0.715538	0.716197	0.715861	0.715559	0.715257	0.715085	0.714912	0.714759	0.714605	0.714468	0.714332	0.714244	0.714157	0.714124	0.714092	0.714018	0.713944	0.713924	0.713904	0.713815	0.713726	0.713661	0.713595	0.71351	
0.713503	0.71342	0.713339	0.713259	0.713252	0.713245	0.713183	0.713122	0.713236	0.71335	0.713307	0.713265	0.713527	0.713789	0.713722	0.713655	0.713413	0.71317	0.711826	0.710482	0.709764	0.709047	0.712628	0.71621	0.716727	0.717245	0.720129	0.723013	0.72461	0.732417	0.729893	0.721264	0.719893	0.70731	0.693485	0.731396	0.753177	0.753355	0.752084	0.715852	0.716638	0.717118	0.717104	0.716421	0.716017	0.715612	0.715406	0.715199	0.715014	0.714829	0.714644	0.714459	0.714341	0.714224	0.714171	0.714118	0.714031	0.713944	0.713922	0.713901	0.713807	0.713714	0.713651	0.713587	0.713503	
0.713597	0.71352	0.713452	0.713384	0.713378	0.713371	0.71333	0.713288	0.713392	0.713497	0.713482	0.713467	0.713714	0.713962	0.713961	0.71396	0.714067	0.714173	0.713652	0.713131	0.712476	0.711822	0.713188	0.714554	0.715425	0.716297	0.718785	0.721274	0.723309	0.73151	0.72597	0.705907	0.695209	0.697706	0.720736	0.723005	0.751709	0.71801	0.722243	0.7187	0.718895	0.719083	0.718665	0.718006	0.717282	0.716558	0.716023	0.715488	0.715338	0.715188	0.714961	0.714734	0.714559	0.714385	0.714304	0.714222	0.714118	0.714013	0.71399	0.713967	0.713878	0.713788	0.713731	0.713673	0.713597	
0.71369	0.71362	0.713565	0.71351	0.713504	0.713498	0.713476	0.713454	0.713549	0.713644	0.713657	0.71367	0.713902	0.714135	0.7142	0.714265	0.714721	0.715177	0.715478	0.71578	0.715189	0.714597	0.713748	0.712898	0.714123	0.715349	0.717442	0.719535	0.722008	0.72968	0.723737	0.703305	0.695386	0.706409	0.711787	0.715176	0.715817	0.717692	0.719232	0.719906	0.720735	0.720856	0.720136	0.719592	0.718548	0.717504	0.716641	0.715778	0.715663	0.715547	0.715278	0.715009	0.714777	0.714545	0.714436	0.714327	0.714205	0.714082	0.714058	0.714034	0.713948	0.713862	0.713811	0.713759	0.71369	
0.713668	0.713603	0.713542	0.713481	0.713486	0.71349	0.713451	0.713412	0.71352	0.713629	0.713592	0.713556	0.713788	0.71402	0.713968	0.713917	0.714396	0.714875	0.714909	0.714943	0.713943	0.712943	0.712596	0.712249	0.714623	0.716997	0.718531	0.720065	0.721629	0.72816	0.725045	0.715513	0.709988	0.712585	0.713615	0.715157	0.716501	0.718014	0.719083	0.720088	0.720499	0.720734	0.720496	0.720053	0.718842	0.717631	0.716684	0.715737	0.715675	0.715613	0.715411	0.715209	0.714909	0.714609	0.714477	0.714344	0.714205	0.714066	0.714038	0.714011	0.713924	0.713838	0.713786	0.713734	0.713668	
0.713647	0.713585	0.713519	0.713453	0.713468	0.713483	0.713426	0.713369	0.713491	0.713613	0.713528	0.713443	0.713674	0.713904	0.713736	0.713568	0.714071	0.714573	0.71434	0.714107	0.712698	0.711289	0.711445	0.7116	0.715123	0.718646	0.71962	0.720595	0.721249	0.725984	0.726467	0.723154	0.719787	0.718189	0.717502	0.717456	0.718151	0.718854	0.719325	0.719769	0.720037	0.720719	0.720617	0.720515	0.719136	0.717757	0.716726	0.715695	0.715687	0.715679	0.715544	0.71541	0.715041	0.714673	0.714517	0.714361	0.714205	0.71405	0.714019	0.713989	0.713901	0.713814	0.713761	0.713709	0.713647	
0.713726	0.713671	0.713616	0.713561	0.713573	0.713585	0.713551	0.713518	0.713625	0.713732	0.7137	0.713668	0.713886	0.714105	0.7141	0.714094	0.714596	0.715098	0.715168	0.715237	0.713925	0.712613	0.713181	0.713749	0.716835	0.71992	0.720319	0.720717	0.72072	0.722322	0.723285	0.722675	0.721424	0.720501	0.71981	0.719331	0.719064	0.71899	0.719058	0.719382	0.720054	0.721159	0.720671	0.720182	0.71854	0.716898	0.716129	0.715361	0.715547	0.715732	0.715629	0.715525	0.715162	0.714799	0.714603	0.714407	0.714248	0.714088	0.714058	0.714028	0.713951	0.713874	0.713827	0.713781	0.713726	
0.713804	0.713756	0.713712	0.713668	0.713678	0.713687	0.713677	0.713666	0.713758	0.713851	0.713872	0.713893	0.714099	0.714305	0.714463	0.71462	0.715122	0.715624	0.715996	0.716368	0.715153	0.713937	0.714917	0.715897	0.718546	0.721195	0.721017	0.72084	0.720191	0.719541	0.719599	0.719657	0.720218	0.72078	0.720958	0.721136	0.720374	0.719612	0.719228	0.718843	0.720221	0.721599	0.720724	0.719849	0.717944	0.716038	0.715533	0.715028	0.715407	0.715786	0.715713	0.715641	0.715283	0.714925	0.714689	0.714454	0.71429	0.714126	0.714097	0.714068	0.714001	0.713935	0.713894	0.713852	0.713804	
0.71376	0.713717	0.713667	0.713617	0.713632	0.713647	0.71362	0.713592	0.713692	0.713793	0.71378	0.713766	0.71399	0.714214	0.714322	0.71443	0.714949	0.715468	0.715723	0.715978	0.715399	0.714819	0.71528	0.715741	0.717253	0.718766	0.720293	0.721821	0.72188	0.721938	0.72111	0.720281	0.720387	0.720493	0.72111	0.721727	0.72077	0.719813	0.719236	0.718658	0.71974	0.720821	0.720047	0.719273	0.717646	0.716019	0.715486	0.714953	0.715093	0.715234	0.715254	0.715274	0.715035	0.714797	0.714584	0.714371	0.71421	0.71405	0.714025	0.714	0.713943	0.713885	0.713844	0.713803	0.71376	
0.713716	0.713678	0.713622	0.713565	0.713586	0.713608	0.713563	0.713518	0.713627	0.713736	0.713688	0.71364	0.713881	0.714123	0.714181	0.714239	0.714776	0.715312	0.71545	0.715588	0.715645	0.715702	0.715643	0.715584	0.71596	0.716336	0.719569	0.722801	0.723568	0.724336	0.72262	0.720905	0.720556	0.720206	0.721262	0.722317	0.721166	0.720014	0.719243	0.718473	0.719258	0.720043	0.71937	0.718697	0.717349	0.716	0.715439	0.714878	0.71478	0.714682	0.714794	0.714907	0.714788	0.714669	0.714478	0.714288	0.714131	0.713973	0.713952	0.713932	0.713884	0.713836	0.713795	0.713754	0.713716	
0.713776	0.713743	0.713692	0.713642	0.713656	0.713671	0.71364	0.713609	0.71369	0.713771	0.713747	0.713723	0.713909	0.714096	0.714168	0.714241	0.71466	0.71508	0.715097	0.715114	0.71509	0.715066	0.714871	0.714677	0.715525	0.716373	0.718806	0.721239	0.722388	0.723537	0.722405	0.721274	0.719823	0.718372	0.718784	0.719197	0.718851	0.718504	0.718395	0.718285	0.718665	0.719045	0.718159	0.717274	0.71623	0.715185	0.714757	0.714329	0.714381	0.714432	0.714588	0.714745	0.714671	0.714598	0.714406	0.714214	0.714093	0.713972	0.713959	0.713946	0.713915	0.713884	0.713846	0.713809	0.713776	
0.713835	0.713808	0.713763	0.713718	0.713727	0.713735	0.713718	0.7137	0.713753	0.713806	0.713806	0.713805	0.713937	0.714069	0.714156	0.714243	0.714545	0.714848	0.714744	0.714641	0.714535	0.71443	0.7141	0.713769	0.715089	0.716409	0.718043	0.719677	0.721208	0.722739	0.72219	0.721642	0.71909	0.716537	0.716307	0.716077	0.716536	0.716994	0.717546	0.718097	0.718071	0.718046	0.716948	0.715851	0.715111	0.714371	0.714075	0.71378	0.713981	0.714181	0.714382	0.714583	0.714555	0.714527	0.714334	0.714141	0.714056	0.713971	0.713965	0.71396	0.713946	0.713932	0.713898	0.713863	0.713835	
0.71379	0.713766	0.713714	0.713663	0.713672	0.713682	0.713647	0.713613	0.713661	0.713709	0.713672	0.713634	0.713719	0.713804	0.713776	0.713749	0.713887	0.714026	0.71378	0.713534	0.713374	0.713214	0.713085	0.712955	0.713786	0.714616	0.715398	0.71618	0.717583	0.718986	0.718978	0.71897	0.717164	0.715358	0.715578	0.715797	0.716309	0.71682	0.717558	0.718297	0.717825	0.717354	0.716143	0.714931	0.714521	0.71411	0.714094	0.714077	0.714255	0.714434	0.714534	0.714635	0.714507	0.714379	0.714199	0.714018	0.713955	0.713891	0.713893	0.713894	0.713889	0.713883	0.713849	0.713814	0.71379	
0.713744	0.713723	0.713665	0.713607	0.713618	0.713629	0.713577	0.713525	0.713568	0.713612	0.713538	0.713463	0.713501	0.713539	0.713397	0.713254	0.713229	0.713204	0.712816	0.712428	0.712213	0.711998	0.71207	0.712142	0.712483	0.712824	0.712753	0.712683	0.713959	0.715234	0.715766	0.716298	0.715238	0.714179	0.714848	0.715518	0.716082	0.716646	0.717571	0.718497	0.71758	0.716662	0.715337	0.714012	0.713931	0.71385	0.714112	0.714374	0.71453	0.714687	0.714686	0.714686	0.714459	0.714232	0.714064	0.713896	0.713854	0.713812	0.71382	0.713828	0.713831	0.713834	0.7138	0.713765	0.713744	
0.713797	0.713778	0.713721	0.713665	0.713672	0.71368	0.713637	0.713594	0.713627	0.713659	0.713598	0.713537	0.713544	0.713551	0.713388	0.713226	0.713152	0.713079	0.712745	0.712411	0.712263	0.712116	0.712195	0.712274	0.712815	0.713356	0.712633	0.71191	0.712404	0.712898	0.713553	0.714208	0.714212	0.714216	0.714799	0.715382	0.715912	0.716442	0.717192	0.717941	0.71665	0.71536	0.714385	0.713409	0.713624	0.71384	0.714129	0.714418	0.714552	0.714687	0.714609	0.714531	0.714335	0.714139	0.714013	0.713888	0.71387	0.713852	0.713865	0.713878	0.713885	0.713891	0.713854	0.713817	0.713797	
0.713851	0.713833	0.713778	0.713723	0.713727	0.713731	0.713697	0.713663	0.713685	0.713707	0.713658	0.71361	0.713586	0.713563	0.71338	0.713197	0.713075	0.712954	0.712674	0.712393	0.712313	0.712233	0.71232	0.712407	0.713148	0.713889	0.712512	0.711136	0.71085	0.710563	0.71134	0.712118	0.713186	0.714254	0.71475	0.715246	0.715743	0.716239	0.716812	0.717384	0.715721	0.714059	0.713433	0.712807	0.713318	0.71383	0.714145	0.714461	0.714574	0.714687	0.714532	0.714377	0.714212	0.714046	0.713963	0.71388	0.713886	0.713893	0.713911	0.713929	0.713938	0.713948	0.713908	0.713868	0.713851	
0.713831	0.713814	0.713753	0.713693	0.713698	0.713704	0.71366	0.713615	0.713642	0.713669	0.71361	0.713551	0.713539	0.713527	0.713362	0.713197	0.71308	0.712963	0.712765	0.712567	0.712614	0.712662	0.712768	0.712874	0.713498	0.714122	0.713221	0.712321	0.711729	0.711138	0.711905	0.712673	0.713539	0.714405	0.714802	0.7152	0.715463	0.715726	0.716012	0.716298	0.714869	0.713439	0.713119	0.712799	0.71331	0.71382	0.714072	0.714325	0.714418	0.714511	0.714399	0.714286	0.714162	0.714038	0.713963	0.713888	0.713899	0.713909	0.713916	0.713924	0.713932	0.713939	0.713894	0.713848	0.713831	
0.713811	0.713795	0.713729	0.713663	0.71367	0.713677	0.713622	0.713568	0.7136	0.713631	0.713562	0.713492	0.713492	0.713492	0.713345	0.713197	0.713085	0.712972	0.712856	0.71274	0.712916	0.713091	0.713216	0.713342	0.713848	0.714354	0.71393	0.713505	0.712609	0.711713	0.71247	0.713228	0.713892	0.714555	0.714854	0.715154	0.715183	0.715213	0.715212	0.715211	0.714016	0.71282	0.712806	0.712792	0.713301	0.713811	0.713999	0.714188	0.714262	0.714336	0.714266	0.714195	0.714113	0.71403	0.713964	0.713897	0.713911	0.713925	0.713922	0.713919	0.713925	0.713931	0.713879	0.713827	0.713811	
0.713851	0.713838	0.713771	0.713704	0.713712	0.713719	0.71367	0.71362	0.71365	0.71368	0.713626	0.713571	0.713573	0.713574	0.713452	0.713329	0.713265	0.7132	0.71306	0.712921	0.713118	0.713316	0.713467	0.713618	0.713956	0.714294	0.714055	0.713816	0.713243	0.712671	0.713313	0.713956	0.714202	0.714448	0.714728	0.715008	0.715071	0.715134	0.714926	0.714718	0.713923	0.713128	0.713063	0.712999	0.713406	0.713814	0.713952	0.71409	0.714182	0.714274	0.714216	0.714159	0.714098	0.714037	0.713986	0.713935	0.713955	0.713976	0.713968	0.71396	0.713966	0.713972	0.713918	0.713864	0.713851	
0.71389	0.71388	0.713813	0.713746	0.713754	0.713762	0.713718	0.713673	0.713701	0.713728	0.713689	0.71365	0.713653	0.713656	0.713559	0.713462	0.713445	0.713428	0.713265	0.713102	0.713321	0.71354	0.713717	0.713894	0.714064	0.714235	0.71418	0.714126	0.713878	0.713629	0.714156	0.714684	0.714512	0.714341	0.714601	0.714862	0.714959	0.715056	0.714641	0.714225	0.71383	0.713436	0.713321	0.713207	0.713511	0.713816	0.713904	0.713991	0.714101	0.714212	0.714167	0.714123	0.714083	0.714043	0.714008	0.713973	0.714	0.714027	0.714014	0.714001	0.714007	0.714014	0.713957	0.7139	0.71389	
0.713895	0.713889	0.713819	0.713748	0.713759	0.713769	0.713716	0.713663	0.713693	0.713724	0.713676	0.713628	0.713642	0.713656	0.713559	0.713463	0.713462	0.713462	0.713313	0.713165	0.713343	0.713521	0.713597	0.713674	0.713814	0.713954	0.713936	0.713917	0.713731	0.713544	0.71398	0.714415	0.714241	0.714067	0.714329	0.714592	0.71471	0.714828	0.714519	0.71421	0.713895	0.713579	0.713461	0.713342	0.713551	0.713761	0.713836	0.713912	0.714015	0.714118	0.714084	0.714049	0.714041	0.714033	0.714005	0.713978	0.714012	0.714045	0.714024	0.714002	0.714012	0.714021	0.713961	0.713901	0.713895	
0.7139	0.713898	0.713824	0.71375	0.713763	0.713776	0.713715	0.713653	0.713686	0.713719	0.713663	0.713606	0.713631	0.713656	0.71356	0.713464	0.71348	0.713496	0.713362	0.713228	0.713365	0.713501	0.713478	0.713454	0.713564	0.713674	0.713691	0.713708	0.713583	0.713459	0.713803	0.714146	0.71397	0.713793	0.714057	0.714322	0.71446	0.714599	0.714397	0.714195	0.713959	0.713722	0.7136	0.713477	0.713591	0.713705	0.713769	0.713833	0.713929	0.714025	0.714	0.713975	0.713999	0.714023	0.714003	0.713983	0.714023	0.714064	0.714034	0.714003	0.714016	0.714029	0.713966	0.713902	0.7139	
0.713923	0.713926	0.713854	0.713783	0.713796	0.71381	0.713751	0.713691	0.713721	0.713751	0.7137	0.713649	0.713674	0.713698	0.713617	0.713537	0.713548	0.71356	0.713439	0.713317	0.713424	0.71353	0.713465	0.713399	0.713516	0.713632	0.713643	0.713654	0.713592	0.713529	0.713765	0.714001	0.7139	0.713799	0.713989	0.714179	0.71429	0.714401	0.714239	0.714076	0.713911	0.713747	0.713623	0.713499	0.713613	0.713728	0.713765	0.713803	0.713896	0.713989	0.71397	0.713952	0.713988	0.714025	0.714009	0.713993	0.714032	0.714072	0.714042	0.714012	0.714027	0.714042	0.713981	0.71392	0.713923	
0.713946	0.713953	0.713884	0.713815	0.71383	0.713844	0.713787	0.713729	0.713756	0.713783	0.713738	0.713693	0.713716	0.71374	0.713674	0.713609	0.713616	0.713624	0.713515	0.713406	0.713483	0.713559	0.713452	0.713344	0.713467	0.713591	0.713596	0.713601	0.7136	0.7136	0.713728	0.713855	0.71383	0.713804	0.71392	0.714036	0.71412	0.714204	0.71408	0.713956	0.713864	0.713772	0.713646	0.71352	0.713635	0.71375	0.713761	0.713773	0.713863	0.713953	0.713941	0.713928	0.713977	0.714026	0.714014	0.714003	0.714041	0.71408	0.71405	0.714021	0.714038	0.714054	0.713996	0.713938	0.713946	
0.713972	0.713988	0.713918	0.713848	0.713868	0.713887	0.713821	0.713756	0.713783	0.71381	0.713753	0.713695	0.71372	0.713745	0.713673	0.713601	0.713615	0.713629	0.713521	0.713414	0.713475	0.713535	0.713429	0.713323	0.713429	0.713535	0.713528	0.71352	0.71353	0.71354	0.713625	0.71371	0.713695	0.713681	0.713735	0.713789	0.713866	0.713944	0.71384	0.713736	0.713712	0.713687	0.713594	0.713501	0.713616	0.71373	0.713731	0.713732	0.713827	0.713921	0.713908	0.713894	0.713956	0.714018	0.714001	0.713984	0.714032	0.714081	0.714048	0.714015	0.714042	0.71407	0.714012	0.713955	0.713972	
0.713998	0.714023	0.713952	0.713881	0.713906	0.71393	0.713856	0.713782	0.71381	0.713838	0.713767	0.713696	0.713723	0.713751	0.713671	0.713592	0.713613	0.713634	0.713528	0.713422	0.713467	0.713512	0.713407	0.713302	0.713391	0.713479	0.713459	0.713439	0.71346	0.71348	0.713522	0.713564	0.713561	0.713557	0.71355	0.713542	0.713612	0.713683	0.7136	0.713516	0.71356	0.713603	0.713543	0.713483	0.713596	0.713709	0.7137	0.713691	0.71379	0.71389	0.713874	0.713859	0.713935	0.71401	0.713988	0.713965	0.714024	0.714082	0.714045	0.714008	0.714047	0.714085	0.714029	0.713972	0.713998	
0.71401	0.71404	0.713975	0.713911	0.713935	0.713959	0.713888	0.713817	0.71384	0.713862	0.713793	0.713723	0.713743	0.713763	0.713689	0.713615	0.713632	0.713649	0.713558	0.713467	0.713506	0.713545	0.713454	0.713363	0.713443	0.713522	0.713501	0.71348	0.713512	0.713543	0.713563	0.713583	0.713601	0.71362	0.713593	0.713567	0.713631	0.713694	0.713606	0.713517	0.713578	0.71364	0.71358	0.713521	0.713626	0.713731	0.713715	0.713699	0.71379	0.713881	0.713865	0.713848	0.713918	0.713987	0.713967	0.713947	0.714003	0.714058	0.714028	0.713997	0.714037	0.714078	0.714029	0.71398	0.71401	
0.714022	0.714056	0.713998	0.71394	0.713964	0.713989	0.713921	0.713853	0.713869	0.713886	0.713818	0.713751	0.713763	0.713775	0.713706	0.713637	0.713651	0.713665	0.713589	0.713512	0.713545	0.713578	0.713502	0.713425	0.713494	0.713564	0.713543	0.713522	0.713563	0.713605	0.713604	0.713602	0.713642	0.713682	0.713637	0.713592	0.713649	0.713705	0.713612	0.713518	0.713597	0.713676	0.713618	0.71356	0.713656	0.713752	0.71373	0.713708	0.71379	0.713872	0.713855	0.713838	0.7139	0.713963	0.713946	0.71393	0.713982	0.714035	0.71401	0.713986	0.714028	0.714071	0.714029	0.713988	0.714022	
0.714065	0.714111	0.714053	0.713995	0.714026	0.714058	0.713983	0.713908	0.713925	0.713943	0.713861	0.71378	0.71379	0.713801	0.713718	0.713634	0.713647	0.713659	0.713575	0.713491	0.713521	0.713552	0.713476	0.7134	0.71346	0.713519	0.713489	0.713459	0.713502	0.713544	0.713532	0.71352	0.713565	0.713609	0.713565	0.71352	0.713583	0.713645	0.713564	0.713482	0.713565	0.713647	0.71359	0.713533	0.71363	0.713728	0.7137	0.713672	0.713758	0.713845	0.713822	0.713798	0.713871	0.713944	0.713923	0.713902	0.713967	0.714032	0.714007	0.713983	0.71404	0.714096	0.714057	0.714018	0.714065	
0.714107	0.714166	0.714108	0.714049	0.714088	0.714127	0.714045	0.713962	0.713981	0.713999	0.713904	0.71381	0.713818	0.713826	0.713729	0.713632	0.713642	0.713652	0.713561	0.71347	0.713498	0.713526	0.71345	0.713374	0.713425	0.713475	0.713436	0.713396	0.71344	0.713484	0.713461	0.713438	0.713488	0.713537	0.713492	0.713448	0.713516	0.713585	0.713516	0.713447	0.713532	0.713618	0.713562	0.713507	0.713605	0.713704	0.713669	0.713635	0.713727	0.713818	0.713789	0.713759	0.713842	0.713924	0.7139	0.713875	0.713953	0.71403	0.714005	0.71398	0.714051	0.714122	0.714085	0.714049	0.714107	
0.714113	0.714172	0.714122	0.714072	0.714109	0.714146	0.714069	0.713992	0.714005	0.714017	0.713925	0.713833	0.713833	0.713833	0.713738	0.713644	0.713647	0.71365	0.713565	0.713479	0.713502	0.713525	0.713458	0.713391	0.713438	0.713485	0.71345	0.713414	0.713462	0.713509	0.713486	0.713463	0.713516	0.713569	0.713528	0.713487	0.713551	0.713615	0.713552	0.71349	0.713567	0.713645	0.713593	0.713541	0.713628	0.713714	0.71368	0.713645	0.713725	0.713804	0.713777	0.71375	0.713823	0.713897	0.713877	0.713857	0.71393	0.714003	0.713985	0.713967	0.714038	0.714109	0.714081	0.714053	0.714113	
0.714118	0.714178	0.714137	0.714095	0.71413	0.714164	0.714093	0.714022	0.714028	0.714035	0.713945	0.713855	0.713847	0.713839	0.713747	0.713655	0.713651	0.713648	0.713568	0.713488	0.713506	0.713524	0.713466	0.713408	0.713452	0.713495	0.713464	0.713432	0.713483	0.713534	0.713511	0.713488	0.713545	0.713601	0.713563	0.713526	0.713585	0.713645	0.713589	0.713532	0.713602	0.713672	0.713624	0.713576	0.71365	0.713725	0.71369	0.713655	0.713723	0.713791	0.713766	0.71374	0.713805	0.71387	0.713854	0.713839	0.713907	0.713976	0.713965	0.713954	0.714025	0.714095	0.714076	0.714057	0.714118	
0.714161	0.714233	0.71419	0.714146	0.714188	0.714231	0.714154	0.714076	0.714086	0.714095	0.713994	0.713893	0.713884	0.713874	0.71377	0.713666	0.71366	0.713653	0.713564	0.713474	0.713489	0.713504	0.713439	0.713374	0.713414	0.713455	0.713418	0.713381	0.713432	0.713483	0.713457	0.71343	0.713489	0.713548	0.713511	0.713473	0.713536	0.713599	0.713547	0.713495	0.713566	0.713638	0.713591	0.713544	0.71362	0.713696	0.71366	0.713623	0.713696	0.713768	0.713741	0.713713	0.713786	0.713859	0.713842	0.713825	0.713904	0.713984	0.713973	0.713961	0.714044	0.714127	0.714108	0.714089	0.714161	
0.714205	0.714289	0.714242	0.714196	0.714247	0.714298	0.714214	0.71413	0.714143	0.714155	0.714043	0.713931	0.71392	0.713909	0.713793	0.713678	0.713668	0.713659	0.713559	0.71346	0.713471	0.713483	0.713412	0.71334	0.713377	0.713414	0.713371	0.713329	0.713381	0.713433	0.713403	0.713372	0.713433	0.713494	0.713458	0.713421	0.713487	0.713554	0.713506	0.713457	0.713531	0.713604	0.713558	0.713512	0.713589	0.713667	0.713629	0.713591	0.713668	0.713745	0.713716	0.713686	0.713767	0.713848	0.71383	0.713811	0.713901	0.713992	0.71398	0.713969	0.714064	0.71416	0.71414	0.714121	0.714205	
0.714196	0.714275	0.714235	0.714196	0.714242	0.714288	0.714211	0.714135	0.714142	0.714149	0.714043	0.713938	0.713921	0.713905	0.713795	0.713684	0.713672	0.713659	0.713564	0.71347	0.71348	0.71349	0.713423	0.713356	0.713393	0.71343	0.713391	0.713353	0.713405	0.713457	0.713431	0.713404	0.713463	0.713522	0.713491	0.713459	0.71352	0.71358	0.713538	0.713496	0.713561	0.713625	0.713584	0.713544	0.713611	0.713679	0.713645	0.713612	0.713679	0.713747	0.713721	0.713696	0.713768	0.713841	0.713826	0.713811	0.713895	0.713979	0.713971	0.713963	0.714054	0.714144	0.71413	0.714117	0.714196	
