y	b	bdiff	u.x	u.y	u.z	Ri	
0	0.0246906	3.75852e-05	0	0	0	5.69519e+06
12.5	0.0493034	1.22437e-06	3.95838e-06	-8.7835e-06	6.02656e-08	3.10623e+06
25	0.0986039	-1.24467e-06	-0.000272838	0.000431527	-0.000344718	314095
37.5	0.148036	0.000116149	0.00316662	0.000545435	-0.000917841	275416
45.8045	0.180765	0.000110899	0.049301	1.82075e-06	-0.0038083	388148
50.0227	0.197239	-5.47818e-05	0.105111	4.41907e-05	0.00286872	275284
52.0264	0.205135	-5.35564e-05	0.0547022	0.00118508	-0.000267747	221437
54.6773	0.215505	-0.000143306	0.0120585	0.000803192	-0.0013218	150821
58.8955	0.232142	-0.000145475	0.000282353	-0.000125204	-0.00117619	123446
65.1455	0.256899	-4.38004e-05	0.000698045	0.000912547	-0.000853833	157421
73.8166	0.291139	-5.34005e-06	-0.000292154	-1.40843e-05	-0.000202464	329822
82.4877	0.325368	2.16296e-05	2.01021e-06	0.000271559	-2.56889e-08	774349
94.9877	0.369736	-2.80501e-05	1.28436e-07	-0.00026772	4.97353e-08	2.82114e+06
