y	b	u.x	u.y	u.z	
0.195312	0.00147219	-4.36247e-09	-6.56825e-06	-6.90556e-09
2.21157	0.0166699	-4.93972e-08	-7.43738e-05	-7.81933e-08
4.22782	0.0318677	2.98797e-07	-6.77745e-05	-7.53401e-08
6.24408	0.0470654	9.7269e-07	4.51836e-07	-1.10787e-08
8.26034	0.0622632	1.64658e-06	6.86781e-05	5.31827e-08
10.2766	0.0774609	2.33298e-06	7.55907e-05	1.40981e-07
12.2928	0.0926587	3.03483e-06	6.69939e-06	2.57877e-07
14.3091	0.107856	3.73668e-06	-6.21919e-05	3.74774e-07
16.3254	0.123054	4.91339e-06	-8.2697e-05	4.38897e-07
18.3416	0.138252	6.98231e-06	-1.22901e-05	4.03865e-07
20.3579	0.15345	9.05123e-06	5.81167e-05	3.68832e-07
22.3741	0.168647	1.12853e-05	9.31415e-05	4.67988e-07
24.3904	0.183845	1.40213e-05	2.06212e-05	9.7501e-07
26.4066	0.199043	1.67574e-05	-5.18992e-05	1.48203e-06
28.4229	0.214241	2.00731e-05	-0.000102535	1.86962e-06
30.4392	0.229439	2.67328e-05	-2.69321e-05	1.56826e-06
32.4554	0.244637	3.33924e-05	4.86705e-05	1.26689e-06
34.4717	0.259835	4.04982e-05	0.000116824	1.05985e-06
36.4879	0.275034	5.64639e-05	3.70443e-05	2.72583e-06
38.5042	0.290233	7.24297e-05	-4.2735e-05	4.39182e-06
40.5204	0.305432	8.83954e-05	-0.000122514	6.0578e-06
42.5367	0.320632	0.000119504	-4.61591e-05	4.28528e-06
44.5529	0.335832	0.000151441	3.87362e-05	2.32467e-06
46.5692	0.351032	0.000183378	0.000123632	3.6407e-07
48.5855	0.366232	0.000246388	5.86086e-05	4.33046e-06
50.6017	0.381433	0.000314954	-3.32168e-05	9.35649e-06
52.618	0.396634	0.000383519	-0.000125042	1.43825e-05
54.6342	0.41183	0.000323677	-7.37358e-05	8.89068e-06
56.6505	0.427026	0.000220697	2.56563e-05	-1.34658e-07
58.6667	0.442221	0.000117716	0.000125048	-9.16e-06
60.683	0.457443	-5.23489e-05	8.95033e-05	5.22437e-06
62.6993	0.47268	-0.000258739	-1.91081e-05	3.22847e-05
64.7155	0.487917	-0.000465129	-0.00012772	5.93451e-05
66.7318	0.503239	-0.000405556	-9.45827e-05	9.05178e-05
68.748	0.51863	-0.000127427	5.5037e-05	0.00012507
70.7643	0.534012	-0.000398854	9.41075e-05	0.00014697
72.7805	0.549309	0.00207903	0.000179109	0.000177282
74.7968	0.564621	0.00881364	2.43915e-05	-4.75699e-05
76.813	0.58006	0.0188399	-0.000428639	-3.33734e-05
78.8293	0.595214	0.0239708	-0.00066173	-0.000511317
80.8456	0.610087	0.028458	-0.000108696	0.000211397
82.8618	0.624914	0.0316639	0.000370456	-0.000622181
84.8781	0.639679	0.0309337	6.4062e-05	-0.00059811
86.8943	0.654509	0.0219651	3.13526e-05	-0.000835975
88.9106	0.669416	0.0127541	2.42849e-05	5.48642e-05
90.9268	0.684369	0.00678504	0.0002737	-7.5298e-05
92.9431	0.699622	0.0050848	7.01642e-05	-0.000172043
94.9593	0.714883	0.00334626	-6.95998e-05	-0.000167958
96.9756	0.730169	0.00189182	-5.08747e-05	-1.60083e-05
98.9919	0.745542	0.00183819	-4.54589e-05	8.07426e-05
101.008	0.76096	0.000426992	-4.46184e-05	0.000101181
103.024	0.776356	0.000344061	-2.31144e-06	8.24158e-05
105.041	0.791627	0.000312626	4.1753e-05	3.92403e-05
107.057	0.806867	0.000292369	-3.05932e-05	3.83078e-05
109.073	0.822123	0.000156129	-0.000134307	2.88996e-05
111.089	0.837329	9.63237e-05	-0.000100901	2.15643e-05
113.106	0.852534	7.95517e-05	4.62252e-05	1.58642e-05
115.122	0.867735	5.35125e-05	0.000154932	9.64723e-06
117.138	0.882934	4.38746e-05	9.49385e-05	6.41025e-06
119.154	0.898132	3.96896e-05	-2.11441e-05	4.16403e-06
121.171	0.91333	3.55046e-05	-0.000137227	1.91782e-06
123.187	0.928528	2.95676e-05	-0.00010359	1.16698e-06
125.203	0.943726	2.26901e-05	1.0424e-05	1.21894e-06
127.219	0.958924	1.58126e-05	0.000124438	1.27089e-06
129.236	0.974122	1.23895e-05	0.000113793	1.11669e-06
131.252	0.98932	1.17826e-05	1.51473e-06	7.9442e-07
133.268	1.00452	1.11757e-05	-0.000110764	4.72145e-07
135.284	1.01972	9.72006e-06	-0.00012241	3.07426e-07
137.301	1.03491	7.23142e-06	-1.15921e-05	3.34444e-07
139.317	1.05011	4.74278e-06	9.92261e-05	3.61463e-07
141.333	1.06531	3.13922e-06	0.000132599	3.44777e-07
143.349	1.08051	3.17028e-06	2.29421e-05	2.47378e-07
145.366	1.0957	3.20134e-06	-8.67149e-05	1.49978e-07
147.382	1.1109	3.02976e-06	-0.000141481	7.90576e-08
149.398	1.1261	2.25495e-06	-3.2849e-05	8.69593e-08
151.415	1.1413	1.48015e-06	7.57828e-05	9.4861e-08
153.431	1.1565	8.265e-07	0.000151586	9.77615e-08
155.447	1.17169	8.50589e-07	4.37469e-05	7.26862e-08
157.463	1.18689	8.74679e-07	-6.40917e-05	4.76108e-08
159.48	1.20209	8.86012e-07	-0.000160785	2.39475e-08
161.496	1.21729	6.64101e-07	-5.36735e-05	2.61048e-08
163.512	1.23248	4.42189e-07	5.34381e-05	2.82621e-08
165.528	1.24768	2.20277e-07	0.00016055	3.04194e-08
167.545	1.26288	2.17931e-07	6.42362e-05	2.40964e-08
169.561	1.27808	2.26645e-07	-4.23234e-05	1.73463e-08
171.577	1.29327	2.35358e-07	-0.000148883	1.05961e-08
173.593	1.30847	1.7994e-07	-7.42339e-05	9.67793e-09
175.61	1.32367	1.13404e-07	3.18325e-05	9.77084e-09
177.626	1.33887	4.68671e-08	0.000137899	9.86376e-09
179.642	1.35407	3.61885e-08	8.46115e-05	8.31695e-09
181.658	1.36926	4.3888e-08	-2.11054e-05	6.23066e-09
183.675	1.38446	5.15875e-08	-0.000126822	4.14437e-09
185.691	1.39966	3.95849e-08	-9.47327e-05	3.278e-09
187.707	1.41486	1.70957e-08	1.07052e-05	3.06095e-09
189.723	1.43005	-5.39349e-09	0.000116143	2.84389e-09
191.74	1.44525	-1.38212e-08	0.000105084	2.49052e-09
193.756	1.46045	-1.08747e-08	-2.07202e-07	2.02689e-09
195.772	1.47565	-7.92828e-09	-0.000105498	1.56326e-09
197.788	1.49084	-6.31665e-09	-0.00011542	1.30966e-09
199.805	1.50604	-6.31665e-09	-1.01942e-05	1.30966e-09
