y	b	u.x	u.y	u.z	
0.195312	0.00147218	4.41633e-09	2.31415e-05	-1.95433e-10
2.21157	0.0166699	5.00072e-08	0.000262037	-2.21294e-09
4.22782	0.0318675	6.60013e-08	0.000238436	-1.95328e-09
6.24408	0.0470652	5.74816e-08	-2.5804e-06	1.92466e-10
8.26034	0.0622629	4.89619e-08	-0.000243597	2.33821e-09
10.2766	0.0774606	6.01854e-08	-0.0002667	3.82194e-09
12.2928	0.0926583	9.58181e-08	-2.03916e-05	4.48719e-09
14.3091	0.107856	1.31451e-07	0.000225917	5.15244e-09
16.3254	0.123054	1.75806e-07	0.000297998	6.50157e-09
18.3416	0.138251	2.36549e-07	4.27259e-05	9.13565e-09
20.3579	0.153449	2.97292e-07	-0.000212546	1.17697e-08
22.3741	0.168647	3.79503e-07	-0.000338611	1.47374e-08
24.3904	0.183844	5.26969e-07	-7.19433e-05	1.87192e-08
26.4066	0.199042	6.74435e-07	0.000194724	2.2701e-08
28.4229	0.21424	8.34493e-07	0.000380586	2.80974e-08
30.4392	0.229437	1.06718e-06	0.000100339	4.16532e-08
32.4554	0.244635	1.29987e-06	-0.000179908	5.52091e-08
34.4717	0.259833	1.56469e-06	-0.000432575	6.99221e-08
36.4879	0.275031	2.46766e-06	-0.000137568	1.07613e-07
38.5042	0.290228	3.37062e-06	0.000157439	1.45305e-07
40.5204	0.305426	4.27358e-06	0.000452446	1.82996e-07
42.5367	0.320624	5.73718e-06	0.000173967	2.6714e-07
44.5529	0.335822	7.23144e-06	-0.000135879	3.53824e-07
46.5692	0.35102	8.7257e-06	-0.000445726	4.40509e-07
48.5855	0.366219	1.58944e-05	-0.000216971	5.39122e-07
50.6017	0.381419	2.40777e-05	0.000108076	6.39867e-07
52.618	0.396619	3.22609e-05	0.000433123	7.40613e-07
54.6342	0.411819	4.47503e-05	0.000261333	-3.51767e-08
56.6505	0.427021	5.86863e-05	-7.7371e-05	-1.10544e-06
58.6667	0.442222	7.26223e-05	-0.000416075	-2.1757e-06
60.683	0.457427	9.91022e-05	-0.000304152	2.62459e-05
62.6993	0.472635	0.000138291	4.03944e-05	7.41213e-05
64.7155	0.487843	0.000176315	0.00036967	0.000119518
66.7318	0.503083	0.000372556	0.000409241	0.000157503
68.748	0.518348	0.000738613	6.18252e-05	0.000181785
70.7643	0.533604	0.000936772	-0.000216916	0.000136908
72.7805	0.548876	0.00193924	-0.000273198	0.000148228
74.7968	0.564164	0.00579735	4.12548e-05	0.00028501
76.813	0.579489	0.0118264	4.03041e-05	0.000274264
78.8293	0.594825	0.0178155	-0.000266461	-0.000217798
80.8456	0.609863	0.0176385	-1.7004e-05	-0.000252773
82.8618	0.624813	0.0139365	0.000301475	-0.00105893
84.8781	0.639689	0.00865219	0.000414092	-0.000153289
86.8943	0.654687	0.00482326	0.00012852	5.78359e-05
88.9106	0.669821	0.00381738	-0.000203088	-0.000175839
90.9268	0.684895	0.00206375	-0.000340384	0.000263399
92.9431	0.700103	0.00163333	-0.000135549	2.28479e-05
94.9593	0.71536	0.00155885	0.000192331	4.69443e-05
96.9756	0.73062	0.00150448	0.000450094	2.96059e-05
98.9919	0.74589	0.00141733	0.000138875	4.1771e-05
101.008	0.761191	8.00819e-05	-0.000147236	5.12888e-05
103.024	0.776471	-2.94191e-05	-0.000433799	2.42258e-05
105.041	0.791706	-1.96495e-06	-0.000152997	1.01788e-05
107.057	0.80692	9.53329e-06	9.37817e-05	6.81313e-06
109.073	0.82214	-1.2957e-05	0.00027385	3.69949e-06
111.089	0.837336	-3.92077e-06	0.000142355	3.62208e-06
113.106	0.85254	-6.97804e-06	-4.6242e-05	1.58162e-06
115.122	0.867739	-7.47922e-07	-0.000231092	6.12238e-07
117.138	0.882937	8.10968e-07	-0.000147158	2.65339e-07
119.154	0.898135	8.16796e-07	2.61391e-05	1.254e-07
121.171	0.913332	8.22624e-07	0.000199436	-1.45399e-08
123.187	0.92853	8.6664e-07	0.000154683	-4.20997e-08
125.203	0.943728	9.31158e-07	-7.13185e-06	-9.32788e-09
127.219	0.958926	9.95675e-07	-0.000168947	2.3444e-08
129.236	0.974123	8.3652e-07	-0.000158763	2.81801e-08
131.252	0.989321	4.95006e-07	-8.34902e-06	1.00588e-08
133.268	1.00452	1.53491e-07	0.000142065	-8.06258e-09
135.284	1.01972	1.22782e-08	0.000161747	-1.37768e-08
137.301	1.03491	1.14823e-07	2.23355e-05	-4.39219e-09
139.317	1.05011	2.17367e-07	-0.000117076	4.99242e-09
141.333	1.06531	2.47977e-07	-0.000162221	9.03114e-09
143.349	1.08051	1.45736e-07	-3.327e-05	3.19678e-09
145.366	1.0957	4.34947e-08	9.56812e-05	-2.63758e-09
147.382	1.1109	-2.34383e-08	0.00016221	-6.18055e-09
149.398	1.1261	1.47333e-08	4.29229e-05	-2.90257e-09
151.415	1.1413	5.29048e-08	-7.63644e-05	3.75402e-10
153.431	1.1565	8.06314e-08	-0.000160795	2.86714e-09
155.447	1.17169	4.99297e-08	-5.02423e-05	9.60792e-10
157.463	1.18689	1.9228e-08	6.03106e-05	-9.4556e-10
159.48	1.20209	-9.25303e-09	0.000159796	-2.6901e-09
161.496	1.21729	2.87243e-09	5.69038e-05	-1.4758e-09
163.512	1.23248	1.49979e-08	-4.59885e-05	-2.61496e-10
165.528	1.24768	2.71233e-08	-0.000148881	9.52807e-10
167.545	1.26288	1.89361e-08	-6.2085e-05	4.02435e-10
169.561	1.27808	9.72567e-09	3.42652e-05	-2.36821e-10
171.577	1.29327	5.15265e-10	0.000130615	-8.76078e-10
173.593	1.30847	1.83588e-09	6.72927e-05	-6.22146e-10
175.61	1.32367	4.98232e-09	-2.37133e-05	-2.13357e-10
177.626	1.33887	8.12876e-09	-0.000114719	1.95432e-10
179.642	1.35407	7.06351e-09	-7.19182e-05	1.72265e-10
181.658	1.36926	4.61255e-09	1.49074e-05	6.97817e-12
183.675	1.38446	2.16159e-09	0.000101733	-1.58309e-10
185.691	1.39966	1.73912e-09	7.71553e-05	-1.61752e-10
187.707	1.41486	2.39633e-09	-6.71709e-06	-7.90532e-11
189.723	1.43005	3.05354e-09	-9.05895e-05	3.64573e-12
191.74	1.44525	3.09402e-09	-8.27221e-05	3.78853e-11
193.756	1.46045	2.63564e-09	-6.48171e-07	3.2927e-11
195.772	1.47565	2.17727e-09	8.14258e-05	2.79687e-11
197.788	1.49084	1.92655e-09	8.93965e-05	2.52566e-11
199.805	1.50604	1.92655e-09	7.8957e-06	2.52566e-11
