y	b	Ri	bdiff	u.x	u.y	u.z	
0	0.0574134	19188	0.00124036	4.19629e-05	0	9.43061e-06
6.25	0.110262	19419.4	-0.000313112	3.43679e-05	0.000175476	0.000352506
11.4488	0.206057	14321.5	0.000339677	0.00279691	-0.000163674	0.0006004
15.9942	0.279963	6763.71	0.00320567	0.00842244	-0.00186761	0.00388246
18.1743	0.329669	9537	0.00414839	0.0701012	-0.000638125	-0.00203224
19.9109	0.342021	9982.99	0.00345191	0.171071	0.00147981	0.00278054
21.0317	0.35883	13382.5	0.00190666	0.233925	-8.51316e-05	0.00949206
21.8211	0.360432	14280.7	0.000952185	0.275715	-0.000868288	0.00838544
22.5352	0.373087	11471.4	-0.000206574	0.298418	-0.00158836	0.0123452
23.1832	0.399057	11815.8	-0.000675441	0.324953	-0.00147881	0.00649333
23.8301	0.394605	10737	-0.00119933	0.316473	-3.68005e-05	-0.0025135
24.4614	0.403286	9452.11	-0.00161565	0.293307	0.000673622	-0.003831
25.1119	0.407103	8090.9	-0.0020156	0.261617	0.00040982	-0.00931919
25.7857	0.437993	6808.56	-0.00287764	0.217271	0.00175013	-0.0138075
26.4803	0.453068	4809.93	-0.00393969	0.153909	0.00254256	-0.00707297
27.2367	0.460445	3474.61	-0.00445463	0.106008	0.00272982	-0.00263268
28.2175	0.493603	2183.22	-0.00397732	0.0647917	0.00275858	-0.000656487
29.6255	0.524914	2541.47	-0.00293113	0.0130734	8.22201e-05	0.00161076
31.4356	0.556896	3251.6	-0.00128633	0.00335679	-0.000957428	0.00102981
35.0071	0.628618	7500.82	-0.000346695	0.000293225	-0.00242562	0.000831052
38.9599	0.699856	26351.7	-0.000134706	0.000308307	0.00106005	0.000245798
45.2099	0.812255	218199	-3.26131e-05	0.000157929	-0.00105044	7.04532e-06
