x=200	y=90	z=200	n=65	len=1
b
0.675508	0.675483	0.675456	0.675429	0.675405	0.675392	0.675395	0.675417	0.675459	0.675521	0.675601	0.675695	0.675797	0.675902	0.675998	0.676075	0.676109	0.6761	0.676029	0.675915	0.675738	0.675539	0.675305	0.675076	0.674841	0.674632	0.67441	0.674226	0.673969	0.673796	0.673334	0.673882	0.676261	0.675865	0.674465	0.674862	0.675286	0.67585	0.676261	0.676576	0.676782	0.676889	0.676913	0.676863	0.676755	0.6766	0.676422	0.676225	0.67603	0.675842	0.675679	0.675544	0.675444	0.675372	0.675333	0.675321	0.675335	0.675362	0.675402	0.675443	0.67548	0.675509	0.675525	0.675525	0.675508	
0.675862	0.675855	0.675834	0.675803	0.675765	0.675727	0.675696	0.675676	0.675669	0.675679	0.675704	0.675742	0.675789	0.675841	0.675887	0.675921	0.675926	0.675902	0.675835	0.675742	0.6756	0.675442	0.675248	0.675062	0.674862	0.674686	0.674496	0.67433	0.674089	0.673856	0.673367	0.673338	0.675232	0.676019	0.675321	0.675296	0.675591	0.676091	0.676464	0.676736	0.676903	0.676978	0.676979	0.676909	0.676786	0.676614	0.676421	0.676209	0.676002	0.675806	0.675641	0.67551	0.675417	0.675357	0.675336	0.675346	0.675387	0.675448	0.675524	0.675606	0.675685	0.675755	0.675811	0.675849	0.675862	
0.676208	0.676224	0.676214	0.676183	0.676135	0.676077	0.676016	0.675957	0.675905	0.675864	0.675836	0.675821	0.675816	0.67582	0.675822	0.675819	0.675798	0.675761	0.675697	0.675619	0.675505	0.675379	0.675222	0.675074	0.67491	0.67477	0.674614	0.674481	0.674282	0.674075	0.673679	0.673559	0.673842	0.674806	0.675381	0.675293	0.675804	0.676275	0.676639	0.676865	0.676991	0.677032	0.67701	0.676919	0.676786	0.676606	0.676404	0.676185	0.675971	0.675771	0.675608	0.675483	0.675399	0.675353	0.67535	0.67538	0.675444	0.675535	0.675645	0.675764	0.675883	0.675994	0.676089	0.676163	0.676208	
0.676534	0.676575	0.676581	0.676557	0.676506	0.676435	0.676349	0.676257	0.676164	0.676077	0.675999	0.675933	0.675879	0.675837	0.6758	0.675765	0.675722	0.675674	0.675609	0.67554	0.675445	0.675344	0.675219	0.675105	0.674975	0.674872	0.674754	0.67466	0.674519	0.674372	0.674132	0.674087	0.673395	0.67382	0.67492	0.675208	0.67595	0.676434	0.676783	0.676968	0.677061	0.677069	0.677011	0.676881	0.676727	0.676546	0.676353	0.676141	0.675931	0.675734	0.675578	0.675463	0.675393	0.675363	0.675379	0.67543	0.675516	0.675632	0.67577	0.675921	0.676075	0.676223	0.676354	0.67646	0.676534	
0.676843	0.676907	0.676932	0.67692	0.676871	0.676792	0.676688	0.676569	0.676441	0.676313	0.676191	0.676079	0.67598	0.675895	0.675821	0.675756	0.675693	0.675632	0.675564	0.675499	0.675417	0.675337	0.675238	0.675153	0.675054	0.674982	0.674897	0.674841	0.674744	0.674656	0.674474	0.674631	0.67372	0.673587	0.674693	0.675261	0.676107	0.676584	0.676907	0.677059	0.677123	0.677096	0.676995	0.676814	0.676618	0.676418	0.676235	0.676053	0.675875	0.675697	0.675554	0.675453	0.675399	0.67539	0.675427	0.675499	0.675606	0.675744	0.675905	0.676082	0.676266	0.676444	0.676605	0.676741	0.676842	
0.677128	0.677215	0.67726	0.677261	0.677219	0.677139	0.677025	0.676887	0.676732	0.67657	0.67641	0.676258	0.676118	0.675994	0.675885	0.675792	0.675706	0.675632	0.675558	0.675494	0.67542	0.675355	0.675277	0.675214	0.675142	0.675098	0.675044	0.67502	0.674958	0.674909	0.674712	0.674929	0.674077	0.673793	0.67486	0.675486	0.676284	0.676727	0.677023	0.677135	0.677149	0.677072	0.676944	0.676742	0.676516	0.676286	0.676087	0.675917	0.675776	0.675645	0.675541	0.675461	0.675423	0.675436	0.675496	0.675591	0.675718	0.675874	0.676052	0.676248	0.676453	0.676654	0.676841	0.677002	0.677128	
0.677384	0.677492	0.677555	0.677572	0.677541	0.677465	0.677349	0.677201	0.677028	0.676842	0.676651	0.676465	0.676289	0.676131	0.67599	0.675869	0.675763	0.675674	0.675592	0.675524	0.675455	0.675399	0.675336	0.67529	0.675241	0.675221	0.675196	0.675204	0.675178	0.675157	0.674936	0.67507	0.674106	0.673904	0.675137	0.675742	0.676445	0.676841	0.677107	0.677147	0.677075	0.676929	0.676785	0.676604	0.676403	0.676186	0.675983	0.675807	0.675676	0.675576	0.675517	0.675482	0.675476	0.675508	0.675586	0.675704	0.675852	0.676022	0.676212	0.676419	0.676637	0.676854	0.677057	0.677238	0.677384	
0.677603	0.677728	0.677808	0.677842	0.677826	0.677762	0.677652	0.677503	0.677323	0.677123	0.67691	0.676698	0.676493	0.676305	0.676136	0.67599	0.675863	0.675758	0.675666	0.675593	0.675524	0.675472	0.675419	0.675387	0.675356	0.675357	0.675361	0.675395	0.675392	0.675399	0.675208	0.675251	0.67397	0.67381	0.675325	0.675927	0.676553	0.676916	0.677141	0.677103	0.676981	0.676802	0.676609	0.676374	0.676167	0.675995	0.675858	0.675745	0.675655	0.675569	0.675511	0.675503	0.675542	0.675605	0.675701	0.675835	0.676001	0.676185	0.676382	0.676592	0.676814	0.677037	0.677249	0.677442	0.677603	
0.677779	0.677916	0.678012	0.678065	0.678067	0.678019	0.677922	0.677782	0.677606	0.677401	0.677177	0.676948	0.676721	0.676509	0.676316	0.676149	0.676003	0.675882	0.675779	0.675698	0.675626	0.675574	0.675526	0.675503	0.675487	0.675506	0.675532	0.675583	0.675619	0.67568	0.675538	0.675387	0.674022	0.673978	0.675487	0.676051	0.67661	0.676956	0.677163	0.677127	0.677052	0.676895	0.67663	0.676258	0.67593	0.675716	0.67562	0.67559	0.675619	0.675646	0.675627	0.675594	0.675625	0.675718	0.675842	0.675986	0.676159	0.676354	0.676555	0.676762	0.676979	0.677199	0.677412	0.677609	0.677779	
0.677905	0.67805	0.678161	0.678231	0.678254	0.678228	0.678152	0.67803	0.677866	0.677668	0.677444	0.677208	0.676969	0.67674	0.676528	0.676343	0.67618	0.676045	0.67593	0.675841	0.675764	0.675708	0.67566	0.675638	0.675632	0.675662	0.675702	0.675776	0.675867	0.675908	0.67565	0.675318	0.674347	0.674537	0.67569	0.676127	0.676642	0.676997	0.677225	0.677251	0.67724	0.677093	0.676784	0.676345	0.675928	0.675644	0.675504	0.675439	0.675483	0.675634	0.675792	0.675831	0.675813	0.675869	0.676003	0.67616	0.676328	0.676518	0.676718	0.67692	0.677124	0.677332	0.677538	0.677732	0.677905	
0.677977	0.678127	0.678249	0.678337	0.678383	0.678383	0.678334	0.678236	0.678093	0.67791	0.677696	0.677464	0.677224	0.676988	0.676764	0.676566	0.676388	0.676241	0.676115	0.676017	0.675934	0.675872	0.675819	0.675792	0.675786	0.675817	0.675867	0.67596	0.67602	0.675844	0.675389	0.675082	0.674697	0.674927	0.675636	0.676109	0.676664	0.677048	0.677261	0.67727	0.677199	0.676973	0.676651	0.676335	0.676049	0.675829	0.675715	0.675607	0.675504	0.675545	0.675794	0.676054	0.676129	0.676121	0.676203	0.676356	0.676519	0.676687	0.676871	0.677059	0.677245	0.677434	0.677623	0.677807	0.677977	
0.677991	0.678141	0.678272	0.678378	0.678448	0.678477	0.678459	0.678392	0.678277	0.678118	0.677924	0.677706	0.677474	0.677241	0.677014	0.676809	0.676621	0.676462	0.676326	0.676217	0.676125	0.676055	0.675995	0.675958	0.675941	0.675957	0.676004	0.676094	0.676006	0.675538	0.674987	0.674873	0.674794	0.674833	0.67524	0.675835	0.676538	0.676984	0.677162	0.677055	0.676761	0.676402	0.676203	0.676189	0.67619	0.676136	0.676146	0.676168	0.676017	0.675766	0.675759	0.676077	0.676383	0.676456	0.676466	0.676569	0.676719	0.676864	0.677011	0.677171	0.677334	0.677497	0.677663	0.67783	0.677991	
0.677947	0.678094	0.678232	0.678354	0.678449	0.678508	0.678523	0.678491	0.678409	0.678282	0.678117	0.677924	0.67771	0.677491	0.677272	0.677066	0.676871	0.676699	0.676548	0.676424	0.676319	0.676236	0.676163	0.676111	0.676081	0.676082	0.676112	0.676164	0.675941	0.675356	0.674913	0.675012	0.67496	0.674823	0.675021	0.675494	0.676217	0.6767	0.67685	0.676644	0.676199	0.675882	0.675973	0.676329	0.676644	0.67668	0.676633	0.676742	0.676805	0.676506	0.6761	0.676092	0.676451	0.676723	0.676767	0.676803	0.676914	0.677036	0.677142	0.677258	0.677385	0.677518	0.677655	0.6778	0.677947	
0.677847	0.677988	0.678131	0.678268	0.678387	0.678476	0.678525	0.67853	0.678487	0.6784	0.67827	0.678108	0.677921	0.677728	0.677525	0.677325	0.677121	0.676929	0.676758	0.676612	0.676488	0.676385	0.676291	0.676219	0.67618	0.676175	0.676212	0.676238	0.676033	0.675644	0.675492	0.675482	0.675199	0.675252	0.675441	0.675511	0.675914	0.676249	0.676325	0.67613	0.675802	0.67571	0.676049	0.676661	0.677205	0.677294	0.677045	0.677008	0.677312	0.677352	0.676853	0.676415	0.67651	0.676855	0.677021	0.677037	0.677094	0.677182	0.677251	0.677318	0.677399	0.677494	0.677598	0.677715	0.677847	
0.677693	0.677827	0.677973	0.678124	0.678264	0.678382	0.678468	0.678514	0.678514	0.678467	0.678377	0.678255	0.678107	0.677943	0.677755	0.677552	0.677332	0.677114	0.676915	0.676741	0.67659	0.676459	0.676342	0.676251	0.676214	0.676225	0.676302	0.676382	0.676328	0.676229	0.676148	0.675583	0.675183	0.675998	0.676425	0.675934	0.675735	0.675759	0.67574	0.675622	0.67546	0.675461	0.675813	0.676514	0.677305	0.677618	0.677312	0.677084	0.677424	0.677808	0.677555	0.676952	0.676728	0.676966	0.677203	0.677239	0.677246	0.67729	0.67732	0.677337	0.67737	0.677422	0.67749	0.67758	0.677693	
0.677493	0.677618	0.677766	0.677928	0.678089	0.678237	0.67836	0.678447	0.678488	0.678484	0.678442	0.678368	0.67826	0.678118	0.677933	0.677715	0.67747	0.677223	0.676991	0.676769	0.676566	0.676386	0.676244	0.67615	0.67614	0.676195	0.676334	0.676517	0.676628	0.676651	0.676326	0.675246	0.675464	0.677334	0.677639	0.676383	0.675501	0.675245	0.675196	0.675045	0.674746	0.674588	0.674818	0.675547	0.676687	0.677434	0.677305	0.677059	0.677371	0.677897	0.67787	0.677321	0.676977	0.677113	0.677338	0.677382	0.677349	0.677342	0.677331	0.677306	0.677293	0.677303	0.677336	0.677398	0.677493	
0.677252	0.677368	0.677518	0.677692	0.677875	0.678052	0.67821	0.678333	0.678415	0.678459	0.678465	0.678433	0.678356	0.678233	0.67805	0.677807	0.677514	0.677214	0.676927	0.676647	0.676406	0.676217	0.67606	0.675953	0.676015	0.676207	0.676458	0.676733	0.676928	0.676917	0.676296	0.675227	0.6767	0.679051	0.678448	0.676481	0.675124	0.67472	0.674527	0.673955	0.673157	0.672793	0.673212	0.674205	0.675616	0.676791	0.677057	0.677016	0.677331	0.677811	0.677825	0.677378	0.677098	0.677227	0.677425	0.677449	0.677383	0.677331	0.677281	0.677219	0.677166	0.677137	0.677137	0.677174	0.677252	
0.676985	0.677095	0.677248	0.677433	0.677637	0.677842	0.678031	0.678187	0.678308	0.678396	0.678439	0.678439	0.678397	0.678297	0.678084	0.677741	0.677325	0.676941	0.676631	0.676388	0.67622	0.676004	0.675688	0.675576	0.675863	0.676288	0.67671	0.677083	0.677373	0.677318	0.676434	0.67606	0.678432	0.679875	0.678162	0.676071	0.674642	0.673996	0.673274	0.671994	0.670801	0.670482	0.671531	0.673174	0.674647	0.675965	0.676682	0.676957	0.677275	0.677591	0.677543	0.677229	0.677095	0.677254	0.677424	0.677425	0.677345	0.677263	0.677173	0.677075	0.676988	0.676928	0.676903	0.67692	0.676985	
0.676705	0.676813	0.67697	0.677167	0.677389	0.677619	0.677834	0.678022	0.678182	0.678298	0.678367	0.678401	0.67838	0.678235	0.677904	0.677431	0.676876	0.676383	0.67613	0.676075	0.675935	0.675515	0.675234	0.675573	0.676215	0.676657	0.676973	0.677299	0.677745	0.677789	0.676902	0.677371	0.679385	0.678877	0.676581	0.675115	0.673941	0.672689	0.671507	0.670456	0.669634	0.669368	0.670646	0.672686	0.673928	0.674958	0.675924	0.676552	0.676972	0.677202	0.677151	0.677005	0.677019	0.677196	0.677327	0.677312	0.677227	0.677123	0.677002	0.676877	0.676767	0.676685	0.676643	0.676648	0.676705	
0.676425	0.676537	0.676701	0.676909	0.677147	0.677396	0.677633	0.677849	0.678034	0.678168	0.67826	0.678297	0.678216	0.677994	0.67763	0.67712	0.676447	0.675846	0.675689	0.675707	0.675395	0.675038	0.67543	0.676433	0.677171	0.677376	0.677323	0.677193	0.677528	0.677868	0.677451	0.678238	0.678999	0.676696	0.674107	0.673467	0.67281	0.671244	0.670873	0.671653	0.671509	0.6706	0.671055	0.67276	0.67351	0.673843	0.674689	0.675623	0.67629	0.676628	0.676708	0.676747	0.676883	0.677062	0.677151	0.677124	0.677037	0.676918	0.676778	0.676638	0.676516	0.676422	0.67637	0.676369	0.676425	
0.676152	0.676272	0.676449	0.676672	0.676926	0.677193	0.67745	0.677683	0.677879	0.678019	0.678092	0.67805	0.677912	0.677755	0.677508	0.677044	0.676344	0.675707	0.675481	0.675307	0.674935	0.675095	0.676048	0.677	0.677537	0.677806	0.677747	0.676973	0.676715	0.677465	0.67767	0.678398	0.678448	0.675276	0.671948	0.671102	0.670872	0.671138	0.673583	0.675874	0.675439	0.673417	0.672548	0.673231	0.673363	0.673034	0.67358	0.67465	0.675499	0.675975	0.676212	0.676413	0.676649	0.676835	0.676897	0.676868	0.676784	0.67666	0.676513	0.676369	0.676242	0.676144	0.676091	0.676092	0.676152	
0.675902	0.676033	0.676224	0.676462	0.676733	0.677017	0.67729	0.677539	0.677729	0.677832	0.677827	0.677737	0.677664	0.677606	0.677458	0.677119	0.676559	0.67598	0.675577	0.675118	0.67486	0.675342	0.676091	0.676649	0.677317	0.678017	0.678336	0.677512	0.676652	0.677257	0.677553	0.678146	0.678747	0.676022	0.671831	0.669599	0.669891	0.673781	0.678806	0.680805	0.67942	0.67662	0.674638	0.673794	0.673213	0.672669	0.673087	0.674159	0.674972	0.675442	0.675778	0.676104	0.676392	0.676567	0.676616	0.676582	0.676499	0.676377	0.676234	0.676092	0.675968	0.675874	0.675826	0.675834	0.675902	
0.675682	0.675828	0.676035	0.676291	0.67658	0.676882	0.677174	0.677431	0.677593	0.677634	0.677616	0.677619	0.677558	0.677376	0.67723	0.677137	0.67697	0.676596	0.675992	0.675228	0.674843	0.675089	0.675503	0.676161	0.677061	0.677735	0.678016	0.677773	0.677291	0.677232	0.676873	0.67735	0.678861	0.677944	0.674593	0.672278	0.673986	0.678702	0.682428	0.683407	0.681625	0.678829	0.676475	0.67439	0.673041	0.672583	0.673099	0.674082	0.674741	0.675151	0.67554	0.675923	0.676201	0.676336	0.676367	0.67632	0.67622	0.67609	0.675947	0.675809	0.675693	0.675611	0.675577	0.675599	0.675682	
0.675512	0.675674	0.675897	0.676169	0.676474	0.676793	0.677105	0.677366	0.677522	0.677613	0.677747	0.67786	0.677616	0.677044	0.676627	0.676643	0.676865	0.676918	0.676444	0.675521	0.674835	0.674758	0.675451	0.676436	0.676888	0.676531	0.676074	0.675593	0.675563	0.675529	0.674762	0.675518	0.67767	0.6786	0.677994	0.678453	0.680685	0.68195	0.682146	0.682112	0.680682	0.678694	0.677002	0.674891	0.673172	0.672746	0.673267	0.674092	0.674653	0.675055	0.675452	0.675822	0.676067	0.676163	0.676169	0.676097	0.675971	0.675826	0.67568	0.675548	0.675444	0.675381	0.675368	0.675411	0.675512	
0.675398	0.675579	0.675816	0.676101	0.676423	0.676761	0.677094	0.677375	0.677566	0.677758	0.678022	0.678172	0.677864	0.677088	0.676178	0.675651	0.675704	0.676004	0.675889	0.675306	0.674902	0.675022	0.67587	0.676691	0.676717	0.67841	0.682245	0.675776	0.673769	0.67434	0.673343	0.673896	0.676103	0.677398	0.679017	0.682362	0.683569	0.681444	0.679434	0.678457	0.677405	0.676513	0.676237	0.674987	0.673408	0.672909	0.673301	0.674038	0.67461	0.675042	0.675425	0.675766	0.675993	0.676055	0.676012	0.6759	0.675747	0.675585	0.675434	0.675312	0.675227	0.67519	0.675205	0.675274	0.675398	
0.675337	0.675534	0.675787	0.676089	0.67643	0.676792	0.677154	0.677485	0.677744	0.677962	0.678152	0.678247	0.678144	0.677605	0.676406	0.675094	0.674506	0.674573	0.674628	0.674596	0.674827	0.675371	0.676553	0.678749	0.680134	0.686712	0.702186	0.678905	0.682038	0.704419	0.673763	0.674512	0.675477	0.675605	0.678023	0.682748	0.683339	0.679424	0.67597	0.674669	0.674276	0.674222	0.674751	0.67426	0.673245	0.672847	0.673116	0.673756	0.674425	0.674966	0.675389	0.675729	0.675939	0.675991	0.675907	0.675741	0.675553	0.675375	0.675224	0.675116	0.675058	0.675053	0.6751	0.675194	0.675337	
0.675366	0.675565	0.675818	0.676121	0.676477	0.676864	0.677263	0.677658	0.677992	0.678201	0.678294	0.678424	0.678481	0.677862	0.676293	0.674517	0.673407	0.673139	0.673422	0.67393	0.674456	0.674975	0.678916	0.684214	0.687042	0.699257	0.705884	0.692294	0.704137	0.712993	0.736136	0.707347	0.674615	0.672791	0.676004	0.681948	0.68254	0.677462	0.673098	0.671979	0.672565	0.672917	0.673291	0.673267	0.673061	0.672921	0.672934	0.6733	0.674074	0.674856	0.675401	0.675769	0.675944	0.675949	0.675811	0.675593	0.675378	0.675197	0.675059	0.674977	0.67495	0.674992	0.675085	0.675209	0.675366	
0.675495	0.675707	0.675949	0.676228	0.676579	0.676997	0.677445	0.677881	0.67824	0.678473	0.67868	0.678841	0.678514	0.677233	0.675267	0.673378	0.672039	0.671494	0.671829	0.672812	0.673858	0.674487	0.678318	0.683536	0.684411	0.699541	0.704988	0.703224	0.714864	0.723366	0.724591	0.725201	0.67781	0.671824	0.673933	0.680344	0.6813	0.676188	0.671938	0.670924	0.672147	0.672932	0.673128	0.673148	0.673227	0.673223	0.673069	0.673082	0.673886	0.675007	0.675649	0.675919	0.675996	0.675934	0.675737	0.675482	0.675257	0.675059	0.674907	0.674841	0.674866	0.674986	0.67515	0.675318	0.675495	
0.675703	0.675923	0.676129	0.676361	0.676698	0.677155	0.677667	0.678146	0.678524	0.678864	0.679151	0.678939	0.677682	0.675626	0.673639	0.672149	0.671291	0.671029	0.671205	0.6719	0.67301	0.673883	0.673923	0.6781	0.690773	0.69805	0.701934	0.709926	0.710239	0.720843	0.719375	0.734905	0.698495	0.673749	0.672775	0.67793	0.679052	0.6752	0.672212	0.671507	0.673003	0.674094	0.673639	0.672927	0.672998	0.673446	0.673624	0.673481	0.674229	0.67557	0.676161	0.676153	0.676061	0.675945	0.675739	0.675465	0.675209	0.674977	0.674805	0.674769	0.674862	0.675047	0.675266	0.675483	0.675703	
0.676064	0.676278	0.676409	0.676531	0.676791	0.677269	0.677868	0.678415	0.678844	0.679209	0.679296	0.678451	0.676381	0.673987	0.672324	0.671602	0.671817	0.672274	0.672247	0.671893	0.672484	0.674904	0.675323	0.676362	0.6818	0.692306	0.699155	0.699816	0.678601	0.688826	0.70484	0.707605	0.681838	0.674494	0.672025	0.674894	0.675492	0.673103	0.672668	0.673547	0.674778	0.675029	0.673316	0.671802	0.672017	0.673132	0.673889	0.673955	0.674716	0.676022	0.676373	0.676069	0.67591	0.675884	0.675792	0.675544	0.675245	0.675027	0.674925	0.674978	0.675136	0.675338	0.675557	0.675799	0.676064	
0.676458	0.676642	0.676723	0.676727	0.676842	0.677319	0.678049	0.678647	0.679041	0.679273	0.679044	0.677723	0.675446	0.673335	0.672086	0.67179	0.672375	0.673002	0.67274	0.672015	0.675195	0.681482	0.683597	0.681795	0.684141	0.693097	0.697074	0.691802	0.676384	0.683858	0.703598	0.672173	0.675082	0.673738	0.67182	0.672046	0.671556	0.669623	0.671611	0.675916	0.67772	0.67652	0.673702	0.671772	0.671546	0.672273	0.67311	0.673503	0.67441	0.675721	0.675971	0.675719	0.675743	0.675824	0.675757	0.675559	0.675373	0.675291	0.675308	0.675429	0.675633	0.67587	0.676066	0.676244	0.676458	
0.67658	0.676782	0.676983	0.677005	0.676951	0.677315	0.678137	0.678793	0.679078	0.679105	0.678602	0.677227	0.675387	0.673852	0.672853	0.672378	0.672481	0.672761	0.672468	0.672338	0.678444	0.686688	0.689297	0.690281	0.69343	0.696808	0.698441	0.69857	0.68615	0.676989	0.67773	0.671741	0.673765	0.674827	0.672801	0.67096	0.669473	0.667577	0.67037	0.677301	0.680887	0.679349	0.67617	0.673817	0.672412	0.671859	0.672385	0.673199	0.674168	0.675345	0.675735	0.675798	0.676025	0.676111	0.675964	0.675813	0.675794	0.675825	0.675846	0.67588	0.676023	0.676256	0.676416	0.676485	0.67658	
0.676581	0.67683	0.677273	0.677513	0.677352	0.677393	0.678101	0.678839	0.67908	0.678861	0.678109	0.676892	0.675687	0.674849	0.674208	0.673646	0.673384	0.673367	0.673159	0.672996	0.675958	0.680095	0.682348	0.689484	0.696449	0.699023	0.701137	0.701399	0.691538	0.682255	0.679414	0.67797	0.679214	0.678805	0.675612	0.672255	0.669907	0.668679	0.671767	0.679064	0.683162	0.681142	0.677217	0.674534	0.673052	0.672376	0.673074	0.674259	0.674946	0.675493	0.675853	0.676168	0.676697	0.677069	0.677092	0.676946	0.676749	0.676489	0.676205	0.676005	0.676023	0.676251	0.676461	0.676529	0.676581	
0.676701	0.676977	0.677557	0.678065	0.67801	0.677728	0.678075	0.678774	0.679011	0.678587	0.677597	0.676487	0.675696	0.675258	0.674893	0.67452	0.674326	0.674201	0.673961	0.673535	0.673377	0.673992	0.675548	0.683203	0.691949	0.691846	0.689894	0.687893	0.686068	0.686653	0.684559	0.683419	0.685025	0.684352	0.680941	0.676041	0.672514	0.673383	0.678218	0.68378	0.684885	0.680476	0.674871	0.67292	0.673281	0.673162	0.673862	0.675056	0.675724	0.67594	0.676087	0.676425	0.677115	0.677729	0.678012	0.677978	0.677701	0.677253	0.676698	0.676191	0.675952	0.676072	0.676352	0.676564	0.676701	
0.676761	0.677103	0.677679	0.678334	0.678581	0.678297	0.6782	0.678579	0.678791	0.678352	0.677379	0.676416	0.67579	0.675444	0.675249	0.675133	0.67504	0.67484	0.674568	0.674275	0.674378	0.676151	0.67903	0.684611	0.688683	0.683653	0.677604	0.678572	0.684759	0.688704	0.685804	0.684837	0.689049	0.691189	0.689475	0.684699	0.680906	0.683281	0.687244	0.687743	0.684129	0.677399	0.671829	0.671944	0.674112	0.674123	0.674219	0.675172	0.676262	0.676783	0.676868	0.67706	0.677476	0.677838	0.678042	0.678131	0.678108	0.677928	0.677531	0.676982	0.676489	0.67625	0.676295	0.676506	0.676761	
0.6767	0.67704	0.677541	0.678194	0.678688	0.678737	0.678522	0.678454	0.678457	0.678177	0.67762	0.677057	0.676667	0.676459	0.676386	0.676306	0.676097	0.675774	0.675413	0.674901	0.675384	0.679734	0.684736	0.688215	0.688589	0.684495	0.681214	0.682275	0.687606	0.690958	0.688409	0.688118	0.692362	0.694594	0.694134	0.691594	0.689156	0.689843	0.689853	0.685855	0.67948	0.673176	0.670189	0.672137	0.67494	0.675272	0.675036	0.675611	0.676741	0.677514	0.677767	0.677921	0.678054	0.678104	0.67806	0.678031	0.678039	0.677991	0.677812	0.677493	0.677083	0.676719	0.676512	0.676501	0.6767	
0.676758	0.676976	0.677356	0.677877	0.678386	0.678717	0.678741	0.678572	0.678417	0.678251	0.67805	0.677851	0.677667	0.677508	0.677352	0.677114	0.67679	0.676382	0.675832	0.675062	0.676816	0.684026	0.690295	0.691847	0.691093	0.690685	0.691156	0.689335	0.690023	0.692264	0.691202	0.691958	0.694369	0.694859	0.69411	0.692234	0.689205	0.686195	0.684106	0.680851	0.675033	0.670352	0.669935	0.673016	0.675908	0.676402	0.675999	0.676144	0.676941	0.677728	0.678146	0.678297	0.678369	0.678426	0.678349	0.678163	0.677976	0.677824	0.677673	0.677478	0.677248	0.677039	0.676849	0.676716	0.676758	
0.676976	0.677074	0.677296	0.677669	0.678109	0.67848	0.678679	0.678695	0.678611	0.678473	0.678319	0.678153	0.677961	0.677753	0.677531	0.677281	0.676997	0.676627	0.676076	0.675382	0.67682	0.683478	0.690358	0.691991	0.691287	0.692503	0.694299	0.69129	0.690603	0.691253	0.689142	0.690613	0.693216	0.694011	0.693285	0.691622	0.688743	0.684293	0.680322	0.677977	0.673784	0.669516	0.669902	0.673923	0.6772	0.67762	0.676973	0.676657	0.676953	0.677582	0.678058	0.678297	0.678536	0.6788	0.678827	0.678552	0.678171	0.677859	0.677644	0.677457	0.677292	0.677182	0.677077	0.676984	0.676976	
0.677209	0.677269	0.677398	0.67764	0.677987	0.678316	0.678548	0.678645	0.678619	0.678508	0.678347	0.678141	0.677904	0.677657	0.677413	0.67718	0.676936	0.676643	0.676224	0.675715	0.675906	0.678752	0.682815	0.685134	0.685887	0.687743	0.690587	0.689807	0.689568	0.686498	0.681828	0.685043	0.689894	0.69121	0.690295	0.689623	0.688752	0.686022	0.681986	0.678847	0.674641	0.670034	0.670187	0.674858	0.678591	0.678913	0.678111	0.677329	0.677079	0.67737	0.67773	0.678063	0.67853	0.679028	0.679199	0.678946	0.678457	0.677975	0.677647	0.67743	0.677289	0.677226	0.677201	0.677194	0.677209	
0.677339	0.677412	0.677528	0.677685	0.677901	0.678153	0.678364	0.678473	0.678476	0.678386	0.678219	0.677986	0.677708	0.677419	0.677153	0.67693	0.676726	0.676502	0.676149	0.67571	0.675951	0.67646	0.676643	0.679088	0.683587	0.687017	0.688672	0.687877	0.685367	0.679528	0.675654	0.680522	0.686785	0.688368	0.687024	0.686416	0.685531	0.683387	0.682102	0.68052	0.676454	0.672198	0.672421	0.676609	0.67947	0.67931	0.678147	0.676986	0.676278	0.676198	0.676574	0.677234	0.678042	0.678794	0.679194	0.679125	0.678679	0.678079	0.677616	0.677357	0.677226	0.677181	0.677215	0.677282	0.677339	
0.677327	0.677437	0.677563	0.677698	0.67784	0.677987	0.67812	0.678199	0.678194	0.678091	0.677903	0.677651	0.677369	0.677089	0.676851	0.676663	0.676497	0.676302	0.675952	0.675488	0.67569	0.675865	0.676006	0.679082	0.684197	0.686788	0.686422	0.685099	0.681111	0.675621	0.674809	0.679639	0.684325	0.684505	0.682095	0.681747	0.680945	0.678067	0.677519	0.678838	0.678072	0.675596	0.675579	0.677576	0.678482	0.6777	0.676135	0.674595	0.673681	0.673592	0.674267	0.675624	0.677116	0.678218	0.678845	0.678996	0.678705	0.678107	0.677529	0.677209	0.677078	0.67705	0.677113	0.677219	0.677327	
0.6772	0.677352	0.6775	0.677639	0.677757	0.677846	0.6779	0.677906	0.677848	0.677711	0.677507	0.677257	0.676996	0.676751	0.676557	0.676405	0.676259	0.676062	0.67568	0.675188	0.675073	0.674757	0.674936	0.677065	0.679927	0.682753	0.68431	0.683075	0.678998	0.674934	0.675328	0.678743	0.680702	0.679062	0.67656	0.676676	0.675833	0.673061	0.672048	0.674359	0.676715	0.67658	0.676241	0.676404	0.676622	0.676304	0.675058	0.673404	0.672441	0.672382	0.673042	0.67472	0.676676	0.677882	0.678451	0.678662	0.678518	0.67802	0.677384	0.676984	0.676841	0.676827	0.67691	0.677047	0.6772	
0.676993	0.677182	0.677353	0.677499	0.67761	0.677675	0.677688	0.677642	0.677532	0.677359	0.677141	0.676897	0.676658	0.676447	0.67629	0.676171	0.676057	0.675876	0.675496	0.675069	0.67474	0.673829	0.672693	0.672739	0.674195	0.678366	0.682656	0.681964	0.678135	0.675924	0.676932	0.677999	0.677029	0.674677	0.673719	0.67429	0.67309	0.671314	0.670635	0.67164	0.673664	0.674753	0.674724	0.674779	0.67589	0.677154	0.677051	0.67568	0.674273	0.673598	0.673879	0.675411	0.67719	0.678014	0.678219	0.678283	0.678192	0.677802	0.677166	0.676693	0.676531	0.676529	0.676633	0.676802	0.676993	
0.676708	0.676926	0.677121	0.67728	0.677392	0.677446	0.67744	0.67737	0.677236	0.677045	0.676819	0.676578	0.676354	0.676165	0.676035	0.675955	0.6759	0.675765	0.675437	0.675223	0.67504	0.673959	0.671788	0.670092	0.670456	0.674822	0.680486	0.681127	0.678136	0.677176	0.679155	0.679191	0.676013	0.673467	0.673723	0.674348	0.673393	0.672432	0.671763	0.671398	0.671987	0.672953	0.673428	0.674262	0.676427	0.679004	0.67996	0.678937	0.677073	0.675745	0.675692	0.676815	0.678008	0.678309	0.678113	0.677943	0.677803	0.677463	0.676855	0.676342	0.67616	0.676166	0.67629	0.676486	0.676708	
0.676366	0.676607	0.676821	0.676994	0.677111	0.677164	0.677152	0.677074	0.676935	0.676743	0.676521	0.676291	0.676082	0.675915	0.675809	0.675774	0.675792	0.675698	0.675427	0.675512	0.675629	0.67461	0.672183	0.669445	0.668427	0.671437	0.676926	0.679265	0.677694	0.676577	0.678881	0.680187	0.676837	0.6741	0.674515	0.67487	0.674272	0.67359	0.67314	0.672675	0.672421	0.672987	0.673982	0.675598	0.678018	0.680443	0.681543	0.681042	0.679511	0.678026	0.677578	0.678044	0.678568	0.678483	0.677996	0.677609	0.677359	0.67701	0.676435	0.675928	0.675741	0.675753	0.675897	0.67612	0.676366	
0.675984	0.676241	0.676471	0.676656	0.676782	0.676841	0.676834	0.676761	0.67663	0.676453	0.67625	0.676042	0.675856	0.675713	0.675629	0.675629	0.675696	0.675601	0.675427	0.675797	0.676133	0.675146	0.67295	0.670354	0.66875	0.670188	0.674184	0.676604	0.675919	0.675095	0.677324	0.679922	0.677841	0.674937	0.67462	0.674637	0.674406	0.674279	0.67459	0.674883	0.674963	0.675528	0.676661	0.678134	0.679679	0.681011	0.68172	0.68158	0.680633	0.679316	0.678584	0.678628	0.678794	0.678491	0.677797	0.677222	0.676847	0.676459	0.675919	0.675457	0.675291	0.675315	0.675478	0.675721	0.675984	
0.675578	0.675842	0.676082	0.676278	0.676417	0.67649	0.676497	0.676441	0.676333	0.676184	0.676014	0.675841	0.675688	0.675571	0.675506	0.675517	0.675586	0.675477	0.675431	0.675981	0.676372	0.675391	0.673531	0.671813	0.670864	0.671833	0.67424	0.675393	0.674657	0.674681	0.676779	0.679203	0.678513	0.676206	0.675196	0.674882	0.674984	0.675281	0.675826	0.676384	0.676986	0.677815	0.678832	0.679636	0.680132	0.680609	0.680969	0.680903	0.68025	0.679249	0.678642	0.678679	0.678765	0.678332	0.677468	0.676731	0.676255	0.675843	0.67535	0.67496	0.674837	0.674885	0.675065	0.675312	0.675578	
0.675181	0.67544	0.67568	0.675882	0.676033	0.676123	0.676152	0.676123	0.676047	0.675939	0.675814	0.675687	0.675577	0.675492	0.675446	0.675451	0.675487	0.675375	0.675437	0.676094	0.676503	0.67556	0.67395	0.672889	0.672818	0.673891	0.675292	0.675755	0.675292	0.675639	0.677014	0.678616	0.678844	0.677621	0.676634	0.676275	0.676364	0.676492	0.676805	0.677184	0.677725	0.678478	0.679333	0.679916	0.679911	0.67966	0.679524	0.679405	0.679018	0.678494	0.678328	0.678561	0.678618	0.678014	0.676962	0.676115	0.675615	0.675222	0.674793	0.67449	0.674418	0.674495	0.674684	0.674923	0.675181	
0.674802	0.675051	0.675285	0.675486	0.675646	0.675754	0.67581	0.675816	0.675785	0.675726	0.675655	0.675586	0.675529	0.675487	0.67546	0.675443	0.675419	0.675301	0.675435	0.676167	0.676704	0.676032	0.674747	0.673967	0.674227	0.675271	0.676139	0.676339	0.676281	0.676568	0.67723	0.678195	0.678578	0.678133	0.677684	0.677525	0.677455	0.677304	0.677366	0.677567	0.677915	0.678459	0.679138	0.679822	0.679939	0.679379	0.67872	0.678318	0.678077	0.678016	0.67828	0.678596	0.678399	0.677436	0.676211	0.675405	0.674999	0.674661	0.674303	0.674087	0.674058	0.674153	0.674335	0.674558	0.674802	
0.674453	0.674687	0.674912	0.675112	0.675277	0.675403	0.675487	0.675532	0.675548	0.675544	0.675536	0.675536	0.675547	0.675568	0.675571	0.675515	0.675392	0.675243	0.675388	0.676114	0.676905	0.676885	0.67624	0.675726	0.675755	0.676243	0.676685	0.676792	0.676843	0.676955	0.677369	0.677907	0.677798	0.67751	0.677768	0.678084	0.677976	0.677696	0.677614	0.677681	0.677855	0.678202	0.678675	0.679293	0.679782	0.67973	0.6792	0.678696	0.678437	0.678463	0.678647	0.678558	0.677748	0.676407	0.675305	0.674782	0.674519	0.674217	0.673919	0.673774	0.673775	0.673872	0.674032	0.67423	0.674453	
0.67414	0.674353	0.674564	0.67476	0.674933	0.675076	0.675189	0.675273	0.67534	0.675396	0.675459	0.675537	0.675631	0.675741	0.675807	0.675723	0.675456	0.675188	0.675269	0.675879	0.676829	0.677477	0.677607	0.677457	0.677096	0.676843	0.676892	0.676986	0.677092	0.677121	0.677466	0.67767	0.676882	0.676371	0.677386	0.678314	0.678167	0.677832	0.677667	0.677643	0.677696	0.677892	0.678162	0.678512	0.678953	0.679355	0.679405	0.679186	0.678947	0.678774	0.678445	0.677646	0.676395	0.67525	0.67466	0.674436	0.67421	0.673908	0.673666	0.673564	0.673571	0.673649	0.673776	0.673943	0.67414	
0.673874	0.674059	0.674251	0.67444	0.674617	0.674775	0.674915	0.67504	0.675159	0.675279	0.675418	0.675582	0.67577	0.675999	0.676168	0.676094	0.675687	0.675228	0.675151	0.675542	0.676322	0.677165	0.677784	0.677992	0.677632	0.677066	0.676874	0.677025	0.677233	0.677208	0.677371	0.67743	0.676288	0.675588	0.67716	0.678422	0.678194	0.677839	0.677615	0.677529	0.677509	0.677609	0.677738	0.677885	0.678008	0.678222	0.678406	0.678381	0.678153	0.677745	0.677057	0.676102	0.6752	0.67469	0.6745	0.674326	0.674037	0.673738	0.673541	0.673452	0.673441	0.673488	0.673578	0.673709	0.673874	
0.673661	0.673815	0.673986	0.674163	0.67434	0.674511	0.674678	0.674842	0.675011	0.675195	0.67541	0.675662	0.675958	0.676317	0.676599	0.676587	0.676144	0.675519	0.67521	0.675313	0.67568	0.676199	0.676838	0.677329	0.677413	0.67709	0.676867	0.677052	0.677311	0.677209	0.677191	0.677318	0.676185	0.675586	0.677372	0.678495	0.678157	0.677755	0.677484	0.677369	0.677324	0.677377	0.677425	0.67748	0.677447	0.677367	0.677275	0.677126	0.676833	0.676387	0.675821	0.675286	0.674938	0.674753	0.674571	0.674291	0.673962	0.673691	0.673515	0.673418	0.67338	0.673388	0.673439	0.673532	0.673661	
0.673509	0.673631	0.673776	0.673939	0.674113	0.674294	0.674483	0.674681	0.674896	0.67514	0.675426	0.675764	0.676173	0.676641	0.677001	0.677086	0.676751	0.676106	0.675595	0.675376	0.675341	0.675453	0.675825	0.676371	0.676882	0.67696	0.676877	0.677023	0.677186	0.677025	0.677036	0.677285	0.676359	0.676162	0.677849	0.678582	0.678128	0.677607	0.677293	0.677187	0.677152	0.677199	0.677216	0.677233	0.677186	0.677064	0.676862	0.676603	0.676293	0.675965	0.675636	0.675364	0.675144	0.674915	0.674625	0.67429	0.67398	0.673739	0.673568	0.673453	0.673382	0.673352	0.673363	0.673418	0.673509	
0.673422	0.673511	0.67363	0.673776	0.673944	0.67413	0.674336	0.674562	0.674816	0.67511	0.675455	0.675867	0.676375	0.676916	0.677326	0.677509	0.677347	0.676845	0.676294	0.67587	0.6756	0.67551	0.675629	0.675948	0.676447	0.6767	0.676774	0.67684	0.67687	0.676701	0.676831	0.677089	0.676575	0.676861	0.678136	0.678525	0.67802	0.677391	0.67706	0.676987	0.676982	0.677046	0.677068	0.67708	0.677035	0.676945	0.676789	0.676573	0.676325	0.676075	0.675817	0.675567	0.675296	0.674991	0.674668	0.674353	0.674081	0.673859	0.673682	0.673543	0.67344	0.673375	0.67335	0.673367	0.673422	
0.673402	0.67346	0.673552	0.673679	0.673837	0.674023	0.674239	0.674484	0.674766	0.675097	0.675483	0.675946	0.67651	0.677092	0.677546	0.677805	0.67781	0.67753	0.677112	0.676724	0.67644	0.676264	0.676135	0.676077	0.676215	0.676389	0.676502	0.676462	0.676456	0.676326	0.676618	0.676702	0.676601	0.677299	0.678159	0.678348	0.677738	0.677112	0.676813	0.676791	0.676821	0.676907	0.676945	0.676966	0.676928	0.676852	0.676728	0.676568	0.676371	0.676151	0.675907	0.675645	0.675361	0.675064	0.674769	0.674486	0.674236	0.67402	0.673833	0.673674	0.673548	0.673455	0.673399	0.673382	0.673402	
0.67345	0.673478	0.673545	0.673651	0.673796	0.673976	0.674194	0.674448	0.674746	0.675096	0.675501	0.675979	0.676559	0.677157	0.677623	0.677915	0.678021	0.677919	0.677666	0.677389	0.677164	0.676936	0.676607	0.676257	0.676054	0.676064	0.676109	0.675982	0.675994	0.67595	0.676442	0.676407	0.676645	0.677721	0.678338	0.678186	0.677338	0.676816	0.676577	0.67661	0.676677	0.676784	0.676836	0.676869	0.676841	0.676773	0.676662	0.676518	0.67634	0.67614	0.675918	0.675678	0.675423	0.675161	0.674902	0.674648	0.674411	0.674198	0.674008	0.67384	0.673699	0.673586	0.673505	0.67346	0.67345	
0.673562	0.673564	0.673606	0.673691	0.673818	0.673986	0.674197	0.674449	0.674748	0.6751	0.675503	0.675963	0.676523	0.67711	0.677558	0.677831	0.677933	0.67789	0.677739	0.677514	0.677281	0.677005	0.676618	0.676194	0.67585	0.675724	0.675673	0.675526	0.675557	0.675631	0.67628	0.676616	0.677577	0.67871	0.678676	0.677955	0.676933	0.676525	0.676357	0.676448	0.676555	0.676683	0.676749	0.676789	0.676768	0.676709	0.676606	0.676471	0.676309	0.676126	0.675926	0.675712	0.675489	0.675261	0.675034	0.674806	0.674588	0.674384	0.674199	0.674032	0.673885	0.673762	0.673664	0.673596	0.673562	
0.67373	0.673712	0.673732	0.673794	0.673901	0.674052	0.674248	0.674487	0.674773	0.67511	0.675494	0.675914	0.676409	0.67696	0.677404	0.677652	0.677698	0.677597	0.677429	0.677197	0.676925	0.676616	0.676252	0.675886	0.675573	0.675388	0.675262	0.675142	0.675159	0.675326	0.676017	0.677072	0.678829	0.67961	0.678757	0.677526	0.676523	0.676217	0.676151	0.67631	0.676462	0.676611	0.676689	0.676731	0.676712	0.676654	0.676556	0.676428	0.676276	0.676107	0.675926	0.675736	0.675542	0.675343	0.675146	0.674948	0.674756	0.674571	0.674399	0.674241	0.674097	0.673971	0.673865	0.673783	0.67373	
0.673951	0.673916	0.673917	0.673957	0.674041	0.67417	0.674344	0.67456	0.674821	0.675128	0.675479	0.675857	0.676262	0.676722	0.677154	0.677425	0.677481	0.677336	0.677085	0.676795	0.676474	0.676147	0.675816	0.675534	0.675291	0.675096	0.67493	0.674821	0.674787	0.675006	0.675646	0.677326	0.67898	0.679194	0.678099	0.676591	0.675984	0.675882	0.675974	0.676208	0.676406	0.676571	0.676656	0.676696	0.676673	0.67661	0.67651	0.676382	0.676235	0.676076	0.675909	0.675739	0.675569	0.675398	0.675232	0.675067	0.674906	0.674749	0.6746	0.674459	0.674328	0.674208	0.674102	0.674015	0.673951	
0.674212	0.674168	0.674153	0.674173	0.674234	0.674336	0.674481	0.674667	0.674893	0.67516	0.675466	0.675801	0.676139	0.676487	0.676838	0.677111	0.677235	0.677157	0.676909	0.676602	0.676264	0.675936	0.675607	0.67533	0.675091	0.674881	0.674674	0.674552	0.674466	0.6747	0.675259	0.67725	0.679057	0.678544	0.67661	0.67526	0.67539	0.675581	0.675858	0.67616	0.676397	0.676569	0.676656	0.676689	0.676655	0.67658	0.676471	0.676338	0.67619	0.676032	0.675875	0.675719	0.67557	0.675425	0.67529	0.675158	0.675033	0.67491	0.674792	0.674677	0.674567	0.674462	0.674365	0.67428	0.674212	
0.674508	0.67446	0.674434	0.674437	0.674473	0.674547	0.674659	0.674808	0.674993	0.675213	0.675463	0.675742	0.676032	0.676313	0.676577	0.676801	0.676933	0.676923	0.676756	0.676498	0.676181	0.675869	0.675544	0.675242	0.674971	0.674737	0.674498	0.674355	0.674226	0.674437	0.674906	0.676954	0.678931	0.677456	0.674806	0.674211	0.674979	0.675416	0.675831	0.67618	0.676437	0.676607	0.676688	0.676706	0.676658	0.676566	0.676442	0.676297	0.676142	0.675982	0.675829	0.675682	0.67555	0.675429	0.675323	0.675224	0.675136	0.67505	0.674969	0.674888	0.674808	0.674727	0.674647	0.674573	0.674508	
0.674827	0.674781	0.67475	0.674738	0.674752	0.674795	0.674872	0.67498	0.67512	0.675289	0.675482	0.675695	0.675924	0.676154	0.676362	0.676531	0.676626	0.676634	0.676532	0.676341	0.676068	0.675781	0.675474	0.675177	0.674895	0.674652	0.674405	0.67424	0.674061	0.674188	0.674414	0.676354	0.677754	0.675602	0.67361	0.673858	0.674865	0.675431	0.67591	0.676271	0.676525	0.676682	0.67675	0.676747	0.67668	0.676567	0.676426	0.676264	0.676098	0.675931	0.675776	0.675635	0.675516	0.675415	0.675335	0.675269	0.675216	0.67517	0.675129	0.675086	0.675042	0.674992	0.674938	0.674882	0.674827	
0.675162	0.675125	0.675093	0.675072	0.675065	0.675079	0.675119	0.675184	0.675276	0.675392	0.675528	0.675679	0.675842	0.676007	0.676158	0.676279	0.676342	0.676345	0.676268	0.676127	0.675907	0.675663	0.675388	0.675118	0.674852	0.674619	0.674376	0.674193	0.673957	0.673931	0.673732	0.675171	0.676755	0.675	0.673591	0.674183	0.675003	0.675598	0.676065	0.676411	0.676648	0.676782	0.67683	0.676803	0.676715	0.676582	0.676421	0.676241	0.676061	0.675884	0.675724	0.675587	0.675478	0.675393	0.675335	0.675299	0.675281	0.675273	0.675272	0.675271	0.675267	0.675254	0.675233	0.675201	0.675162	
0.675508	0.675483	0.675456	0.675429	0.675405	0.675392	0.675395	0.675417	0.675459	0.675521	0.675601	0.675695	0.675797	0.675902	0.675998	0.676075	0.676109	0.6761	0.676029	0.675915	0.675738	0.675539	0.675305	0.675076	0.674841	0.674632	0.67441	0.674226	0.673969	0.673796	0.673334	0.673882	0.676261	0.675865	0.674465	0.674862	0.675286	0.67585	0.676261	0.676576	0.676782	0.676889	0.676913	0.676863	0.676755	0.6766	0.676422	0.676225	0.67603	0.675842	0.675679	0.675544	0.675444	0.675372	0.675333	0.675321	0.675335	0.675362	0.675402	0.675443	0.67548	0.675509	0.675525	0.675525	0.675508	
