x=200	y=115	z=200	n=65	len=1
b
0.864849	0.864731	0.864661	0.864642	0.864674	0.864756	0.864886	0.865059	0.865265	0.865496	0.865739	0.865983	0.866214	0.866425	0.866604	0.866753	0.866866	0.866952	0.867013	0.867061	0.867101	0.867146	0.867199	0.867268	0.86735	0.867442	0.867531	0.867603	0.867645	0.867642	0.86759	0.867485	0.86733	0.867128	0.866887	0.86662	0.86634	0.866065	0.865816	0.865614	0.865478	0.865417	0.865436	0.865529	0.865684	0.865884	0.866108	0.866341	0.866561	0.866755	0.866909	0.867013	0.867062	0.867049	0.866979	0.866852	0.866677	0.866461	0.866218	0.865958	0.865697	0.865444	0.865213	0.865012	0.864849	
0.864913	0.86478	0.864691	0.864647	0.864652	0.864704	0.864801	0.864941	0.865118	0.865323	0.865548	0.865781	0.866011	0.866229	0.866425	0.866595	0.866734	0.866847	0.866932	0.867	0.867054	0.867104	0.867152	0.867206	0.867262	0.86732	0.86737	0.867402	0.867405	0.867368	0.867286	0.867154	0.866976	0.866756	0.866503	0.86623	0.865952	0.865687	0.865456	0.865275	0.865157	0.865111	0.865138	0.865231	0.86538	0.865572	0.865788	0.866016	0.866236	0.866436	0.866604	0.86673	0.866809	0.866833	0.866806	0.866723	0.866593	0.866419	0.866213	0.865983	0.865745	0.865507	0.865284	0.865082	0.864913	
0.865001	0.864852	0.864741	0.864671	0.864646	0.864665	0.864728	0.864833	0.864975	0.865149	0.865346	0.865559	0.865777	0.865991	0.866193	0.866377	0.866538	0.866677	0.866793	0.866891	0.866972	0.867046	0.867109	0.867169	0.867221	0.867265	0.867294	0.867301	0.867277	0.867215	0.867109	0.866958	0.866762	0.866527	0.866262	0.86598	0.865697	0.86543	0.865195	0.865008	0.864879	0.864816	0.86482	0.864887	0.86501	0.865179	0.865379	0.865599	0.865821	0.866034	0.866225	0.866385	0.866507	0.866582	0.86661	0.866585	0.866511	0.866388	0.866227	0.866034	0.865821	0.8656	0.865384	0.86518	0.865001	
0.865112	0.864946	0.864811	0.864713	0.864658	0.864643	0.86467	0.864738	0.864844	0.864983	0.86515	0.865336	0.865533	0.865735	0.865934	0.866124	0.866301	0.866465	0.866612	0.866746	0.866866	0.866976	0.867072	0.867157	0.867226	0.867278	0.867305	0.867302	0.867266	0.86719	0.867071	0.866906	0.866697	0.866449	0.866172	0.865878	0.865582	0.865299	0.865042	0.864827	0.86466	0.864554	0.864509	0.864528	0.864608	0.864743	0.86492	0.865129	0.865353	0.86558	0.865799	0.865997	0.866168	0.866301	0.866393	0.866434	0.866425	0.866363	0.866254	0.866102	0.86592	0.865717	0.865507	0.865302	0.865112	
0.865237	0.865053	0.864896	0.864771	0.864684	0.864637	0.86463	0.864663	0.864734	0.864838	0.864972	0.865129	0.865303	0.865488	0.865679	0.865871	0.86606	0.866246	0.866425	0.866599	0.866764	0.866919	0.867058	0.86718	0.867278	0.867348	0.867385	0.867385	0.867347	0.867265	0.867139	0.866964	0.866744	0.866484	0.866194	0.865885	0.865571	0.865267	0.86498	0.864726	0.864506	0.86434	0.864229	0.864184	0.864206	0.864294	0.86444	0.864634	0.864857	0.865098	0.865342	0.865577	0.865795	0.865986	0.866144	0.866255	0.866317	0.866322	0.866272	0.866168	0.866021	0.865841	0.865642	0.865436	0.865237	
0.86537	0.865171	0.864993	0.864842	0.864727	0.864649	0.864611	0.864611	0.86465	0.864723	0.864827	0.864957	0.865108	0.865277	0.865459	0.865652	0.865853	0.866062	0.866274	0.86649	0.866701	0.866905	0.867091	0.867253	0.867382	0.867471	0.867521	0.867527	0.867491	0.867408	0.867278	0.867095	0.866864	0.866591	0.866289	0.865969	0.865644	0.865325	0.865012	0.86472	0.864448	0.864218	0.864031	0.863907	0.863855	0.863882	0.863985	0.864155	0.864372	0.864621	0.864885	0.86515	0.865409	0.86565	0.865868	0.866048	0.866181	0.866256	0.866271	0.866222	0.866117	0.865965	0.865781	0.865577	0.86537	
0.865505	0.865294	0.865098	0.864925	0.864784	0.86468	0.864615	0.864588	0.8646	0.864647	0.864726	0.864834	0.864967	0.865125	0.865303	0.865501	0.865718	0.865953	0.8662	0.866458	0.866715	0.866964	0.867189	0.867381	0.86753	0.867629	0.867685	0.867692	0.867659	0.867578	0.867446	0.867257	0.867015	0.866727	0.866414	0.866089	0.865765	0.865446	0.865125	0.864814	0.86451	0.864232	0.863974	0.863764	0.863619	0.863563	0.863603	0.863732	0.863932	0.864179	0.864453	0.864738	0.865025	0.865304	0.86557	0.865808	0.866009	0.866154	0.866236	0.866247	0.86619	0.866073	0.86591	0.865714	0.865505	
0.865637	0.86542	0.86521	0.865019	0.864858	0.864731	0.864645	0.864596	0.864588	0.864617	0.864679	0.864775	0.8649	0.865055	0.865239	0.865452	0.865692	0.86596	0.866245	0.866545	0.866842	0.867123	0.867371	0.867572	0.867722	0.867815	0.867865	0.867872	0.867848	0.867778	0.867652	0.86746	0.867207	0.866903	0.866573	0.866247	0.865937	0.865638	0.865332	0.865033	0.864736	0.864449	0.864148	0.863858	0.863603	0.863429	0.863368	0.863425	0.863584	0.863816	0.864089	0.86438	0.864679	0.864978	0.865274	0.865556	0.865811	0.866019	0.866167	0.86624	0.866237	0.866161	0.866026	0.865844	0.865637	
0.865763	0.865545	0.865328	0.865125	0.864949	0.864807	0.864705	0.864643	0.864623	0.864642	0.864699	0.864793	0.864923	0.865089	0.86529	0.865531	0.865804	0.866111	0.866437	0.866772	0.867096	0.867391	0.867638	0.867824	0.867952	0.868025	0.868071	0.868093	0.868096	0.868051	0.867934	0.867732	0.867469	0.867158	0.866818	0.866496	0.866208	0.865935	0.865658	0.865387	0.865127	0.864877	0.864591	0.864268	0.863911	0.863589	0.863369	0.863296	0.863371	0.863558	0.863814	0.864101	0.864397	0.864696	0.865001	0.865303	0.865595	0.865854	0.866061	0.866196	0.866251	0.866221	0.86612	0.86596	0.865763	
0.865883	0.865672	0.865455	0.865246	0.865062	0.864912	0.864803	0.864736	0.864714	0.864735	0.864799	0.864906	0.865054	0.865248	0.865484	0.865766	0.866084	0.866435	0.866798	0.867159	0.867492	0.867778	0.867998	0.868145	0.868238	0.868294	0.868357	0.868421	0.86847	0.868442	0.868305	0.868067	0.867797	0.867534	0.867233	0.866943	0.866681	0.866414	0.866147	0.865892	0.865674	0.865481	0.865264	0.86499	0.864597	0.864142	0.863724	0.863443	0.863354	0.863442	0.863651	0.86392	0.864206	0.864492	0.864782	0.865082	0.865388	0.865679	0.865934	0.866125	0.866235	0.866257	0.866195	0.866063	0.865883	
0.865999	0.865803	0.865593	0.865386	0.865202	0.865051	0.864943	0.86488	0.864868	0.864904	0.864989	0.865125	0.86531	0.865548	0.865835	0.866171	0.866541	0.866937	0.86733	0.867702	0.868021	0.868271	0.86844	0.868535	0.868598	0.868662	0.868772	0.868893	0.868966	0.868896	0.868666	0.868363	0.868116	0.867988	0.867838	0.867658	0.867444	0.867153	0.86687	0.866624	0.866433	0.866258	0.866092	0.865908	0.865571	0.865068	0.864476	0.863945	0.863606	0.863505	0.863607	0.863831	0.8641	0.86437	0.864636	0.864912	0.865207	0.86551	0.865797	0.866034	0.866198	0.866271	0.866254	0.866156	0.865999	
0.866119	0.865944	0.865748	0.865551	0.865375	0.865232	0.865135	0.865088	0.865097	0.865162	0.865284	0.865465	0.865705	0.866005	0.866357	0.866757	0.867181	0.867615	0.86802	0.868377	0.868654	0.868844	0.868949	0.868996	0.86905	0.869152	0.86932	0.869462	0.869467	0.869246	0.868858	0.868533	0.868352	0.868392	0.868498	0.86854	0.868443	0.868173	0.867933	0.867762	0.867598	0.867351	0.86712	0.866952	0.866697	0.866246	0.865575	0.864829	0.864197	0.863815	0.863716	0.863834	0.864065	0.86432	0.864565	0.86481	0.865077	0.86537	0.86567	0.865941	0.866151	0.866274	0.866304	0.866246	0.866119	
0.86625	0.866102	0.865926	0.865746	0.865585	0.865459	0.865383	0.865362	0.865405	0.865514	0.865687	0.865931	0.86624	0.866615	0.867039	0.867502	0.867969	0.868416	0.868801	0.869106	0.869309	0.869421	0.869461	0.869478	0.869551	0.8697	0.869892	0.86996	0.869771	0.869345	0.868852	0.86862	0.868544	0.868674	0.869026	0.869359	0.869467	0.869368	0.869356	0.86941	0.869314	0.86894	0.86851	0.868182	0.867913	0.867539	0.866895	0.866029	0.865138	0.864432	0.864039	0.863958	0.864093	0.864317	0.864547	0.864768	0.865003	0.865272	0.86557	0.865862	0.866111	0.86628	0.866358	0.866342	0.86625	
0.866399	0.866282	0.866133	0.865976	0.865838	0.865736	0.865691	0.865707	0.865796	0.865961	0.866201	0.866519	0.866908	0.867361	0.867852	0.868358	0.868831	0.869243	0.869551	0.869754	0.869848	0.869868	0.869853	0.869865	0.869972	0.870149	0.870289	0.870174	0.869737	0.869178	0.868696	0.868578	0.868596	0.868737	0.869248	0.86985	0.870201	0.870435	0.870853	0.871268	0.871329	0.870915	0.870279	0.86966	0.869221	0.868853	0.868291	0.867424	0.866369	0.865367	0.864634	0.864262	0.864216	0.86436	0.864564	0.864768	0.864978	0.865223	0.865509	0.865812	0.86609	0.866302	0.866426	0.866454	0.866399	
0.866577	0.866493	0.866373	0.866243	0.866132	0.866062	0.866054	0.866117	0.866261	0.866493	0.866807	0.867205	0.867671	0.868188	0.868713	0.869213	0.869624	0.869916	0.870059	0.870085	0.870025	0.869944	0.869895	0.86993	0.870081	0.870255	0.870278	0.869947	0.869326	0.868754	0.868307	0.868119	0.868132	0.868347	0.868999	0.869791	0.870359	0.870971	0.871858	0.872631	0.87292	0.872684	0.872034	0.871187	0.870497	0.870037	0.869556	0.868792	0.867707	0.866509	0.865469	0.864773	0.864472	0.864467	0.864612	0.864795	0.864989	0.865216	0.865492	0.865802	0.866105	0.866355	0.866522	0.866593	0.866577	
0.866781	0.866731	0.866642	0.866542	0.866463	0.86643	0.866466	0.866583	0.866789	0.867091	0.86748	0.867949	0.868471	0.869011	0.869508	0.869907	0.870132	0.870165	0.870018	0.869781	0.869529	0.869354	0.869303	0.869394	0.869603	0.869759	0.869647	0.869147	0.868467	0.867954	0.86744	0.866927	0.866801	0.867239	0.868138	0.869046	0.869757	0.870616	0.871779	0.872735	0.873207	0.873334	0.873012	0.872233	0.871407	0.870834	0.870422	0.869841	0.868878	0.867636	0.866398	0.865425	0.864855	0.864658	0.864702	0.864846	0.865025	0.865242	0.865514	0.865831	0.866156	0.86644	0.866647	0.866759	0.866781	
0.867014	0.866995	0.866934	0.866863	0.866817	0.866823	0.866906	0.867079	0.867348	0.867716	0.868166	0.86868	0.869209	0.869699	0.870056	0.870195	0.870045	0.869643	0.869081	0.868528	0.868094	0.867871	0.867878	0.868065	0.868358	0.868507	0.868282	0.867677	0.867039	0.866632	0.865958	0.865057	0.864785	0.865462	0.866643	0.867662	0.868443	0.869304	0.870405	0.871267	0.871749	0.872252	0.872554	0.872256	0.871569	0.870977	0.870643	0.870312	0.869622	0.868509	0.867217	0.86607	0.865288	0.864905	0.864834	0.864925	0.865085	0.865297	0.865574	0.865904	0.866251	0.866568	0.866811	0.866958	0.867014	
0.867253	0.867261	0.867228	0.867187	0.867175	0.867221	0.867352	0.867581	0.867907	0.868326	0.86881	0.869319	0.869778	0.870098	0.87014	0.869806	0.869081	0.868113	0.86711	0.866314	0.865824	0.865675	0.865817	0.866114	0.866463	0.866577	0.866249	0.865592	0.865055	0.86482	0.864032	0.862922	0.862671	0.86345	0.864799	0.866024	0.866891	0.867566	0.868258	0.868672	0.868904	0.869619	0.870617	0.871099	0.870857	0.870402	0.870176	0.870131	0.869833	0.869013	0.867817	0.866603	0.865682	0.865157	0.864984	0.865022	0.86516	0.865367	0.865653	0.865999	0.866369	0.866715	0.866989	0.867168	0.867253	
0.867486	0.867514	0.867501	0.867486	0.867506	0.867592	0.867769	0.868047	0.868416	0.868861	0.869333	0.869764	0.870044	0.87003	0.869554	0.868561	0.867168	0.865698	0.864471	0.863727	0.863466	0.863583	0.863919	0.864256	0.864501	0.864435	0.863971	0.863361	0.863016	0.863027	0.862233	0.86106	0.861016	0.861883	0.863338	0.864884	0.865911	0.866331	0.866333	0.865904	0.865599	0.866317	0.86788	0.869205	0.86958	0.869365	0.869239	0.869436	0.869561	0.869146	0.868174	0.866991	0.865994	0.865378	0.865138	0.865135	0.865257	0.865463	0.865759	0.866123	0.866517	0.866886	0.867183	0.867382	0.867486	
0.867663	0.867707	0.867716	0.867729	0.867785	0.867913	0.868134	0.868452	0.868845	0.869278	0.869679	0.869942	0.869909	0.869398	0.868258	0.866569	0.864668	0.863069	0.862102	0.861854	0.862134	0.862655	0.863162	0.863376	0.863261	0.86283	0.862258	0.861951	0.862028	0.862322	0.861473	0.860179	0.860438	0.86153	0.86301	0.864707	0.865837	0.866	0.86519	0.863721	0.862772	0.863427	0.865386	0.867367	0.86828	0.868301	0.868249	0.868608	0.869083	0.869065	0.868356	0.867258	0.86624	0.865573	0.865289	0.865255	0.865356	0.865553	0.865851	0.866226	0.866636	0.86702	0.867332	0.867545	0.867663	
0.867761	0.867814	0.867843	0.867885	0.867981	0.868155	0.86842	0.868769	0.869163	0.869545	0.86981	0.869808	0.869349	0.868245	0.866455	0.864291	0.862343	0.861193	0.860975	0.861501	0.86242	0.863324	0.863897	0.863854	0.863289	0.862552	0.862127	0.862504	0.863304	0.863832	0.862714	0.861171	0.861649	0.862911	0.864089	0.865344	0.866239	0.866141	0.864672	0.862454	0.861138	0.861815	0.863957	0.866153	0.867282	0.867482	0.867559	0.868061	0.868756	0.868986	0.868455	0.867441	0.866444	0.865771	0.865465	0.865402	0.865477	0.865659	0.865952	0.866329	0.866739	0.867122	0.86743	0.867641	0.867761	
0.867729	0.867804	0.867868	0.867957	0.868108	0.868337	0.868646	0.869013	0.86938	0.869668	0.869734	0.8694	0.868466	0.866807	0.864581	0.862376	0.860926	0.860646	0.861327	0.862565	0.863975	0.865104	0.865612	0.865298	0.864493	0.863866	0.86401	0.865288	0.866929	0.867623	0.86613	0.864449	0.864929	0.86583	0.866131	0.866316	0.866582	0.866281	0.864689	0.86246	0.861225	0.861909	0.863876	0.865754	0.86671	0.867016	0.867333	0.868036	0.868828	0.869095	0.868589	0.867616	0.866665	0.866009	0.865679	0.865559	0.865578	0.865717	0.865982	0.866336	0.86673	0.867097	0.867394	0.867602	0.867729	
0.867542	0.86765	0.86777	0.867931	0.868164	0.868469	0.868832	0.869212	0.869532	0.869689	0.869511	0.868818	0.867443	0.86539	0.863055	0.86122	0.860552	0.861137	0.862504	0.864208	0.865905	0.867132	0.867546	0.86708	0.866338	0.866236	0.867184	0.869201	0.87153	0.87239	0.870662	0.869132	0.869427	0.869356	0.86835	0.8673	0.866884	0.866577	0.865488	0.863909	0.862973	0.863443	0.864876	0.866143	0.866749	0.867117	0.867717	0.868607	0.869352	0.869467	0.868865	0.867898	0.866993	0.866345	0.865962	0.865756	0.865693	0.865767	0.865978	0.866284	0.86663	0.866955	0.86722	0.867409	0.867542	
0.867261	0.867441	0.867657	0.867926	0.868262	0.868651	0.869058	0.869429	0.86967	0.86966	0.86922	0.868195	0.866485	0.864247	0.862063	0.860744	0.860728	0.86181	0.863471	0.865347	0.867177	0.868534	0.869044	0.868664	0.868157	0.868581	0.870086	0.872362	0.874914	0.875831	0.874238	0.873106	0.873075	0.871952	0.869848	0.867993	0.867292	0.867347	0.867056	0.866205	0.86545	0.865563	0.86641	0.867128	0.867493	0.867955	0.868782	0.869751	0.870327	0.870193	0.869439	0.868433	0.867515	0.866801	0.866292	0.86594	0.865745	0.865712	0.865835	0.866068	0.866355	0.866636	0.866885	0.867085	0.867261	
0.866877	0.867182	0.86755	0.867976	0.86845	0.868935	0.869378	0.86971	0.869833	0.869617	0.868903	0.867583	0.865642	0.863357	0.861381	0.860416	0.860681	0.861838	0.863447	0.86526	0.867139	0.868779	0.869754	0.869748	0.869423	0.869971	0.871458	0.873332	0.875336	0.876054	0.875004	0.874459	0.874301	0.872832	0.870465	0.868433	0.867894	0.868573	0.868907	0.868304	0.867445	0.867231	0.867597	0.867951	0.868352	0.869121	0.870225	0.871238	0.871626	0.871252	0.870349	0.869258	0.868236	0.867364	0.866662	0.866125	0.865768	0.865602	0.865606	0.865736	0.865937	0.866159	0.86639	0.866619	0.866877	
0.866688	0.867157	0.867698	0.868278	0.868866	0.8694	0.869815	0.87004	0.86998	0.869522	0.868545	0.866991	0.864911	0.862635	0.860775	0.859895	0.860076	0.860975	0.862281	0.863861	0.865787	0.867957	0.869779	0.870399	0.870033	0.870077	0.870981	0.872049	0.873065	0.873414	0.872898	0.872941	0.873267	0.872585	0.871008	0.869319	0.868952	0.869886	0.870206	0.869287	0.8681	0.867446	0.867237	0.867446	0.868355	0.869879	0.871523	0.872705	0.873007	0.872495	0.87149	0.870283	0.869076	0.867953	0.866979	0.866202	0.865652	0.865346	0.86524	0.865293	0.865457	0.865683	0.865966	0.866293	0.866688	
0.866723	0.867393	0.868114	0.86882	0.869459	0.869957	0.870256	0.870288	0.869977	0.869249	0.86803	0.866296	0.86413	0.861854	0.860023	0.859145	0.85928	0.860047	0.861095	0.862416	0.864408	0.867214	0.869956	0.871145	0.870489	0.869552	0.869444	0.869611	0.869645	0.869452	0.869106	0.869561	0.870797	0.871731	0.871927	0.87111	0.870505	0.870867	0.870609	0.869207	0.867455	0.865955	0.865092	0.865483	0.867269	0.869795	0.872158	0.873674	0.874064	0.873569	0.872555	0.871246	0.869832	0.868436	0.867183	0.86618	0.865469	0.865052	0.864849	0.864841	0.864995	0.865264	0.865657	0.866137	0.866723	
0.867173	0.867948	0.868747	0.869471	0.870045	0.870388	0.870456	0.870205	0.869602	0.868633	0.867267	0.865496	0.863373	0.861162	0.859379	0.858578	0.858929	0.860047	0.861413	0.862963	0.865201	0.868353	0.871412	0.872603	0.871371	0.869269	0.867861	0.866954	0.866017	0.86513	0.864669	0.865302	0.867223	0.86983	0.872193	0.872705	0.871931	0.871613	0.870959	0.86923	0.866738	0.864168	0.862654	0.863185	0.865594	0.868837	0.871803	0.873755	0.874456	0.874182	0.873289	0.871945	0.870347	0.868677	0.867152	0.865963	0.865157	0.864724	0.86456	0.864651	0.864945	0.865364	0.86589	0.86648	0.867173	
0.867839	0.868598	0.869327	0.869935	0.870339	0.870455	0.870265	0.869747	0.868922	0.867824	0.86645	0.8648	0.862906	0.860975	0.859447	0.858861	0.859497	0.861084	0.86308	0.865248	0.867859	0.870948	0.873605	0.874213	0.872161	0.868846	0.866018	0.86395	0.862165	0.860848	0.860483	0.861296	0.863354	0.866671	0.870442	0.872466	0.872487	0.872324	0.871803	0.87002	0.867072	0.863805	0.861748	0.862096	0.86453	0.867802	0.870794	0.872896	0.873902	0.873952	0.873297	0.87205	0.870403	0.868586	0.866914	0.865664	0.864862	0.864466	0.864388	0.864646	0.865173	0.865805	0.866465	0.867122	0.867839	
0.868074	0.868756	0.869415	0.869938	0.870198	0.870108	0.869686	0.868962	0.868048	0.867013	0.865824	0.86447	0.862987	0.861526	0.860415	0.860085	0.860807	0.862448	0.864647	0.867214	0.870137	0.873058	0.875099	0.874976	0.872206	0.867979	0.863945	0.860787	0.8586	0.857823	0.858439	0.859814	0.861474	0.863979	0.867573	0.870712	0.872416	0.87332	0.873244	0.871308	0.867898	0.864379	0.862276	0.862592	0.864816	0.867558	0.869847	0.871459	0.872461	0.872825	0.872546	0.871628	0.870132	0.868272	0.866538	0.865313	0.864597	0.864342	0.864506	0.865062	0.865829	0.866505	0.867007	0.867477	0.868074	
0.867762	0.868434	0.869174	0.8698	0.870065	0.869859	0.869273	0.868461	0.8676	0.8667	0.865716	0.864694	0.863668	0.862662	0.861838	0.861537	0.862024	0.863281	0.865192	0.86772	0.870668	0.873334	0.87478	0.874058	0.870969	0.866491	0.861971	0.858384	0.856685	0.857598	0.86016	0.862301	0.863086	0.864182	0.866837	0.870243	0.873221	0.875028	0.874762	0.871821	0.867588	0.864283	0.863146	0.864213	0.866459	0.868526	0.86969	0.870198	0.870662	0.871058	0.871135	0.870779	0.86979	0.868212	0.866557	0.865277	0.864504	0.864306	0.86474	0.865627	0.866553	0.867004	0.867085	0.867287	0.867762	
0.867488	0.868451	0.869429	0.870117	0.870247	0.869818	0.869059	0.86823	0.867479	0.866743	0.865985	0.865242	0.86444	0.863486	0.862514	0.861939	0.862118	0.863091	0.864788	0.867131	0.869839	0.872203	0.873297	0.872289	0.869162	0.864917	0.860792	0.857879	0.857503	0.860299	0.864512	0.8671	0.867142	0.86732	0.869344	0.872506	0.875597	0.876989	0.875316	0.870746	0.86571	0.863153	0.86359	0.865608	0.867729	0.868914	0.869045	0.868806	0.868858	0.869174	0.86964	0.870002	0.869593	0.86829	0.866742	0.865502	0.864775	0.86461	0.865059	0.865914	0.866543	0.866481	0.866346	0.866733	0.867488	
0.868891	0.86972	0.870107	0.870142	0.86988	0.869434	0.868859	0.868138	0.867355	0.86661	0.865946	0.86527	0.864394	0.863275	0.862161	0.861517	0.861708	0.862786	0.864612	0.866994	0.869624	0.871847	0.872739	0.871546	0.868381	0.864424	0.861169	0.859623	0.860576	0.864055	0.868365	0.871062	0.871319	0.871342	0.87303	0.875746	0.877825	0.877651	0.874328	0.868659	0.863398	0.86149	0.862743	0.865128	0.86717	0.867931	0.867758	0.867682	0.868114	0.868633	0.869163	0.869597	0.869267	0.868201	0.867127	0.866423	0.865919	0.865376	0.864996	0.864995	0.86498	0.864917	0.865795	0.867487	0.868891	
0.870049	0.870599	0.870286	0.869679	0.869164	0.868925	0.868795	0.868336	0.867451	0.866432	0.865511	0.864636	0.863662	0.86265	0.86187	0.861637	0.862136	0.863355	0.865188	0.867534	0.870204	0.872513	0.873381	0.872129	0.86909	0.865513	0.862934	0.86218	0.863354	0.866166	0.869606	0.87234	0.87371	0.874638	0.876443	0.878479	0.878991	0.877129	0.872814	0.867141	0.862534	0.861068	0.862205	0.864404	0.866631	0.867893	0.868231	0.868599	0.869406	0.869844	0.869516	0.86876	0.867727	0.866794	0.86644	0.866768	0.867101	0.866646	0.865553	0.864494	0.863899	0.864165	0.865841	0.868282	0.870049	
0.868996	0.870041	0.870218	0.869857	0.869357	0.869056	0.868953	0.868585	0.867731	0.86665	0.865614	0.864646	0.863654	0.86269	0.861949	0.861643	0.861881	0.862743	0.864344	0.866731	0.869703	0.872443	0.873759	0.872985	0.870486	0.867316	0.864669	0.863402	0.863696	0.865344	0.867902	0.87085	0.87362	0.875925	0.878103	0.879626	0.87919	0.876494	0.872153	0.867297	0.863621	0.862491	0.863346	0.865141	0.867398	0.869243	0.870146	0.870651	0.871211	0.871147	0.870022	0.868327	0.866634	0.865396	0.864921	0.865428	0.866466	0.867085	0.866819	0.865849	0.864897	0.864642	0.86549	0.867226	0.868996	
0.868002	0.869346	0.870086	0.870221	0.869949	0.869585	0.869298	0.868847	0.868055	0.867046	0.866019	0.865026	0.863994	0.862901	0.861826	0.860983	0.860596	0.860939	0.86232	0.864808	0.868053	0.871106	0.872766	0.872461	0.870564	0.867802	0.864811	0.862521	0.861567	0.862071	0.864101	0.867571	0.871577	0.874802	0.877102	0.878391	0.877736	0.875093	0.871498	0.868013	0.865577	0.864629	0.864648	0.865479	0.867439	0.869795	0.871402	0.872177	0.872548	0.872208	0.870859	0.868918	0.866952	0.865367	0.864428	0.864384	0.865138	0.866157	0.866792	0.866624	0.86592	0.865314	0.865459	0.866498	0.868002	
0.867614	0.868746	0.869659	0.870171	0.870238	0.869983	0.869596	0.869056	0.868262	0.867244	0.866154	0.865092	0.864033	0.862923	0.861771	0.86076	0.860149	0.860257	0.861412	0.863663	0.866566	0.869187	0.870535	0.870389	0.869103	0.866753	0.863646	0.861053	0.85942	0.858847	0.860245	0.863842	0.868359	0.871944	0.87419	0.875226	0.874464	0.872161	0.869534	0.867526	0.866356	0.865343	0.864131	0.863791	0.865386	0.868393	0.871256	0.873004	0.873699	0.873351	0.871849	0.869636	0.867373	0.865543	0.864416	0.864092	0.864443	0.865194	0.865933	0.866305	0.866253	0.866028	0.866078	0.866622	0.867614	
0.867359	0.868307	0.869237	0.869925	0.870238	0.870165	0.86983	0.869276	0.868492	0.867489	0.866363	0.865212	0.864065	0.862929	0.861821	0.860886	0.860352	0.860524	0.861672	0.863677	0.865924	0.867629	0.868413	0.868584	0.868208	0.866471	0.863556	0.861252	0.859379	0.857626	0.857871	0.8606	0.864439	0.867709	0.869912	0.870839	0.870034	0.868254	0.866535	0.865519	0.865085	0.864183	0.862766	0.8623	0.86387	0.867115	0.870655	0.873175	0.874274	0.874039	0.872552	0.870266	0.867845	0.865863	0.864631	0.864182	0.864344	0.864846	0.865407	0.865869	0.866139	0.866207	0.866307	0.866657	0.867358	
0.867218	0.867994	0.868816	0.869505	0.869942	0.870058	0.869882	0.869436	0.868733	0.867798	0.866692	0.865493	0.86426	0.863055	0.86195	0.861103	0.86074	0.861145	0.862461	0.86437	0.866124	0.86712	0.867508	0.867975	0.868404	0.867634	0.86556	0.863564	0.861227	0.858495	0.857587	0.858794	0.861097	0.863318	0.865073	0.865942	0.86538	0.864503	0.86369	0.863049	0.862908	0.862746	0.862469	0.862913	0.864664	0.867425	0.870384	0.872691	0.873848	0.87378	0.872544	0.870491	0.868177	0.866191	0.864959	0.864513	0.864594	0.864906	0.865278	0.865662	0.865975	0.866162	0.866336	0.866652	0.867218	
0.867086	0.867732	0.868446	0.869092	0.86957	0.869796	0.869754	0.869441	0.868864	0.868041	0.86702	0.865863	0.864633	0.863405	0.862288	0.861467	0.861191	0.861739	0.863185	0.865109	0.866718	0.867444	0.867565	0.86788	0.868388	0.868408	0.867764	0.866625	0.864249	0.861117	0.859328	0.858943	0.859831	0.861055	0.861896	0.862339	0.862047	0.862098	0.862179	0.861768	0.861568	0.862025	0.863161	0.864895	0.867009	0.869023	0.870632	0.871785	0.872385	0.872317	0.871462	0.869938	0.86808	0.866369	0.86526	0.864813	0.864787	0.864962	0.865237	0.865566	0.86586	0.866079	0.866291	0.866601	0.867086	
0.86721	0.867756	0.868341	0.868874	0.869289	0.869517	0.869526	0.8693	0.868834	0.868135	0.867234	0.866175	0.865007	0.863795	0.862659	0.861808	0.861541	0.862163	0.863737	0.8658	0.867548	0.868367	0.868455	0.868452	0.868563	0.868772	0.86919	0.869207	0.867467	0.864428	0.861929	0.860356	0.860575	0.861674	0.862057	0.861987	0.861809	0.862266	0.862669	0.862345	0.861948	0.862403	0.864049	0.866471	0.868903	0.870527	0.871082	0.870996	0.870724	0.87041	0.86987	0.86894	0.867651	0.866318	0.865366	0.864902	0.8648	0.864929	0.865206	0.865546	0.865857	0.866129	0.866409	0.866756	0.86721	
0.867427	0.867875	0.868331	0.868744	0.869075	0.869268	0.869295	0.869128	0.868753	0.868169	0.86739	0.866446	0.865367	0.864202	0.863066	0.862166	0.86183	0.862403	0.863995	0.866195	0.868207	0.869348	0.869645	0.869533	0.869387	0.869577	0.870467	0.871261	0.870162	0.867237	0.864146	0.862121	0.862407	0.864167	0.865048	0.864823	0.864642	0.864985	0.864973	0.864126	0.863282	0.863461	0.86493	0.867221	0.869506	0.870916	0.871083	0.870403	0.86955	0.868969	0.868571	0.868022	0.867129	0.86608	0.865248	0.864776	0.864648	0.864798	0.865126	0.865525	0.865911	0.866272	0.866629	0.867009	0.867427	
0.867696	0.868082	0.868442	0.868753	0.868994	0.869129	0.869134	0.868986	0.868668	0.868174	0.867505	0.866676	0.865694	0.86459	0.863457	0.862481	0.861995	0.862368	0.863786	0.865948	0.868098	0.869502	0.870031	0.869956	0.869832	0.87029	0.871683	0.872875	0.871891	0.868889	0.865586	0.8638	0.864569	0.867179	0.86888	0.868639	0.868331	0.868478	0.868018	0.866506	0.865024	0.864878	0.866109	0.867973	0.869681	0.8706	0.870474	0.869642	0.868729	0.868177	0.867891	0.867468	0.866678	0.865704	0.864893	0.864415	0.864308	0.864519	0.864934	0.865436	0.865941	0.86642	0.866868	0.867292	0.867696	
0.86791	0.868237	0.868516	0.86874	0.868906	0.86899	0.868979	0.868851	0.868589	0.868184	0.86763	0.866923	0.866055	0.865028	0.86391	0.86286	0.862191	0.862271	0.863341	0.865212	0.867203	0.868615	0.869252	0.869283	0.869389	0.870333	0.872252	0.873533	0.872366	0.869518	0.866699	0.865493	0.866657	0.869667	0.871656	0.871326	0.870955	0.871097	0.8706	0.868955	0.867202	0.866746	0.867642	0.868989	0.869965	0.870181	0.86966	0.868812	0.868101	0.867751	0.867535	0.867075	0.866241	0.865259	0.864451	0.863995	0.863943	0.864237	0.864752	0.865365	0.865987	0.866565	0.867081	0.867527	0.86791	
0.868024	0.868307	0.868527	0.86869	0.868801	0.86885	0.868828	0.86872	0.868511	0.868194	0.867755	0.867178	0.866438	0.865509	0.86443	0.863336	0.862513	0.862297	0.862945	0.864372	0.866006	0.867221	0.867793	0.867935	0.868393	0.86988	0.872121	0.873218	0.872023	0.869831	0.867985	0.86729	0.868346	0.870927	0.872593	0.872333	0.872137	0.87238	0.872039	0.870721	0.869246	0.868683	0.869183	0.870016	0.870347	0.869923	0.869045	0.868224	0.867721	0.8675	0.86724	0.866658	0.86575	0.864756	0.863966	0.863554	0.863573	0.863955	0.86457	0.865285	0.866	0.86665	0.867207	0.867663	0.868024	
0.868054	0.868288	0.868454	0.868566	0.868636	0.868661	0.868639	0.868556	0.868404	0.868174	0.867852	0.867411	0.866808	0.865995	0.864989	0.863906	0.863014	0.862606	0.862894	0.86386	0.865092	0.86603	0.866416	0.866632	0.86741	0.869219	0.871448	0.872361	0.871563	0.870357	0.869435	0.868924	0.869403	0.870984	0.872123	0.872177	0.87224	0.872425	0.872074	0.871094	0.870064	0.869575	0.869798	0.870297	0.870309	0.869583	0.868544	0.867758	0.867364	0.867166	0.86683	0.866172	0.865249	0.864285	0.863547	0.863207	0.863316	0.863794	0.864498	0.865289	0.866057	0.866736	0.867295	0.86773	0.868054	
0.867974	0.868157	0.868277	0.868349	0.868392	0.868407	0.868392	0.868341	0.868246	0.868102	0.867896	0.86759	0.86713	0.866448	0.865547	0.864543	0.863694	0.863235	0.863303	0.863891	0.864765	0.865451	0.865678	0.865929	0.866769	0.868447	0.87036	0.871256	0.871166	0.870876	0.870502	0.869899	0.869737	0.870382	0.871076	0.871416	0.871578	0.871465	0.870843	0.869975	0.869331	0.869094	0.869284	0.869641	0.86958	0.868864	0.867895	0.867213	0.866894	0.866701	0.866339	0.865676	0.864781	0.863871	0.863209	0.862967	0.863181	0.863751	0.864522	0.865347	0.866125	0.866788	0.867312	0.867702	0.867974	
0.867836	0.867962	0.868034	0.868072	0.868094	0.868103	0.868098	0.868076	0.868034	0.867967	0.867863	0.867682	0.867357	0.866807	0.866031	0.865159	0.864446	0.864065	0.864053	0.864389	0.864997	0.86553	0.8657	0.865832	0.866301	0.867432	0.868946	0.870062	0.870685	0.870938	0.87069	0.86988	0.869318	0.869457	0.869882	0.870256	0.870289	0.869813	0.868901	0.868037	0.867659	0.867769	0.868153	0.868502	0.868435	0.867864	0.867127	0.866648	0.866449	0.866293	0.865931	0.865264	0.864387	0.863536	0.862978	0.862867	0.863202	0.863855	0.864666	0.865492	0.866237	0.866847	0.867306	0.867627	0.867836	
0.867632	0.867699	0.867727	0.867738	0.867745	0.867753	0.867762	0.867767	0.867769	0.867768	0.867752	0.867681	0.867478	0.867056	0.866413	0.865701	0.865179	0.864954	0.864956	0.865132	0.865553	0.866011	0.866119	0.865858	0.865586	0.866045	0.867361	0.868913	0.870055	0.870409	0.869981	0.868964	0.868243	0.868253	0.868525	0.868684	0.868478	0.867862	0.867003	0.86631	0.866163	0.866552	0.867153	0.867563	0.867516	0.867099	0.866621	0.86635	0.866243	0.866079	0.865651	0.864921	0.864038	0.863265	0.862853	0.862903	0.863362	0.86408	0.8649	0.86569	0.866365	0.866888	0.867258	0.867496	0.867632	
0.867398	0.867407	0.867396	0.867384	0.867381	0.86739	0.86741	0.867437	0.867473	0.867521	0.867572	0.867588	0.867488	0.867181	0.866665	0.866114	0.865795	0.865758	0.865829	0.865917	0.86619	0.866567	0.866556	0.865791	0.864764	0.864682	0.86596	0.867873	0.869189	0.869343	0.868667	0.867544	0.866803	0.866803	0.866903	0.866747	0.866395	0.865973	0.865561	0.865334	0.865524	0.866095	0.866755	0.867163	0.867141	0.866851	0.866555	0.866387	0.866247	0.865945	0.865359	0.864537	0.863684	0.863057	0.862846	0.863079	0.863656	0.864418	0.865215	0.865932	0.866508	0.866923	0.867189	0.867337	0.867398	
0.867137	0.867094	0.86705	0.867021	0.867012	0.867027	0.867059	0.867104	0.867165	0.867247	0.867347	0.867428	0.867412	0.867203	0.866796	0.866376	0.866229	0.866382	0.866578	0.866648	0.866772	0.866999	0.86687	0.865884	0.864582	0.864233	0.865291	0.867019	0.868004	0.86783	0.867069	0.866059	0.8654	0.865331	0.865198	0.864826	0.864554	0.86451	0.864664	0.865017	0.865618	0.866346	0.866957	0.867264	0.867218	0.866975	0.866714	0.86648	0.866165	0.865646	0.864904	0.864062	0.863343	0.862949	0.862983	0.8634	0.864071	0.864839	0.865574	0.866187	0.866641	0.866936	0.867093	0.867148	0.867137	
0.866866	0.866781	0.866712	0.866673	0.866664	0.866686	0.86673	0.866791	0.866869	0.866972	0.8671	0.867225	0.867276	0.867148	0.866822	0.866481	0.866437	0.866747	0.867113	0.867257	0.867282	0.867327	0.867152	0.866397	0.86546	0.86511	0.865588	0.866436	0.866624	0.866076	0.865401	0.864741	0.864311	0.864128	0.86379	0.863428	0.863409	0.86371	0.864253	0.864987	0.865856	0.866675	0.867209	0.867388	0.86726	0.866967	0.866617	0.866217	0.865702	0.865034	0.864272	0.863566	0.863105	0.863007	0.863292	0.863861	0.86458	0.865307	0.865943	0.866429	0.86675	0.866921	0.866972	0.866941	0.866866	
0.866592	0.866474	0.866389	0.866347	0.866344	0.866379	0.866437	0.866512	0.866603	0.866717	0.866859	0.867012	0.867113	0.867058	0.866799	0.866489	0.866455	0.86684	0.867372	0.867669	0.867708	0.867659	0.867524	0.867213	0.866862	0.866557	0.866293	0.866037	0.865388	0.864547	0.864	0.863778	0.863699	0.86347	0.863071	0.862904	0.863145	0.863611	0.864251	0.865049	0.865925	0.866667	0.867071	0.867116	0.866882	0.866497	0.86604	0.865517	0.864919	0.86427	0.863665	0.863235	0.863103	0.863302	0.863787	0.864443	0.865146	0.865786	0.866293	0.866637	0.866822	0.866873	0.866826	0.866719	0.866592	
0.866321	0.866183	0.866092	0.866053	0.866061	0.866111	0.866186	0.866277	0.866379	0.866498	0.866644	0.866808	0.866947	0.866961	0.866772	0.866466	0.866355	0.866687	0.867301	0.867777	0.86794	0.867921	0.867882	0.867902	0.867871	0.867477	0.866653	0.865697	0.864671	0.863783	0.863328	0.863391	0.86359	0.863423	0.863159	0.863249	0.863616	0.864027	0.864529	0.865166	0.865839	0.866346	0.866536	0.866423	0.866087	0.86564	0.865148	0.864629	0.864113	0.863648	0.863324	0.863224	0.863398	0.863822	0.86442	0.865082	0.86571	0.866223	0.866585	0.866785	0.866842	0.866786	0.866654	0.866487	0.866321	
0.86606	0.865913	0.865822	0.865792	0.865815	0.865884	0.865978	0.866088	0.866202	0.866326	0.866468	0.866634	0.866796	0.866875	0.866774	0.866493	0.866273	0.866416	0.866937	0.867503	0.867823	0.867907	0.867947	0.868056	0.868015	0.867495	0.86651	0.865486	0.864641	0.86401	0.863658	0.863758	0.864009	0.863973	0.863961	0.864217	0.864515	0.864721	0.864998	0.865398	0.865788	0.865995	0.865934	0.865655	0.865242	0.864785	0.864344	0.86394	0.863616	0.863414	0.863392	0.863577	0.863969	0.864511	0.865126	0.865722	0.866228	0.866595	0.866806	0.866869	0.86681	0.866661	0.866462	0.866251	0.86606	
0.865813	0.865665	0.865581	0.865563	0.865604	0.865693	0.86581	0.865941	0.86607	0.866201	0.866339	0.866497	0.866667	0.866797	0.866796	0.866604	0.866335	0.86625	0.866515	0.866978	0.867361	0.867545	0.86763	0.8677	0.867581	0.867097	0.86632	0.865621	0.865201	0.864959	0.864775	0.864781	0.864921	0.86502	0.865196	0.865411	0.865498	0.865491	0.865581	0.86576	0.865875	0.865804	0.865525	0.865119	0.864676	0.864263	0.86393	0.863695	0.86359	0.86363	0.863839	0.864206	0.8647	0.865258	0.865812	0.866291	0.866651	0.866865	0.866936	0.866878	0.866722	0.866502	0.866255	0.866017	0.865813	
0.865586	0.865443	0.865368	0.865365	0.865424	0.865534	0.865673	0.865827	0.865976	0.866119	0.866257	0.866404	0.866567	0.866724	0.866809	0.866749	0.86655	0.866357	0.866367	0.8666	0.866902	0.86712	0.867251	0.867327	0.867259	0.866985	0.866564	0.866226	0.866112	0.866136	0.866128	0.86609	0.866119	0.866269	0.866443	0.866474	0.866362	0.866241	0.866219	0.866218	0.866107	0.865826	0.865408	0.864944	0.864519	0.864186	0.863982	0.86391	0.863982	0.864193	0.864535	0.864977	0.865476	0.865972	0.866414	0.866751	0.866962	0.867035	0.866981	0.866823	0.866592	0.866321	0.866044	0.865792	0.865586	
0.86538	0.865247	0.865184	0.865194	0.865269	0.865398	0.865559	0.865737	0.865909	0.86607	0.866214	0.866354	0.866501	0.866657	0.866789	0.866842	0.86678	0.866645	0.866564	0.866622	0.866797	0.866992	0.867169	0.867319	0.867393	0.867356	0.867223	0.867095	0.867074	0.86716	0.867246	0.867252	0.86725	0.867341	0.86738	0.867251	0.867061	0.866918	0.866821	0.866674	0.866396	0.86599	0.865517	0.865062	0.8647	0.864465	0.864379	0.864433	0.864622	0.864922	0.86531	0.865743	0.86618	0.866571	0.86688	0.867075	0.867148	0.867098	0.866946	0.866713	0.86643	0.866128	0.865837	0.865582	0.86538	
0.865202	0.865079	0.865027	0.865049	0.865136	0.865279	0.865458	0.865658	0.865855	0.866039	0.866198	0.866341	0.866475	0.866615	0.866751	0.86686	0.866906	0.866891	0.866866	0.866891	0.867002	0.867173	0.867378	0.867595	0.867779	0.867895	0.86792	0.867887	0.867866	0.867913	0.867997	0.868048	0.868052	0.868046	0.867964	0.867787	0.867604	0.867451	0.867276	0.867013	0.866636	0.866182	0.865724	0.86533	0.865059	0.864928	0.864942	0.865083	0.865333	0.86566	0.866031	0.866406	0.866749	0.86702	0.867198	0.867265	0.867223	0.867078	0.866852	0.866568	0.866255	0.865939	0.865646	0.865394	0.865202	
0.865054	0.864941	0.864898	0.864927	0.865021	0.865172	0.865364	0.86558	0.8658	0.866008	0.86619	0.866347	0.86648	0.866606	0.866726	0.866839	0.866929	0.86699	0.867039	0.867103	0.867217	0.867382	0.867592	0.867828	0.868055	0.868237	0.868344	0.868379	0.868378	0.868395	0.868441	0.868486	0.86848	0.868411	0.868281	0.868111	0.867933	0.86774	0.867487	0.867149	0.866739	0.866305	0.865913	0.865614	0.865447	0.865412	0.865506	0.865701	0.865973	0.866286	0.866608	0.866903	0.867144	0.867303	0.867369	0.867334	0.867205	0.866993	0.866721	0.866409	0.866083	0.865765	0.865478	0.865236	0.865054	
0.864941	0.864834	0.864796	0.864827	0.864922	0.865074	0.86527	0.865496	0.865732	0.865963	0.866171	0.866352	0.866499	0.866624	0.86673	0.866829	0.866916	0.866994	0.867069	0.867156	0.867276	0.867431	0.867624	0.867845	0.868074	0.868283	0.868441	0.868539	0.868585	0.868613	0.868633	0.868645	0.868612	0.868513	0.868366	0.86819	0.867985	0.86774	0.867433	0.86707	0.866682	0.866314	0.866019	0.865829	0.865764	0.865814	0.865966	0.866189	0.866458	0.866737	0.867	0.867217	0.867369	0.867438	0.86742	0.867312	0.867126	0.866875	0.866578	0.866256	0.865929	0.865619	0.865342	0.865112	0.864941	
0.864863	0.864761	0.864722	0.864749	0.864837	0.864982	0.865174	0.865401	0.865645	0.865892	0.866123	0.86633	0.866502	0.866643	0.866752	0.866843	0.866917	0.866983	0.867048	0.867124	0.867223	0.86735	0.86751	0.8677	0.867909	0.868118	0.8683	0.868439	0.868527	0.868574	0.868585	0.868567	0.868502	0.868378	0.868209	0.868005	0.867762	0.867477	0.867151	0.866806	0.866476	0.866198	0.866011	0.865926	0.865951	0.866068	0.86626	0.866495	0.866749	0.866992	0.867202	0.867356	0.867444	0.86745	0.867378	0.867228	0.867013	0.866745	0.866443	0.866124	0.865807	0.865509	0.865245	0.865026	0.864863	
0.864822	0.864719	0.864675	0.864692	0.864767	0.864898	0.865077	0.865294	0.865536	0.865788	0.866035	0.866264	0.866464	0.86663	0.866759	0.866859	0.866932	0.86699	0.867039	0.867093	0.86716	0.86725	0.867369	0.867517	0.867688	0.86787	0.868043	0.868186	0.868286	0.868337	0.868338	0.868292	0.868195	0.868044	0.867845	0.867611	0.86734	0.867042	0.86673	0.86643	0.866175	0.86599	0.865898	0.8659	0.865993	0.866157	0.866371	0.86661	0.866848	0.867062	0.867235	0.867349	0.867398	0.867372	0.867276	0.867111	0.866891	0.866626	0.866334	0.866028	0.865726	0.865443	0.865191	0.864981	0.864822	
0.864819	0.86471	0.864656	0.864657	0.864712	0.864822	0.864979	0.865178	0.865407	0.865654	0.865905	0.866148	0.866368	0.86656	0.866716	0.866838	0.866927	0.866992	0.867039	0.867081	0.867126	0.867185	0.867264	0.867368	0.867492	0.86763	0.867766	0.867881	0.86796	0.867991	0.86797	0.867896	0.867768	0.867589	0.867366	0.86711	0.866829	0.866538	0.866258	0.866012	0.865828	0.865719	0.865698	0.865761	0.865898	0.866088	0.866312	0.866549	0.866775	0.866972	0.867127	0.867226	0.867263	0.867232	0.867138	0.866982	0.866777	0.86653	0.866258	0.865972	0.86569	0.865422	0.865182	0.864978	0.864819	
0.864849	0.864731	0.864661	0.864642	0.864674	0.864756	0.864886	0.865059	0.865265	0.865496	0.865739	0.865983	0.866214	0.866425	0.866604	0.866753	0.866866	0.866952	0.867013	0.867061	0.867101	0.867146	0.867199	0.867268	0.86735	0.867442	0.867531	0.867603	0.867645	0.867642	0.86759	0.867485	0.86733	0.867128	0.866887	0.86662	0.86634	0.866065	0.865816	0.865614	0.865478	0.865417	0.865436	0.865529	0.865684	0.865884	0.866108	0.866341	0.866561	0.866755	0.866909	0.867013	0.867062	0.867049	0.866979	0.866852	0.866677	0.866461	0.866218	0.865958	0.865697	0.865444	0.865213	0.865012	0.864849	
