x=200	y=110	z=200	n=65	len=1
b
0.827357	0.827094	0.826891	0.826753	0.826681	0.826666	0.826704	0.826784	0.826898	0.827031	0.827179	0.827333	0.827497	0.827673	0.827873	0.828101	0.828369	0.828669	0.829004	0.829349	0.829708	0.83005	0.830386	0.83067	0.830925	0.831099	0.831214	0.831237	0.831169	0.831027	0.830752	0.830474	0.830058	0.82972	0.829523	0.829233	0.828996	0.828712	0.828445	0.828209	0.828009	0.827888	0.827823	0.827861	0.827958	0.828146	0.82838	0.828667	0.828967	0.829276	0.829557	0.829803	0.829989	0.830106	0.830141	0.830095	0.829964	0.829755	0.829479	0.82915	0.828785	0.828403	0.828025	0.827671	0.827357	
0.827198	0.826904	0.826675	0.826519	0.826438	0.826426	0.826479	0.826588	0.826743	0.826931	0.827142	0.827365	0.827595	0.827832	0.828079	0.828337	0.828616	0.828912	0.829231	0.829553	0.829885	0.830196	0.830501	0.830755	0.830983	0.831133	0.831238	0.831249	0.831194	0.83105	0.830807	0.830518	0.830115	0.82974	0.829453	0.829106	0.828772	0.82844	0.828122	0.827867	0.827655	0.82754	0.827486	0.827541	0.827659	0.827871	0.828133	0.828451	0.828784	0.829126	0.829441	0.82972	0.829936	0.83008	0.830136	0.830104	0.829981	0.82977	0.829485	0.82914	0.828752	0.828342	0.827934	0.827546	0.827198	
0.827072	0.826756	0.826509	0.826337	0.826247	0.826235	0.826297	0.826425	0.826611	0.826841	0.827104	0.827386	0.827679	0.827976	0.828276	0.828577	0.828884	0.829191	0.829506	0.829814	0.830122	0.830404	0.830673	0.830889	0.831079	0.83119	0.831264	0.831243	0.831175	0.831006	0.830772	0.83046	0.830068	0.829661	0.829282	0.828885	0.82848	0.828121	0.827778	0.82752	0.827307	0.827197	0.827148	0.827203	0.827322	0.827533	0.827799	0.828124	0.828472	0.828832	0.829171	0.829476	0.829721	0.829895	0.829981	0.829977	0.82988	0.829689	0.829417	0.829076	0.828687	0.82827	0.827848	0.827441	0.827072	
0.826988	0.826662	0.826403	0.82622	0.826122	0.826106	0.826172	0.826311	0.826517	0.826777	0.827078	0.827405	0.827749	0.828098	0.828448	0.828792	0.829131	0.829459	0.82978	0.830081	0.830371	0.830626	0.830858	0.831031	0.831175	0.831237	0.831264	0.831197	0.831098	0.830895	0.830649	0.830308	0.829915	0.829481	0.829035	0.828608	0.828171	0.827811	0.82747	0.827222	0.827015	0.826905	0.826851	0.826893	0.826992	0.827177	0.82742	0.827725	0.828063	0.828422	0.828768	0.829088	0.829356	0.829558	0.829682	0.829717	0.829659	0.82951	0.829273	0.828961	0.828594	0.82819	0.827773	0.827365	0.826988	
0.826947	0.826622	0.826361	0.826173	0.82607	0.826052	0.826118	0.826262	0.826478	0.826754	0.827077	0.827433	0.82781	0.828197	0.828585	0.828965	0.829333	0.829682	0.830012	0.830312	0.830587	0.830816	0.831012	0.831142	0.831234	0.831247	0.831225	0.831116	0.830983	0.830749	0.830488	0.830125	0.829728	0.829277	0.828795	0.828361	0.827925	0.827582	0.827258	0.827022	0.826817	0.826696	0.826632	0.826657	0.826732	0.826874	0.827068	0.827325	0.827622	0.827951	0.828283	0.8286	0.828877	0.829101	0.829258	0.829336	0.82933	0.829236	0.829055	0.828793	0.828469	0.828099	0.827708	0.827315	0.826947	
0.826953	0.826644	0.82639	0.826205	0.826101	0.82608	0.826144	0.826287	0.826504	0.826783	0.827113	0.827483	0.827877	0.828285	0.828696	0.829099	0.829487	0.82985	0.830187	0.830484	0.830744	0.830949	0.831108	0.831198	0.831242	0.831215	0.831155	0.83102	0.830866	0.830623	0.830358	0.82999	0.829599	0.829146	0.828654	0.828226	0.827801	0.827472	0.827155	0.826913	0.826698	0.826561	0.826485	0.826499	0.82656	0.826669	0.826811	0.826999	0.827229	0.827499	0.827787	0.828075	0.828341	0.828571	0.828752	0.82887	0.828918	0.828888	0.828776	0.828583	0.828322	0.828006	0.827658	0.827299	0.826953	
0.827009	0.826728	0.826493	0.826319	0.826219	0.826198	0.826258	0.826395	0.826604	0.826877	0.827202	0.827568	0.827963	0.828376	0.828793	0.829204	0.829599	0.829967	0.830302	0.830591	0.830833	0.831014	0.83114	0.831198	0.831207	0.831159	0.831083	0.830953	0.830809	0.830589	0.830341	0.829987	0.829614	0.829182	0.828704	0.82828	0.827853	0.827501	0.827154	0.826877	0.826648	0.826506	0.826422	0.82642	0.82647	0.82656	0.826667	0.826795	0.826951	0.827141	0.827356	0.827587	0.827816	0.828028	0.828213	0.828357	0.828452	0.828485	0.828448	0.828336	0.828153	0.827909	0.827623	0.827315	0.827009	
0.827115	0.826876	0.826671	0.826516	0.826427	0.826409	0.826464	0.826592	0.826787	0.827043	0.82735	0.8277	0.828081	0.828482	0.82889	0.829295	0.829683	0.830045	0.830369	0.830643	0.830863	0.83102	0.831118	0.831155	0.83115	0.831108	0.831053	0.83097	0.830874	0.830697	0.830469	0.830131	0.829796	0.829424	0.828991	0.828565	0.828096	0.827664	0.827241	0.826913	0.826686	0.826567	0.826487	0.826459	0.826475	0.826531	0.82661	0.826698	0.8268	0.826917	0.827051	0.827202	0.827368	0.827536	0.827701	0.82785	0.827976	0.828063	0.828099	0.828071	0.827976	0.827817	0.827609	0.827367	0.827115	
0.82727	0.827085	0.826921	0.826795	0.826721	0.826709	0.82676	0.826876	0.827052	0.827283	0.827562	0.827884	0.828237	0.828612	0.828998	0.829382	0.829752	0.830095	0.830397	0.830651	0.830845	0.830982	0.831061	0.831096	0.831103	0.831103	0.831106	0.831101	0.831069	0.830917	0.830664	0.830307	0.830028	0.829799	0.829489	0.829076	0.828534	0.827981	0.827473	0.827117	0.826919	0.826841	0.826778	0.826715	0.826653	0.82662	0.826632	0.826671	0.826736	0.826809	0.826884	0.826957	0.827044	0.827147	0.82727	0.8274	0.827533	0.827656	0.827755	0.827807	0.827802	0.827735	0.827616	0.827454	0.82727	
0.827472	0.827352	0.827238	0.827148	0.827096	0.827091	0.827138	0.827239	0.827391	0.827592	0.827835	0.828118	0.828431	0.82877	0.82912	0.829472	0.829811	0.830124	0.830397	0.830623	0.830792	0.830914	0.830989	0.831044	0.831092	0.831167	0.831255	0.83133	0.831321	0.831106	0.83075	0.83032	0.830073	0.830085	0.83005	0.829724	0.829131	0.828492	0.827963	0.827635	0.827486	0.82746	0.827422	0.827311	0.827123	0.826922	0.826777	0.826697	0.826698	0.826748	0.826806	0.826839	0.826859	0.82689	0.826954	0.827047	0.827169	0.827304	0.827446	0.827567	0.827648	0.827675	0.827651	0.827577	0.827472	
0.827718	0.827671	0.827615	0.827566	0.827539	0.827544	0.827585	0.827668	0.827791	0.827956	0.828156	0.828392	0.828657	0.828948	0.829252	0.829561	0.829858	0.830132	0.830368	0.830566	0.830712	0.830829	0.830916	0.831013	0.831128	0.831296	0.831474	0.831592	0.831521	0.831151	0.830684	0.83022	0.829894	0.830083	0.830447	0.830343	0.829838	0.829263	0.828831	0.828579	0.828496	0.828548	0.828554	0.828392	0.828047	0.827611	0.827196	0.826872	0.826707	0.826683	0.82674	0.826787	0.826788	0.82676	0.82676	0.826806	0.826904	0.827037	0.827202	0.827374	0.827532	0.827648	0.827718	0.827738	0.827718	
0.828003	0.828033	0.828039	0.828036	0.828035	0.828048	0.828083	0.828143	0.828232	0.828353	0.828503	0.828684	0.828892	0.829126	0.829377	0.829634	0.829882	0.830112	0.83031	0.83048	0.830611	0.830732	0.830847	0.831005	0.831201	0.831467	0.831717	0.831822	0.831624	0.831128	0.830689	0.830338	0.8298	0.829856	0.830516	0.830772	0.830617	0.830331	0.830085	0.829906	0.829876	0.829994	0.830044	0.829871	0.829424	0.828779	0.828058	0.827386	0.826912	0.826677	0.826655	0.826728	0.826774	0.826742	0.826694	0.826685	0.82675	0.826871	0.827044	0.82725	0.827468	0.827663	0.827823	0.827935	0.828003	
0.828322	0.828429	0.828497	0.828538	0.828564	0.828585	0.828609	0.828643	0.82869	0.828758	0.828849	0.828967	0.829112	0.829286	0.829481	0.829689	0.829893	0.830085	0.830249	0.830393	0.830513	0.830646	0.830796	0.831021	0.831301	0.831656	0.831956	0.832021	0.831724	0.831238	0.831015	0.830939	0.830224	0.829748	0.830297	0.830991	0.831458	0.83164	0.831587	0.831417	0.831341	0.831355	0.831333	0.831196	0.830817	0.830159	0.829277	0.828309	0.827475	0.826896	0.826637	0.82664	0.826745	0.82678	0.826735	0.826683	0.826705	0.826806	0.826979	0.827205	0.827468	0.82773	0.827972	0.82817	0.828322	
0.828662	0.828838	0.828964	0.829047	0.829096	0.82912	0.829127	0.829127	0.829125	0.829132	0.829156	0.829206	0.829289	0.82941	0.829564	0.829741	0.82992	0.830092	0.830235	0.83036	0.830468	0.830608	0.830788	0.83107	0.83142	0.831845	0.832192	0.832264	0.831977	0.83162	0.831703	0.832062	0.831472	0.830224	0.8301	0.831118	0.832305	0.833012	0.833094	0.832851	0.832531	0.832111	0.83175	0.831611	0.831483	0.831123	0.830404	0.829393	0.828345	0.827452	0.826858	0.826628	0.826696	0.826816	0.826836	0.826783	0.826772	0.826844	0.827008	0.827243	0.827535	0.827849	0.828158	0.828432	0.828662	
0.82901	0.829247	0.829422	0.829539	0.829603	0.829623	0.829606	0.829563	0.829506	0.829447	0.829403	0.829394	0.829435	0.829537	0.829691	0.829877	0.83006	0.830224	0.83035	0.830456	0.830544	0.830674	0.830857	0.831158	0.831542	0.83201	0.832424	0.832577	0.832388	0.832132	0.83243	0.833317	0.833264	0.831482	0.830361	0.831313	0.833058	0.834188	0.834333	0.833964	0.833216	0.832067	0.831129	0.830884	0.831065	0.831225	0.830977	0.83023	0.829229	0.828214	0.827358	0.826818	0.826707	0.826842	0.826949	0.826943	0.826926	0.826974	0.827123	0.827358	0.827667	0.828016	0.828377	0.828714	0.82901	
0.829337	0.82962	0.829833	0.829974	0.830045	0.830052	0.830002	0.829911	0.829792	0.829668	0.829568	0.829531	0.829584	0.829734	0.829949	0.830184	0.830381	0.830525	0.830613	0.83068	0.830733	0.830834	0.830989	0.831264	0.831626	0.832078	0.832532	0.832763	0.832642	0.832374	0.83271	0.833994	0.834722	0.833157	0.831282	0.831715	0.833619	0.834925	0.835072	0.83457	0.833324	0.831411	0.829915	0.829546	0.830007	0.830706	0.831006	0.830657	0.829879	0.828949	0.828016	0.827245	0.826888	0.82693	0.827084	0.827139	0.827137	0.827171	0.827301	0.827528	0.827841	0.828211	0.828608	0.828991	0.829337	
0.829623	0.829939	0.830177	0.830332	0.8304	0.830387	0.8303	0.830155	0.829979	0.829807	0.829692	0.829695	0.829844	0.830117	0.83043	0.830694	0.830852	0.830918	0.830921	0.830918	0.830906	0.83094	0.831019	0.831201	0.831452	0.831788	0.832181	0.832379	0.832215	0.831892	0.832151	0.833491	0.834899	0.834261	0.832333	0.832125	0.83373	0.834929	0.835068	0.8345	0.832857	0.830444	0.828699	0.828413	0.829224	0.830357	0.830996	0.83088	0.830285	0.829513	0.828647	0.827786	0.827232	0.827129	0.827267	0.82736	0.827379	0.827406	0.827518	0.827728	0.828037	0.828413	0.82883	0.829244	0.829623	
0.829831	0.830167	0.830422	0.830582	0.830641	0.830602	0.830474	0.830279	0.83006	0.829879	0.829819	0.829953	0.830279	0.830699	0.831057	0.831242	0.831249	0.831165	0.831066	0.830994	0.830903	0.830811	0.830703	0.830651	0.830652	0.830745	0.830965	0.831045	0.830837	0.830569	0.83074	0.831806	0.833512	0.83392	0.832576	0.832012	0.833086	0.834028	0.83426	0.83381	0.83205	0.829582	0.828003	0.828157	0.829464	0.830835	0.83147	0.83128	0.83067	0.829983	0.829204	0.828337	0.827677	0.827456	0.827534	0.827617	0.827631	0.827643	0.827728	0.827913	0.828207	0.82858	0.829002	0.829431	0.829831	
0.829948	0.830297	0.830561	0.830721	0.830766	0.8307	0.830535	0.830306	0.83008	0.829952	0.83003	0.830369	0.830884	0.831367	0.831608	0.831546	0.831305	0.831077	0.830931	0.830827	0.830636	0.830342	0.829901	0.829408	0.828972	0.828716	0.828774	0.828898	0.828887	0.828784	0.828816	0.829422	0.831026	0.832046	0.831322	0.830704	0.831339	0.832115	0.832678	0.832677	0.831252	0.82917	0.828125	0.828971	0.830704	0.832048	0.832444	0.831999	0.831222	0.830483	0.8297	0.828824	0.82813	0.827852	0.827861	0.827889	0.827867	0.827846	0.827898	0.828052	0.828324	0.828685	0.829104	0.829538	0.829948	
0.829961	0.830321	0.830593	0.830753	0.830786	0.830697	0.830508	0.83027	0.830081	0.830071	0.830353	0.830913	0.831532	0.831889	0.831799	0.831379	0.830949	0.830717	0.830587	0.830384	0.829954	0.829307	0.828422	0.827424	0.826552	0.826088	0.826302	0.826949	0.827346	0.827048	0.826654	0.826881	0.828296	0.829429	0.828862	0.828271	0.828717	0.829535	0.830717	0.831523	0.830841	0.829441	0.829143	0.830564	0.832328	0.833452	0.833631	0.832959	0.831974	0.831066	0.830157	0.829228	0.828537	0.828236	0.828162	0.828105	0.828024	0.827959	0.827972	0.828095	0.828345	0.828693	0.829106	0.829542	0.829961	
0.829886	0.830258	0.830538	0.8307	0.830726	0.830624	0.830428	0.830211	0.830106	0.830262	0.830764	0.831479	0.832028	0.832041	0.831509	0.830848	0.830481	0.830372	0.830154	0.829598	0.82865	0.827462	0.826146	0.824915	0.824044	0.8239	0.824813	0.826342	0.826849	0.825592	0.824499	0.824688	0.826088	0.826965	0.826072	0.825553	0.826142	0.827194	0.829057	0.83067	0.830786	0.830205	0.830551	0.832028	0.83355	0.834593	0.834721	0.833916	0.832737	0.831593	0.830483	0.829484	0.828815	0.828498	0.828342	0.828204	0.828067	0.827957	0.827933	0.828032	0.828265	0.828606	0.829018	0.829459	0.829886	
0.829765	0.830153	0.830448	0.830619	0.830645	0.830542	0.830357	0.830188	0.830198	0.830542	0.831228	0.831973	0.832268	0.831838	0.830995	0.830401	0.830289	0.830215	0.829663	0.828497	0.826862	0.825121	0.823559	0.822553	0.822367	0.82318	0.825038	0.82703	0.826924	0.824542	0.823092	0.823583	0.824943	0.825329	0.824019	0.823656	0.824606	0.825897	0.828058	0.830091	0.830868	0.830909	0.831373	0.832591	0.834191	0.835501	0.835672	0.834748	0.83336	0.831941	0.830593	0.829492	0.828804	0.828457	0.828256	0.828084	0.827917	0.827782	0.827746	0.827846	0.828086	0.828437	0.828863	0.82932	0.829765	
0.829643	0.830051	0.830362	0.830543	0.830574	0.830476	0.830312	0.830205	0.830336	0.830846	0.831646	0.8323	0.832265	0.831504	0.830657	0.830379	0.830479	0.830204	0.829158	0.82745	0.825388	0.823438	0.821986	0.82162	0.822541	0.824433	0.826734	0.828222	0.827223	0.824719	0.823871	0.824691	0.825561	0.825408	0.824037	0.823765	0.824627	0.825674	0.827632	0.829709	0.830841	0.830846	0.830976	0.832321	0.834556	0.83628	0.83645	0.835372	0.833775	0.832093	0.830488	0.829203	0.828413	0.828035	0.82786	0.827726	0.827583	0.827466	0.827455	0.827586	0.827859	0.82824	0.828694	0.829177	0.829643	
0.829597	0.830027	0.830356	0.830548	0.830585	0.830496	0.830358	0.830313	0.830553	0.831188	0.832038	0.832562	0.83227	0.831367	0.830629	0.830485	0.830413	0.829661	0.828183	0.826376	0.824551	0.823032	0.822214	0.822792	0.824765	0.827307	0.829275	0.829679	0.82815	0.826669	0.826972	0.827592	0.827525	0.827034	0.82618	0.826048	0.826105	0.826286	0.827794	0.829684	0.83057	0.829976	0.82995	0.831923	0.834917	0.836971	0.83711	0.835882	0.834098	0.832188	0.83032	0.828775	0.827777	0.827306	0.827159	0.827111	0.827061	0.827035	0.827111	0.82732	0.827663	0.828099	0.828593	0.829106	0.829597	
0.829666	0.830109	0.83045	0.830648	0.830683	0.830593	0.830468	0.830468	0.830784	0.831503	0.832383	0.832825	0.83238	0.831335	0.830405	0.829844	0.829171	0.827952	0.826435	0.825018	0.823795	0.822972	0.823	0.824541	0.827385	0.830377	0.831991	0.831633	0.829979	0.829484	0.830517	0.830798	0.830275	0.83001	0.829988	0.829834	0.828793	0.828021	0.829048	0.83048	0.830646	0.829655	0.829842	0.832187	0.835466	0.837647	0.837734	0.83635	0.834397	0.832353	0.830379	0.828675	0.827424	0.826711	0.826451	0.826432	0.826496	0.826615	0.826831	0.827163	0.827602	0.828103	0.828632	0.829162	0.829666	
0.82987	0.830319	0.830666	0.830857	0.830875	0.830765	0.830638	0.83066	0.831017	0.831786	0.832689	0.83307	0.832399	0.83086	0.829099	0.827527	0.826146	0.824939	0.824065	0.823482	0.822994	0.822661	0.823011	0.824924	0.828341	0.831972	0.833965	0.833796	0.832399	0.832037	0.832821	0.833084	0.833105	0.833474	0.833951	0.833577	0.831903	0.830702	0.831302	0.83205	0.831708	0.830978	0.831322	0.833328	0.836307	0.83836	0.838283	0.836681	0.834575	0.832493	0.830581	0.828879	0.827452	0.826465	0.825999	0.825925	0.826071	0.826347	0.826729	0.827206	0.827749	0.828302	0.828842	0.829367	0.82987	
0.830161	0.830615	0.830958	0.831124	0.831092	0.83093	0.830772	0.830798	0.831177	0.831967	0.832851	0.833088	0.832009	0.82967	0.826806	0.824251	0.822545	0.821873	0.822028	0.822442	0.822569	0.822377	0.822479	0.824085	0.827664	0.831902	0.834583	0.835135	0.834309	0.833453	0.833101	0.833259	0.834286	0.835384	0.835924	0.835644	0.834274	0.833076	0.833089	0.833097	0.832811	0.832761	0.833253	0.834862	0.837334	0.838962	0.838543	0.836767	0.834667	0.832657	0.830821	0.829143	0.827638	0.826479	0.825831	0.825674	0.825872	0.826289	0.82685	0.827487	0.828118	0.828678	0.82918	0.829669	0.830161	
0.830462	0.830918	0.831234	0.831325	0.831188	0.830931	0.830724	0.830749	0.831143	0.831909	0.832635	0.832495	0.830835	0.827877	0.824609	0.822069	0.820831	0.820988	0.822056	0.823079	0.823233	0.822783	0.822741	0.824313	0.827968	0.832327	0.835092	0.83568	0.834812	0.833237	0.831927	0.83226	0.834546	0.836648	0.837264	0.837005	0.836043	0.834699	0.83368	0.832787	0.832562	0.833239	0.834395	0.836183	0.838213	0.839155	0.838299	0.836529	0.834635	0.832735	0.830867	0.829124	0.827599	0.826423	0.825755	0.825616	0.825897	0.826466	0.8272	0.827965	0.828623	0.82912	0.829535	0.829972	0.830462	
0.830654	0.831074	0.831295	0.83123	0.830906	0.830515	0.830285	0.830374	0.83085	0.831597	0.832039	0.831319	0.829108	0.826092	0.8234	0.821809	0.821558	0.82258	0.824201	0.825246	0.82489	0.823975	0.824218	0.826529	0.830488	0.834477	0.836577	0.836159	0.834054	0.831601	0.830008	0.830743	0.83402	0.837232	0.838423	0.838148	0.837038	0.835115	0.832852	0.830911	0.830476	0.831753	0.833899	0.836267	0.838115	0.838566	0.837654	0.836379	0.835017	0.833279	0.831229	0.829231	0.827529	0.82626	0.825578	0.825507	0.825958	0.826755	0.827679	0.828517	0.829101	0.829447	0.829751	0.830162	0.830654	
0.83074	0.831046	0.831081	0.83079	0.830285	0.829818	0.829618	0.82981	0.830399	0.83111	0.831171	0.829896	0.827553	0.825149	0.823524	0.823052	0.823748	0.825399	0.827181	0.827966	0.827059	0.825507	0.825532	0.828027	0.831972	0.835521	0.836972	0.83549	0.831991	0.828657	0.826949	0.827663	0.831213	0.835809	0.83847	0.83864	0.837216	0.834822	0.831741	0.828607	0.827682	0.829452	0.832362	0.835142	0.836849	0.837139	0.836668	0.836206	0.835499	0.833974	0.831771	0.829537	0.827623	0.826185	0.825446	0.825483	0.826191	0.827261	0.828326	0.829155	0.829612	0.829793	0.829984	0.830323	0.83074	
0.830525	0.830712	0.830509	0.830005	0.829506	0.829294	0.829421	0.829856	0.83051	0.830935	0.830367	0.828674	0.8267	0.825299	0.824733	0.825042	0.826084	0.827613	0.829002	0.829499	0.828805	0.827498	0.826919	0.828306	0.831227	0.833763	0.834251	0.831756	0.8275	0.823871	0.822403	0.823284	0.826866	0.83278	0.837336	0.83875	0.837938	0.836058	0.832873	0.828662	0.826995	0.828801	0.831929	0.834417	0.835301	0.835081	0.834942	0.835255	0.835335	0.834386	0.832456	0.830214	0.828064	0.826316	0.825365	0.825464	0.826481	0.827872	0.829061	0.829775	0.829975	0.829888	0.829896	0.830149	0.830525	
0.829799	0.830151	0.829936	0.82933	0.828855	0.828894	0.829423	0.830249	0.831094	0.831318	0.830287	0.8284	0.82679	0.825984	0.825791	0.826112	0.826739	0.827417	0.827894	0.827929	0.827806	0.82777	0.827962	0.82913	0.830833	0.831343	0.829771	0.825967	0.8216	0.818655	0.818453	0.820799	0.824669	0.830508	0.836149	0.839139	0.83949	0.838305	0.835385	0.831053	0.828753	0.829991	0.833033	0.834876	0.834399	0.832996	0.832305	0.832717	0.833469	0.83352	0.832485	0.83072	0.828683	0.826899	0.825811	0.825759	0.826749	0.828252	0.82956	0.830138	0.829897	0.829382	0.829122	0.829289	0.829799	
0.829311	0.829934	0.830193	0.829861	0.82919	0.828735	0.828868	0.829626	0.83068	0.831255	0.830631	0.829145	0.827802	0.82692	0.826214	0.825744	0.825484	0.82521	0.824871	0.824538	0.824747	0.825708	0.827363	0.829562	0.830804	0.829578	0.826194	0.821599	0.817601	0.815969	0.817629	0.822071	0.826999	0.832022	0.837059	0.840171	0.840141	0.838277	0.835321	0.83158	0.829313	0.830306	0.833595	0.835611	0.834735	0.832363	0.830438	0.829957	0.830528	0.831163	0.831052	0.830131	0.828834	0.827662	0.826817	0.826377	0.826633	0.827674	0.828995	0.829772	0.82969	0.829267	0.828921	0.828868	0.829311	
0.829436	0.829975	0.830767	0.831081	0.830441	0.829227	0.828315	0.828358	0.829316	0.830421	0.830681	0.829984	0.828945	0.827778	0.826346	0.824921	0.823769	0.822878	0.82226	0.822014	0.822596	0.824168	0.826596	0.829229	0.830111	0.828231	0.824682	0.820539	0.817239	0.816628	0.81903	0.824005	0.829917	0.834992	0.838911	0.840657	0.838917	0.835638	0.832188	0.828776	0.827328	0.828897	0.832662	0.835641	0.835787	0.833491	0.830784	0.829456	0.829473	0.829866	0.829643	0.828774	0.827874	0.82731	0.826999	0.826507	0.826081	0.826521	0.827804	0.829139	0.829942	0.830138	0.829861	0.829459	0.829436	
0.829699	0.829995	0.830875	0.831706	0.831609	0.830377	0.82879	0.827961	0.828348	0.829425	0.830142	0.830025	0.829292	0.828105	0.826486	0.82479	0.823388	0.822387	0.821811	0.821693	0.822453	0.824212	0.826738	0.82916	0.829786	0.828257	0.825493	0.822123	0.819249	0.818541	0.81994	0.823839	0.830006	0.83555	0.838663	0.839332	0.836838	0.832847	0.82893	0.82563	0.825053	0.827473	0.831648	0.835237	0.836489	0.835048	0.832562	0.831085	0.830806	0.830676	0.829733	0.828176	0.82684	0.826159	0.826108	0.826147	0.826041	0.826323	0.827292	0.828617	0.82975	0.830327	0.830308	0.829942	0.829699	
0.829964	0.830098	0.83069	0.83151	0.831897	0.831321	0.829987	0.82875	0.828301	0.828634	0.82911	0.829207	0.828833	0.828063	0.826958	0.82576	0.824686	0.823818	0.823246	0.823047	0.823677	0.825299	0.827625	0.829805	0.83062	0.829704	0.827312	0.824285	0.821755	0.82007	0.819216	0.821129	0.82682	0.832525	0.835392	0.836263	0.834604	0.831211	0.827514	0.824494	0.824323	0.827286	0.831659	0.835091	0.836681	0.836304	0.834838	0.833733	0.833143	0.832253	0.830481	0.828215	0.826282	0.825156	0.8249	0.825276	0.825851	0.826409	0.827127	0.828057	0.828976	0.829662	0.830017	0.830049	0.829964	
0.829966	0.83008	0.830392	0.830907	0.831369	0.831398	0.830806	0.829852	0.829025	0.828641	0.828572	0.828556	0.828405	0.828097	0.827604	0.826969	0.826246	0.825487	0.824901	0.824679	0.825275	0.826916	0.829256	0.831459	0.832521	0.831663	0.828838	0.825666	0.823369	0.820854	0.818032	0.817903	0.822222	0.827784	0.83119	0.832802	0.832432	0.830427	0.827601	0.825105	0.825343	0.828551	0.8326	0.835295	0.836709	0.837218	0.836859	0.836087	0.834945	0.833133	0.830632	0.828005	0.825928	0.824705	0.824324	0.824635	0.825366	0.826146	0.8269	0.827674	0.828426	0.829083	0.829577	0.829854	0.829966	
0.82965	0.829804	0.829994	0.830292	0.830635	0.830856	0.830752	0.83032	0.829747	0.829251	0.828914	0.828739	0.828626	0.828501	0.828252	0.82781	0.827166	0.826394	0.825808	0.825754	0.826635	0.828636	0.831345	0.833806	0.834935	0.833721	0.830366	0.827023	0.824654	0.821795	0.818351	0.817036	0.819603	0.824113	0.827667	0.829801	0.830537	0.830092	0.82872	0.827425	0.828205	0.830956	0.833799	0.83533	0.836233	0.837158	0.837597	0.837129	0.835634	0.833265	0.830452	0.827818	0.825885	0.824811	0.824489	0.824675	0.825202	0.82587	0.826546	0.827193	0.827826	0.828441	0.828985	0.829394	0.82965	
0.829236	0.829384	0.829528	0.829716	0.829933	0.83011	0.830146	0.830025	0.829793	0.82954	0.829315	0.829172	0.829077	0.828954	0.828673	0.82815	0.827387	0.826532	0.825993	0.826213	0.827511	0.829985	0.833212	0.836	0.836906	0.835325	0.8322	0.829291	0.826874	0.823976	0.820763	0.819036	0.820039	0.822616	0.825219	0.827316	0.828565	0.829374	0.82991	0.830278	0.831198	0.832589	0.83368	0.833914	0.834207	0.835409	0.836662	0.836819	0.835484	0.833	0.830071	0.827463	0.825728	0.824937	0.824813	0.824996	0.825367	0.825868	0.82641	0.826944	0.827491	0.828053	0.828574	0.828979	0.829236	
0.82881	0.828982	0.82914	0.829294	0.82943	0.829526	0.829534	0.829465	0.829358	0.829273	0.829213	0.829189	0.829152	0.829023	0.828677	0.828025	0.82711	0.826169	0.825702	0.826104	0.827574	0.830234	0.83375	0.836854	0.837954	0.836912	0.834817	0.832265	0.829333	0.826486	0.824073	0.822613	0.822617	0.823506	0.824598	0.825704	0.826386	0.827376	0.829321	0.83115	0.832021	0.832094	0.831857	0.83121	0.831022	0.832436	0.834557	0.835698	0.835048	0.832854	0.829981	0.82741	0.825828	0.825251	0.825269	0.825487	0.825821	0.826247	0.826681	0.827078	0.827475	0.827883	0.828268	0.828581	0.82881	
0.828557	0.828765	0.828948	0.829089	0.829173	0.829193	0.829132	0.82902	0.828902	0.828835	0.828823	0.828853	0.828855	0.828741	0.82836	0.827592	0.826527	0.825529	0.825135	0.825542	0.826824	0.82923	0.832575	0.835894	0.837895	0.838343	0.837486	0.834797	0.831168	0.82869	0.827405	0.82635	0.825741	0.826031	0.826465	0.82655	0.826342	0.827006	0.829409	0.831828	0.832418	0.83143	0.830238	0.829126	0.828594	0.829783	0.832239	0.834222	0.834463	0.832825	0.830168	0.827693	0.826222	0.825727	0.825731	0.825896	0.82621	0.826627	0.827007	0.827303	0.827565	0.827825	0.828088	0.828332	0.828557	
0.82852	0.828749	0.828945	0.829073	0.829119	0.829084	0.828969	0.82881	0.828651	0.828547	0.828515	0.828545	0.828562	0.828451	0.828029	0.827159	0.825988	0.825006	0.824704	0.825029	0.825941	0.827809	0.830742	0.834215	0.836972	0.838515	0.838537	0.835834	0.832072	0.830534	0.830474	0.82943	0.828302	0.828956	0.83005	0.830134	0.829596	0.829956	0.831878	0.833739	0.833834	0.832104	0.830138	0.828732	0.828053	0.82882	0.830911	0.833032	0.833836	0.832812	0.830596	0.828381	0.826983	0.826381	0.826191	0.826212	0.826488	0.826928	0.827319	0.827574	0.827745	0.827901	0.828083	0.828289	0.82852	
0.828647	0.828884	0.829077	0.829191	0.829212	0.829143	0.828992	0.8288	0.828612	0.828478	0.828424	0.828443	0.828457	0.828331	0.827864	0.826908	0.825667	0.824738	0.824571	0.824892	0.825517	0.826895	0.829458	0.832778	0.835365	0.836923	0.837363	0.835303	0.832318	0.831901	0.832605	0.831288	0.829846	0.831091	0.833294	0.834082	0.833674	0.833568	0.834374	0.835092	0.834708	0.832882	0.830767	0.82944	0.828929	0.829456	0.830962	0.832652	0.833464	0.832782	0.830987	0.829036	0.82764	0.826855	0.826462	0.826369	0.826621	0.827094	0.827533	0.827799	0.827941	0.828055	0.828207	0.828408	0.828647	
0.828851	0.829083	0.829266	0.829365	0.82937	0.829284	0.829117	0.828913	0.828717	0.828578	0.82852	0.828542	0.828561	0.828432	0.82794	0.826918	0.825602	0.824681	0.824653	0.82512	0.825674	0.826747	0.828886	0.831431	0.832994	0.833867	0.834345	0.833231	0.831752	0.83234	0.833202	0.831882	0.830468	0.83194	0.83466	0.835853	0.835592	0.835099	0.8349	0.834561	0.833723	0.832237	0.830729	0.830008	0.83005	0.830672	0.831727	0.832795	0.833214	0.832524	0.830962	0.829198	0.827812	0.826941	0.826489	0.826389	0.826667	0.82719	0.827684	0.827989	0.828144	0.828258	0.82841	0.828612	0.828851	
0.829068	0.829295	0.829468	0.829557	0.829554	0.829462	0.829294	0.829093	0.828904	0.828775	0.828733	0.828772	0.828812	0.828703	0.82822	0.827168	0.825738	0.824671	0.824648	0.825343	0.8261	0.82706	0.828627	0.830008	0.830278	0.83028	0.83052	0.830176	0.830212	0.831613	0.832751	0.831992	0.830765	0.83195	0.834265	0.835131	0.834762	0.834114	0.833524	0.832816	0.831906	0.830908	0.830232	0.830267	0.83086	0.831675	0.83246	0.83297	0.832861	0.831934	0.830418	0.82878	0.827476	0.826669	0.826297	0.826284	0.826642	0.827233	0.827782	0.828126	0.82831	0.828446	0.828614	0.828827	0.829068	
0.829253	0.829475	0.82964	0.829722	0.829714	0.82962	0.829456	0.829264	0.829092	0.828984	0.828971	0.829046	0.829129	0.82907	0.828645	0.827641	0.826128	0.824764	0.824456	0.825229	0.826314	0.827292	0.828195	0.828428	0.82762	0.826954	0.827017	0.82721	0.828151	0.82998	0.83177	0.832105	0.83122	0.831734	0.833055	0.833209	0.832547	0.831838	0.831329	0.830922	0.830449	0.830035	0.830013	0.830596	0.831495	0.832353	0.83289	0.832915	0.832307	0.831094	0.829544	0.828014	0.826863	0.826219	0.825998	0.826128	0.826607	0.827276	0.827862	0.82823	0.828437	0.828597	0.828784	0.829009	0.829253	
0.829382	0.829605	0.82977	0.82985	0.82984	0.829746	0.829588	0.829407	0.829252	0.829168	0.829187	0.829301	0.829435	0.829443	0.829111	0.828228	0.826776	0.825173	0.824329	0.82476	0.825932	0.826939	0.82732	0.826675	0.825188	0.824304	0.824536	0.825171	0.826338	0.82815	0.830631	0.832135	0.831725	0.831497	0.831699	0.831126	0.830063	0.829243	0.8289	0.828988	0.829188	0.829456	0.829993	0.830937	0.831971	0.832739	0.832962	0.83253	0.831508	0.830079	0.828515	0.827116	0.826159	0.825704	0.825654	0.825963	0.826595	0.827335	0.827928	0.828289	0.828503	0.82868	0.828888	0.82913	0.829382	
0.829462	0.829691	0.829856	0.829934	0.829922	0.829827	0.829672	0.829499	0.829357	0.829293	0.829338	0.829488	0.829671	0.829748	0.829521	0.828805	0.827571	0.826002	0.824712	0.824475	0.82529	0.826214	0.826294	0.825073	0.823255	0.822604	0.823338	0.824277	0.825206	0.82675	0.829585	0.831836	0.831997	0.831336	0.830674	0.829552	0.828084	0.827059	0.826724	0.827072	0.827771	0.828644	0.829643	0.830796	0.831834	0.832431	0.832332	0.831543	0.830268	0.828767	0.827306	0.826132	0.825434	0.825209	0.825377	0.825906	0.826681	0.827443	0.827991	0.828313	0.828519	0.82871	0.828939	0.829199	0.829462	
0.829487	0.829726	0.829894	0.829971	0.829958	0.82986	0.829705	0.829535	0.829399	0.829346	0.829409	0.829584	0.829806	0.829939	0.829807	0.82927	0.828329	0.827032	0.82565	0.824847	0.825045	0.825673	0.825508	0.823991	0.822177	0.822032	0.82333	0.824273	0.824736	0.825819	0.828389	0.830823	0.831661	0.831074	0.829965	0.828529	0.826769	0.825558	0.825086	0.82537	0.826169	0.827315	0.828572	0.829776	0.830686	0.831065	0.830737	0.829803	0.828532	0.827197	0.826032	0.825217	0.824856	0.824916	0.825344	0.826069	0.826899	0.827588	0.828034	0.828289	0.828478	0.828681	0.828931	0.82921	0.829487	
0.829477	0.829723	0.829892	0.829967	0.82995	0.829847	0.829688	0.829514	0.829378	0.829326	0.829396	0.829584	0.829829	0.830002	0.82995	0.829591	0.828943	0.82798	0.826813	0.825871	0.825635	0.825863	0.825415	0.823835	0.822268	0.822563	0.82405	0.824684	0.824647	0.825136	0.827016	0.829288	0.830791	0.830604	0.829392	0.827883	0.826044	0.824792	0.8242	0.82427	0.824859	0.82586	0.82703	0.828083	0.828764	0.82893	0.828524	0.827689	0.826686	0.825739	0.825014	0.824629	0.824629	0.824983	0.825631	0.826439	0.82719	0.827724	0.828037	0.828225	0.828401	0.82862	0.828891	0.829188	0.829477	
0.829436	0.829683	0.82985	0.82992	0.829899	0.82979	0.829625	0.829443	0.829298	0.829239	0.829303	0.82949	0.829743	0.829939	0.829964	0.829781	0.829377	0.828667	0.827818	0.827139	0.826887	0.826885	0.826255	0.82478	0.823479	0.823839	0.824993	0.825167	0.824759	0.824755	0.825967	0.827882	0.829732	0.829922	0.82877	0.827401	0.825754	0.824665	0.824097	0.824025	0.824344	0.824978	0.825795	0.826535	0.82696	0.826981	0.826632	0.826052	0.825433	0.824928	0.824639	0.824634	0.824925	0.825477	0.826196	0.826913	0.827466	0.827804	0.82799	0.828128	0.828303	0.82854	0.828829	0.829139	0.829436	
0.829377	0.829617	0.829776	0.82984	0.829812	0.829696	0.829523	0.829331	0.829171	0.829094	0.829142	0.829317	0.829567	0.829779	0.829888	0.829861	0.829616	0.829063	0.828486	0.8282	0.82823	0.828311	0.827812	0.826665	0.825587	0.825697	0.82621	0.825876	0.825229	0.824988	0.825765	0.827126	0.828723	0.828989	0.828014	0.826987	0.825734	0.824952	0.824557	0.824491	0.824666	0.824991	0.825438	0.825841	0.826048	0.826006	0.825772	0.825442	0.825142	0.824964	0.824975	0.825205	0.825641	0.826221	0.826827	0.827322	0.827637	0.827803	0.827904	0.828022	0.828208	0.828462	0.828765	0.829081	0.829377	
0.829301	0.829527	0.829674	0.82973	0.829694	0.829571	0.82939	0.829185	0.829007	0.828906	0.828929	0.829083	0.82932	0.829549	0.829732	0.829822	0.82969	0.829256	0.828848	0.828818	0.829136	0.829496	0.829436	0.828862	0.828078	0.827859	0.827677	0.826862	0.826049	0.825759	0.826271	0.827017	0.828006	0.828078	0.827351	0.82677	0.825936	0.825485	0.825323	0.825368	0.825553	0.825761	0.825991	0.826158	0.826219	0.826144	0.825988	0.825809	0.825685	0.825676	0.825819	0.826113	0.826517	0.826955	0.82733	0.827575	0.827696	0.827752	0.827815	0.827936	0.828136	0.828402	0.828707	0.829018	0.829301	
0.829216	0.82942	0.829551	0.829596	0.829551	0.829423	0.829234	0.829015	0.828818	0.828689	0.828681	0.828807	0.829026	0.829263	0.829489	0.829661	0.829654	0.829362	0.829052	0.829089	0.829508	0.830081	0.830474	0.830488	0.830049	0.829577	0.828843	0.827773	0.826948	0.826708	0.827032	0.827321	0.827831	0.827688	0.827109	0.826825	0.826289	0.826089	0.826137	0.826318	0.82659	0.826816	0.826995	0.827066	0.827052	0.826946	0.826808	0.826683	0.826621	0.826653	0.826787	0.827003	0.827251	0.827472	0.827615	0.827675	0.827682	0.827694	0.827755	0.82789	0.8281	0.828366	0.828661	0.828954	0.829216	
0.82912	0.829296	0.829406	0.829437	0.829385	0.829252	0.829058	0.82883	0.828614	0.828458	0.828417	0.82851	0.828707	0.828939	0.82918	0.829407	0.829528	0.829407	0.829207	0.829235	0.829592	0.83017	0.830738	0.831059	0.830881	0.830312	0.829352	0.828382	0.827742	0.82758	0.827729	0.827754	0.828028	0.827824	0.827277	0.827051	0.826699	0.826647	0.826852	0.827143	0.827507	0.827785	0.827982	0.828038	0.827997	0.827873	0.827727	0.827599	0.827522	0.82751	0.827555	0.827633	0.827708	0.82775	0.827744	0.827708	0.827674	0.827681	0.827753	0.827898	0.828107	0.828358	0.828628	0.828889	0.82912	
0.829009	0.829152	0.829238	0.829254	0.829195	0.829062	0.828868	0.828636	0.828409	0.828229	0.828155	0.828212	0.828381	0.828607	0.828852	0.829106	0.829318	0.829362	0.829305	0.829351	0.829612	0.830042	0.830496	0.830814	0.830755	0.830282	0.829476	0.828866	0.82847	0.828334	0.828298	0.82817	0.828342	0.828154	0.827575	0.827286	0.827064	0.8271	0.827407	0.827762	0.828179	0.828482	0.828691	0.828741	0.828691	0.828561	0.828404	0.828254	0.828137	0.82806	0.828013	0.827979	0.827937	0.82788	0.827809	0.827746	0.827713	0.827732	0.827815	0.827958	0.82815	0.828371	0.828601	0.82882	0.829009	
0.828884	0.828987	0.829045	0.829045	0.828981	0.828852	0.828666	0.828439	0.828209	0.828013	0.82791	0.827928	0.828068	0.828288	0.828542	0.828813	0.82908	0.829247	0.829332	0.829435	0.829633	0.829887	0.830128	0.830327	0.830329	0.830096	0.82965	0.829401	0.82915	0.828978	0.828764	0.828548	0.828647	0.828416	0.827791	0.827464	0.827365	0.827464	0.827824	0.828187	0.828599	0.82888	0.829067	0.829099	0.829038	0.828907	0.828746	0.828587	0.828447	0.828335	0.82824	0.828155	0.828069	0.827985	0.827907	0.827855	0.827839	0.82787	0.827951	0.828075	0.828231	0.828403	0.828579	0.828743	0.828884	
0.828736	0.828796	0.828824	0.828808	0.828743	0.828623	0.828453	0.828244	0.828023	0.827824	0.827697	0.827678	0.827787	0.827994	0.828259	0.828551	0.828855	0.829105	0.829303	0.829476	0.829666	0.829836	0.82997	0.830118	0.8302	0.830202	0.830051	0.829983	0.829745	0.829512	0.829142	0.82886	0.828816	0.828486	0.827903	0.827618	0.827645	0.827783	0.828147	0.828468	0.828821	0.82904	0.829172	0.829174	0.829101	0.828974	0.828825	0.828683	0.828555	0.828451	0.828357	0.828277	0.828199	0.828132	0.828075	0.828045	0.828044	0.828075	0.828138	0.828225	0.828328	0.828438	0.828549	0.828651	0.828736	
0.828569	0.828582	0.828577	0.828545	0.82848	0.828375	0.828229	0.828049	0.827852	0.827663	0.827526	0.827477	0.827549	0.827734	0.828003	0.828318	0.828657	0.828969	0.829249	0.829494	0.829733	0.829941	0.830118	0.830309	0.830463	0.830583	0.83055	0.830505	0.830225	0.829936	0.829451	0.829104	0.828873	0.828472	0.828032	0.827832	0.827955	0.828096	0.828417	0.828659	0.828916	0.829048	0.829112	0.829082	0.829002	0.828894	0.828778	0.828678	0.828593	0.828531	0.828477	0.828436	0.828395	0.828363	0.828337	0.828324	0.828325	0.828341	0.828368	0.828401	0.828438	0.828475	0.828511	0.828544	0.828569	
0.82838	0.828344	0.828306	0.828258	0.828196	0.828108	0.827993	0.827851	0.827693	0.827531	0.827402	0.827338	0.827375	0.827524	0.827777	0.828101	0.828472	0.828836	0.829183	0.829497	0.829809	0.830101	0.830373	0.830625	0.830821	0.830965	0.830952	0.830884	0.830575	0.830257	0.82972	0.829335	0.82897	0.828567	0.828288	0.828153	0.828304	0.828407	0.828644	0.828784	0.828927	0.828969	0.828969	0.828916	0.82884	0.828767	0.8287	0.828662	0.828639	0.828639	0.828644	0.828658	0.828665	0.828671	0.82867	0.828665	0.828653	0.828636	0.828612	0.828581	0.828542	0.8285	0.828458	0.828418	0.82838	
0.828176	0.82809	0.828018	0.827954	0.827893	0.827825	0.827745	0.827649	0.827539	0.827421	0.827321	0.827261	0.82728	0.827395	0.827612	0.827916	0.828291	0.828686	0.829083	0.829457	0.829832	0.83019	0.83053	0.830818	0.831032	0.831174	0.831173	0.831098	0.830802	0.83049	0.829958	0.82958	0.82915	0.828795	0.828648	0.828529	0.82865	0.828683	0.828812	0.828844	0.828876	0.828844	0.828794	0.828735	0.828677	0.828651	0.828646	0.82868	0.828729	0.828801	0.82887	0.828941	0.828995	0.829033	0.829046	0.829036	0.829001	0.828941	0.828857	0.828754	0.828637	0.828513	0.828391	0.828277	0.828176	
0.827962	0.827827	0.827721	0.82764	0.82758	0.827531	0.827486	0.827438	0.827385	0.827324	0.827271	0.82724	0.827262	0.827357	0.82754	0.827806	0.828152	0.82854	0.828952	0.829357	0.829768	0.830157	0.830523	0.830826	0.831061	0.831214	0.831243	0.831188	0.830941	0.83067	0.830189	0.82984	0.829402	0.829101	0.829014	0.828873	0.828928	0.828874	0.828888	0.828821	0.828761	0.828677	0.8286	0.828552	0.828528	0.828559	0.82862	0.828727	0.828849	0.828992	0.829124	0.829248	0.82934	0.829401	0.829421	0.8294	0.829333	0.829226	0.829081	0.828906	0.828712	0.828509	0.828309	0.828125	0.827962	
0.827749	0.827566	0.827427	0.827327	0.827266	0.827232	0.827221	0.827221	0.827226	0.82723	0.827239	0.827258	0.827308	0.827406	0.827571	0.827804	0.82811	0.828464	0.828859	0.82926	0.829672	0.83006	0.83043	0.830739	0.830995	0.831166	0.831235	0.831215	0.831039	0.830822	0.830415	0.8301	0.829673	0.829391	0.829305	0.829124	0.82909	0.828951	0.828854	0.828709	0.828579	0.828467	0.828382	0.828361	0.828379	0.82847	0.828597	0.828774	0.828965	0.829172	0.829361	0.82953	0.829655	0.829734	0.829755	0.82972	0.829622	0.82947	0.829268	0.829028	0.828764	0.828488	0.828219	0.827968	0.827749	
0.827543	0.827318	0.827145	0.827027	0.826961	0.826939	0.826956	0.826999	0.827062	0.827133	0.827211	0.827294	0.827395	0.827523	0.827694	0.827912	0.828188	0.828509	0.828872	0.829247	0.829636	0.830005	0.830364	0.830668	0.830932	0.831112	0.831213	0.831224	0.831112	0.830944	0.83061	0.830321	0.829897	0.829596	0.829471	0.829239	0.829108	0.82889	0.828699	0.828498	0.828324	0.828202	0.828125	0.828134	0.828196	0.828342	0.828528	0.828767	0.829018	0.829281	0.82952	0.829729	0.829885	0.829981	0.830006	0.82996	0.829839	0.829651	0.829404	0.829111	0.828788	0.828452	0.828122	0.827815	0.827543	
0.827357	0.827094	0.826891	0.826753	0.826681	0.826666	0.826704	0.826784	0.826898	0.827031	0.827179	0.827333	0.827497	0.827673	0.827873	0.828101	0.828369	0.828669	0.829004	0.829349	0.829708	0.83005	0.830386	0.83067	0.830925	0.831099	0.831214	0.831237	0.831169	0.831027	0.830752	0.830474	0.830058	0.82972	0.829523	0.829233	0.828996	0.828712	0.828445	0.828209	0.828009	0.827888	0.827823	0.827861	0.827958	0.828146	0.82838	0.828667	0.828967	0.829276	0.829557	0.829803	0.829989	0.830106	0.830141	0.830095	0.829964	0.829755	0.829479	0.82915	0.828785	0.828403	0.828025	0.827671	0.827357	
