x=200	y=85	z=200	n=65	len=1
b
0.649058	0.649126	0.649178	0.649226	0.649273	0.649327	0.64939	0.649464	0.649546	0.649626	0.649696	0.649742	0.649751	0.649706	0.649598	0.649419	0.649181	0.648896	0.648577	0.648221	0.647855	0.647484	0.647142	0.646836	0.646603	0.646459	0.646433	0.646535	0.646787	0.647104	0.647611	0.647961	0.648098	0.649019	0.649566	0.649765	0.650119	0.650412	0.650677	0.650849	0.65094	0.650928	0.65083	0.650649	0.6504	0.6501	0.649763	0.64941	0.64906	0.648734	0.648447	0.64821	0.648032	0.64792	0.647877	0.647898	0.647971	0.648088	0.648234	0.648396	0.648559	0.648714	0.648851	0.648966	0.649058	
0.649537	0.649649	0.649725	0.649775	0.649803	0.649816	0.649818	0.649816	0.649812	0.649802	0.649785	0.649751	0.649691	0.649594	0.649455	0.649265	0.649027	0.648748	0.648438	0.648098	0.647753	0.647413	0.64711	0.646849	0.646669	0.646576	0.646598	0.646745	0.647034	0.64742	0.647931	0.648535	0.648922	0.649352	0.649323	0.649713	0.650261	0.65058	0.650842	0.651003	0.651075	0.651037	0.650911	0.650705	0.650429	0.650098	0.649729	0.64934	0.648956	0.648597	0.648279	0.648016	0.647825	0.647714	0.647687	0.64774	0.647859	0.648037	0.648256	0.648498	0.648746	0.648985	0.649201	0.649387	0.649537	
0.649992	0.650145	0.650247	0.6503	0.650311	0.650285	0.650231	0.650158	0.650073	0.649978	0.649875	0.649761	0.649631	0.649479	0.649302	0.649091	0.648849	0.648575	0.648279	0.64796	0.647645	0.647343	0.647084	0.646873	0.646744	0.646698	0.646764	0.646944	0.647258	0.647688	0.648213	0.648738	0.649259	0.649787	0.649375	0.649944	0.650426	0.650715	0.650943	0.65108	0.651127	0.651061	0.650911	0.65069	0.650403	0.650061	0.649677	0.649269	0.648862	0.648479	0.648137	0.647856	0.647654	0.647544	0.647531	0.647613	0.647774	0.648007	0.648291	0.648607	0.648931	0.649247	0.649536	0.649788	0.649992	
0.650413	0.650604	0.650727	0.650785	0.65078	0.650723	0.650621	0.650486	0.650328	0.650155	0.649973	0.649784	0.649588	0.649381	0.649163	0.648928	0.648677	0.648407	0.648126	0.647833	0.647553	0.647292	0.647077	0.646913	0.64683	0.646825	0.646928	0.647132	0.647454	0.647895	0.648425	0.648783	0.64885	0.649159	0.649594	0.650244	0.650547	0.650767	0.650939	0.65104	0.651059	0.650975	0.650812	0.650591	0.650308	0.649976	0.649601	0.649196	0.648786	0.648393	0.648038	0.647746	0.647539	0.647432	0.647432	0.647537	0.647734	0.648013	0.648351	0.648728	0.649117	0.649498	0.64985	0.65016	0.650413	
0.650788	0.651009	0.65115	0.651211	0.651196	0.651114	0.650974	0.650789	0.650571	0.650332	0.650081	0.649826	0.649569	0.649311	0.649054	0.648795	0.648534	0.648269	0.648005	0.647741	0.647495	0.647274	0.6471	0.646977	0.646933	0.646962	0.647093	0.647312	0.647638	0.648055	0.648567	0.648853	0.648647	0.648497	0.649787	0.65037	0.65054	0.650692	0.650801	0.650867	0.650867	0.650788	0.650644	0.650448	0.650186	0.649873	0.649517	0.649131	0.648737	0.648354	0.648001	0.647708	0.6475	0.647397	0.647407	0.64753	0.647752	0.648066	0.648446	0.648867	0.649305	0.649736	0.650138	0.650494	0.650788	
0.651101	0.651344	0.6515	0.651567	0.651547	0.651449	0.651282	0.651061	0.650798	0.650508	0.650202	0.649892	0.649583	0.649282	0.648991	0.64871	0.64844	0.648179	0.647931	0.647694	0.64748	0.647295	0.647158	0.647071	0.647059	0.647115	0.647264	0.647491	0.647817	0.648212	0.648695	0.648992	0.64894	0.648746	0.649936	0.650332	0.650417	0.650493	0.650538	0.650563	0.650549	0.650499	0.650417	0.650294	0.650085	0.649808	0.649472	0.649103	0.648728	0.648366	0.648031	0.64775	0.647546	0.647447	0.647463	0.647597	0.647836	0.648171	0.648576	0.649026	0.649493	0.649957	0.650392	0.650779	0.651101	
0.651342	0.651599	0.651766	0.65184	0.651821	0.651717	0.651536	0.651292	0.650999	0.650674	0.650329	0.649977	0.649628	0.649292	0.648973	0.648674	0.648398	0.648141	0.647908	0.647695	0.647513	0.64736	0.647256	0.647199	0.647212	0.647288	0.647449	0.647677	0.647996	0.648374	0.648842	0.649147	0.649432	0.64931	0.650018	0.650237	0.650223	0.650211	0.650167	0.650115	0.650071	0.650055	0.650061	0.650056	0.649966	0.649784	0.649507	0.649165	0.648796	0.648443	0.648128	0.647871	0.647681	0.647586	0.647604	0.64774	0.647985	0.648328	0.648741	0.6492	0.649678	0.650154	0.650603	0.651006	0.651342	
0.651504	0.651766	0.651941	0.652023	0.652011	0.65191	0.651726	0.651474	0.651168	0.650823	0.650455	0.650076	0.649699	0.649336	0.648996	0.648683	0.648403	0.648151	0.647933	0.647744	0.647591	0.647471	0.647396	0.647365	0.647396	0.647482	0.647644	0.647856	0.648158	0.648512	0.64897	0.649286	0.649767	0.649697	0.650002	0.650121	0.649992	0.649857	0.649671	0.649519	0.649445	0.649448	0.649507	0.649595	0.649657	0.649649	0.649524	0.649284	0.648955	0.648605	0.648292	0.648054	0.647887	0.647802	0.647816	0.647946	0.648187	0.648524	0.64893	0.64938	0.64985	0.650319	0.650764	0.651165	0.651504	
0.651579	0.65184	0.652019	0.652111	0.652111	0.652021	0.651847	0.6516	0.651292	0.650942	0.650565	0.650174	0.649782	0.649403	0.649048	0.648727	0.648445	0.648202	0.647999	0.647834	0.64771	0.647621	0.647575	0.647567	0.647607	0.647687	0.647818	0.647964	0.648208	0.648516	0.648952	0.64928	0.64979	0.649997	0.649936	0.649979	0.649724	0.649402	0.649041	0.648855	0.6488	0.648797	0.648826	0.648899	0.649029	0.64918	0.649268	0.64924	0.649075	0.648814	0.64852	0.648284	0.648133	0.648065	0.64808	0.648195	0.648418	0.64874	0.649127	0.649552	0.649996	0.650441	0.650864	0.65125	0.651579	
0.651566	0.651817	0.651999	0.652102	0.652119	0.652049	0.651895	0.651665	0.651368	0.651024	0.650648	0.650257	0.64986	0.649474	0.649111	0.648788	0.648509	0.648276	0.648093	0.647953	0.647857	0.6478	0.647781	0.647791	0.647825	0.647866	0.647897	0.647918	0.648066	0.648282	0.648649	0.649007	0.649646	0.649955	0.649831	0.649756	0.64937	0.648877	0.64842	0.648257	0.648235	0.648194	0.648148	0.648169	0.648265	0.648421	0.648631	0.648827	0.648907	0.648864	0.648722	0.648544	0.648399	0.648336	0.648357	0.648463	0.648658	0.648952	0.649313	0.649704	0.650107	0.650511	0.650898	0.651255	0.651566	
0.651459	0.651698	0.651881	0.651997	0.652037	0.651995	0.65187	0.651667	0.651392	0.651063	0.650697	0.650312	0.649918	0.649531	0.649165	0.648842	0.64857	0.648353	0.648192	0.648083	0.648019	0.647993	0.647997	0.648016	0.648027	0.647985	0.647866	0.647761	0.647795	0.647838	0.648057	0.648503	0.649274	0.649655	0.649529	0.64936	0.648927	0.648401	0.647944	0.647735	0.647649	0.647543	0.647504	0.647625	0.647758	0.647827	0.64793	0.64815	0.648401	0.648584	0.64869	0.648717	0.648658	0.648593	0.648604	0.648708	0.648885	0.64914	0.649462	0.649813	0.650167	0.650518	0.650857	0.651175	0.651459	
0.651268	0.651491	0.651674	0.651804	0.651869	0.651861	0.651772	0.651604	0.65136	0.651055	0.650704	0.650327	0.649935	0.649548	0.649181	0.64886	0.648599	0.648401	0.64827	0.648198	0.648172	0.648182	0.648209	0.648232	0.648207	0.648067	0.647805	0.647601	0.647488	0.647326	0.647439	0.648038	0.648864	0.649196	0.649083	0.648829	0.64841	0.647986	0.647549	0.647198	0.646978	0.646863	0.646958	0.647255	0.647512	0.647608	0.64756	0.647582	0.647797	0.648091	0.648371	0.648642	0.648805	0.64882	0.648814	0.648904	0.649072	0.649295	0.649565	0.649867	0.650167	0.650459	0.650743	0.651015	0.651268	
0.650992	0.651198	0.651382	0.651529	0.651623	0.651652	0.651605	0.651478	0.651271	0.650994	0.650659	0.650288	0.649896	0.649505	0.649135	0.648814	0.648564	0.648388	0.648291	0.648265	0.648291	0.648348	0.648405	0.648436	0.64838	0.648166	0.647825	0.647538	0.647256	0.646987	0.647258	0.648162	0.648913	0.648968	0.648724	0.648309	0.647874	0.647569	0.647192	0.64678	0.64653	0.646543	0.646762	0.647024	0.647187	0.647291	0.647294	0.647234	0.647326	0.64761	0.647944	0.648331	0.648724	0.648933	0.648967	0.649029	0.649186	0.649391	0.649612	0.649852	0.650094	0.650325	0.650551	0.650773	0.650992	
0.650643	0.650833	0.65102	0.651185	0.651311	0.65138	0.651376	0.651292	0.651122	0.650873	0.650552	0.65018	0.649779	0.649376	0.648997	0.648671	0.648428	0.648276	0.64822	0.648252	0.648345	0.648469	0.648578	0.648636	0.648575	0.648337	0.647966	0.647606	0.647252	0.64712	0.647862	0.648966	0.649229	0.64892	0.648544	0.647916	0.647434	0.647212	0.646971	0.646786	0.646901	0.647214	0.64731	0.6471	0.646762	0.646567	0.646592	0.646703	0.646892	0.647227	0.647591	0.64797	0.648454	0.648862	0.649016	0.649077	0.649215	0.649406	0.649589	0.64977	0.649948	0.650118	0.650285	0.650457	0.650643	
0.650233	0.65041	0.650602	0.650787	0.650946	0.651056	0.651096	0.651054	0.650919	0.650692	0.650377	0.649994	0.649572	0.649141	0.648735	0.648395	0.648159	0.648044	0.64805	0.64816	0.648345	0.64857	0.648765	0.648873	0.648827	0.648593	0.648198	0.647796	0.647508	0.647713	0.648812	0.649284	0.648704	0.648487	0.64832	0.647662	0.647147	0.646993	0.647079	0.647557	0.648206	0.648462	0.648121	0.647383	0.646503	0.645806	0.645565	0.645764	0.646226	0.646836	0.64734	0.647691	0.648131	0.648638	0.648931	0.649037	0.649162	0.649337	0.64949	0.649616	0.649732	0.649841	0.649952	0.650078	0.650233	
0.649781	0.64995	0.650149	0.650356	0.650547	0.650697	0.65078	0.650776	0.650667	0.65045	0.650124	0.649713	0.649249	0.648767	0.648319	0.647963	0.647749	0.647699	0.647802	0.648038	0.648371	0.648746	0.649069	0.649252	0.649207	0.648944	0.64852	0.648111	0.647922	0.648384	0.649216	0.648244	0.64705	0.647431	0.647637	0.647259	0.64689	0.64693	0.647614	0.648624	0.649067	0.648818	0.648298	0.64763	0.646602	0.645473	0.644812	0.644818	0.64543	0.646391	0.647134	0.647502	0.647856	0.648358	0.648743	0.64891	0.649032	0.649188	0.649312	0.649389	0.64945	0.649504	0.649565	0.649651	0.649781	
0.649305	0.649471	0.649682	0.649915	0.65014	0.650328	0.650448	0.650474	0.65038	0.650156	0.6498	0.649336	0.648802	0.64826	0.647787	0.647443	0.64728	0.64732	0.647557	0.647969	0.648507	0.649099	0.649585	0.649796	0.649667	0.64931	0.648841	0.64842	0.648315	0.64883	0.648744	0.646602	0.645625	0.646245	0.6464	0.646491	0.646584	0.64709	0.648032	0.648257	0.647608	0.647427	0.647888	0.648102	0.647257	0.645778	0.644629	0.644313	0.644886	0.646032	0.646945	0.647336	0.647644	0.648106	0.648514	0.648718	0.64884	0.648972	0.649062	0.649099	0.649114	0.64912	0.649138	0.649193	0.649305	
0.648816	0.648987	0.649215	0.649476	0.649736	0.649959	0.65011	0.650157	0.650063	0.649812	0.649401	0.64886	0.648256	0.647684	0.647213	0.646909	0.646832	0.646996	0.647398	0.648021	0.648783	0.649551	0.650056	0.650095	0.649715	0.649171	0.648615	0.648162	0.648097	0.648533	0.647589	0.64547	0.645226	0.645156	0.644757	0.645382	0.646163	0.646804	0.646479	0.644903	0.643769	0.644473	0.646717	0.648476	0.648171	0.646627	0.645113	0.644466	0.644881	0.645928	0.646778	0.647155	0.647483	0.647926	0.648286	0.648477	0.648589	0.648695	0.648753	0.648758	0.648734	0.6487	0.648683	0.648714	0.648816	
0.648335	0.648516	0.648766	0.649058	0.649354	0.64961	0.649786	0.649842	0.649731	0.64943	0.648943	0.648332	0.647699	0.647125	0.64669	0.646479	0.646536	0.646849	0.647397	0.648145	0.648941	0.64954	0.649698	0.649423	0.648891	0.64831	0.647693	0.64708	0.646892	0.647163	0.646169	0.645062	0.645261	0.644036	0.642915	0.643837	0.644861	0.644261	0.642214	0.640528	0.640012	0.64096	0.644056	0.647475	0.648471	0.647498	0.64614	0.645342	0.645439	0.646075	0.646644	0.646986	0.647352	0.647759	0.648037	0.648185	0.648287	0.648372	0.648403	0.648379	0.648322	0.648257	0.648217	0.648235	0.648335	
0.647874	0.648066	0.648337	0.64866	0.64899	0.649278	0.649475	0.64953	0.649388	0.649023	0.64847	0.647833	0.64721	0.646674	0.64632	0.646225	0.646429	0.646896	0.64752	0.64816	0.648614	0.648674	0.648288	0.647766	0.647385	0.647149	0.646704	0.64577	0.645071	0.645063	0.644642	0.644788	0.645034	0.642787	0.641027	0.641498	0.641581	0.639929	0.63877	0.638887	0.638465	0.63827	0.640493	0.644729	0.647544	0.647809	0.646981	0.646248	0.646069	0.646267	0.646524	0.646825	0.647205	0.647543	0.647736	0.647848	0.647943	0.64801	0.648021	0.647977	0.647896	0.647811	0.64776	0.647773	0.647874	
0.647467	0.647672	0.647962	0.648308	0.648667	0.648983	0.649195	0.649242	0.649062	0.648646	0.648068	0.647457	0.6469	0.64643	0.646102	0.64604	0.646348	0.646961	0.647595	0.647908	0.647755	0.647205	0.646391	0.645729	0.645681	0.646028	0.645949	0.644867	0.643419	0.642738	0.642719	0.643904	0.644398	0.641841	0.639452	0.638438	0.637618	0.638427	0.640413	0.640806	0.639238	0.637283	0.637582	0.641385	0.645599	0.647388	0.647197	0.6465	0.646169	0.646144	0.64627	0.646599	0.646993	0.64726	0.647394	0.647485	0.647571	0.647626	0.647627	0.647574	0.647484	0.647395	0.647343	0.647359	0.647467	
0.647107	0.647326	0.647634	0.648002	0.648384	0.648722	0.648946	0.648984	0.648776	0.648339	0.647785	0.64726	0.64677	0.646268	0.645856	0.645762	0.646116	0.646804	0.647354	0.64727	0.646569	0.645609	0.644581	0.643968	0.644305	0.64507	0.645305	0.644532	0.642697	0.640762	0.640206	0.642094	0.64356	0.641721	0.638608	0.636069	0.636826	0.642051	0.645496	0.644347	0.641574	0.638212	0.636426	0.638861	0.64351	0.646478	0.646893	0.646123	0.645625	0.64556	0.645764	0.646163	0.646559	0.646816	0.646958	0.647066	0.647162	0.647225	0.647233	0.647185	0.647099	0.647013	0.646965	0.646988	0.647107	
0.646805	0.647037	0.647361	0.647748	0.648149	0.648504	0.648734	0.648762	0.648539	0.648107	0.647616	0.647135	0.64654	0.645867	0.645405	0.645341	0.64569	0.646266	0.646555	0.646153	0.645231	0.644186	0.643221	0.642871	0.643332	0.643909	0.644121	0.643884	0.642509	0.639758	0.637811	0.639403	0.642111	0.641765	0.638665	0.636411	0.640738	0.646922	0.648229	0.647001	0.644303	0.640435	0.637324	0.638051	0.642018	0.645433	0.646324	0.645555	0.644941	0.644893	0.645171	0.645561	0.645914	0.646204	0.64642	0.646595	0.646737	0.646836	0.646872	0.646844	0.64677	0.646691	0.646648	0.646677	0.646805	
0.646543	0.646788	0.64713	0.647536	0.647956	0.648327	0.648561	0.648579	0.648333	0.647883	0.647378	0.646796	0.645995	0.645216	0.644861	0.644926	0.645127	0.645283	0.645176	0.644646	0.643879	0.643121	0.642577	0.642526	0.642699	0.642857	0.642937	0.642216	0.640871	0.638678	0.636074	0.636683	0.639999	0.64112	0.639645	0.640471	0.646262	0.648073	0.646687	0.64733	0.645576	0.642281	0.63949	0.639103	0.641538	0.644544	0.645729	0.645172	0.644568	0.644446	0.64463	0.644923	0.645216	0.645533	0.645833	0.646101	0.646326	0.646489	0.646568	0.646563	0.646499	0.646422	0.646379	0.646408	0.646543	
0.64631	0.646563	0.646918	0.647341	0.647781	0.648167	0.648405	0.648406	0.648109	0.647587	0.646998	0.64632	0.645376	0.644422	0.644015	0.644226	0.644389	0.644111	0.643621	0.643126	0.642767	0.642657	0.642876	0.64337	0.643478	0.64569	0.649029	0.644465	0.645445	0.640225	0.635722	0.635032	0.638619	0.64046	0.640873	0.645338	0.648867	0.645226	0.64359	0.645599	0.644927	0.643276	0.641865	0.641024	0.641865	0.64393	0.645065	0.644764	0.644334	0.644174	0.644216	0.644402	0.644667	0.645003	0.645357	0.645714	0.646032	0.646265	0.646385	0.646397	0.646325	0.646228	0.646164	0.646179	0.64631	
0.646064	0.646331	0.646711	0.647163	0.647629	0.648031	0.648273	0.648258	0.647907	0.647285	0.646565	0.645822	0.644873	0.643673	0.642767	0.642719	0.643085	0.643057	0.642728	0.642557	0.642652	0.643405	0.647395	0.65184	0.650741	0.656353	0.674029	0.687222	0.684491	0.682055	0.641484	0.634666	0.638843	0.640348	0.641637	0.647488	0.648211	0.642143	0.640935	0.643013	0.643647	0.644032	0.643975	0.643213	0.643071	0.643872	0.644368	0.644089	0.643852	0.643802	0.643854	0.644009	0.644275	0.64463	0.645033	0.645484	0.645909	0.646212	0.646351	0.646342	0.646224	0.646069	0.645953	0.645939	0.646064	
0.645725	0.646031	0.64646	0.646964	0.647475	0.647908	0.648166	0.648157	0.64781	0.647146	0.646283	0.645334	0.644264	0.643016	0.642004	0.641834	0.642224	0.642328	0.642221	0.642493	0.643415	0.649344	0.664547	0.672004	0.666898	0.668897	0.688725	0.675499	0.668834	0.684447	0.652483	0.638475	0.640427	0.639951	0.640937	0.646293	0.645862	0.640201	0.639035	0.640507	0.642312	0.644454	0.645558	0.645567	0.645136	0.644505	0.643838	0.643247	0.643025	0.643162	0.643458	0.643767	0.6441	0.644497	0.644973	0.645536	0.646059	0.646381	0.646464	0.646368	0.646148	0.645878	0.645667	0.6456	0.645725	
0.645238	0.645598	0.646111	0.646706	0.647291	0.647781	0.648072	0.648093	0.647816	0.64723	0.646297	0.64496	0.64342	0.642254	0.642113	0.642926	0.64361	0.643372	0.642616	0.642382	0.643523	0.651773	0.672243	0.692845	0.686396	0.687737	0.690697	0.682105	0.650568	0.650668	0.651009	0.639884	0.64058	0.63917	0.638418	0.642069	0.641568	0.638186	0.637784	0.638322	0.640541	0.643924	0.646001	0.64697	0.647062	0.64603	0.644276	0.642803	0.642212	0.642396	0.64305	0.643695	0.644169	0.644607	0.645115	0.645709	0.646224	0.646513	0.646573	0.646399	0.646039	0.645611	0.645259	0.645113	0.645238	
0.64487	0.645198	0.645719	0.646369	0.647044	0.647628	0.647999	0.648085	0.647877	0.647356	0.646341	0.644655	0.642746	0.64182	0.642788	0.644837	0.646081	0.645784	0.644447	0.643108	0.643061	0.646625	0.657495	0.679798	0.686616	0.672329	0.670619	0.65087	0.624758	0.668736	0.65842	0.651866	0.638428	0.63664	0.635072	0.636302	0.635913	0.635494	0.636964	0.637162	0.638261	0.64115	0.643289	0.644924	0.646483	0.646913	0.645564	0.643333	0.641958	0.642039	0.643032	0.643922	0.644324	0.644653	0.64515	0.645728	0.646141	0.646285	0.646215	0.645991	0.645685	0.64533	0.644983	0.644797	0.64487	
0.644845	0.645131	0.645547	0.646103	0.646776	0.647482	0.648006	0.648161	0.647961	0.647414	0.6463	0.644494	0.642662	0.642151	0.643724	0.646117	0.647448	0.64734	0.646274	0.644921	0.645337	0.650198	0.654236	0.657659	0.676909	0.669591	0.657147	0.634781	0.622973	0.627139	0.631195	0.633807	0.634562	0.633716	0.632334	0.63196	0.631697	0.632933	0.636619	0.63848	0.637688	0.637322	0.637494	0.6386	0.641123	0.64398	0.645446	0.644435	0.642634	0.642381	0.643732	0.644744	0.644735	0.644559	0.644712	0.645056	0.645256	0.645263	0.645192	0.645204	0.645291	0.645224	0.644951	0.644762	0.644845	
0.645087	0.645535	0.645952	0.646362	0.646882	0.647531	0.648081	0.648259	0.648013	0.647401	0.646252	0.644542	0.643057	0.642894	0.644375	0.64631	0.647369	0.647429	0.646942	0.648009	0.655962	0.668134	0.670587	0.663301	0.662894	0.661561	0.644186	0.626169	0.62172	0.627221	0.630785	0.631575	0.632296	0.632405	0.631829	0.631292	0.631	0.631822	0.635944	0.640706	0.640403	0.636758	0.633916	0.632856	0.633973	0.637406	0.641938	0.644594	0.644139	0.643504	0.644619	0.645215	0.644461	0.643876	0.643933	0.644188	0.644295	0.644356	0.644551	0.644939	0.645275	0.645229	0.644919	0.64481	0.645087	
0.64585	0.646442	0.646896	0.647161	0.647462	0.647904	0.64829	0.648331	0.647961	0.647288	0.646212	0.644792	0.64372	0.643737	0.644772	0.646004	0.646709	0.646873	0.647085	0.652779	0.669029	0.682324	0.680238	0.669814	0.661282	0.654307	0.638242	0.624713	0.624655	0.628393	0.631733	0.632217	0.632698	0.633228	0.633158	0.632688	0.632205	0.632538	0.63577	0.642256	0.644228	0.63941	0.634387	0.631525	0.631227	0.633576	0.638356	0.64366	0.645768	0.645025	0.644776	0.644682	0.643697	0.643184	0.643492	0.643942	0.64414	0.644261	0.644528	0.645007	0.645389	0.645388	0.645244	0.645373	0.64585	
0.646792	0.647204	0.647497	0.647647	0.647813	0.648158	0.648522	0.648555	0.648174	0.647465	0.6464	0.645174	0.644401	0.644476	0.64507	0.645662	0.64604	0.646231	0.646609	0.651373	0.663425	0.679893	0.680398	0.676072	0.669401	0.659252	0.644383	0.630584	0.627086	0.629951	0.634634	0.636988	0.637196	0.636849	0.635914	0.634467	0.633987	0.635318	0.638401	0.644627	0.646563	0.640075	0.633456	0.631994	0.63494	0.638762	0.641865	0.645176	0.646941	0.645541	0.644083	0.643685	0.643098	0.642819	0.643064	0.643588	0.644043	0.644298	0.644497	0.644878	0.645393	0.645765	0.646009	0.646348	0.646792	
0.647584	0.647752	0.647773	0.647801	0.64789	0.64815	0.648579	0.648902	0.6488	0.648102	0.646915	0.645706	0.645035	0.645009	0.645262	0.645457	0.645558	0.645631	0.645812	0.646697	0.65019	0.65851	0.666212	0.669268	0.667602	0.660411	0.649137	0.634574	0.625957	0.628032	0.633495	0.637301	0.639515	0.640579	0.639286	0.63662	0.636234	0.639345	0.643235	0.646968	0.64552	0.637568	0.63252	0.635373	0.642685	0.648609	0.650138	0.648929	0.647187	0.645004	0.643662	0.643316	0.642964	0.642828	0.642945	0.643379	0.643977	0.644418	0.64464	0.644886	0.645413	0.64609	0.64669	0.647195	0.647584	
0.648486	0.648628	0.6485	0.648369	0.648321	0.648406	0.648704	0.64914	0.649305	0.648799	0.647743	0.646678	0.646017	0.645755	0.645685	0.645629	0.645574	0.645632	0.645959	0.646682	0.648455	0.650982	0.653911	0.657177	0.657841	0.654106	0.647427	0.636444	0.626376	0.625653	0.629191	0.632657	0.637753	0.642006	0.642404	0.640648	0.640495	0.643445	0.645733	0.644755	0.640672	0.635577	0.635668	0.642098	0.6496	0.654219	0.654386	0.650811	0.646888	0.644615	0.643801	0.643561	0.6435	0.643611	0.643762	0.644008	0.64439	0.644797	0.645086	0.645324	0.645778	0.646495	0.647265	0.647967	0.648486	
0.64911	0.649506	0.64952	0.649339	0.649177	0.649082	0.649094	0.649239	0.649347	0.649124	0.648527	0.647833	0.647266	0.646852	0.646533	0.646286	0.646192	0.646329	0.646807	0.648388	0.65358	0.659254	0.660528	0.658807	0.654419	0.647952	0.641615	0.633734	0.627907	0.629433	0.630995	0.632497	0.638193	0.643109	0.645105	0.645823	0.645832	0.645426	0.643526	0.639641	0.636768	0.636792	0.641289	0.647819	0.652032	0.654172	0.653867	0.650801	0.647277	0.645353	0.644741	0.64451	0.644637	0.644835	0.644939	0.644993	0.645136	0.645397	0.645685	0.645973	0.646355	0.646914	0.647617	0.648401	0.64911	
0.649267	0.649938	0.650248	0.650251	0.650126	0.649917	0.64965	0.649377	0.649144	0.648901	0.64857	0.64817	0.647747	0.64731	0.646916	0.646649	0.646599	0.646827	0.647543	0.650999	0.660861	0.670363	0.670847	0.664452	0.655263	0.646255	0.638468	0.630421	0.628474	0.634108	0.63454	0.635137	0.640777	0.643704	0.645202	0.646712	0.64579	0.642396	0.639889	0.638	0.636784	0.639006	0.645152	0.650098	0.651247	0.651805	0.651743	0.650245	0.648265	0.646926	0.646372	0.646168	0.646148	0.646086	0.645961	0.64582	0.645805	0.645974	0.646244	0.646539	0.646848	0.647233	0.647774	0.648476	0.649267	
0.649212	0.649914	0.650439	0.650672	0.650642	0.650443	0.65008	0.649585	0.649052	0.648574	0.648165	0.647782	0.647388	0.646986	0.64668	0.646542	0.646595	0.64688	0.647645	0.650789	0.660233	0.671617	0.675068	0.669945	0.661999	0.655281	0.647626	0.636261	0.633906	0.637781	0.634669	0.636166	0.642508	0.642893	0.641967	0.643616	0.643681	0.641056	0.639405	0.640027	0.639432	0.639866	0.644601	0.649055	0.650465	0.650645	0.650446	0.649908	0.649123	0.648248	0.64765	0.647339	0.647129	0.64693	0.646694	0.646441	0.646326	0.646453	0.646723	0.64701	0.647271	0.647551	0.647952	0.648516	0.649212	
0.649161	0.649781	0.650324	0.650636	0.650692	0.650561	0.650237	0.649728	0.649122	0.648524	0.647979	0.647493	0.64708	0.646756	0.646569	0.646523	0.646606	0.646854	0.647441	0.648752	0.653338	0.662716	0.671361	0.672824	0.668467	0.664171	0.658188	0.646492	0.644873	0.642274	0.633653	0.635685	0.640224	0.640192	0.637591	0.63877	0.641964	0.642176	0.639363	0.639645	0.640744	0.639875	0.642262	0.647174	0.650526	0.651485	0.65124	0.650681	0.650022	0.649225	0.64846	0.647913	0.647583	0.647398	0.647198	0.646924	0.646745	0.646838	0.647116	0.647397	0.647625	0.647851	0.648158	0.648597	0.649161	
0.649222	0.649734	0.650196	0.650518	0.650647	0.650563	0.650285	0.649831	0.649261	0.648657	0.648069	0.647539	0.647115	0.646804	0.646611	0.646534	0.646567	0.646751	0.647238	0.648174	0.649841	0.653905	0.661076	0.666567	0.666585	0.664162	0.658868	0.652557	0.653291	0.645405	0.634912	0.634947	0.635626	0.636122	0.633214	0.632339	0.636276	0.638247	0.636636	0.637535	0.639887	0.639434	0.64042	0.644486	0.648388	0.650236	0.650642	0.650843	0.65134	0.651367	0.650118	0.648479	0.647612	0.647461	0.647446	0.647312	0.647158	0.647195	0.647441	0.647723	0.647946	0.64816	0.648418	0.648765	0.649222	
0.6493	0.649722	0.650118	0.650415	0.650557	0.650511	0.65028	0.649887	0.649368	0.648791	0.648219	0.647697	0.647257	0.646909	0.646665	0.646524	0.646483	0.646595	0.647004	0.647852	0.649044	0.650722	0.65487	0.660594	0.663315	0.661659	0.656466	0.654863	0.655676	0.646681	0.638051	0.635907	0.633232	0.631468	0.628277	0.627604	0.630886	0.632127	0.632958	0.636592	0.639353	0.638791	0.638408	0.639625	0.641802	0.643718	0.644961	0.646659	0.64959	0.652132	0.652048	0.649909	0.648031	0.647447	0.647509	0.64754	0.647494	0.647527	0.647731	0.648	0.648213	0.648406	0.648633	0.648927	0.6493	
0.649343	0.649691	0.65002	0.650272	0.6504	0.650369	0.650173	0.649827	0.649358	0.648819	0.648266	0.647741	0.647283	0.646901	0.646608	0.646408	0.646294	0.646322	0.646634	0.647372	0.648341	0.650122	0.655836	0.662321	0.664045	0.661863	0.657891	0.656189	0.653425	0.645671	0.641885	0.640009	0.633624	0.627809	0.625302	0.627644	0.630645	0.630347	0.631568	0.636323	0.640184	0.640824	0.640246	0.639748	0.639891	0.640508	0.641184	0.642656	0.645938	0.64998	0.651974	0.650833	0.648626	0.647545	0.647479	0.647562	0.647636	0.64776	0.647981	0.648234	0.648426	0.64859	0.648782	0.649031	0.649343	
0.649318	0.649611	0.649887	0.650095	0.650193	0.650154	0.64997	0.649652	0.649219	0.648714	0.648184	0.647663	0.64719	0.646784	0.646458	0.646206	0.646026	0.645952	0.646145	0.646783	0.64762	0.649458	0.656849	0.664749	0.666054	0.663865	0.660463	0.657618	0.651867	0.645844	0.648199	0.646438	0.635799	0.628343	0.62791	0.632356	0.635244	0.636347	0.639025	0.642662	0.645805	0.647656	0.648257	0.648074	0.647459	0.646358	0.644832	0.644352	0.646134	0.649238	0.651174	0.650469	0.648657	0.647629	0.64742	0.647451	0.647599	0.647841	0.648139	0.648395	0.648558	0.648693	0.648851	0.649056	0.649318	
0.64923	0.649479	0.649712	0.649883	0.649953	0.649898	0.649714	0.649411	0.649003	0.648523	0.648012	0.6475	0.647021	0.646599	0.646244	0.645939	0.645673	0.645466	0.645512	0.646034	0.646792	0.647911	0.654198	0.663059	0.665707	0.662097	0.657653	0.656318	0.652293	0.649239	0.654541	0.652973	0.641883	0.635771	0.636908	0.640679	0.643677	0.647408	0.651097	0.652355	0.652958	0.653726	0.654201	0.654231	0.653645	0.652094	0.649789	0.648389	0.648937	0.650373	0.650931	0.649824	0.648357	0.647645	0.64738	0.647323	0.647491	0.647823	0.648217	0.648489	0.64862	0.64872	0.648842	0.649011	0.64923	
0.649085	0.649297	0.649493	0.649632	0.649677	0.649607	0.649421	0.649124	0.648735	0.648278	0.64779	0.647295	0.646823	0.646402	0.646036	0.645691	0.645331	0.644993	0.64492	0.645311	0.645997	0.646559	0.649424	0.656389	0.660824	0.657165	0.652709	0.653637	0.653146	0.653393	0.657375	0.656811	0.651424	0.648313	0.648558	0.649905	0.652644	0.655578	0.656104	0.654876	0.654421	0.654319	0.654138	0.653941	0.653694	0.652991	0.651814	0.650963	0.650945	0.651104	0.650401	0.648928	0.64789	0.647565	0.647365	0.647263	0.647407	0.647779	0.648242	0.648525	0.64862	0.648682	0.648767	0.648903	0.649085	
0.64889	0.649068	0.649233	0.649343	0.649366	0.649285	0.649096	0.648808	0.648436	0.648004	0.64754	0.647071	0.646628	0.646232	0.645883	0.645532	0.64511	0.644663	0.644465	0.644723	0.645408	0.645992	0.646247	0.648746	0.652446	0.651543	0.649441	0.651471	0.653657	0.655158	0.656363	0.657754	0.658372	0.656974	0.655436	0.655395	0.656841	0.656465	0.65416	0.652477	0.652126	0.651895	0.651355	0.650816	0.650873	0.651268	0.651407	0.651316	0.651188	0.650707	0.649342	0.647897	0.647422	0.647477	0.647401	0.64728	0.647384	0.647781	0.648269	0.648519	0.648565	0.648589	0.648638	0.648741	0.64889	
0.648638	0.648791	0.64893	0.649017	0.649025	0.648938	0.648753	0.648477	0.648127	0.647723	0.647291	0.64686	0.646465	0.646122	0.645826	0.645527	0.645111	0.644585	0.644199	0.644288	0.645055	0.645764	0.645316	0.644699	0.645679	0.646409	0.64716	0.649516	0.652011	0.652899	0.653095	0.656802	0.65935	0.657365	0.655584	0.655521	0.655166	0.653306	0.651512	0.650649	0.650283	0.649754	0.648888	0.647845	0.647445	0.648061	0.649058	0.649697	0.649781	0.649136	0.647786	0.646893	0.647108	0.647522	0.647509	0.647352	0.647447	0.647887	0.648332	0.648472	0.648446	0.648419	0.648434	0.648513	0.648638	
0.648334	0.648466	0.648586	0.648659	0.64866	0.648574	0.6484	0.648144	0.647823	0.647453	0.647064	0.646684	0.646349	0.646077	0.645866	0.645669	0.645325	0.644757	0.644152	0.644005	0.644809	0.645631	0.645097	0.643877	0.643569	0.644448	0.646413	0.648251	0.649316	0.649689	0.650111	0.653878	0.656263	0.654045	0.652437	0.65223	0.651541	0.650669	0.650117	0.649675	0.649269	0.648641	0.647759	0.646549	0.645421	0.645128	0.645783	0.646613	0.647017	0.646754	0.646233	0.646382	0.647245	0.647797	0.647676	0.647463	0.647629	0.648096	0.64839	0.648365	0.648259	0.648182	0.648167	0.648226	0.648334	
0.647991	0.648103	0.648206	0.648271	0.648272	0.648197	0.648045	0.647819	0.647535	0.647212	0.646877	0.646555	0.646283	0.646087	0.645981	0.645916	0.6457	0.645148	0.644331	0.643854	0.644531	0.645503	0.645212	0.644239	0.643976	0.645014	0.646714	0.647608	0.647671	0.647889	0.648212	0.650021	0.651715	0.650567	0.649234	0.649205	0.64939	0.64958	0.649563	0.649292	0.648896	0.648267	0.647522	0.646634	0.645537	0.644521	0.64426	0.644634	0.645097	0.645407	0.645884	0.646892	0.647872	0.648097	0.647784	0.647638	0.647961	0.648333	0.648368	0.648192	0.648024	0.647915	0.647873	0.647905	0.647991	
0.647633	0.647722	0.647809	0.647865	0.647872	0.647816	0.647695	0.647512	0.64728	0.647016	0.646741	0.646478	0.646258	0.646127	0.646125	0.646211	0.646181	0.645727	0.644756	0.643863	0.644136	0.645207	0.645531	0.645059	0.64486	0.64567	0.646788	0.647057	0.646798	0.646852	0.647195	0.647429	0.64791	0.647723	0.647349	0.648009	0.648651	0.649179	0.649383	0.649234	0.648908	0.648341	0.64771	0.647125	0.646581	0.645891	0.645389	0.645372	0.645696	0.646234	0.64706	0.647979	0.64839	0.648175	0.647901	0.64804	0.648389	0.648461	0.648241	0.647973	0.647765	0.64763	0.647564	0.647571	0.647633	
0.647281	0.647347	0.647416	0.647466	0.64748	0.647449	0.647369	0.647242	0.647075	0.64688	0.646668	0.646457	0.646276	0.646183	0.646249	0.64648	0.646689	0.646429	0.645459	0.64422	0.643849	0.644662	0.64558	0.645755	0.645605	0.646019	0.646537	0.646447	0.646185	0.646148	0.646539	0.64639	0.645643	0.645367	0.646215	0.647643	0.648456	0.649103	0.64942	0.649357	0.649143	0.648725	0.648206	0.647707	0.647436	0.647302	0.647199	0.647219	0.647448	0.64785	0.648337	0.648607	0.648501	0.648293	0.648332	0.648577	0.648633	0.648383	0.648037	0.647744	0.647515	0.647351	0.647261	0.647244	0.647281	
0.646951	0.646991	0.647043	0.64709	0.647118	0.647119	0.647089	0.647027	0.646935	0.646815	0.646667	0.6465	0.646342	0.646238	0.646279	0.64658	0.647047	0.647104	0.646353	0.645034	0.644047	0.644125	0.644978	0.645579	0.645796	0.646152	0.64613	0.64583	0.645856	0.645935	0.646133	0.646053	0.644574	0.643851	0.645686	0.647609	0.648484	0.649186	0.64954	0.649532	0.649412	0.64916	0.648826	0.64844	0.648178	0.648118	0.648221	0.648385	0.648578	0.648753	0.648845	0.648818	0.648743	0.648759	0.648861	0.648831	0.648564	0.64819	0.647835	0.647536	0.647285	0.6471	0.646986	0.646942	0.646951	
0.646661	0.646673	0.646708	0.646754	0.646801	0.646841	0.646869	0.646879	0.646869	0.646829	0.646746	0.646621	0.646469	0.646295	0.646203	0.646448	0.647119	0.647564	0.647183	0.646109	0.644844	0.644088	0.644208	0.644732	0.645518	0.646125	0.645782	0.645474	0.645805	0.646133	0.646263	0.64617	0.644429	0.643555	0.645833	0.647792	0.648633	0.649376	0.649689	0.649696	0.649635	0.649504	0.649344	0.649133	0.648955	0.648868	0.648895	0.648985	0.649088	0.649163	0.649186	0.649174	0.64917	0.649146	0.649011	0.648739	0.648387	0.648026	0.647682	0.647367	0.647099	0.646896	0.646758	0.646684	0.646661	
0.646427	0.646411	0.646431	0.646478	0.646547	0.646628	0.646718	0.646805	0.64688	0.646924	0.646911	0.646837	0.64668	0.646406	0.646165	0.646269	0.646932	0.647651	0.647688	0.647035	0.64595	0.644794	0.644139	0.644299	0.645393	0.646081	0.64562	0.645459	0.64589	0.646373	0.646753	0.64666	0.645043	0.644457	0.646565	0.648172	0.648911	0.649594	0.649816	0.649818	0.649795	0.649739	0.649682	0.649601	0.649528	0.649488	0.649485	0.649499	0.649521	0.649523	0.649499	0.649447	0.649344	0.649164	0.648906	0.648603	0.648277	0.64793	0.647579	0.647256	0.646979	0.646756	0.646592	0.646485	0.646427	
0.646265	0.646224	0.646229	0.64628	0.64637	0.646494	0.646645	0.646809	0.646971	0.647099	0.647163	0.647152	0.646999	0.646648	0.646309	0.646284	0.646759	0.647477	0.647822	0.647615	0.646968	0.645988	0.645091	0.64493	0.645735	0.646063	0.645616	0.645609	0.645933	0.646393	0.647035	0.647204	0.646139	0.646076	0.647655	0.648727	0.649337	0.649771	0.64989	0.649892	0.649899	0.649887	0.649878	0.649858	0.649837	0.649816	0.649801	0.649782	0.64975	0.649684	0.649589	0.649465	0.649293	0.649071	0.648818	0.648545	0.648231	0.647884	0.647537	0.647214	0.646927	0.646689	0.646497	0.646356	0.646265	
0.646189	0.646126	0.64612	0.646173	0.646284	0.646446	0.646653	0.646889	0.647131	0.647342	0.647488	0.647548	0.64743	0.647065	0.646688	0.646591	0.646891	0.647446	0.64788	0.647988	0.647739	0.647148	0.646419	0.646036	0.64614	0.645983	0.645675	0.645711	0.645859	0.646223	0.646846	0.647361	0.64701	0.647364	0.648477	0.649116	0.64959	0.64977	0.64987	0.649907	0.649954	0.649978	0.649993	0.649994	0.649985	0.649962	0.649926	0.649876	0.649805	0.649706	0.649577	0.64942	0.649232	0.649018	0.648784	0.648525	0.648222	0.647891	0.647558	0.647238	0.646948	0.646695	0.646479	0.646309	0.646189	
0.646207	0.646126	0.646111	0.646168	0.646294	0.64649	0.646744	0.647038	0.647349	0.647636	0.647859	0.647991	0.647945	0.647636	0.647268	0.647118	0.647288	0.647682	0.648055	0.64824	0.648165	0.647798	0.64722	0.646664	0.646204	0.645852	0.645711	0.645691	0.645729	0.64601	0.646435	0.647018	0.647063	0.647709	0.648715	0.649106	0.649482	0.649623	0.649799	0.64989	0.649979	0.650031	0.650061	0.650063	0.650045	0.650008	0.649953	0.649877	0.649783	0.649669	0.649535	0.649378	0.649196	0.648993	0.64877	0.648523	0.648247	0.647943	0.647629	0.647322	0.647033	0.646771	0.646538	0.646347	0.646207	
0.64632	0.646228	0.646208	0.646266	0.646405	0.646622	0.646907	0.647243	0.647605	0.647953	0.648239	0.648435	0.648479	0.648284	0.647954	0.647736	0.647773	0.647996	0.648222	0.648321	0.648218	0.647885	0.647357	0.646738	0.646139	0.64581	0.645704	0.645626	0.645644	0.645854	0.646081	0.646433	0.646417	0.647323	0.648445	0.648716	0.649175	0.649466	0.64973	0.649873	0.649996	0.650069	0.650107	0.650105	0.650071	0.650011	0.649933	0.649837	0.649726	0.649601	0.649462	0.649309	0.64914	0.648954	0.648751	0.648529	0.648286	0.648021	0.647738	0.647452	0.647173	0.646912	0.646673	0.646472	0.64632	
0.646526	0.646433	0.64641	0.646469	0.646611	0.646838	0.647138	0.647495	0.647883	0.648266	0.648597	0.648839	0.648956	0.648887	0.648646	0.648379	0.648253	0.648277	0.648318	0.648257	0.648042	0.647679	0.647213	0.646684	0.646198	0.645885	0.645707	0.645621	0.645647	0.64579	0.645887	0.645964	0.645747	0.646709	0.647772	0.64812	0.648895	0.649369	0.6497	0.649883	0.650029	0.650112	0.65015	0.650139	0.650088	0.650004	0.649898	0.649778	0.649649	0.649511	0.649367	0.649217	0.64906	0.648894	0.648718	0.648528	0.648323	0.6481	0.647858	0.647605	0.64735	0.647105	0.646876	0.646678	0.646526	
0.64682	0.646733	0.646713	0.64677	0.646909	0.647131	0.647427	0.64778	0.648167	0.648555	0.648904	0.649167	0.64932	0.649338	0.649215	0.648981	0.648744	0.648583	0.648444	0.648233	0.647922	0.647539	0.647131	0.646717	0.646338	0.646013	0.645787	0.645697	0.645727	0.645823	0.645884	0.645857	0.645926	0.64668	0.647285	0.647895	0.648848	0.649399	0.649744	0.649946	0.6501	0.650182	0.650211	0.650184	0.650111	0.650002	0.649867	0.649719	0.649565	0.64941	0.649258	0.649108	0.648961	0.648813	0.648664	0.648508	0.648342	0.648164	0.64797	0.647765	0.647551	0.647339	0.647137	0.646959	0.64682	
0.647186	0.647116	0.647102	0.647157	0.647286	0.64749	0.647763	0.64809	0.64845	0.648815	0.64915	0.649411	0.649572	0.649616	0.649555	0.649391	0.649154	0.6489	0.648648	0.648347	0.647984	0.647581	0.64718	0.646791	0.646426	0.64611	0.645898	0.645806	0.645853	0.645936	0.646021	0.645986	0.646223	0.646878	0.647537	0.648348	0.64908	0.649559	0.649865	0.650069	0.650215	0.650288	0.6503	0.65025	0.650148	0.650007	0.64984	0.649657	0.649473	0.649295	0.649128	0.648972	0.648829	0.648697	0.648573	0.648452	0.64833	0.648201	0.648063	0.647915	0.647758	0.647597	0.64744	0.647299	0.647186	
0.647612	0.647567	0.647564	0.647616	0.647728	0.647904	0.648138	0.648419	0.64873	0.649046	0.649339	0.649574	0.649723	0.649759	0.649694	0.649547	0.649333	0.649064	0.648763	0.648421	0.64804	0.647629	0.647218	0.64682	0.646462	0.646174	0.646004	0.645943	0.646027	0.646127	0.646249	0.646143	0.646281	0.647696	0.648397	0.649087	0.649438	0.649789	0.650045	0.65024	0.650372	0.650429	0.650417	0.650338	0.650202	0.650024	0.649818	0.649597	0.649376	0.649167	0.648977	0.648809	0.648665	0.648543	0.648442	0.648357	0.648281	0.64821	0.648135	0.648055	0.647966	0.647872	0.647776	0.647686	0.647612	
0.648078	0.648065	0.648077	0.648126	0.648218	0.648356	0.64854	0.648761	0.649006	0.649254	0.649485	0.649671	0.64979	0.649811	0.649733	0.649568	0.649346	0.649069	0.64875	0.64839	0.648006	0.647602	0.647201	0.64682	0.646496	0.64625	0.646125	0.646114	0.646249	0.646403	0.64664	0.646447	0.646659	0.648316	0.649279	0.649665	0.649766	0.650027	0.650256	0.650442	0.650559	0.650595	0.650556	0.650443	0.650269	0.65005	0.649801	0.649536	0.649273	0.649027	0.648807	0.64862	0.648468	0.648353	0.648273	0.648223	0.648197	0.648187	0.648183	0.64818	0.64817	0.648154	0.648129	0.648102	0.648078	
0.648566	0.648592	0.648622	0.64867	0.648739	0.648836	0.648961	0.649111	0.649277	0.649446	0.6496	0.649721	0.649792	0.649788	0.6497	0.649526	0.649291	0.649006	0.648683	0.648319	0.647938	0.647546	0.647171	0.646825	0.646544	0.646346	0.646271	0.646318	0.646517	0.64675	0.647171	0.647118	0.647312	0.648879	0.649688	0.649871	0.649981	0.65023	0.650472	0.650653	0.650757	0.65077	0.650702	0.650554	0.650341	0.650079	0.649785	0.649474	0.649167	0.64888	0.648628	0.648417	0.648253	0.648141	0.64808	0.648066	0.64809	0.648144	0.648214	0.648293	0.648368	0.648436	0.648491	0.648534	0.648566	
0.649058	0.649126	0.649178	0.649226	0.649273	0.649327	0.64939	0.649464	0.649546	0.649626	0.649696	0.649742	0.649751	0.649706	0.649598	0.649419	0.649181	0.648896	0.648577	0.648221	0.647855	0.647484	0.647142	0.646836	0.646603	0.646459	0.646433	0.646535	0.646787	0.647104	0.647611	0.647961	0.648098	0.649019	0.649566	0.649765	0.650119	0.650412	0.650677	0.650849	0.65094	0.650928	0.65083	0.650649	0.6504	0.6501	0.649763	0.64941	0.64906	0.648734	0.648447	0.64821	0.648032	0.64792	0.647877	0.647898	0.647971	0.648088	0.648234	0.648396	0.648559	0.648714	0.648851	0.648966	0.649058	
