y	b	u.x	u.y	u.z	
0.195312	0.00147218	-2.36498e-08	1.72733e-05	1.71249e-09
2.21157	0.0166699	-2.67792e-07	0.00019559	1.93909e-08
4.22782	0.0318676	-2.54455e-07	0.000178933	2.87461e-08
6.24408	0.0470653	-2.78556e-08	7.87572e-07	3.12075e-08
8.26034	0.062263	1.98744e-07	-0.000177358	3.36689e-08
10.2766	0.0774607	4.21536e-07	-0.000196161	2.99922e-08
12.2928	0.0926584	6.39623e-07	-1.79648e-05	1.87267e-08
14.3091	0.107856	8.57709e-07	0.000160232	7.46133e-09
16.3254	0.123054	1.03379e-06	0.000214721	2.41409e-08
18.3416	0.138251	1.13095e-06	3.67794e-05	9.33258e-08
20.3579	0.153449	1.22811e-06	-0.000141162	1.62511e-07
22.3741	0.168647	1.55293e-06	-0.000231036	1.96143e-07
24.3904	0.183845	2.56971e-06	-5.32231e-05	1.2171e-07
26.4066	0.199042	3.5865e-06	0.00012459	4.72779e-08
28.4229	0.21424	4.5253e-06	0.000249916	2.27357e-08
30.4392	0.229438	5.01432e-06	7.24873e-05	2.85975e-07
32.4554	0.244636	5.50334e-06	-0.000104942	5.49213e-07
34.4717	0.259834	6.2337e-06	-0.000265383	7.61427e-07
36.4879	0.275032	1.17567e-05	-8.8485e-05	-3.9604e-08
38.5042	0.29023	1.72796e-05	8.84133e-05	-8.40635e-07
40.5204	0.305428	2.28026e-05	0.000265312	-1.64167e-06
42.5367	0.320627	2.90075e-05	0.000107309	1.52768e-06
44.5529	0.335825	3.52498e-05	-6.90119e-05	4.9142e-06
46.5692	0.351024	4.1492e-05	-0.000245333	8.30072e-06
48.5855	0.366222	4.36977e-05	-0.000123786	1.58476e-05
50.6017	0.38142	4.51818e-05	5.10147e-05	2.41382e-05
52.618	0.396618	4.66658e-05	0.000225815	3.24289e-05
54.6342	0.411824	6.29476e-05	0.000149818	2.47387e-05
56.6505	0.427032	0.000109536	-4.92174e-05	1.08718e-05
58.6667	0.442242	0.000125882	-0.00021295	-2.75459e-07
60.683	0.457484	0.000209706	-0.000142671	-8.38093e-05
62.6993	0.47278	0.00025378	1.02369e-05	-0.000225782
64.7155	0.488177	0.000933312	0.000334567	-0.000398126
66.7318	0.503523	0.00194949	0.000337603	-0.00110633
68.748	0.518931	0.00339338	1.68799e-05	-0.00147805
70.7643	0.534355	0.0058714	-0.000364098	-0.0012422
72.7805	0.549583	0.00818281	-3.43694e-05	-0.000138542
74.7968	0.564656	0.00976083	8.23252e-06	-0.000377882
76.813	0.57956	0.0103652	-0.000179105	-0.000144063
78.8293	0.594423	0.00978717	-0.000194218	0.000328143
80.8456	0.609334	0.00902377	2.97062e-05	0.000680505
82.8618	0.624285	0.00824216	-2.48021e-05	0.000593938
84.8781	0.639247	0.00766438	0.000137268	5.8644e-05
86.8943	0.654376	0.00625008	5.46308e-05	0.000406233
88.9106	0.669495	0.00449739	-0.00011002	-7.47753e-05
90.9268	0.68462	0.0025599	-0.00019205	0.000125778
92.9431	0.699876	0.00176796	-5.16102e-05	0.000115129
94.9593	0.715154	0.00114512	0.000146227	9.87557e-05
96.9756	0.730455	0.000469437	0.000352637	6.58034e-05
98.9919	0.745764	0.000458168	0.000117744	1.20037e-06
101.008	0.761109	-8.58898e-05	-0.000106782	1.86614e-05
103.024	0.776431	9.64817e-05	-0.000317027	1.87141e-05
105.041	0.791682	0.000109819	-0.000105104	1.75268e-05
107.057	0.806906	8.18643e-05	7.63633e-05	7.55907e-06
109.073	0.822138	2.23853e-05	0.000165584	-9.1466e-08
111.089	0.837334	2.6132e-05	4.65508e-05	-2.87794e-06
113.106	0.85254	5.53294e-06	-2.23833e-05	-5.10619e-07
115.122	0.867739	2.41189e-06	-0.000126548	-1.74344e-07
117.138	0.882937	6.98495e-07	-7.67971e-05	-1.14512e-08
119.154	0.898135	-5.46897e-07	2.41268e-05	9.37972e-08
121.171	0.913332	-1.79229e-06	0.000125051	1.99046e-07
123.187	0.92853	-1.64526e-06	9.19765e-05	1.94216e-07
125.203	0.943728	-7.50701e-07	-1.30352e-05	1.30291e-07
127.219	0.958926	1.43858e-07	-0.000118047	6.63663e-08
129.236	0.974123	2.71646e-07	-0.000105455	4.60336e-08
131.252	0.989321	-2.2571e-07	3.01855e-06	6.12417e-08
133.268	1.00452	-7.23066e-07	0.000111492	7.64497e-08
135.284	1.01972	-8.46938e-07	0.00012074	7.38923e-08
137.301	1.03491	-5.16297e-07	9.23515e-06	4.97152e-08
139.317	1.05011	-1.85656e-07	-0.00010227	2.55382e-08
141.333	1.06531	-2.22063e-08	-0.000134551	1.21613e-08
143.349	1.08051	-1.67535e-07	-2.05188e-05	1.8731e-08
145.366	1.0957	-3.12864e-07	9.35137e-05	2.53007e-08
147.382	1.1109	-3.90311e-07	0.000149624	2.79728e-08
149.398	1.1261	-2.65693e-07	3.33145e-05	1.90427e-08
151.415	1.1413	-1.41074e-07	-8.29954e-05	1.01126e-08
153.431	1.1565	-4.25027e-08	-0.000163733	2.92283e-09
155.447	1.17169	-8.96335e-08	-4.54868e-05	5.46812e-09
157.463	1.18689	-1.36764e-07	7.27597e-05	8.0134e-09
159.48	1.20209	-1.78854e-07	0.000178653	1.02664e-08
161.496	1.21729	-1.28765e-07	5.86558e-05	7.17504e-09
163.512	1.23248	-7.86755e-08	-6.13415e-05	4.08365e-09
165.528	1.24768	-2.85862e-08	-0.000181339	9.92273e-10
167.545	1.26288	-4.03786e-08	-7.14598e-05	1.55905e-09
169.561	1.27808	-5.52879e-08	4.99978e-05	2.31008e-09
171.577	1.29327	-7.01972e-08	0.000171455	3.06111e-09
173.593	1.30847	-5.64813e-08	8.48228e-05	2.356e-09
175.61	1.32367	-3.78024e-08	-3.78875e-05	1.39842e-09
177.626	1.33887	-1.91235e-08	-0.000160598	4.40846e-10
179.642	1.35407	-1.64087e-08	-9.79209e-05	2.85667e-10
181.658	1.36926	-1.89463e-08	2.57509e-05	3.94488e-10
183.675	1.38446	-2.14839e-08	0.000149423	5.03309e-10
185.691	1.39966	-1.95662e-08	0.000111201	3.62237e-10
187.707	1.41486	-1.52771e-08	-1.31885e-05	8.81585e-11
189.723	1.43005	-1.09881e-08	-0.000137578	-1.8592e-10
191.74	1.44525	-8.49557e-09	-0.000124205	-3.0976e-10
193.756	1.46045	-7.45618e-09	6.01798e-07	-3.12076e-10
195.772	1.47565	-6.41678e-09	0.000125409	-3.14392e-10
197.788	1.49084	-5.84826e-09	0.000137066	-3.15658e-10
199.805	1.50604	-5.84826e-09	1.21059e-05	-3.15658e-10
