x=200	y=80	z=200	n=65	len=1
b
0.605009	0.605007	0.605005	0.605003	0.605064	0.605125	0.605188	0.605251	0.605373	0.605494	0.605616	0.605738	0.605911	0.606084	0.606223	0.606362	0.606488	0.606613	0.606408	0.606202	0.605787	0.605373	0.604959	0.604545	0.605149	0.605753	0.606437	0.60712	0.608069	0.609017	0.606423	0.603828	0.60433	0.604832	0.604441	0.60405	0.60219	0.60033	0.600206	0.600082	0.600729	0.601376	0.602486	0.603595	0.604523	0.60545	0.606062	0.606673	0.606831	0.606988	0.606828	0.606669	0.606487	0.606306	0.606083	0.60586	0.605723	0.605586	0.605437	0.605288	0.60522	0.605153	0.605082	0.60501	0.605009	
0.604992	0.604982	0.604988	0.604993	0.605049	0.605106	0.60518	0.605254	0.605376	0.605498	0.605637	0.605777	0.605961	0.606145	0.606316	0.606487	0.606658	0.606828	0.606681	0.606534	0.606132	0.60573	0.605176	0.604622	0.605183	0.605744	0.606571	0.607397	0.608965	0.610533	0.608228	0.605923	0.60574	0.605557	0.605104	0.604652	0.603162	0.601672	0.601603	0.601533	0.60201	0.602487	0.603518	0.604549	0.605408	0.606267	0.606769	0.607272	0.607301	0.60733	0.607091	0.606853	0.606624	0.606395	0.606156	0.605917	0.605758	0.605598	0.605448	0.605298	0.605217	0.605136	0.605069	0.605002	0.604992	
0.604969	0.604962	0.604965	0.604968	0.605031	0.605095	0.605169	0.605243	0.605378	0.605513	0.605658	0.605803	0.606011	0.606219	0.606412	0.606605	0.606833	0.60706	0.607002	0.606945	0.606627	0.60631	0.60563	0.60495	0.605228	0.605507	0.606236	0.606965	0.608862	0.610759	0.609062	0.607365	0.606608	0.605851	0.605691	0.605531	0.604503	0.603474	0.603374	0.603274	0.603683	0.604092	0.604943	0.605793	0.606489	0.607185	0.607514	0.607844	0.607724	0.607605	0.60729	0.606976	0.606721	0.606467	0.606203	0.60594	0.605774	0.605608	0.605446	0.605284	0.605203	0.605122	0.605049	0.604976	0.604969	
0.604946	0.604943	0.604943	0.604943	0.605013	0.605083	0.605158	0.605232	0.60538	0.605529	0.605679	0.605829	0.606062	0.606294	0.606509	0.606724	0.607008	0.607292	0.607324	0.607356	0.607122	0.606889	0.606083	0.605277	0.605274	0.60527	0.605902	0.606534	0.608759	0.610985	0.609896	0.608807	0.607476	0.606144	0.606277	0.60641	0.605843	0.605276	0.605146	0.605015	0.605357	0.605698	0.606367	0.607036	0.607569	0.608103	0.608259	0.608415	0.608147	0.60788	0.607489	0.607098	0.606818	0.606538	0.60625	0.605962	0.60579	0.605617	0.605444	0.60527	0.605189	0.605107	0.605029	0.60495	0.604946	
0.604904	0.604893	0.6049	0.604908	0.604972	0.605036	0.605119	0.605202	0.605346	0.605489	0.605652	0.605814	0.606048	0.606282	0.606521	0.606759	0.607072	0.607384	0.607526	0.607668	0.607578	0.607489	0.606742	0.605994	0.605673	0.605352	0.605598	0.605844	0.607895	0.609947	0.609219	0.608491	0.60737	0.606249	0.606811	0.607374	0.607184	0.606994	0.606916	0.606837	0.607087	0.607337	0.607752	0.608166	0.60851	0.608854	0.608784	0.608715	0.60834	0.607964	0.607545	0.607126	0.606823	0.60652	0.606232	0.605943	0.605759	0.605575	0.605407	0.605239	0.605149	0.605059	0.604987	0.604914	0.604904	
0.604861	0.604844	0.604858	0.604872	0.604931	0.604989	0.60508	0.605172	0.605311	0.60545	0.605625	0.6058	0.606035	0.60627	0.606532	0.606795	0.607136	0.607477	0.607728	0.607979	0.608034	0.608089	0.6074	0.606711	0.606073	0.605435	0.605294	0.605154	0.607031	0.608908	0.608542	0.608175	0.607264	0.606353	0.607345	0.608337	0.608525	0.608712	0.608686	0.608659	0.608818	0.608976	0.609136	0.609296	0.609451	0.609606	0.60931	0.609014	0.608532	0.608049	0.607601	0.607153	0.606827	0.606502	0.606213	0.605925	0.605729	0.605534	0.60537	0.605207	0.605109	0.605012	0.604945	0.604879	0.604861	
0.604811	0.604798	0.604809	0.604821	0.604883	0.604946	0.605034	0.605123	0.605268	0.605413	0.605587	0.60576	0.606006	0.606252	0.606521	0.60679	0.607158	0.607525	0.607841	0.608158	0.608397	0.608636	0.608192	0.607749	0.607102	0.606454	0.605891	0.605327	0.606576	0.607825	0.607744	0.607664	0.607294	0.606924	0.608199	0.609474	0.609837	0.6102	0.610233	0.610267	0.610244	0.610221	0.610193	0.610164	0.610083	0.610002	0.609525	0.609048	0.60854	0.608031	0.607564	0.607098	0.606776	0.606455	0.606159	0.605863	0.605674	0.605485	0.605317	0.605149	0.605056	0.604964	0.604894	0.604824	0.604811	
0.604761	0.604752	0.60476	0.604769	0.604836	0.604903	0.604988	0.605074	0.605225	0.605377	0.605549	0.60572	0.605977	0.606235	0.60651	0.606786	0.607179	0.607572	0.607955	0.608337	0.60876	0.609182	0.608985	0.608787	0.608131	0.607474	0.606487	0.6055	0.60612	0.606741	0.606947	0.607152	0.607324	0.607495	0.609053	0.610611	0.611149	0.611687	0.611781	0.611875	0.61167	0.611466	0.611249	0.611033	0.610715	0.610398	0.60974	0.609082	0.608548	0.608013	0.607528	0.607042	0.606726	0.606409	0.606105	0.605801	0.605618	0.605436	0.605263	0.60509	0.605003	0.604917	0.604843	0.60477	0.604761	
0.604704	0.604689	0.604704	0.604719	0.604779	0.604838	0.604929	0.605021	0.605163	0.605304	0.605482	0.605659	0.605906	0.606152	0.606436	0.60672	0.607108	0.607495	0.607907	0.60832	0.608835	0.60935	0.60946	0.60957	0.609256	0.608942	0.608088	0.607234	0.607348	0.607462	0.607787	0.608112	0.608573	0.609034	0.610462	0.61189	0.612396	0.612903	0.612832	0.612761	0.612425	0.612088	0.611697	0.611305	0.610803	0.6103	0.6096	0.6089	0.60838	0.60786	0.607396	0.606931	0.606616	0.606301	0.606012	0.605723	0.605539	0.605355	0.605193	0.605031	0.60494	0.604849	0.604784	0.604719	0.604704	
0.604647	0.604626	0.604648	0.60467	0.604721	0.604773	0.60487	0.604967	0.6051	0.605232	0.605415	0.605598	0.605834	0.60607	0.606362	0.606655	0.607036	0.607418	0.60786	0.608303	0.60891	0.609517	0.609935	0.610353	0.610381	0.610409	0.609688	0.608968	0.608575	0.608183	0.608627	0.609071	0.609822	0.610573	0.611871	0.613169	0.613643	0.614118	0.613882	0.613647	0.613179	0.612711	0.612144	0.611578	0.61089	0.610202	0.60946	0.608719	0.608213	0.607708	0.607263	0.606819	0.606506	0.606193	0.605919	0.605645	0.60546	0.605274	0.605123	0.604972	0.604877	0.604782	0.604725	0.604668	0.604647	
0.604584	0.604569	0.604587	0.604605	0.604658	0.604712	0.604804	0.604895	0.605027	0.605159	0.605333	0.605507	0.605739	0.605971	0.606252	0.606533	0.606908	0.607283	0.607714	0.608145	0.608747	0.609349	0.609907	0.610466	0.610822	0.611179	0.610936	0.610693	0.610565	0.610437	0.610876	0.611315	0.611941	0.612568	0.613306	0.614044	0.614241	0.614438	0.614082	0.613727	0.613184	0.61264	0.611937	0.611233	0.610532	0.60983	0.609132	0.608434	0.60797	0.607507	0.607075	0.606643	0.606356	0.606069	0.605799	0.60553	0.60536	0.605191	0.60504	0.604889	0.604803	0.604718	0.604659	0.6046	0.604584	
0.604521	0.604512	0.604525	0.604539	0.604595	0.604652	0.604737	0.604823	0.604954	0.605085	0.605251	0.605416	0.605645	0.605873	0.606142	0.606412	0.60678	0.607148	0.607567	0.607987	0.608585	0.609182	0.60988	0.610578	0.611263	0.611948	0.612183	0.612418	0.612554	0.612691	0.613125	0.61356	0.614061	0.614562	0.61474	0.614918	0.614838	0.614757	0.614283	0.613808	0.613188	0.612569	0.611729	0.610889	0.610173	0.609458	0.608803	0.608148	0.607727	0.607306	0.606887	0.606468	0.606206	0.605945	0.605679	0.605414	0.605261	0.605108	0.604956	0.604805	0.604729	0.604654	0.604592	0.604531	0.604521	
0.604463	0.604448	0.604468	0.604488	0.604536	0.604583	0.604672	0.604761	0.60488	0.604999	0.605164	0.605329	0.605539	0.60575	0.606013	0.606276	0.606617	0.606958	0.607363	0.607768	0.608316	0.608865	0.609537	0.61021	0.610974	0.611738	0.612265	0.612792	0.613211	0.61363	0.614194	0.614759	0.615173	0.615588	0.61527	0.614951	0.614709	0.614467	0.613878	0.613289	0.61261	0.61193	0.611123	0.610316	0.60967	0.609025	0.60844	0.607855	0.607462	0.607068	0.606684	0.6063	0.606051	0.605801	0.605558	0.605314	0.605164	0.605013	0.604876	0.604738	0.604661	0.604583	0.604531	0.604478	0.604463	
0.604406	0.604385	0.604411	0.604437	0.604476	0.604515	0.604607	0.6047	0.604806	0.604912	0.605077	0.605243	0.605434	0.605626	0.605884	0.606141	0.606455	0.606768	0.607158	0.607548	0.608048	0.608548	0.609195	0.609842	0.610685	0.611528	0.612347	0.613165	0.613868	0.61457	0.615264	0.615957	0.616286	0.616615	0.615799	0.614984	0.614581	0.614177	0.613474	0.612771	0.612031	0.611291	0.610517	0.609742	0.609167	0.608591	0.608077	0.607562	0.607196	0.60683	0.606481	0.606133	0.605895	0.605658	0.605436	0.605214	0.605066	0.604919	0.604795	0.604672	0.604592	0.604513	0.604469	0.604426	0.604406	
0.604345	0.604331	0.604352	0.604374	0.604414	0.604454	0.604539	0.604624	0.604726	0.604828	0.604981	0.605135	0.605315	0.605495	0.605733	0.605972	0.606261	0.60655	0.606906	0.607262	0.607715	0.608167	0.608725	0.609282	0.610031	0.61078	0.61155	0.612321	0.613087	0.613854	0.614468	0.615082	0.615335	0.615588	0.614843	0.614097	0.613643	0.613188	0.612493	0.611797	0.611151	0.610506	0.609822	0.609138	0.608657	0.608176	0.607701	0.607226	0.606909	0.606591	0.606261	0.60593	0.605723	0.605517	0.605301	0.605086	0.604959	0.604831	0.604708	0.604585	0.604518	0.604451	0.604405	0.60436	0.604345	
0.604285	0.604277	0.604294	0.604311	0.604352	0.604394	0.604471	0.604549	0.604646	0.604743	0.604886	0.605028	0.605196	0.605363	0.605583	0.605802	0.606067	0.606332	0.606654	0.606976	0.607382	0.607787	0.608255	0.608723	0.609377	0.610032	0.610754	0.611476	0.612307	0.613139	0.613673	0.614208	0.614385	0.614562	0.613886	0.61321	0.612705	0.612199	0.611511	0.610823	0.610271	0.60972	0.609127	0.608535	0.608148	0.607762	0.607326	0.60689	0.606621	0.606352	0.60604	0.605727	0.605551	0.605376	0.605167	0.604958	0.604851	0.604743	0.604621	0.604499	0.604444	0.604389	0.604341	0.604293	0.604285	
0.604237	0.604225	0.604246	0.604268	0.604301	0.604335	0.604414	0.604493	0.604578	0.604663	0.604802	0.604942	0.605091	0.60524	0.605448	0.605657	0.605892	0.606128	0.606425	0.606721	0.607076	0.607431	0.607845	0.608258	0.608796	0.609333	0.609927	0.610521	0.611195	0.611869	0.612319	0.612769	0.612861	0.612953	0.61246	0.611966	0.611545	0.611124	0.610547	0.609971	0.609517	0.609064	0.608563	0.608062	0.607722	0.607383	0.606999	0.606615	0.606371	0.606127	0.605848	0.605569	0.605405	0.60524	0.605053	0.604866	0.604761	0.604657	0.604549	0.604441	0.604384	0.604328	0.604289	0.60425	0.604237	
0.604189	0.604172	0.604198	0.604225	0.60425	0.604276	0.604357	0.604437	0.60451	0.604582	0.604719	0.604855	0.604986	0.605116	0.605314	0.605512	0.605718	0.605923	0.606195	0.606467	0.606771	0.607075	0.607434	0.607794	0.608215	0.608635	0.609101	0.609567	0.610083	0.610599	0.610965	0.611331	0.611337	0.611343	0.611033	0.610723	0.610386	0.610049	0.609584	0.609119	0.608763	0.608408	0.607998	0.607589	0.607296	0.607004	0.606672	0.60634	0.606121	0.605902	0.605657	0.605411	0.605258	0.605104	0.604939	0.604773	0.604672	0.604571	0.604477	0.604383	0.604325	0.604267	0.604237	0.604206	0.604189	
0.604144	0.604133	0.604155	0.604176	0.604202	0.604228	0.604301	0.604375	0.604441	0.604508	0.604634	0.60476	0.604876	0.604991	0.605173	0.605355	0.605535	0.605714	0.605958	0.606202	0.606464	0.606726	0.607037	0.607347	0.6077	0.608052	0.608421	0.608791	0.609195	0.609599	0.609869	0.61014	0.610163	0.610186	0.609944	0.609703	0.609453	0.609204	0.608819	0.608434	0.608154	0.607874	0.607509	0.607144	0.606907	0.60667	0.606363	0.606057	0.605878	0.6057	0.605467	0.605234	0.605109	0.604984	0.604823	0.604662	0.604581	0.604499	0.604405	0.604311	0.604266	0.604221	0.604188	0.604154	0.604144	
0.604098	0.604094	0.604111	0.604127	0.604154	0.60418	0.604246	0.604313	0.604373	0.604433	0.604548	0.604664	0.604765	0.604866	0.605032	0.605197	0.605351	0.605506	0.605722	0.605938	0.606157	0.606377	0.606639	0.6069	0.607185	0.607469	0.607742	0.608015	0.608307	0.608599	0.608774	0.608949	0.608988	0.609028	0.608856	0.608683	0.608521	0.608359	0.608055	0.60775	0.607545	0.60734	0.607019	0.606699	0.606517	0.606335	0.606055	0.605774	0.605636	0.605498	0.605277	0.605056	0.60496	0.604864	0.604707	0.60455	0.604489	0.604428	0.604333	0.604239	0.604207	0.604175	0.604138	0.604102	0.604098	
0.604065	0.604058	0.604078	0.604098	0.604118	0.604138	0.604204	0.604271	0.604321	0.604372	0.604483	0.604595	0.604681	0.604768	0.604923	0.605078	0.60521	0.605342	0.605538	0.605734	0.605919	0.606104	0.606331	0.606557	0.606793	0.607028	0.607251	0.607473	0.607707	0.60794	0.608068	0.608196	0.608231	0.608266	0.608133	0.608	0.607872	0.607745	0.607495	0.607246	0.607077	0.606907	0.606637	0.606366	0.60621	0.606053	0.605811	0.605569	0.605445	0.605321	0.605128	0.604935	0.604845	0.604755	0.604618	0.60448	0.60442	0.604361	0.604279	0.604197	0.604164	0.604131	0.604102	0.604073	0.604065	
0.604032	0.604021	0.604045	0.604069	0.604082	0.604096	0.604163	0.604229	0.60427	0.604311	0.604418	0.604525	0.604598	0.60467	0.604815	0.604959	0.605069	0.605179	0.605354	0.605529	0.60568	0.605831	0.606022	0.606214	0.606401	0.606588	0.606759	0.606931	0.607107	0.607282	0.607363	0.607443	0.607474	0.607504	0.607411	0.607317	0.607224	0.60713	0.606936	0.606742	0.606608	0.606475	0.606254	0.606033	0.605902	0.605771	0.605568	0.605364	0.605254	0.605144	0.604979	0.604814	0.60473	0.604646	0.604528	0.60441	0.604352	0.604293	0.604224	0.604155	0.604121	0.604086	0.604065	0.604044	0.604032	
0.604007	0.604002	0.604021	0.60404	0.604053	0.604067	0.604127	0.604188	0.604221	0.604255	0.604354	0.604454	0.604511	0.604568	0.604702	0.604836	0.604921	0.605007	0.605166	0.605326	0.605442	0.605558	0.605726	0.605893	0.606037	0.606181	0.606321	0.606461	0.6066	0.60674	0.606793	0.606847	0.606887	0.606928	0.606837	0.606746	0.606696	0.606646	0.606471	0.606295	0.606209	0.606123	0.605919	0.605715	0.605626	0.605536	0.605343	0.605151	0.605074	0.604997	0.604836	0.604676	0.604618	0.60456	0.604442	0.604325	0.604286	0.604247	0.604176	0.604105	0.604083	0.604061	0.604036	0.604012	0.604007	
0.603981	0.603983	0.603997	0.604011	0.604024	0.604037	0.604092	0.604146	0.604172	0.604198	0.60429	0.604382	0.604424	0.604466	0.604589	0.604712	0.604773	0.604834	0.604978	0.605122	0.605204	0.605285	0.605429	0.605572	0.605673	0.605774	0.605883	0.605992	0.606094	0.606197	0.606224	0.60625	0.606301	0.606352	0.606263	0.606174	0.606168	0.606162	0.606005	0.605848	0.605809	0.60577	0.605584	0.605398	0.60535	0.605302	0.605119	0.604937	0.604893	0.604849	0.604694	0.604539	0.604506	0.604474	0.604357	0.60424	0.60422	0.6042	0.604127	0.604054	0.604045	0.604037	0.604008	0.603979	0.603981	
0.603964	0.603963	0.603979	0.603995	0.604005	0.604014	0.604067	0.60412	0.60414	0.604161	0.604247	0.604333	0.604366	0.6044	0.604512	0.604625	0.604673	0.604721	0.604848	0.604975	0.605037	0.6051	0.605219	0.605339	0.605419	0.6055	0.605574	0.605648	0.605743	0.605837	0.605823	0.605808	0.60586	0.605911	0.605836	0.60576	0.605768	0.605776	0.605651	0.605525	0.605501	0.605477	0.605326	0.605175	0.605136	0.605097	0.604947	0.604797	0.604757	0.604716	0.604586	0.604456	0.604424	0.604392	0.604294	0.604195	0.604174	0.604153	0.604092	0.60403	0.60402	0.604009	0.603987	0.603965	0.603964	
0.603947	0.603943	0.603962	0.60398	0.603985	0.603991	0.604042	0.604093	0.604108	0.604123	0.604203	0.604284	0.604309	0.604334	0.604436	0.604537	0.604573	0.604608	0.604718	0.604827	0.604871	0.604915	0.60501	0.605105	0.605165	0.605225	0.605265	0.605304	0.605391	0.605478	0.605422	0.605366	0.605418	0.605471	0.605408	0.605346	0.605368	0.605389	0.605296	0.605203	0.605193	0.605184	0.605068	0.604953	0.604923	0.604893	0.604775	0.604657	0.60462	0.604584	0.604479	0.604374	0.604342	0.60431	0.60423	0.60415	0.604128	0.604105	0.604056	0.604007	0.603994	0.603981	0.603966	0.603951	0.603947	
0.603941	0.603944	0.603957	0.603971	0.603975	0.603979	0.604026	0.604073	0.604079	0.604085	0.604161	0.604237	0.604245	0.604254	0.60435	0.604447	0.604457	0.604466	0.60457	0.604674	0.604682	0.60469	0.60478	0.60487	0.604883	0.604896	0.604936	0.604975	0.604999	0.605023	0.60495	0.604876	0.604947	0.605018	0.604938	0.604858	0.604963	0.605069	0.604967	0.604865	0.604905	0.604945	0.604828	0.604711	0.604721	0.604731	0.604612	0.604493	0.604488	0.604484	0.604377	0.60427	0.604264	0.604258	0.604174	0.60409	0.604087	0.604084	0.604031	0.603977	0.603978	0.603978	0.603958	0.603938	0.603941	
0.603934	0.603944	0.603953	0.603961	0.603965	0.603968	0.60401	0.604053	0.60405	0.604048	0.604119	0.60419	0.604182	0.604174	0.604265	0.604356	0.60434	0.604324	0.604423	0.604521	0.604493	0.604464	0.60455	0.604636	0.604602	0.604567	0.604606	0.604645	0.604606	0.604567	0.604477	0.604387	0.604476	0.604565	0.604468	0.604371	0.604559	0.604748	0.604638	0.604528	0.604617	0.604705	0.604587	0.604469	0.604519	0.60457	0.604449	0.604329	0.604357	0.604384	0.604275	0.604166	0.604185	0.604205	0.604117	0.60403	0.604047	0.604064	0.604005	0.603947	0.603961	0.603975	0.60395	0.603925	0.603934	
0.603931	0.603938	0.603948	0.603958	0.603959	0.60396	0.604	0.60404	0.604036	0.604031	0.604095	0.604158	0.604148	0.604138	0.604215	0.604293	0.604274	0.604254	0.604333	0.604412	0.604379	0.604346	0.60441	0.604473	0.604443	0.604414	0.604401	0.604388	0.604343	0.604299	0.60424	0.604182	0.60428	0.604377	0.604292	0.604207	0.604322	0.604436	0.604381	0.604325	0.604405	0.604485	0.604406	0.604326	0.604368	0.604411	0.604325	0.60424	0.60426	0.60428	0.604198	0.604116	0.60413	0.604143	0.604075	0.604007	0.604019	0.604031	0.603985	0.603939	0.60395	0.603961	0.603942	0.603924	0.603931	
0.603927	0.603931	0.603943	0.603955	0.603954	0.603953	0.60399	0.604028	0.604021	0.604014	0.60407	0.604126	0.604114	0.604101	0.604166	0.60423	0.604207	0.604184	0.604244	0.604304	0.604266	0.604228	0.604269	0.60431	0.604285	0.604261	0.604196	0.604131	0.604081	0.60403	0.604004	0.603978	0.604084	0.60419	0.604117	0.604044	0.604084	0.604124	0.604123	0.604122	0.604194	0.604265	0.604224	0.604182	0.604217	0.604253	0.604201	0.60415	0.604163	0.604176	0.604122	0.604067	0.604074	0.604082	0.604032	0.603983	0.603991	0.603999	0.603965	0.603932	0.603939	0.603946	0.603934	0.603922	0.603927	
0.603937	0.603948	0.603955	0.603963	0.60396	0.603958	0.603991	0.604024	0.604009	0.603994	0.604046	0.604098	0.604068	0.604038	0.604101	0.604163	0.604111	0.604058	0.604122	0.604185	0.604097	0.604008	0.604064	0.604121	0.604008	0.603894	0.603848	0.603801	0.603792	0.603782	0.603892	0.604002	0.604094	0.604186	0.604027	0.603867	0.603836	0.603805	0.603816	0.603827	0.603957	0.604088	0.604029	0.60397	0.604055	0.60414	0.604076	0.604012	0.604063	0.604115	0.60405	0.603985	0.604021	0.604057	0.604	0.603943	0.603972	0.604	0.60396	0.603919	0.60394	0.603961	0.603944	0.603926	0.603937	
0.603946	0.603964	0.603967	0.60397	0.603966	0.603963	0.603991	0.60402	0.603997	0.603973	0.604021	0.604069	0.604022	0.603975	0.604036	0.604097	0.604014	0.603931	0.603999	0.604067	0.603927	0.603787	0.60386	0.603932	0.60373	0.603528	0.6035	0.603472	0.603503	0.603534	0.603781	0.604027	0.604105	0.604183	0.603936	0.603689	0.603587	0.603486	0.603508	0.603531	0.603721	0.60391	0.603834	0.603757	0.603893	0.604028	0.603951	0.603873	0.603963	0.604053	0.603978	0.603903	0.603968	0.604033	0.603968	0.603903	0.603952	0.604002	0.603954	0.603907	0.603942	0.603976	0.603953	0.603929	0.603946	
0.603954	0.603968	0.603972	0.603977	0.603972	0.603968	0.603993	0.604019	0.603996	0.603972	0.604013	0.604053	0.604006	0.603959	0.604007	0.604055	0.60397	0.603884	0.603937	0.603989	0.603841	0.603693	0.603755	0.603816	0.603603	0.603391	0.603379	0.603367	0.603715	0.604063	0.604475	0.604887	0.604871	0.604855	0.604474	0.604092	0.60371	0.603327	0.603366	0.603405	0.603572	0.603739	0.603701	0.603663	0.603781	0.603899	0.603859	0.603818	0.603893	0.603968	0.603923	0.603879	0.603932	0.603985	0.603942	0.603898	0.603939	0.603981	0.603947	0.603913	0.603943	0.603972	0.603956	0.603939	0.603954	
0.603961	0.603973	0.603978	0.603984	0.603978	0.603972	0.603996	0.604019	0.603995	0.603972	0.604005	0.604037	0.60399	0.603943	0.603978	0.604013	0.603925	0.603837	0.603874	0.603911	0.603755	0.603599	0.603649	0.603699	0.603477	0.603255	0.603259	0.603263	0.603927	0.604592	0.60517	0.605748	0.605637	0.605527	0.605011	0.604496	0.603832	0.603169	0.603224	0.603279	0.603424	0.603569	0.603569	0.603568	0.603669	0.60377	0.603766	0.603762	0.603823	0.603883	0.603868	0.603854	0.603896	0.603937	0.603915	0.603893	0.603927	0.60396	0.60394	0.60392	0.603944	0.603968	0.603959	0.603949	0.603961	
0.603984	0.604002	0.604003	0.604004	0.603998	0.603992	0.60401	0.604029	0.603997	0.603966	0.603996	0.604025	0.60396	0.603895	0.603931	0.603967	0.603845	0.603722	0.603774	0.603827	0.603599	0.603371	0.603482	0.603594	0.603198	0.602802	0.602981	0.60316	0.603644	0.604129	0.604546	0.604963	0.604828	0.604693	0.60433	0.603967	0.603489	0.60301	0.602933	0.602855	0.603153	0.603452	0.603395	0.603337	0.603516	0.603695	0.603665	0.603634	0.603742	0.60385	0.603819	0.603789	0.603863	0.603937	0.603903	0.60387	0.603925	0.603981	0.603951	0.603922	0.60396	0.603999	0.603982	0.603966	0.603984	
0.604007	0.604032	0.604028	0.604025	0.604018	0.604011	0.604025	0.604039	0.604	0.60396	0.603986	0.604013	0.60393	0.603846	0.603884	0.603921	0.603764	0.603608	0.603675	0.603742	0.603442	0.603142	0.603315	0.603488	0.602919	0.602349	0.602703	0.603057	0.603361	0.603666	0.603922	0.604178	0.604019	0.60386	0.603649	0.603439	0.603145	0.602852	0.602641	0.602431	0.602883	0.603335	0.603221	0.603106	0.603363	0.603619	0.603563	0.603507	0.603661	0.603816	0.60377	0.603724	0.60383	0.603937	0.603891	0.603846	0.603924	0.604001	0.603963	0.603924	0.603977	0.60403	0.604006	0.603982	0.604007	
0.604024	0.604045	0.604043	0.604041	0.604033	0.604025	0.604038	0.60405	0.604011	0.603972	0.603992	0.604011	0.603929	0.603846	0.60387	0.603894	0.603735	0.603576	0.603626	0.603676	0.603368	0.60306	0.603219	0.603378	0.602799	0.60222	0.602549	0.602878	0.603085	0.603292	0.603956	0.60462	0.603926	0.603233	0.60325	0.603267	0.602948	0.602629	0.602496	0.602363	0.602769	0.603175	0.603113	0.603051	0.603276	0.6035	0.603491	0.603483	0.603612	0.603741	0.603733	0.603724	0.603812	0.603899	0.603879	0.603859	0.603925	0.60399	0.603967	0.603944	0.603989	0.604033	0.604018	0.604003	0.604024	
0.60404	0.604057	0.604057	0.604057	0.604048	0.604039	0.60405	0.604061	0.604023	0.603984	0.603997	0.60401	0.603928	0.603846	0.603857	0.603867	0.603706	0.603545	0.603577	0.60361	0.603294	0.602978	0.603123	0.603268	0.60268	0.602091	0.602395	0.602699	0.602808	0.60258	0.603397	0.603371	0.602581	0.601952	0.60297	0.603343	0.602823	0.602406	0.60235	0.602294	0.602655	0.603015	0.603006	0.602996	0.603188	0.603381	0.60342	0.603459	0.603563	0.603666	0.603696	0.603725	0.603794	0.603862	0.603868	0.603873	0.603926	0.603978	0.603971	0.603963	0.604	0.604037	0.60403	0.604023	0.60404	
0.604076	0.6041	0.604094	0.604088	0.60408	0.604073	0.604078	0.604084	0.60404	0.603996	0.604004	0.604012	0.603917	0.603822	0.603827	0.603833	0.603647	0.60346	0.603498	0.603535	0.603168	0.602802	0.603006	0.603211	0.602452	0.601692	0.602053	0.602413	0.602817	0.602134	0.601783	0.599141	0.597995	0.599317	0.602668	0.603412	0.602724	0.602656	0.602225	0.601795	0.602382	0.602969	0.602869	0.602768	0.603044	0.603319	0.603333	0.603346	0.603498	0.60365	0.603664	0.603678	0.603781	0.603883	0.603874	0.603866	0.603942	0.604018	0.603998	0.603979	0.604031	0.604083	0.604067	0.604051	0.604076	
0.604111	0.604144	0.604132	0.604119	0.604113	0.604106	0.604107	0.604107	0.604058	0.604008	0.604011	0.604014	0.603905	0.603797	0.603798	0.6038	0.603588	0.603376	0.603418	0.60346	0.603043	0.602626	0.60289	0.603154	0.602223	0.601293	0.60171	0.602128	0.602825	0.602899	0.60217	0.594975	0.592272	0.597985	0.603985	0.603493	0.602397	0.602906	0.602101	0.601295	0.602109	0.602923	0.602732	0.60254	0.602899	0.603257	0.603245	0.603233	0.603434	0.603634	0.603633	0.603631	0.603767	0.603903	0.603881	0.603859	0.603958	0.604057	0.604026	0.603995	0.604062	0.604129	0.604104	0.604078	0.604111	
0.604136	0.604163	0.604155	0.604147	0.604138	0.604129	0.60413	0.604131	0.604081	0.604031	0.604029	0.604028	0.603918	0.603808	0.603795	0.603783	0.603561	0.60334	0.60336	0.60338	0.602935	0.60249	0.602731	0.602972	0.601934	0.600897	0.601325	0.601752	0.603671	0.605286	0.604129	0.590263	0.588693	0.599143	0.606566	0.604514	0.602419	0.603105	0.60212	0.601135	0.601962	0.602789	0.602651	0.602512	0.602826	0.60314	0.603192	0.603244	0.603407	0.603569	0.603615	0.603661	0.603771	0.60388	0.603887	0.603894	0.603975	0.604057	0.604043	0.604028	0.604085	0.604141	0.604125	0.604109	0.604136	
0.604161	0.604182	0.604178	0.604174	0.604163	0.604152	0.604153	0.604155	0.604104	0.604053	0.604047	0.604041	0.60393	0.603819	0.603792	0.603766	0.603535	0.603304	0.603302	0.6033	0.602827	0.602355	0.602572	0.60279	0.601645	0.600501	0.600939	0.601376	0.604517	0.608478	0.609718	0.603432	0.615753	0.625366	0.608864	0.606789	0.60347	0.603304	0.60214	0.600975	0.601815	0.602656	0.60257	0.602484	0.602754	0.603023	0.603139	0.603254	0.603379	0.603505	0.603598	0.603691	0.603774	0.603856	0.603893	0.603929	0.603993	0.604057	0.604059	0.604062	0.604108	0.604154	0.604146	0.604139	0.604161	
0.604208	0.604238	0.604227	0.604216	0.604208	0.604201	0.604197	0.604192	0.604142	0.604092	0.604077	0.604062	0.60395	0.603837	0.603791	0.603746	0.603519	0.603293	0.603242	0.603191	0.602758	0.602324	0.602413	0.602502	0.60155	0.600597	0.600679	0.600761	0.60537	0.612139	0.618131	0.627926	0.630362	0.659049	0.618875	0.605853	0.603839	0.602671	0.601627	0.600583	0.601494	0.602404	0.602341	0.602279	0.602603	0.602928	0.603049	0.60317	0.603337	0.603504	0.60359	0.603677	0.603789	0.603901	0.603923	0.603945	0.604031	0.604116	0.604105	0.604094	0.604154	0.604214	0.604196	0.604178	0.604208	
0.604256	0.604294	0.604276	0.604258	0.604254	0.60425	0.60424	0.60423	0.60418	0.60413	0.604107	0.604083	0.603969	0.603856	0.60379	0.603725	0.603503	0.603282	0.603182	0.603083	0.602688	0.602294	0.602254	0.602214	0.601454	0.600693	0.60042	0.600146	0.606223	0.61436	0.619361	0.613345	0.613261	0.6103	0.602839	0.601261	0.602649	0.602039	0.601115	0.600192	0.601172	0.602153	0.602113	0.602074	0.602453	0.602833	0.602959	0.603086	0.603294	0.603503	0.603582	0.603662	0.603804	0.603945	0.603954	0.603962	0.604069	0.604176	0.604151	0.604126	0.6042	0.604275	0.604246	0.604218	0.604256	
0.604289	0.604321	0.604308	0.604295	0.604288	0.604282	0.604275	0.604269	0.604217	0.604165	0.604142	0.604119	0.604	0.603881	0.603808	0.603735	0.603494	0.603252	0.603133	0.603013	0.602565	0.602118	0.602036	0.601954	0.601168	0.600382	0.600053	0.599723	0.60421	0.609067	0.607795	0.609553	0.618526	0.607436	0.59842	0.596906	0.601103	0.601011	0.600785	0.600559	0.60121	0.60186	0.601973	0.602085	0.6024	0.602716	0.602914	0.603113	0.603289	0.603465	0.60359	0.603715	0.603832	0.603948	0.603983	0.604018	0.604106	0.604194	0.604184	0.604173	0.604236	0.604298	0.604278	0.604258	0.604289	
0.604323	0.604348	0.60434	0.604332	0.604323	0.604313	0.60431	0.604307	0.604254	0.6042	0.604177	0.604155	0.604031	0.603907	0.603826	0.603745	0.603484	0.603223	0.603083	0.602943	0.602442	0.601941	0.601817	0.601693	0.600882	0.600071	0.599686	0.599301	0.602196	0.600246	0.594289	0.59318	0.59797	0.596044	0.59183	0.595052	0.599796	0.599983	0.600455	0.600927	0.601247	0.601567	0.601832	0.602097	0.602348	0.602599	0.602869	0.60314	0.603284	0.603428	0.603598	0.603768	0.60386	0.603951	0.604013	0.604074	0.604143	0.604212	0.604217	0.604221	0.604271	0.604321	0.604309	0.604297	0.604323	
0.604381	0.604414	0.604399	0.604383	0.604381	0.604379	0.60437	0.604362	0.604315	0.604268	0.604239	0.60421	0.604093	0.603977	0.603881	0.603786	0.603535	0.603284	0.603114	0.602944	0.602432	0.60192	0.601829	0.601737	0.600877	0.600016	0.599801	0.599585	0.601654	0.597221	0.591042	0.588326	0.587574	0.584348	0.585686	0.593504	0.598792	0.600126	0.600657	0.601189	0.601304	0.601418	0.60172	0.602022	0.602293	0.602565	0.602852	0.60314	0.60331	0.60348	0.603645	0.60381	0.603922	0.604033	0.60408	0.604126	0.60421	0.604294	0.604283	0.604272	0.604333	0.604394	0.604371	0.604348	0.604381	
0.604439	0.604481	0.604458	0.604435	0.60444	0.604445	0.60443	0.604416	0.604376	0.604336	0.604301	0.604265	0.604156	0.604047	0.603937	0.603827	0.603586	0.603346	0.603145	0.602944	0.602422	0.6019	0.60184	0.601781	0.600871	0.599961	0.599915	0.599869	0.601111	0.600792	0.597239	0.592451	0.584725	0.577347	0.583249	0.592841	0.598502	0.600269	0.60086	0.601451	0.60136	0.601269	0.601609	0.601948	0.602239	0.602531	0.602835	0.60314	0.603336	0.603532	0.603692	0.603852	0.603984	0.604115	0.604146	0.604177	0.604276	0.604375	0.60435	0.604324	0.604395	0.604466	0.604432	0.604398	0.604439	
0.604479	0.604513	0.604496	0.604479	0.604482	0.604484	0.604476	0.604468	0.604427	0.604387	0.604358	0.60433	0.604217	0.604103	0.603994	0.603885	0.603632	0.603379	0.603153	0.602926	0.602398	0.601869	0.601679	0.601489	0.600646	0.599803	0.599724	0.599645	0.601034	0.602898	0.601558	0.594489	0.582058	0.579317	0.584623	0.594598	0.599708	0.600464	0.60075	0.601035	0.601003	0.600971	0.601355	0.601739	0.602085	0.60243	0.602785	0.60314	0.603344	0.603548	0.603733	0.603917	0.60404	0.604163	0.604207	0.60425	0.604334	0.604419	0.604401	0.604383	0.604442	0.604501	0.604473	0.604445	0.604479	
0.604519	0.604546	0.604535	0.604524	0.604523	0.604523	0.604522	0.60452	0.604479	0.604437	0.604416	0.604394	0.604277	0.60416	0.604051	0.603943	0.603678	0.603412	0.603161	0.602909	0.602374	0.601839	0.601518	0.601197	0.600421	0.599645	0.599533	0.599421	0.600957	0.601741	0.60013	0.590605	0.579707	0.577578	0.588605	0.599131	0.602	0.60066	0.60064	0.60062	0.600646	0.600672	0.601101	0.601531	0.60193	0.60233	0.602734	0.603139	0.603352	0.603564	0.603773	0.603982	0.604096	0.604211	0.604267	0.604323	0.604392	0.604462	0.604452	0.604442	0.604489	0.604536	0.604514	0.604492	0.604519	
0.604583	0.604616	0.604598	0.60458	0.604589	0.604599	0.604593	0.604588	0.60456	0.604533	0.604509	0.604484	0.604386	0.604288	0.604172	0.604056	0.603817	0.603579	0.603286	0.602992	0.6025	0.602008	0.601532	0.601056	0.600457	0.599859	0.599361	0.598862	0.600268	0.600695	0.596094	0.584677	0.575301	0.574429	0.587306	0.599713	0.602345	0.60229	0.601662	0.601034	0.600798	0.600562	0.601027	0.601491	0.601907	0.602323	0.602768	0.603213	0.60345	0.603687	0.603885	0.604084	0.604211	0.604339	0.604373	0.604407	0.604485	0.604563	0.604536	0.60451	0.604562	0.604614	0.604582	0.60455	0.604583	
0.604647	0.604685	0.604661	0.604637	0.604656	0.604675	0.604665	0.604655	0.604642	0.604629	0.604602	0.604574	0.604495	0.604416	0.604292	0.604168	0.603957	0.603746	0.603411	0.603076	0.602627	0.602177	0.601546	0.600915	0.600494	0.600073	0.599188	0.598303	0.599579	0.600855	0.594868	0.583322	0.577445	0.579117	0.587203	0.597416	0.601459	0.60392	0.602685	0.601449	0.600951	0.600452	0.600952	0.601452	0.601884	0.602317	0.602802	0.603286	0.603548	0.60381	0.603998	0.604185	0.604326	0.604467	0.604479	0.604492	0.604578	0.604664	0.604621	0.604578	0.604635	0.604692	0.60465	0.604609	0.604647	
0.604688	0.604718	0.6047	0.604681	0.604698	0.604715	0.604714	0.604713	0.604702	0.604692	0.604676	0.604661	0.604585	0.604509	0.604396	0.604284	0.604064	0.603844	0.603499	0.603154	0.602675	0.602197	0.601467	0.600738	0.600247	0.599757	0.598422	0.597087	0.598311	0.599535	0.595382	0.58917	0.58656	0.587918	0.5928	0.598397	0.601783	0.603706	0.602091	0.600477	0.600211	0.599945	0.600454	0.600963	0.601562	0.602161	0.60271	0.603259	0.603575	0.603891	0.604087	0.604283	0.604421	0.604558	0.604573	0.604588	0.604657	0.604725	0.604686	0.604646	0.604689	0.604731	0.604694	0.604657	0.604688	
0.604728	0.604751	0.604739	0.604726	0.604741	0.604756	0.604764	0.604772	0.604763	0.604754	0.604751	0.604748	0.604675	0.604602	0.6045	0.604399	0.60417	0.603942	0.603586	0.603231	0.602724	0.602217	0.601389	0.60056	0.600001	0.599441	0.597656	0.595871	0.597043	0.598214	0.595896	0.593577	0.594522	0.595466	0.598208	0.600951	0.602221	0.603492	0.601498	0.599504	0.599471	0.599437	0.599956	0.600475	0.60124	0.602005	0.602619	0.603232	0.603602	0.603972	0.604177	0.604382	0.604516	0.60465	0.604667	0.604684	0.604736	0.604787	0.604751	0.604715	0.604742	0.60477	0.604738	0.604705	0.604728	
0.604786	0.604813	0.604796	0.604778	0.604804	0.604829	0.604835	0.604841	0.604851	0.604862	0.604861	0.60486	0.604814	0.604768	0.604672	0.604576	0.604375	0.604174	0.603808	0.603443	0.602978	0.602514	0.601684	0.600853	0.600404	0.599955	0.59799	0.596024	0.596541	0.597058	0.596643	0.596228	0.596879	0.59753	0.600119	0.602708	0.603428	0.604148	0.602272	0.600395	0.599985	0.599575	0.60008	0.600584	0.601302	0.602019	0.60269	0.603362	0.60376	0.604158	0.604354	0.604549	0.604681	0.604813	0.604807	0.604801	0.604848	0.604895	0.604842	0.60479	0.604817	0.604843	0.604801	0.604759	0.604786	
0.604844	0.604875	0.604852	0.60483	0.604866	0.604902	0.604906	0.60491	0.604939	0.604969	0.604971	0.604972	0.604953	0.604934	0.604843	0.604752	0.60458	0.604407	0.60403	0.603654	0.603233	0.602811	0.601979	0.601146	0.600808	0.60047	0.598324	0.596178	0.59604	0.595901	0.59739	0.598879	0.599236	0.599593	0.602029	0.604465	0.604635	0.604805	0.603045	0.601286	0.6005	0.599714	0.600204	0.600693	0.601363	0.602033	0.602762	0.603492	0.603918	0.604345	0.60453	0.604715	0.604845	0.604975	0.604946	0.604917	0.60496	0.605004	0.604934	0.604865	0.604891	0.604916	0.604865	0.604813	0.604844	
0.604875	0.604898	0.604882	0.604866	0.6049	0.604934	0.604948	0.604963	0.604997	0.60503	0.605049	0.605067	0.605058	0.605049	0.604983	0.604917	0.604755	0.604592	0.604232	0.603871	0.603425	0.602978	0.602246	0.601513	0.601262	0.60101	0.5991	0.59719	0.596252	0.595314	0.595905	0.596496	0.597336	0.598177	0.599431	0.600685	0.602614	0.604543	0.60221	0.599877	0.599647	0.599418	0.599923	0.600429	0.601243	0.602058	0.602812	0.603566	0.604045	0.604525	0.604707	0.604888	0.604998	0.605108	0.60507	0.605032	0.605052	0.605072	0.605001	0.604931	0.60494	0.60495	0.604901	0.604852	0.604875	
0.604906	0.60492	0.604911	0.604901	0.604934	0.604966	0.604991	0.605016	0.605054	0.605091	0.605127	0.605162	0.605163	0.605165	0.605123	0.605082	0.60493	0.604778	0.604433	0.604088	0.603617	0.603145	0.602513	0.60188	0.601716	0.601551	0.599877	0.598203	0.596465	0.594728	0.59442	0.594112	0.595436	0.59676	0.596832	0.596904	0.600592	0.60428	0.601374	0.598468	0.598795	0.599122	0.599643	0.600164	0.601123	0.602083	0.602861	0.60364	0.604173	0.604706	0.604883	0.605061	0.60515	0.60524	0.605194	0.605148	0.605144	0.605141	0.605069	0.604997	0.60499	0.604984	0.604938	0.604892	0.604906	
0.604945	0.604962	0.604949	0.604935	0.604978	0.60502	0.605046	0.605072	0.605129	0.605187	0.605229	0.605272	0.605306	0.60534	0.605316	0.605291	0.605175	0.605059	0.604717	0.604376	0.603911	0.603446	0.602959	0.602473	0.602401	0.602329	0.601145	0.599962	0.598008	0.596053	0.595186	0.594319	0.596296	0.598273	0.600275	0.602277	0.602137	0.601998	0.599893	0.597788	0.598452	0.599117	0.599809	0.6005	0.601412	0.602323	0.603122	0.603921	0.60445	0.604979	0.605136	0.605293	0.605358	0.605423	0.605348	0.605273	0.605256	0.605239	0.60515	0.60506	0.60505	0.605039	0.604984	0.604929	0.604945	
0.604984	0.605004	0.604987	0.60497	0.605022	0.605075	0.605102	0.605128	0.605205	0.605282	0.605332	0.605382	0.605449	0.605516	0.605509	0.605501	0.605421	0.60534	0.605002	0.604663	0.604204	0.603746	0.603406	0.603066	0.603086	0.603107	0.602414	0.601721	0.59955	0.597379	0.595953	0.594526	0.597156	0.599786	0.603718	0.60765	0.603683	0.599716	0.598412	0.597108	0.59811	0.599111	0.599974	0.600837	0.6017	0.602564	0.603383	0.604203	0.604727	0.605252	0.605389	0.605526	0.605566	0.605606	0.605502	0.605398	0.605368	0.605338	0.605231	0.605123	0.605109	0.605094	0.60503	0.604965	0.604984	
0.604995	0.605006	0.604996	0.604985	0.605035	0.605085	0.605123	0.605162	0.605243	0.605324	0.605393	0.605462	0.605543	0.605624	0.605649	0.605673	0.605623	0.605572	0.605251	0.604929	0.604484	0.604038	0.603748	0.603457	0.603654	0.603851	0.60356	0.60327	0.601614	0.599958	0.597808	0.595659	0.598518	0.601377	0.603859	0.60634	0.602603	0.598865	0.597872	0.596879	0.597969	0.599059	0.60004	0.601021	0.601993	0.602966	0.603778	0.604591	0.605079	0.605567	0.605662	0.605758	0.605754	0.60575	0.605628	0.605506	0.605449	0.605392	0.605281	0.60517	0.605139	0.605108	0.605047	0.604985	0.604995	
0.605006	0.605008	0.605004	0.605001	0.605048	0.605095	0.605145	0.605195	0.60528	0.605366	0.605454	0.605542	0.605637	0.605733	0.605789	0.605845	0.605824	0.605804	0.6055	0.605195	0.604763	0.604331	0.60409	0.603849	0.604222	0.604595	0.604706	0.604818	0.603677	0.602537	0.599664	0.596792	0.599879	0.602967	0.603999	0.60503	0.601522	0.598014	0.597332	0.59665	0.597829	0.599007	0.600106	0.601205	0.602287	0.603368	0.604173	0.604978	0.605431	0.605883	0.605936	0.605989	0.605941	0.605893	0.605753	0.605613	0.605529	0.605445	0.60533	0.605216	0.605169	0.605122	0.605063	0.605004	0.605006	
0.605016	0.60502	0.605014	0.605008	0.605064	0.60512	0.605171	0.605222	0.605325	0.605428	0.605524	0.605621	0.605749	0.605878	0.605959	0.60604	0.606071	0.606102	0.605817	0.605532	0.605103	0.604673	0.604416	0.604158	0.604668	0.605178	0.605505	0.605831	0.605425	0.605019	0.602141	0.599263	0.6014	0.603537	0.603888	0.604239	0.60137	0.5985	0.598071	0.597641	0.598638	0.599636	0.600779	0.601923	0.602962	0.604001	0.604764	0.605527	0.605896	0.606264	0.606251	0.606237	0.606146	0.606055	0.605881	0.605707	0.605609	0.60551	0.605378	0.605247	0.605197	0.605146	0.605079	0.605012	0.605016	
0.605026	0.605033	0.605023	0.605014	0.605079	0.605144	0.605196	0.605249	0.60537	0.60549	0.605595	0.6057	0.605862	0.606023	0.60613	0.606236	0.606318	0.606399	0.606134	0.605869	0.605442	0.605015	0.604742	0.604468	0.605115	0.605762	0.606303	0.606843	0.607172	0.607501	0.604617	0.601734	0.602921	0.604108	0.603778	0.603448	0.601218	0.598987	0.598809	0.598631	0.599448	0.600265	0.601453	0.602641	0.603637	0.604633	0.605354	0.606075	0.60636	0.606646	0.606565	0.606484	0.606351	0.606217	0.60601	0.605802	0.605688	0.605574	0.605426	0.605278	0.605224	0.60517	0.605094	0.605019	0.605026	
0.605009	0.605007	0.605005	0.605003	0.605064	0.605125	0.605188	0.605251	0.605373	0.605494	0.605616	0.605738	0.605911	0.606084	0.606223	0.606362	0.606488	0.606613	0.606408	0.606202	0.605787	0.605373	0.604959	0.604545	0.605149	0.605753	0.606437	0.60712	0.608068	0.609017	0.606422	0.603828	0.60433	0.604832	0.604441	0.60405	0.60219	0.60033	0.600206	0.600082	0.600729	0.601376	0.602485	0.603595	0.604522	0.60545	0.606062	0.606673	0.606831	0.606988	0.606828	0.606669	0.606487	0.606306	0.606083	0.60586	0.605723	0.605586	0.605437	0.605288	0.60522	0.605153	0.605082	0.60501	0.605009	
