x=105	y=200	z=200	n=65	len=1
b
0	0	0	0	0	0	0	0	0	0	0	0	0	0	0	0	0	0	0	0	0	0	0	0	0	0	0	0	0	0	0	0	0	0	0	0	0	0	0	0	0	0	0	0	0	0	0	0	0	0	0	0	0	0	0	0	0	0	0	0	0	0	0	0	0	
0.0461041	0.0461079	0.0461066	0.0461053	0.0461047	0.0461042	0.0461018	0.0460994	0.0460878	0.0460761	0.046063	0.04605	0.046024	0.0459979	0.045973	0.0459482	0.0459248	0.0459014	0.045888	0.0458745	0.0458881	0.0459018	0.0459259	0.04595	0.0459886	0.0460272	0.0460452	0.0460632	0.0460563	0.0460495	0.0460357	0.0460219	0.0460224	0.0460228	0.0460424	0.046062	0.0460573	0.0460527	0.0460349	0.0460171	0.0459771	0.0459372	0.0459147	0.0458923	0.0458778	0.0458634	0.0458783	0.0458933	0.0459147	0.045936	0.0459617	0.0459875	0.0460141	0.0460408	0.0460528	0.0460648	0.0460808	0.0460967	0.0460955	0.0460942	0.0461015	0.0461087	0.0461045	0.0461004	0.0461041	
0.0921933	0.0922003	0.0921986	0.0921968	0.0921969	0.092197	0.0921949	0.0921927	0.092172	0.0921513	0.0921296	0.092108	0.0920577	0.0920074	0.0919612	0.0919149	0.0918642	0.0918134	0.0917843	0.0917552	0.0917729	0.0917905	0.0918353	0.0918802	0.0919568	0.0920335	0.0920755	0.0921175	0.0921091	0.0921006	0.0920674	0.0920341	0.0920388	0.0920434	0.0920826	0.0921218	0.0921129	0.0921039	0.0920607	0.0920174	0.0919396	0.0918618	0.09182	0.0917782	0.0917573	0.0917365	0.0917688	0.0918011	0.0918468	0.0918925	0.0919409	0.0919893	0.0920404	0.0920915	0.0921114	0.0921313	0.09216	0.0921887	0.0921839	0.092179	0.0921915	0.0922039	0.0921951	0.0921863	0.0921933	
0.138282	0.138293	0.138291	0.138288	0.138289	0.13829	0.138288	0.138286	0.138256	0.138226	0.138196	0.138166	0.138091	0.138017	0.137949	0.137882	0.137803	0.137725	0.137681	0.137636	0.137658	0.137679	0.137745	0.13781	0.137925	0.13804	0.138106	0.138172	0.138162	0.138152	0.138099	0.138046	0.138055	0.138064	0.138123	0.138182	0.138168	0.138155	0.138086	0.138018	0.137902	0.137786	0.137725	0.137664	0.137637	0.13761	0.137659	0.137709	0.137779	0.137849	0.13792	0.137991	0.138067	0.138142	0.13817	0.138198	0.138239	0.138281	0.138272	0.138264	0.138281	0.138299	0.138286	0.138272	0.138282	
0.184335	0.184348	0.184347	0.184345	0.184351	0.184357	0.18436	0.184363	0.184334	0.184305	0.184276	0.184247	0.184159	0.184072	0.18399	0.183908	0.183802	0.183695	0.183625	0.183555	0.183563	0.183571	0.183638	0.183705	0.183858	0.184012	0.184115	0.184217	0.184219	0.184221	0.18414	0.18406	0.184069	0.184079	0.184165	0.184251	0.184217	0.184182	0.18408	0.183979	0.183824	0.183669	0.183608	0.183547	0.183531	0.183515	0.183591	0.183667	0.183765	0.183864	0.183949	0.184035	0.184127	0.184219	0.184244	0.184268	0.184314	0.184361	0.184342	0.184324	0.184343	0.184362	0.184342	0.184322	0.184335	
0.230388	0.230404	0.230403	0.230402	0.230413	0.230423	0.230432	0.230441	0.230412	0.230384	0.230356	0.230328	0.230227	0.230126	0.23003	0.229935	0.2298	0.229665	0.22957	0.229475	0.229469	0.229463	0.229531	0.229599	0.229792	0.229985	0.230123	0.230262	0.230276	0.23029	0.230182	0.230073	0.230084	0.230094	0.230208	0.230321	0.230265	0.230209	0.230075	0.22994	0.229745	0.229551	0.229491	0.229431	0.229426	0.229421	0.229523	0.229625	0.229752	0.229878	0.229978	0.230078	0.230187	0.230296	0.230317	0.230339	0.23039	0.23044	0.230413	0.230385	0.230405	0.230424	0.230398	0.230372	0.230388	
0.276385	0.276402	0.276404	0.276405	0.276424	0.276443	0.276462	0.276482	0.276466	0.27645	0.276437	0.276424	0.276327	0.276229	0.276137	0.276045	0.275884	0.275723	0.2756	0.275477	0.275422	0.275366	0.275405	0.275444	0.275654	0.275863	0.276052	0.276241	0.2763	0.276359	0.276216	0.276073	0.276087	0.276101	0.276237	0.276374	0.276275	0.276176	0.275997	0.275818	0.275605	0.275392	0.275361	0.275331	0.27537	0.275409	0.27554	0.275671	0.275826	0.275981	0.276078	0.276174	0.276285	0.276396	0.2764	0.276403	0.276447	0.27649	0.276447	0.276404	0.276419	0.276433	0.2764	0.276367	0.276385	
0.322382	0.322401	0.322404	0.322407	0.322435	0.322463	0.322493	0.322523	0.32252	0.322516	0.322518	0.32252	0.322426	0.322332	0.322244	0.322156	0.321968	0.32178	0.32163	0.321479	0.321375	0.32127	0.32128	0.321289	0.321515	0.321742	0.321981	0.32222	0.322323	0.322427	0.32225	0.322073	0.32209	0.322107	0.322267	0.322427	0.322285	0.322143	0.32192	0.321697	0.321465	0.321233	0.321232	0.321231	0.321314	0.321397	0.321557	0.321718	0.321901	0.322085	0.322177	0.32227	0.322383	0.322496	0.322482	0.322468	0.322504	0.32254	0.322481	0.322423	0.322433	0.322443	0.322403	0.322362	0.322382	
0.368326	0.368345	0.36835	0.368354	0.368392	0.368429	0.36847	0.368511	0.368529	0.368548	0.368575	0.368601	0.368536	0.36847	0.368408	0.368346	0.368157	0.367968	0.367802	0.367637	0.367462	0.367287	0.367221	0.367156	0.367347	0.367538	0.3678	0.368062	0.36826	0.368457	0.368287	0.368117	0.368114	0.368111	0.368266	0.368421	0.368193	0.367966	0.367726	0.367487	0.367285	0.367083	0.367153	0.367223	0.367378	0.367533	0.367708	0.367884	0.368081	0.368278	0.368341	0.368404	0.368499	0.368593	0.368549	0.368505	0.368524	0.368542	0.368468	0.368394	0.368396	0.368397	0.368352	0.368306	0.368326	
0.41427	0.414289	0.414295	0.414301	0.414348	0.414395	0.414447	0.414498	0.414539	0.414581	0.414631	0.414682	0.414645	0.414608	0.414572	0.414537	0.414346	0.414155	0.413975	0.413794	0.413549	0.413303	0.413163	0.413023	0.413178	0.413334	0.413619	0.413903	0.414196	0.414488	0.414325	0.414161	0.414138	0.414114	0.414264	0.414415	0.414102	0.413788	0.413532	0.413277	0.413105	0.412933	0.413073	0.413214	0.413441	0.413669	0.41386	0.41405	0.41426	0.41447	0.414504	0.414538	0.414614	0.41469	0.414617	0.414543	0.414544	0.414545	0.414455	0.414365	0.414359	0.414352	0.414301	0.41425	0.41427	
0.46018	0.460198	0.460202	0.460207	0.460259	0.46031	0.460364	0.460418	0.460482	0.460545	0.460617	0.46069	0.4607	0.460711	0.460724	0.460737	0.460588	0.46044	0.46029	0.460141	0.459833	0.459524	0.4593	0.459076	0.459076	0.459075	0.4593	0.459526	0.459952	0.460379	0.460292	0.460204	0.460142	0.460079	0.460168	0.460256	0.459849	0.459442	0.459231	0.45902	0.458987	0.458955	0.459177	0.4594	0.459701	0.460003	0.460164	0.460324	0.460509	0.460694	0.460673	0.460652	0.46069	0.460727	0.460625	0.460523	0.460503	0.460483	0.460387	0.460291	0.460277	0.460263	0.460213	0.460162	0.46018	
0.50609	0.506106	0.506109	0.506113	0.506169	0.506226	0.506282	0.506338	0.506424	0.506509	0.506603	0.506697	0.506755	0.506814	0.506875	0.506936	0.50683	0.506725	0.506606	0.506488	0.506117	0.505746	0.505438	0.505129	0.504973	0.504816	0.504982	0.505149	0.505709	0.506269	0.506258	0.506248	0.506146	0.506045	0.506071	0.506097	0.505596	0.505095	0.50493	0.504764	0.50487	0.504976	0.505281	0.505585	0.505961	0.506337	0.506467	0.506598	0.506758	0.506918	0.506842	0.506767	0.506765	0.506764	0.506633	0.506502	0.506462	0.506421	0.506319	0.506217	0.506196	0.506175	0.506124	0.506074	0.50609	
0.552017	0.552031	0.552028	0.552026	0.552077	0.552128	0.55217	0.552212	0.552304	0.552396	0.552488	0.552579	0.552684	0.55279	0.552894	0.552998	0.55299	0.552983	0.552951	0.552919	0.552593	0.552266	0.551938	0.55161	0.551227	0.550844	0.550803	0.550762	0.551374	0.551986	0.552027	0.552068	0.55194	0.551812	0.551799	0.551786	0.551258	0.55073	0.550725	0.550719	0.551056	0.551392	0.551718	0.552044	0.55242	0.552797	0.552831	0.552866	0.552952	0.553038	0.552904	0.552771	0.552728	0.552684	0.552547	0.552409	0.552359	0.552308	0.552219	0.55213	0.552109	0.552088	0.552046	0.552004	0.552017	
0.597945	0.597955	0.597947	0.597939	0.597985	0.59803	0.598058	0.598085	0.598184	0.598283	0.598372	0.598462	0.598614	0.598765	0.598912	0.599059	0.59915	0.599241	0.599295	0.59935	0.599069	0.598787	0.598439	0.598091	0.597481	0.596871	0.596623	0.596375	0.597039	0.597703	0.597796	0.597888	0.597734	0.597579	0.597527	0.597476	0.59692	0.596364	0.59652	0.596675	0.597242	0.597808	0.598155	0.598502	0.598879	0.599256	0.599195	0.599134	0.599146	0.599158	0.598966	0.598775	0.59869	0.598605	0.59846	0.598315	0.598256	0.598196	0.59812	0.598044	0.598023	0.598002	0.597968	0.597935	0.597945	
0.643946	0.643952	0.643937	0.643921	0.64395	0.643979	0.643975	0.643971	0.644052	0.644133	0.644181	0.644228	0.644392	0.644556	0.644693	0.64483	0.645026	0.645222	0.645369	0.645516	0.645437	0.645358	0.645159	0.64496	0.64424	0.64352	0.643086	0.642652	0.642991	0.64333	0.643504	0.643679	0.643586	0.643492	0.643299	0.643105	0.642818	0.64253	0.642858	0.643186	0.643923	0.644659	0.644871	0.645084	0.645311	0.645537	0.645356	0.645175	0.645091	0.645006	0.644803	0.644599	0.644496	0.644394	0.644285	0.644176	0.644127	0.644078	0.644038	0.643997	0.643985	0.643973	0.643956	0.643939	0.643946	
0.689947	0.68995	0.689926	0.689902	0.689915	0.689929	0.689893	0.689858	0.68992	0.689982	0.689989	0.689995	0.690171	0.690347	0.690474	0.690602	0.690903	0.691204	0.691442	0.691681	0.691805	0.691929	0.691879	0.691829	0.690999	0.690169	0.689549	0.688929	0.688942	0.688956	0.689212	0.689469	0.689437	0.689406	0.689071	0.688735	0.688715	0.688696	0.689196	0.689697	0.690604	0.691511	0.691588	0.691666	0.691742	0.691819	0.691518	0.691217	0.691036	0.690855	0.690639	0.690423	0.690303	0.690183	0.69011	0.690037	0.689998	0.68996	0.689956	0.689951	0.689948	0.689945	0.689944	0.689943	0.689947	
0.736068	0.736069	0.736039	0.736009	0.736003	0.735997	0.735928	0.73586	0.735882	0.735905	0.735843	0.735781	0.735908	0.736036	0.736072	0.736109	0.736422	0.736736	0.736947	0.737159	0.73753	0.737902	0.738066	0.73823	0.737831	0.737433	0.736725	0.736018	0.735635	0.735253	0.735549	0.735846	0.735912	0.735978	0.735461	0.734943	0.73529	0.735637	0.736235	0.736834	0.73751	0.738186	0.737987	0.737788	0.73764	0.737492	0.737161	0.73683	0.73662	0.736411	0.736269	0.736126	0.73604	0.735953	0.735953	0.735952	0.735943	0.735935	0.735974	0.736014	0.736024	0.736034	0.736051	0.736067	0.736068	
0.78219	0.782188	0.782152	0.782117	0.782091	0.782065	0.781964	0.781862	0.781845	0.781828	0.781697	0.781567	0.781646	0.781724	0.78167	0.781616	0.781942	0.782268	0.782452	0.782636	0.783256	0.783875	0.784253	0.784631	0.784664	0.784697	0.783902	0.783107	0.782328	0.781549	0.781886	0.782223	0.782386	0.78255	0.781851	0.781151	0.781864	0.782578	0.783274	0.783971	0.784416	0.784861	0.784386	0.783911	0.783538	0.783165	0.782804	0.782443	0.782205	0.781967	0.781898	0.78183	0.781777	0.781724	0.781795	0.781867	0.781889	0.78191	0.781993	0.782076	0.7821	0.782124	0.782158	0.782191	0.78219	
0.828412	0.82841	0.828376	0.828342	0.828308	0.828275	0.828162	0.828048	0.828001	0.827954	0.827776	0.827598	0.827601	0.827604	0.827426	0.827248	0.827455	0.827662	0.827644	0.827626	0.828236	0.828846	0.829145	0.829445	0.83008	0.830714	0.830287	0.82986	0.829212	0.828563	0.828954	0.829345	0.829421	0.829497	0.82875	0.828004	0.828886	0.829767	0.830094	0.83042	0.83028	0.830141	0.829599	0.829057	0.828634	0.82821	0.828019	0.827829	0.827675	0.827522	0.827591	0.827661	0.827669	0.827678	0.827817	0.827957	0.828004	0.828051	0.828159	0.828268	0.828299	0.828329	0.828372	0.828414	0.828412	
0.874634	0.874633	0.8746	0.874567	0.874525	0.874484	0.874359	0.874235	0.874158	0.87408	0.873854	0.873629	0.873556	0.873483	0.873181	0.87288	0.872968	0.873057	0.872837	0.872616	0.873216	0.873817	0.874038	0.874259	0.875495	0.876732	0.876673	0.876614	0.876095	0.875577	0.876022	0.876468	0.876456	0.876443	0.87565	0.874857	0.875907	0.876957	0.876913	0.876869	0.876145	0.87542	0.874812	0.874203	0.873729	0.873255	0.873235	0.873215	0.873145	0.873076	0.873284	0.873492	0.873562	0.873632	0.873839	0.874047	0.874119	0.874191	0.874326	0.87446	0.874497	0.874535	0.874586	0.874636	0.874634	
0.920867	0.920867	0.920844	0.92082	0.920789	0.920758	0.920659	0.92056	0.92049	0.92042	0.920219	0.920018	0.919912	0.919806	0.919482	0.919158	0.919093	0.919029	0.91864	0.918252	0.918502	0.918753	0.918584	0.918416	0.919431	0.920447	0.920864	0.921281	0.92091	0.920539	0.921125	0.921712	0.921638	0.921565	0.921113	0.920661	0.921582	0.922504	0.9218	0.921095	0.920323	0.919552	0.919322	0.919092	0.918869	0.918646	0.918859	0.919073	0.919129	0.919185	0.919465	0.919745	0.919842	0.91994	0.920147	0.920354	0.92042	0.920486	0.920604	0.920721	0.920751	0.920781	0.920824	0.920867	0.920867	
0.9671	0.967101	0.967088	0.967074	0.967053	0.967033	0.966959	0.966885	0.966822	0.96676	0.966584	0.966408	0.966268	0.966129	0.965782	0.965436	0.965218	0.965	0.964444	0.963887	0.963788	0.963689	0.963131	0.962572	0.963367	0.964162	0.965055	0.965948	0.965724	0.9655	0.966228	0.966956	0.966821	0.966686	0.966575	0.966464	0.967258	0.968051	0.966686	0.96532	0.964502	0.963683	0.963832	0.96398	0.964009	0.964038	0.964484	0.96493	0.965112	0.965293	0.965645	0.965997	0.966123	0.966249	0.966455	0.966661	0.966721	0.966781	0.966882	0.966982	0.967005	0.967027	0.967063	0.967098	0.9671	
1.01319	1.0132	1.01319	1.01319	1.01319	1.01319	1.01316	1.01313	1.01311	1.0131	1.01301	1.01291	1.01284	1.01277	1.01254	1.01232	1.01214	1.01197	1.01152	1.01107	1.01084	1.01061	1.00998	1.00934	1.00953	1.00973	1.00986	1.01	1.01031	1.01062	1.011	1.01138	1.01136	1.01134	1.01176	1.01218	1.01196	1.01174	1.01099	1.01025	1.00998	1.00971	1.01012	1.01053	1.01071	1.01088	1.01132	1.01176	1.01191	1.01207	1.01234	1.0126	1.01267	1.01274	1.01287	1.013	1.01302	1.01304	1.01309	1.01314	1.01315	1.01315	1.01317	1.01319	1.01319	
1.05928	1.05929	1.0593	1.05931	1.05933	1.05935	1.05937	1.05938	1.05941	1.05943	1.05943	1.05942	1.05941	1.0594	1.0593	1.05921	1.05907	1.05893	1.0586	1.05826	1.0579	1.05753	1.05682	1.05611	1.0557	1.05529	1.05467	1.05405	1.05489	1.05608	1.05587	1.05634	1.05638	1.05579	1.0566	1.05813	1.05777	1.05542	1.0553	1.05518	1.05546	1.05574	1.05641	1.05708	1.05741	1.05773	1.05816	1.05858	1.05872	1.05885	1.05903	1.0592	1.05922	1.05924	1.05928	1.05933	1.05931	1.0593	1.0593	1.0593	1.05929	1.05928	1.05928	1.05928	1.05928	
1.10515	1.10515	1.10516	1.10518	1.10521	1.10524	1.10528	1.10532	1.10537	1.10542	1.10549	1.10556	1.10561	1.10566	1.10572	1.10578	1.10577	1.10576	1.10573	1.10571	1.10551	1.1053	1.10503	1.10475	1.1043	1.10384	1.10338	1.10292	1.10318	1.10361	1.10284	1.10329	1.10364	1.10286	1.10355	1.10468	1.1041	1.10294	1.10314	1.10334	1.10372	1.1041	1.1045	1.10491	1.10508	1.10525	1.10539	1.10553	1.10554	1.10555	1.10554	1.10554	1.1055	1.10545	1.10541	1.10536	1.10532	1.10529	1.10525	1.10521	1.10519	1.10517	1.10516	1.10514	1.10515	
1.15101	1.15101	1.15103	1.15105	1.15108	1.15112	1.15119	1.15126	1.15133	1.15141	1.15155	1.15169	1.1518	1.15191	1.15214	1.15236	1.15248	1.15259	1.15287	1.15316	1.15312	1.15308	1.15323	1.15339	1.15289	1.15239	1.15209	1.15179	1.15146	1.15116	1.15091	1.15073	1.15103	1.15078	1.15122	1.15135	1.15064	1.15047	1.15098	1.1515	1.15198	1.15246	1.1526	1.15273	1.15275	1.15277	1.15262	1.15248	1.15236	1.15224	1.15206	1.15188	1.15177	1.15167	1.15153	1.1514	1.15133	1.15127	1.15119	1.15111	1.15109	1.15106	1.15103	1.151	1.15101	
1.19668	1.19668	1.1967	1.19671	1.19673	1.19674	1.19681	1.19687	1.1969	1.19693	1.19706	1.1972	1.19725	1.1973	1.19753	1.19776	1.19782	1.19788	1.19823	1.19859	1.19856	1.19853	1.19893	1.19933	1.19901	1.19869	1.19854	1.19839	1.19769	1.197	1.19675	1.19557	1.19943	1.19673	1.19713	1.19666	1.19642	1.19752	1.1979	1.19827	1.19855	1.19883	1.19864	1.19846	1.19846	1.19846	1.19819	1.19792	1.19784	1.19777	1.19756	1.19735	1.19729	1.19723	1.1971	1.19696	1.19693	1.1969	1.19683	1.19675	1.19674	1.19673	1.1967	1.19668	1.19668	
1.24235	1.24235	1.24236	1.24237	1.24237	1.24236	1.24242	1.24247	1.24246	1.24245	1.24258	1.2427	1.24269	1.24268	1.24293	1.24317	1.24317	1.24316	1.24359	1.24402	1.244	1.24398	1.24463	1.24527	1.24513	1.24499	1.24499	1.24499	1.24392	1.24244	1.24139	1.24469	1.27644	1.24101	1.24102	1.24097	1.24224	1.24457	1.24481	1.24505	1.24512	1.24519	1.24469	1.24419	1.24417	1.24416	1.24376	1.24336	1.24333	1.24331	1.24306	1.24281	1.2428	1.2428	1.24266	1.24252	1.24253	1.24253	1.24246	1.24239	1.2424	1.2424	1.24238	1.24235	1.24235	
1.28803	1.28802	1.28803	1.28804	1.28801	1.28798	1.28801	1.28804	1.28797	1.28791	1.28798	1.28805	1.28794	1.28783	1.28797	1.28812	1.28795	1.28778	1.28804	1.2883	1.28808	1.28785	1.28825	1.28866	1.2884	1.28814	1.2889	1.28966	1.28947	1.28939	1.28863	1.2899	1.3893	1.28495	1.28564	1.28685	1.28816	1.28827	1.28818	1.2881	1.28825	1.28841	1.28818	1.28796	1.28813	1.2883	1.28811	1.28791	1.28804	1.28817	1.28805	1.28793	1.28801	1.2881	1.28803	1.28797	1.28802	1.28807	1.28804	1.28801	1.28803	1.28805	1.28804	1.28803	1.28803	
1.3337	1.33369	1.3337	1.3337	1.33364	1.33359	1.33359	1.3336	1.33348	1.33336	1.33338	1.3334	1.33318	1.33297	1.33302	1.33307	1.33273	1.3324	1.33249	1.33258	1.33215	1.33172	1.33188	1.33205	1.33167	1.3313	1.33281	1.33432	1.33502	1.33632	1.33587	1.33552	1.47749	1.33714	1.33523	1.33472	1.33401	1.33198	1.33156	1.33114	1.33138	1.33162	1.33167	1.33173	1.33209	1.33245	1.33246	1.33247	1.33275	1.33303	1.33304	1.33304	1.33322	1.3334	1.33341	1.33341	1.33351	1.33361	1.33361	1.33362	1.33366	1.3337	1.3337	1.33371	1.3337	
1.37956	1.37955	1.37956	1.37956	1.3795	1.37944	1.37944	1.37944	1.37932	1.3792	1.3792	1.37921	1.379	1.3788	1.37882	1.37884	1.37855	1.37826	1.37831	1.37835	1.37805	1.37774	1.37785	1.37795	1.37782	1.37769	1.37827	1.37884	1.37929	1.37988	1.37945	1.37739	1.49944	1.37914	1.38015	1.3795	1.37903	1.37824	1.37802	1.3778	1.37769	1.37758	1.37766	1.37774	1.37795	1.37816	1.37822	1.37829	1.37851	1.37874	1.37879	1.37884	1.379	1.37916	1.3792	1.37923	1.37933	1.37942	1.37944	1.37947	1.37951	1.37954	1.37956	1.37957	1.37956	
1.42542	1.4254	1.42541	1.42542	1.42536	1.42529	1.42529	1.42529	1.42516	1.42503	1.42502	1.42502	1.42482	1.42463	1.42462	1.42461	1.42437	1.42413	1.42412	1.42411	1.42394	1.42376	1.42381	1.42385	1.42397	1.42409	1.42373	1.42336	1.42355	1.42375	1.42356	1.42295	1.44991	1.42265	1.42403	1.42431	1.42509	1.4245	1.42448	1.42446	1.424	1.42354	1.42364	1.42374	1.42381	1.42387	1.42399	1.42411	1.42428	1.42445	1.42454	1.42463	1.42478	1.42492	1.42499	1.42505	1.42514	1.42523	1.42527	1.42531	1.42535	1.42539	1.42541	1.42543	1.42542	
1.4715	1.47149	1.4715	1.47152	1.47147	1.47142	1.47143	1.47144	1.47137	1.4713	1.47131	1.47132	1.47124	1.47116	1.47118	1.4712	1.47118	1.47115	1.4712	1.47124	1.4714	1.47156	1.47168	1.4718	1.47222	1.47264	1.47314	1.47364	1.47294	1.47201	1.47184	1.4723	1.46753	1.47182	1.47344	1.47411	1.4746	1.47489	1.4741	1.4733	1.47257	1.47184	1.47175	1.47167	1.47141	1.47115	1.47115	1.47115	1.47112	1.47109	1.47112	1.47115	1.47119	1.47123	1.47127	1.4713	1.47134	1.47138	1.47141	1.47144	1.47146	1.47147	1.47149	1.47152	1.4715	
1.51759	1.51757	1.51759	1.51761	1.51758	1.51755	1.51758	1.5176	1.51758	1.51756	1.51759	1.51762	1.51765	1.51769	1.51774	1.51779	1.51798	1.51817	1.51827	1.51836	1.51885	1.51935	1.51955	1.51974	1.52047	1.52119	1.52256	1.52392	1.52232	1.5206	1.52027	1.52204	1.52179	1.52207	1.52215	1.52269	1.52302	1.52528	1.52371	1.52214	1.52113	1.52013	1.51986	1.51959	1.51901	1.51843	1.51831	1.5182	1.51797	1.51773	1.5177	1.51767	1.51761	1.51754	1.51755	1.51755	1.51754	1.51753	1.51755	1.51757	1.51756	1.51756	1.51758	1.5176	1.51759	
1.56379	1.56378	1.5638	1.56382	1.56381	1.5638	1.56384	1.56387	1.56389	1.5639	1.56395	1.564	1.56409	1.56418	1.56424	1.5643	1.56454	1.56478	1.56486	1.56495	1.56537	1.56578	1.5659	1.56602	1.56634	1.56665	1.56669	1.56672	1.56565	1.56479	1.56447	1.56356	1.56236	1.56357	1.56458	1.56542	1.56641	1.56759	1.56762	1.56765	1.56707	1.56649	1.56633	1.56617	1.56565	1.56513	1.56501	1.56489	1.56461	1.56433	1.56427	1.5642	1.56408	1.56396	1.56394	1.56391	1.56387	1.56382	1.56382	1.56382	1.5638	1.56378	1.56379	1.56381	1.56379	
1.61	1.60998	1.61001	1.61003	1.61004	1.61005	1.61009	1.61014	1.61019	1.61025	1.61031	1.61037	1.61052	1.61067	1.61074	1.61082	1.6111	1.61138	1.61146	1.61155	1.61188	1.6122	1.61225	1.6123	1.61221	1.61211	1.61081	1.60952	1.60899	1.60822	1.60858	1.60827	1.60823	1.608	1.60768	1.60745	1.60864	1.60989	1.61153	1.61316	1.613	1.61284	1.61279	1.61274	1.61229	1.61183	1.6117	1.61157	1.61125	1.61093	1.61083	1.61073	1.61055	1.61038	1.61033	1.61027	1.61019	1.61011	1.61009	1.61007	1.61003	1.61	1.61	1.61001	1.61	
1.65618	1.65617	1.65619	1.65622	1.65623	1.65624	1.65628	1.65632	1.65638	1.65643	1.65648	1.65653	1.65665	1.65677	1.65681	1.65686	1.65703	1.65719	1.65722	1.65724	1.6573	1.65736	1.65731	1.65726	1.65673	1.65621	1.65555	1.65488	1.65502	1.65462	1.65504	1.65506	1.65526	1.65474	1.654	1.65341	1.65387	1.65492	1.65594	1.65696	1.65727	1.65759	1.65773	1.65786	1.65768	1.65749	1.65746	1.65743	1.65721	1.65698	1.65692	1.65686	1.65671	1.65656	1.65652	1.65647	1.65639	1.65631	1.65629	1.65627	1.65623	1.65619	1.65619	1.6562	1.65618	
1.70237	1.70236	1.70238	1.7024	1.70242	1.70244	1.70247	1.7025	1.70256	1.70262	1.70265	1.70268	1.70277	1.70287	1.70288	1.70289	1.70295	1.70301	1.70297	1.70293	1.70272	1.70251	1.70236	1.70221	1.70126	1.70032	1.70028	1.70023	1.70105	1.70186	1.70167	1.70148	1.70132	1.70116	1.70083	1.70049	1.70022	1.69995	1.70035	1.70075	1.70155	1.70235	1.70267	1.70299	1.70307	1.70314	1.70321	1.70329	1.70316	1.70304	1.70302	1.70299	1.70287	1.70275	1.70271	1.70267	1.70259	1.70251	1.70249	1.70247	1.70243	1.70238	1.70238	1.70238	1.70237	
1.74848	1.74847	1.74848	1.74849	1.74851	1.74852	1.74854	1.74856	1.7486	1.74863	1.74865	1.74866	1.74871	1.74876	1.74874	1.74873	1.74872	1.74871	1.74866	1.74861	1.74837	1.74813	1.74802	1.74792	1.74729	1.74665	1.74669	1.74674	1.7473	1.74786	1.74749	1.74712	1.74694	1.74676	1.74683	1.7469	1.74659	1.74628	1.74648	1.74668	1.74729	1.7479	1.74818	1.74846	1.7486	1.74874	1.74885	1.74896	1.74891	1.74886	1.74888	1.74889	1.74881	1.74873	1.74872	1.74871	1.74864	1.74858	1.74857	1.74856	1.74852	1.74849	1.74849	1.74849	1.74848	
1.79459	1.79458	1.79458	1.79459	1.7946	1.7946	1.79461	1.79462	1.79464	1.79465	1.79465	1.79464	1.79464	1.79464	1.79461	1.79458	1.79449	1.7944	1.79435	1.79429	1.79401	1.79374	1.79369	1.79363	1.79331	1.79299	1.79311	1.79324	1.79355	1.79386	1.79331	1.79276	1.79256	1.79235	1.79283	1.79331	1.79296	1.79261	1.79261	1.79261	1.79303	1.79345	1.79368	1.79392	1.79413	1.79433	1.79448	1.79463	1.79466	1.79468	1.79474	1.7948	1.79476	1.79472	1.79473	1.79474	1.7947	1.79465	1.79465	1.79465	1.79462	1.79459	1.79459	1.7946	1.79459	
1.84062	1.84061	1.84061	1.84061	1.84061	1.84062	1.84061	1.84061	1.84062	1.84062	1.84061	1.84059	1.84058	1.84056	1.84053	1.8405	1.84041	1.84032	1.84029	1.84025	1.84004	1.83983	1.8398	1.83977	1.83959	1.83941	1.83928	1.83915	1.83928	1.83942	1.83951	1.83961	1.83943	1.83925	1.83913	1.83902	1.83881	1.8386	1.83878	1.83896	1.83924	1.83953	1.8397	1.83988	1.84005	1.84023	1.84036	1.84049	1.84052	1.84056	1.84063	1.8407	1.84068	1.84065	1.84068	1.84071	1.84068	1.84065	1.84065	1.84066	1.84064	1.84062	1.84062	1.84063	1.84062	
1.88665	1.88664	1.88664	1.88663	1.88663	1.88663	1.88661	1.8866	1.8866	1.88659	1.88656	1.88654	1.88651	1.88648	1.88645	1.88642	1.88633	1.88624	1.88623	1.88621	1.88606	1.88592	1.88591	1.8859	1.88587	1.88584	1.88545	1.88506	1.88502	1.88498	1.88572	1.88646	1.8863	1.88615	1.88544	1.88473	1.88466	1.88459	1.88494	1.8853	1.88546	1.88561	1.88572	1.88583	1.88598	1.88612	1.88623	1.88635	1.88639	1.88644	1.88652	1.8866	1.88659	1.88659	1.88663	1.88668	1.88666	1.88664	1.88666	1.88668	1.88666	1.88664	1.88665	1.88666	1.88665	
1.93265	1.93264	1.93264	1.93264	1.93263	1.93263	1.93261	1.9326	1.93259	1.93258	1.93256	1.93254	1.93252	1.93249	1.93247	1.93245	1.93238	1.9323	1.93229	1.93228	1.93216	1.93203	1.93198	1.93192	1.93185	1.93177	1.9315	1.93122	1.93136	1.9315	1.93239	1.93328	1.93319	1.93309	1.93222	1.93136	1.93109	1.93083	1.93107	1.93131	1.93148	1.93165	1.93177	1.93189	1.93202	1.93216	1.93225	1.93235	1.93239	1.93244	1.93251	1.93258	1.93258	1.93257	1.93262	1.93266	1.93264	1.93263	1.93265	1.93267	1.93266	1.93264	1.93265	1.93266	1.93265	
1.97865	1.97864	1.97864	1.97864	1.97863	1.97862	1.97861	1.9786	1.97859	1.97858	1.97856	1.97855	1.97852	1.9785	1.97849	1.97848	1.97842	1.97836	1.97835	1.97834	1.97825	1.97815	1.97805	1.97795	1.97782	1.9777	1.97754	1.97738	1.9777	1.97802	1.97906	1.98011	1.98008	1.98004	1.97901	1.97798	1.97753	1.97708	1.9772	1.97733	1.9775	1.97768	1.97781	1.97794	1.97807	1.97819	1.97827	1.97835	1.97839	1.97844	1.9785	1.97856	1.97856	1.97856	1.9786	1.97865	1.97863	1.97862	1.97864	1.97867	1.97866	1.97864	1.97865	1.97866	1.97865	
2.02466	2.02465	2.02465	2.02465	2.02464	2.02464	2.02463	2.02462	2.02461	2.0246	2.02459	2.02458	2.02456	2.02453	2.02453	2.02452	2.02446	2.0244	2.02438	2.02436	2.02426	2.02416	2.02406	2.02395	2.02387	2.02379	2.0238	2.02381	2.02417	2.02453	2.02532	2.02611	2.02611	2.02612	2.02534	2.02455	2.02408	2.0236	2.02356	2.02352	2.02362	2.02373	2.02384	2.02395	2.02408	2.02421	2.02428	2.02436	2.02441	2.02446	2.02452	2.02457	2.02457	2.02457	2.02461	2.02466	2.02464	2.02463	2.02465	2.02468	2.02466	2.02465	2.02466	2.02467	2.02466	
2.07067	2.07066	2.07066	2.07066	2.07065	2.07065	2.07064	2.07064	2.07063	2.07062	2.07062	2.07061	2.07059	2.07057	2.07056	2.07056	2.0705	2.07044	2.07041	2.07037	2.07026	2.07016	2.07006	2.06996	2.06993	2.06989	2.07007	2.07024	2.07065	2.07105	2.07158	2.0721	2.07215	2.0722	2.07166	2.07112	2.07062	2.07013	2.06992	2.06971	2.06974	2.06978	2.06987	2.06996	2.07009	2.07023	2.0703	2.07036	2.07042	2.07048	2.07053	2.07058	2.07059	2.07059	2.07063	2.07066	2.07065	2.07063	2.07066	2.07068	2.07067	2.07065	2.07066	2.07068	2.07067	
2.11669	2.11668	2.11669	2.11669	2.11668	2.11668	2.11667	2.11667	2.11666	2.11666	2.11665	2.11665	2.11662	2.1166	2.11659	2.11657	2.11651	2.11645	2.1164	2.11636	2.11627	2.11617	2.11611	2.11605	2.11608	2.11611	2.11634	2.11656	2.1169	2.11723	2.11753	2.11782	2.11788	2.11793	2.11761	2.11729	2.1169	2.11651	2.11625	2.11599	2.11595	2.11591	2.11595	2.116	2.11611	2.11623	2.11629	2.11636	2.11642	2.11649	2.11654	2.11659	2.1166	2.11661	2.11665	2.11668	2.11667	2.11666	2.11668	2.11671	2.11669	2.11668	2.11669	2.1167	2.11669	
2.16272	2.16271	2.16271	2.16272	2.16271	2.16271	2.16271	2.16271	2.1627	2.16269	2.16269	2.16268	2.16265	2.16262	2.16261	2.16259	2.16252	2.16245	2.1624	2.16235	2.16227	2.16219	2.16216	2.16214	2.16224	2.16234	2.16261	2.16289	2.16315	2.1634	2.16347	2.16354	2.1636	2.16367	2.16356	2.16345	2.16317	2.16288	2.16258	2.16227	2.16215	2.16204	2.16204	2.16204	2.16213	2.16223	2.16229	2.16235	2.16243	2.1625	2.16255	2.16259	2.16262	2.16264	2.16267	2.1627	2.16269	2.16269	2.16271	2.16273	2.16272	2.1627	2.16272	2.16273	2.16272	
2.20875	2.20874	2.20875	2.20875	2.20875	2.20874	2.20874	2.20874	2.20872	2.20871	2.2087	2.2087	2.20866	2.20862	2.2086	2.20858	2.20851	2.20844	2.20839	2.20835	2.20829	2.20824	2.20825	2.20826	2.20839	2.20851	2.20876	2.209	2.20919	2.20938	2.20936	2.20934	2.2094	2.20945	2.20943	2.20942	2.20922	2.20903	2.20875	2.20847	2.20833	2.20819	2.20816	2.20812	2.20819	2.20825	2.2083	2.20834	2.20842	2.2085	2.20854	2.20858	2.20861	2.20865	2.20868	2.20871	2.20871	2.20871	2.20873	2.20875	2.20875	2.20874	2.20875	2.20876	2.20875	
2.25479	2.25478	2.25478	2.25479	2.25478	2.25477	2.25477	2.25477	2.25475	2.25473	2.25472	2.25471	2.25467	2.25462	2.25459	2.25456	2.25449	2.25442	2.25439	2.25435	2.25432	2.25429	2.25434	2.25439	2.25453	2.25468	2.2549	2.25512	2.25524	2.25535	2.25525	2.25514	2.25519	2.25524	2.25531	2.25538	2.25528	2.25517	2.25492	2.25467	2.25451	2.25435	2.25427	2.2542	2.25424	2.25427	2.2543	2.25433	2.25441	2.25449	2.25453	2.25457	2.25461	2.25466	2.25469	2.25472	2.25473	2.25474	2.25476	2.25478	2.25477	2.25477	2.25478	2.25479	2.25479	
2.30082	2.30081	2.30082	2.30082	2.30081	2.3008	2.3008	2.30079	2.30077	2.30074	2.30073	2.30071	2.30066	2.30061	2.30058	2.30056	2.30049	2.30043	2.30041	2.30038	2.30038	2.30037	2.30043	2.3005	2.30063	2.30077	2.30095	2.30112	2.3012	2.30128	2.30116	2.30105	2.30109	2.30113	2.30121	2.3013	2.30124	2.30117	2.30097	2.30078	2.30062	2.30047	2.30038	2.3003	2.30031	2.30032	2.30033	2.30035	2.30042	2.30049	2.30052	2.30056	2.30061	2.30066	2.30069	2.30072	2.30074	2.30076	2.30078	2.3008	2.3008	2.3008	2.30081	2.30083	2.30082	
2.34686	2.34685	2.34685	2.34686	2.34684	2.34683	2.34682	2.34682	2.34678	2.34675	2.34673	2.34671	2.34666	2.34661	2.34658	2.34655	2.34649	2.34644	2.34643	2.34642	2.34643	2.34644	2.34652	2.34661	2.34674	2.34687	2.34699	2.34712	2.34716	2.34721	2.34708	2.34696	2.34699	2.34702	2.34712	2.34722	2.3472	2.34717	2.34702	2.34688	2.34674	2.34659	2.3465	2.3464	2.34638	2.34636	2.34636	2.34636	2.34642	2.34648	2.34652	2.34655	2.34661	2.34666	2.34669	2.34673	2.34675	2.34678	2.3468	2.34682	2.34683	2.34683	2.34685	2.34686	2.34686	
2.39288	2.39287	2.39288	2.39288	2.39286	2.39284	2.39283	2.39283	2.39279	2.39275	2.39273	2.39271	2.39266	2.3926	2.39258	2.39255	2.3925	2.39246	2.39246	2.39246	2.39249	2.39251	2.39259	2.39267	2.39279	2.3929	2.39299	2.39308	2.39311	2.39314	2.39303	2.39293	2.39295	2.39298	2.39306	2.39315	2.39314	2.39313	2.39302	2.39291	2.39279	2.39267	2.39258	2.39248	2.39245	2.39242	2.39241	2.3924	2.39245	2.39249	2.39252	2.39255	2.39261	2.39266	2.39269	2.39272	2.39276	2.39279	2.39281	2.39284	2.39285	2.39286	2.39287	2.39288	2.39288	
2.4389	2.4389	2.4389	2.4389	2.43888	2.43886	2.43885	2.43884	2.43879	2.43875	2.43873	2.43871	2.43865	2.4386	2.43858	2.43855	2.43852	2.43848	2.4385	2.43851	2.43855	2.43858	2.43866	2.43874	2.43884	2.43893	2.43899	2.43904	2.43906	2.43907	2.43898	2.4389	2.43892	2.43894	2.439	2.43907	2.43908	2.43909	2.43902	2.43895	2.43885	2.43875	2.43866	2.43856	2.43852	2.43848	2.43846	2.43843	2.43847	2.4385	2.43853	2.43855	2.4386	2.43866	2.43869	2.43872	2.43876	2.4388	2.43882	2.43885	2.43886	2.43888	2.43889	2.43891	2.4389	
2.48491	2.48491	2.48491	2.48491	2.48489	2.48486	2.48485	2.48484	2.4848	2.48475	2.48473	2.48471	2.48466	2.48461	2.48459	2.48457	2.48455	2.48452	2.48454	2.48456	2.4846	2.48464	2.48471	2.48478	2.48486	2.48494	2.48497	2.48501	2.48501	2.48502	2.48495	2.48489	2.4849	2.48492	2.48497	2.48502	2.48504	2.48505	2.485	2.48495	2.48487	2.48479	2.48471	2.48462	2.48458	2.48453	2.48451	2.48448	2.4845	2.48453	2.48455	2.48456	2.48461	2.48467	2.48469	2.48472	2.48476	2.48481	2.48483	2.48485	2.48487	2.48489	2.4849	2.48492	2.48491	
2.53093	2.53092	2.53092	2.53092	2.5309	2.53087	2.53086	2.53084	2.5308	2.53076	2.53073	2.53071	2.53066	2.53062	2.5306	2.53059	2.53057	2.53056	2.53058	2.53061	2.53065	2.53069	2.53076	2.53082	2.53088	2.53094	2.53096	2.53097	2.53097	2.53097	2.53093	2.53088	2.53089	2.5309	2.53094	2.53098	2.53099	2.531	2.53098	2.53095	2.53089	2.53083	2.53076	2.53069	2.53064	2.53059	2.53056	2.53052	2.53054	2.53055	2.53057	2.53058	2.53062	2.53067	2.5307	2.53073	2.53077	2.53081	2.53084	2.53086	2.53088	2.5309	2.53092	2.53093	2.53093	
2.57693	2.57693	2.57692	2.57692	2.5769	2.57687	2.57686	2.57684	2.5768	2.57676	2.57674	2.57672	2.57668	2.57663	2.57663	2.57662	2.57661	2.5766	2.57662	2.57665	2.57669	2.57673	2.57678	2.57684	2.57688	2.57693	2.57694	2.57695	2.57694	2.57694	2.57691	2.57688	2.57688	2.57689	2.57692	2.57695	2.57696	2.57697	2.57696	2.57694	2.57689	2.57685	2.57679	2.57673	2.57668	2.57664	2.5766	2.57657	2.57658	2.57659	2.57659	2.5766	2.57664	2.57668	2.57671	2.57673	2.57677	2.57682	2.57684	2.57686	2.57688	2.57691	2.57692	2.57693	2.57693	
2.62293	2.62293	2.62293	2.62292	2.6229	2.62287	2.62286	2.62284	2.6228	2.62276	2.62275	2.62273	2.62269	2.62265	2.62265	2.62265	2.62264	2.62264	2.62266	2.62269	2.62273	2.62277	2.62281	2.62285	2.62289	2.62292	2.62292	2.62292	2.62292	2.62291	2.62289	2.62287	2.62288	2.62288	2.6229	2.62292	2.62293	2.62294	2.62294	2.62293	2.6229	2.62286	2.62281	2.62277	2.62272	2.62268	2.62265	2.62262	2.62262	2.62262	2.62262	2.62262	2.62266	2.6227	2.62272	2.62274	2.62278	2.62282	2.62284	2.62286	2.62288	2.62291	2.62292	2.62293	2.62293	
2.66892	2.66892	2.66892	2.66892	2.6689	2.66887	2.66886	2.66885	2.66881	2.66878	2.66876	2.66874	2.66871	2.66868	2.66868	2.66868	2.66868	2.66868	2.6687	2.66873	2.66876	2.66879	2.66882	2.66886	2.66889	2.66891	2.66891	2.66891	2.6689	2.6689	2.66889	2.66887	2.66888	2.66888	2.66889	2.6689	2.66891	2.66892	2.66892	2.66892	2.66889	2.66887	2.66883	2.66879	2.66875	2.66872	2.66869	2.66866	2.66866	2.66866	2.66866	2.66866	2.66869	2.66872	2.66874	2.66875	2.66879	2.66882	2.66884	2.66886	2.66888	2.6689	2.66892	2.66893	2.66892	
2.71492	2.71492	2.71492	2.71491	2.71489	2.71487	2.71486	2.71485	2.71482	2.71479	2.71477	2.71476	2.71474	2.71471	2.71471	2.71471	2.71471	2.71471	2.71474	2.71476	2.71479	2.71481	2.71484	2.71487	2.71488	2.7149	2.7149	2.71489	2.71489	2.71489	2.71488	2.71487	2.71487	2.71487	2.71488	2.71489	2.7149	2.7149	2.71491	2.71491	2.71489	2.71487	2.71484	2.71481	2.71478	2.71475	2.71473	2.7147	2.7147	2.71469	2.71469	2.71469	2.71471	2.71474	2.71475	2.71477	2.7148	2.71483	2.71485	2.71486	2.71488	2.7149	2.71491	2.71492	2.71492	
2.76091	2.76091	2.76091	2.76091	2.76089	2.76087	2.76086	2.76085	2.76083	2.7608	2.76079	2.76078	2.76076	2.76074	2.76074	2.76075	2.76075	2.76075	2.76077	2.76079	2.76081	2.76083	2.76085	2.76087	2.76088	2.76089	2.76089	2.76088	2.76088	2.76088	2.76087	2.76087	2.76087	2.76087	2.76088	2.76088	2.76089	2.76089	2.7609	2.7609	2.76089	2.76087	2.76085	2.76083	2.76081	2.76078	2.76076	2.76074	2.76073	2.76073	2.76073	2.76073	2.76074	2.76076	2.76078	2.76079	2.76081	2.76084	2.76085	2.76086	2.76088	2.7609	2.7609	2.76091	2.76091	
2.8069	2.8069	2.8069	2.8069	2.80688	2.80687	2.80686	2.80686	2.80684	2.80682	2.80681	2.8068	2.80679	2.80677	2.80677	2.80678	2.80678	2.80678	2.8068	2.80681	2.80683	2.80684	2.80686	2.80687	2.80688	2.80689	2.80688	2.80688	2.80688	2.80687	2.80687	2.80687	2.80687	2.80687	2.80687	2.80688	2.80688	2.80689	2.80689	2.80689	2.80688	2.80687	2.80686	2.80684	2.80683	2.80681	2.80679	2.80678	2.80677	2.80677	2.80676	2.80676	2.80678	2.80679	2.8068	2.80681	2.80683	2.80684	2.80685	2.80687	2.80688	2.80689	2.8069	2.8069	2.8069	
2.85289	2.85289	2.85289	2.85289	2.85288	2.85287	2.85287	2.85286	2.85285	2.85284	2.85283	2.85283	2.85282	2.85281	2.85281	2.85281	2.85281	2.85281	2.85282	2.85283	2.85284	2.85285	2.85286	2.85287	2.85288	2.85288	2.85288	2.85288	2.85287	2.85287	2.85287	2.85287	2.85287	2.85287	2.85287	2.85288	2.85288	2.85288	2.85288	2.85288	2.85288	2.85287	2.85286	2.85285	2.85284	2.85283	2.85282	2.85281	2.85281	2.8528	2.8528	2.8528	2.85281	2.85282	2.85282	2.85283	2.85284	2.85285	2.85286	2.85287	2.85288	2.85289	2.85289	2.85289	2.85289	
2.89888	2.89888	2.89888	2.89888	2.89888	2.89887	2.89887	2.89887	2.89886	2.89885	2.89885	2.89885	2.89885	2.89884	2.89884	2.89884	2.89884	2.89884	2.89885	2.89885	2.89886	2.89886	2.89887	2.89887	2.89887	2.89888	2.89888	2.89887	2.89887	2.89887	2.89887	2.89887	2.89887	2.89887	2.89887	2.89887	2.89887	2.89888	2.89888	2.89888	2.89888	2.89887	2.89887	2.89886	2.89886	2.89885	2.89885	2.89884	2.89884	2.89884	2.89884	2.89884	2.89884	2.89885	2.89885	2.89885	2.89886	2.89886	2.89887	2.89887	2.89888	2.89888	2.89888	2.89888	2.89888	
2.94487	2.94487	2.94487	2.94487	2.94487	2.94487	2.94487	2.94487	2.94487	2.94487	2.94487	2.94487	2.94487	2.94487	2.94487	2.94487	2.94487	2.94487	2.94487	2.94487	2.94487	2.94487	2.94487	2.94487	2.94487	2.94487	2.94487	2.94487	2.94487	2.94487	2.94487	2.94487	2.94487	2.94487	2.94487	2.94487	2.94487	2.94487	2.94487	2.94487	2.94487	2.94487	2.94487	2.94487	2.94487	2.94487	2.94487	2.94487	2.94487	2.94487	2.94487	2.94487	2.94487	2.94487	2.94487	2.94487	2.94487	2.94487	2.94487	2.94487	2.94487	2.94487	2.94487	2.94487	2.94487	
