y	b	Ri	bdiff	
0	0.0939213	0	0.0413411
6.25	0.120644	0.000545502	0.0200694
10.5375	0.184051	0.0106273	0.00775781
14.0043	0.249752	0.0543504	0.0194343
16.8863	0.295158	0.120161	0.0225923
19.0789	0.314042	0.157627	0.0186093
21.2467	0.344644	0.146799	0.0122608
23.1285	0.357084	0.226543	0.00362146
24.3715	0.352114	0.318835	-0.00400603
25.6846	0.415245	0.391406	-0.0152861
27.0479	0.444782	0.441791	-0.0247687
28.8545	0.470474	0.337237	-0.0333148
31.3001	0.502477	0.165463	-0.0383307
34.1678	0.563053	0.0148557	-0.0339233
37.172	0.629845	0.00114264	-0.0224592
40.4761	0.708212	0.000324295	-0.00780481
46.7261	0.838808	0	-0.000723346
