y	b	Ri	bdiff	
0	0.0982686	0.015625	0.058968
4.38529	0.122938	0.0188915	0.0458856
8.77058	0.17778	0.0740713	0.0287566
12.5502	0.213105	0.108497	0.0192351
15.311	0.252618	0.132987	0.019125
18.1508	0.299927	0.256427	0.0190204
20.2828	0.310221	0.25621	0.0110115
22.392	0.359323	0.151106	0.00369436
23.9127	0.346544	0.149597	-0.00223638
25.1994	0.400434	0.209592	-0.00966174
26.7395	0.422305	0.294166	-0.0181814
28.5051	0.450085	0.289983	-0.0281906
30.9865	0.494958	0.337025	-0.0400501
33.468	0.503605	0.292777	-0.0462857
36.1796	0.571985	0.0578681	-0.0421032
39.4413	0.619382	0.00147967	-0.0210179
43.1273	0.685234	0	-0.00846549
46.8134	0.826767	0	-0.00114485
