y	b	Ri	bdiff	
0	0.119764	0.0390625	0.0853601
3.84615	0.136482	0.223558	0.0712578
7.69231	0.169739	0.216285	0.0387355
11.5385	0.232982	0.0357533	0.0282946
14.5427	0.269852	0.0674294	0.0231482
17.8253	0.296128	0.18474	0.0143865
20.2365	0.339718	0.224318	0.00842484
22.1428	0.360036	0.170771	0.00243979
23.8953	0.383827	0.189529	-0.00627495
25.4908	0.414577	0.2597	-0.0148543
27.2119	0.436895	0.338059	-0.022997
29.2721	0.477359	0.264721	-0.0309586
31.8105	0.503597	0.187731	-0.041464
34.7216	0.563725	0.0952606	-0.0471062
38.0926	0.620733	0.0185683	-0.0369935
41.8722	0.666393	0	-0.0184444
45.6519	0.776167	0	-0.00573942
