y	b	Ri	bdiff	
0	0.111179	0	0.0751663
3.95285	0.124658	0.101848	0.0595003
7.90569	0.166165	0.265595	0.0334724
11.5331	0.212519	0.0839935	0.0250701
14.4591	0.259294	0.0379913	0.0233627
17.3268	0.296153	0.252354	0.0170713
19.6505	0.342522	0.289679	0.0120148
21.7485	0.355089	0.201968	0.00448389
23.9474	0.36907	0.171149	-0.00502493
25.3231	0.413585	0.185	-0.0121549
26.9138	0.441105	0.266161	-0.0198797
28.7682	0.47205	0.355103	-0.0292931
31.2589	0.501241	0.25915	-0.0382672
34.1849	0.53357	0.1096	-0.0470382
37.111	0.586156	0.0281592	-0.0373412
40.4369	0.659097	0	-0.0212228
44.2831	0.737573	0	-0.00851435
