y	b	Ri	bdiff	
0	0.129975	0.191406	0.0961991
3.46688	0.137079	0.295399	0.0763218
6.93375	0.165475	0.262697	0.0464478
10.7799	0.204291	0.0837172	0.0247614
14.0007	0.263625	0.0699596	0.0207875
16.9573	0.30549	0.0914135	0.0154505
19.5358	0.346664	0.218622	0.0108638
21.5358	0.36193	0.1879	0.00537172
23.4096	0.382964	0.179427	-0.0029468
25.0457	0.417634	0.225441	-0.0115735
26.6221	0.449714	0.311316	-0.0210409
28.4727	0.467047	0.284822	-0.0308453
31.0013	0.511008	0.218691	-0.0416909
33.4557	0.553183	0.138022	-0.0465866
36.3817	0.591812	0.0578255	-0.0433343
39.6227	0.664114	0.00985274	-0.0310284
43.2791	0.746079	0.000463719	-0.0158051
46.9355	0.842283	0	-0.00103077
