y	b	Ri	bdiff	
0	0.10701	0.078125	0.056123
4.72456	0.122046	0.0126355	0.0409114
9.44911	0.181469	0.147501	0.021597
12.8913	0.228682	0.28101	0.0195733
15.4906	0.269476	0.129322	0.0191548
18.09	0.296932	0.149623	0.0170419
20.4523	0.321191	0.15384	0.0138258
22.2805	0.369011	0.1574	0.00961648
23.5976	0.364977	0.192153	0.00378253
24.9505	0.394425	0.313678	-0.00607803
26.3048	0.414207	0.415947	-0.0162214
27.9461	0.448109	0.402828	-0.0275306
30.0276	0.464401	0.453726	-0.0394014
32.2659	0.497738	0.355577	-0.041016
35.254	0.565621	0.0778626	-0.0408594
38.4163	0.656141	0.0648022	-0.0231148
44.6663	0.798055	0	-0.0044578
