y	b	Ri	bdiff	
0	0.085959	0	0.0295838
6.25	0.114965	0	0.0108891
11.2879	0.195617	0.00962905	0.00198133
15.6235	0.26214	0.106848	0.0182184
18.8645	0.32555	0.298568	0.0172593
20.6434	0.34287	0.248376	0.0126508
22.3119	0.365595	0.198947	0.00648027
23.6876	0.359167	0.222943	-0.000371583
24.9082	0.387797	0.299705	-0.00824833
26.1713	0.409281	0.402268	-0.0175552
27.4344	0.428054	0.389401	-0.0225977
29.2626	0.468961	0.23772	-0.0291841
31.8411	0.524973	0.0751542	-0.0246986
35.3591	0.609694	0	-0.0159699
38.8771	0.670175	0	-0.00688107
45.1271	0.809519	0	-0.00128123
