y	b	Ri	bdiff	
0	0.0536598	0	0.0061011
6.25	0.0966754	0	0.00168817
12.5	0.191474	0.000573435	0.00206416
17.2246	0.284003	0.00884576	0.00936739
19.706	0.29634	0.114596	0.00484576
21.3635	0.31765	0.135769	0.00376747
22.7119	0.348668	0.121493	0.00165187
23.899	0.354815	0.112693	-0.00108202
25.0802	0.421007	0.145624	-0.0050626
26.3892	0.430658	0.130517	-0.00953904
27.9163	0.461863	0.0826393	-0.0122865
30.1682	0.514359	0.00526242	-0.0102246
33.2054	0.576526	0.00258164	-0.0038628
37.6422	0.664659	0	-0.00107442
43.8922	0.788371	0	-0.000241191
