y	b	Ri	bdiff	
0	0.0635172	0	0.0108191
6.25	0.106557	0	0.0021356
12.5	0.208461	0.00194898	0.00214244
17.2246	0.287206	0.0330463	0.00960301
19.9981	0.327752	0.156961	0.00819358
21.9838	0.367781	0.164034	0.0035086
23.2445	0.368619	0.148026	-0.000774462
24.4356	0.357608	0.187486	-0.00465141
25.572	0.424164	0.231954	-0.0085461
26.7367	0.437963	0.19234	-0.0121912
28.3274	0.471372	0.0745371	-0.0135234
31.0757	0.490863	0.000763121	-0.00922268
33.8239	0.578017	0.000193746	-0.00351675
37.8143	0.667757	0	-0.00125692
44.0643	0.779114	0	-0.000143253
