y	b	Ri	bdiff	
0	0.0864434	0	0.0332182
6.25	0.111191	0	0.0129808
11.0065	0.192594	0.00815958	0.00476835
14.9969	0.270585	0.0913041	0.0221253
17.923	0.304364	0.21036	0.0215056
20.0154	0.335068	0.212108	0.0156555
21.8814	0.339142	0.170905	0.00897186
23.2746	0.368438	0.248834	0.003638
24.493	0.361317	0.364232	-0.00455645
25.6811	0.414	0.491686	-0.015536
26.9861	0.451176	0.521344	-0.024551
28.7354	0.470735	0.32494	-0.0320765
31.1723	0.502978	0.148749	-0.0320221
33.6091	0.549165	0.0202685	-0.0272807
37.1805	0.586138	0.000697994	-0.0144808
40.752	0.71727	0	-0.00382976
47.002	0.817126	0	-0.00103525
