y	b	Ri	bdiff	
0	0.0913746	0	0.0360886
6.25	0.124089	0	0.017272
11.3267	0.197957	0.0159915	0.00930299
15.712	0.279206	0.167945	0.022002
17.8155	0.312523	0.180278	0.0199019
19.845	0.340999	0.210533	0.0165172
21.7512	0.354383	0.192589	0.00886884
23.5507	0.36665	0.24924	0.00119418
24.7692	0.364594	0.37905	-0.00634653
25.992	0.417063	0.508781	-0.0157457
27.3478	0.432557	0.449673	-0.0254516
29.1687	0.45575	0.186397	-0.035097
31.5076	0.496673	0.0915708	-0.0339028
34.9744	0.579596	0.00240763	-0.0247574
38.4413	0.678046	0.0013648	-0.0124001
44.6913	0.775957	0	-0.00210073
