y	b	Ri	bdiff	
0	0.104715	0.015625	0.0609935
4.78913	0.110333	0.0388855	0.0448931
9.57826	0.176365	0.180141	0.0219107
12.7405	0.227881	0.251055	0.0193902
15.3399	0.276682	0.131929	0.0192771
17.9393	0.304076	0.205628	0.0185383
19.8974	0.331958	0.286411	0.0158552
21.7752	0.3418	0.233177	0.00891678
23.5961	0.36859	0.201487	0.00080021
24.9372	0.375992	0.261344	-0.00564066
26.2842	0.434789	0.339218	-0.0145818
27.915	0.461717	0.341501	-0.0252082
29.9495	0.492677	0.391835	-0.0373971
32.3523	0.521564	0.359752	-0.0475902
35.1005	0.572429	0.140361	-0.0467592
38.282	0.634669	0.0515522	-0.0272824
43.0065	0.730729	0	-0.00908342
47.7311	0.843476	0	-0.00103728
