y	b	Ri	bdiff	
0	0.100368	0	0.0501134
5.52158	0.130881	0.0238743	0.0336475
11.0432	0.199887	0.199675	0.0141671
13.3089	0.235269	0.217114	0.0190191
15.3904	0.279653	0.15419	0.0215186
17.7293	0.30769	0.107495	0.0206625
20.0916	0.333269	0.134271	0.0165742
22.1466	0.365035	0.164588	0.00815135
23.6268	0.363899	0.233477	-0.000187309
24.9871	0.394421	0.346784	-0.0106668
26.2868	0.430965	0.384137	-0.0210256
27.6704	0.449419	0.526304	-0.0299063
29.4229	0.471775	0.563755	-0.0371713
31.8174	0.51584	0.240682	-0.0421736
34.9609	0.577518	0.0219736	-0.036979
38.1044	0.663441	0.0141785	-0.021171
44.3544	0.793209	0	-0.00341166
