y	b	Ri	bdiff	
0	0.114406	0.0742188	0.0815987
3.77964	0.13701	0.215581	0.0736689
7.55929	0.171395	0.215861	0.0414361
11.5121	0.22248	0.0417693	0.0272416
14.5836	0.26814	0.0650332	0.0216064
17.6378	0.303528	0.212848	0.0141994
19.9393	0.326216	0.220183	0.00869851
21.9345	0.355951	0.169876	0.00253711
23.6525	0.379054	0.187459	-0.00428796
25.2481	0.404813	0.293366	-0.0117189
26.8894	0.433281	0.388156	-0.0212576
28.7554	0.459654	0.270063	-0.0304399
31.3443	0.44916	0.178816	-0.0379266
34.4512	0.563752	0.0858338	-0.0472341
37.7994	0.640243	0.0283287	-0.0373418
41.4854	0.722342	0	-0.0229138
45.1715	0.791043	0	-0.00774164
