y	b	Ri	bdiff	
0	0.0670892	0	0.0109183
6.25	0.110122	0	0.00219041
12.5	0.207489	0.00223483	0.00207094
17.2246	0.258486	0.0378476	0.00987889
19.6614	0.341495	0.1658	0.00806351
21.5392	0.345972	0.164322	0.00424784
23.0117	0.364666	0.142142	-0.000584238
24.3528	0.374291	0.146818	-0.00394213
25.6028	0.423963	0.197855	-0.00885061
26.8744	0.439342	0.16736	-0.0117497
28.4823	0.465468	0.0563506	-0.0127704
31.3643	0.551032	0.00338379	-0.00808832
35.4743	0.620251	0	-0.00245141
39.5842	0.710828	0	-0.000384289
45.8342	0.823154	0	-0.000272326
