y	b	Ri	bdiff	
0	0.1122	0.0234375	0.0739675
3.95285	0.129481	0.0834549	0.0582241
7.90569	0.165314	0.141677	0.0338404
11.7182	0.227092	0.0327278	0.0255727
15.2103	0.276936	0.0889749	0.0214378
18.1067	0.314531	0.281878	0.0141826
20.6353	0.345249	0.315357	0.00847252
22.6749	0.381358	0.182796	0.00169682
24.1689	0.382408	0.157425	-0.00509944
25.5854	0.401736	0.273007	-0.0128261
27.268	0.433456	0.263764	-0.0221138
29.2491	0.462575	0.266557	-0.0328197
31.7124	0.495281	0.263329	-0.0419809
34.355	0.538115	0.202149	-0.0451365
36.9976	0.580382	0.0290798	-0.0380136
40.1599	0.666337	0	-0.022128
43.8459	0.753672	0	-0.00915811
