y	b	Ri	bdiff	
0	0.0843634	0	0.0297662
6.25	0.105004	0	0.0106071
11.25	0.173658	0.0140155	0.0030109
15.5375	0.270619	0.104942	0.01912
18.7384	0.289681	0.273152	0.0180866
20.7289	0.340207	0.217333	0.0113212
22.1488	0.343784	0.190041	0.00634344
23.4419	0.330564	0.236201	0.00119145
24.6009	0.353121	0.338953	-0.00576929
25.8024	0.421547	0.41629	-0.016539
27.1749	0.448007	0.462797	-0.0250736
28.8547	0.473032	0.310233	-0.0301859
31.4231	0.525783	0.127086	-0.0278336
35.0794	0.602204	0	-0.018197
38.7358	0.666139	0	-0.00810294
44.9858	0.806904	0	-0.00135491
