y	b	Ri	bdiff	
0	0.0749715	0	0.0267662
6.25	0.108713	0	0.0116536
11.1412	0.180676	0.0132935	0.00196583
15.2934	0.257541	0.106044	0.0193486
18.1899	0.313867	0.279022	0.0210804
20.0107	0.332372	0.244732	0.0139979
21.5443	0.344634	0.202522	0.0087891
23.2018	0.353494	0.231762	0.002877
24.4989	0.354861	0.350248	-0.00568473
25.7206	0.417877	0.411408	-0.0159472
27.0432	0.430446	0.468998	-0.0235981
28.7345	0.455045	0.287607	-0.0274775
31.3445	0.518028	0.12439	-0.027685
35.1241	0.593188	0.000593097	-0.0183797
38.9038	0.669224	0.000313774	-0.00803983
45.1538	0.771979	0	-0.00132635
