y	b	Ri	bdiff	
0	0.097314	0	0.0468728
5.85206	0.138459	0.0351984	0.034067
11.7041	0.199692	0.209001	0.0161058
14.0905	0.251988	0.150777	0.0211277
16.5812	0.277621	0.108477	0.0209698
19.0267	0.320578	0.116508	0.0177523
21.2068	0.34478	0.110574	0.0101917
23.1516	0.326634	0.170006	0.00205817
24.4688	0.372251	0.220533	-0.00559493
25.7283	0.412983	0.385385	-0.0153162
27.0665	0.435612	0.512223	-0.0250265
28.7815	0.458545	0.555721	-0.0338904
30.9678	0.479156	0.367264	-0.0412795
33.2129	0.544302	0.0747898	-0.0447461
36.3943	0.600612	0.00146877	-0.0307761
39.5757	0.696533	0.00721375	-0.0145211
45.8257	0.821653	0	-0.00169673
