y	b	Ri	bdiff	
0	0.0595956	0	0.0102308
6.25	0.107231	0	0.00206078
12.5	0.212605	0.00240922	0.00209849
17.2246	0.264725	0.0402133	0.0090683
19.8135	0.320072	0.155727	0.0073402
21.7495	0.362779	0.160638	0.00373948
23.266	0.376717	0.140387	-0.00120533
24.5113	0.377481	0.160908	-0.00472175
25.676	0.433216	0.19323	-0.00846996
26.8795	0.452319	0.157661	-0.0117134
28.5976	0.494026	0.0482259	-0.012585
31.4512	0.552935	0.0037574	-0.00765066
35.5202	0.623429	0	-0.00238791
39.5891	0.700063	0	-0.000390326
45.8391	0.823218	0	-0.000415815
