y	b	Ri	bdiff	
0	0.0553758	0	0.000108466
6.25	0.111397	0	-1.29771e-05
11.9296	0.214298	2.49474e-05	-4.42736e-05
17.171	0.281651	0.00214837	0.000240362
20.1591	0.310098	0.0380946	0.000745014
21.772	0.36275	0.0499116	1.79358e-05
23.0093	0.314897	0.050836	-0.000143733
24.0753	0.367603	0.0559229	-9.89353e-05
25.097	0.41844	0.0639864	0.000153096
26.2095	0.434377	0.0609378	-0.00029126
27.5212	0.47063	0.0220991	-0.000821862
29.6769	0.503168	0.000989865	-0.000351785
32.6811	0.584833	4.10727e-05	-9.31257e-05
36.791	0.655831	0	-4.31188e-05
40.901	0.734866	0	-3.60235e-06
47.151	0.807451	0	-3.70454e-07
