y	b	Ri	bdiff	
0	0.101376	0	0.0443406
6.25	0.13296	0.00302315	0.0245543
10.6353	0.197727	0.0541249	0.010004
14.2067	0.247262	0.136268	0.0216039
16.8832	0.29562	0.149515	0.023903
19.2221	0.320839	0.0630827	0.0186553
21.3837	0.355311	0.0887322	0.0108468
23.4132	0.369374	0.182784	0.00158442
24.6923	0.37504	0.284959	-0.00757506
25.953	0.427618	0.384967	-0.017305
27.478	0.450268	0.487745	-0.0273188
29.4925	0.480589	0.433278	-0.0392193
32.0919	0.526753	0.107095	-0.0411302
35.2169	0.592825	0.00360301	-0.0323485
38.3419	0.64977	0.00285388	-0.018163
44.5919	0.79818	0	-0.00300357
