y	b	Ri	bdiff	
0	0.0817343	0	0.0368518
6.25	0.118505	0	0.0186224
11.1412	0.197692	0.00852172	0.00923989
15.2934	0.248904	0.0876791	0.0202716
18.3824	0.303393	0.179188	0.0181141
20.3185	0.316239	0.161492	0.0152952
21.6957	0.325409	0.222829	0.0105346
23.0698	0.351963	0.24232	0.00544557
24.3329	0.366825	0.451601	-0.00318928
25.6326	0.411269	0.495326	-0.0146725
26.9271	0.438632	0.477526	-0.0240894
28.6154	0.463108	0.294183	-0.032903
31.1838	0.494666	0.123477	-0.0347079
33.7521	0.543883	0.00969035	-0.0326101
37.2965	0.633389	0	-0.0189696
40.8409	0.728578	0	-0.00520449
47.0909	0.845529	0	-0.000666114
