y	b	Ri	bdiff	
0	0.094975	0	0.0422176
6.25	0.125343	0	0.0212018
10.6608	0.184211	1.60883e-05	0.00882041
14.2599	0.249475	0.0516777	0.0202448
17.2321	0.295687	0.151254	0.0228679
19.2871	0.315602	0.169756	0.0194828
21.3632	0.354657	0.169751	0.0122088
23.2214	0.341716	0.218773	0.00209553
24.6678	0.354275	0.331868	-0.00600388
25.9891	0.383185	0.409359	-0.0151146
27.3202	0.416074	0.412976	-0.0239909
28.9804	0.429551	0.265005	-0.030328
31.3348	0.496046	0.145402	-0.0352976
34.276	0.542439	0.0122236	-0.030877
37.2966	0.607837	0.00140676	-0.0202291
40.6226	0.666425	5.38943e-06	-0.00535632
46.8726	0.802153	0	-0.000444433
