y	b	Ri	bdiff	
0	0.0796895	0	0.0247938
6.25	0.119541	0	0.00832028
12.428	0.21981	0.0499026	0.00431796
18.5365	0.284006	0.253716	0.0154709
20.8831	0.344637	0.211862	0.0105897
22.4018	0.339173	0.145081	0.0056787
23.6541	0.345993	0.147361	0.000694214
24.7552	0.362571	0.215886	-0.00415954
25.8212	0.411374	0.313466	-0.0121686
27.0407	0.429123	0.404811	-0.0193254
28.5964	0.469591	0.297148	-0.0253122
30.8483	0.500689	0.0820501	-0.0241835
33.2428	0.563395	0.00610121	-0.0152128
37.1591	0.643166	2.38603e-05	-0.00632409
41.112	0.738224	0	-0.000432121
47.362	0.823742	0	-0.000537113
