y	b	Ri	bdiff	
0	0.0908587	0	0.042495
6.25	0.127876	0.000143051	0.0241821
10.7955	0.190431	0.00927734	0.0106762
14.5431	0.261025	0.123199	0.0221926
17.2547	0.286174	0.141128	0.021818
19.2358	0.313199	0.0708408	0.0177864
21.0389	0.326845	0.103694	0.0125746
22.763	0.343839	0.149202	0.00592632
24.0627	0.354017	0.268131	-0.00138088
25.2966	0.42274	0.372086	-0.0118306
26.7097	0.436517	0.505088	-0.0225419
28.5092	0.470754	0.451091	-0.0330391
31.1299	0.483632	0.227186	-0.0396038
33.7506	0.544336	0.00583459	-0.0370994
36.9129	0.6231	0.000186161	-0.0249163
40.0752	0.687423	0.000209861	-0.0102031
46.3252	0.818193	0	-0.00113078
