y	b	Ri	bdiff	
0	0.082045	0	0.0281431
6.25	0.116485	0	0.00952825
11.3267	0.186882	0.0132854	-0.00166884
15.712	0.258134	0.135832	0.0177632
18.1402	0.320666	0.260298	0.0170455
20.4715	0.326903	0.227929	0.0124945
22.0769	0.352838	0.156811	0.00757938
23.2857	0.339651	0.155093	0.00262563
24.4738	0.355152	0.260041	-0.00396149
25.7111	0.403287	0.373613	-0.0123392
27.0595	0.42163	0.432201	-0.019586
28.8384	0.443888	0.237088	-0.0263255
31.6119	0.534264	0.0672351	-0.0213382
35.4927	0.581292	0	-0.0122031
39.3734	0.703154	0	-0.00343666
45.6234	0.806142	0	-0.000712825
