y	b	Ri	bdiff	
0	0.0966176	0	0.0399878
6.25	0.128182	0	0.0217574
10.7132	0.196337	0.00130685	0.00880161
14.3696	0.257809	0.0503222	0.0209941
17.3261	0.286841	0.152805	0.0220674
19.3556	0.325936	0.171965	0.0189408
21.3751	0.358452	0.175378	0.0116538
23.2256	0.33888	0.221608	0.00227721
24.649	0.345089	0.339612	-0.00631334
25.9421	0.396419	0.422165	-0.0150944
27.295	0.413949	0.430751	-0.0242023
28.9129	0.447357	0.27301	-0.031283
31.1927	0.474917	0.15171	-0.0350638
33.5164	0.549752	0.0188779	-0.034379
36.5707	0.56998	0.0005774	-0.0214505
39.8966	0.673699	0.00151151	-0.0100623
46.1466	0.789008	0	-0.0011219
