y	b	Ri	bdiff	
0	0.0970546	0	0.047271
5.62544	0.133407	0.0264434	0.033228
11.2509	0.196829	0.215016	0.0147138
13.5975	0.233764	0.193791	0.0190984
15.7123	0.271311	0.181271	0.0214361
17.985	0.310795	0.100484	0.0208604
20.1347	0.348497	0.123043	0.0168211
22.1395	0.34506	0.153598	0.00717831
23.6687	0.370343	0.229471	-0.000878777
25.0276	0.380421	0.312503	-0.0101737
26.3629	0.408242	0.408054	-0.0196325
27.7529	0.400231	0.491022	-0.0273476
29.477	0.45869	0.547811	-0.0350605
31.7858	0.490188	0.224551	-0.0405821
34.9108	0.541476	0.0231008	-0.0330613
38.0358	0.640507	0.0145643	-0.0210241
44.2858	0.742485	0	-0.00327012
