y	b	Ri	bdiff	
0	0.106634	0.0234375	0.0655627
4.43678	0.124069	0.0202198	0.0444787
8.87357	0.173336	0.0887919	0.0255536
12.5299	0.225597	0.158431	0.0208299
15.3836	0.275194	0.168241	0.0201594
18.2372	0.285229	0.288544	0.016835
20.0264	0.317341	0.286203	0.0124835
21.9936	0.349748	0.177265	0.00618753
23.5039	0.348915	0.128523	0.000588626
24.8378	0.361338	0.192099	-0.00684211
26.2182	0.429352	0.294034	-0.0149218
27.7739	0.428432	0.295669	-0.0234062
29.676	0.459218	0.306579	-0.0343562
32.195	0.492848	0.308689	-0.0445194
34.883	0.522762	0.14166	-0.0451063
38.008	0.626362	0.0143634	-0.0292279
41.7556	0.706451	0	-0.0114139
45.5033	0.775099	0	-0.00409788
