y	b	Ri	bdiff	
0	0.0830572	0	0.0280663
6.25	0.116088	0	0.00978046
11.1064	0.177563	0.00760177	-0.00199046
15.2164	0.262041	0.0884926	0.0159379
18.0841	0.317976	0.256717	0.0172782
20.1339	0.324309	0.260404	0.0141723
21.7887	0.348846	0.149645	0.00936506
23.3466	0.364878	0.165312	0.0039269
24.7115	0.381848	0.306882	-0.00528048
26.0232	0.421492	0.403548	-0.0154997
27.5439	0.445765	0.457315	-0.0245833
29.5297	0.484392	0.171548	-0.0313124
32.2656	0.54645	0.0453527	-0.0223601
36.1117	0.62707	0	-0.0117487
39.9579	0.703505	0	-0.00303433
46.2079	0.829336	0	-0.000879971
