y	b	Ri	bdiff	
0	0.057373	0	0.00714316
6.25	0.0977986	0	0.00142172
12.5	0.199892	0.00024808	0.00238592
17.1324	0.277208	0.0038181	0.00971798
20.1046	0.305421	0.135819	0.00330724
21.9706	0.351479	0.121548	0.00268432
23.2102	0.36321	0.13106	0.000809637
24.2979	0.328073	0.136923	-0.00224445
25.4504	0.426722	0.124921	-0.00538222
26.7635	0.440487	0.136934	-0.00991871
28.4815	0.446346	0.0680171	-0.0114381
31.1932	0.522913	0.00522266	-0.00706955
34.0609	0.595233	0	-0.0022438
38.1298	0.684294	0	-0.000782049
44.3798	0.784638	0	-0.00025118
