x=200	y=75	z=200	n=65	len=1
b
0.565377	0.565385	0.565382	0.565378	0.565395	0.565411	0.56542	0.565429	0.565457	0.565485	0.565507	0.565529	0.565573	0.565617	0.565656	0.565695	0.565762	0.565829	0.565889	0.56595	0.566049	0.566148	0.566234	0.566319	0.566458	0.566597	0.566696	0.566794	0.56696	0.567125	0.567169	0.567213	0.567309	0.567404	0.567239	0.567075	0.567021	0.566968	0.566788	0.566607	0.566529	0.566451	0.566305	0.56616	0.566101	0.566041	0.565937	0.565832	0.565795	0.565758	0.565685	0.565613	0.565593	0.565573	0.565524	0.565476	0.565468	0.56546	0.565429	0.565399	0.5654	0.5654	0.565384	0.565368	0.565377	
0.565346	0.56535	0.56535	0.56535	0.565362	0.565373	0.565384	0.565396	0.565416	0.565436	0.56546	0.565484	0.565516	0.565548	0.565587	0.565626	0.565675	0.565725	0.565782	0.565839	0.565912	0.565985	0.56606	0.566134	0.566235	0.566335	0.566414	0.566493	0.566606	0.566719	0.566747	0.566774	0.566837	0.5669	0.566789	0.566679	0.566646	0.566613	0.566478	0.566343	0.566284	0.566226	0.566112	0.565999	0.56595	0.565901	0.565817	0.565733	0.5657	0.565667	0.565609	0.56555	0.565531	0.565511	0.565472	0.565434	0.565424	0.565415	0.565391	0.565368	0.565365	0.565363	0.565352	0.565341	0.565346	
0.565354	0.565361	0.565358	0.565355	0.565369	0.565383	0.565389	0.565396	0.565419	0.565441	0.565459	0.565477	0.565511	0.565545	0.565575	0.565605	0.565655	0.565705	0.565749	0.565792	0.565864	0.565935	0.56599	0.566045	0.566139	0.566233	0.566286	0.566339	0.566442	0.566545	0.566553	0.56656	0.566623	0.566686	0.566588	0.566489	0.566475	0.566461	0.566341	0.566221	0.566182	0.566142	0.566038	0.565933	0.565898	0.565863	0.565783	0.565703	0.565679	0.565656	0.565597	0.565539	0.565526	0.565513	0.565473	0.565432	0.565428	0.565423	0.565397	0.565371	0.565373	0.565374	0.56536	0.565346	0.565354	
0.565362	0.565373	0.565366	0.565359	0.565376	0.565392	0.565395	0.565397	0.565422	0.565447	0.565458	0.56547	0.565506	0.565542	0.565563	0.565584	0.565635	0.565686	0.565716	0.565746	0.565816	0.565885	0.56592	0.565955	0.566043	0.566131	0.566157	0.566184	0.566278	0.566371	0.566359	0.566346	0.566409	0.566472	0.566386	0.5663	0.566304	0.566309	0.566204	0.566099	0.566079	0.566059	0.565963	0.565868	0.565847	0.565826	0.565749	0.565672	0.565658	0.565644	0.565586	0.565528	0.565521	0.565515	0.565473	0.565431	0.565431	0.565431	0.565403	0.565375	0.56538	0.565385	0.565368	0.565352	0.565362	
0.565334	0.565341	0.565337	0.565334	0.565346	0.565358	0.565363	0.565368	0.565386	0.565405	0.565419	0.565432	0.56546	0.565488	0.56551	0.565532	0.565572	0.565611	0.565641	0.565672	0.565726	0.56578	0.565814	0.565848	0.565916	0.565983	0.566009	0.566035	0.566106	0.566177	0.56617	0.566162	0.566209	0.566256	0.56619	0.566124	0.566127	0.566129	0.566045	0.565961	0.565944	0.565926	0.565848	0.565769	0.565751	0.565732	0.565668	0.565604	0.56559	0.565577	0.565528	0.56548	0.565472	0.565465	0.565431	0.565396	0.565394	0.565392	0.56537	0.565347	0.565349	0.565352	0.56534	0.565327	0.565334	
0.565306	0.56531	0.565309	0.565308	0.565316	0.565324	0.565331	0.565338	0.565351	0.565364	0.565379	0.565394	0.565414	0.565433	0.565457	0.56548	0.565508	0.565536	0.565567	0.565597	0.565636	0.565674	0.565707	0.565741	0.565788	0.565836	0.565861	0.565886	0.565935	0.565983	0.565981	0.565978	0.566009	0.56604	0.565994	0.565948	0.565949	0.565949	0.565886	0.565823	0.565808	0.565794	0.565732	0.565671	0.565654	0.565638	0.565587	0.565535	0.565523	0.56551	0.565471	0.565432	0.565424	0.565416	0.565388	0.56536	0.565357	0.565354	0.565336	0.565318	0.565319	0.565319	0.565311	0.565302	0.565306	
0.565316	0.565322	0.565319	0.565315	0.565325	0.565336	0.565339	0.565343	0.565358	0.565373	0.565384	0.565395	0.565416	0.565437	0.565455	0.565473	0.565503	0.565532	0.565555	0.565578	0.565617	0.565656	0.56568	0.565704	0.565751	0.565798	0.565813	0.565827	0.565875	0.565923	0.565913	0.565903	0.565936	0.565969	0.565924	0.565879	0.565887	0.565895	0.565835	0.565775	0.565769	0.565763	0.565703	0.565643	0.565634	0.565625	0.565574	0.565523	0.565517	0.56551	0.56547	0.565429	0.565426	0.565423	0.565394	0.565364	0.565364	0.565365	0.565345	0.565325	0.565328	0.565332	0.565321	0.565309	0.565316	
0.565326	0.565335	0.565329	0.565323	0.565335	0.565347	0.565348	0.565348	0.565365	0.565382	0.565389	0.565396	0.565419	0.565442	0.565454	0.565466	0.565497	0.565528	0.565544	0.565559	0.565599	0.565638	0.565652	0.565667	0.565713	0.56576	0.565764	0.565769	0.565815	0.565862	0.565845	0.565829	0.565864	0.565899	0.565855	0.56581	0.565826	0.565841	0.565784	0.565726	0.565729	0.565732	0.565674	0.565616	0.565614	0.565613	0.565562	0.565511	0.56551	0.56551	0.565468	0.565427	0.565429	0.565431	0.565399	0.565367	0.565372	0.565376	0.565354	0.565331	0.565338	0.565345	0.565331	0.565317	0.565326	
0.565301	0.565307	0.565304	0.5653	0.565309	0.565318	0.565321	0.565324	0.565336	0.565348	0.565357	0.565367	0.565383	0.5654	0.565415	0.56543	0.565453	0.565476	0.565494	0.565513	0.565543	0.565573	0.56559	0.565608	0.565643	0.565679	0.565687	0.565696	0.565732	0.565767	0.565757	0.565747	0.565772	0.565798	0.565764	0.56573	0.56574	0.56575	0.565703	0.565655	0.565656	0.565656	0.565607	0.565558	0.565556	0.565553	0.565509	0.565466	0.565464	0.565462	0.565427	0.565391	0.565392	0.565392	0.565365	0.565339	0.565341	0.565344	0.565325	0.565307	0.565311	0.565316	0.565305	0.565295	0.565301	
0.565276	0.565279	0.565279	0.565278	0.565283	0.565288	0.565293	0.565299	0.565306	0.565314	0.565325	0.565337	0.565348	0.565359	0.565376	0.565393	0.565409	0.565424	0.565445	0.565466	0.565487	0.565508	0.565528	0.565548	0.565573	0.565598	0.565611	0.565624	0.565648	0.565672	0.565668	0.565665	0.565681	0.565697	0.565673	0.565649	0.565654	0.565659	0.565622	0.565585	0.565583	0.56558	0.565541	0.565501	0.565497	0.565493	0.565457	0.56542	0.565417	0.565415	0.565385	0.565355	0.565355	0.565354	0.565332	0.56531	0.565311	0.565312	0.565297	0.565283	0.565285	0.565287	0.56528	0.565272	0.565276	
0.565289	0.565295	0.565292	0.565289	0.565296	0.565303	0.565306	0.565309	0.565319	0.565328	0.565337	0.565346	0.565359	0.565372	0.565386	0.5654	0.565417	0.565434	0.565451	0.565468	0.565491	0.565513	0.565529	0.565545	0.565571	0.565598	0.565606	0.565614	0.565639	0.565665	0.565658	0.56565	0.565669	0.565688	0.565662	0.565635	0.565645	0.565654	0.565615	0.565577	0.56558	0.565583	0.565541	0.565499	0.5655	0.565501	0.565462	0.565423	0.565425	0.565427	0.565395	0.565362	0.565365	0.565368	0.565344	0.565319	0.565323	0.565327	0.56531	0.565293	0.565298	0.565303	0.565293	0.565283	0.565289	
0.565302	0.565311	0.565305	0.5653	0.565309	0.565318	0.565319	0.56532	0.565331	0.565342	0.565349	0.565355	0.56537	0.565384	0.565395	0.565406	0.565425	0.565444	0.565458	0.565471	0.565495	0.565519	0.56553	0.565542	0.56557	0.565597	0.565601	0.565604	0.565631	0.565658	0.565647	0.565636	0.565657	0.565679	0.565651	0.565622	0.565636	0.565649	0.565609	0.565569	0.565577	0.565585	0.565541	0.565497	0.565503	0.565509	0.565468	0.565427	0.565433	0.565439	0.565404	0.565369	0.565376	0.565383	0.565355	0.565328	0.565335	0.565343	0.565323	0.565303	0.565311	0.565319	0.565307	0.565294	0.565302	
0.565281	0.565286	0.565283	0.565281	0.565287	0.565293	0.565296	0.5653	0.565307	0.565315	0.565324	0.565334	0.565344	0.565354	0.565369	0.565383	0.565398	0.565412	0.56543	0.565447	0.565466	0.565485	0.565502	0.565519	0.565541	0.565564	0.565573	0.565583	0.565604	0.565625	0.56562	0.565615	0.565631	0.565646	0.565623	0.5656	0.565608	0.565615	0.56558	0.565544	0.565547	0.565551	0.56551	0.56547	0.565473	0.565476	0.565438	0.5654	0.565404	0.565408	0.565376	0.565344	0.565349	0.565354	0.56533	0.565306	0.565311	0.565317	0.5653	0.565283	0.565289	0.565294	0.565285	0.565275	0.565281	
0.565259	0.565262	0.565262	0.565262	0.565265	0.565268	0.565274	0.56528	0.565284	0.565288	0.5653	0.565313	0.565318	0.565324	0.565342	0.565361	0.56537	0.565379	0.565402	0.565424	0.565438	0.565452	0.565474	0.565496	0.565513	0.56553	0.565546	0.565562	0.565577	0.565593	0.565594	0.565595	0.565604	0.565613	0.565596	0.565578	0.56558	0.565581	0.56555	0.565519	0.565518	0.565516	0.56548	0.565444	0.565443	0.565442	0.565408	0.565374	0.565375	0.565377	0.565348	0.56532	0.565323	0.565326	0.565304	0.565283	0.565287	0.56529	0.565277	0.565263	0.565266	0.56527	0.565263	0.565256	0.565259	
0.565276	0.565282	0.565279	0.565277	0.565282	0.565287	0.565292	0.565296	0.565302	0.565308	0.565319	0.56533	0.565338	0.565346	0.565363	0.56538	0.565391	0.565403	0.565424	0.565445	0.565461	0.565478	0.565498	0.565519	0.565538	0.565558	0.565571	0.565584	0.565602	0.56562	0.565618	0.565616	0.565628	0.565639	0.565619	0.565599	0.565604	0.565609	0.565574	0.565539	0.565542	0.565544	0.565503	0.565462	0.565465	0.565469	0.56543	0.56539	0.565396	0.565401	0.565368	0.565335	0.565342	0.565348	0.565323	0.565298	0.565305	0.565312	0.565294	0.565277	0.565284	0.56529	0.56528	0.565271	0.565276	
0.565293	0.565301	0.565297	0.565292	0.565299	0.565307	0.565309	0.565312	0.56532	0.565329	0.565338	0.565347	0.565357	0.565368	0.565383	0.565398	0.565413	0.565427	0.565446	0.565466	0.565485	0.565504	0.565522	0.565541	0.565563	0.565585	0.565596	0.565606	0.565626	0.565647	0.565642	0.565637	0.565651	0.565665	0.565642	0.565619	0.565628	0.565636	0.565597	0.565559	0.565565	0.565572	0.565526	0.56548	0.565488	0.565495	0.565451	0.565407	0.565416	0.565426	0.565388	0.565351	0.565361	0.565371	0.565342	0.565313	0.565323	0.565333	0.565312	0.565292	0.565301	0.56531	0.565298	0.565285	0.565293	
0.565275	0.56528	0.565278	0.565276	0.565281	0.565286	0.565291	0.565297	0.565302	0.565307	0.565321	0.565334	0.565341	0.565348	0.565369	0.56539	0.565401	0.565413	0.565439	0.565465	0.565482	0.5655	0.565527	0.565554	0.565575	0.565596	0.565615	0.565635	0.565652	0.56567	0.565672	0.565674	0.565682	0.565691	0.565672	0.565652	0.565653	0.565654	0.565615	0.565577	0.565576	0.565575	0.565529	0.565483	0.565484	0.565486	0.565442	0.565399	0.565404	0.565409	0.565373	0.565337	0.565344	0.565351	0.565324	0.565297	0.565304	0.565312	0.565294	0.565276	0.565282	0.565289	0.565279	0.565269	0.565275	
0.565256	0.565259	0.56526	0.565261	0.565263	0.565264	0.565273	0.565282	0.565284	0.565286	0.565304	0.565321	0.565325	0.565329	0.565355	0.565381	0.56539	0.565398	0.565432	0.565465	0.56548	0.565495	0.565531	0.565567	0.565586	0.565606	0.565634	0.565663	0.565678	0.565693	0.565702	0.56571	0.565714	0.565717	0.565701	0.565685	0.565678	0.565672	0.565633	0.565595	0.565587	0.565578	0.565531	0.565485	0.565481	0.565477	0.565434	0.56539	0.565391	0.565393	0.565358	0.565323	0.565327	0.565332	0.565306	0.565281	0.565286	0.565291	0.565275	0.565259	0.565264	0.565268	0.565261	0.565253	0.565256	
0.565278	0.565283	0.565282	0.56528	0.565285	0.565289	0.565297	0.565304	0.565309	0.565314	0.56533	0.565347	0.565354	0.565361	0.565387	0.565412	0.565425	0.565437	0.56547	0.565503	0.565522	0.565542	0.565577	0.565612	0.565635	0.565658	0.565684	0.56571	0.565728	0.565745	0.56575	0.565755	0.565761	0.565767	0.565748	0.565729	0.565726	0.565724	0.56568	0.565637	0.565633	0.565629	0.565575	0.565521	0.565521	0.565522	0.565471	0.565419	0.565425	0.565431	0.565389	0.565347	0.565355	0.565363	0.565333	0.565302	0.56531	0.565319	0.565299	0.565279	0.565286	0.565293	0.565282	0.565272	0.565278	
0.565299	0.565308	0.565304	0.5653	0.565307	0.565315	0.56532	0.565326	0.565334	0.565341	0.565357	0.565372	0.565383	0.565393	0.565418	0.565443	0.56546	0.565476	0.565509	0.565541	0.565565	0.565588	0.565622	0.565657	0.565683	0.56571	0.565734	0.565758	0.565777	0.565797	0.565798	0.565799	0.565808	0.565816	0.565794	0.565773	0.565774	0.565776	0.565727	0.565678	0.565679	0.565679	0.565618	0.565556	0.565562	0.565567	0.565508	0.565449	0.565459	0.565469	0.56542	0.565371	0.565383	0.565395	0.565359	0.565323	0.565335	0.565346	0.565322	0.565298	0.565308	0.565318	0.565304	0.565291	0.565299	
0.565283	0.565289	0.565288	0.565288	0.565292	0.565297	0.565306	0.565316	0.565321	0.565326	0.565347	0.565368	0.565376	0.565384	0.565416	0.565449	0.565464	0.565479	0.565522	0.565565	0.565589	0.565614	0.56566	0.565706	0.565735	0.565764	0.565799	0.565834	0.56585	0.565867	0.565873	0.56588	0.565882	0.565885	0.565868	0.565852	0.565846	0.56584	0.565789	0.565738	0.565729	0.565719	0.565653	0.565587	0.565584	0.565581	0.565519	0.565457	0.565462	0.565466	0.565417	0.565367	0.565375	0.565383	0.565348	0.565313	0.565322	0.56533	0.565308	0.565285	0.565293	0.5653	0.565289	0.565278	0.565283	
0.565268	0.565271	0.565273	0.565276	0.565277	0.565279	0.565293	0.565307	0.565308	0.56531	0.565337	0.565363	0.565369	0.565374	0.565414	0.565455	0.565468	0.565482	0.565535	0.565588	0.565614	0.565639	0.565698	0.565756	0.565787	0.565817	0.565863	0.56591	0.565923	0.565937	0.565949	0.565961	0.565957	0.565953	0.565942	0.565931	0.565917	0.565904	0.565851	0.565798	0.565778	0.565758	0.565688	0.565618	0.565607	0.565595	0.565531	0.565466	0.565465	0.565463	0.565413	0.565363	0.565367	0.565372	0.565337	0.565303	0.565308	0.565314	0.565293	0.565273	0.565278	0.565282	0.565274	0.565265	0.565268	
0.565294	0.5653	0.5653	0.565299	0.565305	0.56531	0.565322	0.565334	0.56534	0.565346	0.565371	0.565397	0.565407	0.565418	0.565458	0.565498	0.565518	0.565538	0.565591	0.565644	0.565676	0.565708	0.565765	0.565821	0.565856	0.565892	0.565932	0.565972	0.565984	0.565997	0.566	0.566004	0.566002	0.566001	0.56599	0.565979	0.565975	0.56597	0.565912	0.565854	0.565842	0.56583	0.56575	0.565669	0.565664	0.565659	0.565583	0.565507	0.565511	0.565515	0.565456	0.565396	0.565405	0.565413	0.565372	0.56533	0.565339	0.565349	0.565323	0.565297	0.565305	0.565313	0.5653	0.565287	0.565294	
0.56532	0.565329	0.565326	0.565323	0.565332	0.565341	0.565351	0.565361	0.565371	0.565381	0.565406	0.56543	0.565446	0.565462	0.565501	0.565541	0.565567	0.565593	0.565646	0.565699	0.565738	0.565776	0.565832	0.565887	0.565926	0.565966	0.566	0.566034	0.566046	0.566056	0.566052	0.566047	0.566047	0.566048	0.566038	0.566027	0.566032	0.566036	0.565973	0.565909	0.565906	0.565902	0.565811	0.565719	0.565721	0.565723	0.565636	0.565548	0.565558	0.565567	0.565498	0.565429	0.565442	0.565455	0.565406	0.565357	0.56537	0.565383	0.565352	0.56532	0.565332	0.565343	0.565327	0.56531	0.56532	
0.565307	0.565313	0.565314	0.565314	0.56532	0.565326	0.565341	0.565356	0.565363	0.56537	0.565402	0.565434	0.565447	0.56546	0.56551	0.56556	0.565585	0.56561	0.565676	0.565743	0.565783	0.565823	0.565892	0.565962	0.565999	0.566036	0.566078	0.566119	0.566106	0.566092	0.566072	0.566052	0.566043	0.566033	0.566051	0.566069	0.566085	0.566101	0.566043	0.565984	0.565973	0.565962	0.565866	0.56577	0.565762	0.565754	0.565663	0.565571	0.565573	0.565575	0.565504	0.565434	0.565441	0.56545	0.565401	0.565352	0.565361	0.565371	0.565341	0.565311	0.56532	0.565328	0.565314	0.5653	0.565307	
0.565294	0.565297	0.565301	0.565306	0.565308	0.565311	0.565331	0.565351	0.565355	0.565359	0.565398	0.565437	0.565448	0.565458	0.565518	0.565578	0.565603	0.565627	0.565707	0.565787	0.565828	0.565869	0.565953	0.566038	0.566072	0.566106	0.566155	0.566204	0.566166	0.566128	0.566092	0.566057	0.566038	0.566019	0.566065	0.56611	0.566139	0.566167	0.566113	0.566059	0.56604	0.566022	0.565921	0.56582	0.565803	0.565785	0.565689	0.565593	0.565588	0.565583	0.56551	0.565438	0.565441	0.565444	0.565396	0.565347	0.565353	0.565358	0.56533	0.565303	0.565307	0.565312	0.565301	0.56529	0.565294	
0.565324	0.565331	0.565332	0.565333	0.56534	0.565347	0.565365	0.565383	0.565393	0.565403	0.56544	0.565478	0.565496	0.565514	0.565573	0.565632	0.565667	0.565701	0.565779	0.565857	0.565909	0.565961	0.56604	0.566118	0.566155	0.566193	0.566225	0.566258	0.56618	0.566102	0.566046	0.565989	0.565968	0.565946	0.56601	0.566073	0.566145	0.566216	0.566163	0.566109	0.566109	0.56611	0.565995	0.56588	0.565874	0.565869	0.565757	0.565645	0.565647	0.56565	0.565564	0.565479	0.565487	0.565496	0.565438	0.56538	0.56539	0.5654	0.565365	0.56533	0.565339	0.565348	0.565332	0.565316	0.565324	
0.565354	0.565366	0.565363	0.56536	0.565372	0.565384	0.5654	0.565415	0.565431	0.565447	0.565483	0.565518	0.565544	0.565571	0.565628	0.565686	0.565731	0.565776	0.565851	0.565927	0.56599	0.566054	0.566126	0.566198	0.566238	0.566279	0.566295	0.566311	0.566193	0.566076	0.565999	0.565922	0.565898	0.565874	0.565955	0.566036	0.566151	0.566265	0.566212	0.566159	0.566178	0.566198	0.566069	0.565939	0.565946	0.565952	0.565824	0.565696	0.565707	0.565718	0.565618	0.565519	0.565534	0.565548	0.56548	0.565412	0.565427	0.565442	0.5654	0.565358	0.565371	0.565384	0.565363	0.565342	0.565354	
0.565343	0.565351	0.565353	0.565354	0.565363	0.565371	0.565393	0.565414	0.565427	0.565439	0.565483	0.565528	0.565551	0.565573	0.565644	0.565714	0.565756	0.565797	0.56589	0.565983	0.56604	0.566098	0.566186	0.566275	0.566286	0.566297	0.566291	0.566284	0.566056	0.565828	0.56573	0.565631	0.565606	0.565581	0.565662	0.565743	0.565971	0.5662	0.566192	0.566184	0.566215	0.566245	0.566116	0.565987	0.565986	0.565985	0.565855	0.565724	0.565727	0.565729	0.565629	0.565529	0.565537	0.565545	0.565478	0.565412	0.565421	0.565431	0.565391	0.565352	0.565361	0.56537	0.565352	0.565335	0.565343	
0.565332	0.565336	0.565342	0.565349	0.565353	0.565358	0.565386	0.565414	0.565422	0.56543	0.565484	0.565538	0.565557	0.565575	0.565659	0.565743	0.565781	0.565819	0.565929	0.566039	0.56609	0.566142	0.566247	0.566353	0.566334	0.566316	0.566287	0.566258	0.565919	0.56558	0.565461	0.56534	0.565314	0.565288	0.565368	0.565449	0.565792	0.566136	0.566173	0.56621	0.566251	0.566291	0.566163	0.566034	0.566026	0.566018	0.565885	0.565753	0.565747	0.56574	0.56564	0.56554	0.565541	0.565542	0.565477	0.565411	0.565416	0.56542	0.565383	0.565346	0.565351	0.565356	0.565342	0.565328	0.565332	
0.565365	0.565374	0.565376	0.565378	0.565389	0.565399	0.565424	0.565449	0.565465	0.565482	0.565532	0.565583	0.565614	0.565644	0.565724	0.565804	0.565859	0.565913	0.566017	0.566121	0.56619	0.56626	0.566353	0.566447	0.566421	0.566395	0.566331	0.566267	0.566032	0.565797	0.565999	0.566201	0.566146	0.566092	0.565967	0.565843	0.565985	0.566128	0.566174	0.56622	0.566309	0.566398	0.566247	0.566095	0.56611	0.566124	0.565968	0.565812	0.565818	0.565823	0.565705	0.565587	0.565596	0.565604	0.565526	0.565448	0.565458	0.565468	0.565422	0.565377	0.565386	0.565396	0.565376	0.565356	0.565365	
0.565398	0.565412	0.56541	0.565408	0.565424	0.565441	0.565462	0.565483	0.565508	0.565533	0.565581	0.565628	0.565671	0.565714	0.56579	0.565866	0.565937	0.566008	0.566106	0.566203	0.56629	0.566377	0.566459	0.566541	0.566508	0.566475	0.566376	0.566277	0.566145	0.566014	0.566537	0.567062	0.566979	0.566896	0.566566	0.566236	0.566179	0.566121	0.566175	0.56623	0.566367	0.566504	0.56633	0.566156	0.566193	0.56623	0.56605	0.565871	0.565889	0.565906	0.565771	0.565635	0.56565	0.565666	0.565576	0.565486	0.565501	0.565516	0.565462	0.565408	0.565422	0.565436	0.56541	0.565384	0.565398	
0.565388	0.565398	0.565401	0.565404	0.565416	0.565428	0.565457	0.565485	0.565506	0.565526	0.565584	0.565643	0.56568	0.565717	0.56581	0.565903	0.565967	0.56603	0.566152	0.566275	0.566347	0.566419	0.566533	0.566647	0.566565	0.566483	0.566447	0.56641	0.566243	0.566076	0.566478	0.566881	0.566677	0.566473	0.566325	0.566178	0.566191	0.566205	0.566227	0.566248	0.566395	0.566541	0.566375	0.566208	0.566232	0.566257	0.566081	0.565906	0.565911	0.565916	0.565783	0.56565	0.565656	0.565662	0.565575	0.565488	0.565496	0.565504	0.565454	0.565404	0.565413	0.565422	0.5654	0.565378	0.565388	
0.565378	0.565383	0.565391	0.5654	0.565407	0.565415	0.565451	0.565488	0.565503	0.565518	0.565588	0.565658	0.565689	0.56572	0.56583	0.565941	0.565996	0.566052	0.566199	0.566346	0.566403	0.56646	0.566607	0.566754	0.566623	0.566492	0.566518	0.566544	0.566341	0.566447	0.567029	0.567268	0.566785	0.566514	0.566715	0.566434	0.566158	0.56629	0.566278	0.566266	0.566422	0.566578	0.566419	0.56626	0.566272	0.566284	0.566112	0.565941	0.565933	0.565925	0.565795	0.565665	0.565661	0.565658	0.565574	0.565491	0.565492	0.565493	0.565447	0.5654	0.565404	0.565407	0.56539	0.565373	0.565378	
0.565413	0.565423	0.565426	0.565429	0.565445	0.56546	0.565491	0.565522	0.565549	0.565575	0.565639	0.565703	0.565751	0.5658	0.565902	0.566005	0.566086	0.566168	0.566302	0.566437	0.56653	0.566623	0.566751	0.56688	0.566789	0.566698	0.566768	0.566838	0.566347	0.565994	0.566634	0.567852	0.568551	0.567899	0.567019	0.566467	0.566302	0.566538	0.566422	0.566306	0.566528	0.56675	0.566543	0.566335	0.566378	0.566421	0.566216	0.566011	0.566017	0.566024	0.565871	0.565719	0.565723	0.565728	0.56563	0.565531	0.565538	0.565545	0.565489	0.565433	0.565442	0.56545	0.565426	0.565402	0.565413	
0.565447	0.565464	0.565462	0.565459	0.565482	0.565505	0.565531	0.565557	0.565595	0.565632	0.565691	0.565749	0.565814	0.565879	0.565974	0.566069	0.566176	0.566284	0.566406	0.566529	0.566657	0.566786	0.566896	0.567005	0.566955	0.566904	0.567018	0.567132	0.566354	0.565707	0.56592	0.56745	0.56907	0.568244	0.566752	0.566029	0.566102	0.566787	0.566566	0.566346	0.566633	0.566921	0.566666	0.566411	0.566485	0.566558	0.56632	0.566081	0.566102	0.566122	0.565948	0.565773	0.565786	0.565798	0.565685	0.565572	0.565585	0.565597	0.565531	0.565465	0.565479	0.565493	0.565462	0.565431	0.565447	
0.565436	0.565448	0.565452	0.565455	0.565473	0.565491	0.565526	0.56556	0.565592	0.565624	0.565696	0.565767	0.565826	0.565884	0.566001	0.566117	0.566217	0.566316	0.566471	0.566626	0.566747	0.566868	0.567005	0.567143	0.567116	0.567089	0.567155	0.567221	0.566331	0.565922	0.565971	0.566203	0.566612	0.566819	0.565094	0.564648	0.565408	0.566372	0.566445	0.566518	0.566694	0.56687	0.566699	0.566527	0.566552	0.566576	0.566358	0.56614	0.566133	0.566127	0.565961	0.565795	0.565793	0.56579	0.565683	0.565577	0.56558	0.565583	0.565523	0.565462	0.565469	0.565477	0.565451	0.565425	0.565436	
0.565426	0.565431	0.565441	0.565452	0.565464	0.565477	0.56552	0.565563	0.56559	0.565616	0.565701	0.565785	0.565837	0.565889	0.566027	0.566165	0.566257	0.566349	0.566536	0.566723	0.566836	0.56695	0.567115	0.56728	0.567277	0.567273	0.567292	0.567311	0.566308	0.565618	0.567464	0.569512	0.575966	0.568226	0.562546	0.562368	0.564131	0.565958	0.566325	0.566691	0.566756	0.56682	0.566732	0.566644	0.566619	0.566594	0.566396	0.566198	0.566165	0.566133	0.565975	0.565818	0.565799	0.565781	0.565681	0.565582	0.565575	0.565568	0.565514	0.565459	0.56546	0.56546	0.56544	0.56542	0.565426	
0.56546	0.565472	0.565476	0.565479	0.565501	0.565522	0.565559	0.565595	0.565634	0.565674	0.56575	0.565827	0.5659	0.565973	0.566098	0.566223	0.566351	0.566479	0.566642	0.566805	0.566974	0.567143	0.567251	0.567359	0.567393	0.567426	0.566728	0.56603	0.565058	0.563696	0.57138	0.592272	0.571452	0.562281	0.557694	0.55738	0.561838	0.565545	0.566029	0.566513	0.566769	0.567024	0.56688	0.566736	0.566745	0.566754	0.566518	0.566282	0.566261	0.56624	0.566059	0.565878	0.565866	0.565855	0.56574	0.565624	0.565623	0.565621	0.565557	0.565492	0.565497	0.565503	0.565475	0.565448	0.56546	
0.565494	0.565512	0.56551	0.565507	0.565537	0.565567	0.565597	0.565627	0.565679	0.565732	0.5658	0.565868	0.565962	0.566056	0.566169	0.566282	0.566445	0.566608	0.566748	0.566887	0.567112	0.567336	0.567388	0.567439	0.567509	0.567579	0.566164	0.56475	0.563809	0.561301	0.595143	0.634982	0.62858	0.642231	0.557969	0.554551	0.558923	0.565132	0.565734	0.566335	0.566782	0.567229	0.567029	0.566829	0.566872	0.566915	0.56664	0.566366	0.566357	0.566348	0.566143	0.565939	0.565933	0.565928	0.565798	0.565667	0.565671	0.565675	0.5656	0.565524	0.565535	0.565546	0.565511	0.565476	0.565494	
0.56548	0.565493	0.565497	0.565501	0.565525	0.56555	0.565588	0.565627	0.565673	0.565719	0.565801	0.565884	0.565971	0.566059	0.566197	0.566336	0.566493	0.56665	0.566838	0.567027	0.567243	0.567458	0.56758	0.567701	0.567682	0.567663	0.565949	0.564235	0.562466	0.558466	0.567974	0.643297	0.691583	0.648618	0.57922	0.561595	0.559507	0.566265	0.566395	0.566525	0.566934	0.567343	0.567185	0.567028	0.567005	0.566982	0.566714	0.566447	0.5664	0.566352	0.566158	0.565963	0.565937	0.565912	0.565791	0.565669	0.565662	0.565654	0.565586	0.565519	0.565522	0.565525	0.565497	0.565468	0.56548	
0.565467	0.565473	0.565484	0.565495	0.565513	0.565532	0.56558	0.565627	0.565667	0.565707	0.565803	0.565899	0.56598	0.566061	0.566225	0.56639	0.56654	0.566691	0.566928	0.567166	0.567373	0.56758	0.567772	0.567964	0.567855	0.567747	0.565734	0.563721	0.561123	0.55478	0.559079	0.613296	0.692572	0.630736	0.614666	0.569948	0.563863	0.567397	0.567056	0.566714	0.567085	0.567456	0.567341	0.567227	0.567138	0.567049	0.566789	0.566529	0.566442	0.566356	0.566172	0.565987	0.565941	0.565896	0.565784	0.565671	0.565652	0.565633	0.565573	0.565513	0.565509	0.565504	0.565482	0.56546	0.565467	
0.565498	0.565511	0.565514	0.565518	0.565546	0.565573	0.565613	0.565652	0.565705	0.565758	0.565844	0.56593	0.566032	0.566133	0.566285	0.566436	0.56662	0.566804	0.56703	0.567256	0.567512	0.567768	0.567918	0.568067	0.567942	0.567818	0.566187	0.564556	0.562991	0.554486	0.563501	0.580685	0.644604	0.655195	0.613065	0.56809	0.566649	0.567855	0.567031	0.566206	0.566884	0.567562	0.567396	0.567231	0.567218	0.567206	0.566905	0.566604	0.566532	0.566461	0.566252	0.566044	0.566005	0.565965	0.565838	0.565711	0.565697	0.565683	0.565613	0.565543	0.565544	0.565545	0.565515	0.565485	0.565498	
0.565529	0.565548	0.565545	0.565542	0.565578	0.565614	0.565646	0.565677	0.565744	0.56581	0.565886	0.565962	0.566084	0.566206	0.566344	0.566482	0.5667	0.566917	0.567132	0.567346	0.567651	0.567956	0.568063	0.56817	0.568029	0.567888	0.566639	0.56539	0.564859	0.562146	0.574113	0.586666	0.607705	0.614318	0.568058	0.564318	0.567041	0.568313	0.567005	0.565698	0.566682	0.567667	0.567451	0.567234	0.567299	0.567363	0.567022	0.56668	0.566622	0.566565	0.566333	0.566101	0.566068	0.566035	0.565893	0.565751	0.565742	0.565733	0.565653	0.565573	0.565579	0.565585	0.565547	0.56551	0.565529	
0.56551	0.565523	0.565527	0.56553	0.56556	0.56559	0.56563	0.565669	0.565728	0.565786	0.565875	0.565963	0.566076	0.566188	0.56635	0.566511	0.566719	0.566926	0.56719	0.567454	0.567751	0.568047	0.568195	0.568344	0.568335	0.568325	0.567741	0.567156	0.566475	0.570047	0.574572	0.56203	0.563949	0.562125	0.557284	0.563701	0.565797	0.567496	0.566818	0.56614	0.567073	0.568005	0.567757	0.567509	0.56746	0.567411	0.567074	0.566736	0.566639	0.566542	0.566324	0.566106	0.566054	0.566002	0.565872	0.565743	0.565723	0.565702	0.565632	0.565561	0.565559	0.565558	0.565528	0.565498	0.56551	
0.565492	0.565498	0.565509	0.565519	0.565543	0.565566	0.565614	0.565661	0.565712	0.565763	0.565864	0.565965	0.566067	0.56617	0.566355	0.566541	0.566738	0.566935	0.567249	0.567563	0.56785	0.568137	0.568327	0.568518	0.56864	0.568763	0.568843	0.568923	0.568091	0.572493	0.573988	0.556237	0.548442	0.54988	0.556041	0.561926	0.564207	0.566679	0.566631	0.566582	0.567463	0.568343	0.568064	0.567784	0.567621	0.567459	0.567125	0.566792	0.566656	0.56652	0.566315	0.56611	0.56604	0.565969	0.565852	0.565734	0.565703	0.565672	0.56561	0.565549	0.56554	0.565531	0.565508	0.565485	0.565492	
0.565518	0.56553	0.565534	0.565537	0.565568	0.565599	0.565639	0.565678	0.56574	0.565802	0.565891	0.56598	0.566099	0.566218	0.566387	0.566556	0.566778	0.567	0.567297	0.567594	0.567927	0.568259	0.568466	0.568674	0.56903	0.569386	0.570269	0.571152	0.568449	0.571239	0.581479	0.569974	0.558936	0.552042	0.555496	0.560491	0.564287	0.568731	0.568175	0.567619	0.568195	0.568771	0.568404	0.568036	0.567831	0.567626	0.567257	0.566888	0.566749	0.566611	0.566386	0.566161	0.566094	0.566027	0.565897	0.565767	0.56574	0.565714	0.565643	0.565573	0.565569	0.565565	0.565535	0.565505	0.565518	
0.565543	0.565562	0.565558	0.565554	0.565594	0.565633	0.565663	0.565694	0.565767	0.56584	0.565918	0.565995	0.566131	0.566267	0.566419	0.566571	0.566818	0.567065	0.567345	0.567626	0.568003	0.568381	0.568605	0.568829	0.569419	0.570009	0.571695	0.573381	0.568808	0.567938	0.576558	0.57399	0.560764	0.550357	0.554615	0.558874	0.564829	0.570784	0.56972	0.568656	0.568928	0.569199	0.568743	0.568288	0.568041	0.567794	0.567389	0.566983	0.566842	0.566701	0.566456	0.566212	0.566148	0.566084	0.565942	0.565799	0.565778	0.565756	0.565676	0.565597	0.565598	0.5656	0.565562	0.565525	0.565543	
0.565519	0.565531	0.565534	0.565537	0.565569	0.565601	0.565638	0.565675	0.565739	0.565802	0.565888	0.565974	0.566096	0.566217	0.566385	0.566552	0.566781	0.567009	0.56732	0.567631	0.568016	0.568402	0.568788	0.569174	0.569951	0.570727	0.572125	0.573523	0.569209	0.56649	0.567289	0.563854	0.554551	0.549858	0.555209	0.560561	0.565566	0.570571	0.569948	0.569325	0.569434	0.569543	0.56897	0.568398	0.568074	0.56775	0.567356	0.566962	0.566797	0.566633	0.566407	0.566182	0.566106	0.56603	0.565902	0.565774	0.565744	0.565714	0.565645	0.565576	0.565571	0.565566	0.565536	0.565507	0.565519	
0.565495	0.565501	0.56551	0.565519	0.565544	0.565568	0.565612	0.565657	0.56571	0.565763	0.565858	0.565954	0.56606	0.566167	0.56635	0.566534	0.566743	0.566952	0.567294	0.567635	0.568029	0.568422	0.568971	0.56952	0.570483	0.571446	0.572555	0.573665	0.56961	0.567061	0.560188	0.552426	0.550835	0.549358	0.555803	0.562248	0.566304	0.570359	0.570176	0.569993	0.56994	0.569886	0.569197	0.568508	0.568107	0.567705	0.567323	0.566941	0.566753	0.566565	0.566358	0.566152	0.566063	0.565975	0.565862	0.565749	0.565711	0.565673	0.565615	0.565556	0.565544	0.565533	0.565511	0.565489	0.565495	
0.565514	0.565526	0.565528	0.56553	0.565562	0.565593	0.565628	0.565663	0.565726	0.565788	0.56587	0.565952	0.56607	0.566188	0.56635	0.566513	0.566737	0.566961	0.56727	0.567578	0.567995	0.568412	0.568953	0.569493	0.570333	0.571173	0.572063	0.572953	0.570821	0.568468	0.561765	0.555505	0.554349	0.553969	0.559162	0.564355	0.567665	0.570975	0.570908	0.570842	0.570549	0.570257	0.569439	0.568622	0.568202	0.567782	0.567381	0.566981	0.566796	0.566612	0.566394	0.566176	0.566094	0.566012	0.56589	0.565768	0.565736	0.565704	0.565638	0.565572	0.565566	0.565559	0.565531	0.565503	0.565514	
0.565534	0.565551	0.565546	0.565541	0.56558	0.565618	0.565644	0.56567	0.565741	0.565812	0.565881	0.56595	0.56608	0.56621	0.566351	0.566491	0.566731	0.566971	0.567246	0.567521	0.567961	0.568401	0.568934	0.569467	0.570183	0.5709	0.571571	0.572242	0.572032	0.571823	0.56689	0.561956	0.560268	0.558579	0.56252	0.566461	0.569026	0.571591	0.571641	0.57169	0.571159	0.570628	0.569682	0.568736	0.568297	0.567858	0.567439	0.567021	0.566839	0.566658	0.566429	0.5662	0.566124	0.566048	0.565918	0.565787	0.565761	0.565734	0.565661	0.565588	0.565587	0.565586	0.565551	0.565516	0.565534	
0.565504	0.565516	0.565517	0.565518	0.565548	0.565579	0.56561	0.565642	0.565701	0.565761	0.565835	0.565909	0.566021	0.566132	0.566279	0.566426	0.566636	0.566845	0.567131	0.567416	0.567813	0.568209	0.568772	0.569334	0.570081	0.570828	0.571694	0.572561	0.573125	0.57369	0.572065	0.570441	0.567392	0.564344	0.566701	0.569059	0.57087	0.572681	0.572268	0.571854	0.571068	0.570282	0.569404	0.568526	0.568098	0.56767	0.567289	0.566908	0.566725	0.566543	0.566339	0.566135	0.566055	0.565975	0.565862	0.565747	0.565716	0.565684	0.565622	0.56556	0.565554	0.565548	0.56552	0.565493	0.565504	
0.565475	0.565481	0.565487	0.565494	0.565517	0.56554	0.565577	0.565613	0.565661	0.56571	0.565789	0.565868	0.565961	0.566054	0.566208	0.566361	0.56654	0.56672	0.567016	0.567312	0.567665	0.568017	0.568609	0.569201	0.569978	0.570756	0.571818	0.57288	0.574218	0.575556	0.577241	0.578926	0.574517	0.570108	0.570882	0.571657	0.572714	0.573772	0.572895	0.572019	0.570978	0.569937	0.569127	0.568317	0.567899	0.567482	0.567138	0.566795	0.566611	0.566428	0.566249	0.56607	0.565986	0.565903	0.565805	0.565708	0.565671	0.565634	0.565583	0.565532	0.565521	0.565509	0.565489	0.565469	0.565475	
0.565489	0.565499	0.5655	0.5655	0.565529	0.565557	0.565585	0.565613	0.565668	0.565723	0.565789	0.565855	0.565956	0.566056	0.566187	0.566318	0.566505	0.566692	0.566948	0.567205	0.567561	0.567916	0.568444	0.568972	0.569772	0.570572	0.571624	0.572676	0.574166	0.575656	0.577464	0.579272	0.5762	0.573128	0.573463	0.573799	0.573834	0.573869	0.572767	0.571664	0.57066	0.569656	0.568922	0.568187	0.567809	0.56743	0.567095	0.56676	0.566594	0.566428	0.566247	0.566065	0.565992	0.565918	0.565816	0.565713	0.565684	0.565654	0.565597	0.565541	0.565535	0.565529	0.565503	0.565478	0.565489	
0.565502	0.565518	0.565512	0.565506	0.56554	0.565575	0.565594	0.565613	0.565675	0.565736	0.565789	0.565842	0.56595	0.566059	0.566167	0.566276	0.56647	0.566663	0.566881	0.567098	0.567457	0.567815	0.56828	0.568744	0.569566	0.570388	0.57143	0.572472	0.574114	0.575756	0.577686	0.579617	0.577882	0.576147	0.576044	0.575941	0.574954	0.573967	0.572639	0.57131	0.570343	0.569376	0.568717	0.568057	0.567718	0.567378	0.567051	0.566725	0.566576	0.566428	0.566244	0.56606	0.565997	0.565934	0.565826	0.565719	0.565696	0.565673	0.565611	0.56555	0.565549	0.565548	0.565517	0.565487	0.565502	
0.56547	0.565481	0.56548	0.565479	0.565506	0.565532	0.565556	0.565579	0.565629	0.565679	0.565735	0.56579	0.56588	0.56597	0.566078	0.566187	0.566348	0.56651	0.566718	0.566926	0.567229	0.567531	0.567955	0.568379	0.569062	0.569744	0.570735	0.571726	0.573196	0.574665	0.576372	0.57808	0.577231	0.576382	0.57578	0.575178	0.574046	0.572914	0.57167	0.570427	0.56964	0.568853	0.568296	0.567738	0.567437	0.567137	0.566854	0.566572	0.566434	0.566296	0.566138	0.56598	0.565917	0.565855	0.565763	0.565671	0.565646	0.56562	0.565569	0.565517	0.565512	0.565507	0.565483	0.56546	0.56547	
0.565438	0.565443	0.565447	0.565451	0.565471	0.56549	0.565517	0.565544	0.565583	0.565622	0.56568	0.565739	0.56581	0.565881	0.565989	0.566097	0.566227	0.566357	0.566556	0.566755	0.567001	0.567246	0.56763	0.568014	0.568558	0.569101	0.57004	0.57098	0.572277	0.573574	0.575058	0.576543	0.57658	0.576617	0.575516	0.574416	0.573139	0.571861	0.570702	0.569543	0.568937	0.568331	0.567875	0.567419	0.567157	0.566895	0.566657	0.566419	0.566292	0.566165	0.566032	0.565899	0.565837	0.565776	0.5657	0.565624	0.565595	0.565567	0.565526	0.565484	0.565475	0.565466	0.565449	0.565433	0.565438	
0.565447	0.565457	0.565456	0.565454	0.565478	0.565502	0.565522	0.565541	0.565585	0.565629	0.565675	0.565722	0.565798	0.565874	0.565963	0.566052	0.566183	0.566315	0.566479	0.566643	0.566877	0.567112	0.567422	0.567732	0.568196	0.56866	0.569369	0.570078	0.571095	0.572111	0.573209	0.574307	0.574544	0.57478	0.573777	0.572774	0.571772	0.570771	0.569875	0.56898	0.568513	0.568045	0.567644	0.567242	0.567024	0.566806	0.566582	0.566357	0.566251	0.566144	0.566012	0.565881	0.56583	0.565779	0.5657	0.565622	0.5656	0.565579	0.565533	0.565488	0.565484	0.565481	0.565459	0.565438	0.565447	
0.565457	0.565471	0.565464	0.565458	0.565486	0.565514	0.565526	0.565539	0.565587	0.565635	0.565671	0.565706	0.565786	0.565866	0.565936	0.566006	0.566139	0.566272	0.566401	0.56653	0.566754	0.566977	0.567213	0.56745	0.567835	0.56822	0.568698	0.569176	0.569912	0.570648	0.571359	0.572071	0.572507	0.572944	0.572038	0.571132	0.570406	0.56968	0.569049	0.568417	0.568088	0.56776	0.567413	0.567066	0.566891	0.566717	0.566507	0.566296	0.566209	0.566122	0.565992	0.565862	0.565822	0.565781	0.565701	0.56562	0.565605	0.56559	0.565541	0.565492	0.565494	0.565495	0.565469	0.565443	0.565457	
0.565425	0.565434	0.565431	0.565429	0.565451	0.565472	0.565488	0.565503	0.565541	0.56558	0.565617	0.565654	0.565719	0.565784	0.565852	0.565921	0.566029	0.566137	0.566257	0.566377	0.566557	0.566738	0.566945	0.567152	0.567457	0.567762	0.56813	0.568499	0.569037	0.569576	0.570071	0.570567	0.570878	0.571189	0.570519	0.569849	0.569362	0.568876	0.568395	0.567913	0.567651	0.567389	0.567102	0.566815	0.566666	0.566517	0.566341	0.566164	0.566085	0.566006	0.565897	0.565787	0.565748	0.565709	0.565641	0.565572	0.565556	0.565539	0.565499	0.565459	0.565457	0.565455	0.565435	0.565415	0.565425	
0.565392	0.565397	0.565398	0.5654	0.565416	0.565431	0.565449	0.565467	0.565496	0.565525	0.565563	0.565602	0.565652	0.565701	0.565768	0.565835	0.565918	0.566001	0.566112	0.566223	0.566361	0.566499	0.566677	0.566854	0.567079	0.567304	0.567563	0.567822	0.568163	0.568503	0.568783	0.569062	0.569248	0.569433	0.568999	0.568565	0.568319	0.568073	0.567741	0.567409	0.567213	0.567018	0.566791	0.566563	0.566441	0.566318	0.566174	0.566031	0.565961	0.565891	0.565801	0.565711	0.565673	0.565636	0.56558	0.565525	0.565507	0.565489	0.565457	0.565426	0.56542	0.565415	0.565401	0.565387	0.565392	
0.5654	0.565408	0.565406	0.565403	0.565422	0.56544	0.565453	0.565465	0.565497	0.565529	0.565559	0.565589	0.565641	0.565693	0.565747	0.5658	0.565883	0.565967	0.566054	0.566142	0.566274	0.566405	0.566542	0.566679	0.56688	0.567081	0.56727	0.567459	0.567738	0.568017	0.568187	0.568357	0.568514	0.568671	0.568344	0.568018	0.567858	0.567698	0.567419	0.56714	0.566994	0.566847	0.566645	0.566442	0.566346	0.56625	0.566115	0.56598	0.565925	0.56587	0.565781	0.565693	0.565664	0.565635	0.565578	0.565522	0.565509	0.565497	0.565462	0.565428	0.565427	0.565426	0.565409	0.565391	0.5654	
0.565408	0.56542	0.565413	0.565406	0.565428	0.56545	0.565456	0.565463	0.565498	0.565533	0.565554	0.565575	0.56563	0.565685	0.565725	0.565764	0.565848	0.565932	0.565997	0.566061	0.566186	0.566312	0.566407	0.566503	0.566681	0.566858	0.566977	0.567096	0.567313	0.567531	0.567591	0.567652	0.56778	0.567909	0.56769	0.567471	0.567397	0.567324	0.567098	0.566872	0.566774	0.566676	0.566499	0.566321	0.566252	0.566182	0.566056	0.56593	0.565889	0.565848	0.565762	0.565675	0.565655	0.565634	0.565576	0.565518	0.565511	0.565505	0.565468	0.56543	0.565434	0.565437	0.565416	0.565396	0.565408	
0.565377	0.565385	0.565382	0.565378	0.565395	0.565411	0.56542	0.565429	0.565457	0.565485	0.565507	0.56553	0.565573	0.565617	0.565656	0.565695	0.565762	0.565829	0.565889	0.56595	0.566049	0.566148	0.566234	0.566319	0.566458	0.566597	0.566696	0.566794	0.56696	0.567125	0.567169	0.567213	0.567309	0.567404	0.567239	0.567075	0.567021	0.566968	0.566788	0.566607	0.566529	0.566451	0.566305	0.56616	0.566101	0.566042	0.565937	0.565832	0.565795	0.565758	0.565685	0.565613	0.565593	0.565573	0.565524	0.565476	0.565468	0.56546	0.565429	0.565399	0.5654	0.5654	0.565384	0.565368	0.565377	
