x=120	y=200	z=200	n=65	len=1
b
0	0	0	0	0	0	0	0	0	0	0	0	0	0	0	0	0	0	0	0	0	0	0	0	0	0	0	0	0	0	0	0	0	0	0	0	0	0	0	0	0	0	0	0	0	0	0	0	0	0	0	0	0	0	0	0	0	0	0	0	0	0	0	0	0	
0.0231304	0.0231234	0.0231317	0.02314	0.0231616	0.0231832	0.0232243	0.0232655	0.0233433	0.0234212	0.0235169	0.0236127	0.0237238	0.023835	0.0238979	0.0239608	0.0239543	0.0239477	0.0238131	0.0236784	0.0234744	0.0232704	0.0230921	0.0229137	0.0228784	0.022843	0.0229891	0.0231352	0.0232769	0.0234187	0.0235031	0.0235874	0.0235548	0.0235222	0.0235065	0.0234907	0.0232703	0.0230499	0.0229334	0.0228169	0.0228353	0.0228537	0.023026	0.0231982	0.023456	0.0237138	0.0238216	0.0239294	0.0239495	0.0239695	0.0239116	0.0238537	0.0237234	0.0235931	0.023522	0.0234509	0.0233503	0.0232497	0.0232287	0.0232077	0.0231691	0.0231305	0.023134	0.0231374	0.0231304	
0.0463543	0.0463413	0.0463528	0.0463643	0.0463972	0.0464301	0.0464954	0.0465608	0.0466925	0.0468242	0.0469915	0.0471587	0.0473614	0.0475642	0.0476938	0.0478235	0.0478384	0.0478534	0.0476357	0.0474181	0.0470583	0.0466985	0.0463457	0.045993	0.0458782	0.0457634	0.0459851	0.0462069	0.046475	0.0467431	0.0468936	0.0470441	0.0469569	0.0468697	0.0468496	0.0468294	0.046428	0.0460265	0.0458506	0.0456747	0.0457857	0.0458967	0.0462276	0.0465585	0.0470207	0.0474828	0.0476502	0.0478175	0.0478236	0.0478298	0.0477139	0.0475979	0.0473597	0.0471215	0.0470015	0.0468814	0.0467079	0.0465343	0.0465058	0.0464773	0.0464131	0.0463488	0.0463581	0.0463674	0.0463543	
0.0695782	0.0695591	0.0695738	0.0695885	0.0696327	0.0696769	0.0697665	0.0698561	0.0700417	0.0702272	0.070466	0.0707048	0.0709991	0.0712933	0.0714897	0.0716861	0.0717226	0.0717591	0.0714584	0.0711577	0.0706422	0.0701266	0.0695994	0.0690722	0.068878	0.0686838	0.0689812	0.0692785	0.0696731	0.0700676	0.0702842	0.0705007	0.070359	0.0702172	0.0701926	0.0701681	0.0695856	0.0690031	0.0687678	0.0685325	0.068736	0.0689396	0.0694292	0.0699189	0.0705854	0.0712518	0.0714787	0.0717056	0.0716978	0.07169	0.0715161	0.0713421	0.070996	0.0706499	0.0704809	0.070312	0.0700654	0.0698189	0.0697829	0.069747	0.069657	0.0695671	0.0695822	0.0695974	0.0695782	
0.0930428	0.0930194	0.0930266	0.0930339	0.0930647	0.0930955	0.0931712	0.0932469	0.093425	0.0936032	0.0938516	0.0941001	0.0944244	0.0947486	0.0950051	0.0952616	0.0953666	0.0954716	0.0952152	0.0949589	0.0944238	0.0938886	0.0932398	0.092591	0.0922604	0.0919298	0.0921669	0.0924041	0.0928623	0.0933205	0.0934848	0.0936491	0.0934117	0.0931743	0.0932515	0.0933286	0.0926818	0.0920351	0.0918568	0.0916787	0.0920882	0.0924977	0.093079	0.0936603	0.0943651	0.0950699	0.0952456	0.0954213	0.0953353	0.0952493	0.0950339	0.0948186	0.0944284	0.0940382	0.0938783	0.0937183	0.0934654	0.0932124	0.0932001	0.0931878	0.0931011	0.0930144	0.0930403	0.0930662	0.0930428	
0.116507	0.11648	0.116479	0.116479	0.116497	0.116514	0.116576	0.116638	0.116808	0.116979	0.117237	0.117495	0.11785	0.118204	0.11852	0.118837	0.119011	0.119184	0.118972	0.11876	0.118205	0.117651	0.11688	0.11611	0.115643	0.115176	0.115353	0.11553	0.116052	0.116573	0.116685	0.116797	0.116464	0.116131	0.11631	0.116489	0.115778	0.115067	0.114946	0.114825	0.11544	0.116056	0.116729	0.117402	0.118145	0.118888	0.119013	0.119137	0.118973	0.118808	0.118552	0.118295	0.117861	0.117427	0.117276	0.117125	0.116865	0.116606	0.116617	0.116629	0.116545	0.116462	0.116498	0.116535	0.116507	
0.140256	0.140225	0.140213	0.140202	0.140188	0.140174	0.140195	0.140215	0.14032	0.140426	0.140622	0.140818	0.141115	0.141412	0.141732	0.142052	0.142294	0.142537	0.142479	0.142422	0.142028	0.141635	0.140896	0.140156	0.139604	0.139052	0.139075	0.139098	0.139511	0.139924	0.139846	0.139768	0.139424	0.13908	0.139387	0.139694	0.139139	0.138584	0.138596	0.138609	0.139412	0.140216	0.140811	0.141407	0.141966	0.142526	0.14251	0.142494	0.142249	0.142004	0.141765	0.141526	0.141144	0.140762	0.14068	0.140599	0.1404	0.1402	0.140254	0.140308	0.140249	0.14019	0.140238	0.140286	0.140256	
0.164004	0.16397	0.163947	0.163924	0.163879	0.163834	0.163813	0.163793	0.163832	0.163872	0.164006	0.164141	0.164381	0.164621	0.164944	0.165266	0.165578	0.16589	0.165987	0.166084	0.165851	0.165619	0.164911	0.164203	0.163565	0.162928	0.162797	0.162667	0.162971	0.163275	0.163006	0.162738	0.162384	0.162029	0.162464	0.162898	0.1625	0.162102	0.162247	0.162393	0.163384	0.164375	0.164894	0.165412	0.165788	0.166164	0.166007	0.165851	0.165525	0.165199	0.164978	0.164757	0.164427	0.164097	0.164085	0.164073	0.163934	0.163794	0.163891	0.163987	0.163953	0.163919	0.163978	0.164038	0.164004	
0.187912	0.187876	0.187852	0.187828	0.187763	0.187698	0.187648	0.187598	0.187563	0.187528	0.187568	0.187607	0.187718	0.187828	0.188055	0.188281	0.188562	0.188843	0.189065	0.189287	0.189307	0.189326	0.188855	0.188383	0.187867	0.187351	0.187098	0.186845	0.186965	0.187084	0.18671	0.186335	0.186207	0.18608	0.186425	0.18677	0.186556	0.186341	0.186609	0.186876	0.187786	0.188696	0.188923	0.18915	0.189232	0.189314	0.189068	0.188822	0.188524	0.188226	0.188113	0.188	0.187801	0.187601	0.187677	0.187753	0.187687	0.187622	0.187742	0.187862	0.187845	0.187828	0.187888	0.187948	0.187912	
0.21182	0.211781	0.211757	0.211733	0.211647	0.211562	0.211483	0.211404	0.211294	0.211184	0.211129	0.211074	0.211055	0.211036	0.211166	0.211297	0.211546	0.211796	0.212143	0.21249	0.212762	0.213034	0.212799	0.212563	0.212169	0.211775	0.211399	0.211024	0.210959	0.210894	0.210413	0.209932	0.210031	0.21013	0.210386	0.210642	0.210611	0.210581	0.210971	0.21136	0.212189	0.213018	0.212953	0.212889	0.212676	0.212464	0.212128	0.211793	0.211523	0.211253	0.211248	0.211243	0.211175	0.211106	0.211269	0.211433	0.211441	0.21145	0.211593	0.211737	0.211737	0.211737	0.211797	0.211858	0.21182	
0.235642	0.235601	0.2356	0.235599	0.235529	0.235459	0.235406	0.235354	0.235227	0.2351	0.235	0.234899	0.234767	0.234634	0.234611	0.234589	0.23468	0.23477	0.23504	0.23531	0.235701	0.236091	0.236159	0.236227	0.236117	0.236006	0.235592	0.235177	0.235164	0.235151	0.234644	0.234137	0.234517	0.234898	0.234887	0.234876	0.235005	0.235135	0.235451	0.235767	0.236203	0.236639	0.236267	0.235895	0.235579	0.235263	0.235037	0.234811	0.234707	0.234603	0.234741	0.234879	0.234924	0.23497	0.235163	0.235355	0.23538	0.235404	0.235518	0.235633	0.235613	0.235593	0.235639	0.235684	0.235642	
0.259465	0.259421	0.259443	0.259466	0.259411	0.259356	0.25933	0.259304	0.25916	0.259016	0.258871	0.258725	0.258478	0.258232	0.258057	0.257881	0.257813	0.257745	0.257938	0.25813	0.258639	0.259148	0.25952	0.259891	0.260064	0.260237	0.259784	0.259331	0.259369	0.259408	0.258875	0.258342	0.259004	0.259665	0.259387	0.259109	0.259399	0.259688	0.259931	0.260175	0.260218	0.260261	0.259581	0.258901	0.258482	0.258062	0.257946	0.257829	0.257892	0.257954	0.258234	0.258514	0.258674	0.258834	0.259056	0.259278	0.259318	0.259358	0.259443	0.259528	0.259489	0.25945	0.25948	0.259509	0.259465	
0.283	0.282954	0.283013	0.283072	0.283061	0.283051	0.283104	0.283158	0.283076	0.282993	0.282913	0.282833	0.282588	0.282342	0.282109	0.281876	0.281651	0.281426	0.281386	0.281347	0.281663	0.281979	0.282354	0.28273	0.283161	0.283593	0.283176	0.282759	0.283	0.283241	0.283056	0.282871	0.283498	0.284125	0.283553	0.282982	0.283349	0.283715	0.283566	0.283417	0.283173	0.282929	0.282338	0.281747	0.28156	0.281374	0.281495	0.281617	0.281817	0.282018	0.282334	0.282649	0.282793	0.282937	0.283086	0.283235	0.283208	0.28318	0.283192	0.283203	0.283118	0.283032	0.283038	0.283045	0.283	
0.306535	0.306488	0.306583	0.306679	0.306712	0.306745	0.306879	0.307012	0.306991	0.306969	0.306956	0.306942	0.306697	0.306453	0.306162	0.305871	0.305489	0.305106	0.304835	0.304564	0.304687	0.304811	0.305189	0.305568	0.306259	0.306949	0.306568	0.306187	0.306631	0.307074	0.307237	0.3074	0.307992	0.308585	0.30772	0.306854	0.307299	0.307743	0.307201	0.306659	0.306129	0.305598	0.305095	0.304593	0.304639	0.304686	0.305045	0.305404	0.305743	0.306082	0.306434	0.306785	0.306912	0.307039	0.307116	0.307192	0.307097	0.307002	0.30694	0.306878	0.306746	0.306613	0.306597	0.306581	0.306535	
0.329841	0.329794	0.329909	0.330024	0.330086	0.330148	0.330338	0.330529	0.330591	0.330652	0.330756	0.330859	0.330742	0.330624	0.330464	0.330304	0.329957	0.329611	0.329275	0.328939	0.328822	0.328705	0.328726	0.328748	0.329444	0.33014	0.329962	0.329784	0.329768	0.329751	0.330137	0.330522	0.331279	0.332036	0.330889	0.329742	0.330335	0.330928	0.330182	0.329436	0.329124	0.328811	0.328765	0.328718	0.328944	0.329169	0.329588	0.330006	0.330248	0.330489	0.330703	0.330917	0.330909	0.3309	0.330857	0.330813	0.330644	0.330474	0.330362	0.330249	0.330091	0.329933	0.329911	0.329888	0.329841	
0.353147	0.353099	0.353234	0.353369	0.353459	0.35355	0.353798	0.354046	0.354191	0.354336	0.354556	0.354776	0.354786	0.354796	0.354767	0.354737	0.354426	0.354116	0.353715	0.353315	0.352957	0.352599	0.352263	0.351927	0.352628	0.35333	0.353356	0.353381	0.352905	0.352428	0.353036	0.353644	0.354566	0.355487	0.354058	0.352629	0.353372	0.354114	0.353164	0.352213	0.352119	0.352024	0.352434	0.352843	0.353248	0.353652	0.35413	0.354608	0.354752	0.354896	0.354972	0.355049	0.354905	0.354761	0.354598	0.354434	0.354191	0.353947	0.353784	0.353621	0.353437	0.353253	0.353224	0.353194	0.353147	
0.376563	0.37652	0.376634	0.376749	0.37682	0.37689	0.377102	0.377314	0.377459	0.377605	0.377843	0.37808	0.378187	0.378294	0.378415	0.378536	0.378429	0.378323	0.378151	0.377979	0.377661	0.377343	0.376948	0.376553	0.37684	0.377127	0.377078	0.377028	0.376952	0.376876	0.376729	0.376582	0.377696	0.37881	0.377646	0.376481	0.37683	0.377179	0.376863	0.376546	0.376671	0.376796	0.377353	0.37791	0.378078	0.378246	0.378494	0.378741	0.378668	0.378594	0.378515	0.378436	0.37822	0.378005	0.377822	0.377639	0.377417	0.377195	0.377064	0.376933	0.376782	0.376632	0.376619	0.376606	0.376563	
0.39998	0.399941	0.400035	0.400129	0.40018	0.400231	0.400406	0.400581	0.400728	0.400875	0.40113	0.401385	0.401589	0.401792	0.402064	0.402335	0.402432	0.402529	0.402586	0.402643	0.402365	0.402086	0.401633	0.401179	0.401051	0.400924	0.4008	0.400675	0.400999	0.401323	0.400422	0.39952	0.400827	0.402134	0.401233	0.400332	0.400288	0.400244	0.400561	0.400879	0.401223	0.401567	0.402271	0.402976	0.402908	0.40284	0.402857	0.402874	0.402584	0.402293	0.402058	0.401822	0.401536	0.401249	0.401046	0.400843	0.400643	0.400442	0.400344	0.400245	0.400128	0.400011	0.400015	0.400018	0.39998	
0.423859	0.423827	0.423878	0.423928	0.423933	0.423938	0.424015	0.424091	0.424152	0.424212	0.424347	0.424481	0.424611	0.424741	0.42496	0.425178	0.425319	0.42546	0.425665	0.425869	0.425806	0.425744	0.425648	0.425552	0.425322	0.425092	0.424709	0.424326	0.425423	0.42652	0.426221	0.425922	0.426662	0.427402	0.426462	0.425522	0.424933	0.424343	0.42506	0.425777	0.425807	0.425837	0.426155	0.426472	0.426187	0.425901	0.42578	0.42566	0.425359	0.425058	0.424892	0.424725	0.424535	0.424345	0.42426	0.424176	0.424076	0.423976	0.423963	0.42395	0.423893	0.423835	0.423863	0.42389	0.423859	
0.447738	0.447713	0.44772	0.447728	0.447687	0.447646	0.447624	0.447601	0.447575	0.44755	0.447564	0.447578	0.447634	0.44769	0.447856	0.448022	0.448206	0.448391	0.448743	0.449096	0.449248	0.449401	0.449662	0.449924	0.449592	0.449261	0.448618	0.447976	0.449846	0.451716	0.45202	0.452324	0.452497	0.45267	0.451691	0.450712	0.449578	0.448443	0.449559	0.450676	0.450392	0.450108	0.450038	0.449969	0.449465	0.448962	0.448703	0.448445	0.448134	0.447822	0.447725	0.447628	0.447535	0.447441	0.447474	0.447508	0.447509	0.447509	0.447582	0.447656	0.447657	0.447659	0.447711	0.447762	0.447738	
0.472012	0.472002	0.47198	0.471958	0.471903	0.471848	0.47177	0.471692	0.471606	0.471519	0.471439	0.471358	0.47129	0.471222	0.471245	0.471267	0.471281	0.471295	0.47154	0.471785	0.471812	0.471839	0.472274	0.472709	0.472495	0.472281	0.472088	0.471896	0.472274	0.472653	0.474165	0.475677	0.475928	0.47618	0.474585	0.47299	0.472852	0.472714	0.473061	0.473407	0.472969	0.472531	0.472403	0.472275	0.471902	0.471529	0.47143	0.471332	0.471203	0.471075	0.471133	0.47119	0.47122	0.471249	0.471374	0.4715	0.471568	0.471636	0.471743	0.47185	0.471888	0.471927	0.471974	0.472022	0.472012	
0.496286	0.496291	0.49624	0.496189	0.496119	0.49605	0.495917	0.495784	0.495636	0.495489	0.495314	0.495139	0.494946	0.494753	0.494633	0.494513	0.494356	0.494198	0.494337	0.494475	0.494377	0.494278	0.494887	0.495495	0.495398	0.495301	0.495558	0.495816	0.494703	0.494049	0.497314	0.499087	0.49933	0.498611	0.496099	0.495477	0.496067	0.496985	0.496562	0.496139	0.495546	0.494954	0.494767	0.49458	0.494338	0.494096	0.494157	0.494218	0.494273	0.494328	0.49454	0.494752	0.494905	0.495058	0.495274	0.495491	0.495627	0.495763	0.495904	0.496044	0.496119	0.496195	0.496238	0.496281	0.496286	
0.520319	0.520337	0.52029	0.520244	0.520202	0.52016	0.520056	0.519953	0.519841	0.519728	0.519581	0.519434	0.519257	0.51908	0.51894	0.518801	0.518594	0.518387	0.518396	0.518405	0.518186	0.517967	0.518377	0.518787	0.518575	0.518364	0.518919	0.519475	0.519068	0.518002	0.518027	0.518409	0.522053	0.522839	0.518865	0.518334	0.519725	0.520595	0.519915	0.519235	0.518745	0.518254	0.518278	0.518301	0.518198	0.518094	0.518263	0.518432	0.518542	0.518651	0.518861	0.519071	0.519225	0.519379	0.519542	0.519704	0.519829	0.519953	0.52004	0.520126	0.520199	0.520271	0.520286	0.520301	0.520319	
0.544351	0.544382	0.54434	0.544299	0.544284	0.54427	0.544196	0.544123	0.544045	0.543967	0.543848	0.54373	0.543568	0.543407	0.543248	0.543089	0.542832	0.542575	0.542455	0.542335	0.541996	0.541657	0.541867	0.542078	0.541753	0.541427	0.54228	0.543133	0.543434	0.544102	0.540369	0.550095	0.569719	0.566114	0.547009	0.5409	0.543437	0.544205	0.543268	0.542331	0.541943	0.541555	0.541788	0.542022	0.542057	0.542092	0.542369	0.542646	0.54281	0.542974	0.543182	0.54339	0.543546	0.543701	0.543809	0.543918	0.544031	0.544144	0.544176	0.544208	0.544278	0.544348	0.544334	0.54432	0.544351	
0.567562	0.567596	0.567571	0.567546	0.567549	0.567553	0.567529	0.567505	0.567473	0.56744	0.567402	0.567363	0.567285	0.567208	0.567129	0.567051	0.56692	0.566789	0.566674	0.566558	0.566353	0.566149	0.566157	0.566165	0.565809	0.565453	0.566324	0.567195	0.568501	0.568971	0.573289	0.612071	0.670831	0.620297	0.568872	0.565132	0.567022	0.565613	0.565647	0.56568	0.565594	0.565508	0.565781	0.566055	0.56616	0.566265	0.566433	0.566601	0.566763	0.566925	0.566987	0.567049	0.567186	0.567324	0.567322	0.56732	0.567419	0.567517	0.567489	0.567462	0.567526	0.56759	0.567559	0.567528	0.567562	
0.590773	0.59081	0.590801	0.590792	0.590815	0.590837	0.590862	0.590888	0.590901	0.590914	0.590955	0.590996	0.591002	0.591009	0.591011	0.591013	0.591007	0.591002	0.590892	0.590782	0.590711	0.590641	0.590446	0.590252	0.589866	0.589479	0.590368	0.591256	0.593568	0.599854	0.629956	0.693349	0.706448	0.618114	0.615843	0.594429	0.589212	0.587021	0.588025	0.589029	0.589245	0.589461	0.589774	0.590088	0.590263	0.590438	0.590497	0.590556	0.590716	0.590876	0.590792	0.590708	0.590827	0.590946	0.590834	0.590723	0.590807	0.590891	0.590803	0.590715	0.590774	0.590832	0.590784	0.590736	0.590773	
0.613313	0.613334	0.613335	0.613336	0.613326	0.613317	0.613344	0.613371	0.613342	0.613314	0.613362	0.61341	0.613375	0.613341	0.613387	0.613433	0.613402	0.613371	0.613364	0.613356	0.613312	0.613269	0.613134	0.613	0.612749	0.612498	0.612283	0.612069	0.61562	0.632623	0.667953	0.678501	0.690045	0.699222	0.665509	0.614644	0.609596	0.60961	0.610548	0.611485	0.611923	0.612361	0.612531	0.612701	0.612879	0.613057	0.613041	0.613025	0.61316	0.613296	0.613205	0.613115	0.61323	0.613346	0.613259	0.613172	0.61326	0.613349	0.613291	0.613233	0.613289	0.613345	0.613319	0.613292	0.613313	
0.635853	0.635858	0.635868	0.635879	0.635838	0.635797	0.635825	0.635854	0.635784	0.635714	0.63577	0.635825	0.635749	0.635673	0.635762	0.635852	0.635796	0.635741	0.635835	0.635929	0.635913	0.635897	0.635822	0.635748	0.635632	0.635516	0.634199	0.632882	0.637672	0.647871	0.660055	0.673398	0.677461	0.67448	0.649875	0.630421	0.63134	0.632199	0.63307	0.633942	0.634602	0.635261	0.635287	0.635313	0.635495	0.635677	0.635585	0.635494	0.635604	0.635715	0.635618	0.635521	0.635634	0.635746	0.635684	0.635621	0.635714	0.635807	0.635779	0.63575	0.635804	0.635858	0.635853	0.635849	0.635853	
0.65854	0.658516	0.658537	0.658559	0.658488	0.658417	0.658437	0.658458	0.658352	0.658246	0.658287	0.658328	0.658209	0.65809	0.658184	0.658277	0.658164	0.658052	0.658219	0.658387	0.658261	0.658136	0.658299	0.658462	0.658224	0.657986	0.658373	0.65876	0.660766	0.659058	0.664392	0.671353	0.671489	0.664826	0.658051	0.657465	0.657163	0.656852	0.657137	0.657422	0.657863	0.658305	0.658226	0.658147	0.658196	0.658245	0.658219	0.658193	0.658183	0.658172	0.658182	0.658193	0.65822	0.658248	0.658277	0.658305	0.658348	0.658391	0.658426	0.658461	0.658481	0.658501	0.658533	0.658564	0.65854	
0.681226	0.681173	0.681206	0.681239	0.681138	0.681037	0.681049	0.681061	0.680919	0.680777	0.680804	0.680832	0.68067	0.680508	0.680605	0.680702	0.680532	0.680363	0.680604	0.680845	0.68061	0.680375	0.680776	0.681177	0.680817	0.680456	0.682547	0.684637	0.683859	0.679824	0.68037	0.684782	0.686633	0.686361	0.68661	0.686863	0.683863	0.681506	0.681204	0.680902	0.681125	0.681348	0.681164	0.680981	0.680897	0.680813	0.680853	0.680893	0.680761	0.680628	0.680746	0.680864	0.680807	0.68075	0.68087	0.68099	0.680983	0.680976	0.681074	0.681172	0.681159	0.681145	0.681212	0.681279	0.681226	
0.704687	0.704613	0.704665	0.704716	0.704633	0.70455	0.704583	0.704616	0.704532	0.704449	0.704494	0.70454	0.704474	0.704409	0.704505	0.704601	0.704552	0.704504	0.704678	0.704851	0.704755	0.704659	0.704882	0.705104	0.705084	0.705065	0.706277	0.707489	0.705782	0.703259	0.702425	0.705085	0.708774	0.708488	0.707749	0.709117	0.707999	0.706962	0.706077	0.705192	0.70525	0.705308	0.705184	0.705059	0.704941	0.704822	0.704867	0.704912	0.704709	0.704506	0.70463	0.704754	0.704593	0.704433	0.704567	0.7047	0.704603	0.704505	0.704619	0.704734	0.704663	0.704592	0.704676	0.70476	0.704687	
0.728147	0.728054	0.728123	0.728193	0.728128	0.728064	0.728117	0.728171	0.728145	0.72812	0.728184	0.728248	0.728279	0.72831	0.728405	0.728499	0.728572	0.728646	0.728752	0.728858	0.728901	0.728944	0.728988	0.729031	0.729352	0.729673	0.730007	0.73034	0.727705	0.725069	0.725416	0.725581	0.727107	0.727717	0.728295	0.73041	0.731414	0.732418	0.730951	0.729483	0.729376	0.729269	0.729204	0.729138	0.728985	0.728832	0.728881	0.728931	0.728658	0.728384	0.728514	0.728644	0.72838	0.728117	0.728264	0.728411	0.728222	0.728034	0.728164	0.728295	0.728167	0.728039	0.72814	0.728241	0.728147	
0.752238	0.752141	0.752225	0.752308	0.75226	0.752212	0.752291	0.75237	0.752374	0.752377	0.75246	0.752544	0.752597	0.75265	0.752719	0.752787	0.752861	0.752935	0.752924	0.752913	0.752985	0.753058	0.752917	0.752776	0.753424	0.754071	0.753435	0.752799	0.749992	0.747186	0.749041	0.75003	0.750381	0.750281	0.750533	0.75108	0.752664	0.754248	0.753887	0.753525	0.753277	0.753028	0.753105	0.753182	0.753061	0.75294	0.75303	0.753119	0.752894	0.752668	0.752785	0.752902	0.752644	0.752386	0.752511	0.752635	0.752422	0.752209	0.752324	0.752439	0.752288	0.752137	0.752236	0.752336	0.752238	
0.776329	0.776227	0.776326	0.776424	0.776392	0.77636	0.776464	0.776569	0.776602	0.776635	0.776737	0.776839	0.776915	0.77699	0.777033	0.777075	0.777149	0.777224	0.777095	0.776967	0.77707	0.777172	0.776847	0.776521	0.777495	0.77847	0.776864	0.775258	0.77228	0.769302	0.772667	0.776033	0.774311	0.772589	0.77217	0.771751	0.773914	0.776078	0.776823	0.777567	0.777177	0.776787	0.777007	0.777227	0.777138	0.777049	0.777178	0.777307	0.77713	0.776953	0.777057	0.777161	0.776908	0.776656	0.776757	0.776859	0.776622	0.776384	0.776484	0.776583	0.776409	0.776236	0.776333	0.77643	0.776329	
0.800421	0.800331	0.800421	0.800512	0.800463	0.800414	0.800502	0.800589	0.800571	0.800552	0.80061	0.800667	0.80065	0.800632	0.800601	0.800569	0.800526	0.800482	0.800318	0.800154	0.800183	0.800212	0.800046	0.79988	0.800419	0.800959	0.800076	0.799193	0.797197	0.795201	0.797299	0.799397	0.798542	0.797688	0.79705	0.796413	0.797621	0.798828	0.799332	0.799837	0.799838	0.79984	0.799926	0.800013	0.800141	0.800269	0.800368	0.800466	0.800485	0.800504	0.800609	0.800715	0.800608	0.800501	0.800604	0.800708	0.800556	0.800404	0.8005	0.800596	0.800463	0.80033	0.800421	0.800511	0.800421	
0.824513	0.824434	0.824517	0.8246	0.824534	0.824468	0.824539	0.82461	0.824539	0.824469	0.824482	0.824496	0.824385	0.824274	0.824169	0.824064	0.823902	0.823741	0.823541	0.823342	0.823297	0.823252	0.823245	0.823238	0.823343	0.823449	0.823289	0.823128	0.822115	0.821101	0.821931	0.822762	0.822774	0.822786	0.821931	0.821077	0.821327	0.821577	0.821842	0.822106	0.822499	0.822892	0.822845	0.822799	0.823144	0.823489	0.823558	0.823626	0.823841	0.824055	0.824162	0.824269	0.824307	0.824346	0.824452	0.824557	0.824491	0.824424	0.824516	0.824608	0.824517	0.824425	0.824509	0.824592	0.824513	
0.84823	0.848171	0.848226	0.848282	0.848197	0.848112	0.848134	0.848156	0.848038	0.84792	0.847875	0.84783	0.847674	0.847519	0.847389	0.847258	0.847122	0.846985	0.84685	0.846715	0.846783	0.846851	0.846891	0.846931	0.846923	0.846914	0.846671	0.846427	0.846201	0.845975	0.845986	0.845996	0.846141	0.846286	0.84624	0.846194	0.846402	0.846611	0.846308	0.846004	0.846252	0.846501	0.846327	0.846154	0.846482	0.84681	0.846769	0.846729	0.847022	0.847316	0.847373	0.847431	0.847593	0.847756	0.847847	0.847938	0.84798	0.848023	0.848109	0.848196	0.84817	0.848144	0.848217	0.848289	0.84823	
0.871947	0.871907	0.871935	0.871964	0.871859	0.871755	0.871729	0.871703	0.871537	0.871371	0.871267	0.871164	0.870964	0.870764	0.870609	0.870453	0.870341	0.870229	0.870159	0.870089	0.870269	0.87045	0.870537	0.870625	0.870502	0.870379	0.870052	0.869726	0.870288	0.870849	0.87004	0.869231	0.869508	0.869785	0.870548	0.871311	0.871478	0.871645	0.870773	0.869902	0.870006	0.870109	0.86981	0.86951	0.869821	0.870131	0.869981	0.869831	0.870204	0.870576	0.870585	0.870593	0.870879	0.871166	0.871242	0.871318	0.87147	0.871622	0.871702	0.871783	0.871824	0.871864	0.871925	0.871986	0.871947	
0.89537	0.895354	0.895356	0.895357	0.895267	0.895177	0.895122	0.895068	0.894929	0.894791	0.894679	0.894567	0.894446	0.894324	0.894204	0.894083	0.894107	0.894131	0.894103	0.894075	0.894298	0.89452	0.894496	0.894472	0.894202	0.893931	0.893792	0.893653	0.894455	0.895258	0.894964	0.89467	0.894169	0.893668	0.894142	0.894616	0.895014	0.895412	0.895011	0.89461	0.89447	0.89433	0.894101	0.893873	0.893988	0.894103	0.893898	0.893694	0.893963	0.894233	0.894161	0.89409	0.89436	0.894631	0.894656	0.894681	0.894863	0.895045	0.895099	0.895153	0.89523	0.895307	0.895346	0.895386	0.89537	
0.918794	0.918802	0.918776	0.918751	0.918675	0.918598	0.918515	0.918433	0.918322	0.918212	0.918091	0.917971	0.917928	0.917885	0.917798	0.917712	0.917873	0.918034	0.918048	0.918061	0.918326	0.91859	0.918455	0.91832	0.917902	0.917484	0.917532	0.91758	0.918623	0.919666	0.919887	0.920109	0.91883	0.917552	0.917736	0.917921	0.91855	0.919179	0.919249	0.919319	0.918935	0.918551	0.918393	0.918236	0.918155	0.918074	0.917816	0.917557	0.917723	0.91789	0.917738	0.917587	0.917841	0.918096	0.91807	0.918045	0.918257	0.918469	0.918496	0.918523	0.918636	0.918749	0.918768	0.918787	0.918794	
0.942187	0.942212	0.942174	0.942137	0.9421	0.942063	0.941985	0.941907	0.941866	0.941824	0.941732	0.941639	0.941684	0.941728	0.941679	0.941631	0.941816	0.942	0.942018	0.942035	0.942143	0.942251	0.942152	0.942052	0.941602	0.941152	0.941427	0.941701	0.942545	0.943389	0.943461	0.943533	0.942323	0.941114	0.941368	0.941621	0.942212	0.942803	0.942784	0.942765	0.9426	0.942434	0.94235	0.942267	0.942158	0.94205	0.941857	0.941664	0.941725	0.941785	0.941617	0.94145	0.941618	0.941787	0.941714	0.941642	0.941814	0.941985	0.941973	0.941961	0.942068	0.942176	0.942169	0.942162	0.942187	
0.96558	0.965623	0.965572	0.965522	0.965525	0.965528	0.965455	0.965381	0.965409	0.965437	0.965372	0.965308	0.96544	0.965572	0.965561	0.96555	0.965758	0.965967	0.965988	0.966009	0.96596	0.965911	0.965848	0.965785	0.965303	0.964821	0.965321	0.965822	0.966467	0.967112	0.967034	0.966956	0.965816	0.964677	0.964999	0.965321	0.965874	0.966427	0.966319	0.966212	0.966264	0.966316	0.966307	0.966298	0.966162	0.966026	0.965899	0.965772	0.965726	0.96568	0.965496	0.965312	0.965395	0.965478	0.965359	0.965239	0.965371	0.965502	0.96545	0.965399	0.9655	0.965602	0.96557	0.965537	0.96558	
0.989097	0.989152	0.989095	0.989039	0.989081	0.989122	0.98906	0.988999	0.989075	0.98915	0.989107	0.989063	0.989209	0.989356	0.989355	0.989354	0.989491	0.989628	0.989644	0.98966	0.989523	0.989387	0.989392	0.989398	0.989138	0.988879	0.989184	0.989489	0.98971	0.989932	0.98956	0.989188	0.988388	0.987587	0.988223	0.98886	0.98935	0.989841	0.989756	0.98967	0.98977	0.98987	0.989874	0.989877	0.989793	0.989708	0.989644	0.98958	0.989521	0.989462	0.989314	0.989166	0.989197	0.989229	0.989099	0.98897	0.989055	0.989141	0.989062	0.988983	0.989066	0.989149	0.989095	0.989042	0.989097	
1.01261	1.01268	1.01262	1.01256	1.01264	1.01272	1.01267	1.01262	1.01274	1.01286	1.01284	1.01282	1.01298	1.01314	1.01315	1.01316	1.01322	1.01329	1.0133	1.01331	1.01309	1.01286	1.01294	1.01301	1.01297	1.01294	1.01305	1.01316	1.01295	1.01275	1.01209	1.01142	1.01096	1.0105	1.01145	1.0124	1.01283	1.01325	1.01319	1.01313	1.01328	1.01342	1.01344	1.01346	1.01342	1.01339	1.01339	1.01339	1.01332	1.01324	1.01313	1.01302	1.013	1.01298	1.01284	1.0127	1.01274	1.01278	1.01267	1.01257	1.01263	1.0127	1.01262	1.01255	1.01261	
1.03623	1.0363	1.03624	1.03618	1.03627	1.03636	1.03632	1.03627	1.03639	1.03652	1.0365	1.03648	1.0366	1.03672	1.03673	1.03674	1.03674	1.03675	1.03676	1.03678	1.03658	1.03639	1.03645	1.03652	1.03653	1.03655	1.03649	1.03643	1.03636	1.03629	1.03574	1.03519	1.03493	1.03467	1.0354	1.03612	1.03629	1.03647	1.03648	1.03649	1.03668	1.03687	1.03686	1.03685	1.03686	1.03687	1.03688	1.03689	1.03685	1.03681	1.03674	1.03666	1.03664	1.03662	1.0365	1.03639	1.03641	1.03644	1.03633	1.03622	1.03627	1.03633	1.03625	1.03616	1.03623	
1.05985	1.05993	1.05986	1.0598	1.0599	1.06	1.05997	1.05993	1.06005	1.06017	1.06016	1.06014	1.06023	1.06031	1.06031	1.06032	1.06026	1.0602	1.06022	1.06024	1.06008	1.05992	1.05997	1.06002	1.06009	1.06016	1.05993	1.0597	1.05976	1.05983	1.05939	1.05896	1.0589	1.05885	1.05934	1.05984	1.05976	1.05968	1.05977	1.05985	1.06008	1.06032	1.06028	1.06024	1.06029	1.06035	1.06037	1.0604	1.06038	1.06037	1.06034	1.0603	1.06029	1.06027	1.06017	1.06007	1.06008	1.06009	1.05998	1.05987	1.05992	1.05996	1.05987	1.05978	1.05985	
1.08349	1.08356	1.0835	1.08343	1.08353	1.08362	1.08358	1.08354	1.08364	1.08373	1.08372	1.08371	1.08375	1.0838	1.0838	1.08381	1.08374	1.08368	1.0837	1.08373	1.08362	1.08351	1.08352	1.08353	1.08359	1.08366	1.0834	1.08314	1.08327	1.08339	1.08318	1.08297	1.08293	1.08289	1.08313	1.08338	1.08322	1.08306	1.0832	1.08334	1.08355	1.08376	1.08373	1.0837	1.08377	1.08384	1.08384	1.08385	1.08386	1.08386	1.08384	1.08382	1.08382	1.08382	1.08374	1.08366	1.08368	1.0837	1.0836	1.0835	1.08355	1.08359	1.08351	1.08342	1.08349	
1.10713	1.1072	1.10714	1.10707	1.10715	1.10724	1.1072	1.10716	1.10723	1.1073	1.10728	1.10727	1.10728	1.10729	1.10729	1.1073	1.10723	1.10716	1.10718	1.10721	1.10715	1.1071	1.10707	1.10703	1.10709	1.10716	1.10687	1.10659	1.10677	1.10694	1.10696	1.10697	1.10695	1.10692	1.10693	1.10693	1.10668	1.10643	1.10663	1.10683	1.10702	1.10721	1.10719	1.10717	1.10725	1.10732	1.10732	1.10731	1.10733	1.10735	1.10735	1.10734	1.10735	1.10737	1.10731	1.10726	1.10728	1.10731	1.10722	1.10713	1.10718	1.10723	1.10714	1.10706	1.10713	
1.13072	1.13078	1.13072	1.13066	1.13073	1.1308	1.13076	1.13072	1.13077	1.13082	1.1308	1.13079	1.13078	1.13078	1.13078	1.13079	1.13073	1.13068	1.13069	1.1307	1.13067	1.13064	1.13056	1.13049	1.13056	1.13062	1.13039	1.13015	1.13032	1.13049	1.13054	1.1306	1.1306	1.13061	1.13054	1.13046	1.13022	1.12998	1.13014	1.13031	1.13047	1.13062	1.13062	1.13063	1.13072	1.13081	1.1308	1.13078	1.13081	1.13084	1.13084	1.13083	1.13085	1.13087	1.13083	1.13079	1.13082	1.13085	1.13078	1.13071	1.13076	1.13081	1.13073	1.13066	1.13072	
1.15431	1.15437	1.15431	1.15425	1.15431	1.15436	1.15432	1.15428	1.15431	1.15433	1.15432	1.1543	1.15429	1.15427	1.15428	1.15428	1.15424	1.1542	1.15419	1.15419	1.15418	1.15418	1.15406	1.15394	1.15402	1.15409	1.15391	1.15372	1.15388	1.15403	1.15413	1.15422	1.15426	1.1543	1.15415	1.154	1.15376	1.15352	1.15366	1.15379	1.15391	1.15403	1.15406	1.15409	1.15419	1.1543	1.15428	1.15425	1.15429	1.15434	1.15433	1.15432	1.15435	1.15437	1.15435	1.15432	1.15436	1.1544	1.15434	1.15429	1.15434	1.15439	1.15432	1.15425	1.15431	
1.17785	1.1779	1.17785	1.1778	1.17784	1.17789	1.17785	1.17782	1.17784	1.17786	1.17784	1.17783	1.17781	1.1778	1.17779	1.17779	1.17776	1.17772	1.17769	1.17766	1.17766	1.17765	1.17752	1.17739	1.17745	1.17752	1.17739	1.17727	1.1774	1.17754	1.17764	1.17773	1.17779	1.17784	1.17768	1.17751	1.1773	1.17709	1.17717	1.17726	1.17735	1.17744	1.17749	1.17753	1.17765	1.17777	1.17776	1.17775	1.1778	1.17785	1.17784	1.17783	1.17786	1.17789	1.17787	1.17785	1.17788	1.17792	1.17787	1.17783	1.17787	1.17792	1.17786	1.1778	1.17785	
1.2014	1.20144	1.20139	1.20135	1.20138	1.20142	1.20138	1.20135	1.20137	1.20138	1.20136	1.20135	1.20134	1.20132	1.20131	1.2013	1.20128	1.20125	1.2012	1.20114	1.20113	1.20112	1.20097	1.20083	1.20089	1.20095	1.20088	1.20081	1.20093	1.20105	1.20115	1.20124	1.20131	1.20138	1.2012	1.20103	1.20084	1.20065	1.20069	1.20073	1.20079	1.20085	1.20091	1.20098	1.20111	1.20123	1.20124	1.20124	1.2013	1.20136	1.20135	1.20135	1.20138	1.20141	1.20139	1.20138	1.20141	1.20144	1.2014	1.20137	1.20141	1.20145	1.2014	1.20135	1.2014	
1.22491	1.22495	1.22491	1.22487	1.22491	1.22494	1.22491	1.22488	1.2249	1.22491	1.2249	1.22488	1.22487	1.22486	1.22484	1.22481	1.22478	1.22476	1.22468	1.22461	1.22459	1.22458	1.22445	1.22432	1.22439	1.22446	1.22444	1.22441	1.22452	1.22463	1.22471	1.22479	1.22486	1.22492	1.22477	1.22462	1.22445	1.22429	1.22428	1.22427	1.2243	1.22432	1.22438	1.22444	1.22457	1.22469	1.2247	1.22472	1.2248	1.22487	1.22487	1.22487	1.2249	1.22493	1.22492	1.22491	1.22493	1.22495	1.22493	1.2249	1.22493	1.22496	1.22492	1.22488	1.22491	
1.24843	1.24846	1.24843	1.2484	1.24843	1.24846	1.24844	1.24842	1.24843	1.24844	1.24843	1.24841	1.2484	1.2484	1.24836	1.24832	1.24829	1.24826	1.24817	1.24807	1.24806	1.24805	1.24793	1.24781	1.24789	1.24797	1.248	1.24802	1.24812	1.24821	1.24827	1.24833	1.2484	1.24847	1.24833	1.2482	1.24806	1.24792	1.24787	1.24782	1.24781	1.24779	1.24785	1.2479	1.24802	1.24814	1.24817	1.2482	1.24829	1.24838	1.24838	1.24839	1.24842	1.24846	1.24845	1.24844	1.24845	1.24847	1.24845	1.24843	1.24845	1.24847	1.24843	1.2484	1.24843	
1.27196	1.27198	1.27196	1.27193	1.27196	1.27199	1.27197	1.27196	1.27197	1.27199	1.27197	1.27195	1.27194	1.27193	1.27188	1.27183	1.2718	1.27176	1.27166	1.27156	1.27156	1.27155	1.27146	1.27137	1.27145	1.27154	1.27159	1.27163	1.27172	1.2718	1.27184	1.27188	1.27193	1.27199	1.27189	1.27179	1.27168	1.27157	1.27149	1.27142	1.27138	1.27135	1.27138	1.27142	1.27152	1.27162	1.27166	1.2717	1.27179	1.27189	1.2719	1.27191	1.27195	1.27199	1.27199	1.27198	1.27199	1.272	1.27198	1.27196	1.27197	1.27198	1.27196	1.27193	1.27196	
1.29548	1.29549	1.29548	1.29547	1.29549	1.29552	1.29551	1.2955	1.29552	1.29554	1.29551	1.29549	1.29548	1.29547	1.2954	1.29534	1.2953	1.29527	1.29516	1.29506	1.29505	1.29505	1.29499	1.29493	1.29502	1.29511	1.29518	1.29525	1.29532	1.29538	1.2954	1.29542	1.29547	1.29551	1.29545	1.29538	1.2953	1.29521	1.29512	1.29502	1.29496	1.2949	1.29492	1.29493	1.29502	1.2951	1.29515	1.2952	1.2953	1.29539	1.29542	1.29544	1.29548	1.29552	1.29552	1.29552	1.29553	1.29553	1.29552	1.2955	1.2955	1.2955	1.29548	1.29546	1.29548	
1.31902	1.31903	1.31902	1.31901	1.31904	1.31906	1.31906	1.31905	1.31907	1.31908	1.31906	1.31903	1.31902	1.319	1.31893	1.31886	1.31883	1.31879	1.3187	1.3186	1.3186	1.31861	1.31858	1.31854	1.31863	1.31872	1.31879	1.31887	1.31892	1.31897	1.31898	1.31898	1.31902	1.31905	1.31901	1.31897	1.31891	1.31884	1.31875	1.31866	1.31859	1.31851	1.31851	1.31851	1.31857	1.31864	1.31868	1.31872	1.31882	1.31891	1.31894	1.31897	1.31901	1.31906	1.31906	1.31907	1.31907	1.31907	1.31906	1.31905	1.31904	1.31904	1.31902	1.31901	1.31902	
1.34256	1.34256	1.34256	1.34256	1.34258	1.34261	1.3426	1.3426	1.34261	1.34263	1.3426	1.34257	1.34255	1.34254	1.34246	1.34239	1.34235	1.34232	1.34223	1.34214	1.34216	1.34217	1.34216	1.34216	1.34225	1.34233	1.34241	1.34248	1.34252	1.34256	1.34255	1.34254	1.34257	1.34259	1.34258	1.34257	1.34252	1.34247	1.34238	1.34229	1.34221	1.34213	1.34211	1.34209	1.34213	1.34217	1.34221	1.34225	1.34234	1.34243	1.34247	1.3425	1.34255	1.3426	1.3426	1.34261	1.34261	1.34261	1.3426	1.34259	1.34258	1.34257	1.34256	1.34255	1.34256	
1.36611	1.36612	1.36612	1.36612	1.36614	1.36616	1.36616	1.36615	1.36617	1.36618	1.36615	1.36612	1.3661	1.36609	1.36601	1.36594	1.36591	1.36588	1.36581	1.36573	1.36575	1.36577	1.36578	1.36579	1.36586	1.36594	1.36601	1.36607	1.3661	1.36613	1.36612	1.3661	1.36612	1.36614	1.36614	1.36613	1.3661	1.36607	1.36599	1.36592	1.36584	1.36576	1.36573	1.36571	1.36573	1.36575	1.36579	1.36582	1.3659	1.36598	1.36601	1.36605	1.3661	1.36614	1.36615	1.36616	1.36616	1.36616	1.36616	1.36615	1.36614	1.36612	1.36612	1.36611	1.36611	
1.38967	1.38967	1.38967	1.38968	1.3897	1.38972	1.38971	1.38971	1.38972	1.38973	1.3897	1.38967	1.38965	1.38963	1.38956	1.38949	1.38947	1.38944	1.38938	1.38932	1.38935	1.38937	1.38939	1.38942	1.38948	1.38955	1.38961	1.38966	1.38968	1.3897	1.38968	1.38966	1.38967	1.38968	1.38969	1.3897	1.38968	1.38966	1.3896	1.38954	1.38947	1.38939	1.38936	1.38933	1.38933	1.38934	1.38936	1.38939	1.38946	1.38953	1.38956	1.3896	1.38964	1.38969	1.3897	1.38971	1.38971	1.38971	1.38971	1.38971	1.38969	1.38968	1.38967	1.38967	1.38967	
1.41324	1.41324	1.41324	1.41324	1.41326	1.41327	1.41327	1.41327	1.41328	1.41329	1.41326	1.41323	1.41321	1.4132	1.41314	1.41308	1.41306	1.41304	1.41299	1.41295	1.41297	1.413	1.41302	1.41304	1.4131	1.41315	1.4132	1.41324	1.41325	1.41326	1.41325	1.41323	1.41324	1.41325	1.41326	1.41327	1.41326	1.41324	1.41319	1.41315	1.41309	1.41303	1.41299	1.41296	1.41296	1.41296	1.41298	1.413	1.41305	1.41311	1.41314	1.41317	1.41321	1.41324	1.41326	1.41327	1.41327	1.41327	1.41327	1.41327	1.41325	1.41324	1.41324	1.41324	1.41324	
1.4368	1.4368	1.4368	1.43681	1.43682	1.43683	1.43683	1.43682	1.43683	1.43684	1.43681	1.43679	1.43678	1.43676	1.43672	1.43667	1.43665	1.43664	1.43661	1.43658	1.4366	1.43662	1.43665	1.43667	1.43671	1.43676	1.43679	1.43682	1.43682	1.43683	1.43682	1.4368	1.43681	1.43681	1.43682	1.43684	1.43683	1.43682	1.43679	1.43675	1.43671	1.43666	1.43663	1.4366	1.43659	1.43658	1.43659	1.43661	1.43665	1.43669	1.43671	1.43674	1.43677	1.4368	1.43681	1.43683	1.43683	1.43683	1.43683	1.43683	1.43682	1.4368	1.4368	1.4368	1.4368	
1.46037	1.46037	1.46037	1.46038	1.46038	1.46039	1.46039	1.46039	1.46039	1.4604	1.46038	1.46036	1.46035	1.46034	1.46031	1.46028	1.46027	1.46026	1.46024	1.46022	1.46024	1.46025	1.46027	1.46029	1.46031	1.46034	1.46036	1.46038	1.46039	1.46039	1.46038	1.46037	1.46037	1.46038	1.46039	1.46039	1.46039	1.46038	1.46036	1.46034	1.46031	1.46028	1.46026	1.46024	1.46023	1.46022	1.46023	1.46024	1.46027	1.46029	1.46031	1.46033	1.46035	1.46037	1.46038	1.46039	1.46039	1.46039	1.46039	1.46039	1.46038	1.46037	1.46037	1.46037	1.46037	
1.48394	1.48394	1.48394	1.48394	1.48395	1.48395	1.48395	1.48395	1.48395	1.48395	1.48394	1.48394	1.48393	1.48392	1.48391	1.48389	1.48389	1.48388	1.48387	1.48386	1.48387	1.48388	1.48389	1.4839	1.48391	1.48393	1.48394	1.48395	1.48395	1.48395	1.48394	1.48394	1.48394	1.48394	1.48395	1.48395	1.48395	1.48395	1.48394	1.48393	1.48391	1.4839	1.48388	1.48387	1.48387	1.48386	1.48387	1.48387	1.48389	1.4839	1.48391	1.48392	1.48393	1.48394	1.48394	1.48395	1.48395	1.48395	1.48395	1.48395	1.48395	1.48394	1.48394	1.48394	1.48394	
1.50751	1.50751	1.50751	1.50751	1.50751	1.50751	1.50751	1.50751	1.50751	1.50751	1.50751	1.50751	1.50751	1.50751	1.50751	1.50751	1.50751	1.50751	1.50751	1.50751	1.50751	1.50751	1.50751	1.50751	1.50751	1.50751	1.50751	1.50751	1.50751	1.50751	1.50751	1.50751	1.50751	1.50751	1.50751	1.50751	1.50751	1.50751	1.50751	1.50751	1.50751	1.50751	1.50751	1.50751	1.50751	1.50751	1.50751	1.50751	1.50751	1.50751	1.50751	1.50751	1.50751	1.50751	1.50751	1.50751	1.50751	1.50751	1.50751	1.50751	1.50751	1.50751	1.50751	1.50751	1.50751	
