x=200	y=90	z=200	n=65	len=1
b
0.677872	0.677855	0.677867	0.677879	0.67785	0.677821	0.677818	0.677816	0.677771	0.677726	0.677702	0.677679	0.677609	0.677539	0.677482	0.677425	0.677313	0.677201	0.677089	0.676977	0.676798	0.676619	0.676424	0.67623	0.675953	0.675677	0.675403	0.675129	0.674757	0.674384	0.674183	0.673982	0.67367	0.673359	0.673827	0.674295	0.674591	0.674887	0.675238	0.67559	0.675846	0.676101	0.676334	0.676566	0.676728	0.67689	0.677036	0.677182	0.67727	0.677357	0.67745	0.677543	0.677584	0.677624	0.677684	0.677745	0.677757	0.677769	0.677809	0.677849	0.677844	0.677839	0.677864	0.67789	0.677872	
0.677873	0.677854	0.677868	0.677882	0.677853	0.677824	0.677823	0.677823	0.67778	0.677737	0.677718	0.677698	0.677634	0.67757	0.677521	0.677473	0.677374	0.677276	0.677183	0.67709	0.676939	0.676787	0.676635	0.676484	0.676262	0.67604	0.675846	0.675651	0.675382	0.675112	0.675015	0.674918	0.674733	0.674548	0.674832	0.675117	0.675286	0.675456	0.675723	0.67599	0.676179	0.676367	0.67656	0.676752	0.67688	0.677008	0.677136	0.677265	0.677336	0.677407	0.677493	0.677578	0.677611	0.677643	0.677701	0.677759	0.677767	0.677775	0.677815	0.677854	0.677847	0.67784	0.677866	0.677891	0.677873	
0.677888	0.677871	0.677884	0.677897	0.67787	0.677843	0.677843	0.677844	0.677804	0.677765	0.677749	0.677733	0.677674	0.677616	0.677575	0.677535	0.677447	0.677359	0.677283	0.677207	0.677075	0.676944	0.676823	0.676701	0.676516	0.676332	0.676183	0.676034	0.675818	0.675602	0.675538	0.675474	0.675331	0.675189	0.675408	0.675628	0.675748	0.675869	0.676086	0.676304	0.676451	0.676598	0.676761	0.676925	0.677028	0.677132	0.677244	0.677357	0.677416	0.677475	0.677551	0.677628	0.677655	0.677682	0.677735	0.677787	0.677794	0.6778	0.677836	0.677872	0.677865	0.677858	0.677882	0.677906	0.677888	
0.677903	0.677887	0.677899	0.677912	0.677887	0.677862	0.677863	0.677865	0.677828	0.677792	0.67778	0.677767	0.677714	0.677662	0.677629	0.677597	0.67752	0.677443	0.677383	0.677323	0.677212	0.677101	0.67701	0.676919	0.676771	0.676623	0.676519	0.676416	0.676253	0.676091	0.67606	0.67603	0.67593	0.675831	0.675985	0.676138	0.67621	0.676281	0.67645	0.676619	0.676724	0.676828	0.676963	0.677098	0.677176	0.677255	0.677352	0.677449	0.677496	0.677542	0.67761	0.677678	0.677699	0.677721	0.677768	0.677816	0.67782	0.677824	0.677857	0.67789	0.677883	0.677876	0.677898	0.67792	0.677903	
0.677905	0.677887	0.677901	0.677914	0.677889	0.677864	0.677867	0.67787	0.677835	0.677801	0.677791	0.677781	0.677732	0.677683	0.677655	0.677628	0.677558	0.677489	0.677438	0.677388	0.677291	0.677194	0.677119	0.677044	0.676919	0.676794	0.676713	0.676633	0.6765	0.676367	0.676347	0.676328	0.676248	0.676168	0.676291	0.676413	0.676465	0.676517	0.676657	0.676798	0.67688	0.676961	0.677078	0.677196	0.677259	0.677322	0.67741	0.677498	0.677536	0.677573	0.677637	0.677701	0.677717	0.677733	0.677779	0.677826	0.677827	0.677828	0.677861	0.677894	0.677885	0.677876	0.677899	0.677922	0.677905	
0.677906	0.677888	0.677902	0.677916	0.677892	0.677867	0.677871	0.677875	0.677842	0.677809	0.677802	0.677794	0.677749	0.677704	0.677681	0.677658	0.677596	0.677534	0.677493	0.677452	0.677369	0.677286	0.677228	0.67717	0.677068	0.676965	0.676908	0.67685	0.676746	0.676642	0.676634	0.676626	0.676566	0.676506	0.676597	0.676689	0.67672	0.676752	0.676865	0.676977	0.677036	0.677094	0.677194	0.677294	0.677342	0.677389	0.677468	0.677547	0.677576	0.677604	0.677664	0.677724	0.677735	0.677746	0.677791	0.677836	0.677834	0.677832	0.677865	0.677898	0.677888	0.677877	0.6779	0.677924	0.677906	
0.677922	0.677905	0.677919	0.677933	0.67791	0.677886	0.677892	0.677897	0.677866	0.677835	0.67783	0.677826	0.677784	0.677743	0.677725	0.677708	0.677652	0.677596	0.677565	0.677533	0.67746	0.677387	0.677343	0.677299	0.677211	0.677122	0.677081	0.67704	0.676952	0.676864	0.676864	0.676864	0.676813	0.676761	0.676837	0.676914	0.676933	0.676952	0.677048	0.677143	0.677186	0.677228	0.677315	0.677402	0.677438	0.677474	0.677544	0.677615	0.677636	0.677657	0.677711	0.677766	0.677773	0.677781	0.677821	0.677862	0.677859	0.677856	0.677887	0.677917	0.677906	0.677896	0.677917	0.677939	0.677922	
0.677939	0.677922	0.677936	0.677949	0.677927	0.677906	0.677912	0.677918	0.67789	0.677861	0.677859	0.677857	0.677819	0.677781	0.67777	0.677758	0.677708	0.677658	0.677636	0.677614	0.67755	0.677487	0.677457	0.677427	0.677353	0.677279	0.677255	0.67723	0.677159	0.677087	0.677095	0.677103	0.677059	0.677016	0.677077	0.677139	0.677145	0.677152	0.677231	0.677309	0.677336	0.677363	0.677436	0.67751	0.677535	0.677559	0.677621	0.677682	0.677696	0.677711	0.677759	0.677807	0.677811	0.677815	0.677852	0.677889	0.677885	0.67788	0.677908	0.677936	0.677925	0.677914	0.677935	0.677955	0.677939	
0.677939	0.677922	0.677936	0.677951	0.677929	0.677907	0.677914	0.677921	0.677893	0.677865	0.677864	0.677864	0.677828	0.677792	0.677782	0.677772	0.677726	0.67768	0.677661	0.677642	0.677585	0.677528	0.677503	0.677478	0.677413	0.677348	0.677329	0.67731	0.677248	0.677186	0.677195	0.677204	0.677166	0.677128	0.677181	0.677235	0.677237	0.677239	0.677308	0.677378	0.677397	0.677417	0.677485	0.677552	0.67757	0.677588	0.677647	0.677705	0.677715	0.677724	0.677772	0.677819	0.67782	0.67782	0.677857	0.677895	0.677888	0.677881	0.67791	0.677939	0.677926	0.677914	0.677935	0.677956	0.677939	
0.677939	0.677921	0.677937	0.677952	0.67793	0.677908	0.677916	0.677924	0.677897	0.67787	0.67787	0.67787	0.677836	0.677803	0.677795	0.677786	0.677745	0.677703	0.677687	0.677671	0.67762	0.677569	0.677549	0.677529	0.677473	0.677416	0.677403	0.67739	0.677337	0.677284	0.677295	0.677305	0.677273	0.67724	0.677285	0.67733	0.677328	0.677325	0.677386	0.677447	0.677459	0.677471	0.677533	0.677595	0.677606	0.677618	0.677673	0.677728	0.677733	0.677738	0.677784	0.677831	0.677828	0.677825	0.677863	0.677901	0.677891	0.677882	0.677912	0.677941	0.677927	0.677913	0.677935	0.677958	0.677939	
0.677956	0.677939	0.677954	0.677969	0.677948	0.677927	0.677935	0.677944	0.677919	0.677893	0.677896	0.677898	0.677867	0.677835	0.677831	0.677827	0.677788	0.677749	0.677739	0.677729	0.677683	0.677636	0.677624	0.677612	0.677561	0.67751	0.677504	0.677498	0.677451	0.677404	0.677417	0.67743	0.6774	0.677369	0.67741	0.67745	0.677444	0.677437	0.677491	0.677545	0.67755	0.677556	0.677611	0.677666	0.677672	0.677678	0.677728	0.677778	0.677779	0.677781	0.677823	0.677865	0.67786	0.677856	0.67789	0.677925	0.677915	0.677905	0.677932	0.67796	0.677946	0.677932	0.677953	0.677974	0.677956	
0.677973	0.677956	0.677971	0.677986	0.677965	0.677945	0.677955	0.677965	0.677941	0.677916	0.677921	0.677926	0.677897	0.677867	0.677867	0.677867	0.677831	0.677795	0.677792	0.677788	0.677746	0.677704	0.677699	0.677695	0.677649	0.677604	0.677605	0.677606	0.677565	0.677523	0.677539	0.677555	0.677527	0.677498	0.677534	0.67757	0.677559	0.677549	0.677596	0.677642	0.677642	0.677641	0.677689	0.677737	0.677738	0.677739	0.677783	0.677827	0.677825	0.677823	0.677861	0.677899	0.677892	0.677886	0.677917	0.677948	0.677938	0.677928	0.677953	0.677978	0.677964	0.677951	0.67797	0.67799	0.677973	
0.677972	0.677954	0.67797	0.677985	0.677965	0.677944	0.677954	0.677964	0.677941	0.677917	0.677921	0.677926	0.677897	0.677869	0.677868	0.677868	0.677834	0.677799	0.677795	0.677791	0.67775	0.67771	0.677705	0.6777	0.677657	0.677614	0.677615	0.677616	0.677576	0.677536	0.677552	0.677568	0.67754	0.677512	0.677548	0.677583	0.677571	0.677559	0.677606	0.677653	0.67765	0.677647	0.677696	0.677745	0.677743	0.677741	0.677786	0.677832	0.677827	0.677822	0.677862	0.677902	0.677893	0.677883	0.677917	0.67795	0.677938	0.677925	0.677952	0.677979	0.677963	0.677948	0.677969	0.67799	0.677972	
0.677971	0.677952	0.677969	0.677985	0.677964	0.677943	0.677954	0.677964	0.67794	0.677917	0.677921	0.677926	0.677898	0.677871	0.67787	0.677869	0.677836	0.677803	0.677798	0.677793	0.677755	0.677717	0.677711	0.677706	0.677665	0.677624	0.677625	0.677625	0.677587	0.677549	0.677565	0.67758	0.677554	0.677527	0.677562	0.677596	0.677583	0.67757	0.677616	0.677663	0.677658	0.677652	0.677702	0.677752	0.677747	0.677742	0.677789	0.677837	0.677829	0.677821	0.677863	0.677905	0.677893	0.677881	0.677916	0.677952	0.677937	0.677922	0.677951	0.67798	0.677962	0.677945	0.677968	0.67799	0.677971	
0.677987	0.677969	0.677985	0.678001	0.677981	0.677961	0.677972	0.677983	0.67796	0.677937	0.677944	0.677951	0.677924	0.677897	0.6779	0.677903	0.677871	0.677839	0.677839	0.677839	0.677803	0.677766	0.677766	0.677766	0.677727	0.677688	0.677694	0.677699	0.677663	0.677628	0.677645	0.677661	0.677636	0.677611	0.677642	0.677673	0.67766	0.677646	0.677687	0.677728	0.677721	0.677714	0.677758	0.677803	0.677796	0.67779	0.677832	0.677875	0.677866	0.677857	0.677894	0.677932	0.67792	0.677908	0.67794	0.677973	0.677958	0.677943	0.67797	0.677996	0.67798	0.677963	0.677984	0.678005	0.677987	
0.678003	0.677986	0.678001	0.678017	0.677998	0.677978	0.67799	0.678003	0.67798	0.677958	0.677967	0.677977	0.67795	0.677924	0.67793	0.677937	0.677906	0.677875	0.67788	0.677885	0.67785	0.677815	0.677821	0.677826	0.67779	0.677753	0.677763	0.677772	0.67774	0.677707	0.677724	0.677742	0.677718	0.677695	0.677722	0.67775	0.677736	0.677722	0.677758	0.677793	0.677785	0.677776	0.677815	0.677853	0.677845	0.677837	0.677875	0.677912	0.677902	0.677893	0.677926	0.67796	0.677948	0.677935	0.677964	0.677993	0.677979	0.677965	0.677989	0.678013	0.677997	0.677981	0.678001	0.678021	0.678003	
0.678001	0.677981	0.677998	0.678015	0.677995	0.677975	0.677987	0.677999	0.677976	0.677954	0.677962	0.67797	0.677944	0.677917	0.677922	0.677926	0.677895	0.677864	0.677866	0.677867	0.677831	0.677795	0.677797	0.677799	0.67776	0.677721	0.677728	0.677734	0.677698	0.677662	0.67768	0.677698	0.677672	0.677645	0.677678	0.677711	0.677696	0.67768	0.677722	0.677764	0.677755	0.677745	0.67779	0.677835	0.677826	0.677816	0.677859	0.677903	0.67789	0.677878	0.677917	0.677956	0.67794	0.677925	0.677958	0.677992	0.677975	0.677957	0.677985	0.678012	0.677994	0.677976	0.677998	0.67802	0.678001	
0.677998	0.677977	0.677995	0.678013	0.677992	0.677971	0.677983	0.677995	0.677972	0.67795	0.677956	0.677963	0.677937	0.677911	0.677913	0.677915	0.677884	0.677853	0.677851	0.677849	0.677813	0.677776	0.677774	0.677771	0.67773	0.67769	0.677693	0.677696	0.677657	0.677618	0.677636	0.677654	0.677625	0.677595	0.677634	0.677673	0.677655	0.677638	0.677687	0.677736	0.677725	0.677715	0.677766	0.677817	0.677806	0.677795	0.677844	0.677893	0.677878	0.677864	0.677907	0.677951	0.677933	0.677915	0.677952	0.67799	0.67797	0.67795	0.677981	0.678011	0.677991	0.677971	0.677994	0.678018	0.677998	
0.678012	0.677993	0.67801	0.678028	0.678007	0.677986	0.678	0.678013	0.67799	0.677967	0.677976	0.677986	0.677959	0.677933	0.677939	0.677945	0.677913	0.677881	0.677885	0.677889	0.677852	0.677814	0.677818	0.677822	0.677782	0.677742	0.67775	0.677758	0.677722	0.677686	0.677703	0.67772	0.677696	0.677672	0.677701	0.677731	0.677718	0.677706	0.677745	0.677784	0.677777	0.677769	0.677812	0.677855	0.677846	0.677837	0.67788	0.677922	0.677909	0.677896	0.677934	0.677973	0.677957	0.67794	0.677973	0.678007	0.677988	0.67797	0.677998	0.678025	0.678006	0.677987	0.67801	0.678032	0.678012	
0.678027	0.678008	0.678025	0.678042	0.678022	0.678002	0.678016	0.678031	0.678008	0.677985	0.677997	0.678009	0.677981	0.677954	0.677965	0.677975	0.677942	0.677909	0.677919	0.677929	0.677891	0.677852	0.677863	0.677873	0.677834	0.677794	0.677807	0.67782	0.677787	0.677755	0.677771	0.677786	0.677768	0.677749	0.677769	0.677789	0.677781	0.677774	0.677803	0.677833	0.677828	0.677824	0.677859	0.677894	0.677887	0.67788	0.677915	0.677951	0.67794	0.677928	0.677962	0.677995	0.67798	0.677965	0.677994	0.678024	0.678007	0.67799	0.678015	0.67804	0.678022	0.678004	0.678025	0.678046	0.678027	
0.678022	0.678001	0.67802	0.678038	0.678017	0.677996	0.678009	0.678023	0.678	0.677977	0.677986	0.677996	0.677968	0.677941	0.677947	0.677953	0.677919	0.677886	0.677889	0.677892	0.677851	0.677811	0.677813	0.677816	0.67777	0.677725	0.677732	0.677738	0.677696	0.677653	0.677673	0.677694	0.677663	0.677632	0.677672	0.677712	0.677696	0.677679	0.677726	0.677772	0.677765	0.677758	0.677807	0.677855	0.677846	0.677836	0.677883	0.67793	0.677915	0.6779	0.677943	0.677985	0.677966	0.677947	0.677983	0.678019	0.677999	0.677978	0.678008	0.678037	0.678016	0.677996	0.678019	0.678043	0.678022	
0.678018	0.677995	0.678014	0.678034	0.678012	0.67799	0.678003	0.678016	0.677992	0.677969	0.677976	0.677983	0.677956	0.677929	0.677929	0.67793	0.677897	0.677863	0.677859	0.677855	0.677812	0.67777	0.677764	0.677758	0.677707	0.677656	0.677656	0.677657	0.677604	0.67755	0.677576	0.677601	0.677559	0.677516	0.677576	0.677635	0.67761	0.677584	0.677648	0.677711	0.677702	0.677692	0.677754	0.677817	0.677805	0.677793	0.677851	0.677909	0.677891	0.677873	0.677924	0.677975	0.677952	0.677929	0.677972	0.678015	0.67799	0.677966	0.678	0.678035	0.678011	0.677987	0.678014	0.67804	0.678018	
0.67803	0.678008	0.678027	0.678046	0.678024	0.678002	0.678016	0.678031	0.678006	0.677982	0.677992	0.678002	0.677973	0.677943	0.67795	0.677957	0.677919	0.677881	0.677885	0.67789	0.677842	0.677794	0.677799	0.677804	0.677749	0.677694	0.677703	0.677713	0.677666	0.67762	0.677639	0.677657	0.677632	0.677607	0.677637	0.677666	0.677661	0.677656	0.677698	0.67774	0.677743	0.677746	0.677793	0.677841	0.677837	0.677833	0.677881	0.677928	0.677915	0.677902	0.677946	0.67799	0.677971	0.677952	0.677989	0.678027	0.678005	0.677984	0.678015	0.678045	0.678024	0.678002	0.678027	0.678051	0.67803	
0.678041	0.678021	0.67804	0.678059	0.678036	0.678014	0.67803	0.678046	0.67802	0.677994	0.678008	0.678022	0.67799	0.677957	0.67797	0.677983	0.677941	0.677898	0.677912	0.677925	0.677871	0.677818	0.677833	0.677849	0.677791	0.677732	0.67775	0.677768	0.677729	0.67769	0.677702	0.677713	0.677706	0.677698	0.677698	0.677697	0.677713	0.677728	0.677749	0.677769	0.677785	0.6778	0.677832	0.677865	0.677869	0.677872	0.67791	0.677947	0.67794	0.677932	0.677968	0.678005	0.677989	0.677974	0.678007	0.678039	0.67802	0.678002	0.678029	0.678056	0.678036	0.678017	0.678039	0.678062	0.678041	
0.678035	0.678012	0.678032	0.678052	0.678029	0.678005	0.67802	0.678035	0.678009	0.677983	0.677993	0.678003	0.677971	0.677939	0.677945	0.677951	0.677909	0.677867	0.677869	0.677871	0.677816	0.677761	0.677763	0.677765	0.677701	0.677637	0.677644	0.677651	0.677586	0.677522	0.677549	0.677577	0.677532	0.677486	0.677554	0.677622	0.6776	0.677579	0.677634	0.677689	0.677694	0.6777	0.677756	0.677812	0.67781	0.677808	0.677863	0.677919	0.677905	0.677891	0.677941	0.677991	0.67797	0.677948	0.67799	0.678032	0.678009	0.677985	0.678019	0.678052	0.678029	0.678005	0.678031	0.678058	0.678035	
0.678028	0.678003	0.678024	0.678046	0.678021	0.677997	0.67801	0.678024	0.677998	0.677972	0.677978	0.677984	0.677953	0.677922	0.67792	0.677918	0.677877	0.677835	0.677826	0.677818	0.677761	0.677705	0.677693	0.677682	0.677612	0.677543	0.677539	0.677535	0.677444	0.677353	0.677397	0.677441	0.677358	0.677274	0.677411	0.677547	0.677488	0.677429	0.677519	0.677609	0.677604	0.677599	0.677679	0.677758	0.677751	0.677743	0.677816	0.67789	0.67787	0.67785	0.677913	0.677977	0.67795	0.677922	0.677974	0.678026	0.677997	0.677968	0.678008	0.678048	0.678021	0.677993	0.678024	0.678054	0.678028	
0.678036	0.678012	0.678033	0.678054	0.678029	0.678005	0.67802	0.678035	0.678007	0.677978	0.677989	0.677999	0.677962	0.677925	0.677931	0.677938	0.677885	0.677833	0.677838	0.677843	0.677769	0.677694	0.677703	0.677713	0.677621	0.677529	0.677547	0.677564	0.677509	0.677454	0.677527	0.6776	0.677571	0.677542	0.67753	0.677519	0.677508	0.677497	0.677544	0.677592	0.677621	0.677651	0.677703	0.677756	0.677767	0.677779	0.677836	0.677893	0.677884	0.677875	0.677928	0.677981	0.677961	0.677942	0.677986	0.67803	0.678007	0.677983	0.678018	0.678054	0.67803	0.678005	0.678033	0.678061	0.678036	
0.678045	0.678022	0.678043	0.678063	0.678038	0.678012	0.678029	0.678047	0.678015	0.677984	0.677999	0.678014	0.677971	0.677927	0.677943	0.677958	0.677894	0.67783	0.677849	0.677868	0.677776	0.677684	0.677714	0.677743	0.67763	0.677516	0.677555	0.677593	0.677574	0.677555	0.677657	0.677758	0.677784	0.677809	0.67765	0.677491	0.677528	0.677564	0.67757	0.677575	0.677639	0.677702	0.677728	0.677753	0.677784	0.677815	0.677855	0.677895	0.677898	0.677901	0.677943	0.677985	0.677973	0.677961	0.677998	0.678035	0.678017	0.677998	0.678029	0.67806	0.678038	0.678017	0.678042	0.678067	0.678045	
0.678036	0.67801	0.678032	0.678055	0.678028	0.678001	0.678017	0.678032	0.678001	0.67797	0.67798	0.677989	0.677948	0.677906	0.677911	0.677916	0.677854	0.677793	0.677796	0.677799	0.67771	0.677621	0.677628	0.677634	0.677534	0.677433	0.677462	0.677491	0.677559	0.677626	0.677794	0.677961	0.677903	0.677845	0.677786	0.677727	0.677562	0.677398	0.677437	0.677477	0.677521	0.677564	0.677627	0.677689	0.677707	0.677725	0.677793	0.677861	0.677853	0.677846	0.677907	0.677969	0.677948	0.677926	0.677977	0.678027	0.678001	0.677976	0.678015	0.678054	0.678028	0.678002	0.678032	0.678062	0.678036	
0.678027	0.677998	0.678022	0.678046	0.678018	0.67799	0.678004	0.678018	0.677987	0.677956	0.67796	0.677965	0.677925	0.677884	0.677879	0.677873	0.677815	0.677756	0.677742	0.677729	0.677644	0.677559	0.677542	0.677524	0.677438	0.677351	0.67737	0.677389	0.677543	0.677691	0.677941	0.678206	0.678099	0.67784	0.678006	0.678051	0.677697	0.677231	0.677305	0.677379	0.677403	0.677426	0.677526	0.677626	0.677631	0.677636	0.677732	0.677827	0.677809	0.67779	0.677871	0.677953	0.677922	0.677892	0.677956	0.678019	0.677986	0.677953	0.678001	0.678049	0.678018	0.677987	0.678021	0.678056	0.678027	
0.678031	0.678004	0.678027	0.67805	0.678021	0.677992	0.678008	0.678024	0.677988	0.677952	0.677962	0.677972	0.677921	0.677869	0.677875	0.67788	0.677799	0.677718	0.677724	0.677731	0.6776	0.677469	0.677494	0.677518	0.67733	0.677141	0.677272	0.677403	0.677469	0.677634	0.677707	0.677749	0.677515	0.677528	0.677619	0.677752	0.677684	0.677265	0.677271	0.677277	0.677375	0.677472	0.677523	0.677574	0.67762	0.677666	0.677734	0.677803	0.677806	0.677809	0.677875	0.677941	0.677923	0.677905	0.67796	0.678014	0.677989	0.677964	0.678006	0.678048	0.678021	0.677995	0.678026	0.678058	0.678031	
0.678034	0.67801	0.678031	0.678053	0.678024	0.677994	0.678012	0.678029	0.677989	0.677949	0.677964	0.677979	0.677917	0.677855	0.677871	0.677887	0.677783	0.67768	0.677706	0.677732	0.677556	0.677379	0.677446	0.677513	0.677222	0.676931	0.677174	0.677417	0.677394	0.6773	0.676992	0.676366	0.675976	0.676395	0.676812	0.677267	0.677483	0.677299	0.677237	0.677176	0.677346	0.677517	0.67752	0.677522	0.677609	0.677696	0.677737	0.677778	0.677803	0.677828	0.677879	0.67793	0.677924	0.677919	0.677964	0.678009	0.677992	0.677975	0.678011	0.678047	0.678025	0.678003	0.678031	0.678059	0.678034	
0.678024	0.677995	0.678019	0.678043	0.678012	0.67798	0.677996	0.678012	0.677972	0.677932	0.67794	0.677949	0.677889	0.677829	0.677832	0.677835	0.677733	0.677631	0.677637	0.677642	0.677461	0.677279	0.677313	0.677347	0.677052	0.676757	0.676768	0.67678	0.67692	0.676759	0.67587	0.673512	0.672771	0.674765	0.67604	0.676959	0.677225	0.676556	0.67678	0.677004	0.677156	0.677308	0.67737	0.677431	0.677501	0.677571	0.677653	0.677734	0.677745	0.677756	0.677832	0.677909	0.677893	0.677876	0.677938	0.677999	0.677973	0.677948	0.677994	0.67804	0.678012	0.677985	0.678018	0.678052	0.678024	
0.678013	0.677981	0.678007	0.678032	0.678	0.677967	0.677981	0.677994	0.677955	0.677915	0.677917	0.677919	0.677861	0.677803	0.677792	0.677782	0.677683	0.677583	0.677567	0.677552	0.677366	0.677179	0.67718	0.677181	0.676882	0.676582	0.676363	0.676143	0.676445	0.676484	0.67543	0.672302	0.687411	0.673289	0.676573	0.677339	0.677106	0.675813	0.676323	0.676832	0.676965	0.677099	0.67722	0.67734	0.677394	0.677447	0.677568	0.67769	0.677687	0.677684	0.677786	0.677888	0.677861	0.677834	0.677911	0.677988	0.677955	0.677921	0.677977	0.678033	0.678	0.677966	0.678006	0.678045	0.678013	
0.678011	0.677982	0.678006	0.67803	0.677996	0.677962	0.677978	0.677993	0.677946	0.6779	0.677907	0.677914	0.67784	0.677766	0.677767	0.677767	0.677633	0.677499	0.677503	0.677506	0.677248	0.676989	0.677035	0.677081	0.676577	0.676072	0.676233	0.676394	0.67682	0.677084	0.678885	0.679456	0.719644	0.679206	0.679876	0.67854	0.677419	0.676244	0.676422	0.676599	0.676881	0.677163	0.677186	0.67721	0.677339	0.677468	0.677548	0.677628	0.677659	0.677691	0.677773	0.677856	0.677847	0.677838	0.677905	0.677971	0.677948	0.677926	0.677975	0.678024	0.677997	0.67797	0.678005	0.67804	0.678011	
0.678009	0.677983	0.678005	0.678028	0.677993	0.677958	0.677974	0.677991	0.677938	0.677886	0.677898	0.677909	0.67782	0.67773	0.677741	0.677752	0.677584	0.677416	0.677438	0.67746	0.67713	0.6768	0.67689	0.676981	0.676272	0.675562	0.676104	0.676645	0.677194	0.67702	0.682003	0.701551	0.748004	0.707004	0.688918	0.680937	0.678116	0.676675	0.67652	0.676366	0.676797	0.677227	0.677153	0.677079	0.677284	0.677489	0.677527	0.677566	0.677632	0.677698	0.677761	0.677824	0.677833	0.677843	0.677898	0.677954	0.677942	0.67793	0.677972	0.678015	0.677994	0.677973	0.678005	0.678036	0.678009	
0.677997	0.677966	0.677991	0.678016	0.677979	0.677942	0.677957	0.677971	0.677919	0.677867	0.677871	0.677874	0.677788	0.677702	0.677696	0.677689	0.677526	0.677363	0.677357	0.67735	0.677009	0.676668	0.676718	0.676769	0.676004	0.675239	0.675772	0.676305	0.678027	0.678057	0.683388	0.696477	0.714838	0.68225	0.68565	0.678857	0.677371	0.676195	0.676189	0.676183	0.676567	0.676951	0.676962	0.676973	0.677153	0.677333	0.677418	0.677503	0.677558	0.677613	0.677703	0.677793	0.677794	0.677795	0.677867	0.677939	0.67792	0.677901	0.677953	0.678005	0.677979	0.677953	0.67799	0.678027	0.677997	
0.677984	0.67795	0.677977	0.678004	0.677965	0.677927	0.677939	0.677951	0.677899	0.677848	0.677843	0.677839	0.677756	0.677674	0.67765	0.677627	0.677469	0.677311	0.677276	0.677241	0.676888	0.676536	0.676546	0.676557	0.675736	0.674915	0.67544	0.675966	0.678859	0.679815	0.683564	0.686032	0.696142	0.689155	0.6809	0.676641	0.675666	0.675715	0.675857	0.675999	0.676337	0.676675	0.676771	0.676867	0.677022	0.677178	0.677309	0.677441	0.677485	0.677528	0.677645	0.677762	0.677755	0.677747	0.677835	0.677923	0.677897	0.677871	0.677933	0.677995	0.677964	0.677933	0.677975	0.678017	0.677984	
0.677977	0.677947	0.677971	0.677996	0.677957	0.677917	0.677929	0.677942	0.677883	0.677824	0.677823	0.677822	0.677721	0.677619	0.677603	0.677587	0.677389	0.67719	0.67716	0.67713	0.676708	0.676286	0.676251	0.676217	0.6754	0.674583	0.675943	0.677303	0.679615	0.680263	0.68198	0.682535	0.682801	0.68366	0.678154	0.674625	0.675225	0.676281	0.676026	0.67577	0.676248	0.676726	0.676723	0.676719	0.676937	0.677154	0.677254	0.677355	0.677431	0.677508	0.67761	0.677712	0.677725	0.677737	0.677816	0.677895	0.677881	0.677868	0.677924	0.677979	0.677955	0.677932	0.67797	0.678008	0.677977	
0.677971	0.677944	0.677966	0.677988	0.677948	0.677908	0.67792	0.677932	0.677866	0.6778	0.677803	0.677806	0.677685	0.677563	0.677555	0.677547	0.677308	0.677069	0.677044	0.67702	0.676528	0.676036	0.675956	0.675876	0.675064	0.674251	0.676446	0.678641	0.68037	0.680957	0.680221	0.681693	0.682841	0.677848	0.671476	0.671916	0.675638	0.676847	0.676195	0.675542	0.676159	0.676776	0.676674	0.676572	0.676851	0.677129	0.677199	0.677269	0.677378	0.677487	0.677575	0.677662	0.677695	0.677728	0.677797	0.677867	0.677866	0.677865	0.677914	0.677963	0.677947	0.67793	0.677964	0.677998	0.677971	
0.677957	0.677927	0.677951	0.677975	0.677933	0.677891	0.677901	0.677911	0.677846	0.677782	0.677775	0.677768	0.677657	0.677546	0.677512	0.677478	0.677274	0.67707	0.676988	0.676905	0.676522	0.676138	0.675892	0.675646	0.675321	0.674996	0.677177	0.679358	0.680368	0.680146	0.674926	0.675494	0.677471	0.67461	0.671506	0.673485	0.676413	0.677209	0.676457	0.675705	0.676175	0.676646	0.676562	0.676479	0.676739	0.677	0.677093	0.677187	0.677298	0.677409	0.677515	0.677621	0.677651	0.677682	0.677764	0.677846	0.677841	0.677836	0.677894	0.677952	0.677931	0.67791	0.677948	0.677987	0.677957	
0.677943	0.67791	0.677936	0.677962	0.677918	0.677875	0.677882	0.677889	0.677827	0.677764	0.677747	0.677729	0.677629	0.677528	0.677469	0.677409	0.67724	0.677071	0.676931	0.67679	0.676515	0.67624	0.675828	0.675415	0.675578	0.67574	0.677907	0.680074	0.680365	0.678207	0.66935	0.668682	0.671604	0.671863	0.673078	0.676231	0.676993	0.677571	0.676719	0.675867	0.676192	0.676516	0.676451	0.676386	0.676628	0.67687	0.676988	0.677105	0.677218	0.677331	0.677455	0.677579	0.677608	0.677636	0.677731	0.677826	0.677817	0.677807	0.677873	0.67794	0.677914	0.677889	0.677933	0.677977	0.677943	
0.677934	0.677905	0.677928	0.67795	0.677907	0.677863	0.677869	0.677875	0.677806	0.677737	0.677721	0.677705	0.677587	0.677468	0.677416	0.677364	0.677155	0.676947	0.676834	0.676722	0.676363	0.676003	0.675741	0.675478	0.675277	0.675076	0.677684	0.680293	0.683057	0.681332	0.673817	0.669989	0.669336	0.66906	0.671676	0.675533	0.676957	0.678218	0.676881	0.675544	0.675907	0.67627	0.676215	0.67616	0.676444	0.676728	0.676854	0.676981	0.677123	0.677266	0.677389	0.677511	0.677561	0.67761	0.6777	0.677789	0.677793	0.677797	0.677858	0.677918	0.677902	0.677885	0.677924	0.677964	0.677934	
0.677925	0.6779	0.677919	0.677939	0.677895	0.677852	0.677856	0.677861	0.677786	0.677711	0.677696	0.677681	0.677545	0.677409	0.677363	0.677318	0.67707	0.676822	0.676738	0.676654	0.676211	0.675767	0.675654	0.675541	0.674976	0.674412	0.677462	0.680512	0.685748	0.690984	0.67841	0.665834	0.662329	0.658824	0.66714	0.675455	0.67716	0.678865	0.677043	0.675222	0.675623	0.676024	0.675979	0.675934	0.67626	0.676585	0.676721	0.676857	0.677029	0.6772	0.677322	0.677444	0.677514	0.677584	0.677668	0.677752	0.67777	0.677788	0.677843	0.677897	0.677889	0.67788	0.677915	0.67795	0.677925	
0.677912	0.677884	0.677905	0.677926	0.677881	0.677836	0.677839	0.677841	0.677768	0.677695	0.67767	0.677646	0.677521	0.677396	0.677326	0.677257	0.677045	0.676833	0.676698	0.676562	0.676228	0.675893	0.675699	0.675505	0.675272	0.67504	0.677599	0.680158	0.681073	0.681988	0.672796	0.663603	0.658655	0.653706	0.664621	0.675537	0.678375	0.681213	0.678569	0.675924	0.675826	0.675728	0.675712	0.675697	0.676062	0.676428	0.676589	0.67675	0.67694	0.677129	0.677264	0.677399	0.677473	0.677546	0.677639	0.677732	0.677748	0.677763	0.677824	0.677886	0.677874	0.677862	0.677901	0.67794	0.677912	
0.677899	0.677868	0.677891	0.677914	0.677867	0.677821	0.677821	0.677821	0.67775	0.677679	0.677645	0.677611	0.677498	0.677384	0.677289	0.677195	0.67702	0.676844	0.676657	0.67647	0.676245	0.676019	0.675744	0.675468	0.675568	0.675668	0.677736	0.679805	0.676398	0.67299	0.667182	0.661373	0.65498	0.648587	0.662103	0.675619	0.67959	0.683561	0.680094	0.676628	0.67603	0.675432	0.675445	0.675459	0.675865	0.676271	0.676457	0.676644	0.67685	0.677057	0.677206	0.677355	0.677431	0.677507	0.67761	0.677713	0.677725	0.677738	0.677806	0.677874	0.677859	0.677843	0.677887	0.67793	0.677899	
0.67789	0.677863	0.677883	0.677902	0.677857	0.677811	0.677809	0.677807	0.677731	0.677656	0.67762	0.677585	0.677456	0.677327	0.677232	0.677137	0.676923	0.676708	0.676516	0.676324	0.675993	0.675663	0.67536	0.675058	0.675629	0.676201	0.678127	0.680053	0.672417	0.664781	0.659469	0.654157	0.649692	0.645227	0.65995	0.674674	0.680435	0.686195	0.68208	0.677964	0.676525	0.675085	0.67517	0.675256	0.675657	0.676058	0.676293	0.676529	0.676747	0.676966	0.677129	0.677291	0.677382	0.677473	0.677575	0.677678	0.677702	0.677726	0.67779	0.677854	0.677846	0.677838	0.677878	0.677917	0.67789	
0.677881	0.677858	0.677875	0.677891	0.677846	0.677801	0.677796	0.677792	0.677712	0.677632	0.677595	0.677559	0.677415	0.677271	0.677175	0.67708	0.676826	0.676572	0.676375	0.676178	0.675742	0.675306	0.674977	0.674647	0.675691	0.676735	0.678518	0.680301	0.668437	0.656572	0.651756	0.64694	0.644403	0.641866	0.657797	0.673729	0.68128	0.68883	0.684066	0.679301	0.67702	0.674739	0.674896	0.675053	0.675449	0.675845	0.676129	0.676413	0.676644	0.676876	0.677051	0.677226	0.677332	0.677439	0.677541	0.677643	0.677679	0.677714	0.677774	0.677834	0.677834	0.677834	0.677869	0.677904	0.677881	
0.67787	0.677845	0.677863	0.677881	0.677835	0.677789	0.677783	0.677777	0.677698	0.67762	0.677576	0.677533	0.677395	0.677257	0.677142	0.677027	0.676786	0.676544	0.676296	0.676048	0.675607	0.675167	0.674786	0.674406	0.675733	0.67706	0.679498	0.681936	0.671357	0.660778	0.652266	0.643754	0.641995	0.640237	0.65555	0.670863	0.679053	0.687242	0.682896	0.678549	0.67648	0.674411	0.674588	0.674764	0.675256	0.675747	0.676046	0.676345	0.676596	0.676847	0.677026	0.677205	0.677313	0.67742	0.677526	0.677633	0.677665	0.677698	0.677762	0.677827	0.677823	0.677819	0.677858	0.677896	0.67787	
0.67786	0.677832	0.677851	0.677871	0.677823	0.677776	0.677769	0.677763	0.677685	0.677607	0.677557	0.677507	0.677375	0.677243	0.677109	0.676975	0.676746	0.676517	0.676217	0.675918	0.675472	0.675027	0.674596	0.674164	0.675775	0.677385	0.680478	0.68357	0.674278	0.664985	0.652776	0.640567	0.639587	0.638607	0.653302	0.667998	0.676826	0.685653	0.681726	0.677798	0.675941	0.674084	0.67428	0.674475	0.675062	0.675649	0.675964	0.676278	0.676548	0.676818	0.677002	0.677185	0.677293	0.677401	0.677512	0.677622	0.677652	0.677682	0.67775	0.677819	0.677812	0.677805	0.677846	0.677888	0.67786	
0.677855	0.677831	0.677847	0.677863	0.677818	0.677772	0.677763	0.677753	0.677674	0.677595	0.677543	0.677491	0.67735	0.677209	0.677071	0.676932	0.676674	0.676415	0.676095	0.675774	0.675233	0.674693	0.674157	0.673621	0.674896	0.676171	0.679571	0.682971	0.678014	0.673057	0.659179	0.6453	0.642774	0.640247	0.6542	0.668152	0.675645	0.683137	0.679704	0.676272	0.674815	0.673358	0.673763	0.674167	0.674814	0.67546	0.675823	0.676186	0.676471	0.676757	0.67695	0.677144	0.677263	0.677381	0.677491	0.677601	0.677639	0.677676	0.677741	0.677806	0.677805	0.677804	0.677841	0.677879	0.677855	
0.67785	0.67783	0.677843	0.677856	0.677812	0.677768	0.677756	0.677744	0.677664	0.677583	0.677529	0.677474	0.677325	0.677175	0.677032	0.67689	0.676602	0.676314	0.675972	0.67563	0.674994	0.674358	0.673718	0.673078	0.674018	0.674958	0.678665	0.682372	0.681751	0.681129	0.665581	0.650033	0.64596	0.641887	0.655097	0.668307	0.674464	0.68062	0.677683	0.674745	0.673689	0.672633	0.673245	0.673858	0.674565	0.675271	0.675683	0.676094	0.676395	0.676695	0.676899	0.677104	0.677233	0.677361	0.677471	0.67758	0.677625	0.677671	0.677732	0.677793	0.677798	0.677803	0.677836	0.67787	0.67785	
0.677843	0.677821	0.677835	0.67785	0.677805	0.67776	0.677749	0.677738	0.677659	0.67758	0.677524	0.677468	0.677324	0.677179	0.677031	0.676883	0.676605	0.676326	0.67597	0.675614	0.674988	0.674362	0.673573	0.672784	0.673099	0.673415	0.676341	0.679266	0.68046	0.681654	0.67311	0.664566	0.657613	0.650661	0.661914	0.673168	0.675753	0.678338	0.675653	0.672968	0.672703	0.672439	0.67318	0.673921	0.674628	0.675335	0.67573	0.676125	0.676422	0.676719	0.676918	0.677118	0.677241	0.677364	0.677473	0.677582	0.677623	0.677664	0.677728	0.677791	0.677792	0.677793	0.677829	0.677866	0.677843	
0.677836	0.677811	0.677828	0.677844	0.677799	0.677753	0.677742	0.677731	0.677654	0.677576	0.677519	0.677462	0.677323	0.677184	0.67703	0.676877	0.676607	0.676337	0.675968	0.675598	0.674983	0.674367	0.673429	0.67249	0.672181	0.671872	0.674016	0.67616	0.679169	0.682178	0.680639	0.6791	0.669267	0.659435	0.668731	0.678028	0.677043	0.676057	0.673624	0.67119	0.671717	0.672244	0.673114	0.673984	0.674691	0.675399	0.675777	0.676155	0.676449	0.676743	0.676937	0.677132	0.677249	0.677367	0.677476	0.677585	0.677622	0.677658	0.677723	0.677788	0.677786	0.677784	0.677823	0.677861	0.677836	
0.677837	0.677816	0.67783	0.677843	0.6778	0.677757	0.677745	0.677732	0.677657	0.677582	0.677525	0.677467	0.67733	0.677192	0.677042	0.676892	0.676623	0.676354	0.67599	0.675627	0.675027	0.674427	0.673467	0.672507	0.671793	0.671079	0.671978	0.672876	0.675357	0.677837	0.677659	0.67748	0.672753	0.668026	0.672343	0.67666	0.674796	0.672932	0.671723	0.670513	0.671383	0.672253	0.673165	0.674077	0.674751	0.675424	0.675804	0.676184	0.67647	0.676757	0.676948	0.67714	0.677257	0.677375	0.67748	0.677585	0.677625	0.677664	0.677725	0.677786	0.677788	0.677789	0.677824	0.677859	0.677837	
0.677839	0.67782	0.677831	0.677842	0.677802	0.677762	0.677748	0.677734	0.67766	0.677587	0.67753	0.677473	0.677337	0.677201	0.677054	0.676906	0.676638	0.67637	0.676013	0.675656	0.675071	0.674486	0.673505	0.672524	0.671405	0.670286	0.669939	0.669592	0.671544	0.673496	0.674678	0.67586	0.676239	0.676618	0.675954	0.675291	0.672549	0.669808	0.669822	0.669836	0.671049	0.672262	0.673216	0.67417	0.67481	0.675449	0.675831	0.676213	0.676492	0.67677	0.676959	0.677147	0.677266	0.677384	0.677485	0.677585	0.677628	0.677671	0.677728	0.677785	0.67779	0.677795	0.677826	0.677857	0.677839	
0.677835	0.677815	0.677828	0.677841	0.6778	0.677759	0.677747	0.677735	0.677664	0.677593	0.67754	0.677486	0.677357	0.677228	0.677089	0.67695	0.6767	0.67645	0.676118	0.675786	0.675252	0.674717	0.673857	0.672997	0.67183	0.670664	0.669778	0.668892	0.66958	0.670268	0.670987	0.671705	0.672624	0.673543	0.672413	0.671284	0.670102	0.66892	0.669542	0.670164	0.671444	0.672725	0.673577	0.67443	0.675017	0.675604	0.67596	0.676315	0.676572	0.676829	0.677007	0.677186	0.677294	0.677401	0.6775	0.677598	0.677635	0.677672	0.677729	0.677787	0.677788	0.67779	0.677823	0.677856	0.677835	
0.677832	0.67781	0.677825	0.677839	0.677798	0.677757	0.677747	0.677737	0.677668	0.6776	0.677549	0.677499	0.677377	0.677256	0.677125	0.676994	0.676763	0.676531	0.676223	0.675916	0.675432	0.674949	0.674209	0.673469	0.672255	0.671041	0.669617	0.668192	0.667616	0.66704	0.667295	0.667551	0.669009	0.670467	0.668872	0.667276	0.667654	0.668032	0.669262	0.670492	0.67184	0.673188	0.673939	0.67469	0.675224	0.675759	0.676088	0.676418	0.676652	0.676887	0.677056	0.677225	0.677322	0.677419	0.677515	0.67761	0.677642	0.677674	0.677731	0.677789	0.677787	0.677786	0.67782	0.677854	0.677832	
0.67784	0.67782	0.677833	0.677845	0.677807	0.677769	0.677759	0.677749	0.677684	0.677619	0.677572	0.677524	0.67741	0.677297	0.677176	0.677056	0.676842	0.676629	0.676352	0.676075	0.675645	0.675215	0.674577	0.67394	0.672926	0.671912	0.670592	0.669271	0.668314	0.667358	0.667095	0.666833	0.667345	0.667858	0.667515	0.667171	0.668031	0.668891	0.670148	0.671405	0.672546	0.673687	0.674338	0.674988	0.675459	0.675929	0.676229	0.676529	0.676742	0.676955	0.677112	0.677268	0.677359	0.67745	0.677539	0.677628	0.677659	0.677691	0.677744	0.677797	0.677797	0.677797	0.677828	0.677859	0.67784	
0.677847	0.67783	0.677841	0.677851	0.677816	0.677781	0.677771	0.67776	0.6777	0.677639	0.677594	0.67755	0.677443	0.677337	0.677227	0.677117	0.676922	0.676727	0.676481	0.676235	0.675857	0.67548	0.674946	0.674412	0.673597	0.672782	0.671567	0.670351	0.669013	0.667676	0.666895	0.666115	0.665682	0.665249	0.666158	0.667067	0.668408	0.669749	0.671033	0.672317	0.673252	0.674186	0.674736	0.675287	0.675693	0.676099	0.67637	0.676641	0.676832	0.677023	0.677168	0.677312	0.677397	0.677481	0.677564	0.677646	0.677677	0.677708	0.677756	0.677805	0.677807	0.677809	0.677837	0.677865	0.677847	
0.677847	0.677828	0.67784	0.677853	0.677818	0.677783	0.677775	0.677767	0.677708	0.67765	0.67761	0.67757	0.677472	0.677373	0.677274	0.677176	0.676999	0.676822	0.676607	0.676392	0.676061	0.675729	0.675281	0.674833	0.674168	0.673504	0.672555	0.671606	0.67047	0.669333	0.668587	0.667841	0.667237	0.666632	0.667691	0.668751	0.669903	0.671055	0.6721	0.673144	0.673885	0.674626	0.675098	0.67557	0.675918	0.676267	0.67651	0.676753	0.67692	0.677087	0.677222	0.677356	0.67743	0.677503	0.677583	0.677662	0.677687	0.677713	0.677761	0.67781	0.677809	0.677808	0.677837	0.677865	0.677847	
0.677846	0.677827	0.67784	0.677854	0.677819	0.677784	0.677778	0.677773	0.677717	0.677662	0.677627	0.677591	0.6775	0.677409	0.677321	0.677234	0.677076	0.676918	0.676734	0.676549	0.676264	0.675979	0.675616	0.675254	0.674739	0.674225	0.673543	0.672862	0.671926	0.67099	0.670279	0.669568	0.668792	0.668015	0.669225	0.670435	0.671398	0.672361	0.673166	0.673971	0.674518	0.675065	0.675459	0.675853	0.676144	0.676434	0.67665	0.676865	0.677008	0.677151	0.677275	0.677399	0.677462	0.677526	0.677602	0.677678	0.677698	0.677718	0.677766	0.677814	0.677811	0.677807	0.677837	0.677866	0.677846	
0.677859	0.677841	0.677853	0.677865	0.677833	0.677801	0.677796	0.677791	0.677739	0.677688	0.677657	0.677625	0.677542	0.677458	0.677382	0.677305	0.677164	0.677023	0.676865	0.676707	0.67646	0.676214	0.675915	0.675615	0.675192	0.674769	0.674251	0.673734	0.673029	0.672323	0.671815	0.671307	0.6707	0.670092	0.671023	0.671954	0.672647	0.673339	0.67396	0.67458	0.675015	0.67545	0.675784	0.676117	0.67636	0.676603	0.676793	0.676982	0.677106	0.677229	0.677341	0.677454	0.677509	0.677565	0.677635	0.677704	0.677723	0.677741	0.677785	0.677829	0.677826	0.677823	0.67785	0.677877	0.677859	
0.677871	0.677855	0.677866	0.677877	0.677847	0.677818	0.677813	0.677809	0.677762	0.677714	0.677687	0.67766	0.677584	0.677508	0.677442	0.677377	0.677252	0.677127	0.676996	0.676864	0.676657	0.67645	0.676213	0.675976	0.675644	0.675313	0.67496	0.674607	0.674131	0.673656	0.673351	0.673047	0.672608	0.672169	0.672821	0.673473	0.673895	0.674317	0.674754	0.67519	0.675512	0.675835	0.676108	0.67638	0.676576	0.676772	0.676936	0.6771	0.677204	0.677308	0.677408	0.677508	0.677556	0.677605	0.677668	0.677731	0.677747	0.677764	0.677804	0.677844	0.677841	0.677838	0.677863	0.677888	0.677871	
0.677872	0.677855	0.677867	0.677879	0.67785	0.677821	0.677818	0.677816	0.677771	0.677726	0.677702	0.677679	0.677609	0.677539	0.677482	0.677425	0.677313	0.677201	0.677089	0.676977	0.676798	0.676619	0.676424	0.67623	0.675953	0.675677	0.675403	0.675129	0.674757	0.674384	0.674183	0.673982	0.67367	0.673359	0.673827	0.674295	0.674591	0.674887	0.675238	0.67559	0.675846	0.676101	0.676334	0.676566	0.676728	0.67689	0.677036	0.677182	0.67727	0.677357	0.67745	0.677543	0.677584	0.677624	0.677684	0.677745	0.677757	0.677769	0.677809	0.677849	0.677844	0.677839	0.677864	0.67789	0.677872	
