y	b	Ri	bdiff	u.x	u.y	u.z	
0	0	43562.6	-7.0598e-05	0.000162364	0	-0.000128485
12.5	0.247881	30839.5	0.000599538	0.00264235	-0.00128912	-0.000405057
25	0.504615	12879.3	0.00258601	-0.00249426	0.000441476	-0.00248123
36.0432	0.742036	3785.4	0.00705695	-0.0391805	-9.40349e-05	-0.013457
46.0432	0.995152	2419.81	0.0126792	-0.0791242	-0.000206141	-0.025455
51.2846	0.740472	3172.78	0.00984495	0.285363	0.000347367	0.0122424
54.8698	0.804372	3154.49	0.00680714	0.510834	-0.00155104	0.0324302
58.1108	0.822846	4544.38	0.00273207	0.507102	-0.00101644	0.0285298
61.0108	0.889063	3603.11	-0.00432917	0.352962	-0.000481195	0.0130734
64.2468	1.0028	2709.37	-0.00971472	0.0997006	0.000122316	-0.0130797
67.6647	1.03084	4345.39	-0.0122433	-0.0516865	-1.39599e-06	-0.00706507
72.0125	1.16162	4324.48	-0.0115599	-0.0819903	0.00323391	-0.00877844
78.0871	1.2934	3884.09	-0.00790549	-0.0153833	-0.00366529	-0.0224663
86.9607	1.48173	9287.87	-0.0041649	0.0013257	-0.000544013	-0.0140205
95.8342	1.65216	16596.7	-0.00171995	0.00187262	0.00283421	-0.000279281
