y	b	Ri	bdiff	u.x	u.y	u.z	
0	0	30556	-0.000153412	0.000951503	0	-0.000462371
12.5	0.258662	29609.9	0.00111434	0.00209786	-0.00066423	-0.000121345
25	0.516646	18620.7	0.00273049	-0.003263	-0.000119659	-0.00133912
36.0432	0.758647	5708.29	0.00849156	-0.0435095	-0.00153362	-0.0138671
46.0432	0.96618	2373.3	0.0134239	-0.0687362	-0.000919445	-0.037431
51.4426	0.653686	786.732	0.00853418	0.251899	0.000695932	0.00205303
54.8726	0.687428	661.558	0.00583126	0.421544	-0.000380512	0.0322335
57.9226	0.731616	1360.22	0.00265175	0.460764	0.00184222	0.0418315
60.9515	0.883338	1015.85	-0.00322647	0.327908	-0.00345681	0.0206707
64.8411	0.836109	928.342	-0.00977802	0.0702418	0.000976393	-0.00396814
69.4007	1.05044	638.858	-0.0115339	-0.0615626	0.00243933	-0.00846042
75.7635	1.37308	2573.91	-0.00838765	-0.0366876	0.000383046	-0.0212525
85.2126	1.44397	5695.89	-0.00442399	0.000546161	-0.000393569	-0.0180566
94.6617	1.63144	12119.3	-0.00145156	0.00392	0.0032081	-0.000465587
