y	b	Ri	bdiff	u.x	u.y	u.z	
0	0	15654.9	0.00015437	0.000250495	0	-0.000128644
12.5	0.258187	16551.8	0.000220685	0.000828619	8.24899e-05	0.00030288
25	0.52343	27695.1	0.00126503	0.00266899	-0.000432015	-0.00151749
36.0432	0.757312	26776.8	0.00413089	-0.0216486	0.00258734	-0.000592669
46.0432	0.922043	4002.88	0.00871729	-0.0701153	-0.000442714	0.00898264
51.7228	0.72962	1945.51	0.00716056	0.173414	0.000159084	0.0347436
55.3011	0.761017	1802.75	0.00534825	0.357829	0.00135284	0.0226986
58.6549	0.934957	1978.25	0.000371507	0.38076	0.000949726	0.0341919
61.9114	0.926673	1402.53	-0.00331755	0.234775	-0.000355357	0.0342371
65.2155	0.970347	2098.7	-0.00650404	0.0136506	-0.000963531	0.00253454
70.0719	1.16836	2734.58	-0.00897137	-0.0533898	0.00444723	0.00470684
77.444	1.44748	4145.49	-0.00674256	-0.0160983	-0.00483568	-0.0121815
87.9269	1.54457	7686.46	-0.00231082	0.00129554	-0.000368287	-0.00778019
