y	b	Ri	bdiff	u.x	u.y	u.z	
0	0	5.69009e+06	-2.55218e-06	-7.83797e-05	0	2.51327e-07
12.5	0.255769	1.28982e+07	1.42977e-05	-3.34576e-05	3.76896e-05	4.40232e-06
25	0.528431	2.04612e+06	2.68341e-05	2.83162e-06	-0.000173367	-1.54747e-05
36.0432	0.762162	417205	0.000322284	0.000337705	0.0012901	3.24503e-05
46.0432	0.970065	204036	0.000515379	-0.000192706	0.000386962	-0.000276958
52.406	0.790884	229707	0.00158584	0.0122828	0.000617451	-0.000631226
56.2185	0.691359	263448	0.00037509	0.0339927	0.000793212	0.000365897
59.7496	0.901019	255615	-0.00134476	0.0630902	0.000231519	0.00234757
63.2741	1.15921	231696	-0.00185152	0.0304524	-0.000377411	-0.00316393
68.5816	1.1994	33750.6	-0.000864033	0.000462311	0.00276468	-0.00203951
75.1049	1.38409	84746	-0.00034073	-0.000753953	0.00130054	-0.000278519
85.5877	1.56307	574781	-8.54424e-05	-0.00127512	-0.000919297	-3.60887e-05
96.0706	1.81952	786551	4.17872e-05	0.000428058	0.00182869	1.31253e-05
