x=110	y=200	z=200	n=65	len=1
b
0	0	0	0	0	0	0	0	0	0	0	0	0	0	0	0	0	0	0	0	0	0	0	0	0	0	0	0	0	0	0	0	0	0	0	0	0	0	0	0	0	0	0	0	0	0	0	0	0	0	0	0	0	0	0	0	0	0	0	0	0	0	0	0	0	
0.0231884	0.0237392	0.0242139	0.0246886	0.0249361	0.0251835	0.0249978	0.0248121	0.0242079	0.0236037	0.0229046	0.0222055	0.0220941	0.0219826	0.0225557	0.0231288	0.0239529	0.0247771	0.0250204	0.0252636	0.0243643	0.0234649	0.0228956	0.0223263	0.0232232	0.0241201	0.0252104	0.0263008	0.0257916	0.0252825	0.0245239	0.0237653	0.0234482	0.0231311	0.0228842	0.0226372	0.0229126	0.0231881	0.0238113	0.0244344	0.0245887	0.0247429	0.0239103	0.0230777	0.0225171	0.0219566	0.022569	0.0231816	0.023963	0.0247444	0.0247921	0.0248398	0.024195	0.0235501	0.0226802	0.0218104	0.0214134	0.0210165	0.0210398	0.021063	0.0213891	0.0217151	0.0221763	0.0226375	0.0231883	
0.0467727	0.0477849	0.0486182	0.0494515	0.0498566	0.0502617	0.0499542	0.0496467	0.0486229	0.047599	0.0463616	0.0451241	0.0448173	0.0445104	0.0453375	0.0461645	0.0476379	0.0491112	0.049799	0.0504868	0.0491263	0.0477657	0.0465784	0.045391	0.0464599	0.0475289	0.0491564	0.050784	0.0500883	0.0493926	0.0481963	0.0470001	0.0466034	0.0462068	0.0460249	0.045843	0.0462597	0.0466765	0.0474307	0.048185	0.0482742	0.0483633	0.047235	0.0461068	0.0452624	0.044418	0.0454132	0.0464085	0.0477267	0.0490448	0.0492045	0.049364	0.0483463	0.0473284	0.045803	0.0442775	0.0434956	0.0427137	0.0427195	0.0427254	0.0433485	0.0439717	0.0448661	0.0457605	0.0467726	
0.070357	0.0718305	0.0730224	0.0742144	0.0747772	0.07534	0.0749107	0.0744813	0.0730379	0.0715944	0.0698186	0.0680428	0.0675405	0.0670382	0.0681192	0.0692003	0.0713228	0.0734454	0.0745777	0.0757099	0.0738882	0.0720665	0.0702612	0.0684558	0.0696967	0.0709376	0.0731024	0.0752672	0.074385	0.0735027	0.0718688	0.0702348	0.0697586	0.0692825	0.0691656	0.0690488	0.0696068	0.0701649	0.0710502	0.0719356	0.0719596	0.0719836	0.0705598	0.0691359	0.0680077	0.0668795	0.0682574	0.0696355	0.0714904	0.0733453	0.0736169	0.0738883	0.0724976	0.0711068	0.0689258	0.0667447	0.0655777	0.0644108	0.0643992	0.0643877	0.065308	0.0662284	0.0675559	0.0688834	0.0703569	
0.0941426	0.0958171	0.0971379	0.0984588	0.0990307	0.0996026	0.0991455	0.0986883	0.0972142	0.0957401	0.0939433	0.0921466	0.0914906	0.0908345	0.0916356	0.0924367	0.094493	0.0965494	0.0978845	0.0992197	0.0977191	0.0962185	0.0943512	0.0924838	0.0932043	0.0939249	0.0958054	0.0976859	0.0971839	0.0966818	0.0950989	0.093516	0.0930028	0.0924897	0.0927472	0.0930047	0.0934649	0.0939252	0.0943432	0.0947613	0.0945713	0.0943812	0.0933938	0.0924064	0.0915898	0.0907733	0.0920858	0.0933984	0.095124	0.0968495	0.0970986	0.0973476	0.0960521	0.0947566	0.0925304	0.0903041	0.0889972	0.0876903	0.0875947	0.0874992	0.0884867	0.0894743	0.0909711	0.0924679	0.0941425	
0.117928	0.119804	0.121253	0.122703	0.123284	0.123865	0.12338	0.122895	0.12139	0.119886	0.118068	0.11625	0.115441	0.114631	0.115152	0.115673	0.117663	0.119653	0.121191	0.122729	0.12155	0.12037	0.118441	0.116512	0.116712	0.116912	0.118508	0.120105	0.119983	0.119861	0.118329	0.116797	0.116247	0.115697	0.116329	0.116961	0.117323	0.117685	0.117636	0.117587	0.117183	0.116779	0.116228	0.115677	0.115172	0.114667	0.115914	0.117161	0.118758	0.120354	0.12058	0.120807	0.119607	0.118406	0.116135	0.113863	0.112417	0.11097	0.11079	0.110611	0.111665	0.11272	0.114386	0.116052	0.117928	
0.141722	0.143338	0.144558	0.145778	0.146204	0.146629	0.14623	0.14583	0.144724	0.143617	0.142346	0.141074	0.140423	0.139772	0.139822	0.139872	0.141089	0.142306	0.143417	0.144528	0.143989	0.14345	0.142329	0.141207	0.140901	0.140596	0.141431	0.142266	0.142507	0.142749	0.141633	0.140518	0.1402	0.139883	0.140539	0.141194	0.141028	0.140862	0.140607	0.140353	0.139939	0.139525	0.139556	0.139586	0.139665	0.139745	0.140546	0.141346	0.142157	0.142967	0.142892	0.142816	0.142003	0.14119	0.139552	0.137915	0.136874	0.135834	0.135677	0.135519	0.136402	0.137286	0.138697	0.140107	0.141722	
0.165517	0.166871	0.167862	0.168853	0.169123	0.169393	0.169079	0.168765	0.168057	0.167349	0.166623	0.165897	0.165405	0.164913	0.164492	0.164071	0.164515	0.164959	0.165643	0.166327	0.166429	0.16653	0.166216	0.165902	0.165091	0.16428	0.164354	0.164428	0.165032	0.165636	0.164937	0.164238	0.164154	0.16407	0.164749	0.165428	0.164733	0.164038	0.163578	0.163119	0.162695	0.162272	0.162883	0.163494	0.164158	0.164822	0.165177	0.165531	0.165556	0.165581	0.165203	0.164825	0.164399	0.163974	0.16297	0.161966	0.161332	0.160699	0.160563	0.160427	0.16114	0.161852	0.163007	0.164162	0.165517	
0.189217	0.189971	0.190465	0.190958	0.191061	0.191164	0.191094	0.191024	0.190995	0.190966	0.190973	0.19098	0.190768	0.190556	0.189846	0.189137	0.188643	0.18815	0.188171	0.188192	0.188741	0.18929	0.189815	0.190341	0.189372	0.188403	0.187625	0.186847	0.187452	0.188057	0.187922	0.187788	0.188305	0.188822	0.189181	0.189539	0.188314	0.187088	0.186682	0.186276	0.186006	0.185736	0.186688	0.187639	0.188628	0.189617	0.189437	0.189257	0.188428	0.187599	0.18692	0.18624	0.186256	0.186273	0.186122	0.185972	0.185966	0.18596	0.186027	0.186095	0.186586	0.187077	0.18777	0.188462	0.189217	
0.212917	0.213071	0.213067	0.213063	0.212999	0.212934	0.213109	0.213283	0.213934	0.214584	0.215323	0.216063	0.216131	0.216199	0.215201	0.214203	0.212772	0.211341	0.210699	0.210057	0.211053	0.212049	0.213414	0.214779	0.213653	0.212526	0.210896	0.209267	0.209872	0.210477	0.210908	0.211339	0.212457	0.213575	0.213612	0.21365	0.211894	0.210138	0.209786	0.209434	0.209317	0.2092	0.210492	0.211783	0.213097	0.214411	0.213697	0.212983	0.2113	0.209617	0.208636	0.207656	0.208114	0.208572	0.209275	0.209978	0.210599	0.211221	0.211491	0.211762	0.212032	0.212302	0.212533	0.212763	0.212917	
0.235928	0.235617	0.235318	0.23502	0.234926	0.234831	0.235292	0.235753	0.236862	0.237971	0.239146	0.240321	0.240594	0.240868	0.239809	0.23875	0.2368	0.234849	0.233712	0.232574	0.233358	0.234141	0.235893	0.237644	0.237107	0.236569	0.234817	0.233064	0.233461	0.233859	0.234524	0.23519	0.236182	0.237174	0.237152	0.23713	0.23571	0.23429	0.233857	0.233425	0.233261	0.233098	0.234245	0.235392	0.236542	0.237692	0.236715	0.235738	0.233775	0.231811	0.230832	0.229853	0.230626	0.231399	0.232591	0.233782	0.234763	0.235745	0.236106	0.236468	0.23652	0.236572	0.236406	0.23624	0.235928	
0.258939	0.258162	0.25757	0.256978	0.256853	0.256728	0.257475	0.258222	0.25979	0.261358	0.262968	0.264578	0.265057	0.265537	0.264417	0.263297	0.260827	0.258358	0.256725	0.255092	0.255662	0.256233	0.258371	0.260509	0.260561	0.260612	0.258737	0.256862	0.257051	0.25724	0.25814	0.25904	0.259907	0.260774	0.260692	0.260609	0.259525	0.258441	0.257929	0.257416	0.257206	0.256996	0.257998	0.259001	0.259987	0.260972	0.259733	0.258493	0.256249	0.254005	0.253027	0.25205	0.253138	0.254227	0.255907	0.257587	0.258927	0.260268	0.260721	0.261173	0.261008	0.260843	0.26028	0.259716	0.258939	
0.281802	0.280859	0.280233	0.279608	0.279557	0.279506	0.280397	0.281288	0.282828	0.284369	0.285856	0.287343	0.287884	0.288426	0.287703	0.28698	0.28488	0.282779	0.281045	0.27931	0.279141	0.278971	0.280682	0.282392	0.283232	0.284072	0.283032	0.281992	0.281789	0.281586	0.282259	0.282931	0.283387	0.283842	0.283776	0.28371	0.283384	0.283059	0.282696	0.282333	0.281899	0.281465	0.281758	0.282051	0.282451	0.282852	0.281836	0.28082	0.279136	0.277452	0.27682	0.276188	0.27728	0.278372	0.279929	0.281485	0.28275	0.284016	0.284442	0.284868	0.284569	0.28427	0.283508	0.282746	0.281802	
0.304665	0.303555	0.302896	0.302238	0.302261	0.302285	0.303319	0.304353	0.305867	0.307381	0.308745	0.310109	0.310712	0.311314	0.310989	0.310663	0.308932	0.307201	0.305365	0.303529	0.302619	0.301709	0.302992	0.304275	0.305903	0.307531	0.307326	0.307121	0.306526	0.305931	0.306377	0.306822	0.306866	0.30691	0.30686	0.30681	0.307243	0.307676	0.307463	0.30725	0.306592	0.305935	0.305518	0.305101	0.304916	0.304731	0.303939	0.303146	0.302022	0.300899	0.300613	0.300327	0.301422	0.302518	0.30395	0.305383	0.306573	0.307763	0.308163	0.308564	0.30813	0.307697	0.306736	0.305775	0.304665	
0.328422	0.327353	0.326763	0.326172	0.326203	0.326234	0.327098	0.327962	0.329083	0.330205	0.331171	0.332138	0.332697	0.333255	0.333563	0.33387	0.333125	0.332379	0.330969	0.329558	0.328168	0.326779	0.327037	0.327295	0.329074	0.330853	0.331565	0.332277	0.331546	0.330814	0.330948	0.331081	0.330725	0.330368	0.330266	0.330163	0.331156	0.332149	0.332261	0.332374	0.331277	0.33018	0.328908	0.327636	0.327102	0.326568	0.326352	0.326136	0.325944	0.325752	0.325918	0.326084	0.326903	0.327722	0.328677	0.329631	0.3305	0.331369	0.331705	0.332041	0.331656	0.331271	0.330381	0.329491	0.328422	
0.35218	0.351152	0.350629	0.350107	0.350145	0.350184	0.350877	0.351571	0.3523	0.353029	0.353598	0.354168	0.354682	0.355195	0.356136	0.357077	0.357318	0.357558	0.356573	0.355588	0.353718	0.351848	0.351081	0.350315	0.352245	0.354175	0.355804	0.357432	0.356565	0.355697	0.355519	0.35534	0.354583	0.353827	0.353671	0.353516	0.355068	0.356621	0.35706	0.357499	0.355962	0.354424	0.352298	0.350171	0.349288	0.348405	0.348765	0.349126	0.349866	0.350605	0.351224	0.351842	0.352384	0.352927	0.353403	0.35388	0.354427	0.354975	0.355247	0.355519	0.355182	0.354845	0.354026	0.353208	0.35218	
0.376207	0.37548	0.375175	0.37487	0.374872	0.374875	0.375251	0.375626	0.375923	0.37622	0.376503	0.376786	0.377228	0.37767	0.378928	0.380187	0.381117	0.382047	0.38167	0.381294	0.379638	0.377983	0.376369	0.374755	0.376017	0.37728	0.379247	0.381213	0.38087	0.380526	0.380607	0.380688	0.38001	0.379332	0.37885	0.378369	0.379773	0.381178	0.381271	0.381364	0.379298	0.377231	0.374861	0.37249	0.371982	0.371473	0.372521	0.373569	0.374875	0.376181	0.376924	0.377667	0.37783	0.377992	0.378037	0.378081	0.378215	0.378349	0.378452	0.378555	0.378283	0.378011	0.377473	0.376934	0.376207	
0.400234	0.399809	0.399721	0.399633	0.3996	0.399567	0.399624	0.399682	0.399546	0.39941	0.399407	0.399405	0.399774	0.400144	0.40172	0.403297	0.404916	0.406536	0.406767	0.406999	0.405559	0.404118	0.401656	0.399195	0.399789	0.400384	0.402689	0.404994	0.405174	0.405354	0.405695	0.406035	0.405436	0.404837	0.404029	0.403221	0.404478	0.405735	0.405482	0.405229	0.402634	0.400038	0.397424	0.39481	0.394676	0.394542	0.396277	0.398013	0.399884	0.401756	0.402624	0.403492	0.403275	0.403058	0.40267	0.402282	0.402003	0.401723	0.401657	0.401592	0.401385	0.401178	0.400919	0.40066	0.400235	
0.423616	0.423607	0.423809	0.424011	0.424053	0.424095	0.423997	0.423899	0.423433	0.422967	0.422682	0.422396	0.422534	0.422671	0.424119	0.425566	0.42725	0.428934	0.429633	0.430332	0.429546	0.42876	0.426318	0.423876	0.423813	0.423751	0.425544	0.427338	0.427633	0.427928	0.428304	0.428679	0.428685	0.42869	0.427924	0.427159	0.427757	0.428356	0.427821	0.427286	0.424812	0.422337	0.420002	0.417667	0.418322	0.418977	0.421182	0.423387	0.425165	0.426943	0.427508	0.428074	0.42752	0.426966	0.426237	0.425508	0.424843	0.424178	0.423949	0.42372	0.423599	0.423477	0.423551	0.423625	0.423616	
0.446997	0.447405	0.447897	0.44839	0.448506	0.448623	0.44837	0.448117	0.447321	0.446524	0.445956	0.445388	0.445293	0.445198	0.446517	0.447836	0.449585	0.451333	0.452499	0.453665	0.453533	0.453402	0.45098	0.448557	0.447837	0.447118	0.4484	0.449681	0.450092	0.450502	0.450913	0.451323	0.451933	0.452543	0.451819	0.451096	0.451037	0.450977	0.45016	0.449342	0.44699	0.444637	0.44258	0.440524	0.441968	0.443413	0.446087	0.448761	0.450446	0.452131	0.452393	0.452655	0.451764	0.450874	0.449803	0.448733	0.447683	0.446633	0.44624	0.445848	0.445812	0.445777	0.446183	0.44659	0.446997	
0.471086	0.471585	0.472028	0.472471	0.472459	0.472447	0.472119	0.471791	0.471009	0.470228	0.469653	0.469078	0.468727	0.468376	0.469162	0.469949	0.471141	0.472333	0.473757	0.475182	0.475838	0.476495	0.474703	0.47291	0.47159	0.470271	0.470974	0.471678	0.472012	0.472347	0.472461	0.472576	0.473338	0.474099	0.473722	0.473345	0.473023	0.4727	0.471438	0.470176	0.46855	0.466925	0.465995	0.465065	0.46713	0.469195	0.471482	0.47377	0.47462	0.475471	0.47547	0.47547	0.474646	0.473822	0.472933	0.472044	0.47108	0.470116	0.469784	0.469452	0.469487	0.469522	0.470054	0.470586	0.471085	
0.495174	0.495766	0.49616	0.496553	0.496412	0.49627	0.495867	0.495465	0.494698	0.493931	0.49335	0.492768	0.492161	0.491553	0.491807	0.492061	0.492697	0.493334	0.495016	0.496698	0.498144	0.499589	0.498426	0.497262	0.495343	0.493424	0.493549	0.493674	0.493933	0.494191	0.49401	0.493829	0.494742	0.495655	0.495625	0.495595	0.495009	0.494422	0.492716	0.491009	0.490111	0.489214	0.48941	0.489606	0.492292	0.494978	0.496878	0.498778	0.498794	0.49881	0.498548	0.498285	0.497528	0.49677	0.496062	0.495354	0.494477	0.493599	0.493327	0.493055	0.493161	0.493268	0.493924	0.494581	0.495174	
0.519469	0.5199	0.520078	0.520256	0.519968	0.519679	0.51918	0.51868	0.517992	0.517304	0.516929	0.516554	0.516036	0.515518	0.515385	0.515252	0.515224	0.515196	0.516323	0.517451	0.519158	0.520864	0.521185	0.521506	0.519703	0.517899	0.516609	0.515318	0.515528	0.515738	0.515661	0.515585	0.51626	0.516934	0.517409	0.517883	0.517526	0.517168	0.515302	0.513437	0.513393	0.51335	0.514707	0.516064	0.518305	0.520546	0.521531	0.522516	0.522095	0.521673	0.521544	0.521415	0.520992	0.520569	0.520154	0.51974	0.519043	0.518347	0.518127	0.517907	0.517975	0.518043	0.518541	0.519039	0.519469	
0.543765	0.544033	0.543996	0.543958	0.543523	0.543089	0.542492	0.541895	0.541285	0.540676	0.540507	0.540339	0.539911	0.539483	0.538963	0.538442	0.53775	0.537058	0.53763	0.538203	0.540171	0.54214	0.543945	0.54575	0.544063	0.542375	0.539669	0.536963	0.537123	0.537284	0.537312	0.537341	0.537777	0.538213	0.539192	0.540171	0.540042	0.539914	0.537889	0.535864	0.536675	0.537486	0.540004	0.542522	0.544318	0.546114	0.546184	0.546254	0.545395	0.544536	0.54454	0.544544	0.544456	0.544368	0.544246	0.544125	0.54361	0.543096	0.542927	0.542758	0.542789	0.542819	0.543158	0.543497	0.543765	
0.566902	0.567086	0.567005	0.566925	0.566565	0.566205	0.565771	0.565336	0.56491	0.564484	0.564373	0.564263	0.563964	0.563665	0.563188	0.562711	0.561788	0.560865	0.56076	0.560655	0.562276	0.563898	0.567032	0.570165	0.569853	0.56954	0.566256	0.562972	0.562368	0.561765	0.561851	0.561938	0.562042	0.562146	0.563186	0.564226	0.564308	0.564391	0.563052	0.561713	0.563055	0.564398	0.566589	0.568781	0.5696	0.570419	0.569984	0.569549	0.56871	0.56787	0.567839	0.567808	0.567706	0.567603	0.567512	0.56742	0.566987	0.566554	0.56642	0.566286	0.566268	0.566251	0.566484	0.566718	0.566902	
0.590039	0.590139	0.590015	0.589891	0.589606	0.589321	0.589049	0.588777	0.588534	0.588292	0.588239	0.588187	0.588017	0.587847	0.587414	0.58698	0.585826	0.584672	0.583889	0.583106	0.584381	0.585656	0.590118	0.59458	0.595643	0.596706	0.592844	0.588981	0.587614	0.586246	0.586391	0.586535	0.586307	0.586079	0.58718	0.588281	0.588575	0.588868	0.588214	0.587561	0.589435	0.59131	0.593175	0.59504	0.594882	0.594724	0.593785	0.592845	0.592025	0.591204	0.591138	0.591071	0.590955	0.590839	0.590777	0.590716	0.590364	0.590012	0.589913	0.589814	0.589748	0.589682	0.589811	0.589939	0.590039	
0.614728	0.614708	0.61449	0.614273	0.614039	0.613804	0.613719	0.613634	0.613673	0.613711	0.613808	0.613905	0.613683	0.61346	0.612903	0.612345	0.61129	0.610235	0.609256	0.608276	0.608405	0.608535	0.611402	0.614269	0.616167	0.618064	0.616003	0.613941	0.613001	0.612061	0.612425	0.612789	0.612642	0.612495	0.612413	0.61233	0.611701	0.611072	0.615987	0.620903	0.621977	0.623051	0.62052	0.617989	0.617618	0.617247	0.616648	0.61605	0.615374	0.614698	0.614683	0.614669	0.614685	0.614701	0.614811	0.614921	0.614794	0.614668	0.614692	0.614717	0.614693	0.61467	0.61471	0.614749	0.614728	
0.639418	0.639276	0.638966	0.638655	0.638471	0.638287	0.638389	0.638491	0.638811	0.639131	0.639377	0.639624	0.639348	0.639072	0.638391	0.63771	0.636755	0.635799	0.634622	0.633445	0.632429	0.631414	0.632686	0.633958	0.63669	0.639422	0.639162	0.638901	0.638388	0.637875	0.638459	0.638991	0.638997	0.638991	0.637785	0.636354	0.635536	0.633378	0.637382	0.65543	0.663319	0.651977	0.644317	0.640938	0.640354	0.63977	0.639512	0.639255	0.638723	0.638191	0.638228	0.638266	0.638415	0.638563	0.638845	0.639126	0.639225	0.639324	0.639472	0.63962	0.639639	0.639657	0.639609	0.63956	0.639418	
0.664489	0.664228	0.66389	0.663551	0.663342	0.663134	0.663147	0.66316	0.663323	0.663486	0.663663	0.66384	0.6637	0.66356	0.663022	0.662483	0.661711	0.660938	0.659668	0.658398	0.656669	0.654939	0.654811	0.654682	0.656702	0.658722	0.658336	0.657951	0.657203	0.656455	0.656465	0.656875	0.656547	0.656056	0.654596	0.653054	0.652535	0.652206	0.663031	0.688055	0.697776	0.67985	0.668624	0.664088	0.663638	0.663188	0.663339	0.66349	0.663404	0.663317	0.663415	0.663512	0.663693	0.663874	0.664177	0.664479	0.664664	0.664849	0.664977	0.665104	0.665092	0.665081	0.664915	0.664749	0.664489	
0.68956	0.689181	0.688814	0.688446	0.688214	0.687981	0.687905	0.687829	0.687836	0.687842	0.687949	0.688055	0.688052	0.688048	0.687652	0.687256	0.686666	0.686077	0.684714	0.683351	0.680908	0.678465	0.676936	0.675406	0.676713	0.678021	0.67751	0.677	0.676017	0.675195	0.674548	0.673599	0.672499	0.669689	0.66731	0.666053	0.666109	0.665549	0.679963	0.696916	0.7072	0.700522	0.691134	0.687239	0.686922	0.686605	0.687165	0.687725	0.688085	0.688444	0.688601	0.688758	0.688971	0.689185	0.689509	0.689833	0.690104	0.690375	0.690481	0.690588	0.690546	0.690504	0.690221	0.689938	0.68956	
0.70966	0.709352	0.709104	0.708856	0.708688	0.70852	0.708546	0.708572	0.708622	0.708672	0.708798	0.708923	0.708898	0.708872	0.708594	0.708315	0.707816	0.707316	0.706311	0.705307	0.703971	0.702635	0.702205	0.701774	0.703395	0.705015	0.704719	0.704422	0.703258	0.700029	0.69833	0.697226	0.694266	0.690175	0.683251	0.683389	0.686922	0.683805	0.688335	0.700008	0.712937	0.716163	0.711444	0.708152	0.708086	0.70802	0.708268	0.708515	0.70866	0.708805	0.708937	0.709069	0.709224	0.709378	0.709639	0.7099	0.710104	0.710308	0.710406	0.710504	0.710448	0.710392	0.71018	0.709967	0.70966	
0.72976	0.729524	0.729394	0.729265	0.729162	0.72906	0.729187	0.729315	0.729409	0.729502	0.729647	0.729791	0.729744	0.729696	0.729536	0.729375	0.728965	0.728554	0.727909	0.727263	0.727034	0.726804	0.727473	0.728143	0.730076	0.73201	0.731927	0.731845	0.7305	0.729192	0.728343	0.729346	0.73961	0.755138	0.704755	0.74359	0.747253	0.723714	0.715634	0.720304	0.726559	0.729226	0.728974	0.72901	0.729358	0.729434	0.72937	0.729305	0.729236	0.729167	0.729273	0.72938	0.729476	0.729572	0.729769	0.729966	0.730104	0.730241	0.73033	0.730419	0.730349	0.730279	0.730138	0.729996	0.72976	
0.750358	0.750173	0.750157	0.75014	0.750093	0.750046	0.750296	0.750546	0.750713	0.750879	0.751058	0.751237	0.751119	0.751002	0.750948	0.750893	0.750726	0.750559	0.750635	0.750712	0.751156	0.7516	0.752986	0.754372	0.756148	0.757923	0.757791	0.757659	0.756942	0.75825	0.758914	0.76126	0.770922	0.77331	0.784226	0.784588	0.773742	0.757373	0.746898	0.743509	0.741874	0.743899	0.7477	0.749774	0.750793	0.75126	0.750868	0.750477	0.750249	0.750022	0.749973	0.749924	0.750036	0.750148	0.750264	0.750381	0.750516	0.750652	0.750721	0.750791	0.750738	0.750685	0.750614	0.750543	0.750358	
0.770956	0.770823	0.77092	0.771016	0.771025	0.771033	0.771405	0.771778	0.772017	0.772256	0.77247	0.772684	0.772495	0.772307	0.77236	0.772412	0.772488	0.772563	0.773362	0.77416	0.775278	0.776395	0.778498	0.780601	0.782219	0.783837	0.783656	0.783474	0.783385	0.783136	0.784076	0.785758	0.789134	0.794619	0.7973	0.798449	0.79051	0.779085	0.77094	0.764435	0.761116	0.764561	0.769288	0.771377	0.772781	0.773086	0.772367	0.771648	0.771263	0.770878	0.770673	0.770469	0.770597	0.770724	0.77076	0.770795	0.770929	0.771062	0.771112	0.771162	0.771127	0.771091	0.77109	0.77109	0.770956	
0.796547	0.796486	0.796601	0.796715	0.79667	0.796624	0.796713	0.796802	0.796758	0.796713	0.796738	0.796763	0.79678	0.796797	0.797032	0.797266	0.79762	0.797973	0.798886	0.799799	0.800875	0.801952	0.802783	0.803614	0.803425	0.803236	0.802198	0.801159	0.802375	0.802455	0.804091	0.805666	0.807526	0.810095	0.812244	0.812692	0.809225	0.803509	0.797718	0.792363	0.789728	0.791114	0.793261	0.794576	0.796009	0.797113	0.796983	0.796854	0.796885	0.796916	0.796761	0.796606	0.796717	0.796828	0.796742	0.796657	0.796719	0.796781	0.796728	0.796675	0.796628	0.796581	0.796595	0.796608	0.796547	
0.822138	0.822149	0.822282	0.822415	0.822315	0.822214	0.822021	0.821827	0.821499	0.821172	0.821007	0.820843	0.821066	0.821288	0.821704	0.82212	0.822752	0.823384	0.82441	0.825437	0.826472	0.827508	0.827067	0.826626	0.82463	0.822635	0.820739	0.818843	0.821365	0.824064	0.82578	0.827447	0.828808	0.830227	0.832045	0.832828	0.830756	0.826898	0.822735	0.819245	0.817878	0.818106	0.818146	0.818525	0.819707	0.82114	0.8216	0.822059	0.822506	0.822954	0.822849	0.822744	0.822838	0.822932	0.822725	0.822518	0.822509	0.8225	0.822344	0.822188	0.82213	0.822072	0.822099	0.822127	0.822138	
0.846309	0.846403	0.846559	0.846714	0.846726	0.846739	0.846607	0.846475	0.84636	0.846245	0.846203	0.84616	0.846506	0.846852	0.847372	0.847891	0.848843	0.849795	0.850675	0.851555	0.85188	0.852205	0.850355	0.848506	0.84776	0.847015	0.847517	0.848019	0.850091	0.851197	0.851816	0.852276	0.852791	0.853582	0.854938	0.855771	0.854716	0.852087	0.848454	0.845106	0.843295	0.842569	0.842012	0.842015	0.842955	0.844174	0.844985	0.845797	0.846339	0.846881	0.846874	0.846867	0.847029	0.847191	0.84696	0.846729	0.846709	0.84669	0.846481	0.846272	0.846227	0.846181	0.846198	0.846215	0.846309	
0.870481	0.870658	0.870835	0.871012	0.871138	0.871263	0.871194	0.871124	0.871221	0.871318	0.871398	0.871477	0.871947	0.872417	0.87304	0.873663	0.874935	0.876207	0.87694	0.877673	0.877288	0.876902	0.873644	0.870386	0.87089	0.871394	0.874294	0.877195	0.878816	0.880438	0.878809	0.87718	0.877325	0.877469	0.879067	0.880666	0.879759	0.878853	0.874741	0.870628	0.86838	0.866133	0.865454	0.864776	0.865992	0.867207	0.868371	0.869534	0.870171	0.870809	0.870899	0.87099	0.87122	0.87145	0.871194	0.870939	0.870909	0.870879	0.870618	0.870357	0.870323	0.87029	0.870297	0.870304	0.870481	
0.893825	0.894091	0.894339	0.894586	0.894879	0.895172	0.89521	0.895249	0.895346	0.895443	0.89544	0.895437	0.895949	0.89646	0.89728	0.8981	0.899409	0.900717	0.901027	0.901336	0.900522	0.899709	0.89764	0.895571	0.897173	0.898774	0.901692	0.90461	0.904575	0.90454	0.901639	0.898738	0.898284	0.89783	0.899712	0.901595	0.902484	0.903373	0.900777	0.89818	0.895783	0.893387	0.891666	0.889945	0.890092	0.89024	0.891318	0.892395	0.893059	0.893722	0.893942	0.894161	0.894305	0.894449	0.894269	0.894088	0.894045	0.894002	0.89377	0.893539	0.893541	0.893543	0.893551	0.893558	0.893825	
0.917169	0.917525	0.917842	0.918159	0.91862	0.919081	0.919227	0.919374	0.91947	0.919567	0.919482	0.919397	0.91995	0.920503	0.92152	0.922538	0.923882	0.925227	0.925113	0.924999	0.923757	0.922515	0.921636	0.920757	0.923455	0.926154	0.929089	0.932024	0.930334	0.928643	0.924469	0.920296	0.919243	0.918191	0.920357	0.922523	0.925208	0.927893	0.926812	0.925732	0.923186	0.920641	0.917877	0.915113	0.914193	0.913274	0.914265	0.915256	0.915946	0.916636	0.916984	0.917332	0.91739	0.917448	0.917343	0.917237	0.917181	0.917124	0.916923	0.916721	0.916758	0.916795	0.916804	0.916813	0.917169	
0.941014	0.94124	0.941449	0.941658	0.942079	0.942501	0.942645	0.942789	0.942958	0.943126	0.943196	0.943267	0.943858	0.94445	0.945218	0.945986	0.946739	0.947492	0.946833	0.946175	0.944861	0.943548	0.943449	0.943349	0.94596	0.948572	0.950639	0.952706	0.950691	0.948675	0.945643	0.942611	0.941788	0.940966	0.941808	0.94265	0.944799	0.946947	0.94718	0.947412	0.946424	0.945435	0.94294	0.940445	0.939008	0.937572	0.937958	0.938345	0.938938	0.939531	0.940062	0.940593	0.940759	0.940925	0.941024	0.941123	0.941162	0.941201	0.941095	0.94099	0.940985	0.940981	0.940884	0.940788	0.941014	
0.964858	0.964955	0.965056	0.965157	0.965539	0.96592	0.966063	0.966205	0.966445	0.966685	0.966911	0.967137	0.967767	0.968396	0.968915	0.969434	0.969595	0.969756	0.968553	0.96735	0.965965	0.964581	0.965262	0.965942	0.968466	0.970989	0.972188	0.973388	0.971047	0.968707	0.966816	0.964926	0.964334	0.963742	0.96326	0.962778	0.964389	0.966001	0.967547	0.969093	0.969661	0.970229	0.968003	0.965776	0.963823	0.96187	0.961652	0.961434	0.96193	0.962426	0.963139	0.963853	0.964128	0.964402	0.964705	0.965009	0.965143	0.965277	0.965268	0.965259	0.965212	0.965166	0.964964	0.964762	0.964858	
0.988094	0.98802	0.987996	0.987973	0.98837	0.988768	0.989139	0.989511	0.990041	0.990572	0.990916	0.99126	0.991582	0.991904	0.991816	0.991727	0.991244	0.990761	0.989761	0.988762	0.98816	0.987559	0.988517	0.989474	0.991194	0.992914	0.993225	0.993536	0.991469	0.989402	0.988551	0.987701	0.987725	0.98775	0.98658	0.985411	0.986074	0.986737	0.988474	0.990212	0.99176	0.993309	0.992247	0.991186	0.989459	0.987731	0.986782	0.985832	0.985778	0.985724	0.98623	0.986735	0.987084	0.987433	0.987901	0.988369	0.988631	0.988893	0.988955	0.989016	0.98892	0.988823	0.988495	0.988168	0.988094	
1.01133	1.01108	1.01094	1.01079	1.0112	1.01162	1.01222	1.01282	1.01364	1.01446	1.01492	1.01538	1.0154	1.01541	1.01472	1.01402	1.01289	1.01176	1.01097	1.01017	1.01036	1.01054	1.01177	1.01301	1.01392	1.01484	1.01426	1.01368	1.01189	1.0101	1.01029	1.01048	1.01112	1.01176	1.0099	1.00804	1.00776	1.00747	1.0094	1.01133	1.01386	1.01639	1.01649	1.0166	1.01509	1.01359	1.01191	1.01023	1.00963	1.00902	1.00932	1.00962	1.01004	1.01046	1.0111	1.01173	1.01212	1.01251	1.01264	1.01277	1.01263	1.01248	1.01203	1.01157	1.01133	
1.03501	1.03476	1.03461	1.03446	1.0349	1.03533	1.03601	1.03668	1.03749	1.0383	1.03863	1.03896	1.03859	1.03823	1.03708	1.03592	1.03459	1.03326	1.03294	1.03262	1.0339	1.03517	1.03638	1.03758	1.03718	1.03677	1.0355	1.03424	1.03312	1.032	1.03322	1.03443	1.03551	1.03658	1.03493	1.03327	1.03225	1.03123	1.03235	1.03347	1.03581	1.03815	1.0391	1.04005	1.03943	1.03881	1.0372	1.03559	1.03448	1.03338	1.03321	1.03304	1.03333	1.03362	1.03425	1.03488	1.03534	1.03581	1.03603	1.03624	1.03616	1.03609	1.03568	1.03527	1.03501	
1.0587	1.05843	1.05828	1.05814	1.05859	1.05905	1.0598	1.06055	1.06134	1.06214	1.06233	1.06253	1.06179	1.06105	1.05944	1.05783	1.05629	1.05475	1.05491	1.05507	1.05744	1.05981	1.06099	1.06216	1.06043	1.05869	1.05674	1.05479	1.05435	1.05391	1.05615	1.05838	1.0599	1.06141	1.05995	1.0585	1.05675	1.05499	1.05529	1.0556	1.05776	1.05992	1.06171	1.06351	1.06377	1.06402	1.06249	1.06096	1.05934	1.05773	1.0571	1.05647	1.05662	1.05677	1.0574	1.05802	1.05857	1.05911	1.05941	1.05971	1.0597	1.05969	1.05933	1.05896	1.0587	
1.08357	1.08341	1.08323	1.08305	1.08328	1.0835	1.08395	1.0844	1.08498	1.08555	1.08558	1.08561	1.08469	1.08377	1.08206	1.08035	1.07912	1.0779	1.07865	1.0794	1.08192	1.08444	1.08499	1.08554	1.08318	1.08081	1.07911	1.0774	1.07768	1.07795	1.08017	1.0824	1.08374	1.08508	1.08442	1.08376	1.08218	1.08059	1.0799	1.07921	1.08042	1.08162	1.08348	1.08535	1.08654	1.08772	1.08688	1.08605	1.08442	1.08279	1.08182	1.08085	1.08075	1.08065	1.08115	1.08164	1.08223	1.08281	1.08326	1.0837	1.08388	1.08406	1.0839	1.08373	1.08357	
1.10845	1.10839	1.10818	1.10796	1.10796	1.10796	1.10811	1.10826	1.10861	1.10897	1.10883	1.10869	1.10759	1.10649	1.10469	1.10288	1.10196	1.10104	1.10239	1.10373	1.1064	1.10907	1.109	1.10892	1.10592	1.10293	1.10147	1.10001	1.101	1.10199	1.1042	1.10641	1.10758	1.10875	1.10889	1.10903	1.10761	1.10619	1.10451	1.10283	1.10307	1.10332	1.10526	1.10719	1.10931	1.11142	1.11128	1.11114	1.10949	1.10785	1.10654	1.10523	1.10488	1.10453	1.10489	1.10526	1.10589	1.10651	1.1071	1.10768	1.10806	1.10843	1.10847	1.10851	1.10845	
1.13243	1.13259	1.13247	1.13234	1.13223	1.13211	1.13194	1.13177	1.13178	1.13179	1.13146	1.13112	1.13011	1.12911	1.12776	1.12642	1.12611	1.12581	1.12732	1.12883	1.13065	1.13247	1.13162	1.13077	1.1283	1.12584	1.12511	1.12438	1.12564	1.12689	1.12845	1.13002	1.13041	1.13079	1.13148	1.13217	1.13163	1.13109	1.12973	1.12837	1.12784	1.12732	1.12829	1.12927	1.13135	1.13344	1.13408	1.13472	1.1338	1.13289	1.13183	1.13076	1.13018	1.1296	1.12956	1.12952	1.12981	1.13009	1.1305	1.13091	1.13134	1.13177	1.13202	1.13226	1.13243	
1.1564	1.15679	1.15676	1.15672	1.15649	1.15626	1.15577	1.15528	1.15495	1.15462	1.15408	1.15354	1.15263	1.15172	1.15084	1.14996	1.15027	1.15058	1.15226	1.15393	1.15489	1.15586	1.15424	1.15262	1.15068	1.14874	1.14875	1.14876	1.15027	1.15178	1.15271	1.15363	1.15323	1.15283	1.15408	1.15532	1.15565	1.15599	1.15495	1.15392	1.15261	1.15131	1.15133	1.15134	1.1534	1.15545	1.15688	1.1583	1.15811	1.15793	1.15711	1.15629	1.15548	1.15468	1.15423	1.15378	1.15372	1.15366	1.1539	1.15414	1.15463	1.15511	1.15557	1.15602	1.1564	
1.17935	1.17999	1.18021	1.18042	1.1802	1.17997	1.17924	1.17851	1.17784	1.17717	1.17649	1.17582	1.17528	1.17475	1.17461	1.17446	1.17514	1.17582	1.17689	1.17796	1.17786	1.17776	1.17627	1.17478	1.17388	1.17298	1.17359	1.1742	1.17546	1.17671	1.1772	1.1777	1.17676	1.17583	1.17666	1.17748	1.17836	1.17925	1.17933	1.17941	1.17833	1.17726	1.17628	1.17531	1.1764	1.1775	1.17897	1.18043	1.18107	1.18171	1.18154	1.18137	1.1806	1.17982	1.179	1.17817	1.1776	1.17703	1.17692	1.17681	1.17717	1.17752	1.17812	1.17871	1.17935	
1.2023	1.20319	1.20366	1.20412	1.2039	1.20367	1.20271	1.20175	1.20073	1.19971	1.1989	1.1981	1.19794	1.19778	1.19837	1.19897	1.20001	1.20105	1.20152	1.20199	1.20083	1.19966	1.1983	1.19693	1.19708	1.19722	1.19843	1.19964	1.20064	1.20164	1.2017	1.20176	1.20029	1.19883	1.19923	1.19964	1.20107	1.20251	1.2037	1.2049	1.20406	1.20321	1.20124	1.19927	1.19941	1.19955	1.20106	1.20257	1.20403	1.20549	1.20597	1.20645	1.20571	1.20497	1.20376	1.20255	1.20147	1.20039	1.19993	1.19948	1.19971	1.19993	1.20067	1.20141	1.2023	
1.22562	1.22655	1.22705	1.22755	1.22725	1.22694	1.22581	1.22467	1.22344	1.2222	1.22137	1.22054	1.22074	1.22094	1.22202	1.22311	1.2242	1.22529	1.22523	1.22517	1.22354	1.2219	1.22125	1.22059	1.22178	1.22298	1.22429	1.2256	1.22587	1.22613	1.22589	1.22564	1.22424	1.22285	1.22265	1.22244	1.22369	1.22493	1.22683	1.22873	1.22872	1.22871	1.22662	1.22453	1.22358	1.22263	1.22356	1.22448	1.22617	1.22785	1.22882	1.22978	1.22937	1.22896	1.22776	1.22656	1.22534	1.22411	1.2235	1.2229	1.22304	1.22317	1.22393	1.2247	1.22562	
1.24895	1.24991	1.25045	1.25098	1.2506	1.25022	1.2489	1.24759	1.24614	1.2447	1.24384	1.24298	1.24354	1.2441	1.24567	1.24725	1.24839	1.24953	1.24894	1.24835	1.24625	1.24415	1.2442	1.24425	1.24649	1.24874	1.25015	1.25156	1.2511	1.25063	1.25007	1.24951	1.24819	1.24688	1.24606	1.24524	1.2463	1.24736	1.24996	1.25256	1.25338	1.2542	1.252	1.24979	1.24775	1.24571	1.24605	1.24639	1.24831	1.25022	1.25167	1.25312	1.25304	1.25295	1.25176	1.25058	1.2492	1.24783	1.24707	1.24632	1.24636	1.24641	1.2472	1.24798	1.24895	
1.2726	1.27319	1.27348	1.27376	1.27331	1.27287	1.27168	1.27049	1.26925	1.26801	1.26737	1.26673	1.26745	1.26817	1.26971	1.27124	1.27214	1.27304	1.27234	1.27165	1.26966	1.26766	1.2682	1.26873	1.27119	1.27366	1.27483	1.276	1.27503	1.27407	1.2736	1.27312	1.27238	1.27163	1.27057	1.2695	1.26999	1.27049	1.27275	1.27502	1.27627	1.27753	1.27597	1.2744	1.27218	1.26997	1.26965	1.26934	1.27093	1.27252	1.274	1.27548	1.27573	1.27598	1.27515	1.27432	1.27326	1.2722	1.27162	1.27104	1.27102	1.271	1.2715	1.272	1.2726	
1.29625	1.29648	1.2965	1.29653	1.29603	1.29553	1.29446	1.29339	1.29236	1.29132	1.2909	1.29048	1.29136	1.29225	1.29374	1.29523	1.29589	1.29654	1.29575	1.29495	1.29307	1.29118	1.2922	1.29322	1.2959	1.29857	1.2995	1.30043	1.29897	1.29751	1.29712	1.29673	1.29656	1.29639	1.29507	1.29376	1.29369	1.29361	1.29554	1.29747	1.29916	1.30086	1.29993	1.299	1.29661	1.29422	1.29326	1.29229	1.29356	1.29483	1.29633	1.29784	1.29842	1.29901	1.29854	1.29806	1.29731	1.29656	1.29617	1.29577	1.29568	1.29559	1.29581	1.29603	1.29625	
1.31947	1.31915	1.31885	1.31855	1.31816	1.31777	1.31721	1.31666	1.31626	1.31585	1.31576	1.31567	1.31638	1.31708	1.31792	1.31876	1.3189	1.31904	1.31843	1.31782	1.31663	1.31544	1.31656	1.31768	1.31964	1.3216	1.32211	1.32262	1.32143	1.32024	1.31997	1.3197	1.32003	1.32035	1.31965	1.31894	1.31857	1.31821	1.31907	1.31994	1.32118	1.32243	1.32235	1.32226	1.32059	1.31892	1.31798	1.31705	1.31761	1.31817	1.31916	1.32014	1.32081	1.32149	1.32154	1.32159	1.3214	1.32121	1.32105	1.32088	1.32061	1.32033	1.32006	1.31978	1.31947	
1.34269	1.34183	1.3412	1.34057	1.34029	1.34	1.33997	1.33993	1.34015	1.34038	1.34062	1.34086	1.34139	1.34191	1.3421	1.34229	1.34192	1.34154	1.34111	1.34068	1.34019	1.33969	1.34092	1.34215	1.34339	1.34463	1.34472	1.34481	1.34389	1.34296	1.34281	1.34266	1.34349	1.34432	1.34422	1.34411	1.34346	1.34281	1.34261	1.34241	1.3432	1.34399	1.34476	1.34552	1.34457	1.34362	1.34271	1.34181	1.34166	1.34152	1.34198	1.34245	1.34321	1.34397	1.34454	1.34511	1.34548	1.34585	1.34592	1.346	1.34553	1.34507	1.34431	1.34354	1.34269	
1.3657	1.36446	1.36365	1.36284	1.36272	1.36261	1.36306	1.36352	1.36433	1.36515	1.36562	1.36609	1.36615	1.3662	1.3656	1.365	1.36426	1.36353	1.36352	1.36351	1.36381	1.3641	1.36524	1.36637	1.3666	1.36684	1.36651	1.36619	1.36593	1.36566	1.36552	1.36537	1.36609	1.36681	1.36761	1.36841	1.36812	1.36782	1.36662	1.36541	1.3654	1.3654	1.36662	1.36784	1.368	1.36815	1.36768	1.3672	1.3665	1.3658	1.36552	1.36524	1.36585	1.36647	1.36742	1.36838	1.3692	1.37002	1.37025	1.37049	1.36985	1.36921	1.36808	1.36694	1.3657	
1.38871	1.38708	1.38609	1.3851	1.38516	1.38522	1.38616	1.38711	1.38851	1.38991	1.39061	1.39131	1.3909	1.39049	1.38909	1.3877	1.38661	1.38553	1.38594	1.38635	1.38743	1.38851	1.38955	1.39059	1.38982	1.38905	1.38831	1.38756	1.38796	1.38836	1.38822	1.38808	1.38869	1.38929	1.391	1.39271	1.39277	1.39284	1.39062	1.38841	1.38761	1.38681	1.38848	1.39015	1.39142	1.39268	1.39264	1.3926	1.39134	1.39009	1.38906	1.38802	1.38849	1.38897	1.39031	1.39166	1.39292	1.39418	1.39458	1.39499	1.39417	1.39335	1.39184	1.39033	1.38871	
1.41221	1.4106	1.40963	1.40867	1.4088	1.40893	1.40996	1.41099	1.41246	1.41393	1.41462	1.41531	1.41473	1.41414	1.41258	1.41102	1.40997	1.40892	1.40959	1.41026	1.41155	1.41284	1.41357	1.41429	1.41301	1.41174	1.41086	1.40998	1.41084	1.4117	1.41156	1.41143	1.41172	1.41201	1.41398	1.41595	1.41628	1.41662	1.41416	1.41169	1.41049	1.40928	1.41104	1.4128	1.4146	1.41639	1.41662	1.41686	1.41545	1.41404	1.41277	1.41149	1.41181	1.41214	1.41348	1.41481	1.41615	1.41748	1.41793	1.41837	1.41761	1.41685	1.41534	1.41383	1.41221	
1.43572	1.43411	1.43317	1.43223	1.43243	1.43264	1.43376	1.43488	1.43641	1.43794	1.43863	1.43931	1.43855	1.43779	1.43606	1.43434	1.43333	1.43232	1.43324	1.43417	1.43567	1.43717	1.43759	1.438	1.43621	1.43442	1.43341	1.43239	1.43371	1.43503	1.4349	1.43477	1.43475	1.43473	1.43696	1.43918	1.43979	1.4404	1.43769	1.43497	1.43337	1.43176	1.4336	1.43545	1.43777	1.4401	1.44061	1.44111	1.43956	1.438	1.43648	1.43496	1.43514	1.43531	1.43664	1.43797	1.43938	1.44078	1.44127	1.44175	1.44105	1.44035	1.43884	1.43733	1.43572	
1.45963	1.45848	1.45782	1.45716	1.45732	1.45748	1.45828	1.45907	1.46015	1.46123	1.46172	1.46221	1.46167	1.46112	1.45989	1.45867	1.45798	1.45729	1.45798	1.45868	1.45975	1.46081	1.46104	1.46126	1.45988	1.45849	1.45776	1.45703	1.45805	1.45907	1.45898	1.45889	1.45882	1.45874	1.46036	1.46199	1.46243	1.46287	1.46085	1.45883	1.45766	1.45649	1.45787	1.45924	1.46099	1.46275	1.46313	1.46351	1.46239	1.46127	1.46019	1.45911	1.4592	1.45929	1.46021	1.46114	1.46216	1.46319	1.46354	1.46389	1.4634	1.46291	1.46184	1.46077	1.45963	
1.48353	1.48286	1.48247	1.48209	1.4822	1.48232	1.4828	1.48327	1.48389	1.48451	1.48481	1.48511	1.48478	1.48446	1.48372	1.48299	1.48262	1.48225	1.48272	1.48318	1.48382	1.48445	1.48449	1.48453	1.48355	1.48257	1.48211	1.48166	1.48238	1.4831	1.48306	1.48302	1.48288	1.48275	1.48377	1.4848	1.48507	1.48534	1.48401	1.48268	1.48196	1.48123	1.48213	1.48303	1.48421	1.4854	1.48565	1.4859	1.48523	1.48455	1.4839	1.48326	1.48326	1.48326	1.48378	1.4843	1.48495	1.48559	1.48581	1.48603	1.48575	1.48547	1.48484	1.4842	1.48353	
1.50751	1.50751	1.50751	1.50751	1.50751	1.50751	1.50751	1.50751	1.50751	1.50751	1.50751	1.50751	1.50751	1.50751	1.50751	1.50751	1.50751	1.50751	1.50751	1.50751	1.50751	1.50751	1.50751	1.50751	1.50751	1.50751	1.50751	1.50751	1.50751	1.50751	1.50751	1.50751	1.50751	1.50751	1.50751	1.50751	1.50751	1.50751	1.50751	1.50751	1.50751	1.50751	1.50751	1.50751	1.50751	1.50751	1.50751	1.50751	1.50751	1.50751	1.50751	1.50751	1.50751	1.50751	1.50751	1.50751	1.50751	1.50751	1.50751	1.50751	1.50751	1.50751	1.50751	1.50751	1.50751	
