x=200	y=100	z=200	n=65	len=1
b
0.753597	0.753589	0.753581	0.753572	0.75356	0.753548	0.753537	0.753526	0.753511	0.753495	0.753481	0.753467	0.753449	0.753431	0.753414	0.753397	0.753379	0.753361	0.753342	0.753323	0.753312	0.7533	0.753283	0.753266	0.753269	0.753273	0.753265	0.753258	0.753281	0.753304	0.753317	0.75333	0.753356	0.753382	0.753403	0.753424	0.753446	0.753467	0.753487	0.753508	0.753524	0.753539	0.753555	0.753571	0.753581	0.753591	0.753601	0.753612	0.753617	0.753622	0.753627	0.753632	0.753633	0.753635	0.753636	0.753637	0.753634	0.753632	0.75363	0.753627	0.753622	0.753616	0.753611	0.753606	0.753597	
0.7536	0.753589	0.753584	0.753579	0.753565	0.753551	0.753543	0.753536	0.753519	0.753502	0.753491	0.753481	0.753461	0.753441	0.753429	0.753416	0.753397	0.753377	0.753364	0.753352	0.753337	0.753321	0.753313	0.753305	0.753302	0.753298	0.753301	0.753304	0.753316	0.753327	0.753347	0.753366	0.75338	0.753394	0.753421	0.753448	0.753458	0.753469	0.753495	0.753522	0.753529	0.753536	0.753557	0.753579	0.753582	0.753586	0.753601	0.753616	0.753617	0.753617	0.753626	0.753635	0.753633	0.753631	0.753635	0.75364	0.753634	0.753629	0.75363	0.753631	0.753623	0.753615	0.753613	0.75361	0.7536	
0.753599	0.753591	0.753583	0.753575	0.753564	0.753553	0.753542	0.753531	0.753517	0.753503	0.753489	0.753475	0.753459	0.753442	0.753426	0.75341	0.753393	0.753376	0.753361	0.753345	0.753333	0.75332	0.75331	0.7533	0.753299	0.753298	0.753299	0.753301	0.753315	0.75333	0.753343	0.753357	0.753377	0.753397	0.753415	0.753434	0.753452	0.753471	0.753489	0.753507	0.753522	0.753538	0.753552	0.753566	0.753577	0.753588	0.753598	0.753607	0.753613	0.753619	0.753624	0.753629	0.753631	0.753633	0.753634	0.753635	0.753633	0.753632	0.753629	0.753627	0.753622	0.753618	0.753612	0.753607	0.753599	
0.753598	0.753594	0.753582	0.753571	0.753563	0.753555	0.753541	0.753527	0.753516	0.753505	0.753487	0.75347	0.753456	0.753443	0.753423	0.753404	0.75339	0.753376	0.753357	0.753338	0.753329	0.753319	0.753307	0.753295	0.753297	0.753299	0.753298	0.753297	0.753315	0.753333	0.75334	0.753347	0.753373	0.7534	0.75341	0.75342	0.753446	0.753472	0.753483	0.753493	0.753516	0.753539	0.753547	0.753554	0.753572	0.75359	0.753594	0.753598	0.75361	0.753622	0.753622	0.753623	0.753629	0.753636	0.753633	0.75363	0.753632	0.753634	0.753629	0.753623	0.753621	0.75362	0.753611	0.753603	0.753598	
0.753597	0.753588	0.753581	0.753573	0.753561	0.753549	0.753538	0.753527	0.753512	0.753496	0.753482	0.753469	0.753449	0.753429	0.753414	0.753399	0.753377	0.753355	0.753342	0.753329	0.753309	0.753288	0.753286	0.753283	0.753272	0.753262	0.753276	0.75329	0.753295	0.753299	0.753322	0.753344	0.753355	0.753367	0.753392	0.753416	0.753429	0.753441	0.753465	0.753488	0.753502	0.753515	0.753533	0.753551	0.753562	0.753573	0.753585	0.753597	0.753603	0.75361	0.753616	0.753623	0.753625	0.753628	0.753629	0.753631	0.75363	0.753628	0.753626	0.753624	0.75362	0.753615	0.75361	0.753605	0.753597	
0.753595	0.753583	0.753579	0.753574	0.753558	0.753543	0.753535	0.753528	0.753507	0.753487	0.753477	0.753467	0.753441	0.753416	0.753405	0.753394	0.753364	0.753333	0.753327	0.75332	0.753289	0.753258	0.753265	0.753272	0.753248	0.753224	0.753254	0.753284	0.753274	0.753265	0.753303	0.753341	0.753337	0.753334	0.753373	0.753413	0.753412	0.75341	0.753447	0.753484	0.753487	0.753491	0.753519	0.753548	0.753552	0.753556	0.753576	0.753595	0.753597	0.753599	0.753611	0.753623	0.753621	0.75362	0.753626	0.753632	0.753627	0.753622	0.753624	0.753626	0.753618	0.75361	0.753608	0.753606	0.753595	
0.753593	0.753585	0.753576	0.753567	0.753555	0.753543	0.75353	0.753517	0.7535	0.753483	0.753466	0.753449	0.753427	0.753405	0.753385	0.753365	0.753338	0.75331	0.753293	0.753276	0.753247	0.753219	0.753217	0.753216	0.753197	0.753177	0.753203	0.753229	0.75323	0.753232	0.753259	0.753286	0.7533	0.753314	0.75334	0.753366	0.753381	0.753397	0.753422	0.753448	0.753466	0.753485	0.753505	0.753525	0.75354	0.753556	0.753569	0.753582	0.753591	0.753601	0.753608	0.753614	0.753619	0.753623	0.753625	0.753626	0.753626	0.753626	0.753623	0.753621	0.753617	0.753613	0.753607	0.753601	0.753593	
0.753591	0.753587	0.753573	0.75356	0.753551	0.753543	0.753524	0.753506	0.753493	0.75348	0.753456	0.753432	0.753413	0.753394	0.753365	0.753336	0.753312	0.753287	0.75326	0.753232	0.753206	0.75318	0.75317	0.75316	0.753145	0.75313	0.753152	0.753174	0.753186	0.753199	0.753215	0.753232	0.753262	0.753293	0.753307	0.75332	0.753351	0.753383	0.753398	0.753413	0.753446	0.753479	0.75349	0.753502	0.753529	0.753556	0.753562	0.753568	0.753586	0.753604	0.753605	0.753606	0.753617	0.753627	0.753624	0.753621	0.753625	0.753629	0.753623	0.753616	0.753616	0.753616	0.753606	0.753596	0.753591	
0.753586	0.753576	0.753566	0.753556	0.753542	0.753527	0.753512	0.753497	0.753476	0.753454	0.753434	0.753413	0.753382	0.753351	0.753326	0.7533	0.753258	0.753216	0.753193	0.75317	0.75312	0.753071	0.753072	0.753074	0.753034	0.752994	0.753047	0.753101	0.753092	0.753083	0.753132	0.753181	0.753185	0.75319	0.753234	0.753277	0.753283	0.753289	0.753332	0.753376	0.753395	0.753415	0.753447	0.753478	0.753498	0.753518	0.753537	0.753556	0.753569	0.753582	0.753592	0.753602	0.753608	0.753613	0.753616	0.753619	0.753619	0.75362	0.753618	0.753616	0.753611	0.753607	0.753601	0.753595	0.753586	
0.753579	0.753565	0.753559	0.753553	0.753532	0.753511	0.7535	0.753489	0.753458	0.753428	0.753411	0.753395	0.753351	0.753308	0.753286	0.753264	0.753205	0.753145	0.753126	0.753108	0.753035	0.752962	0.752975	0.752988	0.752923	0.752857	0.752943	0.753028	0.752998	0.752968	0.753049	0.75313	0.753108	0.753087	0.753161	0.753235	0.753215	0.753195	0.753267	0.753339	0.753345	0.753352	0.753404	0.753455	0.753468	0.75348	0.753512	0.753544	0.753552	0.75356	0.753578	0.753597	0.753598	0.7536	0.753609	0.753618	0.753614	0.75361	0.753613	0.753615	0.753606	0.753597	0.753596	0.753594	0.753579	
0.753577	0.753567	0.753555	0.753542	0.753526	0.753509	0.75349	0.753471	0.753445	0.753419	0.75339	0.753361	0.753321	0.753282	0.753242	0.753202	0.753143	0.753084	0.753041	0.752998	0.752922	0.752847	0.752838	0.75283	0.752767	0.752705	0.752797	0.752889	0.75288	0.75287	0.752929	0.752988	0.753005	0.753022	0.753071	0.753119	0.753129	0.753139	0.753196	0.753254	0.753289	0.753324	0.753366	0.753408	0.75344	0.753473	0.753497	0.753522	0.753542	0.753562	0.753574	0.753586	0.753595	0.753605	0.753608	0.753612	0.753613	0.753615	0.753612	0.75361	0.753606	0.753601	0.753594	0.753587	0.753577	
0.753575	0.753569	0.75355	0.753531	0.75352	0.753508	0.75348	0.753452	0.753431	0.75341	0.753369	0.753327	0.753292	0.753256	0.753197	0.753139	0.753082	0.753024	0.752956	0.752888	0.75281	0.752732	0.752702	0.752672	0.752612	0.752552	0.752651	0.752751	0.752761	0.752771	0.752809	0.752846	0.752902	0.752958	0.75298	0.753003	0.753043	0.753082	0.753125	0.753168	0.753232	0.753296	0.753328	0.75336	0.753413	0.753465	0.753482	0.753499	0.753531	0.753564	0.753569	0.753575	0.753592	0.753609	0.753607	0.753605	0.753612	0.753619	0.753612	0.753605	0.753605	0.753605	0.753593	0.75358	0.753575	
0.753564	0.753552	0.753538	0.753523	0.753502	0.753481	0.753457	0.753433	0.753398	0.753363	0.753325	0.753287	0.753229	0.753171	0.753113	0.753054	0.752962	0.752871	0.752796	0.752721	0.752594	0.752466	0.752437	0.752407	0.75229	0.752173	0.752361	0.752548	0.752531	0.752513	0.752613	0.752714	0.752717	0.75272	0.752799	0.752878	0.752853	0.752829	0.752936	0.753043	0.753096	0.753149	0.753219	0.753289	0.753339	0.75339	0.753428	0.753466	0.753496	0.753526	0.753544	0.753562	0.753575	0.753589	0.753595	0.7536	0.753603	0.753606	0.753604	0.753602	0.753597	0.753592	0.753584	0.753577	0.753564	
0.753554	0.753535	0.753525	0.753515	0.753484	0.753454	0.753434	0.753415	0.753366	0.753316	0.753281	0.753246	0.753167	0.753087	0.753028	0.752968	0.752843	0.752718	0.752636	0.752554	0.752377	0.7522	0.752171	0.752142	0.751968	0.751793	0.75207	0.752346	0.752301	0.752255	0.752418	0.752582	0.752532	0.752482	0.752617	0.752753	0.752664	0.752576	0.752747	0.752918	0.75296	0.753003	0.75311	0.753217	0.753265	0.753314	0.753374	0.753434	0.753461	0.753488	0.753518	0.753549	0.753558	0.753568	0.753582	0.753596	0.753594	0.753592	0.753596	0.7536	0.753589	0.753579	0.753576	0.753573	0.753554	
0.753551	0.753538	0.75352	0.753501	0.753477	0.753452	0.75342	0.753389	0.753346	0.753303	0.753248	0.753194	0.753118	0.753042	0.752949	0.752856	0.752724	0.752592	0.752451	0.75231	0.752109	0.751909	0.751791	0.751674	0.75142	0.751166	0.751606	0.752046	0.752048	0.75205	0.752149	0.752248	0.752286	0.752324	0.752398	0.752472	0.752408	0.752345	0.75252	0.752695	0.752798	0.7529	0.753008	0.753116	0.753201	0.753286	0.75334	0.753395	0.753441	0.753487	0.753511	0.753534	0.753554	0.753574	0.753581	0.753589	0.753593	0.753598	0.753596	0.753594	0.753589	0.753584	0.753574	0.753565	0.753551	
0.753549	0.753541	0.753514	0.753487	0.753469	0.75345	0.753407	0.753363	0.753326	0.75329	0.753215	0.753141	0.753069	0.752997	0.75287	0.752744	0.752605	0.752466	0.752266	0.752067	0.751842	0.751617	0.751411	0.751205	0.750871	0.750538	0.751142	0.751746	0.751795	0.751845	0.75188	0.751915	0.752041	0.752167	0.752179	0.752192	0.752153	0.752114	0.752293	0.752473	0.752636	0.752798	0.752907	0.753015	0.753136	0.753257	0.753307	0.753357	0.753421	0.753486	0.753503	0.75352	0.75355	0.75358	0.753581	0.753582	0.753593	0.753605	0.753596	0.753588	0.753589	0.753589	0.753573	0.753557	0.753549	
0.753535	0.753518	0.753496	0.753475	0.753443	0.753412	0.753373	0.753334	0.753276	0.753219	0.753146	0.753074	0.752967	0.75286	0.752724	0.752587	0.752387	0.752187	0.751943	0.7517	0.75133	0.750961	0.750502	0.750042	0.749677	0.749311	0.750299	0.751288	0.751351	0.751415	0.751548	0.751681	0.751717	0.751753	0.751823	0.751892	0.751627	0.751361	0.751687	0.752013	0.752238	0.752464	0.752641	0.752818	0.752966	0.753113	0.753197	0.753281	0.753353	0.753424	0.753459	0.753494	0.753522	0.753551	0.753562	0.753573	0.75358	0.753587	0.753586	0.753584	0.753578	0.753573	0.753562	0.753551	0.753535	
0.75352	0.753495	0.753479	0.753463	0.753418	0.753373	0.753339	0.753304	0.753226	0.753148	0.753077	0.753006	0.752865	0.752724	0.752577	0.75243	0.752169	0.751908	0.75162	0.751333	0.750819	0.750306	0.749593	0.748879	0.748482	0.748084	0.749457	0.75083	0.750908	0.750986	0.751217	0.751448	0.751393	0.751339	0.751466	0.751593	0.751101	0.750609	0.751081	0.751552	0.751841	0.752129	0.752375	0.752621	0.752795	0.752968	0.753087	0.753206	0.753284	0.753362	0.753415	0.753468	0.753495	0.753522	0.753543	0.753564	0.753567	0.753569	0.753575	0.75358	0.753568	0.753556	0.753551	0.753546	0.75352	
0.753518	0.753499	0.753473	0.753447	0.75341	0.753374	0.753324	0.753275	0.753206	0.753137	0.75304	0.752944	0.752808	0.752673	0.752476	0.752279	0.752	0.751722	0.751301	0.75088	0.750143	0.749406	0.748597	0.747788	0.747957	0.748126	0.749684	0.751241	0.75098	0.75072	0.750533	0.750346	0.750662	0.750978	0.75088	0.750782	0.750132	0.749483	0.750145	0.750807	0.75129	0.751773	0.752094	0.752415	0.752656	0.752898	0.753025	0.753151	0.753255	0.753358	0.753405	0.753452	0.753491	0.75353	0.753544	0.753559	0.753568	0.753578	0.753576	0.753575	0.753569	0.753563	0.75355	0.753537	0.753518	
0.753516	0.753504	0.753468	0.753431	0.753403	0.753374	0.753309	0.753245	0.753185	0.753125	0.753003	0.752881	0.752752	0.752622	0.752375	0.752128	0.751832	0.751535	0.750982	0.750428	0.749467	0.748506	0.747602	0.746697	0.747433	0.748169	0.74991	0.751652	0.751053	0.750454	0.749849	0.749244	0.74993	0.750617	0.750294	0.749971	0.749163	0.748356	0.749209	0.750061	0.750739	0.751416	0.751812	0.752208	0.752518	0.752828	0.752962	0.753097	0.753225	0.753354	0.753395	0.753437	0.753488	0.753538	0.753546	0.753553	0.75357	0.753586	0.753578	0.753569	0.753569	0.753569	0.753549	0.753528	0.753516	
0.7535	0.753477	0.753447	0.753416	0.753371	0.753326	0.753267	0.753208	0.753121	0.753034	0.752915	0.752795	0.752619	0.752443	0.752187	0.751932	0.751549	0.751166	0.750484	0.749801	0.748833	0.747865	0.747349	0.746834	0.748174	0.749515	0.751076	0.752637	0.751421	0.750205	0.749452	0.748698	0.74917	0.749641	0.749489	0.749337	0.748373	0.747409	0.748121	0.748832	0.749793	0.750754	0.751253	0.751752	0.752161	0.752569	0.752759	0.752949	0.753105	0.753261	0.753328	0.753395	0.753449	0.753502	0.753522	0.753541	0.753554	0.753567	0.753566	0.753565	0.753558	0.753551	0.753537	0.753522	0.7535	
0.753483	0.75345	0.753426	0.753402	0.75334	0.753279	0.753225	0.753172	0.753058	0.752944	0.752826	0.752709	0.752487	0.752265	0.752	0.751735	0.751266	0.750797	0.749986	0.749174	0.748199	0.747224	0.747097	0.74697	0.748916	0.750862	0.752242	0.753621	0.751789	0.749956	0.749054	0.748153	0.748409	0.748666	0.748684	0.748703	0.747583	0.746463	0.747033	0.747603	0.748848	0.750093	0.750695	0.751296	0.751803	0.75231	0.752556	0.752802	0.752985	0.753168	0.753261	0.753353	0.75341	0.753466	0.753498	0.75353	0.753539	0.753547	0.753554	0.75356	0.753546	0.753532	0.753525	0.753517	0.753483	
0.753482	0.753456	0.753421	0.753386	0.753335	0.753284	0.753215	0.753147	0.753048	0.752949	0.752809	0.752669	0.75247	0.75227	0.751972	0.751674	0.751208	0.750743	0.749928	0.749113	0.748494	0.747875	0.748012	0.748149	0.749682	0.751215	0.752338	0.753461	0.752147	0.750833	0.749831	0.748829	0.748714	0.748599	0.749125	0.749651	0.74837	0.747088	0.746687	0.746287	0.747683	0.749079	0.750035	0.750991	0.751613	0.752235	0.752502	0.752769	0.752974	0.753179	0.753263	0.753348	0.753414	0.753481	0.753504	0.753527	0.753543	0.753558	0.753557	0.753556	0.753548	0.753541	0.753524	0.753508	0.753482	
0.753481	0.753463	0.753417	0.753371	0.753331	0.75329	0.753206	0.753121	0.753038	0.752954	0.752792	0.75263	0.752453	0.752276	0.751945	0.751613	0.751151	0.750688	0.74987	0.749053	0.74879	0.748527	0.748928	0.749329	0.750449	0.751569	0.752435	0.753301	0.752506	0.751711	0.750608	0.749505	0.749019	0.748533	0.749566	0.750599	0.749157	0.747714	0.746342	0.74497	0.746517	0.748065	0.749375	0.750686	0.751423	0.75216	0.752448	0.752735	0.752962	0.75319	0.753266	0.753342	0.753419	0.753495	0.75351	0.753525	0.753547	0.753569	0.753561	0.753552	0.75355	0.753549	0.753524	0.753499	0.753481	
0.753465	0.753436	0.753397	0.753358	0.753299	0.753239	0.753162	0.753085	0.752971	0.752856	0.752701	0.752546	0.752322	0.752099	0.751787	0.751475	0.75098	0.750485	0.749941	0.749397	0.749465	0.749533	0.750274	0.751016	0.75174	0.752464	0.753376	0.754287	0.755286	0.756284	0.755022	0.75376	0.752232	0.750703	0.751564	0.752425	0.750718	0.749011	0.747165	0.745319	0.745875	0.746431	0.748025	0.749618	0.750544	0.751469	0.751988	0.752508	0.752789	0.75307	0.753184	0.753298	0.75338	0.753461	0.753489	0.753517	0.753535	0.753552	0.753551	0.75355	0.753541	0.753531	0.753513	0.753495	0.753465	
0.75345	0.753408	0.753376	0.753344	0.753266	0.753189	0.753119	0.753048	0.752903	0.752759	0.75261	0.752462	0.752191	0.751921	0.751629	0.751338	0.75081	0.750282	0.750012	0.749741	0.75014	0.750539	0.751621	0.752703	0.753032	0.75336	0.754316	0.755272	0.758065	0.760858	0.759437	0.758016	0.755444	0.752873	0.753562	0.754251	0.752279	0.750307	0.747988	0.745668	0.745233	0.744798	0.746674	0.748551	0.749664	0.750778	0.751529	0.752281	0.752615	0.75295	0.753102	0.753255	0.753341	0.753426	0.753468	0.753509	0.753522	0.753535	0.753541	0.753548	0.753531	0.753514	0.753502	0.753491	0.75345	
0.753449	0.753415	0.753372	0.753329	0.753263	0.753197	0.753114	0.75303	0.752906	0.752781	0.752621	0.752462	0.752236	0.75201	0.751731	0.751452	0.75108	0.750708	0.750571	0.750434	0.750798	0.751163	0.752244	0.753326	0.75397	0.754613	0.756505	0.758396	0.761694	0.764992	0.764421	0.763849	0.761313	0.758777	0.758412	0.758047	0.754423	0.750798	0.749013	0.747227	0.746239	0.74525	0.747072	0.748895	0.75009	0.751285	0.751822	0.752359	0.752691	0.753022	0.753143	0.753264	0.753356	0.753449	0.753479	0.75351	0.753528	0.753547	0.753546	0.753544	0.753533	0.753522	0.753502	0.753482	0.753449	
0.753448	0.753422	0.753368	0.753315	0.75326	0.753206	0.753109	0.753012	0.752908	0.752804	0.752633	0.752461	0.75228	0.752099	0.751832	0.751566	0.75135	0.751134	0.75113	0.751127	0.751456	0.751786	0.752868	0.753949	0.754907	0.755866	0.758693	0.761521	0.765323	0.769126	0.769404	0.769682	0.767182	0.764681	0.763262	0.761843	0.756566	0.751289	0.750038	0.748787	0.747245	0.745703	0.74747	0.749238	0.750515	0.751792	0.752114	0.752437	0.752766	0.753095	0.753184	0.753272	0.753372	0.753472	0.753491	0.753511	0.753535	0.753559	0.75355	0.753541	0.753536	0.75353	0.753502	0.753474	0.753448	
0.753437	0.753399	0.753353	0.753307	0.753234	0.753162	0.753072	0.752983	0.752848	0.752712	0.752546	0.75238	0.752147	0.751915	0.751657	0.7514	0.751162	0.750925	0.751188	0.751451	0.751811	0.75217	0.752685	0.753199	0.754285	0.755372	0.758738	0.762105	0.762563	0.763022	0.764328	0.765634	0.767879	0.770125	0.767103	0.764081	0.762619	0.761157	0.759261	0.757366	0.752476	0.747587	0.748605	0.749624	0.750646	0.751669	0.752054	0.75244	0.752761	0.753082	0.753186	0.753289	0.753378	0.753466	0.753493	0.753519	0.753535	0.753551	0.753548	0.753545	0.753531	0.753518	0.753496	0.753474	0.753437	
0.753425	0.753377	0.753338	0.753299	0.753209	0.753118	0.753036	0.752954	0.752788	0.752621	0.75246	0.752298	0.752015	0.751731	0.751482	0.751234	0.750975	0.750715	0.751246	0.751776	0.752165	0.752554	0.752501	0.752449	0.753663	0.754877	0.758783	0.762688	0.759803	0.75771	0.759059	0.763457	0.773223	0.779727	0.776331	0.772659	0.769871	0.771025	0.768485	0.765945	0.757708	0.749471	0.74974	0.750009	0.750777	0.751546	0.751994	0.752442	0.752756	0.75307	0.753188	0.753306	0.753384	0.753461	0.753494	0.753526	0.753535	0.753544	0.753546	0.753548	0.753527	0.753505	0.753489	0.753474	0.753425	
0.753422	0.75338	0.753331	0.753282	0.7532	0.753118	0.753023	0.752928	0.752775	0.752623	0.752449	0.752276	0.752025	0.751774	0.751534	0.751294	0.751076	0.750859	0.751332	0.751805	0.752571	0.753336	0.753359	0.753382	0.754556	0.75573	0.757545	0.75936	0.757605	0.75537	0.757336	0.760511	0.769862	0.780198	0.780957	0.775647	0.770311	0.768213	0.766234	0.764254	0.758027	0.751801	0.749791	0.747782	0.748867	0.749952	0.75098	0.752009	0.7525	0.752991	0.753129	0.753266	0.753362	0.753458	0.753489	0.753521	0.753535	0.75355	0.753547	0.753543	0.753527	0.753511	0.753488	0.753464	0.753422	
0.753419	0.753384	0.753324	0.753265	0.753192	0.753119	0.75301	0.752902	0.752763	0.752624	0.752439	0.752255	0.752035	0.751816	0.751585	0.751354	0.751178	0.751002	0.751418	0.751834	0.752977	0.754119	0.754217	0.754315	0.755449	0.756582	0.756307	0.756032	0.755407	0.756402	0.759955	0.766702	0.765197	0.780117	0.780549	0.773662	0.766882	0.765401	0.763981	0.762562	0.758346	0.754131	0.749843	0.745556	0.746956	0.748358	0.749967	0.751576	0.752244	0.752912	0.753069	0.753226	0.75334	0.753454	0.753485	0.753515	0.753535	0.753556	0.753547	0.753539	0.753528	0.753516	0.753486	0.753455	0.753419	
0.753417	0.753372	0.753321	0.753269	0.753183	0.753097	0.752998	0.752899	0.752739	0.752578	0.752403	0.752227	0.75197	0.751712	0.75152	0.751328	0.751316	0.751304	0.751786	0.752268	0.753202	0.754135	0.754539	0.754942	0.755608	0.756274	0.755605	0.754935	0.755541	0.759064	0.762838	0.769363	0.763271	0.784463	0.772241	0.761554	0.759299	0.755499	0.757109	0.75872	0.755148	0.751576	0.749218	0.74686	0.74835	0.749839	0.750947	0.752056	0.752556	0.753057	0.753181	0.753304	0.753394	0.753484	0.75351	0.753537	0.753548	0.753559	0.753553	0.753548	0.753529	0.753511	0.753486	0.753461	0.753417	
0.753414	0.753361	0.753318	0.753274	0.753175	0.753076	0.752986	0.752896	0.752714	0.752533	0.752366	0.7522	0.751904	0.751608	0.751455	0.751303	0.751454	0.751606	0.752154	0.752701	0.753426	0.754151	0.75486	0.755568	0.755767	0.755966	0.754902	0.753839	0.755675	0.760482	0.763752	0.771335	0.791733	0.758463	0.761468	0.747622	0.746383	0.749914	0.75177	0.753497	0.749433	0.746531	0.747465	0.748165	0.749743	0.751321	0.751928	0.752535	0.752868	0.753202	0.753292	0.753381	0.753447	0.753513	0.753535	0.753558	0.75356	0.753561	0.753559	0.753557	0.753531	0.753506	0.753486	0.753467	0.753414	
0.75341	0.753362	0.753309	0.753255	0.753162	0.753068	0.752963	0.752858	0.75268	0.752502	0.752311	0.75212	0.751811	0.751503	0.75133	0.751157	0.751595	0.752033	0.753092	0.75415	0.755047	0.755944	0.756166	0.756388	0.756041	0.755694	0.75457	0.753446	0.755334	0.760346	0.76305	0.767569	0.791802	0.774614	0.763919	0.751103	0.746348	0.746991	0.749703	0.751347	0.746732	0.744056	0.74677	0.74913	0.750322	0.751515	0.752078	0.752642	0.752912	0.753183	0.753287	0.753392	0.753452	0.753513	0.753536	0.753558	0.753562	0.753565	0.753559	0.753553	0.753531	0.753509	0.753483	0.753458	0.75341	
0.753405	0.753362	0.7533	0.753237	0.753148	0.75306	0.75294	0.752819	0.752645	0.752471	0.752255	0.752039	0.751718	0.751397	0.751204	0.751011	0.751736	0.752461	0.754029	0.755598	0.756667	0.757736	0.757472	0.757208	0.756315	0.755422	0.754237	0.753053	0.754994	0.758909	0.760851	0.762764	0.785128	0.778131	0.775497	0.770011	0.758935	0.756172	0.753501	0.751558	0.744604	0.744481	0.747405	0.750095	0.750902	0.751709	0.752229	0.752749	0.752956	0.753163	0.753283	0.753403	0.753458	0.753513	0.753536	0.753559	0.753564	0.753569	0.753559	0.753549	0.753531	0.753513	0.75348	0.753448	0.753405	
0.753412	0.753364	0.75331	0.753256	0.753162	0.753067	0.752959	0.75285	0.752667	0.752485	0.752276	0.752068	0.751725	0.751383	0.751081	0.750779	0.751092	0.751404	0.752678	0.753951	0.755171	0.756391	0.756639	0.756888	0.75601	0.755133	0.754077	0.753021	0.754677	0.757446	0.758669	0.760143	0.759304	0.768407	0.769524	0.769698	0.762974	0.757962	0.757268	0.753103	0.745383	0.743958	0.748281	0.750574	0.751338	0.752101	0.752501	0.752901	0.753082	0.753263	0.753358	0.753453	0.753496	0.753539	0.753558	0.753577	0.753576	0.753575	0.753567	0.75356	0.753536	0.753513	0.753487	0.75346	0.753412	
0.753419	0.753366	0.75332	0.753275	0.753175	0.753075	0.752978	0.752881	0.75269	0.752499	0.752298	0.752097	0.751733	0.751368	0.750958	0.750547	0.750447	0.750347	0.751326	0.752304	0.753675	0.755046	0.755807	0.756568	0.755706	0.754843	0.753917	0.75299	0.75436	0.756503	0.757364	0.758315	0.75778	0.76951	0.760955	0.760104	0.760386	0.753439	0.751115	0.74701	0.74143	0.744527	0.748935	0.751053	0.751773	0.752493	0.752773	0.753052	0.753207	0.753362	0.753433	0.753504	0.753534	0.753565	0.753581	0.753596	0.753588	0.75358	0.753575	0.75357	0.753542	0.753514	0.753493	0.753472	0.753419	
0.753418	0.753369	0.753318	0.753267	0.753174	0.753082	0.75298	0.752879	0.752702	0.752525	0.752331	0.752137	0.751817	0.751497	0.751163	0.750828	0.750641	0.750455	0.751095	0.751735	0.753073	0.75441	0.755571	0.756731	0.756835	0.756939	0.756205	0.755471	0.755748	0.756185	0.75674	0.7572	0.757005	0.753737	0.753634	0.750888	0.753414	0.752937	0.746648	0.746486	0.744014	0.746999	0.749979	0.751662	0.75218	0.752699	0.752928	0.753157	0.753276	0.753396	0.753459	0.753522	0.753547	0.753572	0.753585	0.753597	0.753591	0.753584	0.753576	0.753567	0.753542	0.753517	0.753492	0.753466	0.753418	
0.753417	0.753373	0.753316	0.753259	0.753174	0.753088	0.752982	0.752877	0.752714	0.752551	0.752364	0.752177	0.751902	0.751626	0.751367	0.751109	0.750836	0.750562	0.750864	0.751166	0.75247	0.753775	0.755335	0.756894	0.757964	0.759034	0.758493	0.757951	0.757136	0.75632	0.756129	0.756827	0.756628	0.754986	0.749721	0.747244	0.74592	0.745279	0.744639	0.747128	0.747852	0.749604	0.751151	0.752271	0.752588	0.752905	0.753083	0.753261	0.753345	0.753429	0.753485	0.75354	0.75356	0.75358	0.753589	0.753598	0.753593	0.753588	0.753576	0.753563	0.753542	0.753521	0.753491	0.75346	0.753417	
0.75343	0.753385	0.753336	0.753287	0.753202	0.753117	0.753023	0.752929	0.752771	0.752613	0.752444	0.752274	0.752014	0.751753	0.751521	0.751289	0.751036	0.750782	0.75102	0.751257	0.75227	0.753284	0.754839	0.756394	0.757532	0.75867	0.75884	0.75901	0.757865	0.75672	0.756129	0.756122	0.755826	0.755272	0.752878	0.748986	0.746334	0.746756	0.748266	0.749246	0.750335	0.751314	0.752038	0.752641	0.75286	0.753079	0.753218	0.753356	0.753418	0.75348	0.753526	0.753572	0.753583	0.753594	0.753603	0.753612	0.753602	0.753593	0.753583	0.753574	0.75355	0.753525	0.753501	0.753476	0.75343	
0.753444	0.753396	0.753355	0.753314	0.75323	0.753145	0.753063	0.752982	0.752829	0.752676	0.752524	0.752372	0.752126	0.75188	0.751675	0.75147	0.751236	0.751003	0.751176	0.751348	0.752071	0.752793	0.754343	0.755893	0.7571	0.758306	0.759188	0.760069	0.758594	0.757119	0.756129	0.755448	0.755241	0.754943	0.753947	0.752336	0.75086	0.750859	0.751243	0.751408	0.751842	0.752481	0.752746	0.753012	0.753133	0.753253	0.753352	0.753452	0.753491	0.753531	0.753567	0.753603	0.753606	0.753608	0.753617	0.753626	0.753611	0.753597	0.753591	0.753585	0.753558	0.75353	0.753511	0.753491	0.753444	
0.753446	0.753403	0.753359	0.753316	0.753238	0.75316	0.753079	0.752998	0.752858	0.752718	0.752574	0.75243	0.752205	0.751979	0.751789	0.751598	0.751364	0.75113	0.751203	0.751277	0.751764	0.752251	0.753512	0.754773	0.756058	0.757342	0.757759	0.758176	0.757418	0.75666	0.755757	0.755097	0.754903	0.754811	0.754291	0.753447	0.752783	0.752492	0.752431	0.752394	0.75254	0.752777	0.75296	0.753144	0.753234	0.753323	0.753403	0.753483	0.753515	0.753548	0.753577	0.753607	0.75361	0.753613	0.753618	0.753623	0.753611	0.7536	0.753591	0.753582	0.753558	0.753534	0.753511	0.753489	0.753446	
0.753447	0.753409	0.753363	0.753317	0.753246	0.753175	0.753094	0.753014	0.752886	0.752759	0.752624	0.752489	0.752284	0.752079	0.751903	0.751726	0.751492	0.751257	0.751231	0.751205	0.751458	0.75171	0.752681	0.753653	0.755015	0.756378	0.75633	0.756282	0.756241	0.7562	0.755385	0.75457	0.754564	0.754576	0.75408	0.753472	0.753157	0.752933	0.752885	0.752965	0.753019	0.753073	0.753175	0.753276	0.753335	0.753393	0.753454	0.753515	0.75354	0.753564	0.753587	0.75361	0.753614	0.753617	0.753619	0.75362	0.753611	0.753603	0.753591	0.753578	0.753558	0.753537	0.753512	0.753486	0.753447	
0.753464	0.753425	0.753386	0.753347	0.753279	0.753212	0.753141	0.75307	0.752952	0.752835	0.752714	0.752594	0.752408	0.752221	0.75206	0.751899	0.751685	0.75147	0.751407	0.751344	0.751455	0.751566	0.752318	0.753071	0.754372	0.755673	0.755776	0.755879	0.755991	0.756103	0.755265	0.754426	0.754265	0.754176	0.753844	0.753467	0.753246	0.753096	0.753087	0.753113	0.753149	0.753185	0.753274	0.753363	0.753402	0.753442	0.753497	0.753553	0.753567	0.753581	0.753604	0.753626	0.753624	0.753623	0.753626	0.75363	0.753618	0.753606	0.753597	0.753589	0.753566	0.753544	0.753523	0.753502	0.753464	
0.75348	0.753442	0.753409	0.753377	0.753312	0.753248	0.753187	0.753126	0.753018	0.75291	0.752805	0.752699	0.752531	0.752364	0.752218	0.752072	0.751878	0.751683	0.751583	0.751482	0.751452	0.751422	0.751955	0.752489	0.753729	0.754969	0.755222	0.755475	0.755741	0.756006	0.755144	0.754282	0.753967	0.753651	0.753534	0.753416	0.753314	0.753213	0.753236	0.75326	0.753278	0.753296	0.753374	0.753451	0.75347	0.75349	0.75354	0.75359	0.753594	0.753597	0.75362	0.753643	0.753635	0.753628	0.753634	0.753639	0.753624	0.753609	0.753604	0.753599	0.753575	0.753551	0.753535	0.753519	0.75348	
0.753483	0.753449	0.753415	0.753382	0.753323	0.753264	0.753205	0.753146	0.753047	0.752947	0.752849	0.75275	0.752596	0.752442	0.752306	0.752171	0.751987	0.751804	0.751707	0.751611	0.751563	0.751515	0.751905	0.752295	0.753267	0.754238	0.75485	0.755461	0.755589	0.755717	0.754858	0.753999	0.753716	0.753434	0.75337	0.753307	0.753257	0.753207	0.753242	0.753277	0.753301	0.753325	0.753392	0.753458	0.753481	0.753503	0.753545	0.753586	0.753594	0.753601	0.753619	0.753636	0.753633	0.753629	0.753632	0.753634	0.753623	0.753611	0.753603	0.753595	0.753575	0.753554	0.753536	0.753518	0.753483	
0.753486	0.753455	0.753421	0.753387	0.753334	0.75328	0.753223	0.753166	0.753075	0.752984	0.752893	0.752802	0.752661	0.75252	0.752395	0.75227	0.752097	0.751924	0.751832	0.75174	0.751674	0.751609	0.751855	0.752101	0.752805	0.753508	0.754477	0.755446	0.755437	0.755429	0.754572	0.753716	0.753466	0.753216	0.753207	0.753198	0.7532	0.753202	0.753248	0.753293	0.753323	0.753354	0.75341	0.753466	0.753491	0.753517	0.75355	0.753582	0.753594	0.753605	0.753617	0.75363	0.75363	0.75363	0.75363	0.753629	0.753621	0.753612	0.753602	0.753592	0.753575	0.753557	0.753537	0.753517	0.753486	
0.753503	0.753473	0.753444	0.753415	0.753365	0.753315	0.753266	0.753216	0.753134	0.753052	0.752971	0.75289	0.752764	0.752638	0.752524	0.752409	0.752248	0.752087	0.751988	0.751888	0.751778	0.751667	0.751855	0.752043	0.75236	0.752677	0.753719	0.754761	0.754607	0.754453	0.753835	0.753217	0.753098	0.752979	0.753044	0.753108	0.75314	0.753172	0.753244	0.753315	0.753344	0.753372	0.753434	0.753495	0.753512	0.753529	0.753565	0.7536	0.753605	0.753609	0.753624	0.75364	0.753636	0.753632	0.753634	0.753636	0.753626	0.753615	0.753608	0.753601	0.753583	0.753565	0.753549	0.753532	0.753503	
0.753519	0.75349	0.753466	0.753442	0.753396	0.753351	0.753308	0.753265	0.753193	0.75312	0.753049	0.752978	0.752868	0.752757	0.752652	0.752548	0.7524	0.752251	0.752144	0.752037	0.751881	0.751725	0.751854	0.751984	0.751915	0.751846	0.752961	0.754076	0.753777	0.753478	0.753098	0.752718	0.75273	0.752742	0.75288	0.753018	0.75308	0.753143	0.75324	0.753336	0.753364	0.753391	0.753458	0.753525	0.753533	0.753541	0.753579	0.753618	0.753616	0.753614	0.753632	0.753649	0.753641	0.753633	0.753639	0.753644	0.753631	0.753618	0.753614	0.75361	0.753591	0.753572	0.75356	0.753548	0.753519	
0.753522	0.753496	0.753472	0.753447	0.753406	0.753364	0.753324	0.753283	0.753216	0.75315	0.753084	0.753019	0.752917	0.752815	0.752719	0.752623	0.752485	0.752347	0.752238	0.752129	0.751971	0.751813	0.751849	0.751885	0.751705	0.751526	0.752309	0.753092	0.752901	0.752709	0.752598	0.752486	0.752586	0.752686	0.752833	0.75298	0.753059	0.753139	0.753228	0.753318	0.753356	0.753395	0.753452	0.75351	0.753526	0.753543	0.753574	0.753605	0.75361	0.753614	0.753627	0.75364	0.753637	0.753633	0.753636	0.753638	0.753628	0.753619	0.753613	0.753607	0.753591	0.753575	0.753561	0.753548	0.753522	
0.753525	0.753502	0.753478	0.753453	0.753415	0.753378	0.753339	0.7533	0.75324	0.753179	0.753119	0.753059	0.752966	0.752874	0.752786	0.752698	0.75257	0.752443	0.752331	0.75222	0.752061	0.751901	0.751843	0.751785	0.751495	0.751206	0.751657	0.752107	0.752024	0.751941	0.752098	0.752255	0.752442	0.752629	0.752785	0.752941	0.753038	0.753135	0.753217	0.753299	0.753349	0.753399	0.753446	0.753494	0.753519	0.753545	0.753569	0.753593	0.753603	0.753614	0.753623	0.753631	0.753632	0.753634	0.753633	0.753632	0.753626	0.75362	0.753612	0.753604	0.753591	0.753578	0.753563	0.753548	0.753525	
0.753539	0.753517	0.753496	0.753476	0.753441	0.753407	0.753374	0.75334	0.753286	0.753233	0.75318	0.753127	0.753047	0.752967	0.752888	0.752809	0.752699	0.752588	0.752482	0.752376	0.752238	0.7521	0.752	0.7519	0.751669	0.751437	0.75156	0.751682	0.751764	0.751845	0.752079	0.752314	0.752499	0.752685	0.752837	0.752989	0.753078	0.753167	0.753252	0.753336	0.753377	0.753418	0.753468	0.753518	0.753536	0.753553	0.75358	0.753606	0.753611	0.753616	0.753628	0.753639	0.753637	0.753634	0.753636	0.753638	0.75363	0.753622	0.753617	0.753612	0.753598	0.753584	0.753572	0.753561	0.753539	
0.753553	0.753532	0.753515	0.753498	0.753467	0.753436	0.753408	0.75338	0.753333	0.753287	0.753241	0.753196	0.753128	0.75306	0.75299	0.752921	0.752827	0.752733	0.752632	0.752532	0.752416	0.7523	0.752158	0.752016	0.751842	0.751668	0.751463	0.751257	0.751503	0.751749	0.752061	0.752372	0.752556	0.75274	0.752889	0.753037	0.753119	0.7532	0.753287	0.753374	0.753406	0.753438	0.75349	0.753542	0.753552	0.753561	0.753591	0.75362	0.753619	0.753619	0.753633	0.753647	0.753641	0.753635	0.75364	0.753644	0.753634	0.753624	0.753622	0.75362	0.753605	0.753591	0.753582	0.753574	0.753553	
0.753555	0.753537	0.75352	0.753502	0.753475	0.753447	0.75342	0.753392	0.75335	0.753308	0.753267	0.753225	0.753164	0.753103	0.75304	0.752978	0.752896	0.752814	0.752725	0.752635	0.75254	0.752446	0.75232	0.752194	0.752087	0.751979	0.751776	0.751572	0.751813	0.752054	0.752275	0.752496	0.752659	0.752822	0.752943	0.753063	0.753144	0.753225	0.753297	0.753369	0.753407	0.753445	0.753488	0.753531	0.753547	0.753563	0.753586	0.753609	0.753614	0.753619	0.753629	0.753639	0.753637	0.753635	0.753637	0.753639	0.753632	0.753626	0.753621	0.753617	0.753605	0.753593	0.753583	0.753573	0.753555	
0.753557	0.753542	0.753524	0.753507	0.753482	0.753457	0.753431	0.753405	0.753367	0.75333	0.753292	0.753254	0.7532	0.753146	0.75309	0.753035	0.752965	0.752895	0.752817	0.752739	0.752665	0.752591	0.752482	0.752373	0.752331	0.752289	0.752089	0.751888	0.752123	0.752358	0.752489	0.75262	0.752762	0.752904	0.752997	0.75309	0.75317	0.75325	0.753308	0.753365	0.753409	0.753453	0.753486	0.753519	0.753542	0.753565	0.753581	0.753598	0.753609	0.753619	0.753625	0.753631	0.753633	0.753636	0.753635	0.753633	0.75363	0.753627	0.75362	0.753614	0.753605	0.753596	0.753584	0.753573	0.753557	
0.753568	0.753552	0.753538	0.753524	0.753501	0.753478	0.753456	0.753434	0.753401	0.753367	0.753334	0.753302	0.753255	0.753209	0.753161	0.753113	0.753055	0.752997	0.752928	0.75286	0.752801	0.752743	0.752647	0.752552	0.752529	0.752505	0.752355	0.752205	0.752386	0.752567	0.752666	0.752766	0.752882	0.752999	0.753081	0.753164	0.75323	0.753295	0.75335	0.753405	0.753439	0.753473	0.753507	0.753541	0.753556	0.753572	0.753591	0.75361	0.753615	0.753621	0.753629	0.753637	0.753637	0.753636	0.753637	0.753639	0.753633	0.753628	0.753624	0.75362	0.75361	0.7536	0.753592	0.753583	0.753568	
0.753578	0.753563	0.753552	0.753541	0.75352	0.753499	0.753481	0.753463	0.753434	0.753405	0.753377	0.753349	0.753311	0.753273	0.753232	0.753191	0.753145	0.753098	0.753039	0.75298	0.752937	0.752894	0.752813	0.752731	0.752726	0.752721	0.752622	0.752522	0.752649	0.752775	0.752843	0.752911	0.753002	0.753094	0.753166	0.753238	0.753289	0.75334	0.753393	0.753446	0.753469	0.753493	0.753528	0.753562	0.753571	0.753579	0.7536	0.753621	0.753622	0.753622	0.753633	0.753644	0.75364	0.753636	0.75364	0.753644	0.753637	0.753629	0.753628	0.753627	0.753616	0.753605	0.753599	0.753594	0.753578	
0.75358	0.753567	0.753555	0.753543	0.753524	0.753506	0.753488	0.75347	0.753444	0.753419	0.753392	0.753366	0.753333	0.753299	0.753262	0.753225	0.753186	0.753146	0.753095	0.753043	0.75301	0.752976	0.752907	0.752838	0.752841	0.752844	0.752765	0.752686	0.752791	0.752896	0.752942	0.752989	0.75307	0.753152	0.753207	0.753262	0.753313	0.753363	0.753404	0.753446	0.753473	0.753501	0.753528	0.753555	0.753568	0.753582	0.753597	0.753613	0.753618	0.753623	0.75363	0.753638	0.753637	0.753637	0.753638	0.753639	0.753635	0.753631	0.753627	0.753624	0.753616	0.753607	0.7536	0.753592	0.75358	
0.753581	0.753571	0.753558	0.753545	0.753529	0.753513	0.753495	0.753477	0.753455	0.753432	0.753408	0.753383	0.753354	0.753325	0.753292	0.753259	0.753227	0.753194	0.75315	0.753106	0.753082	0.753058	0.753002	0.752946	0.752956	0.752967	0.752908	0.752849	0.752933	0.753016	0.753041	0.753067	0.753138	0.75321	0.753248	0.753286	0.753336	0.753386	0.753416	0.753445	0.753477	0.753509	0.753528	0.753547	0.753566	0.753584	0.753595	0.753605	0.753614	0.753624	0.753627	0.753631	0.753634	0.753638	0.753636	0.753634	0.753633	0.753632	0.753626	0.753621	0.753615	0.753609	0.7536	0.753591	0.753581	
0.753588	0.753577	0.753566	0.753556	0.753541	0.753525	0.75351	0.753495	0.753475	0.753454	0.753433	0.753413	0.753387	0.75336	0.753333	0.753305	0.753277	0.753249	0.753212	0.753176	0.753156	0.753136	0.753091	0.753045	0.753054	0.753064	0.753021	0.752977	0.753042	0.753107	0.753129	0.753152	0.753208	0.753264	0.753301	0.753337	0.753375	0.753413	0.753444	0.753474	0.753497	0.75352	0.753542	0.753563	0.753575	0.753587	0.7536	0.753613	0.753619	0.753624	0.75363	0.753636	0.753636	0.753637	0.753638	0.753639	0.753635	0.753632	0.753629	0.753626	0.753619	0.753612	0.753605	0.753599	0.753588	
0.753594	0.753582	0.753575	0.753568	0.753552	0.753537	0.753525	0.753514	0.753494	0.753475	0.753459	0.753442	0.753419	0.753396	0.753374	0.753351	0.753327	0.753304	0.753274	0.753245	0.753229	0.753214	0.753179	0.753145	0.753153	0.753161	0.753133	0.753106	0.753151	0.753197	0.753217	0.753237	0.753278	0.753319	0.753353	0.753387	0.753414	0.75344	0.753472	0.753503	0.753517	0.753532	0.753555	0.753579	0.753585	0.753591	0.753606	0.753622	0.753623	0.753623	0.753632	0.753641	0.753638	0.753635	0.753639	0.753643	0.753637	0.753631	0.753631	0.753631	0.753622	0.753614	0.75361	0.753606	0.753594	
0.753595	0.753585	0.753576	0.753567	0.753554	0.753541	0.753528	0.753515	0.753499	0.753482	0.753465	0.753448	0.753428	0.753408	0.753386	0.753364	0.753344	0.753324	0.753297	0.75327	0.753258	0.753246	0.753216	0.753186	0.753195	0.753204	0.753181	0.753158	0.753199	0.753239	0.753252	0.753266	0.753305	0.753344	0.753369	0.753394	0.753423	0.753452	0.753476	0.753499	0.753518	0.753537	0.753554	0.753571	0.753582	0.753593	0.753604	0.753614	0.75362	0.753625	0.75363	0.753635	0.753636	0.753637	0.753638	0.753639	0.753636	0.753633	0.75363	0.753628	0.753622	0.753616	0.75361	0.753604	0.753595	
0.753595	0.753588	0.753577	0.753566	0.753556	0.753545	0.753531	0.753517	0.753503	0.753489	0.753471	0.753453	0.753437	0.75342	0.753398	0.753377	0.753361	0.753345	0.75332	0.753295	0.753287	0.753278	0.753253	0.753227	0.753237	0.753247	0.753229	0.753211	0.753246	0.753281	0.753288	0.753294	0.753332	0.75337	0.753385	0.753401	0.753433	0.753464	0.753479	0.753494	0.753518	0.753542	0.753553	0.753563	0.753579	0.753596	0.753601	0.753607	0.753617	0.753627	0.753628	0.753629	0.753634	0.753638	0.753636	0.753634	0.753634	0.753635	0.753629	0.753624	0.753621	0.753618	0.75361	0.753601	0.753595	
0.753597	0.753589	0.753581	0.753572	0.75356	0.753548	0.753537	0.753526	0.753511	0.753495	0.753481	0.753467	0.753449	0.753431	0.753414	0.753397	0.753379	0.753361	0.753342	0.753323	0.753312	0.7533	0.753283	0.753266	0.753269	0.753273	0.753265	0.753258	0.753281	0.753304	0.753317	0.75333	0.753356	0.753382	0.753403	0.753424	0.753446	0.753467	0.753487	0.753508	0.753524	0.753539	0.753555	0.753571	0.753581	0.753591	0.753601	0.753612	0.753617	0.753622	0.753627	0.753632	0.753633	0.753635	0.753636	0.753637	0.753634	0.753632	0.75363	0.753627	0.753622	0.753616	0.753611	0.753606	0.753597	
