x=105	y=200	z=200	n=65	len=1
b
0	0	0	0	0	0	0	0	0	0	0	0	0	0	0	0	0	0	0	0	0	0	0	0	0	0	0	0	0	0	0	0	0	0	0	0	0	0	0	0	0	0	0	0	0	0	0	0	0	0	0	0	0	0	0	0	0	0	0	0	0	0	0	0	0	
0.0235627	0.0235685	0.0235734	0.0235783	0.0235858	0.0235933	0.0235987	0.0236041	0.0236101	0.0236162	0.0236179	0.0236196	0.023619	0.0236184	0.0236132	0.0236079	0.0235993	0.0235907	0.0235828	0.0235749	0.0235665	0.0235582	0.0235577	0.0235572	0.0235559	0.0235546	0.0235579	0.0235612	0.0235606	0.0235599	0.0235592	0.0235585	0.0235587	0.0235588	0.0235541	0.0235493	0.023548	0.0235468	0.023541	0.0235353	0.0235338	0.0235322	0.0235286	0.0235249	0.0235252	0.0235254	0.0235244	0.0235235	0.0235255	0.0235274	0.0235279	0.0235285	0.023531	0.0235336	0.0235345	0.0235354	0.0235382	0.023541	0.0235423	0.0235437	0.0235474	0.0235512	0.0235541	0.0235569	0.0235627	
0.0471235	0.0471345	0.0471443	0.047154	0.0471689	0.0471838	0.047195	0.0472061	0.0472189	0.0472317	0.0472359	0.0472402	0.0472402	0.0472402	0.0472299	0.0472196	0.047203	0.0471864	0.0471693	0.0471521	0.0471352	0.0471182	0.0471158	0.0471133	0.0471114	0.0471094	0.0471158	0.0471221	0.0471214	0.0471207	0.0471184	0.047116	0.0471166	0.0471171	0.047107	0.0470968	0.0470943	0.0470918	0.0470803	0.0470688	0.047066	0.0470632	0.0470563	0.0470494	0.0470503	0.0470511	0.0470497	0.0470483	0.0470524	0.0470565	0.0470578	0.0470591	0.0470641	0.0470692	0.0470709	0.0470725	0.0470777	0.0470829	0.0470854	0.0470879	0.0470948	0.0471017	0.0471071	0.0471125	0.0471235	
0.0706844	0.0707006	0.0707151	0.0707297	0.070752	0.0707742	0.0707912	0.0708082	0.0708277	0.0708471	0.070854	0.0708608	0.0708614	0.070862	0.0708466	0.0708314	0.0708067	0.0707821	0.0707558	0.0707294	0.0707038	0.0706782	0.0706738	0.0706694	0.0706668	0.0706642	0.0706736	0.070683	0.0706822	0.0706815	0.0706775	0.0706735	0.0706745	0.0706754	0.0706599	0.0706444	0.0706406	0.0706368	0.0706196	0.0706023	0.0705982	0.0705941	0.070584	0.0705739	0.0705753	0.0705768	0.070575	0.0705732	0.0705794	0.0705857	0.0705877	0.0705897	0.0705972	0.0706047	0.0706072	0.0706097	0.0706173	0.0706248	0.0706284	0.070632	0.0706421	0.0706521	0.0706601	0.0706682	0.0706844	
0.0942378	0.0942575	0.0942758	0.0942942	0.0943232	0.0943521	0.0943754	0.0943987	0.0944264	0.0944542	0.0944659	0.0944777	0.094482	0.0944863	0.0944681	0.0944499	0.0944182	0.0943866	0.0943493	0.0943121	0.0942751	0.094238	0.09423	0.0942221	0.0942184	0.0942147	0.0942296	0.0942445	0.0942448	0.0942451	0.0942385	0.0942318	0.094234	0.0942362	0.0942145	0.0941928	0.094188	0.0941832	0.0941601	0.0941369	0.0941322	0.0941274	0.0941148	0.0941023	0.0941052	0.0941081	0.0941067	0.0941053	0.0941141	0.0941229	0.0941258	0.0941288	0.0941382	0.0941476	0.0941504	0.0941531	0.0941617	0.0941702	0.0941737	0.0941773	0.0941886	0.0941999	0.0942091	0.0942182	0.0942378	
0.117791	0.117814	0.117837	0.117859	0.117894	0.11793	0.11796	0.117989	0.118025	0.118061	0.118078	0.118095	0.118103	0.118111	0.11809	0.118068	0.11803	0.117991	0.117943	0.117895	0.117846	0.117798	0.117786	0.117775	0.11777	0.117765	0.117786	0.117806	0.117807	0.117809	0.117799	0.11779	0.117794	0.117797	0.117769	0.117741	0.117735	0.11773	0.117701	0.117672	0.117666	0.117661	0.117646	0.117631	0.117635	0.11764	0.117638	0.117637	0.117649	0.11766	0.117664	0.117668	0.117679	0.117691	0.117694	0.117696	0.117706	0.117716	0.117719	0.117723	0.117735	0.117748	0.117758	0.117768	0.117791	
0.141335	0.141358	0.141382	0.141407	0.141448	0.141488	0.141525	0.141562	0.141608	0.141654	0.14168	0.141706	0.141724	0.141741	0.141721	0.141701	0.141659	0.141617	0.141554	0.141491	0.141428	0.141365	0.141343	0.141321	0.141316	0.14131	0.141338	0.141366	0.141373	0.141379	0.141362	0.141346	0.141352	0.141357	0.141322	0.141286	0.141279	0.141273	0.141238	0.141203	0.141199	0.141194	0.141178	0.141163	0.141171	0.141178	0.141179	0.141181	0.141195	0.14121	0.141215	0.14122	0.141233	0.141245	0.141248	0.14125	0.141259	0.141267	0.141269	0.141271	0.141282	0.141292	0.141302	0.141311	0.141335	
0.164878	0.164902	0.164928	0.164955	0.165001	0.165047	0.165091	0.165134	0.165191	0.165247	0.165282	0.165317	0.165344	0.165372	0.165353	0.165334	0.165288	0.165243	0.165166	0.165088	0.16501	0.164932	0.164899	0.164867	0.164861	0.164856	0.164891	0.164927	0.164938	0.164948	0.164925	0.164902	0.16491	0.164918	0.164874	0.16483	0.164823	0.164815	0.164775	0.164735	0.164731	0.164727	0.164711	0.164695	0.164706	0.164717	0.164721	0.164724	0.164742	0.164759	0.164766	0.164773	0.164786	0.1648	0.164802	0.164804	0.164811	0.164818	0.164818	0.164819	0.164828	0.164837	0.164846	0.164854	0.164878	
0.188408	0.188428	0.188454	0.188479	0.188527	0.188574	0.188624	0.188674	0.188742	0.18881	0.188859	0.188908	0.188953	0.188998	0.188988	0.188979	0.188938	0.188897	0.188803	0.188709	0.188609	0.18851	0.188456	0.188403	0.188393	0.188384	0.188434	0.188483	0.188506	0.188528	0.188493	0.188457	0.188468	0.18848	0.188427	0.188375	0.188367	0.188359	0.188314	0.188269	0.188267	0.188265	0.188252	0.188238	0.188255	0.188271	0.188279	0.188286	0.188307	0.188329	0.188337	0.188346	0.188359	0.188372	0.188372	0.188373	0.188376	0.188379	0.188376	0.188372	0.188376	0.188379	0.188384	0.188388	0.188408	
0.211938	0.211954	0.211979	0.212004	0.212053	0.212102	0.212158	0.212214	0.212294	0.212373	0.212436	0.212498	0.212561	0.212624	0.212624	0.212624	0.212587	0.21255	0.21244	0.21233	0.212209	0.212088	0.212013	0.211938	0.211925	0.211913	0.211976	0.212039	0.212074	0.212108	0.21206	0.212012	0.212027	0.212042	0.21198	0.211919	0.211911	0.211902	0.211853	0.211803	0.211803	0.211804	0.211792	0.211781	0.211803	0.211825	0.211837	0.211848	0.211873	0.211898	0.211909	0.211919	0.211931	0.211944	0.211943	0.211941	0.211941	0.21194	0.211933	0.211925	0.211923	0.211922	0.211922	0.211923	0.211938	
0.235457	0.235464	0.235484	0.235503	0.235548	0.235593	0.235653	0.235712	0.235801	0.235891	0.235972	0.236053	0.236143	0.236233	0.236256	0.236279	0.236263	0.236246	0.236121	0.235995	0.23585	0.235704	0.235583	0.235463	0.235443	0.235423	0.235502	0.235581	0.235643	0.235705	0.235633	0.23556	0.235578	0.235597	0.235527	0.235456	0.235447	0.235438	0.235386	0.235335	0.235341	0.235347	0.235343	0.235338	0.235369	0.235399	0.235418	0.235436	0.235465	0.235493	0.235505	0.235518	0.235527	0.235537	0.235533	0.235529	0.235521	0.235514	0.2355	0.235487	0.235476	0.235465	0.235458	0.235451	0.235457	
0.258977	0.258974	0.258988	0.259003	0.259044	0.259085	0.259148	0.259211	0.259309	0.259408	0.259508	0.259607	0.259725	0.259842	0.259888	0.259934	0.259938	0.259942	0.259802	0.259661	0.259491	0.25932	0.259153	0.258987	0.25896	0.258934	0.259029	0.259124	0.259213	0.259303	0.259206	0.259109	0.25913	0.259151	0.259073	0.258994	0.258984	0.258973	0.25892	0.258867	0.258879	0.25889	0.258893	0.258896	0.258935	0.258974	0.258999	0.259024	0.259056	0.259088	0.259102	0.259116	0.259123	0.25913	0.259123	0.259117	0.259102	0.259087	0.259068	0.259049	0.259028	0.259007	0.258994	0.25898	0.258977	
0.282491	0.282473	0.282477	0.28248	0.282509	0.282537	0.282595	0.282654	0.282755	0.282855	0.282973	0.28309	0.283241	0.283392	0.283481	0.28357	0.283621	0.283672	0.283535	0.283397	0.283199	0.283001	0.282755	0.282508	0.282458	0.282407	0.282516	0.282625	0.282772	0.282919	0.282786	0.282654	0.282678	0.282702	0.28262	0.282539	0.282525	0.282512	0.282461	0.282411	0.28243	0.28245	0.282465	0.28248	0.28253	0.282579	0.282613	0.282646	0.28268	0.282714	0.282729	0.282744	0.282745	0.282747	0.282736	0.282725	0.2827	0.282676	0.282649	0.282623	0.28259	0.282557	0.282533	0.282509	0.282491	
0.306005	0.305973	0.305966	0.305958	0.305973	0.305989	0.306043	0.306097	0.3062	0.306302	0.306437	0.306572	0.306757	0.306942	0.307074	0.307206	0.307304	0.307402	0.307268	0.307133	0.306908	0.306683	0.306356	0.30603	0.305955	0.305881	0.306004	0.306126	0.306331	0.306535	0.306367	0.306199	0.306225	0.306252	0.306168	0.306083	0.306067	0.30605	0.306002	0.305954	0.305982	0.30601	0.306037	0.306064	0.306125	0.306185	0.306227	0.306268	0.306304	0.30634	0.306356	0.306371	0.306367	0.306363	0.306348	0.306333	0.306299	0.306265	0.306231	0.306197	0.306152	0.306106	0.306072	0.306038	0.306005	
0.329529	0.329478	0.329455	0.329431	0.329424	0.329417	0.329456	0.329495	0.329583	0.329671	0.329814	0.329958	0.330171	0.330383	0.330578	0.330773	0.330956	0.331139	0.331053	0.330967	0.330735	0.330503	0.330049	0.329595	0.329481	0.329368	0.329458	0.329548	0.329853	0.330158	0.32995	0.329742	0.329761	0.329781	0.329706	0.329631	0.329603	0.329575	0.32954	0.329506	0.329549	0.329592	0.329639	0.329686	0.329759	0.329832	0.329882	0.329931	0.329965	0.329999	0.330013	0.330026	0.330013	0.33	0.329979	0.329958	0.329914	0.329869	0.329827	0.329786	0.329728	0.329669	0.329624	0.329579	0.329529	
0.353052	0.352984	0.352944	0.352904	0.352874	0.352844	0.352869	0.352893	0.352966	0.353039	0.353191	0.353343	0.353584	0.353824	0.354082	0.35434	0.354608	0.354875	0.354838	0.3548	0.354561	0.354323	0.353742	0.353161	0.353008	0.352855	0.352912	0.35297	0.353376	0.353782	0.353533	0.353285	0.353297	0.35331	0.353244	0.353178	0.353139	0.3531	0.353079	0.353058	0.353116	0.353175	0.353242	0.353309	0.353394	0.353479	0.353536	0.353594	0.353625	0.353657	0.353669	0.353681	0.353659	0.353636	0.35361	0.353584	0.353529	0.353473	0.353424	0.353375	0.353304	0.353233	0.353176	0.35312	0.353052	
0.376604	0.37652	0.376461	0.376402	0.376342	0.376282	0.376276	0.376269	0.376304	0.376338	0.376471	0.376603	0.376843	0.377082	0.377405	0.377728	0.378118	0.378508	0.378619	0.37873	0.378526	0.378322	0.377602	0.376881	0.37664	0.376399	0.37631	0.376222	0.376788	0.377355	0.377103	0.376852	0.376856	0.376859	0.376826	0.376792	0.376718	0.376643	0.376641	0.376639	0.376723	0.376806	0.376894	0.376981	0.377078	0.377176	0.377235	0.377294	0.377317	0.37734	0.377346	0.377351	0.377317	0.377282	0.37725	0.377218	0.377153	0.377088	0.377034	0.37698	0.376899	0.376819	0.376753	0.376688	0.376604	
0.400156	0.400055	0.399978	0.3999	0.39981	0.39972	0.399683	0.399646	0.399642	0.399637	0.39975	0.399863	0.400101	0.40034	0.400727	0.401115	0.401628	0.402141	0.402401	0.40266	0.402491	0.402322	0.401461	0.400601	0.400272	0.399943	0.399708	0.399474	0.400201	0.400928	0.400674	0.40042	0.400415	0.400409	0.400408	0.400406	0.400296	0.400186	0.400203	0.40022	0.400329	0.400437	0.400545	0.400653	0.400763	0.400873	0.400934	0.400995	0.401009	0.401023	0.401022	0.401022	0.400975	0.400928	0.40089	0.400852	0.400777	0.400703	0.400644	0.400585	0.400495	0.400405	0.400331	0.400257	0.400156	
0.423756	0.423648	0.423556	0.423465	0.423346	0.423228	0.423152	0.423077	0.42301	0.422943	0.422999	0.423054	0.423225	0.423396	0.4238	0.424204	0.424829	0.425454	0.425992	0.426531	0.426546	0.426562	0.425661	0.42476	0.424312	0.423864	0.423209	0.422555	0.423436	0.424317	0.424173	0.424029	0.423993	0.423958	0.424016	0.424074	0.423889	0.423704	0.423755	0.423806	0.423978	0.42415	0.424275	0.4244	0.424513	0.424626	0.424676	0.424727	0.42472	0.424713	0.4247	0.424687	0.424625	0.424563	0.424521	0.424478	0.424397	0.424317	0.424258	0.424199	0.424108	0.424016	0.42394	0.423865	0.423756	
0.447356	0.44724	0.447135	0.44703	0.446883	0.446736	0.446622	0.446507	0.446378	0.446249	0.446247	0.446245	0.446349	0.446452	0.446872	0.447292	0.44803	0.448767	0.449584	0.450401	0.450602	0.450803	0.449861	0.44892	0.448352	0.447785	0.44671	0.445636	0.446671	0.447706	0.447672	0.447637	0.447572	0.447506	0.447624	0.447742	0.447483	0.447223	0.447308	0.447392	0.447627	0.447862	0.448004	0.448147	0.448263	0.448379	0.448419	0.448459	0.448431	0.448403	0.448378	0.448353	0.448276	0.448199	0.448151	0.448103	0.448017	0.447931	0.447873	0.447814	0.44772	0.447627	0.44755	0.447473	0.447356	
0.471017	0.470909	0.470804	0.470699	0.470542	0.470384	0.470237	0.47009	0.469896	0.469702	0.4696	0.469499	0.469455	0.469411	0.469715	0.470019	0.470746	0.471472	0.472647	0.473823	0.474429	0.475036	0.47446	0.473884	0.473055	0.472225	0.470387	0.468548	0.46967	0.470791	0.471176	0.471561	0.47149	0.471419	0.471476	0.471533	0.471119	0.470704	0.47083	0.470957	0.471325	0.471694	0.471824	0.471954	0.472061	0.472168	0.472178	0.472188	0.472126	0.472065	0.472023	0.47198	0.471889	0.471798	0.471749	0.471699	0.471615	0.471531	0.47148	0.471428	0.471344	0.47126	0.471193	0.471125	0.471017	
0.494678	0.494579	0.494474	0.494369	0.494201	0.494033	0.493853	0.493673	0.493414	0.493155	0.492954	0.492752	0.492561	0.492369	0.492558	0.492746	0.493462	0.494177	0.49571	0.497244	0.498256	0.499268	0.499058	0.498848	0.497757	0.496666	0.494063	0.49146	0.492669	0.493877	0.49468	0.495484	0.495408	0.495332	0.495328	0.495324	0.494755	0.494185	0.494353	0.494521	0.495023	0.495525	0.495643	0.495761	0.495859	0.495957	0.495937	0.495917	0.495821	0.495726	0.495667	0.495608	0.495503	0.495398	0.495346	0.495295	0.495212	0.49513	0.495086	0.495042	0.494968	0.494893	0.494836	0.494778	0.494678	
0.518379	0.518306	0.518224	0.518142	0.517998	0.517854	0.517677	0.5175	0.517223	0.516946	0.516662	0.516378	0.516014	0.51565	0.515572	0.515494	0.515813	0.516132	0.517678	0.519224	0.520925	0.522626	0.52345	0.524274	0.523549	0.522825	0.519322	0.51582	0.516225	0.51663	0.517875	0.51912	0.519098	0.519076	0.518917	0.518759	0.518073	0.517388	0.517737	0.518086	0.518866	0.519647	0.519685	0.519723	0.519745	0.519767	0.519693	0.519618	0.519473	0.519328	0.51925	0.519171	0.519056	0.518941	0.518892	0.518842	0.518769	0.518696	0.518666	0.518636	0.518581	0.518526	0.518489	0.518452	0.518379	
0.54208	0.542033	0.541974	0.541915	0.541796	0.541676	0.541502	0.541327	0.541032	0.540736	0.54037	0.540004	0.539468	0.538932	0.538586	0.538241	0.538164	0.538086	0.539646	0.541205	0.543594	0.545983	0.547841	0.549699	0.549341	0.548983	0.544581	0.540179	0.539781	0.539382	0.541069	0.542756	0.542789	0.54282	0.542507	0.542193	0.541392	0.540591	0.54112	0.54165	0.542709	0.543768	0.543727	0.543685	0.543632	0.543578	0.543449	0.543319	0.543125	0.54293	0.542833	0.542735	0.542609	0.542484	0.542437	0.54239	0.542326	0.542262	0.542246	0.542229	0.542193	0.542158	0.542142	0.542126	0.54208	
0.565771	0.565762	0.565746	0.56573	0.56567	0.565611	0.565494	0.565377	0.565154	0.56493	0.564579	0.564229	0.56365	0.563071	0.562438	0.561804	0.56122	0.560636	0.561571	0.562507	0.564802	0.567096	0.56969	0.572285	0.572684	0.573084	0.569396	0.565709	0.564086	0.562464	0.563894	0.565323	0.565438	0.565552	0.56499	0.564428	0.563619	0.56281	0.563923	0.565036	0.566729	0.568422	0.568135	0.567849	0.567598	0.567348	0.567157	0.566967	0.566705	0.566442	0.566331	0.566219	0.566092	0.565965	0.565925	0.565885	0.565836	0.565787	0.565786	0.565785	0.565773	0.565761	0.565771	0.565781	0.565771	
0.589463	0.589491	0.589518	0.589544	0.589545	0.589545	0.589486	0.589428	0.589275	0.589123	0.588788	0.588453	0.587832	0.587211	0.586289	0.585368	0.584276	0.583185	0.583497	0.583809	0.586009	0.588209	0.591539	0.59487	0.596027	0.597185	0.594212	0.591238	0.588392	0.585546	0.586718	0.58789	0.588087	0.588283	0.587473	0.586662	0.585845	0.585028	0.586725	0.588421	0.590748	0.593075	0.592544	0.592013	0.591565	0.591117	0.590866	0.590615	0.590285	0.589954	0.589829	0.589704	0.589575	0.589446	0.589413	0.58938	0.589346	0.589312	0.589326	0.589341	0.589352	0.589363	0.589399	0.589435	0.589463	
0.61305	0.613104	0.613169	0.613233	0.613296	0.613358	0.61339	0.613422	0.613416	0.61341	0.613251	0.613092	0.612727	0.612363	0.611537	0.610712	0.609535	0.608357	0.608083	0.607809	0.609123	0.610436	0.612617	0.614797	0.615584	0.61637	0.614485	0.612599	0.610552	0.608504	0.608926	0.609347	0.609293	0.60924	0.60795	0.60666	0.60605	0.60544	0.611505	0.61757	0.619916	0.622263	0.619288	0.616313	0.615556	0.614799	0.614478	0.614157	0.613768	0.613378	0.61325	0.613123	0.613002	0.612881	0.612857	0.612833	0.612812	0.612791	0.612816	0.612841	0.612866	0.612892	0.612944	0.612996	0.61305	
0.636638	0.636718	0.63682	0.636922	0.637047	0.637172	0.637294	0.637417	0.637557	0.637696	0.637714	0.637731	0.637623	0.637515	0.636786	0.636056	0.634793	0.63353	0.632669	0.631809	0.632236	0.632663	0.633694	0.634725	0.635141	0.635556	0.634758	0.63396	0.632711	0.631463	0.631133	0.630804	0.6305	0.630195	0.628427	0.626658	0.626255	0.625853	0.636285	0.644902	0.652966	0.650311	0.644605	0.640614	0.639547	0.63848	0.63809	0.6377	0.637251	0.636802	0.636672	0.636543	0.636429	0.636316	0.636301	0.636286	0.636279	0.636271	0.636306	0.63634	0.636381	0.636421	0.636489	0.636558	0.636638	
0.660068	0.660142	0.660245	0.660348	0.660476	0.660604	0.660764	0.660923	0.661122	0.661321	0.661511	0.6617	0.661871	0.662043	0.661783	0.661524	0.660436	0.659348	0.658271	0.657194	0.657327	0.657459	0.657162	0.656865	0.656925	0.656985	0.656224	0.655463	0.654366	0.653269	0.652291	0.651313	0.649814	0.648315	0.646028	0.643741	0.644596	0.645451	0.660745	0.677774	0.686206	0.679626	0.670152	0.663901	0.662888	0.661876	0.661377	0.660877	0.660483	0.660089	0.659998	0.659907	0.659823	0.659738	0.659732	0.659727	0.659727	0.659727	0.659761	0.659794	0.659831	0.659868	0.659932	0.659995	0.660068	
0.683499	0.683566	0.68367	0.683773	0.683905	0.684037	0.684233	0.684429	0.684687	0.684945	0.685308	0.68567	0.68612	0.68657	0.686781	0.686992	0.686079	0.685166	0.683872	0.682579	0.682417	0.682255	0.680631	0.679006	0.67871	0.678415	0.677691	0.676967	0.676022	0.674934	0.673496	0.671379	0.668304	0.665104	0.661662	0.658769	0.655951	0.660674	0.680905	0.702096	0.711623	0.703555	0.691575	0.687188	0.68623	0.685272	0.684663	0.684055	0.683716	0.683377	0.683325	0.683272	0.683216	0.683159	0.683164	0.683169	0.683176	0.683183	0.683216	0.683248	0.683282	0.683316	0.683374	0.683432	0.683499	
0.706792	0.706818	0.706869	0.70692	0.706971	0.707021	0.707113	0.707205	0.707304	0.707402	0.70757	0.707737	0.707883	0.70803	0.708013	0.707997	0.70739	0.706783	0.706259	0.705734	0.706025	0.706316	0.705863	0.705411	0.7056	0.705789	0.70411	0.702431	0.702781	0.700637	0.698443	0.695125	0.688134	0.68118	0.68259	0.675483	0.672646	0.676391	0.696988	0.719814	0.722521	0.714157	0.709224	0.706816	0.70687	0.706923	0.706834	0.706745	0.706659	0.706574	0.706589	0.706605	0.706596	0.706586	0.706602	0.706617	0.706625	0.706632	0.706653	0.706674	0.706689	0.706704	0.706735	0.706766	0.706792	
0.730085	0.73007	0.730068	0.730066	0.730036	0.730005	0.729993	0.729981	0.72992	0.729859	0.729832	0.729805	0.729647	0.729489	0.729245	0.729001	0.728701	0.7284	0.728645	0.72889	0.729633	0.730377	0.731096	0.731816	0.73249	0.733164	0.730529	0.727895	0.729541	0.731758	0.731383	0.729295	0.729782	0.699498	0.703694	0.697789	0.694639	0.700038	0.719317	0.738288	0.734782	0.726972	0.726916	0.726444	0.727509	0.728575	0.729005	0.729436	0.729603	0.72977	0.729854	0.729938	0.729976	0.730014	0.730039	0.730065	0.730073	0.730081	0.730091	0.730101	0.730097	0.730093	0.730096	0.730099	0.730085	
0.753411	0.753361	0.753311	0.753262	0.753166	0.75307	0.752971	0.752872	0.752693	0.752513	0.752332	0.752151	0.751848	0.751544	0.751379	0.751214	0.751538	0.751862	0.752716	0.75357	0.754398	0.755226	0.755643	0.756059	0.755931	0.755802	0.754702	0.753603	0.75547	0.76077	0.763725	0.769404	0.794677	0.768658	0.757735	0.744628	0.737798	0.741789	0.74827	0.753472	0.747789	0.744247	0.746755	0.748743	0.75009	0.751437	0.752017	0.752598	0.752894	0.75319	0.753288	0.753387	0.75345	0.753512	0.753535	0.753557	0.75356	0.753563	0.753558	0.753554	0.75353	0.753507	0.753484	0.753461	0.753411	
0.776737	0.776651	0.776554	0.776458	0.776296	0.776135	0.775949	0.775763	0.775465	0.775168	0.774833	0.774498	0.774048	0.773599	0.773513	0.773427	0.774376	0.775324	0.776786	0.778249	0.779162	0.780075	0.780189	0.780303	0.779371	0.77844	0.778875	0.77931	0.781398	0.78354	0.786926	0.790567	0.794393	0.797829	0.797508	0.791296	0.785995	0.779323	0.775212	0.773629	0.769209	0.767772	0.769927	0.771042	0.77267	0.774299	0.77503	0.775761	0.776185	0.776609	0.776723	0.776836	0.776923	0.777011	0.77703	0.77705	0.777047	0.777045	0.777025	0.777006	0.776964	0.776921	0.776872	0.776822	0.776737	
0.800228	0.800144	0.800053	0.799962	0.799824	0.799687	0.799547	0.799406	0.79921	0.799015	0.798853	0.798692	0.79856	0.798428	0.798723	0.799017	0.800176	0.801334	0.802725	0.804115	0.805327	0.806539	0.806609	0.80668	0.804266	0.801853	0.800437	0.79902	0.801121	0.803006	0.805143	0.8069	0.808256	0.809863	0.811367	0.812225	0.809488	0.803629	0.801078	0.800267	0.797634	0.795934	0.795956	0.796303	0.797381	0.798459	0.798961	0.799464	0.799826	0.800188	0.800285	0.800382	0.800463	0.800543	0.800557	0.800571	0.800566	0.800561	0.800536	0.800511	0.800466	0.80042	0.800366	0.800312	0.800228	
0.823719	0.823637	0.823551	0.823466	0.823352	0.823238	0.823144	0.82305	0.822956	0.822861	0.822873	0.822886	0.823071	0.823257	0.823932	0.824607	0.825976	0.827345	0.828663	0.829981	0.831492	0.833003	0.83303	0.833056	0.829161	0.825266	0.821998	0.81873	0.820843	0.823051	0.825295	0.826833	0.826575	0.826327	0.827465	0.828889	0.828997	0.828917	0.827165	0.825412	0.824419	0.823426	0.822495	0.821563	0.822091	0.82262	0.822893	0.823166	0.823466	0.823766	0.823847	0.823927	0.824002	0.824076	0.824085	0.824093	0.824085	0.824077	0.824047	0.824016	0.823968	0.823919	0.82386	0.823801	0.823719	
0.847358	0.847305	0.847256	0.847208	0.847159	0.847111	0.8471	0.84709	0.847129	0.847169	0.847337	0.847506	0.84789	0.848274	0.849024	0.849774	0.850933	0.852092	0.8528	0.853509	0.853803	0.854097	0.852751	0.851405	0.848804	0.846203	0.844208	0.842213	0.844981	0.846966	0.848958	0.849902	0.849246	0.848368	0.848587	0.849156	0.849535	0.849815	0.848883	0.84795	0.847471	0.846992	0.846367	0.845742	0.846088	0.846435	0.846611	0.846787	0.847032	0.847277	0.847351	0.847426	0.847503	0.84758	0.847593	0.847605	0.847608	0.847611	0.847588	0.847564	0.847531	0.847498	0.847455	0.847411	0.847358	
0.870997	0.870974	0.870962	0.870949	0.870966	0.870983	0.871056	0.87113	0.871303	0.871477	0.871802	0.872127	0.872709	0.873292	0.874116	0.87494	0.875889	0.876838	0.876937	0.877037	0.876114	0.875191	0.872472	0.869754	0.868447	0.86714	0.866418	0.865696	0.869118	0.87254	0.873222	0.873903	0.872766	0.871629	0.871167	0.870704	0.870709	0.870714	0.870601	0.870487	0.870522	0.870558	0.870239	0.86992	0.870085	0.87025	0.870329	0.870409	0.870598	0.870787	0.870856	0.870924	0.871004	0.871085	0.871101	0.871116	0.871131	0.871145	0.871129	0.871112	0.871095	0.871078	0.871049	0.87102	0.870997	
0.894708	0.894721	0.894745	0.89477	0.89484	0.894909	0.895029	0.895148	0.895372	0.895596	0.895922	0.896248	0.896763	0.897277	0.897847	0.898416	0.89892	0.899425	0.898969	0.898513	0.897131	0.895749	0.893902	0.892054	0.892639	0.893223	0.893551	0.893878	0.895939	0.898	0.897365	0.89673	0.895949	0.895168	0.894756	0.894344	0.894293	0.894243	0.894086	0.893929	0.893907	0.893885	0.893687	0.893489	0.893622	0.893756	0.893825	0.893895	0.894075	0.894256	0.894323	0.894389	0.894483	0.894576	0.894601	0.894626	0.89466	0.894693	0.894692	0.89469	0.894698	0.894705	0.8947	0.894694	0.894708	
0.918418	0.918468	0.918529	0.91859	0.918713	0.918836	0.919001	0.919166	0.919441	0.919715	0.920043	0.92037	0.920816	0.921262	0.921577	0.921893	0.921952	0.922011	0.921001	0.91999	0.918149	0.916308	0.915331	0.914354	0.91683	0.919307	0.920684	0.92206	0.92276	0.92346	0.921508	0.919557	0.919131	0.918706	0.918346	0.917985	0.917878	0.917771	0.917571	0.917371	0.917291	0.917212	0.917135	0.917058	0.91716	0.917261	0.917321	0.917381	0.917553	0.917724	0.91779	0.917855	0.917961	0.918068	0.918101	0.918135	0.918188	0.918241	0.918255	0.918268	0.9183	0.918333	0.918351	0.918368	0.918418	
0.942109	0.942183	0.942261	0.94234	0.942478	0.942616	0.942778	0.94294	0.943187	0.943433	0.943681	0.943928	0.944221	0.944514	0.944599	0.944683	0.944457	0.94423	0.943174	0.942117	0.940728	0.939339	0.939153	0.938967	0.941257	0.943547	0.944735	0.945923	0.946123	0.946323	0.944577	0.942832	0.942618	0.942404	0.942194	0.941983	0.941895	0.941806	0.941581	0.941355	0.941169	0.940983	0.940876	0.940768	0.940825	0.940882	0.940918	0.940954	0.941099	0.941245	0.941305	0.941366	0.941474	0.941582	0.941624	0.941666	0.941734	0.941801	0.941829	0.941857	0.94191	0.941963	0.942	0.942036	0.942109	
0.965801	0.965897	0.965994	0.96609	0.966244	0.966397	0.966556	0.966714	0.966932	0.96715	0.967318	0.967486	0.967626	0.967765	0.96762	0.967474	0.966962	0.96645	0.965347	0.964244	0.963306	0.962369	0.962975	0.963581	0.965684	0.967787	0.968787	0.969786	0.969486	0.969185	0.967646	0.966107	0.966104	0.966101	0.966042	0.965982	0.965912	0.965841	0.96559	0.965338	0.965047	0.964755	0.964616	0.964478	0.96449	0.964503	0.964515	0.964526	0.964646	0.964765	0.964821	0.964877	0.964987	0.965097	0.965147	0.965196	0.965279	0.965362	0.965404	0.965446	0.96552	0.965594	0.965649	0.965704	0.965801	
0.989438	0.989541	0.989636	0.98973	0.989871	0.990012	0.990139	0.990266	0.990425	0.990584	0.990667	0.99075	0.990772	0.990794	0.99056	0.990326	0.989805	0.989284	0.988448	0.987613	0.987086	0.986558	0.987168	0.987777	0.989468	0.99116	0.991832	0.992504	0.992096	0.991688	0.990625	0.989562	0.989556	0.98955	0.989549	0.989548	0.989554	0.989559	0.989354	0.989149	0.988888	0.988627	0.988473	0.988319	0.988281	0.988242	0.988227	0.988212	0.988297	0.988381	0.988423	0.988466	0.988566	0.988667	0.988716	0.988766	0.988854	0.988941	0.988991	0.989041	0.989125	0.989209	0.989272	0.989335	0.989438	
1.01308	1.01318	1.01328	1.01337	1.0135	1.01363	1.01372	1.01382	1.01392	1.01402	1.01402	1.01401	1.01392	1.01382	1.0135	1.01318	1.01265	1.01212	1.01155	1.01098	1.01087	1.01075	1.01136	1.01197	1.01325	1.01453	1.01488	1.01522	1.01471	1.01419	1.0136	1.01302	1.01301	1.013	1.01306	1.01311	1.0132	1.01328	1.01312	1.01296	1.01273	1.0125	1.01233	1.01216	1.01207	1.01198	1.01194	1.0119	1.01195	1.012	1.01203	1.01205	1.01215	1.01224	1.01229	1.01234	1.01243	1.01252	1.01258	1.01264	1.01273	1.01282	1.0129	1.01297	1.01308	
1.03665	1.03675	1.03683	1.03691	1.03701	1.03711	1.03718	1.03724	1.03729	1.03734	1.03729	1.03724	1.0371	1.03696	1.03665	1.03634	1.0359	1.03546	1.03508	1.0347	1.03474	1.03479	1.03537	1.03595	1.03687	1.03779	1.03792	1.03805	1.0376	1.03715	1.03683	1.03652	1.03651	1.0365	1.03657	1.03664	1.03673	1.03682	1.03672	1.03662	1.03644	1.03626	1.03611	1.03595	1.03585	1.03575	1.03569	1.03563	1.03565	1.03568	1.03569	1.0357	1.03578	1.03585	1.0359	1.03594	1.03603	1.03611	1.03617	1.03623	1.03632	1.03641	1.03648	1.03655	1.03665	
1.06023	1.06032	1.06038	1.06045	1.06053	1.0606	1.06063	1.06066	1.06066	1.06066	1.06056	1.06046	1.06028	1.0601	1.0598	1.0595	1.05915	1.05881	1.05861	1.05841	1.05862	1.05883	1.05938	1.05992	1.06048	1.06104	1.06096	1.06089	1.0605	1.06011	1.06007	1.06002	1.06001	1.06	1.06009	1.06017	1.06026	1.06035	1.06032	1.06029	1.06015	1.06002	1.05988	1.05974	1.05963	1.05951	1.05944	1.05937	1.05936	1.05935	1.05935	1.05935	1.05941	1.05947	1.05951	1.05954	1.05963	1.05971	1.05976	1.05982	1.05991	1.06	1.06007	1.06013	1.06023	
1.08376	1.08384	1.08389	1.08394	1.08399	1.08404	1.08404	1.08405	1.08402	1.08399	1.08388	1.08377	1.08359	1.08341	1.08316	1.08291	1.08267	1.08242	1.08232	1.08222	1.08246	1.0827	1.08314	1.08357	1.08395	1.08432	1.08422	1.08411	1.08379	1.08347	1.08351	1.08356	1.08354	1.08352	1.08361	1.0837	1.08377	1.08385	1.08385	1.08385	1.08376	1.08367	1.08356	1.08345	1.08334	1.08324	1.08316	1.08309	1.08307	1.08305	1.08304	1.08303	1.08307	1.08311	1.08314	1.08317	1.08324	1.08331	1.08336	1.08341	1.08349	1.08357	1.08362	1.08368	1.08376	
1.1073	1.10736	1.10739	1.10742	1.10745	1.10748	1.10746	1.10743	1.10738	1.10732	1.1072	1.10707	1.1069	1.10673	1.10653	1.10633	1.10618	1.10603	1.10603	1.10602	1.10629	1.10656	1.1069	1.10723	1.10741	1.1076	1.10747	1.10733	1.10708	1.10682	1.10696	1.1071	1.10707	1.10704	1.10713	1.10722	1.10728	1.10734	1.10738	1.10741	1.10736	1.10732	1.10724	1.10715	1.10706	1.10696	1.10689	1.10682	1.10678	1.10674	1.10672	1.1067	1.10672	1.10675	1.10677	1.10679	1.10685	1.10691	1.10695	1.107	1.10706	1.10713	1.10718	1.10723	1.1073	
1.13081	1.13086	1.13088	1.1309	1.1309	1.13091	1.13088	1.13084	1.13078	1.13072	1.1306	1.13048	1.13034	1.1302	1.13004	1.12989	1.1298	1.12971	1.12975	1.12978	1.13002	1.13026	1.13053	1.1308	1.1309	1.13099	1.13088	1.13076	1.13056	1.13036	1.1305	1.13064	1.13061	1.13058	1.13067	1.13076	1.1308	1.13085	1.1309	1.13095	1.13092	1.13089	1.13084	1.13078	1.1307	1.13062	1.13056	1.13049	1.13045	1.13041	1.13039	1.13037	1.13038	1.13039	1.1304	1.13042	1.13046	1.1305	1.13054	1.13058	1.13063	1.13068	1.13072	1.13076	1.13081	
1.15432	1.15435	1.15436	1.15437	1.15436	1.15435	1.1543	1.15426	1.15418	1.15411	1.154	1.15389	1.15378	1.15366	1.15356	1.15345	1.15342	1.1534	1.15347	1.15355	1.15376	1.15397	1.15417	1.15437	1.15438	1.15439	1.15429	1.15419	1.15405	1.15391	1.15405	1.15418	1.15415	1.15412	1.15421	1.1543	1.15433	1.15436	1.15443	1.15449	1.15448	1.15447	1.15444	1.15441	1.15435	1.15428	1.15423	1.15417	1.15413	1.15408	1.15406	1.15403	1.15403	1.15402	1.15403	1.15404	1.15407	1.1541	1.15413	1.15416	1.1542	1.15424	1.15427	1.15429	1.15432	
1.17784	1.17785	1.17785	1.17785	1.17783	1.17781	1.17776	1.17771	1.17765	1.17758	1.17748	1.17739	1.1773	1.17721	1.17714	1.17707	1.17707	1.17708	1.17715	1.17723	1.17741	1.17759	1.17774	1.17789	1.17788	1.17786	1.17779	1.17771	1.17761	1.1775	1.17762	1.17774	1.17771	1.17768	1.17777	1.17785	1.17787	1.17789	1.17796	1.17803	1.17802	1.17802	1.17801	1.178	1.17794	1.17789	1.17785	1.17781	1.17776	1.17772	1.17769	1.17767	1.17766	1.17765	1.17765	1.17765	1.17767	1.17769	1.17771	1.17773	1.17776	1.17778	1.1778	1.17782	1.17784	
1.20135	1.20135	1.20134	1.20133	1.2013	1.20127	1.20122	1.20117	1.20111	1.20104	1.20097	1.20089	1.20082	1.20076	1.20072	1.20068	1.20072	1.20075	1.20084	1.20092	1.20106	1.2012	1.20131	1.20141	1.20137	1.20134	1.20128	1.20123	1.20116	1.20109	1.20119	1.20129	1.20126	1.20124	1.20132	1.2014	1.20141	1.20142	1.20149	1.20156	1.20157	1.20157	1.20157	1.20158	1.20154	1.2015	1.20147	1.20144	1.2014	1.20135	1.20133	1.20131	1.20129	1.20127	1.20127	1.20126	1.20127	1.20128	1.20129	1.2013	1.20132	1.20133	1.20134	1.20135	1.20135	
1.22487	1.22487	1.22485	1.22483	1.2248	1.22477	1.22472	1.22468	1.22462	1.22457	1.2245	1.22444	1.2244	1.22436	1.22433	1.22431	1.22436	1.2244	1.22448	1.22456	1.22467	1.22478	1.22486	1.22494	1.2249	1.22486	1.22483	1.22479	1.22474	1.22469	1.22476	1.22484	1.22483	1.22481	1.22488	1.22495	1.22495	1.22496	1.22503	1.22509	1.2251	1.22511	1.22512	1.22513	1.2251	1.22507	1.22505	1.22503	1.22499	1.22496	1.22493	1.22491	1.22489	1.22487	1.22486	1.22486	1.22486	1.22485	1.22486	1.22487	1.22487	1.22487	1.22488	1.22488	1.22487	
1.2484	1.24838	1.24836	1.24834	1.2483	1.24827	1.24823	1.24818	1.24813	1.24809	1.24804	1.24799	1.24797	1.24795	1.24795	1.24794	1.248	1.24805	1.24812	1.24819	1.24828	1.24837	1.24842	1.24847	1.24843	1.24839	1.24837	1.24835	1.24831	1.24828	1.24834	1.2484	1.24839	1.24837	1.24844	1.2485	1.2485	1.2485	1.24857	1.24863	1.24864	1.24864	1.24867	1.24869	1.24867	1.24865	1.24863	1.24862	1.24859	1.24856	1.24854	1.24852	1.24849	1.24847	1.24846	1.24845	1.24844	1.24843	1.24843	1.24843	1.24842	1.24842	1.24841	1.24841	1.2484	
1.27193	1.27191	1.27189	1.27187	1.27183	1.2718	1.27176	1.27172	1.27168	1.27165	1.27161	1.27157	1.27156	1.27155	1.27156	1.27156	1.27161	1.27167	1.27173	1.27179	1.27186	1.27193	1.27197	1.272	1.27197	1.27194	1.27192	1.27191	1.27188	1.27186	1.27191	1.27195	1.27195	1.27194	1.27199	1.27205	1.27205	1.27205	1.27211	1.27216	1.27217	1.27218	1.2722	1.27223	1.27221	1.2722	1.27219	1.27219	1.27216	1.27213	1.27211	1.2721	1.27207	1.27205	1.27204	1.27203	1.27201	1.272	1.27199	1.27199	1.27198	1.27197	1.27196	1.27195	1.27193	
1.29547	1.29544	1.29542	1.2954	1.29536	1.29533	1.2953	1.29526	1.29523	1.2952	1.29518	1.29515	1.29515	1.29516	1.29517	1.29518	1.29523	1.29528	1.29534	1.29539	1.29544	1.29549	1.29551	1.29554	1.29551	1.29548	1.29548	1.29547	1.29546	1.29544	1.29548	1.29551	1.29551	1.2955	1.29555	1.2956	1.2956	1.2956	1.29565	1.2957	1.29571	1.29571	1.29574	1.29577	1.29576	1.29575	1.29575	1.29575	1.29573	1.2957	1.29569	1.29568	1.29565	1.29563	1.29562	1.2956	1.29558	1.29557	1.29556	1.29555	1.29553	1.29552	1.2955	1.29549	1.29547	
1.31901	1.31899	1.31897	1.31894	1.31892	1.31889	1.31886	1.31883	1.31881	1.31878	1.31876	1.31875	1.31875	1.31876	1.31878	1.31879	1.31884	1.31888	1.31893	1.31897	1.31901	1.31905	1.31907	1.31909	1.31906	1.31904	1.31904	1.31903	1.31902	1.31902	1.31904	1.31907	1.31907	1.31907	1.3191	1.31914	1.31914	1.31915	1.31919	1.31923	1.31924	1.31925	1.31927	1.3193	1.3193	1.31929	1.31929	1.31929	1.31927	1.31925	1.31924	1.31923	1.31921	1.31919	1.31917	1.31916	1.31914	1.31912	1.31911	1.3191	1.31908	1.31907	1.31905	1.31904	1.31901	
1.34256	1.34254	1.34252	1.34249	1.34247	1.34244	1.34242	1.34239	1.34238	1.34236	1.34235	1.34234	1.34235	1.34236	1.34238	1.3424	1.34244	1.34248	1.34252	1.34255	1.34258	1.34261	1.34262	1.34263	1.34262	1.3426	1.3426	1.3426	1.34259	1.34259	1.34261	1.34263	1.34263	1.34263	1.34266	1.34269	1.34269	1.34269	1.34273	1.34277	1.34278	1.34278	1.34281	1.34283	1.34283	1.34283	1.34283	1.34284	1.34282	1.3428	1.3428	1.34279	1.34277	1.34275	1.34273	1.34272	1.3427	1.34268	1.34267	1.34266	1.34264	1.34262	1.3426	1.34259	1.34256	
1.36612	1.3661	1.36608	1.36606	1.36604	1.36601	1.36599	1.36597	1.36596	1.36595	1.36594	1.36594	1.36595	1.36596	1.36598	1.36599	1.36603	1.36606	1.36609	1.36612	1.36614	1.36616	1.36617	1.36618	1.36617	1.36616	1.36616	1.36616	1.36616	1.36615	1.36617	1.36618	1.36618	1.36619	1.36621	1.36624	1.36624	1.36624	1.36627	1.36631	1.36631	1.36632	1.36634	1.36636	1.36636	1.36636	1.36636	1.36637	1.36636	1.36634	1.36634	1.36633	1.36631	1.36629	1.36628	1.36627	1.36625	1.36623	1.36622	1.36621	1.36619	1.36617	1.36616	1.36614	1.36612	
1.38968	1.38966	1.38964	1.38962	1.38961	1.38959	1.38957	1.38956	1.38955	1.38954	1.38954	1.38953	1.38955	1.38956	1.38957	1.38959	1.38962	1.38965	1.38967	1.38969	1.3897	1.38972	1.38973	1.38973	1.38972	1.38971	1.38972	1.38972	1.38972	1.38972	1.38973	1.38974	1.38974	1.38974	1.38976	1.38978	1.38979	1.38979	1.38981	1.38984	1.38985	1.38985	1.38987	1.38989	1.38989	1.38989	1.38989	1.3899	1.38989	1.38988	1.38988	1.38987	1.38986	1.38984	1.38983	1.38982	1.3898	1.38979	1.38977	1.38976	1.38974	1.38973	1.38971	1.3897	1.38968	
1.41324	1.41323	1.41321	1.4132	1.41318	1.41317	1.41316	1.41314	1.41314	1.41313	1.41313	1.41313	1.41314	1.41315	1.41316	1.41318	1.4132	1.41322	1.41324	1.41326	1.41327	1.41328	1.41328	1.41329	1.41328	1.41328	1.41328	1.41328	1.41328	1.41328	1.41329	1.41329	1.4133	1.4133	1.41331	1.41333	1.41333	1.41333	1.41335	1.41338	1.41338	1.41338	1.4134	1.41342	1.41341	1.41341	1.41342	1.41343	1.41342	1.41341	1.41341	1.4134	1.41339	1.41338	1.41337	1.41336	1.41335	1.41333	1.41332	1.41331	1.4133	1.41328	1.41327	1.41326	1.41324	
1.43681	1.43679	1.43678	1.43677	1.43676	1.43675	1.43674	1.43673	1.43673	1.43673	1.43673	1.43673	1.43674	1.43675	1.43676	1.43677	1.43678	1.4368	1.43681	1.43682	1.43683	1.43684	1.43684	1.43684	1.43684	1.43684	1.43684	1.43684	1.43684	1.43684	1.43685	1.43685	1.43685	1.43685	1.43687	1.43688	1.43688	1.43688	1.4369	1.43691	1.43691	1.43692	1.43693	1.43694	1.43694	1.43694	1.43694	1.43695	1.43694	1.43694	1.43694	1.43693	1.43692	1.43691	1.43691	1.4369	1.43689	1.43688	1.43687	1.43686	1.43685	1.43684	1.43683	1.43682	1.43681	
1.46037	1.46037	1.46036	1.46035	1.46034	1.46034	1.46033	1.46033	1.46032	1.46032	1.46032	1.46032	1.46033	1.46034	1.46034	1.46035	1.46036	1.46037	1.46038	1.46039	1.46039	1.4604	1.4604	1.4604	1.4604	1.46039	1.4604	1.4604	1.4604	1.4604	1.4604	1.4604	1.46041	1.46041	1.46041	1.46042	1.46042	1.46042	1.46043	1.46044	1.46045	1.46045	1.46046	1.46046	1.46046	1.46046	1.46047	1.46047	1.46047	1.46046	1.46046	1.46046	1.46045	1.46045	1.46044	1.46044	1.46043	1.46042	1.46042	1.46041	1.46041	1.4604	1.46039	1.46038	1.46037	
1.48394	1.48394	1.48394	1.48393	1.48393	1.48392	1.48392	1.48392	1.48392	1.48392	1.48392	1.48392	1.48392	1.48392	1.48393	1.48393	1.48394	1.48394	1.48394	1.48395	1.48395	1.48395	1.48395	1.48396	1.48395	1.48395	1.48395	1.48395	1.48395	1.48395	1.48396	1.48396	1.48396	1.48396	1.48396	1.48397	1.48397	1.48397	1.48397	1.48398	1.48398	1.48398	1.48398	1.48399	1.48399	1.48399	1.48399	1.48399	1.48399	1.48399	1.48399	1.48399	1.48399	1.48398	1.48398	1.48398	1.48397	1.48397	1.48397	1.48396	1.48396	1.48395	1.48395	1.48395	1.48394	
1.50751	1.50751	1.50751	1.50751	1.50751	1.50751	1.50751	1.50751	1.50751	1.50751	1.50751	1.50751	1.50751	1.50751	1.50751	1.50751	1.50751	1.50751	1.50751	1.50751	1.50751	1.50751	1.50751	1.50751	1.50751	1.50751	1.50751	1.50751	1.50751	1.50751	1.50751	1.50751	1.50751	1.50751	1.50751	1.50751	1.50751	1.50751	1.50751	1.50751	1.50751	1.50751	1.50751	1.50751	1.50751	1.50751	1.50751	1.50751	1.50751	1.50751	1.50751	1.50751	1.50751	1.50751	1.50751	1.50751	1.50751	1.50751	1.50751	1.50751	1.50751	1.50751	1.50751	1.50751	1.50751	
