x=200	y=85	z=200	n=65	len=1
b
0.644071	0.644125	0.644116	0.644106	0.644142	0.644177	0.644143	0.644108	0.64413	0.644152	0.6441	0.644047	0.644048	0.644049	0.643984	0.643919	0.643888	0.643857	0.643783	0.643709	0.643643	0.643577	0.643495	0.643414	0.643324	0.643235	0.643141	0.643046	0.642945	0.642844	0.642779	0.642715	0.642634	0.642554	0.642503	0.642452	0.642409	0.642366	0.642343	0.64232	0.642343	0.642366	0.642374	0.642383	0.642472	0.642561	0.642599	0.642636	0.64277	0.642903	0.642962	0.643021	0.643165	0.643309	0.643376	0.643443	0.643565	0.643687	0.643742	0.643797	0.643882	0.643968	0.643992	0.644016	0.644071	
0.644161	0.644224	0.6442	0.644175	0.644221	0.644267	0.644206	0.644145	0.644181	0.644217	0.644131	0.644045	0.644067	0.644089	0.643987	0.643885	0.643885	0.643885	0.643771	0.643658	0.643633	0.643607	0.643485	0.643362	0.643318	0.643273	0.643139	0.643005	0.642943	0.642882	0.642772	0.642663	0.64261	0.642558	0.642472	0.642386	0.642365	0.642343	0.642296	0.642249	0.642295	0.64234	0.642331	0.642322	0.642434	0.642545	0.642573	0.642601	0.642755	0.642908	0.642966	0.643023	0.643183	0.643343	0.643413	0.643483	0.643617	0.643752	0.643809	0.643866	0.643962	0.644057	0.644077	0.644097	0.644161	
0.644153	0.644205	0.644191	0.644177	0.644199	0.64422	0.644176	0.644131	0.644134	0.644137	0.644075	0.644012	0.643997	0.643982	0.643912	0.643842	0.643802	0.643762	0.64369	0.643617	0.643548	0.64348	0.643405	0.64333	0.643233	0.643136	0.643051	0.642965	0.642843	0.642721	0.642648	0.642575	0.642464	0.642354	0.642295	0.642236	0.642169	0.642103	0.642082	0.64206	0.642084	0.642107	0.64212	0.642134	0.642241	0.642348	0.642397	0.642446	0.642608	0.64277	0.642845	0.64292	0.643094	0.643268	0.64335	0.643433	0.643577	0.643722	0.643788	0.643854	0.64395	0.644045	0.644073	0.644101	0.644153	
0.644146	0.644186	0.644182	0.644178	0.644176	0.644174	0.644145	0.644117	0.644087	0.644058	0.644018	0.643979	0.643927	0.643875	0.643837	0.643799	0.643719	0.643639	0.643608	0.643576	0.643464	0.643352	0.643325	0.643298	0.643149	0.642999	0.642962	0.642925	0.642742	0.642559	0.642523	0.642487	0.642318	0.64215	0.642117	0.642085	0.641974	0.641863	0.641867	0.641872	0.641872	0.641873	0.641909	0.641945	0.642048	0.642151	0.642222	0.642292	0.642461	0.642631	0.642724	0.642818	0.643005	0.643192	0.643287	0.643383	0.643537	0.643692	0.643767	0.643841	0.643937	0.644033	0.64407	0.644106	0.644146	
0.644183	0.644227	0.644206	0.644186	0.644191	0.644196	0.644145	0.644093	0.644077	0.644061	0.643993	0.643926	0.643895	0.643865	0.643792	0.64372	0.643674	0.643629	0.643557	0.643486	0.643421	0.643357	0.643284	0.643211	0.643113	0.643016	0.642926	0.642835	0.642696	0.642557	0.642464	0.642372	0.642231	0.642091	0.642016	0.641941	0.641854	0.641767	0.641752	0.641737	0.641766	0.641794	0.64182	0.641846	0.641975	0.642103	0.642173	0.642242	0.642434	0.642626	0.642722	0.642819	0.643021	0.643224	0.643321	0.643419	0.643581	0.643744	0.643815	0.643886	0.643986	0.644086	0.644113	0.644139	0.644183	
0.64422	0.644267	0.644231	0.644194	0.644206	0.644219	0.644144	0.64407	0.644067	0.644063	0.643968	0.643873	0.643864	0.643855	0.643748	0.643642	0.64363	0.643619	0.643507	0.643395	0.643378	0.643362	0.643243	0.643123	0.643078	0.643033	0.642889	0.642745	0.64265	0.642555	0.642405	0.642256	0.642144	0.642032	0.641914	0.641796	0.641734	0.641672	0.641637	0.641603	0.641659	0.641715	0.641731	0.641747	0.641901	0.642056	0.642124	0.642193	0.642406	0.64262	0.64272	0.642819	0.643038	0.643256	0.643355	0.643455	0.643625	0.643796	0.643863	0.64393	0.644035	0.644139	0.644156	0.644172	0.64422	
0.644155	0.644189	0.64416	0.644132	0.644122	0.644111	0.644054	0.643997	0.643965	0.643932	0.643865	0.643797	0.643754	0.64371	0.643644	0.643578	0.643527	0.643475	0.643418	0.643361	0.643298	0.643235	0.643181	0.643127	0.643021	0.642914	0.642838	0.642763	0.642593	0.642423	0.642323	0.642224	0.642037	0.64185	0.641764	0.641679	0.641558	0.641437	0.641436	0.641435	0.641464	0.641494	0.641534	0.641574	0.64172	0.641867	0.641957	0.642046	0.642263	0.64248	0.642599	0.642717	0.642943	0.643168	0.643279	0.643389	0.643564	0.643739	0.64381	0.643882	0.643982	0.644083	0.644102	0.644122	0.644155	
0.644091	0.644111	0.64409	0.64407	0.644037	0.644004	0.643964	0.643925	0.643863	0.643801	0.643761	0.643722	0.643643	0.643565	0.64354	0.643514	0.643423	0.643332	0.64333	0.643327	0.643218	0.643109	0.64312	0.643131	0.642963	0.642796	0.642788	0.64278	0.642536	0.642291	0.642241	0.642192	0.64193	0.641667	0.641614	0.641561	0.641382	0.641202	0.641234	0.641267	0.64127	0.641273	0.641337	0.6414	0.64154	0.641679	0.641789	0.641899	0.64212	0.642341	0.642478	0.642615	0.642848	0.643081	0.643202	0.643324	0.643503	0.643682	0.643758	0.643833	0.64393	0.644026	0.644048	0.644071	0.644091	
0.644068	0.644089	0.644052	0.644014	0.643988	0.643962	0.643903	0.643845	0.643798	0.64375	0.643689	0.643628	0.643575	0.643521	0.643467	0.643413	0.643364	0.643315	0.643274	0.643232	0.643184	0.643136	0.6431	0.643064	0.64296	0.642857	0.642786	0.642715	0.642512	0.64231	0.642183	0.642056	0.641817	0.641578	0.641471	0.641364	0.641214	0.641063	0.641087	0.641112	0.641144	0.641177	0.641228	0.641279	0.641437	0.641595	0.641706	0.641816	0.642056	0.642296	0.642438	0.64258	0.642829	0.643077	0.6432	0.643323	0.64351	0.643696	0.643764	0.643832	0.643931	0.64403	0.644038	0.644046	0.644068	
0.644045	0.644068	0.644013	0.643958	0.643939	0.64392	0.643843	0.643765	0.643732	0.643699	0.643617	0.643534	0.643506	0.643477	0.643395	0.643313	0.643306	0.643299	0.643218	0.643136	0.64315	0.643164	0.64308	0.642996	0.642957	0.642917	0.642783	0.642649	0.642489	0.642329	0.642125	0.641921	0.641705	0.64149	0.641329	0.641167	0.641046	0.640924	0.64094	0.640956	0.641019	0.641081	0.64112	0.641158	0.641335	0.641512	0.641622	0.641733	0.641992	0.642251	0.642398	0.642545	0.642809	0.643073	0.643198	0.643322	0.643516	0.64371	0.64377	0.643831	0.643932	0.644033	0.644027	0.644021	0.644045	
0.643909	0.643918	0.643871	0.643823	0.643786	0.64375	0.643691	0.643633	0.643579	0.643526	0.643475	0.643424	0.64337	0.643316	0.643282	0.643248	0.643211	0.643173	0.643163	0.643152	0.643129	0.643106	0.643105	0.643103	0.643004	0.642904	0.642857	0.64281	0.64257	0.64233	0.642195	0.64206	0.641746	0.641432	0.641332	0.641233	0.641058	0.640883	0.640905	0.640927	0.640958	0.640989	0.64102	0.641051	0.641218	0.641384	0.641492	0.6416	0.641861	0.642121	0.642276	0.642431	0.642698	0.642965	0.643094	0.643223	0.643415	0.643607	0.643667	0.643726	0.643819	0.643913	0.643906	0.643899	0.643909	
0.643772	0.643769	0.643728	0.643687	0.643633	0.64358	0.64354	0.6435	0.643426	0.643352	0.643333	0.643314	0.643235	0.643155	0.643169	0.643183	0.643116	0.643048	0.643108	0.643169	0.643108	0.643048	0.643129	0.643211	0.643051	0.64289	0.642931	0.642971	0.642651	0.642331	0.642265	0.642199	0.641786	0.641373	0.641336	0.641298	0.64107	0.640841	0.640869	0.640897	0.640897	0.640896	0.64092	0.640944	0.6411	0.641256	0.641362	0.641468	0.64173	0.641991	0.642154	0.642316	0.642586	0.642856	0.64299	0.643123	0.643314	0.643505	0.643563	0.643621	0.643707	0.643792	0.643784	0.643776	0.643772	
0.643709	0.643708	0.643649	0.64359	0.643545	0.6435	0.643442	0.643384	0.643329	0.643274	0.643237	0.6432	0.643155	0.643109	0.643095	0.643082	0.643066	0.643051	0.643083	0.643115	0.643144	0.643174	0.643215	0.643257	0.643178	0.643098	0.643054	0.643011	0.64272	0.64243	0.642266	0.642101	0.64174	0.641378	0.64134	0.641301	0.641236	0.641171	0.641102	0.641032	0.641044	0.641055	0.640988	0.640921	0.641067	0.641213	0.641294	0.641374	0.641639	0.641904	0.64207	0.642236	0.642518	0.6428	0.642937	0.643074	0.643274	0.643474	0.643526	0.643578	0.643667	0.643755	0.643733	0.64371	0.643709	
0.643646	0.643648	0.643571	0.643493	0.643457	0.64342	0.643344	0.643269	0.643233	0.643197	0.643142	0.643086	0.643074	0.643062	0.643021	0.64298	0.643017	0.643054	0.643057	0.643061	0.64318	0.6433	0.643301	0.643303	0.643304	0.643306	0.643178	0.64305	0.64279	0.64253	0.642267	0.642004	0.641693	0.641383	0.641344	0.641304	0.641402	0.6415	0.641334	0.641167	0.641191	0.641214	0.641055	0.640897	0.641034	0.64117	0.641225	0.64128	0.641548	0.641816	0.641986	0.642156	0.64245	0.642744	0.642885	0.643025	0.643234	0.643444	0.643489	0.643534	0.643627	0.643719	0.643681	0.643643	0.643646	
0.643462	0.643454	0.643384	0.643314	0.643267	0.643221	0.643167	0.643114	0.643066	0.643019	0.643001	0.642983	0.642954	0.642926	0.642956	0.642986	0.64304	0.643094	0.6432	0.643305	0.643384	0.643462	0.643537	0.643611	0.643522	0.643432	0.643411	0.643391	0.643046	0.642701	0.642593	0.642485	0.642117	0.641749	0.64196	0.64217	0.642102	0.642033	0.641877	0.641721	0.641676	0.641631	0.641347	0.641064	0.641156	0.641247	0.641228	0.641209	0.641467	0.641725	0.641879	0.642034	0.642329	0.642623	0.64276	0.642896	0.643101	0.643307	0.643346	0.643385	0.643469	0.643552	0.643511	0.64347	0.643462	
0.643278	0.643259	0.643197	0.643135	0.643078	0.643021	0.64299	0.642959	0.6429	0.64284	0.64286	0.642879	0.642835	0.64279	0.642891	0.642992	0.643063	0.643134	0.643342	0.64355	0.643587	0.643624	0.643772	0.64392	0.643739	0.643559	0.643645	0.643731	0.643302	0.642873	0.642919	0.642966	0.642541	0.642116	0.642576	0.643036	0.642801	0.642567	0.642421	0.642275	0.642161	0.642047	0.641639	0.641232	0.641278	0.641324	0.641231	0.641138	0.641386	0.641634	0.641773	0.641912	0.642207	0.642502	0.642634	0.642767	0.642968	0.64317	0.643203	0.643235	0.64331	0.643385	0.643341	0.643296	0.643278	
0.643214	0.643202	0.643121	0.643041	0.642995	0.64295	0.642899	0.642848	0.642815	0.642782	0.642781	0.64278	0.642798	0.642816	0.642963	0.64311	0.643314	0.643518	0.643663	0.643809	0.64393	0.644051	0.644053	0.644054	0.643955	0.643856	0.643831	0.643807	0.643373	0.642939	0.642921	0.642903	0.642538	0.642173	0.642778	0.643384	0.64335	0.643315	0.643212	0.643108	0.642967	0.642825	0.642205	0.641586	0.641523	0.641461	0.641294	0.641127	0.641331	0.641535	0.641674	0.641813	0.642112	0.642411	0.642552	0.642694	0.642905	0.643116	0.643148	0.64318	0.643261	0.643342	0.643284	0.643227	0.643214	
0.643151	0.643144	0.643045	0.642946	0.642913	0.642879	0.642808	0.642736	0.64273	0.642724	0.642702	0.64268	0.642761	0.642842	0.643035	0.643228	0.643565	0.643902	0.643984	0.644067	0.644273	0.644478	0.644333	0.644188	0.644171	0.644153	0.644018	0.643884	0.643445	0.643006	0.642923	0.642841	0.642535	0.64223	0.642981	0.643732	0.643898	0.644064	0.644003	0.643942	0.643772	0.643602	0.642771	0.64194	0.641769	0.641598	0.641357	0.641116	0.641276	0.641437	0.641576	0.641715	0.642018	0.642321	0.642471	0.642621	0.642842	0.643063	0.643093	0.643124	0.643211	0.643298	0.643228	0.643158	0.643151	
0.64297	0.642957	0.64287	0.642784	0.642745	0.642706	0.642663	0.642621	0.642607	0.642593	0.642611	0.64263	0.642751	0.642871	0.643206	0.64354	0.643859	0.644178	0.644262	0.644345	0.644339	0.644333	0.644144	0.643954	0.643843	0.643733	0.643497	0.643262	0.643037	0.642813	0.64326	0.643707	0.643403	0.6431	0.644422	0.645743	0.645207	0.644672	0.64457	0.644469	0.644767	0.645065	0.64385	0.642636	0.642339	0.642041	0.641625	0.641208	0.641323	0.641439	0.641523	0.641608	0.641909	0.642211	0.642348	0.642485	0.642703	0.642921	0.642944	0.642966	0.643047	0.643127	0.643055	0.642983	0.64297	
0.642789	0.64277	0.642696	0.642621	0.642577	0.642533	0.642519	0.642505	0.642483	0.642461	0.64252	0.642579	0.64274	0.642901	0.643377	0.643852	0.644153	0.644455	0.644539	0.644623	0.644406	0.644188	0.643954	0.64372	0.643516	0.643312	0.642977	0.642641	0.64263	0.642619	0.643596	0.644573	0.644272	0.64397	0.645862	0.647754	0.646517	0.645279	0.645138	0.644996	0.645762	0.646527	0.64493	0.643333	0.642908	0.642484	0.641892	0.6413	0.64137	0.641441	0.64147	0.6415	0.6418	0.6421	0.642225	0.64235	0.642564	0.642779	0.642794	0.642809	0.642882	0.642956	0.642882	0.642808	0.642789	
0.642768	0.642757	0.642661	0.642566	0.642537	0.642507	0.642466	0.642426	0.642434	0.642443	0.642492	0.64254	0.6428	0.64306	0.643559	0.644059	0.644374	0.64469	0.644513	0.644336	0.643904	0.643473	0.642786	0.6421	0.641726	0.641352	0.640879	0.640406	0.640079	0.639753	0.640222	0.640691	0.641342	0.641993	0.643984	0.645975	0.645507	0.645039	0.645153	0.645266	0.645255	0.645244	0.644782	0.644319	0.643579	0.642838	0.642151	0.641464	0.641418	0.641372	0.641414	0.641457	0.641745	0.642033	0.642172	0.642311	0.642533	0.642756	0.642772	0.642788	0.642869	0.64295	0.642865	0.64278	0.642768	
0.642747	0.642743	0.642627	0.642511	0.642496	0.642482	0.642414	0.642346	0.642385	0.642425	0.642463	0.642502	0.64286	0.643219	0.643742	0.644265	0.644595	0.644926	0.644487	0.644048	0.643403	0.642757	0.641618	0.640479	0.639936	0.639392	0.638782	0.638171	0.637529	0.636886	0.636847	0.636809	0.638412	0.640016	0.642106	0.644196	0.644497	0.644799	0.645168	0.645536	0.644748	0.64396	0.644633	0.645306	0.644249	0.643192	0.64241	0.641627	0.641466	0.641304	0.641359	0.641414	0.64169	0.641965	0.642119	0.642272	0.642502	0.642733	0.642751	0.642768	0.642857	0.642945	0.642848	0.642752	0.642747	
0.642611	0.642602	0.642505	0.642408	0.642387	0.642367	0.642333	0.6423	0.642325	0.642349	0.642419	0.64249	0.642778	0.643067	0.643667	0.644268	0.644432	0.644596	0.643821	0.643046	0.641798	0.64055	0.63906	0.63757	0.636916	0.636262	0.635402	0.634541	0.634153	0.633765	0.633394	0.633024	0.634804	0.636585	0.63814	0.639695	0.640792	0.64189	0.642627	0.643364	0.642631	0.641898	0.643752	0.645607	0.644859	0.644112	0.64297	0.641828	0.641626	0.641425	0.641386	0.641347	0.641622	0.641896	0.642029	0.642162	0.642388	0.642614	0.642627	0.642639	0.642722	0.642805	0.642712	0.642619	0.642611	
0.642474	0.642461	0.642383	0.642305	0.642278	0.642252	0.642253	0.642255	0.642264	0.642273	0.642375	0.642478	0.642696	0.642915	0.643593	0.644271	0.644269	0.644267	0.643156	0.642044	0.640194	0.638344	0.636502	0.634661	0.633897	0.633132	0.632021	0.630911	0.630777	0.630643	0.629941	0.629238	0.631196	0.633154	0.634174	0.635194	0.637087	0.63898	0.640086	0.641192	0.640514	0.639835	0.642871	0.645908	0.64547	0.645032	0.64353	0.642028	0.641787	0.641546	0.641414	0.641281	0.641554	0.641827	0.641939	0.642052	0.642273	0.642495	0.642503	0.64251	0.642587	0.642664	0.642576	0.642487	0.642474	
0.642527	0.642521	0.642416	0.642311	0.642301	0.64229	0.64226	0.64223	0.642271	0.642311	0.6424	0.642489	0.642687	0.642885	0.643444	0.644003	0.643845	0.643687	0.6421	0.640512	0.63843	0.636349	0.634948	0.633548	0.633443	0.633337	0.633081	0.632825	0.633115	0.633406	0.632846	0.632286	0.63228	0.632274	0.632126	0.631977	0.633462	0.634946	0.636122	0.637298	0.638399	0.639499	0.642461	0.645424	0.644905	0.644386	0.643354	0.642323	0.641945	0.641567	0.641482	0.641397	0.641649	0.641901	0.642018	0.642135	0.642358	0.642581	0.64258	0.64258	0.642662	0.642744	0.642638	0.642532	0.642527	
0.642579	0.642581	0.642449	0.642317	0.642323	0.642329	0.642267	0.642205	0.642277	0.64235	0.642426	0.642501	0.642678	0.642856	0.643295	0.643735	0.643421	0.643107	0.641043	0.63898	0.636667	0.634354	0.633394	0.632435	0.632989	0.633542	0.634141	0.63474	0.635454	0.636169	0.635751	0.635334	0.633364	0.631394	0.630078	0.628761	0.629836	0.630911	0.632158	0.633404	0.636284	0.639163	0.642052	0.64494	0.64434	0.643739	0.643179	0.642619	0.642104	0.641589	0.641551	0.641513	0.641744	0.641976	0.642097	0.642219	0.642442	0.642666	0.642658	0.64265	0.642737	0.642824	0.642701	0.642577	0.642579	
0.642489	0.642484	0.642375	0.642266	0.642254	0.642241	0.642203	0.642166	0.642191	0.642217	0.642288	0.642358	0.642425	0.642492	0.642758	0.643023	0.642596	0.642168	0.640395	0.638622	0.636798	0.634974	0.634133	0.633292	0.633509	0.633726	0.635837	0.637949	0.638465	0.638982	0.638115	0.637247	0.635495	0.633742	0.631372	0.629002	0.629372	0.629742	0.630869	0.631995	0.636849	0.641703	0.644119	0.646534	0.645713	0.644892	0.643774	0.642656	0.642184	0.641711	0.641563	0.641416	0.641661	0.641906	0.642014	0.642122	0.642342	0.642563	0.642559	0.642556	0.642636	0.642717	0.642606	0.642495	0.642489	
0.6424	0.642386	0.642301	0.642216	0.642184	0.642152	0.64214	0.642127	0.642105	0.642083	0.642149	0.642215	0.642172	0.642129	0.64222	0.642312	0.64177	0.641229	0.639747	0.638265	0.63693	0.635594	0.634872	0.634149	0.634029	0.63391	0.637534	0.641158	0.641477	0.641795	0.640478	0.639161	0.637625	0.63609	0.632667	0.629244	0.628908	0.628573	0.62958	0.630586	0.637414	0.644243	0.646186	0.648129	0.647087	0.646046	0.644369	0.642693	0.642263	0.641834	0.641576	0.641318	0.641578	0.641837	0.641931	0.642026	0.642243	0.64246	0.642461	0.642462	0.642536	0.642609	0.642511	0.642413	0.6424	
0.642533	0.642525	0.642407	0.642288	0.642276	0.642264	0.642213	0.642163	0.642183	0.642203	0.642233	0.642263	0.642264	0.642264	0.642247	0.64223	0.641863	0.641497	0.640186	0.638875	0.637509	0.636143	0.635106	0.634069	0.635103	0.636138	0.639488	0.642839	0.642829	0.642818	0.641756	0.640694	0.63932	0.637946	0.635214	0.632482	0.630955	0.629428	0.630078	0.630728	0.636644	0.64256	0.644617	0.646674	0.645757	0.644841	0.643671	0.642501	0.642258	0.642015	0.641805	0.641594	0.641857	0.64212	0.642193	0.642266	0.642483	0.6427	0.642673	0.642645	0.642719	0.642793	0.642666	0.64254	0.642533	
0.642665	0.642664	0.642512	0.642361	0.642368	0.642375	0.642287	0.642198	0.64226	0.642323	0.642317	0.642311	0.642355	0.6424	0.642274	0.642148	0.641956	0.641765	0.640625	0.639485	0.638088	0.636691	0.63534	0.63399	0.636178	0.638366	0.641443	0.644521	0.644181	0.643841	0.643034	0.642228	0.641015	0.639802	0.637761	0.635721	0.633002	0.630284	0.630577	0.63087	0.635873	0.640877	0.643048	0.645219	0.644427	0.643636	0.642972	0.642309	0.642252	0.642195	0.642033	0.641871	0.642137	0.642403	0.642454	0.642506	0.642723	0.642941	0.642884	0.642828	0.642902	0.642977	0.642822	0.642666	0.642665	
0.642603	0.642589	0.642464	0.642339	0.642319	0.642299	0.642231	0.642164	0.642168	0.642171	0.642178	0.642186	0.642165	0.642144	0.642045	0.641945	0.641736	0.641527	0.640389	0.63925	0.63829	0.637329	0.636028	0.634726	0.637977	0.641229	0.642483	0.643737	0.643019	0.642302	0.642368	0.642433	0.641773	0.641113	0.638818	0.636523	0.633796	0.631069	0.632365	0.633661	0.637478	0.641296	0.643441	0.645586	0.644719	0.643852	0.643224	0.642596	0.642364	0.642132	0.641854	0.641577	0.641852	0.642127	0.642234	0.64234	0.642565	0.642789	0.642766	0.642743	0.64281	0.642878	0.642747	0.642617	0.642603	
0.642541	0.642515	0.642416	0.642317	0.64227	0.642222	0.642176	0.64213	0.642075	0.642019	0.64204	0.642061	0.641975	0.641888	0.641815	0.641742	0.641516	0.641289	0.640153	0.639016	0.638492	0.637967	0.636715	0.635462	0.639777	0.644092	0.643522	0.642953	0.641858	0.640764	0.641701	0.642638	0.642531	0.642424	0.639874	0.637325	0.63459	0.631855	0.634153	0.636451	0.639083	0.641715	0.643834	0.645954	0.645011	0.644069	0.643476	0.642883	0.642475	0.642068	0.641676	0.641283	0.641568	0.641852	0.642014	0.642175	0.642406	0.642637	0.642647	0.642657	0.642717	0.642778	0.642673	0.642567	0.642541	
0.642727	0.642706	0.642573	0.642439	0.642412	0.642386	0.642312	0.642238	0.642236	0.642234	0.64226	0.642286	0.642289	0.642292	0.642229	0.642165	0.641736	0.641306	0.639628	0.63795	0.637312	0.636674	0.636096	0.635518	0.639373	0.643228	0.642967	0.642706	0.64179	0.640873	0.641339	0.641805	0.641649	0.641493	0.63899	0.636486	0.63469	0.632895	0.63468	0.636466	0.640086	0.643707	0.644764	0.64582	0.64479	0.643759	0.643074	0.642389	0.642236	0.642082	0.641862	0.641642	0.64196	0.642278	0.642404	0.642529	0.642753	0.642977	0.642944	0.642911	0.64297	0.643029	0.642888	0.642747	0.642727	
0.642912	0.642897	0.642729	0.642562	0.642555	0.642549	0.642448	0.642347	0.642397	0.642448	0.64248	0.642511	0.642603	0.642695	0.642642	0.642589	0.641955	0.641322	0.639103	0.636884	0.636132	0.63538	0.635477	0.635574	0.638968	0.642363	0.642411	0.64246	0.641721	0.640983	0.640977	0.640971	0.640767	0.640563	0.638105	0.635647	0.63479	0.633934	0.635207	0.63648	0.64109	0.645699	0.645693	0.645686	0.644568	0.64345	0.642672	0.641895	0.641996	0.642097	0.642049	0.642	0.642352	0.642703	0.642794	0.642884	0.6431	0.643316	0.643241	0.643165	0.643223	0.643281	0.643104	0.642928	0.642912	
0.642861	0.642827	0.642685	0.642543	0.642505	0.642466	0.642376	0.642285	0.64227	0.642254	0.642309	0.642364	0.642412	0.642461	0.642384	0.642307	0.641648	0.640988	0.63926	0.637531	0.636692	0.635853	0.636157	0.636461	0.639167	0.641873	0.642544	0.643214	0.642577	0.64194	0.641286	0.640633	0.639814	0.638995	0.637352	0.635709	0.635786	0.635864	0.636219	0.636574	0.641721	0.646869	0.64698	0.647091	0.645123	0.643156	0.642279	0.641403	0.641552	0.641702	0.641792	0.641882	0.642222	0.642563	0.642695	0.642826	0.643021	0.643215	0.643165	0.643116	0.643155	0.643195	0.643045	0.642894	0.642861	
0.642809	0.642758	0.642642	0.642525	0.642454	0.642383	0.642303	0.642224	0.642142	0.64206	0.642138	0.642216	0.642221	0.642227	0.642126	0.642026	0.64134	0.640653	0.639416	0.638179	0.637253	0.636326	0.636838	0.637349	0.639366	0.641384	0.642676	0.643969	0.643433	0.642897	0.641595	0.640874	0.639302	0.638045	0.637479	0.636751	0.637159	0.638747	0.638367	0.636519	0.639601	0.647976	0.651183	0.648013	0.645429	0.642862	0.641886	0.640911	0.641109	0.641307	0.641535	0.641763	0.642093	0.642422	0.642596	0.642769	0.642942	0.643114	0.64309	0.643066	0.643088	0.643109	0.642985	0.642861	0.642809	
0.642998	0.642953	0.642802	0.642652	0.642597	0.642543	0.642435	0.642328	0.642282	0.642237	0.642278	0.642319	0.642382	0.642446	0.642235	0.642025	0.641312	0.640599	0.639376	0.638154	0.637256	0.636358	0.637293	0.638229	0.640089	0.641949	0.642715	0.643481	0.643072	0.642663	0.641954	0.641677	0.640756	0.639851	0.639288	0.638724	0.639124	0.640236	0.63914	0.637318	0.64033	0.652165	0.658157	0.651557	0.646151	0.642986	0.641933	0.64088	0.641186	0.641491	0.64174	0.641989	0.642376	0.642763	0.642903	0.643043	0.643232	0.64342	0.643361	0.643302	0.643329	0.643355	0.643199	0.643043	0.642998	
0.643187	0.643148	0.642963	0.642779	0.642741	0.642702	0.642567	0.642431	0.642423	0.642414	0.642418	0.642422	0.642543	0.642664	0.642344	0.642023	0.641284	0.640544	0.639337	0.638129	0.637259	0.636389	0.637749	0.639108	0.640812	0.642515	0.642754	0.642994	0.642711	0.642428	0.642312	0.642462	0.642224	0.641973	0.641605	0.641237	0.641757	0.642706	0.641718	0.640623	0.641717	0.64821	0.653423	0.649591	0.645324	0.64311	0.641979	0.640848	0.641262	0.641676	0.641946	0.642216	0.64266	0.643105	0.643211	0.643317	0.643522	0.643727	0.643632	0.643537	0.64357	0.643602	0.643414	0.643226	0.643187	
0.643132	0.643076	0.64292	0.642765	0.642703	0.642642	0.642521	0.642401	0.642336	0.642272	0.642263	0.642254	0.642264	0.642274	0.641975	0.641676	0.640854	0.640031	0.638872	0.637713	0.636981	0.636248	0.637897	0.639547	0.641122	0.642698	0.642223	0.641748	0.640949	0.64015	0.640237	0.640518	0.641294	0.642188	0.642439	0.642642	0.643311	0.644689	0.644576	0.643906	0.643987	0.644244	0.644917	0.644113	0.643027	0.64152	0.641109	0.640698	0.64115	0.641601	0.641922	0.642242	0.642641	0.643041	0.643173	0.643306	0.643471	0.643636	0.643565	0.643494	0.643501	0.643508	0.643348	0.643188	0.643132	
0.643077	0.643003	0.642877	0.64275	0.642666	0.642581	0.642476	0.642371	0.64225	0.64213	0.642108	0.642086	0.641985	0.641885	0.641607	0.64133	0.640424	0.639518	0.638408	0.637297	0.636702	0.636108	0.638046	0.639985	0.641433	0.642882	0.641692	0.640503	0.639188	0.637872	0.638162	0.638018	0.639952	0.642046	0.642763	0.643305	0.643588	0.644292	0.644421	0.644092	0.643671	0.642908	0.642168	0.641059	0.64092	0.639929	0.640238	0.640547	0.641037	0.641527	0.641898	0.642269	0.642623	0.642977	0.643136	0.643295	0.64342	0.643545	0.643498	0.64345	0.643432	0.643414	0.643282	0.64315	0.643077	
0.643245	0.643183	0.643032	0.642881	0.642815	0.642748	0.642626	0.642503	0.642422	0.642341	0.642277	0.642213	0.642136	0.642059	0.641818	0.641578	0.640959	0.640341	0.63933	0.638319	0.63765	0.636981	0.638401	0.63982	0.640667	0.641513	0.640851	0.640189	0.639146	0.638103	0.637851	0.636835	0.638938	0.641556	0.642784	0.643469	0.643337	0.64317	0.643227	0.643099	0.642534	0.641747	0.641064	0.640399	0.640361	0.640002	0.640333	0.640664	0.641202	0.64174	0.642101	0.642462	0.642853	0.643244	0.643372	0.6435	0.643643	0.643786	0.643711	0.643636	0.643629	0.643621	0.643464	0.643308	0.643245	
0.643414	0.643362	0.643187	0.643011	0.642964	0.642916	0.642775	0.642634	0.642593	0.642552	0.642446	0.64234	0.642286	0.642232	0.642029	0.641826	0.641495	0.641163	0.640252	0.639341	0.638598	0.637855	0.638756	0.639656	0.639901	0.640145	0.64001	0.639876	0.639105	0.638335	0.63754	0.636178	0.638055	0.640772	0.642505	0.64343	0.643021	0.642431	0.642437	0.642236	0.641716	0.63984	0.639587	0.639333	0.639704	0.640076	0.640429	0.640782	0.641368	0.641954	0.642304	0.642654	0.643082	0.643511	0.643608	0.643706	0.643867	0.644028	0.643924	0.643821	0.643825	0.643829	0.643647	0.643465	0.643414	
0.64334	0.643274	0.643131	0.642989	0.642929	0.642868	0.642759	0.642649	0.642587	0.642525	0.642445	0.642365	0.642276	0.642187	0.642022	0.641858	0.641618	0.641379	0.640718	0.640057	0.6393	0.638544	0.638867	0.639189	0.639299	0.639409	0.639835	0.640262	0.639349	0.638435	0.637794	0.637238	0.638349	0.640102	0.641642	0.642682	0.642666	0.642361	0.642267	0.641918	0.641122	0.639414	0.639259	0.639105	0.63959	0.640075	0.640473	0.640871	0.641442	0.642013	0.642381	0.64275	0.643114	0.643477	0.643586	0.643694	0.64381	0.643925	0.643842	0.64376	0.643736	0.643713	0.643559	0.643405	0.64334	
0.643266	0.643187	0.643076	0.642966	0.642894	0.642821	0.642743	0.642664	0.642581	0.642497	0.642443	0.642389	0.642266	0.642142	0.642016	0.641889	0.641741	0.641594	0.641183	0.640773	0.640003	0.639233	0.638978	0.638723	0.638697	0.638672	0.63966	0.640648	0.639592	0.638536	0.638047	0.637558	0.638221	0.638884	0.640424	0.641964	0.64216	0.642356	0.641938	0.641521	0.640254	0.638987	0.638932	0.638877	0.639476	0.640075	0.640518	0.64096	0.641516	0.642072	0.642459	0.642846	0.643145	0.643444	0.643563	0.643683	0.643753	0.643822	0.64376	0.643698	0.643648	0.643597	0.643471	0.643345	0.643266	
0.643404	0.643341	0.643213	0.643085	0.643032	0.642979	0.642886	0.642793	0.642738	0.642683	0.642618	0.642554	0.642462	0.64237	0.642254	0.642137	0.642028	0.641919	0.641616	0.641313	0.640709	0.640106	0.639603	0.6391	0.639184	0.639268	0.639741	0.640214	0.639712	0.63921	0.638824	0.638438	0.638549	0.638659	0.639652	0.640645	0.640862	0.64108	0.64097	0.640861	0.64003	0.6392	0.639087	0.638973	0.639639	0.640304	0.640747	0.641189	0.641756	0.642323	0.642678	0.643033	0.643339	0.643644	0.643734	0.643825	0.643907	0.643989	0.643907	0.643825	0.643789	0.643753	0.64361	0.643468	0.643404	
0.643543	0.643495	0.643349	0.643204	0.643171	0.643138	0.64303	0.642922	0.642895	0.642868	0.642793	0.642719	0.642658	0.642597	0.642491	0.642386	0.642315	0.642244	0.642048	0.641853	0.641416	0.640979	0.640228	0.639478	0.639671	0.639865	0.639822	0.639779	0.639831	0.639883	0.639601	0.639319	0.638877	0.638434	0.63888	0.639326	0.639565	0.639804	0.640002	0.640201	0.639807	0.639412	0.639241	0.63907	0.639801	0.640533	0.640975	0.641418	0.641996	0.642574	0.642897	0.64322	0.643532	0.643844	0.643906	0.643967	0.644061	0.644155	0.644053	0.643951	0.64393	0.643908	0.64375	0.643591	0.643543	
0.643451	0.643394	0.643281	0.643169	0.643131	0.643092	0.643018	0.642944	0.642907	0.64287	0.642829	0.642789	0.64273	0.642671	0.642619	0.642567	0.642524	0.642482	0.642361	0.642239	0.641937	0.641636	0.641057	0.640478	0.64045	0.640422	0.640065	0.639708	0.640066	0.640424	0.640138	0.639852	0.639245	0.638638	0.638753	0.638868	0.639057	0.639246	0.639552	0.639859	0.639556	0.639252	0.639341	0.63943	0.640074	0.640718	0.641197	0.641676	0.642179	0.642682	0.642993	0.643303	0.643548	0.643792	0.643859	0.643926	0.643978	0.64403	0.643946	0.643862	0.643818	0.643774	0.643641	0.643508	0.643451	
0.643359	0.643292	0.643213	0.643134	0.64309	0.643047	0.643007	0.642966	0.642919	0.642872	0.642865	0.642859	0.642802	0.642745	0.642746	0.642747	0.642734	0.642721	0.642673	0.642626	0.642459	0.642292	0.641886	0.641479	0.64123	0.64098	0.640309	0.639637	0.640301	0.640964	0.640674	0.640384	0.639613	0.638842	0.638626	0.638409	0.638549	0.638688	0.639102	0.639517	0.639304	0.639092	0.639441	0.63979	0.640347	0.640903	0.641419	0.641934	0.642362	0.642791	0.643089	0.643387	0.643563	0.64374	0.643813	0.643885	0.643896	0.643906	0.643839	0.643773	0.643706	0.64364	0.643533	0.643425	0.643359	
0.643475	0.643428	0.643336	0.643244	0.643222	0.643199	0.643142	0.643085	0.64306	0.643034	0.64301	0.642986	0.642946	0.642906	0.6429	0.642894	0.64289	0.642887	0.642898	0.64291	0.64285	0.642791	0.642608	0.642425	0.642168	0.641912	0.641266	0.64062	0.641052	0.641485	0.641197	0.640909	0.640227	0.639546	0.639278	0.639011	0.639122	0.639234	0.639523	0.639811	0.639726	0.639641	0.640015	0.640388	0.640868	0.641348	0.641805	0.642263	0.642643	0.643022	0.643272	0.643522	0.643691	0.643861	0.643909	0.643957	0.643979	0.644001	0.643923	0.643846	0.643799	0.643751	0.643636	0.643522	0.643475	
0.643591	0.643563	0.643459	0.643354	0.643353	0.643352	0.643278	0.643205	0.643201	0.643197	0.643155	0.643113	0.64309	0.643067	0.643054	0.643041	0.643047	0.643053	0.643123	0.643194	0.643242	0.643289	0.64333	0.643371	0.643107	0.642843	0.642223	0.641602	0.641804	0.642007	0.64172	0.641433	0.640842	0.64025	0.639931	0.639612	0.639696	0.639779	0.639943	0.640106	0.640148	0.64019	0.640588	0.640986	0.641389	0.641792	0.642192	0.642593	0.642923	0.643253	0.643455	0.643656	0.643819	0.643982	0.644006	0.644029	0.644062	0.644095	0.644007	0.643919	0.643891	0.643862	0.64374	0.643618	0.643591	
0.643502	0.643469	0.643394	0.64332	0.643316	0.643311	0.643269	0.643226	0.643216	0.643206	0.643187	0.643168	0.643127	0.643086	0.643083	0.64308	0.643026	0.642972	0.643017	0.643062	0.643073	0.643085	0.643186	0.643287	0.64313	0.642973	0.642498	0.642022	0.642092	0.642161	0.641932	0.641703	0.641212	0.640722	0.640478	0.640234	0.64025	0.640266	0.640439	0.640611	0.640657	0.640703	0.641062	0.64142	0.641738	0.642056	0.642409	0.642763	0.643021	0.643279	0.643466	0.643652	0.64377	0.643888	0.643917	0.643945	0.643952	0.643959	0.643887	0.643815	0.643774	0.643732	0.643634	0.643535	0.643502	
0.643413	0.643374	0.64333	0.643286	0.643278	0.643271	0.643259	0.643248	0.643231	0.643214	0.643219	0.643223	0.643164	0.643104	0.643111	0.643118	0.643005	0.642892	0.642911	0.64293	0.642905	0.64288	0.643042	0.643204	0.643153	0.643103	0.642772	0.642442	0.642379	0.642316	0.642144	0.641972	0.641583	0.641194	0.641025	0.640855	0.640804	0.640753	0.640935	0.641116	0.641166	0.641215	0.641535	0.641855	0.642087	0.64232	0.642626	0.642933	0.643119	0.643305	0.643476	0.643647	0.643721	0.643794	0.643828	0.643861	0.643842	0.643823	0.643767	0.643711	0.643657	0.643602	0.643527	0.643452	0.643413	
0.643524	0.643508	0.643455	0.643402	0.643415	0.643429	0.6434	0.643372	0.643378	0.643384	0.643368	0.643353	0.643311	0.643269	0.643263	0.643256	0.643133	0.643009	0.643005	0.643	0.642861	0.642721	0.642867	0.643014	0.642992	0.64297	0.642786	0.642602	0.642474	0.642347	0.642241	0.642136	0.64185	0.641564	0.641442	0.641321	0.641286	0.64125	0.641394	0.641539	0.641588	0.641636	0.64191	0.642184	0.642377	0.642571	0.642827	0.643083	0.643247	0.643412	0.643549	0.643686	0.643761	0.643835	0.643856	0.643876	0.643873	0.64387	0.643813	0.643757	0.643725	0.643693	0.643617	0.643541	0.643524	
0.643636	0.643642	0.643579	0.643517	0.643552	0.643587	0.643541	0.643496	0.643524	0.643553	0.643518	0.643484	0.643459	0.643433	0.643414	0.643395	0.643261	0.643127	0.643099	0.643071	0.642816	0.642562	0.642693	0.642823	0.64283	0.642837	0.6428	0.642763	0.64257	0.642377	0.642339	0.642301	0.642117	0.641933	0.64186	0.641787	0.641767	0.641746	0.641854	0.641962	0.642009	0.642057	0.642284	0.642512	0.642667	0.642822	0.643027	0.643232	0.643375	0.643518	0.643622	0.643725	0.643801	0.643876	0.643884	0.643891	0.643904	0.643917	0.64386	0.643802	0.643793	0.643784	0.643707	0.643629	0.643636	
0.643578	0.64358	0.643542	0.643505	0.643534	0.643563	0.643544	0.643526	0.643549	0.643572	0.643561	0.643549	0.64352	0.643491	0.643485	0.643478	0.64335	0.643221	0.643211	0.6432	0.642911	0.642623	0.642695	0.642768	0.64278	0.642792	0.642836	0.64288	0.642646	0.642411	0.64239	0.642369	0.642219	0.642069	0.642042	0.642014	0.641982	0.641949	0.642054	0.64216	0.642193	0.642227	0.642424	0.642621	0.642739	0.642858	0.643039	0.643221	0.643333	0.643445	0.643543	0.64364	0.643698	0.643757	0.643771	0.643786	0.643792	0.643798	0.643756	0.643714	0.643701	0.643688	0.643632	0.643576	0.643578	
0.64352	0.643518	0.643505	0.643493	0.643516	0.64354	0.643548	0.643556	0.643574	0.643592	0.643603	0.643614	0.643581	0.643549	0.643555	0.643562	0.643439	0.643315	0.643322	0.64333	0.643006	0.642683	0.642698	0.642712	0.64273	0.642747	0.642873	0.642998	0.642721	0.642444	0.642441	0.642437	0.642321	0.642204	0.642223	0.642241	0.642197	0.642152	0.642254	0.642357	0.642377	0.642397	0.642564	0.64273	0.642812	0.642893	0.643051	0.64321	0.643291	0.643372	0.643464	0.643555	0.643596	0.643637	0.643659	0.64368	0.64368	0.643679	0.643652	0.643626	0.643609	0.643593	0.643558	0.643523	0.64352	
0.643638	0.643657	0.643635	0.643612	0.643655	0.643698	0.643686	0.643673	0.643712	0.643751	0.643738	0.643724	0.643716	0.643709	0.643691	0.643674	0.643585	0.643496	0.643486	0.643477	0.643246	0.643014	0.643002	0.642989	0.642985	0.642981	0.643036	0.64309	0.642828	0.642567	0.642572	0.642576	0.642489	0.642401	0.642423	0.642445	0.642409	0.642372	0.642452	0.642533	0.642552	0.642571	0.642703	0.642835	0.64291	0.642984	0.643108	0.643232	0.643313	0.643395	0.643466	0.643538	0.64359	0.643643	0.643661	0.64368	0.643698	0.643716	0.643695	0.643674	0.64368	0.643686	0.643652	0.643619	0.643638	
0.643756	0.643796	0.643764	0.643732	0.643794	0.643857	0.643824	0.643791	0.643851	0.643911	0.643872	0.643834	0.643851	0.643869	0.643828	0.643787	0.643732	0.643677	0.64365	0.643624	0.643485	0.643346	0.643306	0.643267	0.643241	0.643216	0.643198	0.643181	0.642936	0.64269	0.642703	0.642715	0.642657	0.642598	0.642624	0.642649	0.642621	0.642592	0.64265	0.642709	0.642727	0.642746	0.642843	0.642941	0.643008	0.643075	0.643165	0.643254	0.643336	0.643417	0.643469	0.64352	0.643585	0.643649	0.643664	0.643679	0.643716	0.643754	0.643738	0.643723	0.643751	0.643778	0.643747	0.643715	0.643756	
0.643741	0.643776	0.643762	0.643749	0.643798	0.643848	0.643836	0.643824	0.643868	0.643912	0.643895	0.643877	0.643882	0.643887	0.643862	0.643837	0.643774	0.643712	0.643693	0.643674	0.643542	0.64341	0.643379	0.643349	0.643264	0.64318	0.643139	0.643099	0.642888	0.642676	0.6427	0.642724	0.642661	0.642598	0.642624	0.64265	0.642613	0.642575	0.642625	0.642675	0.642686	0.642696	0.64278	0.642863	0.64292	0.642978	0.643059	0.643141	0.643217	0.643293	0.643348	0.643403	0.64347	0.643537	0.643562	0.643587	0.643631	0.643675	0.643674	0.643674	0.643704	0.643735	0.64372	0.643706	0.643741	
0.643726	0.643756	0.643761	0.643766	0.643802	0.643839	0.643847	0.643856	0.643884	0.643913	0.643917	0.643921	0.643913	0.643905	0.643896	0.643887	0.643817	0.643747	0.643735	0.643723	0.643598	0.643474	0.643452	0.643431	0.643287	0.643144	0.64308	0.643017	0.64284	0.642663	0.642698	0.642733	0.642666	0.642598	0.642625	0.642651	0.642605	0.642558	0.6426	0.642642	0.642644	0.642647	0.642716	0.642785	0.642832	0.64288	0.642954	0.643027	0.643098	0.643169	0.643227	0.643285	0.643355	0.643425	0.64346	0.643494	0.643546	0.643597	0.64361	0.643624	0.643658	0.643692	0.643694	0.643696	0.643726	
0.643843	0.643889	0.643881	0.643873	0.643925	0.643976	0.64396	0.643943	0.643988	0.644033	0.644005	0.643978	0.643992	0.644007	0.643965	0.643923	0.643883	0.643843	0.643796	0.643749	0.643658	0.643567	0.643513	0.643458	0.643351	0.643244	0.643156	0.643068	0.642936	0.642804	0.642804	0.642804	0.642753	0.642702	0.6427	0.642699	0.642666	0.642634	0.64265	0.642667	0.642679	0.642692	0.642735	0.642777	0.642835	0.642894	0.642946	0.642999	0.643085	0.64317	0.643218	0.643266	0.643353	0.643439	0.643476	0.643513	0.643581	0.643649	0.643669	0.643689	0.64374	0.643791	0.643794	0.643797	0.643843	
0.64396	0.644022	0.644001	0.64398	0.644047	0.644114	0.644072	0.64403	0.644092	0.644154	0.644094	0.644034	0.644071	0.644108	0.644034	0.64396	0.643949	0.643939	0.643857	0.643775	0.643718	0.64366	0.643573	0.643486	0.643416	0.643345	0.643233	0.64312	0.643033	0.642946	0.642911	0.642876	0.642841	0.642806	0.642776	0.642746	0.642728	0.64271	0.642701	0.642692	0.642714	0.642737	0.642753	0.642769	0.642838	0.642907	0.642939	0.642971	0.643071	0.643171	0.643209	0.643248	0.64335	0.643453	0.643492	0.643531	0.643616	0.643701	0.643728	0.643755	0.643823	0.643891	0.643894	0.643897	0.64396	
0.64397	0.644024	0.644017	0.644009	0.644055	0.644101	0.644076	0.644051	0.644086	0.64412	0.644081	0.644042	0.64405	0.644059	0.644008	0.643957	0.64392	0.643884	0.643826	0.643768	0.643685	0.643603	0.64354	0.643476	0.643373	0.643271	0.643187	0.643104	0.64299	0.642876	0.642849	0.642821	0.64275	0.642678	0.642655	0.642632	0.642591	0.642549	0.642545	0.642541	0.642553	0.642564	0.642585	0.642606	0.642674	0.642742	0.642782	0.642821	0.642928	0.643035	0.643084	0.643134	0.643249	0.643364	0.643415	0.643466	0.643564	0.643662	0.643702	0.643741	0.643813	0.643885	0.643901	0.643916	0.64397	
0.643981	0.644026	0.644032	0.644037	0.644063	0.644088	0.64408	0.644072	0.644079	0.644087	0.644068	0.64405	0.644029	0.644009	0.643981	0.643953	0.643891	0.643829	0.643794	0.64376	0.643653	0.643546	0.643506	0.643466	0.643331	0.643196	0.643142	0.643088	0.642947	0.642806	0.642787	0.642767	0.642659	0.64255	0.642534	0.642519	0.642453	0.642388	0.64239	0.642391	0.642391	0.642391	0.642417	0.642443	0.64251	0.642576	0.642624	0.642672	0.642785	0.642898	0.642959	0.64302	0.643148	0.643276	0.643339	0.643402	0.643513	0.643623	0.643675	0.643727	0.643803	0.643879	0.643907	0.643936	0.643981	
0.644071	0.644125	0.644116	0.644106	0.644142	0.644177	0.644143	0.644108	0.64413	0.644152	0.6441	0.644047	0.644048	0.644049	0.643984	0.643919	0.643888	0.643857	0.643783	0.643709	0.643643	0.643577	0.643495	0.643414	0.643324	0.643235	0.643141	0.643046	0.642945	0.642844	0.642779	0.642715	0.642634	0.642554	0.642503	0.642452	0.642409	0.642366	0.642343	0.64232	0.642343	0.642366	0.642374	0.642383	0.642472	0.642561	0.642599	0.642636	0.64277	0.642903	0.642962	0.643021	0.643165	0.643309	0.643376	0.643443	0.643565	0.643687	0.643742	0.643797	0.643882	0.643968	0.643992	0.644016	0.644071	
