x=200	y=80	z=200	n=65	len=1
b
0.603341	0.603337	0.603382	0.603427	0.603427	0.603428	0.603479	0.60353	0.603532	0.603535	0.603588	0.603641	0.603642	0.603643	0.603692	0.60374	0.603737	0.603734	0.603769	0.603803	0.603793	0.603784	0.603795	0.603806	0.60379	0.603774	0.603763	0.603753	0.603731	0.603709	0.603693	0.603677	0.603643	0.60361	0.603595	0.603579	0.603539	0.603499	0.603487	0.603475	0.603434	0.603392	0.603386	0.60338	0.603342	0.603303	0.603306	0.603308	0.603277	0.603245	0.603256	0.603268	0.603244	0.60322	0.603241	0.603262	0.603246	0.603229	0.603259	0.603288	0.603279	0.60327	0.603307	0.603344	0.603341	
0.603342	0.603348	0.603383	0.603418	0.603427	0.603437	0.603479	0.60352	0.603532	0.603543	0.603588	0.603634	0.603644	0.603654	0.603697	0.60374	0.603745	0.60375	0.603782	0.603814	0.603812	0.60381	0.603821	0.603832	0.603822	0.603811	0.6038	0.603789	0.603771	0.603753	0.603731	0.603709	0.603682	0.603655	0.603629	0.603604	0.603572	0.603541	0.603517	0.603493	0.60346	0.603427	0.603409	0.603391	0.603362	0.603332	0.603323	0.603314	0.603291	0.603268	0.603268	0.603269	0.603254	0.603239	0.603249	0.603259	0.603252	0.603244	0.603263	0.603282	0.603282	0.603282	0.603309	0.603336	0.603342	
0.603338	0.603336	0.603378	0.60342	0.603423	0.603425	0.603474	0.603522	0.603528	0.603535	0.603586	0.603637	0.603645	0.603653	0.603701	0.603749	0.603755	0.603761	0.603797	0.603833	0.603834	0.603834	0.603849	0.603863	0.603855	0.603846	0.603839	0.603831	0.603811	0.603792	0.603774	0.603757	0.603726	0.603695	0.603674	0.603653	0.603616	0.603578	0.603558	0.603538	0.603496	0.603455	0.603441	0.603427	0.603388	0.603349	0.603344	0.603339	0.603307	0.603274	0.60328	0.603286	0.603262	0.603237	0.603254	0.60327	0.603254	0.603238	0.603263	0.603289	0.60328	0.603272	0.603306	0.603341	0.603338	
0.603334	0.603324	0.603373	0.603422	0.603418	0.603414	0.603469	0.603524	0.603525	0.603527	0.603584	0.603641	0.603646	0.603652	0.603705	0.603758	0.603765	0.603772	0.603812	0.603852	0.603855	0.603858	0.603876	0.603894	0.603888	0.603881	0.603877	0.603873	0.603852	0.603831	0.603818	0.603805	0.60377	0.603735	0.603719	0.603703	0.603659	0.603615	0.603599	0.603583	0.603533	0.603483	0.603473	0.603463	0.603414	0.603365	0.603365	0.603366	0.603323	0.60328	0.603292	0.603304	0.60327	0.603235	0.603259	0.603282	0.603256	0.60323	0.603263	0.603296	0.603279	0.603261	0.603303	0.603345	0.603334	
0.603343	0.603343	0.603383	0.603424	0.60343	0.603437	0.603484	0.603531	0.603543	0.603556	0.603606	0.603657	0.603674	0.603691	0.603739	0.603786	0.603805	0.603824	0.603859	0.603894	0.603909	0.603925	0.603935	0.603946	0.603951	0.603957	0.603939	0.603922	0.603915	0.603907	0.603878	0.603849	0.60383	0.603811	0.603776	0.603741	0.603714	0.603687	0.60365	0.603614	0.603578	0.603541	0.603512	0.603483	0.603446	0.603408	0.603392	0.603376	0.603343	0.603311	0.603309	0.603307	0.603283	0.603259	0.60327	0.603281	0.603265	0.60325	0.603272	0.603294	0.603287	0.603279	0.603311	0.603343	0.603343	
0.603352	0.603362	0.603394	0.603425	0.603442	0.60346	0.603499	0.603537	0.603561	0.603585	0.603629	0.603673	0.603701	0.60373	0.603772	0.603815	0.603845	0.603876	0.603906	0.603936	0.603964	0.603991	0.603994	0.603997	0.604015	0.604033	0.604002	0.603972	0.603978	0.603984	0.603938	0.603893	0.60389	0.603887	0.603833	0.60378	0.603769	0.603758	0.603702	0.603645	0.603622	0.6036	0.603552	0.603504	0.603477	0.603451	0.603418	0.603386	0.603364	0.603342	0.603326	0.60331	0.603296	0.603282	0.603281	0.60328	0.603274	0.603269	0.60328	0.603292	0.603295	0.603297	0.603319	0.603342	0.603352	
0.603352	0.603354	0.603393	0.603433	0.603444	0.603454	0.603501	0.603548	0.603568	0.603587	0.603638	0.603689	0.603718	0.603746	0.603795	0.603843	0.603878	0.603913	0.603947	0.603981	0.604016	0.604051	0.604054	0.604057	0.604081	0.604105	0.604073	0.60404	0.604049	0.604057	0.604016	0.603974	0.603968	0.603961	0.603913	0.603865	0.603848	0.60383	0.603777	0.603724	0.603689	0.603653	0.603609	0.603564	0.603523	0.603482	0.603454	0.603426	0.603391	0.603355	0.603345	0.603335	0.603309	0.603283	0.603289	0.603296	0.60328	0.603264	0.603283	0.603302	0.603296	0.603289	0.603319	0.60335	0.603352	
0.603352	0.603346	0.603393	0.60344	0.603445	0.603449	0.603504	0.603558	0.603574	0.60359	0.603648	0.603706	0.603734	0.603762	0.603817	0.603871	0.603911	0.60395	0.603988	0.604026	0.604068	0.604111	0.604114	0.604118	0.604148	0.604178	0.604143	0.604108	0.604119	0.604131	0.604093	0.604055	0.604046	0.604036	0.603993	0.603951	0.603926	0.603901	0.603852	0.603803	0.603755	0.603707	0.603666	0.603624	0.603569	0.603514	0.60349	0.603467	0.603418	0.603369	0.603365	0.603361	0.603323	0.603285	0.603298	0.603311	0.603285	0.603259	0.603286	0.603313	0.603297	0.603281	0.603319	0.603357	0.603352	
0.603369	0.603375	0.603414	0.603453	0.60347	0.603488	0.603536	0.603583	0.603614	0.603644	0.603697	0.60375	0.603794	0.603839	0.60389	0.603941	0.603997	0.604054	0.604087	0.60412	0.604181	0.604243	0.604232	0.604222	0.604272	0.604322	0.604257	0.604191	0.604229	0.604267	0.604197	0.604128	0.604151	0.604175	0.604099	0.604023	0.604032	0.604041	0.603955	0.603869	0.603842	0.603815	0.603742	0.603669	0.603627	0.603585	0.603537	0.603489	0.603452	0.603414	0.603391	0.603369	0.603342	0.603315	0.603314	0.603313	0.603298	0.603283	0.603298	0.603314	0.60331	0.603306	0.603334	0.603362	0.603369	
0.603386	0.603404	0.603435	0.603465	0.603496	0.603527	0.603568	0.603608	0.603653	0.603699	0.603746	0.603794	0.603855	0.603915	0.603963	0.60401	0.604084	0.604158	0.604187	0.604215	0.604294	0.604374	0.60435	0.604326	0.604396	0.604466	0.604371	0.604275	0.604339	0.604403	0.604301	0.6042	0.604257	0.604314	0.604204	0.604094	0.604137	0.604181	0.604058	0.603936	0.603929	0.603922	0.603818	0.603714	0.603685	0.603657	0.603584	0.603512	0.603485	0.603459	0.603418	0.603377	0.603361	0.603346	0.60333	0.603315	0.603311	0.603307	0.603311	0.603315	0.603322	0.60333	0.603348	0.603367	0.603386	
0.603389	0.603398	0.603438	0.603478	0.603502	0.603526	0.603576	0.603627	0.603668	0.603708	0.603767	0.603825	0.603885	0.603945	0.604004	0.604063	0.604142	0.60422	0.60426	0.604301	0.604385	0.604469	0.604454	0.604438	0.604502	0.604566	0.604472	0.604377	0.604439	0.604501	0.604422	0.604343	0.604387	0.604432	0.604341	0.60425	0.604284	0.604319	0.604203	0.604088	0.604058	0.604028	0.603926	0.603825	0.603771	0.603717	0.603649	0.60358	0.603533	0.603485	0.603451	0.603416	0.603384	0.603352	0.603345	0.603338	0.603321	0.603304	0.603317	0.60333	0.603326	0.603323	0.603351	0.603379	0.603389	
0.603392	0.603392	0.603442	0.603492	0.603508	0.603525	0.603585	0.603646	0.603682	0.603718	0.603787	0.603856	0.603915	0.603975	0.604045	0.604116	0.604199	0.604281	0.604334	0.604387	0.604476	0.604564	0.604557	0.60455	0.604608	0.604665	0.604573	0.60448	0.604539	0.604599	0.604543	0.604486	0.604518	0.604549	0.604478	0.604406	0.604432	0.604457	0.604348	0.60424	0.604187	0.604134	0.604035	0.603936	0.603856	0.603777	0.603713	0.603648	0.60358	0.603511	0.603483	0.603455	0.603407	0.603359	0.60336	0.60336	0.603331	0.603301	0.603323	0.603345	0.603331	0.603317	0.603354	0.603391	0.603392	
0.603416	0.603431	0.603473	0.603514	0.603547	0.60358	0.603634	0.603688	0.603743	0.603799	0.603863	0.603928	0.60401	0.604091	0.604159	0.604226	0.604333	0.604439	0.604485	0.60453	0.604642	0.604754	0.60472	0.604685	0.604763	0.604841	0.604679	0.604517	0.604632	0.604747	0.604636	0.604525	0.604636	0.604747	0.604623	0.604498	0.604609	0.60472	0.604546	0.604372	0.60435	0.604329	0.604178	0.604027	0.603961	0.603896	0.603794	0.603692	0.603635	0.603578	0.603524	0.603471	0.603435	0.603399	0.603382	0.603364	0.603348	0.603331	0.603339	0.603348	0.603348	0.603347	0.603374	0.603401	0.603416	
0.603441	0.603471	0.603504	0.603536	0.603586	0.603636	0.603684	0.603731	0.603805	0.60388	0.60394	0.604001	0.604104	0.604207	0.604272	0.604337	0.604467	0.604597	0.604635	0.604673	0.604809	0.604944	0.604882	0.604819	0.604917	0.605016	0.604784	0.604553	0.604725	0.604896	0.604729	0.604563	0.604754	0.604944	0.604768	0.604591	0.604787	0.604982	0.604743	0.604503	0.604513	0.604523	0.604321	0.604119	0.604066	0.604014	0.603875	0.603736	0.60369	0.603645	0.603565	0.603486	0.603462	0.603438	0.603403	0.603368	0.603365	0.603361	0.603356	0.603351	0.603365	0.603378	0.603394	0.60341	0.603441	
0.603445	0.603464	0.603509	0.603553	0.603593	0.603632	0.603693	0.603754	0.603819	0.603884	0.60396	0.604036	0.604131	0.604226	0.604312	0.604398	0.604518	0.604637	0.604707	0.604777	0.604879	0.604981	0.604964	0.604946	0.604919	0.604892	0.604713	0.604534	0.604696	0.604858	0.604793	0.604728	0.604878	0.605029	0.604912	0.604795	0.605005	0.605215	0.604997	0.604778	0.604747	0.604715	0.604515	0.604315	0.604216	0.604117	0.603982	0.603846	0.603766	0.603687	0.603615	0.603544	0.603497	0.603449	0.603424	0.6034	0.603379	0.603359	0.603365	0.603371	0.603371	0.603371	0.603399	0.603426	0.603445	
0.603449	0.603457	0.603514	0.60357	0.603599	0.603628	0.603702	0.603776	0.603832	0.603887	0.603979	0.604071	0.604158	0.604245	0.604353	0.60446	0.604569	0.604678	0.60478	0.604882	0.60495	0.605018	0.605046	0.605074	0.604921	0.604769	0.604643	0.604516	0.604668	0.60482	0.604856	0.604892	0.605003	0.605114	0.605056	0.604999	0.605223	0.605448	0.605251	0.605054	0.60498	0.604907	0.604709	0.604511	0.604365	0.604219	0.604088	0.603957	0.603842	0.603728	0.603665	0.603602	0.603531	0.60346	0.603446	0.603431	0.603394	0.603356	0.603373	0.60339	0.603377	0.603364	0.603403	0.603442	0.603449	
0.603479	0.603504	0.603551	0.603599	0.603648	0.603697	0.603763	0.603829	0.603909	0.603988	0.604072	0.604155	0.604268	0.604381	0.604474	0.604567	0.604696	0.604825	0.604891	0.604958	0.605019	0.605081	0.604981	0.604881	0.60454	0.604199	0.604079	0.603959	0.604273	0.604586	0.604555	0.604524	0.604824	0.605123	0.605044	0.604964	0.605436	0.605909	0.6056	0.605292	0.605255	0.605219	0.60495	0.604682	0.604543	0.604403	0.604217	0.604031	0.603926	0.603821	0.603722	0.603624	0.603566	0.603509	0.603472	0.603435	0.603412	0.60339	0.603392	0.603393	0.603396	0.603399	0.603427	0.603454	0.603479	
0.603508	0.603551	0.603589	0.603627	0.603697	0.603766	0.603824	0.603882	0.603985	0.604089	0.604164	0.604239	0.604378	0.604517	0.604596	0.604675	0.604823	0.604972	0.605003	0.605034	0.605089	0.605143	0.604916	0.604689	0.604159	0.603629	0.603515	0.603402	0.603877	0.604352	0.604254	0.604156	0.604644	0.605132	0.605031	0.604929	0.605649	0.606369	0.605949	0.60553	0.60553	0.60553	0.605192	0.604853	0.60472	0.604587	0.604346	0.604105	0.604009	0.603913	0.603779	0.603646	0.603601	0.603557	0.603498	0.603439	0.603431	0.603423	0.60341	0.603397	0.603415	0.603434	0.60345	0.603466	0.603508	
0.603511	0.603538	0.603591	0.603643	0.603696	0.60375	0.603823	0.603896	0.603978	0.604061	0.604153	0.604246	0.604352	0.604458	0.604561	0.604663	0.604747	0.604831	0.604894	0.604958	0.604769	0.604579	0.604147	0.603714	0.602429	0.601144	0.601562	0.601979	0.602776	0.603573	0.603695	0.603817	0.604305	0.604792	0.604751	0.604709	0.605634	0.606558	0.606238	0.605918	0.605862	0.605806	0.605481	0.605156	0.60494	0.604724	0.604491	0.604259	0.604111	0.603963	0.603841	0.60372	0.603644	0.603568	0.603522	0.603477	0.603448	0.603419	0.603419	0.60342	0.603422	0.603424	0.603454	0.603484	0.603511	
0.603514	0.603526	0.603593	0.603659	0.603696	0.603733	0.603821	0.603909	0.603971	0.604032	0.604143	0.604253	0.604327	0.6044	0.604526	0.604651	0.604671	0.60469	0.604786	0.604881	0.604448	0.604015	0.603377	0.602739	0.600699	0.598659	0.599608	0.600557	0.601675	0.602794	0.603136	0.603478	0.603965	0.604452	0.604471	0.604489	0.605618	0.606747	0.606527	0.606306	0.606194	0.606082	0.605771	0.60546	0.60516	0.604861	0.604637	0.604413	0.604213	0.604012	0.603903	0.603795	0.603687	0.603579	0.603547	0.603515	0.603465	0.603415	0.603429	0.603443	0.603429	0.603415	0.603458	0.603501	0.603514	
0.603544	0.603576	0.603631	0.603685	0.603746	0.603807	0.603881	0.603956	0.604044	0.604131	0.604218	0.604304	0.604396	0.604488	0.604551	0.604614	0.604597	0.60458	0.604463	0.604346	0.603535	0.602724	0.601456	0.600187	0.59824	0.596293	0.597233	0.598173	0.599132	0.60009	0.600257	0.600424	0.601469	0.602513	0.602555	0.602597	0.604069	0.60554	0.60594	0.60634	0.606333	0.606326	0.606033	0.605739	0.605427	0.605115	0.604815	0.604516	0.60432	0.604124	0.60397	0.603815	0.603722	0.603628	0.60357	0.603513	0.60348	0.603447	0.603444	0.603441	0.603446	0.60345	0.60348	0.603511	0.603544	
0.603573	0.603626	0.603669	0.603711	0.603796	0.603881	0.603942	0.604002	0.604116	0.60423	0.604293	0.604356	0.604466	0.604575	0.604576	0.604576	0.604523	0.60447	0.60414	0.60381	0.602622	0.601434	0.599534	0.597635	0.595781	0.593927	0.594858	0.595789	0.596588	0.597387	0.597379	0.59737	0.598972	0.600574	0.60064	0.600706	0.602519	0.604332	0.605353	0.606374	0.606472	0.60657	0.606294	0.606018	0.605694	0.605369	0.604993	0.604618	0.604427	0.604237	0.604036	0.603836	0.603757	0.603678	0.603594	0.60351	0.603495	0.60348	0.60346	0.60344	0.603463	0.603486	0.603503	0.60352	0.603573	
0.603571	0.603605	0.603663	0.603721	0.603781	0.60384	0.603915	0.60399	0.604065	0.604139	0.604211	0.604282	0.60432	0.604358	0.604349	0.60434	0.604146	0.603952	0.603452	0.602953	0.601404	0.599855	0.59779	0.595725	0.594311	0.592896	0.593747	0.594599	0.595098	0.595598	0.595013	0.594429	0.596017	0.597605	0.597638	0.59767	0.598661	0.599652	0.602196	0.60474	0.605702	0.606663	0.60648	0.606297	0.605871	0.605446	0.605107	0.604767	0.604514	0.604261	0.604086	0.603911	0.603795	0.603678	0.603614	0.603549	0.603509	0.60347	0.603467	0.603464	0.603467	0.603471	0.603504	0.603537	0.603571	
0.603569	0.603583	0.603657	0.603731	0.603765	0.6038	0.603889	0.603978	0.604013	0.604048	0.604128	0.604208	0.604174	0.60414	0.604122	0.604103	0.603768	0.603433	0.602764	0.602096	0.600186	0.598276	0.596046	0.593816	0.59284	0.591864	0.592637	0.593409	0.593609	0.593808	0.592647	0.591487	0.593061	0.594635	0.594635	0.594635	0.594803	0.594971	0.599038	0.603106	0.604931	0.606756	0.606665	0.606575	0.606049	0.605524	0.60522	0.604916	0.6046	0.604284	0.604135	0.603986	0.603832	0.603678	0.603633	0.603588	0.603524	0.60346	0.603473	0.603487	0.603472	0.603456	0.603505	0.603555	0.603569	
0.603593	0.60363	0.603689	0.603748	0.603808	0.603868	0.603936	0.604003	0.604063	0.604123	0.604157	0.604192	0.604154	0.604115	0.603979	0.603843	0.60336	0.602876	0.601933	0.60099	0.598666	0.596343	0.594561	0.592779	0.593149	0.593518	0.594261	0.595004	0.595942	0.59688	0.596045	0.59521	0.594657	0.594104	0.593229	0.592354	0.591985	0.591616	0.596003	0.60039	0.603133	0.605876	0.60652	0.607164	0.606569	0.605973	0.605501	0.605028	0.60471	0.604393	0.604187	0.603982	0.603847	0.603711	0.60364	0.60357	0.603526	0.603482	0.603479	0.603477	0.603481	0.603486	0.603521	0.603557	0.603593	
0.603618	0.603677	0.603721	0.603764	0.60385	0.603936	0.603982	0.604028	0.604113	0.604197	0.604187	0.604177	0.604133	0.604089	0.603837	0.603584	0.602951	0.602318	0.601101	0.599884	0.597146	0.594409	0.593075	0.591742	0.593457	0.595172	0.595886	0.5966	0.598276	0.599952	0.599443	0.598934	0.596254	0.593573	0.591823	0.590073	0.589167	0.588261	0.592967	0.597674	0.601335	0.604996	0.606375	0.607753	0.607088	0.606422	0.605781	0.60514	0.604821	0.604501	0.60424	0.603978	0.603861	0.603744	0.603648	0.603551	0.603528	0.603504	0.603485	0.603466	0.603491	0.603517	0.603538	0.603559	0.603618	
0.60361	0.603646	0.603706	0.603766	0.603819	0.603873	0.603929	0.603986	0.604018	0.604049	0.604034	0.604019	0.603894	0.60377	0.603499	0.603229	0.602538	0.601848	0.600778	0.599708	0.59733	0.594951	0.59397	0.592988	0.595938	0.598887	0.600958	0.603028	0.603685	0.604343	0.604135	0.603926	0.601289	0.598652	0.596163	0.593674	0.591622	0.589571	0.592398	0.595226	0.59931	0.603395	0.605313	0.607231	0.606647	0.606062	0.605618	0.605173	0.604812	0.604451	0.604241	0.604032	0.603879	0.603726	0.603655	0.603584	0.603536	0.603487	0.603487	0.603488	0.603492	0.603497	0.603535	0.603574	0.60361	
0.603602	0.603615	0.603691	0.603767	0.603789	0.60381	0.603877	0.603943	0.603923	0.603902	0.603881	0.60386	0.603656	0.603451	0.603162	0.602873	0.602126	0.601378	0.600456	0.599533	0.597513	0.595493	0.594864	0.594235	0.598419	0.602602	0.606029	0.609456	0.609095	0.608734	0.608827	0.608919	0.606324	0.60373	0.600502	0.597275	0.594077	0.59088	0.591829	0.592779	0.597286	0.601793	0.604251	0.606709	0.606206	0.605703	0.605454	0.605206	0.604803	0.6044	0.604243	0.604087	0.603897	0.603707	0.603662	0.603617	0.603544	0.60347	0.60349	0.603509	0.603493	0.603476	0.603533	0.603589	0.603602	
0.603618	0.603654	0.603713	0.603772	0.603819	0.603867	0.60391	0.603952	0.603955	0.603957	0.603889	0.60382	0.603602	0.603384	0.60296	0.602536	0.601649	0.600762	0.599636	0.598509	0.597144	0.59578	0.596295	0.596811	0.600141	0.603472	0.606381	0.609289	0.608795	0.608302	0.60879	0.609277	0.607986	0.606695	0.603644	0.600592	0.596863	0.593135	0.594105	0.595075	0.598727	0.602379	0.604356	0.606333	0.605962	0.60559	0.605325	0.605059	0.604698	0.604337	0.604168	0.604	0.603843	0.603686	0.603628	0.60357	0.603522	0.603473	0.603479	0.603486	0.603491	0.603497	0.603539	0.603581	0.603618	
0.603633	0.603693	0.603735	0.603776	0.60385	0.603924	0.603943	0.603962	0.603987	0.604012	0.603896	0.60378	0.603549	0.603317	0.602758	0.602199	0.601172	0.600146	0.598816	0.597485	0.596776	0.596067	0.597726	0.599386	0.601864	0.604342	0.606732	0.609122	0.608496	0.607869	0.608752	0.609635	0.609648	0.609661	0.606785	0.603909	0.59965	0.59539	0.596381	0.597371	0.600168	0.602965	0.604461	0.605957	0.605717	0.605478	0.605195	0.604912	0.604593	0.604273	0.604093	0.603912	0.603788	0.603664	0.603593	0.603523	0.603499	0.603476	0.603469	0.603462	0.60349	0.603518	0.603546	0.603573	0.603633	
0.603622	0.603658	0.603715	0.603772	0.603812	0.603851	0.603873	0.603894	0.603866	0.603839	0.603687	0.603536	0.603236	0.602936	0.602287	0.601637	0.600647	0.599658	0.598228	0.596798	0.596556	0.596314	0.59859	0.600866	0.603422	0.605978	0.606473	0.606968	0.605783	0.604598	0.605752	0.606905	0.607336	0.607767	0.605319	0.602872	0.599155	0.595439	0.596725	0.598012	0.601444	0.604876	0.605407	0.605938	0.605921	0.605904	0.605553	0.605202	0.60477	0.604339	0.604162	0.603985	0.60382	0.603655	0.603603	0.603551	0.603504	0.603457	0.603469	0.60348	0.603488	0.603495	0.603541	0.603586	0.603622	
0.603611	0.603623	0.603695	0.603767	0.603773	0.603779	0.603802	0.603826	0.603746	0.603665	0.603478	0.603292	0.602923	0.602555	0.601815	0.601075	0.600122	0.599169	0.59764	0.59611	0.596335	0.596561	0.599453	0.602346	0.60498	0.607614	0.606214	0.604813	0.60307	0.601327	0.602751	0.604175	0.605024	0.605872	0.603853	0.601835	0.598661	0.595487	0.59707	0.598654	0.60272	0.606786	0.606353	0.60592	0.606125	0.606331	0.605911	0.605491	0.604948	0.604404	0.604231	0.604057	0.603852	0.603647	0.603613	0.603579	0.603509	0.603438	0.603468	0.603499	0.603486	0.603472	0.603536	0.603599	0.603611	
0.603617	0.603652	0.603708	0.603765	0.603796	0.603828	0.60384	0.603851	0.603795	0.603739	0.603556	0.603372	0.602992	0.602612	0.601894	0.601177	0.600127	0.599077	0.598144	0.59721	0.597916	0.598622	0.601466	0.604309	0.606166	0.608024	0.606417	0.604809	0.602694	0.60058	0.601658	0.602736	0.60319	0.603645	0.60194	0.600235	0.59818	0.596125	0.598431	0.600737	0.604195	0.607653	0.606877	0.6061	0.605945	0.60579	0.605464	0.605138	0.604676	0.604214	0.604062	0.60391	0.603748	0.603586	0.60355	0.603514	0.60347	0.603426	0.603446	0.603466	0.603475	0.603484	0.603533	0.603583	0.603617	
0.603623	0.60368	0.603722	0.603763	0.60382	0.603877	0.603877	0.603877	0.603845	0.603813	0.603633	0.603453	0.603061	0.602669	0.601974	0.601278	0.600132	0.598986	0.598648	0.598311	0.599497	0.600684	0.603478	0.606272	0.607353	0.608434	0.60662	0.604805	0.602319	0.599832	0.600565	0.601297	0.601357	0.601417	0.600027	0.598636	0.5977	0.596764	0.599792	0.60282	0.60567	0.60852	0.607401	0.606281	0.605765	0.605249	0.605016	0.604784	0.604404	0.604024	0.603894	0.603763	0.603644	0.603524	0.603486	0.603448	0.603431	0.603414	0.603424	0.603434	0.603465	0.603496	0.603531	0.603566	0.603623	
0.603611	0.603646	0.6037	0.603755	0.60378	0.603805	0.603798	0.603791	0.603704	0.603617	0.603355	0.603093	0.602576	0.602058	0.601082	0.600106	0.598965	0.597825	0.597984	0.598143	0.600131	0.60212	0.604659	0.607197	0.608034	0.608871	0.606214	0.603556	0.601268	0.598981	0.599696	0.60041	0.600448	0.600485	0.599582	0.598679	0.598148	0.597618	0.602794	0.607971	0.609969	0.611967	0.609385	0.606802	0.60609	0.605378	0.605046	0.604713	0.604356	0.603999	0.603875	0.603751	0.603624	0.603496	0.603475	0.603454	0.603423	0.603391	0.603418	0.603446	0.603459	0.603471	0.603524	0.603577	0.603611	
0.603599	0.603611	0.603679	0.603747	0.603739	0.603732	0.603718	0.603705	0.603563	0.603422	0.603077	0.602733	0.60209	0.601447	0.600191	0.598934	0.597799	0.596663	0.597319	0.597975	0.600765	0.603556	0.605839	0.608123	0.608715	0.609308	0.605807	0.602306	0.600218	0.598131	0.598827	0.599523	0.599538	0.599553	0.599137	0.598721	0.598596	0.598471	0.605797	0.613122	0.614268	0.615414	0.611369	0.607323	0.606415	0.605508	0.605075	0.604642	0.604307	0.603973	0.603856	0.60374	0.603604	0.603468	0.603464	0.603461	0.603414	0.603367	0.603412	0.603458	0.603452	0.603447	0.603517	0.603587	0.603599	
0.603598	0.60363	0.603686	0.603742	0.60376	0.603778	0.60377	0.603761	0.603661	0.603562	0.603289	0.603016	0.602467	0.601919	0.600878	0.599837	0.598595	0.597353	0.597219	0.597085	0.598976	0.600867	0.603323	0.605779	0.606712	0.607645	0.605261	0.602877	0.601304	0.599732	0.600327	0.600922	0.60113	0.601337	0.601006	0.600675	0.601003	0.601331	0.606676	0.612022	0.612467	0.612912	0.609864	0.606816	0.605977	0.605137	0.604765	0.604393	0.604109	0.603824	0.603723	0.603621	0.603519	0.603417	0.60341	0.603403	0.603379	0.603355	0.60339	0.603425	0.603439	0.603453	0.60351	0.603566	0.603598	
0.603597	0.603649	0.603693	0.603737	0.603781	0.603825	0.603821	0.603817	0.603759	0.603702	0.6035	0.603298	0.602845	0.602391	0.601566	0.600741	0.599392	0.598043	0.597119	0.596195	0.597187	0.598178	0.600807	0.603436	0.604708	0.605981	0.604715	0.603448	0.60239	0.601332	0.601826	0.602321	0.602721	0.603122	0.602875	0.602629	0.60341	0.604191	0.607556	0.610921	0.610666	0.61041	0.60836	0.606309	0.605538	0.604767	0.604456	0.604144	0.60391	0.603676	0.603589	0.603503	0.603434	0.603365	0.603355	0.603346	0.603345	0.603344	0.603368	0.603393	0.603426	0.603459	0.603502	0.603545	0.603597	
0.603586	0.603619	0.603677	0.603734	0.603755	0.603776	0.603776	0.603776	0.603695	0.603614	0.603394	0.603174	0.602729	0.602283	0.601462	0.60064	0.599406	0.598172	0.597132	0.596092	0.596611	0.59713	0.599744	0.602357	0.604479	0.606601	0.605733	0.604865	0.604031	0.603198	0.603641	0.604084	0.604197	0.604309	0.604283	0.604257	0.604851	0.605444	0.607285	0.609125	0.608724	0.608322	0.606966	0.60561	0.605025	0.604441	0.604207	0.603973	0.603774	0.603575	0.603519	0.603462	0.603393	0.603323	0.603333	0.603343	0.60333	0.603318	0.60336	0.603401	0.603419	0.603436	0.603495	0.603554	0.603586	
0.603576	0.603588	0.60366	0.603732	0.603729	0.603726	0.603731	0.603735	0.603631	0.603527	0.603288	0.60305	0.602613	0.602176	0.601358	0.60054	0.59942	0.598301	0.597145	0.595989	0.596036	0.596082	0.59868	0.601279	0.604249	0.60722	0.606751	0.606282	0.605672	0.605063	0.605455	0.605848	0.605672	0.605496	0.605691	0.605886	0.606292	0.606698	0.607013	0.607329	0.606782	0.606234	0.605572	0.604911	0.604512	0.604114	0.603958	0.603803	0.603639	0.603475	0.603448	0.603422	0.603352	0.603282	0.603311	0.60334	0.603316	0.603292	0.603351	0.60341	0.603411	0.603412	0.603487	0.603563	0.603576	
0.603567	0.603596	0.603656	0.603715	0.603732	0.603749	0.603755	0.60376	0.603687	0.603614	0.603417	0.60322	0.602849	0.602477	0.601769	0.601061	0.600081	0.5991	0.597872	0.596645	0.596516	0.596388	0.598351	0.600315	0.603651	0.606988	0.607494	0.607999	0.606604	0.605208	0.605264	0.605319	0.605346	0.605372	0.605286	0.6052	0.605349	0.605498	0.605724	0.60595	0.605557	0.605164	0.604772	0.60438	0.6041	0.603821	0.603715	0.603609	0.603492	0.603376	0.603357	0.603338	0.603295	0.603251	0.603275	0.603298	0.603293	0.603287	0.603334	0.603382	0.603398	0.603415	0.603477	0.603538	0.603567	
0.603559	0.603603	0.603651	0.603699	0.603735	0.603771	0.603779	0.603786	0.603743	0.6037	0.603546	0.603391	0.603084	0.602777	0.60218	0.601583	0.600741	0.599899	0.5986	0.5973	0.596997	0.596694	0.598022	0.599351	0.603053	0.606756	0.608236	0.609716	0.607535	0.605353	0.605072	0.60479	0.605019	0.605249	0.604882	0.604515	0.604407	0.604299	0.604435	0.60457	0.604332	0.604094	0.603971	0.603848	0.603688	0.603528	0.603471	0.603415	0.603346	0.603276	0.603266	0.603255	0.603238	0.603221	0.603238	0.603256	0.603269	0.603281	0.603317	0.603353	0.603386	0.603418	0.603466	0.603514	0.603559	
0.603549	0.603577	0.603639	0.6037	0.60372	0.60374	0.603758	0.603776	0.603727	0.603678	0.603534	0.603391	0.603114	0.602836	0.602282	0.601728	0.60099	0.600252	0.599103	0.597953	0.597422	0.59689	0.597648	0.598407	0.601662	0.604917	0.606822	0.608728	0.607055	0.605382	0.604698	0.604013	0.604046	0.604078	0.603746	0.603414	0.603473	0.603531	0.60368	0.60383	0.603763	0.603696	0.603633	0.60357	0.603474	0.603378	0.603353	0.603328	0.603272	0.603216	0.603226	0.603236	0.603213	0.603191	0.603225	0.603259	0.60326	0.60326	0.603311	0.603362	0.603379	0.603397	0.603459	0.603521	0.603549	
0.60354	0.603551	0.603626	0.603702	0.603705	0.603709	0.603738	0.603767	0.603711	0.603655	0.603523	0.603391	0.603143	0.602895	0.602384	0.601873	0.601239	0.600605	0.599606	0.598607	0.597847	0.597087	0.597275	0.597463	0.600271	0.603079	0.605409	0.607739	0.606575	0.605411	0.604324	0.603237	0.603072	0.602907	0.60261	0.602313	0.602538	0.602763	0.602926	0.603089	0.603193	0.603298	0.603295	0.603292	0.60326	0.603228	0.603235	0.603241	0.603199	0.603157	0.603187	0.603217	0.603189	0.603162	0.603212	0.603261	0.60325	0.603239	0.603305	0.60337	0.603373	0.603375	0.603452	0.603529	0.60354	
0.603527	0.60355	0.603613	0.603676	0.603693	0.60371	0.603736	0.603763	0.603726	0.603689	0.603582	0.603476	0.603266	0.603057	0.602626	0.602196	0.601646	0.601095	0.600222	0.59935	0.598669	0.597988	0.597803	0.597619	0.599512	0.601406	0.603738	0.606069	0.60533	0.60459	0.603388	0.602186	0.602134	0.602082	0.601949	0.601816	0.602106	0.602396	0.6026	0.602804	0.60292	0.603036	0.603081	0.603125	0.603123	0.60312	0.60314	0.60316	0.60314	0.603121	0.603149	0.603176	0.603165	0.603155	0.603196	0.603236	0.603239	0.603241	0.603294	0.603348	0.603362	0.603377	0.60344	0.603504	0.603527	
0.603514	0.603549	0.6036	0.60365	0.603681	0.603711	0.603735	0.60376	0.603741	0.603723	0.603642	0.603561	0.60339	0.603219	0.602869	0.602519	0.602052	0.601586	0.600839	0.600092	0.599491	0.598889	0.598332	0.597775	0.598754	0.599734	0.602067	0.604399	0.604084	0.603769	0.602452	0.601136	0.601196	0.601257	0.601287	0.601318	0.601673	0.602028	0.602274	0.602519	0.602647	0.602774	0.602867	0.602959	0.602986	0.603012	0.603045	0.603078	0.603082	0.603086	0.60311	0.603135	0.603142	0.603148	0.60318	0.603211	0.603227	0.603243	0.603284	0.603325	0.603352	0.603379	0.603429	0.603478	0.603514	
0.603505	0.603526	0.603589	0.603652	0.603669	0.603687	0.603724	0.60376	0.603739	0.603717	0.603652	0.603587	0.60344	0.603293	0.602975	0.602658	0.602255	0.601851	0.601151	0.600451	0.599872	0.599293	0.598684	0.598076	0.59842	0.598763	0.600673	0.602583	0.602493	0.602403	0.601493	0.600584	0.60078	0.600977	0.601111	0.601246	0.601622	0.601999	0.602219	0.602439	0.602592	0.602746	0.602834	0.602922	0.602956	0.602989	0.603031	0.603072	0.603071	0.603069	0.603106	0.603142	0.603138	0.603134	0.603177	0.603221	0.603224	0.603228	0.603281	0.603334	0.603347	0.60336	0.603422	0.603484	0.603505	
0.603496	0.603502	0.603578	0.603653	0.603658	0.603662	0.603712	0.603761	0.603736	0.603711	0.603663	0.603614	0.603491	0.603367	0.603082	0.602797	0.602457	0.602117	0.601463	0.600809	0.600253	0.599697	0.599037	0.598378	0.598085	0.597793	0.59928	0.600767	0.600902	0.601038	0.600535	0.600031	0.600364	0.600697	0.600935	0.601174	0.601572	0.60197	0.602164	0.602359	0.602538	0.602717	0.602801	0.602885	0.602926	0.602966	0.603016	0.603066	0.603059	0.603053	0.603101	0.603148	0.603134	0.60312	0.603175	0.603231	0.603222	0.603213	0.603278	0.603343	0.603342	0.603341	0.603415	0.60349	0.603496	
0.603481	0.603497	0.603561	0.603624	0.603639	0.603653	0.603697	0.603741	0.603728	0.603716	0.603681	0.603646	0.603547	0.603449	0.603215	0.602981	0.6027	0.602418	0.601849	0.60128	0.600805	0.600331	0.599604	0.598877	0.598543	0.598209	0.598842	0.599475	0.599912	0.600349	0.600132	0.599916	0.600401	0.600886	0.601109	0.601333	0.6017	0.602066	0.602237	0.602407	0.602565	0.602724	0.602801	0.602879	0.602922	0.602965	0.603008	0.603052	0.603055	0.603058	0.603097	0.603136	0.603132	0.603129	0.603173	0.603218	0.603219	0.60322	0.603273	0.603325	0.603334	0.603343	0.603404	0.603465	0.603481	
0.603467	0.603492	0.603543	0.603595	0.603619	0.603643	0.603682	0.60372	0.603721	0.603721	0.603699	0.603677	0.603604	0.603531	0.603348	0.603165	0.602943	0.60272	0.602235	0.60175	0.601357	0.600965	0.600171	0.599377	0.599001	0.598625	0.598404	0.598183	0.598921	0.59966	0.59973	0.5998	0.600437	0.601075	0.601284	0.601493	0.601828	0.602163	0.602309	0.602454	0.602593	0.602731	0.602801	0.602872	0.602918	0.602963	0.603001	0.603038	0.60305	0.603063	0.603093	0.603124	0.60313	0.603137	0.603171	0.603205	0.603216	0.603227	0.603267	0.603308	0.603327	0.603345	0.603393	0.603441	0.603467	
0.603457	0.60347	0.603532	0.603595	0.603607	0.60362	0.603671	0.603721	0.603717	0.603712	0.603707	0.603703	0.603642	0.603581	0.603432	0.603283	0.603106	0.602929	0.602508	0.602086	0.60178	0.601473	0.60073	0.599987	0.59973	0.599474	0.59892	0.598367	0.599191	0.600015	0.600132	0.60025	0.600823	0.601395	0.601568	0.60174	0.602032	0.602323	0.602443	0.602562	0.602679	0.602796	0.60286	0.602923	0.602954	0.602985	0.603026	0.603067	0.603067	0.603067	0.603105	0.603143	0.603137	0.603132	0.603175	0.603218	0.603216	0.603215	0.603266	0.603316	0.603322	0.603328	0.603387	0.603445	0.603457	
0.603448	0.603447	0.603521	0.603594	0.603596	0.603597	0.603659	0.603722	0.603713	0.603703	0.603716	0.603728	0.60368	0.603632	0.603516	0.6034	0.603269	0.603139	0.60278	0.602422	0.602202	0.601981	0.601289	0.600597	0.60046	0.600322	0.599437	0.598551	0.599461	0.60037	0.600535	0.6007	0.601208	0.601716	0.601851	0.601987	0.602235	0.602483	0.602576	0.60267	0.602765	0.602861	0.602918	0.602974	0.602991	0.603007	0.603051	0.603096	0.603083	0.60307	0.603116	0.603162	0.603144	0.603126	0.603179	0.603231	0.603217	0.603204	0.603264	0.603324	0.603318	0.603311	0.60338	0.603449	0.603448	
0.603435	0.603442	0.603504	0.603565	0.603575	0.603584	0.603639	0.603694	0.603693	0.603692	0.603709	0.603725	0.603691	0.603658	0.603571	0.603484	0.603386	0.603287	0.603	0.602712	0.602557	0.602402	0.601828	0.601255	0.60121	0.601165	0.600363	0.59956	0.600351	0.601141	0.601195	0.601249	0.601667	0.602086	0.602164	0.602242	0.602441	0.60264	0.602705	0.60277	0.602846	0.602922	0.602965	0.603007	0.603021	0.603036	0.60307	0.603104	0.603097	0.60309	0.603125	0.603161	0.603151	0.603141	0.603182	0.603224	0.603218	0.603213	0.603262	0.603311	0.603312	0.603314	0.603371	0.603427	0.603435	
0.603421	0.603437	0.603487	0.603536	0.603554	0.603571	0.603618	0.603665	0.603673	0.603682	0.603702	0.603722	0.603703	0.603684	0.603626	0.603568	0.603502	0.603436	0.603219	0.603002	0.602912	0.602823	0.602368	0.601912	0.60196	0.602008	0.601289	0.600569	0.601241	0.601912	0.601855	0.601798	0.602127	0.602457	0.602477	0.602497	0.602647	0.602798	0.602834	0.602871	0.602927	0.602983	0.603011	0.60304	0.603052	0.603065	0.603089	0.603113	0.603111	0.603109	0.603135	0.60316	0.603158	0.603156	0.603186	0.603217	0.60322	0.603223	0.60326	0.603297	0.603307	0.603317	0.603361	0.603405	0.603421	
0.603412	0.603416	0.603475	0.603534	0.603541	0.603548	0.603605	0.603662	0.603663	0.603664	0.603698	0.603732	0.603713	0.603694	0.603661	0.603628	0.603575	0.603522	0.603355	0.603188	0.603121	0.603054	0.602689	0.602325	0.602375	0.602425	0.601873	0.601321	0.601813	0.602306	0.602238	0.602171	0.602419	0.602667	0.60268	0.602694	0.602803	0.602912	0.602943	0.602974	0.603006	0.603038	0.603067	0.603095	0.603092	0.603089	0.603117	0.603145	0.60313	0.603116	0.603148	0.60318	0.603166	0.603153	0.603191	0.603229	0.603221	0.603213	0.603258	0.603304	0.603302	0.603301	0.603354	0.603407	0.603412	
0.603402	0.603395	0.603463	0.603532	0.603528	0.603524	0.603591	0.603659	0.603652	0.603646	0.603694	0.603742	0.603723	0.603704	0.603696	0.603688	0.603648	0.603608	0.603491	0.603373	0.603329	0.603284	0.603011	0.602737	0.602789	0.602841	0.602457	0.602073	0.602386	0.6027	0.602622	0.602544	0.60271	0.602877	0.602884	0.602892	0.602959	0.603026	0.603051	0.603077	0.603086	0.603094	0.603123	0.603151	0.603132	0.603112	0.603145	0.603177	0.60315	0.603123	0.603161	0.6032	0.603175	0.60315	0.603196	0.603241	0.603222	0.603203	0.603257	0.60331	0.603298	0.603285	0.603347	0.603409	0.603402	
0.603392	0.603393	0.60345	0.603507	0.60351	0.603514	0.603572	0.60363	0.603631	0.603631	0.603676	0.603721	0.60371	0.6037	0.603702	0.603704	0.603675	0.603647	0.603562	0.603477	0.603447	0.603418	0.603206	0.602995	0.603043	0.603092	0.60279	0.602488	0.602727	0.602966	0.602881	0.602795	0.60292	0.603044	0.603034	0.603024	0.603069	0.603114	0.603126	0.603138	0.603139	0.60314	0.603158	0.603176	0.603159	0.603141	0.603164	0.603187	0.603165	0.603144	0.603172	0.603201	0.603184	0.603166	0.603201	0.603236	0.603225	0.603214	0.603257	0.603299	0.603295	0.60329	0.603341	0.603391	0.603392	
0.603382	0.60339	0.603436	0.603482	0.603493	0.603504	0.603553	0.603601	0.603609	0.603617	0.603659	0.6037	0.603698	0.603695	0.603707	0.603719	0.603702	0.603685	0.603633	0.60358	0.603566	0.603551	0.603401	0.603252	0.603298	0.603344	0.603124	0.602903	0.603068	0.603233	0.60314	0.603046	0.603129	0.603212	0.603183	0.603155	0.603179	0.603202	0.6032	0.603198	0.603192	0.603186	0.603194	0.603201	0.603185	0.603169	0.603182	0.603196	0.60318	0.603164	0.603183	0.603202	0.603192	0.603182	0.603207	0.603232	0.603228	0.603225	0.603257	0.603288	0.603292	0.603295	0.603334	0.603373	0.603382	
0.603373	0.603371	0.603425	0.603479	0.60348	0.603482	0.603539	0.603596	0.603596	0.603596	0.603647	0.603698	0.603691	0.603683	0.60371	0.603736	0.603718	0.6037	0.603673	0.603646	0.603628	0.60361	0.603506	0.603402	0.603425	0.603448	0.60329	0.603133	0.603236	0.603338	0.603271	0.603203	0.603248	0.603292	0.603273	0.603255	0.603255	0.603256	0.603258	0.603261	0.603239	0.603218	0.60323	0.603241	0.603213	0.603185	0.603203	0.603222	0.603196	0.603169	0.603194	0.603219	0.603199	0.603179	0.60321	0.603242	0.603229	0.603216	0.603255	0.603294	0.603287	0.603281	0.603327	0.603374	0.603373	
0.603364	0.603352	0.603414	0.603476	0.603468	0.60346	0.603525	0.60359	0.603582	0.603575	0.603635	0.603696	0.603684	0.603672	0.603713	0.603753	0.603734	0.603714	0.603713	0.603712	0.603691	0.60367	0.60361	0.603551	0.603552	0.603552	0.603457	0.603362	0.603403	0.603444	0.603402	0.60336	0.603366	0.603372	0.603363	0.603355	0.603332	0.60331	0.603317	0.603323	0.603287	0.60325	0.603266	0.603281	0.603241	0.603201	0.603224	0.603248	0.603211	0.603174	0.603205	0.603236	0.603206	0.603176	0.603214	0.603253	0.60323	0.603207	0.603253	0.603299	0.603283	0.603266	0.603321	0.603375	0.603364	
0.603359	0.603355	0.603406	0.603457	0.603457	0.603457	0.603513	0.603568	0.603568	0.603568	0.603621	0.603675	0.60367	0.603665	0.603705	0.603744	0.603731	0.603718	0.603725	0.603733	0.603716	0.6037	0.60366	0.60362	0.603618	0.603616	0.603543	0.603471	0.603495	0.60352	0.60348	0.60344	0.603437	0.603434	0.603419	0.603404	0.603379	0.603354	0.603352	0.60335	0.603316	0.603282	0.603288	0.603295	0.60326	0.603226	0.60324	0.603253	0.603224	0.603194	0.603216	0.603237	0.603214	0.603192	0.60322	0.603249	0.603234	0.603219	0.603255	0.603291	0.603283	0.603274	0.603318	0.603362	0.603359	
0.603353	0.603359	0.603399	0.603439	0.603447	0.603455	0.603501	0.603547	0.603554	0.603561	0.603608	0.603655	0.603657	0.603658	0.603697	0.603736	0.603729	0.603723	0.603738	0.603753	0.603742	0.60373	0.60371	0.603689	0.603684	0.603679	0.60363	0.60358	0.603588	0.603595	0.603558	0.603521	0.603508	0.603496	0.603474	0.603453	0.603425	0.603398	0.603387	0.603377	0.603345	0.603314	0.603311	0.603308	0.603279	0.603251	0.603255	0.603259	0.603237	0.603215	0.603226	0.603237	0.603223	0.603208	0.603226	0.603245	0.603238	0.603231	0.603257	0.603282	0.603282	0.603282	0.603315	0.603348	0.603353	
0.603346	0.603343	0.60339	0.603438	0.603437	0.603437	0.60349	0.603543	0.603543	0.603543	0.603597	0.603651	0.603648	0.603646	0.603692	0.603738	0.603729	0.603721	0.603746	0.603772	0.603758	0.603744	0.603739	0.603734	0.603721	0.603708	0.603678	0.603648	0.603639	0.60363	0.603606	0.603582	0.603557	0.603531	0.603517	0.603503	0.603466	0.603428	0.603423	0.603417	0.603376	0.603335	0.603337	0.603339	0.603301	0.603263	0.603272	0.603281	0.60325	0.603218	0.603235	0.603252	0.603229	0.603205	0.60323	0.603255	0.603239	0.603223	0.603255	0.603288	0.603279	0.60327	0.60331	0.60335	0.603346	
0.603339	0.603327	0.603382	0.603436	0.603428	0.603419	0.603479	0.603539	0.603533	0.603526	0.603587	0.603647	0.60364	0.603633	0.603687	0.603741	0.603729	0.603718	0.603755	0.603791	0.603774	0.603758	0.603768	0.603779	0.603758	0.603736	0.603726	0.603717	0.603691	0.603665	0.603654	0.603644	0.603605	0.603566	0.60356	0.603554	0.603506	0.603458	0.603458	0.603457	0.603407	0.603357	0.603363	0.603369	0.603322	0.603275	0.603289	0.603303	0.603263	0.603222	0.603245	0.603268	0.603235	0.603202	0.603233	0.603265	0.603239	0.603214	0.603254	0.603293	0.603275	0.603257	0.603305	0.603352	0.603339	
0.603341	0.603337	0.603382	0.603427	0.603427	0.603428	0.603479	0.60353	0.603532	0.603535	0.603588	0.603641	0.603642	0.603643	0.603692	0.60374	0.603737	0.603734	0.603769	0.603803	0.603793	0.603784	0.603795	0.603806	0.60379	0.603774	0.603763	0.603753	0.603731	0.603709	0.603693	0.603677	0.603643	0.60361	0.603595	0.603579	0.603539	0.603499	0.603487	0.603475	0.603434	0.603392	0.603386	0.60338	0.603342	0.603303	0.603306	0.603308	0.603277	0.603245	0.603256	0.603268	0.603244	0.60322	0.603241	0.603262	0.603246	0.603229	0.603259	0.603288	0.603279	0.60327	0.603307	0.603344	0.603341	
