y	b	
0.0976562	0.000736177
0.88352	0.00666037
1.66938	0.0125846
2.45525	0.0185088
3.24111	0.024433
4.02697	0.0303572
4.81284	0.0362815
5.5987	0.0422058
6.38457	0.0481301
7.17043	0.0540544
7.95629	0.0599787
8.74216	0.0659032
9.52802	0.0718277
10.3139	0.0777522
11.0997	0.0836767
11.8856	0.0896015
12.6715	0.0955263
13.4573	0.101451
14.2432	0.107376
15.0291	0.113302
15.8149	0.119227
16.6008	0.125152
17.3867	0.131078
18.1725	0.137005
18.9584	0.142932
19.7442	0.148859
20.5301	0.154786
21.316	0.160716
22.1018	0.166645
22.8877	0.172575
23.6736	0.178506
24.4594	0.18444
25.2453	0.190373
26.0312	0.196307
26.817	0.202243
27.6029	0.208182
28.3887	0.214122
29.1746	0.220062
29.9605	0.226008
30.7463	0.231966
31.5322	0.237925
32.3181	0.243883
33.1039	0.249886
33.8898	0.255964
34.6757	0.262032
35.4615	0.268109
36.2474	0.274223
37.0332	0.280395
37.8191	0.286618
38.605	0.292844
39.3908	0.29885
40.1767	0.304584
40.9626	0.310338
41.7484	0.316052
42.5343	0.321674
43.3202	0.327143
44.106	0.332568
44.8919	0.338042
45.6777	0.343711
46.4636	0.349566
47.2495	0.355474
48.0353	0.361285
48.8212	0.367072
49.6071	0.372813
50.3929	0.378572
51.1788	0.384339
51.9647	0.390255
52.7505	0.396268
53.5364	0.402245
54.3223	0.408212
55.1081	0.414258
55.894	0.420393
56.6798	0.426536
57.4657	0.432672
58.2516	0.438723
59.0374	0.444708
59.8233	0.450693
60.6092	0.456678
61.395	0.462636
62.1809	0.468574
62.9668	0.474512
63.7526	0.480449
64.5385	0.486383
65.3243	0.492313
66.1102	0.498244
66.8961	0.504174
67.6819	0.510103
68.4678	0.516031
69.2537	0.521959
70.0395	0.527887
70.8254	0.533814
71.6113	0.539741
72.3971	0.545668
73.183	0.551595
73.9688	0.557521
74.7547	0.563447
75.5406	0.569372
76.3264	0.575298
77.1123	0.581223
77.8982	0.587149
78.684	0.593074
79.4699	0.598999
80.2558	0.604923
81.0416	0.610848
81.8275	0.616772
82.6133	0.622697
83.3992	0.628621
84.1851	0.634545
84.9709	0.640469
85.7568	0.646393
86.5427	0.652317
87.3285	0.658241
88.1144	0.664165
88.9003	0.670089
89.6861	0.676013
90.472	0.681937
91.2578	0.68786
92.0437	0.693784
92.8296	0.699708
93.6154	0.705632
94.4013	0.711555
95.1872	0.717479
95.973	0.723403
96.7589	0.729326
97.5448	0.73525
98.3306	0.741174
99.1165	0.747097
99.9023	0.753021
