x=115	y=200	z=200	n=65	len=1
b
0	0	0	0	0	0	0	0	0	0	0	0	0	0	0	0	0	0	0	0	0	0	0	0	0	0	0	0	0	0	0	0	0	0	0	0	0	0	0	0	0	0	0	0	0	0	0	0	0	0	0	0	0	0	0	0	0	0	0	0	0	0	0	0	0	
0.0202404	0.0218432	0.0235892	0.0251888	0.0263586	0.0270003	0.0270047	0.026368	0.0252943	0.0239264	0.022452	0.0211122	0.0200629	0.0193759	0.019032	0.0188949	0.0188425	0.0188241	0.0188202	0.0188714	0.0190159	0.019231	0.0194587	0.0196662	0.0198555	0.0200504	0.0202807	0.0205497	0.0208611	0.0212017	0.0215409	0.0218616	0.0221482	0.022383	0.0225611	0.0226762	0.0227455	0.0228154	0.0228949	0.02299	0.0231013	0.0232088	0.0233082	0.0233918	0.023454	0.0234787	0.0234213	0.0232313	0.0228776	0.0223738	0.0218033	0.0212546	0.0207843	0.020392	0.0200115	0.0195825	0.0190974	0.0185987	0.0181488	0.0178266	0.0176786	0.0177437	0.01815	0.0189827	0.0202403	
0.0418685	0.0448802	0.047918	0.0506385	0.0526402	0.0537321	0.053661	0.0523956	0.0503205	0.0477373	0.044971	0.0423558	0.0401515	0.0385805	0.0377808	0.0375593	0.0376422	0.0378892	0.0381709	0.0384502	0.0387697	0.0391585	0.0395688	0.039955	0.0403185	0.0407094	0.0411491	0.0416363	0.0421925	0.0427909	0.0433888	0.0439644	0.0444809	0.0448972	0.045204	0.0453897	0.0454964	0.045609	0.0457597	0.0459733	0.04625	0.0465463	0.0468501	0.0471446	0.0474056	0.0475851	0.0475558	0.0472081	0.0465079	0.0455014	0.0443416	0.0432189	0.0422622	0.0414554	0.0406619	0.0397448	0.0386464	0.03742	0.0362527	0.0354617	0.0352087	0.0356334	0.0369913	0.039165	0.0418683	
0.0635453	0.0677224	0.0718836	0.0756506	0.0784789	0.0800348	0.0799577	0.0781572	0.0751081	0.0712997	0.0672523	0.063442	0.0602387	0.0579472	0.0568295	0.0566574	0.05703	0.0577066	0.058406	0.0590051	0.0595381	0.0600864	0.0606359	0.0611362	0.0615767	0.0620316	0.0625345	0.0631033	0.0637701	0.0645137	0.0652945	0.0660785	0.0668141	0.0674328	0.0679042	0.0681903	0.0683529	0.0685085	0.0687063	0.0690035	0.0694154	0.069889	0.0703994	0.0709142	0.0713995	0.0717473	0.0717212	0.0711801	0.0701357	0.0687095	0.0671355	0.0656433	0.0643579	0.0632246	0.0620443	0.0606259	0.0588943	0.0569239	0.0550147	0.0537277	0.053353	0.0541527	0.0563744	0.0596564	0.063545	
0.085108	0.0901095	0.0951634	0.0997893	0.103318	0.105274	0.105245	0.103113	0.0993394	0.0945335	0.0893998	0.0846068	0.0806811	0.0779733	0.0767617	0.0767868	0.0775764	0.0787479	0.0798646	0.0807762	0.0815149	0.0821883	0.0828257	0.0833673	0.0837639	0.0840967	0.084448	0.0848789	0.0854547	0.0862139	0.0871241	0.0881037	0.0890694	0.0899364	0.090641	0.0910995	0.0913747	0.0915848	0.0917961	0.0921246	0.0926192	0.0932218	0.0938884	0.0945935	0.0952976	0.0957774	0.0956718	0.0948545	0.0934681	0.0917732	0.0900791	0.0885542	0.0872027	0.0858964	0.0843866	0.0824812	0.0801533	0.0775454	0.0750636	0.0734212	0.0729614	0.0739813	0.076659	0.0805152	0.0851076	
0.107369	0.112744	0.118151	0.12304	0.126769	0.128827	0.128817	0.126641	0.122634	0.117378	0.111662	0.106278	0.101903	0.0989757	0.0977634	0.0980872	0.0994336	0.101191	0.102793	0.104031	0.104933	0.105633	0.106247	0.106734	0.106999	0.107088	0.107122	0.107224	0.107484	0.108042	0.108934	0.110064	0.111269	0.112406	0.113374	0.11406	0.114513	0.1148	0.115009	0.115338	0.115889	0.116592	0.117419	0.11838	0.119336	0.119863	0.119533	0.11835	0.116705	0.115027	0.113573	0.112326	0.111123	0.109734	0.107887	0.105491	0.102626	0.0995369	0.096745	0.0949948	0.0945617	0.0956701	0.0984536	0.102483	0.107369	
0.130886	0.135962	0.140984	0.145409	0.148719	0.150503	0.150502	0.148644	0.145018	0.140021	0.134381	0.128909	0.124375	0.121345	0.12013	0.120702	0.122595	0.125026	0.127269	0.128935	0.129978	0.130577	0.130967	0.131226	0.131271	0.13106	0.130693	0.130337	0.130111	0.130252	0.130928	0.132075	0.133478	0.134894	0.136133	0.13708	0.137759	0.138163	0.138388	0.138708	0.139286	0.140084	0.141142	0.142433	0.143527	0.143837	0.143074	0.141554	0.139972	0.138776	0.137953	0.13722	0.136286	0.1348	0.132564	0.129709	0.126451	0.123172	0.120481	0.118961	0.118712	0.119833	0.122441	0.126246	0.130885	
0.15603	0.159985	0.163786	0.166999	0.169285	0.170441	0.170478	0.169335	0.166759	0.162818	0.158022	0.153072	0.148724	0.145668	0.144344	0.144856	0.146982	0.15	0.152977	0.155212	0.156419	0.156807	0.156779	0.156614	0.156336	0.155845	0.155117	0.154277	0.153502	0.153113	0.153435	0.154459	0.155941	0.157574	0.159053	0.16025	0.161156	0.161706	0.161986	0.16228	0.162837	0.163762	0.165162	0.166716	0.167662	0.16742	0.166102	0.164523	0.163484	0.163199	0.163229	0.163089	0.162394	0.160752	0.158205	0.155109	0.15183	0.148885	0.146835	0.145905	0.145971	0.147064	0.149247	0.152335	0.156029	
0.182807	0.184863	0.186687	0.188038	0.18879	0.189026	0.189117	0.189038	0.188147	0.186076	0.182991	0.179325	0.175671	0.17268	0.170973	0.17088	0.172538	0.175611	0.179102	0.181955	0.183464	0.183673	0.18314	0.182433	0.181814	0.181153	0.180214	0.17901	0.177778	0.176902	0.176834	0.177641	0.179068	0.180771	0.182365	0.18371	0.184779	0.185466	0.185805	0.186038	0.186538	0.18766	0.189409	0.191009	0.191485	0.190482	0.188736	0.187492	0.187372	0.188152	0.188999	0.189352	0.18877	0.187023	0.184503	0.181708	0.179112	0.177181	0.176236	0.176129	0.176553	0.177503	0.178955	0.180775	0.182807	
0.210406	0.210094	0.209533	0.208694	0.207653	0.206816	0.206935	0.208094	0.209334	0.209797	0.209233	0.207704	0.205459	0.202878	0.200532	0.199163	0.199419	0.201496	0.204786	0.20805	0.210073	0.210407	0.209482	0.208236	0.207388	0.206747	0.205774	0.204418	0.202998	0.201909	0.201562	0.202078	0.203274	0.204815	0.206324	0.207642	0.208737	0.209488	0.209852	0.210023	0.210518	0.211873	0.213779	0.215124	0.214865	0.213124	0.211267	0.210644	0.211553	0.213217	0.214615	0.21526	0.214791	0.213248	0.211314	0.209539	0.208343	0.207932	0.20827	0.208938	0.209553	0.210071	0.21041	0.210514	0.210406	
0.237173	0.234666	0.231926	0.229068	0.226347	0.22449	0.22456	0.22682	0.230181	0.23337	0.235767	0.237002	0.23687	0.23545	0.232902	0.229949	0.227923	0.227863	0.229846	0.232901	0.235477	0.236392	0.235531	0.233971	0.232991	0.232476	0.231599	0.230342	0.229193	0.228371	0.227984	0.228137	0.228811	0.229857	0.23105	0.232195	0.23318	0.233888	0.234262	0.234468	0.235071	0.23657	0.238376	0.239079	0.237874	0.235616	0.233917	0.233979	0.235722	0.237922	0.239578	0.240365	0.240181	0.239299	0.238454	0.238166	0.238657	0.239806	0.241171	0.242165	0.242502	0.242146	0.241062	0.23935	0.237174	
0.261774	0.257866	0.253693	0.249432	0.245507	0.242866	0.242745	0.245602	0.250458	0.255842	0.260845	0.26485	0.267234	0.26767	0.266012	0.262411	0.258145	0.255212	0.254833	0.256771	0.259567	0.261391	0.261281	0.259887	0.258686	0.258122	0.257457	0.25667	0.256328	0.256217	0.25598	0.255696	0.255577	0.255822	0.25649	0.257356	0.25817	0.258803	0.259272	0.259701	0.260471	0.261851	0.263159	0.262871	0.260655	0.258075	0.256697	0.257366	0.259593	0.262025	0.263814	0.264756	0.264996	0.265014	0.265433	0.266605	0.268511	0.270673	0.272314	0.272903	0.272377	0.270809	0.268373	0.265309	0.261774	
0.284336	0.280026	0.275358	0.270523	0.266046	0.26293	0.262419	0.265113	0.270349	0.276762	0.283263	0.289217	0.293919	0.296551	0.296655	0.293981	0.289028	0.283762	0.280588	0.280589	0.282929	0.285591	0.286707	0.285894	0.284262	0.283243	0.282941	0.283068	0.283778	0.284479	0.284444	0.283797	0.283002	0.282487	0.282552	0.282978	0.283494	0.284084	0.284901	0.285826	0.28671	0.287561	0.287812	0.286267	0.283183	0.280481	0.27956	0.280771	0.28325	0.285764	0.287656	0.288814	0.289505	0.290317	0.29174	0.293886	0.296462	0.298662	0.299682	0.299288	0.297628	0.295018	0.291833	0.288264	0.284336	
0.306087	0.302233	0.29795	0.293375	0.289003	0.285736	0.284681	0.286465	0.290822	0.296792	0.303359	0.309926	0.315991	0.320676	0.322974	0.322278	0.318531	0.312881	0.30779	0.305557	0.30661	0.309372	0.311454	0.311324	0.309287	0.307483	0.307421	0.30851	0.309983	0.311206	0.311498	0.310979	0.31017	0.309427	0.308986	0.308759	0.308774	0.309298	0.310627	0.312243	0.313238	0.313262	0.312036	0.309078	0.305399	0.302971	0.30273	0.304506	0.307172	0.309695	0.311613	0.312916	0.313952	0.315226	0.31706	0.319409	0.321726	0.323096	0.322988	0.32147	0.318942	0.315957	0.312826	0.309573	0.306087	
0.328245	0.325444	0.322216	0.318619	0.314995	0.311989	0.310413	0.31082	0.313284	0.317421	0.322617	0.32842	0.334517	0.340381	0.34486	0.346691	0.345365	0.341403	0.336404	0.332674	0.331774	0.333353	0.335354	0.335671	0.333629	0.331141	0.330756	0.332129	0.333764	0.335095	0.335905	0.336198	0.336154	0.335779	0.335073	0.334235	0.333727	0.334096	0.335715	0.337837	0.338946	0.338149	0.335449	0.331408	0.327733	0.326141	0.326871	0.329198	0.331923	0.334249	0.335934	0.337112	0.338157	0.33942	0.341052	0.342897	0.344287	0.344492	0.343262	0.340921	0.338169	0.335523	0.333083	0.330727	0.328246	
0.351315	0.349831	0.348051	0.345941	0.343607	0.341303	0.33944	0.338417	0.33853	0.339969	0.342689	0.346541	0.35144	0.357243	0.363205	0.367655	0.369287	0.368175	0.365153	0.361581	0.359062	0.358489	0.359119	0.35926	0.357618	0.354984	0.353743	0.35438	0.355618	0.356866	0.358234	0.359526	0.360411	0.360556	0.359882	0.358837	0.358075	0.358244	0.359713	0.361796	0.362827	0.361433	0.357876	0.353807	0.351209	0.351068	0.35282	0.35532	0.357601	0.359213	0.360191	0.360847	0.361502	0.362351	0.363418	0.364448	0.364815	0.363992	0.361978	0.359409	0.357066	0.355246	0.353835	0.352597	0.351315	
0.375198	0.374989	0.374686	0.374148	0.373202	0.37177	0.369934	0.367877	0.365948	0.364674	0.364493	0.365686	0.368501	0.373207	0.379527	0.385875	0.390314	0.392196	0.391916	0.390124	0.387583	0.385293	0.383933	0.383159	0.381916	0.37978	0.377897	0.377288	0.37776	0.378905	0.380556	0.382187	0.383231	0.383435	0.38288	0.38203	0.381357	0.381411	0.382481	0.384052	0.384683	0.382975	0.379695	0.377116	0.376715	0.378307	0.380613	0.38249	0.383505	0.383786	0.383673	0.383554	0.383625	0.383962	0.384493	0.384857	0.384469	0.382948	0.380613	0.37834	0.376766	0.375939	0.375565	0.375369	0.375198	
0.399702	0.400574	0.401421	0.401972	0.401903	0.401042	0.399378	0.396934	0.393891	0.390725	0.388079	0.386612	0.387018	0.389989	0.395593	0.402478	0.408662	0.412953	0.415193	0.415688	0.414673	0.412489	0.410136	0.408485	0.407307	0.405883	0.404295	0.403228	0.403206	0.404067	0.405214	0.405898	0.405756	0.405083	0.404289	0.403681	0.403326	0.403529	0.404345	0.405164	0.405015	0.403362	0.401627	0.401703	0.403784	0.406576	0.408583	0.409137	0.408535	0.407489	0.406443	0.405685	0.405301	0.405302	0.405502	0.40542	0.404481	0.402559	0.400274	0.398506	0.397713	0.397756	0.398242	0.398916	0.399702	
0.42465	0.426358	0.427848	0.428784	0.428908	0.428163	0.426632	0.424344	0.421297	0.417599	0.413652	0.410189	0.40829	0.409075	0.412972	0.419095	0.425627	0.43109	0.434905	0.437127	0.437971	0.437582	0.436425	0.435245	0.434203	0.43308	0.432294	0.432042	0.432308	0.432656	0.4324	0.431085	0.428816	0.42649	0.424949	0.42445	0.42465	0.425341	0.425971	0.425756	0.424628	0.423617	0.424309	0.42717	0.431	0.433964	0.434999	0.43424	0.43264	0.431064	0.429783	0.428893	0.428371	0.428146	0.427918	0.427204	0.425686	0.423574	0.421523	0.420193	0.419908	0.420508	0.421612	0.423016	0.42465	
0.449706	0.451924	0.453568	0.454424	0.454436	0.45368	0.452371	0.450697	0.448656	0.445957	0.442328	0.437968	0.43398	0.431979	0.433103	0.437278	0.443021	0.448448	0.452537	0.455369	0.457481	0.45941	0.461108	0.462126	0.462048	0.460965	0.460292	0.460644	0.461344	0.461093	0.459148	0.455831	0.451766	0.44815	0.446126	0.445947	0.446822	0.447843	0.447964	0.446843	0.445371	0.445476	0.448575	0.453615	0.458245	0.460561	0.460498	0.459186	0.457666	0.456525	0.455739	0.455123	0.454459	0.45357	0.452244	0.450379	0.448176	0.446036	0.444313	0.443277	0.44313	0.443854	0.445307	0.44735	0.449706	
0.474325	0.476691	0.478227	0.478991	0.479119	0.478686	0.477862	0.476931	0.476148	0.47534	0.473563	0.469847	0.464684	0.459965	0.457646	0.458624	0.462192	0.46659	0.470117	0.472525	0.474911	0.47854	0.483304	0.48746	0.489354	0.488699	0.487364	0.486945	0.487213	0.486275	0.483169	0.478964	0.474808	0.471583	0.470001	0.470192	0.471062	0.471391	0.470559	0.469257	0.468776	0.470526	0.475646	0.482228	0.486706	0.487608	0.486478	0.485279	0.484614	0.484441	0.484313	0.483772	0.482442	0.48018	0.477144	0.473869	0.471054	0.469038	0.467728	0.466985	0.466821	0.467409	0.469013	0.471524	0.474325	
0.498422	0.500622	0.502114	0.50311	0.503795	0.504079	0.503852	0.503226	0.502669	0.502701	0.502727	0.501158	0.497345	0.492242	0.487474	0.484622	0.484394	0.486345	0.488745	0.490357	0.492086	0.496032	0.502827	0.50999	0.514333	0.514841	0.513072	0.511084	0.509967	0.508403	0.505454	0.502465	0.500337	0.498758	0.497708	0.497456	0.497075	0.495599	0.493465	0.492947	0.495494	0.500034	0.506201	0.512362	0.515281	0.514495	0.512359	0.511163	0.511154	0.511474	0.51125	0.510013	0.507554	0.50396	0.499754	0.495876	0.493139	0.491632	0.490949	0.490792	0.491035	0.49177	0.49334	0.495759	0.498422	
0.523295	0.525044	0.52658	0.527949	0.529257	0.530272	0.530669	0.530102	0.528822	0.527721	0.527375	0.527208	0.525956	0.522958	0.518316	0.513221	0.509333	0.507984	0.508711	0.509612	0.510254	0.512811	0.519516	0.528323	0.53511	0.537976	0.537179	0.534016	0.531047	0.529006	0.527339	0.526774	0.526977	0.526659	0.525615	0.524391	0.522503	0.519627	0.517349	0.519389	0.526135	0.532401	0.536422	0.538987	0.539919	0.538813	0.536441	0.535067	0.53475	0.534323	0.532964	0.530508	0.52708	0.523039	0.519162	0.516394	0.515131	0.515151	0.516015	0.517282	0.518522	0.519538	0.520491	0.521688	0.523295	
0.551812	0.552566	0.553653	0.554794	0.556048	0.557338	0.5584	0.558234	0.556404	0.553664	0.551301	0.550238	0.549619	0.547893	0.544149	0.538863	0.533591	0.530204	0.52953	0.530187	0.530184	0.530306	0.534068	0.541675	0.55001	0.556303	0.55876	0.556571	0.552103	0.548908	0.547979	0.548683	0.549505	0.54935	0.548438	0.54742	0.545889	0.543607	0.542774	0.546867	0.553836	0.55831	0.559337	0.559105	0.559928	0.55996	0.55808	0.556543	0.555296	0.553534	0.551058	0.547955	0.544479	0.541227	0.539148	0.538974	0.540567	0.543288	0.546477	0.549417	0.551481	0.552501	0.552498	0.551916	0.551812	
0.583864	0.583276	0.583237	0.583428	0.583848	0.584738	0.586077	0.586641	0.585243	0.582158	0.578481	0.575147	0.572393	0.569336	0.564912	0.559727	0.555456	0.553221	0.552539	0.552426	0.552185	0.551096	0.550617	0.553543	0.560556	0.568904	0.575179	0.576932	0.573209	0.568597	0.567472	0.568166	0.568416	0.568201	0.568385	0.568935	0.568543	0.56653	0.565395	0.568204	0.573553	0.577503	0.578117	0.577432	0.578588	0.579717	0.578762	0.577396	0.57573	0.573311	0.570571	0.567793	0.565301	0.563954	0.564733	0.567646	0.571803	0.576202	0.580108	0.583137	0.585134	0.586115	0.58603	0.585028	0.583864	
0.612905	0.611858	0.611052	0.610604	0.610411	0.610533	0.611223	0.612231	0.61223	0.610497	0.607789	0.604123	0.60021	0.595777	0.589257	0.582584	0.578958	0.57825	0.577525	0.576119	0.576093	0.57799	0.57829	0.576428	0.576208	0.580475	0.587585	0.593247	0.592254	0.587304	0.586192	0.58741	0.588078	0.588174	0.588635	0.589449	0.588813	0.585952	0.58335	0.585043	0.591679	0.597674	0.598386	0.596597	0.596762	0.598875	0.600271	0.600641	0.600093	0.59811	0.595552	0.593449	0.592356	0.593001	0.596066	0.600702	0.605291	0.608783	0.610964	0.612124	0.612757	0.613241	0.613638	0.613628	0.612905	
0.634279	0.633707	0.633003	0.632577	0.632329	0.63191	0.631787	0.632865	0.634698	0.636136	0.636704	0.635393	0.633205	0.6305	0.622828	0.611897	0.605048	0.602731	0.602876	0.604014	0.605376	0.606298	0.604284	0.600197	0.597213	0.59941	0.604414	0.609275	0.609641	0.605228	0.60428	0.606647	0.608721	0.60876	0.60767	0.607156	0.606609	0.604161	0.601467	0.605103	0.615116	0.623389	0.622271	0.614898	0.6123	0.616135	0.620503	0.622823	0.623664	0.623323	0.622165	0.620944	0.620741	0.622663	0.626702	0.630956	0.63391	0.635325	0.635553	0.635029	0.634242	0.633734	0.633844	0.634259	0.634279	
0.650074	0.649736	0.64939	0.649118	0.648953	0.648846	0.649145	0.650359	0.652411	0.655059	0.65795	0.659763	0.659163	0.656999	0.649787	0.638297	0.630255	0.62758	0.630595	0.635561	0.637395	0.634918	0.632448	0.631335	0.629916	0.630069	0.62942	0.630083	0.630421	0.627219	0.625339	0.627144	0.629873	0.629989	0.628955	0.62967	0.630982	0.627998	0.622513	0.624911	0.638736	0.652465	0.651307	0.638484	0.630826	0.633565	0.639158	0.641087	0.640477	0.64073	0.642253	0.643885	0.645443	0.648541	0.652323	0.654326	0.654675	0.654493	0.653954	0.653177	0.652201	0.651145	0.650476	0.650265	0.650074	
0.663348	0.662896	0.662672	0.662574	0.662681	0.663089	0.663947	0.665308	0.667296	0.670457	0.67396	0.675131	0.672932	0.670116	0.665834	0.659215	0.653393	0.652838	0.66017	0.671179	0.679057	0.679747	0.67726	0.676055	0.674225	0.667621	0.658999	0.655933	0.657946	0.659479	0.658958	0.65912	0.659553	0.658705	0.658512	0.661123	0.664018	0.659881	0.649986	0.644616	0.65259	0.670619	0.676564	0.665654	0.655355	0.654293	0.659302	0.660841	0.657903	0.655843	0.656628	0.660009	0.664317	0.668298	0.670801	0.670669	0.669344	0.668711	0.668562	0.66841	0.667795	0.666531	0.665158	0.664106	0.663348	
0.677532	0.677283	0.677389	0.677622	0.677753	0.677801	0.678128	0.679368	0.682085	0.68601	0.688548	0.686537	0.682444	0.681802	0.683116	0.680953	0.675887	0.676693	0.687018	0.700524	0.711579	0.715695	0.710314	0.706499	0.707793	0.700355	0.688068	0.683361	0.687126	0.692643	0.695342	0.695652	0.693694	0.691458	0.690466	0.691203	0.692212	0.688714	0.680194	0.671347	0.669285	0.683283	0.693898	0.68701	0.678751	0.676752	0.679928	0.681336	0.67754	0.672299	0.669223	0.669737	0.673008	0.67632	0.678545	0.680083	0.680487	0.680555	0.681204	0.681602	0.681244	0.68029	0.679183	0.678198	0.677532	
0.694265	0.694459	0.694761	0.694826	0.69429	0.693536	0.693257	0.694079	0.695829	0.697547	0.697445	0.694486	0.691162	0.691637	0.695224	0.696035	0.693223	0.694407	0.702108	0.710339	0.717463	0.723833	0.724118	0.722684	0.724797	0.720997	0.712261	0.708588	0.710051	0.712052	0.714477	0.716145	0.714592	0.712071	0.710177	0.708901	0.708056	0.706723	0.703612	0.698841	0.695434	0.701703	0.70943	0.706035	0.700413	0.69942	0.70095	0.701597	0.699254	0.695322	0.692182	0.6905	0.690448	0.690586	0.68916	0.688539	0.689943	0.69142	0.692549	0.69328	0.693585	0.693744	0.693912	0.694088	0.694265	
0.712288	0.713099	0.713375	0.712848	0.711455	0.70996	0.709259	0.7094	0.709352	0.708371	0.705917	0.702227	0.699168	0.698394	0.70012	0.702067	0.702366	0.703573	0.707752	0.714	0.722067	0.730382	0.734798	0.735627	0.73617	0.734428	0.730618	0.72864	0.726133	0.722203	0.722	0.724177	0.723987	0.72222	0.720831	0.720142	0.720267	0.721133	0.721579	0.720711	0.719421	0.722917	0.729295	0.728611	0.723718	0.722138	0.723127	0.724511	0.726015	0.72765	0.728384	0.727732	0.725949	0.722198	0.715517	0.709042	0.706713	0.706919	0.70731	0.707868	0.708626	0.709346	0.710101	0.711149	0.712288	
0.73467	0.735209	0.73524	0.734312	0.732487	0.730575	0.729327	0.728494	0.727095	0.724818	0.722445	0.7206	0.718696	0.717153	0.717885	0.720374	0.721632	0.722273	0.725844	0.733474	0.742647	0.750397	0.755215	0.75676	0.755036	0.75047	0.745898	0.743735	0.739994	0.733579	0.731769	0.735597	0.73849	0.737787	0.736497	0.736131	0.736633	0.738562	0.741285	0.743056	0.742743	0.745301	0.751768	0.754157	0.751164	0.748014	0.74735	0.748723	0.751931	0.756296	0.759887	0.761377	0.760451	0.757095	0.751378	0.74455	0.739195	0.736225	0.734634	0.733837	0.733643	0.733641	0.733731	0.734084	0.73467	
0.764046	0.762827	0.761652	0.760045	0.758067	0.756215	0.754713	0.753213	0.751351	0.749562	0.749113	0.750414	0.751584	0.752152	0.753987	0.756595	0.758044	0.759501	0.76397	0.771434	0.777584	0.781032	0.783252	0.782816	0.777667	0.769131	0.761109	0.757111	0.753964	0.748796	0.747335	0.753406	0.760775	0.762449	0.761301	0.760489	0.760094	0.76176	0.765469	0.768219	0.767334	0.766195	0.769475	0.774479	0.776421	0.775063	0.77332	0.773327	0.775643	0.779578	0.783952	0.787447	0.789192	0.789006	0.786672	0.782352	0.777666	0.773955	0.771296	0.769541	0.768489	0.76774	0.766839	0.765526	0.764047	
0.794338	0.792113	0.790136	0.788077	0.786043	0.784276	0.782665	0.780947	0.779388	0.778814	0.779877	0.782492	0.785665	0.788679	0.791598	0.793938	0.796218	0.799564	0.804019	0.808135	0.808937	0.807296	0.805674	0.802561	0.795747	0.786134	0.776793	0.771666	0.770233	0.770063	0.772708	0.77965	0.787515	0.791061	0.791841	0.791701	0.790703	0.791144	0.793111	0.794288	0.792773	0.789721	0.789039	0.791599	0.794663	0.796005	0.795741	0.795757	0.79728	0.800394	0.804647	0.809232	0.813156	0.815532	0.815796	0.813946	0.810947	0.807874	0.805264	0.803378	0.802085	0.8009	0.79926	0.796923	0.794339	
0.819712	0.817921	0.816321	0.814581	0.81275	0.810949	0.809091	0.807226	0.806027	0.806412	0.808692	0.812485	0.816894	0.821125	0.824793	0.827582	0.830082	0.832624	0.834332	0.834173	0.831308	0.827367	0.824032	0.81959	0.812441	0.803408	0.795219	0.792292	0.796061	0.803441	0.811669	0.818323	0.822226	0.824422	0.82628	0.826509	0.825307	0.824846	0.824544	0.823879	0.823036	0.821641	0.820026	0.818787	0.817907	0.817349	0.816754	0.816407	0.816901	0.818637	0.821847	0.82637	0.831479	0.835984	0.838775	0.839371	0.83814	0.835829	0.833165	0.830755	0.828693	0.826651	0.824381	0.821949	0.819712	
0.841553	0.840305	0.839205	0.837891	0.836324	0.834553	0.832643	0.831022	0.830599	0.832208	0.83594	0.841144	0.846722	0.851654	0.855476	0.857985	0.859378	0.859721	0.858513	0.855617	0.851285	0.846559	0.84232	0.837698	0.831775	0.825149	0.820286	0.821815	0.830809	0.842533	0.852518	0.857679	0.858789	0.859959	0.86186	0.862065	0.861038	0.860043	0.858468	0.856991	0.856688	0.85686	0.855853	0.853265	0.849787	0.846273	0.843169	0.840659	0.838884	0.838246	0.839354	0.842508	0.847371	0.852773	0.857291	0.859972	0.860636	0.859541	0.857174	0.854289	0.851396	0.848531	0.84576	0.843354	0.841553	
0.863791	0.862513	0.861404	0.860189	0.85885	0.857502	0.856395	0.85617	0.857692	0.86136	0.866716	0.872633	0.877868	0.881618	0.883794	0.884556	0.884112	0.882555	0.879681	0.875506	0.870484	0.865543	0.86143	0.858273	0.855666	0.853249	0.852391	0.856346	0.86537	0.875763	0.884128	0.887957	0.888591	0.889781	0.891581	0.892214	0.892063	0.891394	0.889931	0.888668	0.888147	0.887864	0.88671	0.884215	0.88081	0.876936	0.872818	0.868645	0.864645	0.861475	0.860093	0.861136	0.864642	0.869681	0.874731	0.878486	0.8804	0.88052	0.879079	0.876622	0.873799	0.870915	0.868098	0.865626	0.863791	
0.889158	0.887541	0.886012	0.884597	0.883486	0.883008	0.883549	0.885534	0.889254	0.894419	0.90009	0.905097	0.908548	0.910074	0.909909	0.908498	0.906237	0.90329	0.899351	0.894378	0.889059	0.884611	0.882074	0.882089	0.883964	0.885975	0.888164	0.892089	0.897962	0.904377	0.909658	0.912172	0.912666	0.913449	0.914596	0.915126	0.915556	0.915928	0.915811	0.915515	0.914888	0.913727	0.911975	0.909715	0.90713	0.904162	0.900602	0.89643	0.891822	0.887391	0.884175	0.883137	0.884706	0.888429	0.893026	0.897061	0.899718	0.900807	0.900422	0.898936	0.896937	0.894876	0.892878	0.890945	0.889158	
0.917073	0.91556	0.913801	0.912193	0.911227	0.911372	0.912965	0.916053	0.920383	0.925284	0.929863	0.933315	0.935066	0.934859	0.932957	0.929972	0.926549	0.922921	0.918617	0.913485	0.90857	0.905483	0.90542	0.908628	0.913645	0.918325	0.922005	0.925188	0.928074	0.930621	0.932679	0.933578	0.933396	0.933271	0.933608	0.933961	0.934689	0.93595	0.9372	0.937989	0.93781	0.93663	0.934807	0.932743	0.930686	0.928519	0.925885	0.922529	0.918443	0.914035	0.910038	0.907422	0.906992	0.908872	0.912338	0.916186	0.919445	0.921557	0.922296	0.921845	0.920785	0.919744	0.91896	0.918182	0.917073	
0.944766	0.943854	0.942414	0.940952	0.940088	0.940297	0.941775	0.944378	0.947758	0.951354	0.954542	0.956724	0.957366	0.956145	0.953234	0.949358	0.945394	0.941685	0.93788	0.933923	0.930839	0.929945	0.932064	0.936755	0.942259	0.947074	0.9506	0.952722	0.95355	0.953425	0.952919	0.952293	0.951451	0.950706	0.950546	0.951061	0.952325	0.954206	0.956248	0.957822	0.958438	0.958076	0.956942	0.955377	0.953699	0.951997	0.950059	0.94753	0.944187	0.94021	0.936057	0.932492	0.930389	0.930331	0.932265	0.935476	0.939046	0.942162	0.944207	0.945	0.944964	0.94479	0.944866	0.945017	0.944767	
0.970532	0.970189	0.969348	0.96836	0.967725	0.967855	0.968877	0.970656	0.972928	0.975285	0.977223	0.978168	0.977635	0.975382	0.971676	0.967396	0.963544	0.960581	0.958438	0.957098	0.956864	0.958243	0.96148	0.9658	0.969905	0.973111	0.97518	0.975977	0.975493	0.973879	0.971859	0.970215	0.968952	0.967881	0.967389	0.968028	0.969735	0.971991	0.974371	0.976408	0.977813	0.978551	0.978559	0.977892	0.97677	0.975436	0.973932	0.972018	0.969358	0.965869	0.961756	0.957595	0.954189	0.952355	0.952579	0.954699	0.958052	0.961756	0.964949	0.967122	0.968356	0.969105	0.969738	0.970305	0.970532	
0.994138	0.994243	0.994043	0.993763	0.993703	0.994113	0.995054	0.996417	0.997929	0.999188	0.999723	0.999067	0.996966	0.993474	0.98915	0.985069	0.982274	0.981167	0.981634	0.983267	0.985538	0.988271	0.991332	0.994064	0.995906	0.996826	0.996925	0.996443	0.995395	0.993582	0.991389	0.989448	0.987848	0.986393	0.985501	0.985956	0.987662	0.989923	0.992311	0.994554	0.996554	0.998235	0.999356	0.999704	0.999331	0.998479	0.997331	0.995848	0.993793	0.99094	0.98721	0.982874	0.978576	0.975205	0.973635	0.974241	0.976742	0.980376	0.984181	0.987432	0.989864	0.991579	0.992791	0.993642	0.994138	
1.01595	1.01655	1.01708	1.01771	1.01862	1.01982	1.02118	1.02243	1.0232	1.02314	1.02193	1.01938	1.01566	1.0112	1.00685	1.00378	1.00284	1.00407	1.00688	1.01036	1.01375	1.01662	1.01868	1.01959	1.01931	1.01817	1.01671	1.01556	1.01482	1.01393	1.01255	1.01078	1.00883	1.0069	1.00557	1.00553	1.00674	1.00861	1.0107	1.01288	1.01515	1.0174	1.0193	1.02045	1.02076	1.02044	1.0197	1.01859	1.01704	1.01486	1.01189	1.00807	1.00369	0.999429	0.996258	0.995064	0.996079	0.998859	1.00257	1.00632	1.00957	1.01209	1.01389	1.01512	1.01595	
1.03659	1.03779	1.03914	1.0408	1.0428	1.04495	1.04684	1.04794	1.04785	1.04635	1.04337	1.03921	1.03441	1.02972	1.02613	1.02462	1.02556	1.02848	1.03235	1.03615	1.03931	1.04152	1.04249	1.04205	1.04031	1.03792	1.03593	1.03517	1.03549	1.03587	1.03535	1.03377	1.03164	1.0295	1.02787	1.02723	1.02762	1.02879	1.03032	1.03212	1.03427	1.03666	1.03891	1.0405	1.04125	1.04132	1.04095	1.04021	1.03907	1.03749	1.03534	1.0325	1.0289	1.02478	1.02083	1.01808	1.01729	1.01853	1.02131	1.02484	1.02833	1.03132	1.03363	1.0353	1.03659	
1.0567	1.05853	1.06068	1.06327	1.06618	1.06903	1.07119	1.07202	1.07113	1.06844	1.0643	1.05938	1.05444	1.05034	1.04799	1.04796	1.0501	1.05357	1.05726	1.0604	1.06266	1.06391	1.06394	1.06258	1.06009	1.05746	1.05598	1.05628	1.05774	1.0589	1.05867	1.0572	1.05534	1.05361	1.05215	1.05113	1.05075	1.05102	1.05177	1.05293	1.05462	1.05677	1.05898	1.06073	1.06167	1.06189	1.06166	1.06111	1.06024	1.0591	1.05769	1.05588	1.05347	1.05033	1.04671	1.04331	1.04108	1.04059	1.04182	1.04431	1.04734	1.05028	1.05282	1.0549	1.0567	
1.07691	1.07925	1.08198	1.0852	1.08866	1.09182	1.09398	1.09451	1.09311	1.08993	1.08563	1.081	1.07682	1.0739	1.07282	1.07373	1.07617	1.07921	1.08198	1.08402	1.08518	1.08542	1.08457	1.08259	1.07998	1.0779	1.07742	1.07876	1.0808	1.08193	1.08158	1.0804	1.07924	1.07836	1.07754	1.07667	1.0759	1.07542	1.07531	1.07563	1.07657	1.07815	1.08003	1.08171	1.08274	1.08301	1.08268	1.08199	1.08111	1.08018	1.07927	1.07836	1.07719	1.07541	1.07289	1.06992	1.06719	1.06544	1.06508	1.06603	1.0679	1.07018	1.0725	1.07473	1.07691	
1.09797	1.10048	1.10341	1.10677	1.1103	1.11342	1.11543	1.11581	1.11441	1.11162	1.10817	1.10472	1.10194	1.10037	1.10026	1.10147	1.10348	1.10551	1.10699	1.10775	1.10775	1.10696	1.10532	1.10306	1.10086	1.09971	1.10023	1.10214	1.10405	1.1047	1.1043	1.10369	1.10337	1.1033	1.1032	1.10288	1.10226	1.10148	1.10075	1.10022	1.10014	1.10079	1.10204	1.10345	1.10451	1.10488	1.10445	1.10347	1.10235	1.10134	1.10063	1.10031	1.10017	1.09977	1.09872	1.09693	1.09468	1.09258	1.09116	1.09069	1.09114	1.09228	1.09388	1.09579	1.09797	
1.12067	1.1228	1.12538	1.12834	1.13142	1.13417	1.13596	1.13645	1.13564	1.13396	1.13202	1.1303	1.12916	1.12883	1.12931	1.13038	1.13154	1.13227	1.13236	1.13179	1.13061	1.12887	1.12672	1.12459	1.12316	1.123	1.12421	1.12613	1.12746	1.12766	1.12742	1.12744	1.12784	1.12839	1.12884	1.12908	1.12892	1.12828	1.12729	1.1261	1.125	1.12449	1.12479	1.12568	1.12665	1.12714	1.12678	1.12569	1.12435	1.12317	1.12241	1.12229	1.12277	1.12347	1.12387	1.12358	1.12251	1.12093	1.11931	1.11805	1.11737	1.11732	1.11789	1.11902	1.12067	
1.14539	1.14659	1.14827	1.1503	1.1525	1.15458	1.15614	1.15694	1.15707	1.15685	1.15666	1.15673	1.15713	1.1578	1.1586	1.15929	1.15948	1.15895	1.15773	1.15595	1.15376	1.15138	1.14913	1.1475	1.14695	1.14759	1.14911	1.15061	1.15129	1.15123	1.15121	1.15168	1.15252	1.15346	1.15431	1.15497	1.15522	1.15486	1.15386	1.15233	1.15052	1.14898	1.14822	1.14834	1.14898	1.14951	1.14938	1.14851	1.14722	1.14598	1.14513	1.14496	1.14561	1.14688	1.14832	1.14941	1.14977	1.14931	1.14826	1.14697	1.1458	1.14496	1.14458	1.14471	1.14539	
1.17172	1.17171	1.17213	1.17291	1.17399	1.17526	1.17653	1.17768	1.17877	1.17997	1.18135	1.18292	1.18451	1.18588	1.18679	1.18703	1.18639	1.18486	1.18265	1.18001	1.17727	1.17474	1.17282	1.17189	1.17208	1.17318	1.17458	1.1755	1.17564	1.17544	1.17554	1.17618	1.17717	1.17826	1.17931	1.18019	1.18067	1.18051	1.17965	1.17811	1.17603	1.17385	1.17222	1.17152	1.17163	1.17204	1.17217	1.17177	1.1709	1.16988	1.16907	1.16881	1.16934	1.17064	1.17247	1.1744	1.17596	1.17675	1.1767	1.176	1.17495	1.17384	1.17286	1.17212	1.17172	
1.19862	1.19754	1.19674	1.19628	1.19627	1.19675	1.19769	1.19906	1.20087	1.20308	1.20558	1.20814	1.21048	1.21221	1.21307	1.21293	1.21174	1.20963	1.20692	1.20402	1.2013	1.19911	1.19781	1.19754	1.19819	1.19932	1.20029	1.20062	1.20038	1.20005	1.20013	1.20071	1.20159	1.20259	1.20359	1.20444	1.20496	1.20491	1.20424	1.20295	1.20102	1.1987	1.1966	1.19527	1.19481	1.19495	1.19527	1.1954	1.19516	1.19468	1.19417	1.19395	1.19427	1.19528	1.19694	1.19902	1.20113	1.20282	1.20376	1.20388	1.20336	1.2024	1.20117	1.19986	1.19862	
1.22517	1.22342	1.22178	1.22043	1.2196	1.21943	1.22003	1.22142	1.22354	1.22624	1.22925	1.2322	1.23478	1.23658	1.23732	1.23696	1.23555	1.23331	1.23068	1.22809	1.22589	1.22439	1.22378	1.22399	1.22475	1.22556	1.22597	1.2258	1.22526	1.22479	1.22472	1.22507	1.22568	1.22639	1.22712	1.22774	1.22812	1.22811	1.22765	1.22672	1.22522	1.22321	1.22113	1.21951	1.21864	1.2185	1.21886	1.21939	1.21979	1.21995	1.21997	1.21998	1.22019	1.22083	1.22203	1.22372	1.22572	1.22767	1.22916	1.22997	1.23005	1.22949	1.22837	1.22687	1.22517	
1.25097	1.24903	1.24706	1.2453	1.24401	1.24343	1.2437	1.24491	1.24693	1.24956	1.25247	1.25528	1.25766	1.25929	1.2599	1.25948	1.25815	1.25622	1.25414	1.25227	1.25088	1.25016	1.25013	1.25059	1.25119	1.25154	1.25142	1.25084	1.25008	1.24945	1.24916	1.24918	1.24939	1.24969	1.25001	1.25028	1.25044	1.25042	1.25016	1.24959	1.24862	1.24719	1.24551	1.24402	1.24304	1.24274	1.24307	1.24381	1.24465	1.24537	1.24592	1.24628	1.24653	1.2469	1.24758	1.24865	1.25009	1.25172	1.25324	1.25435	1.25487	1.25475	1.25398	1.25267	1.25097	
1.27592	1.27426	1.27246	1.27073	1.26934	1.26855	1.26855	1.2694	1.27099	1.2731	1.27544	1.2777	1.27958	1.28084	1.28128	1.28092	1.27992	1.2786	1.27735	1.27641	1.27592	1.27591	1.27629	1.27679	1.27713	1.27706	1.27652	1.27566	1.27472	1.27392	1.27334	1.27296	1.27273	1.27257	1.27245	1.27235	1.27227	1.27222	1.27212	1.27189	1.27142	1.27064	1.26961	1.26856	1.2678	1.26753	1.26785	1.26865	1.2697	1.27075	1.27166	1.27231	1.27268	1.27291	1.27317	1.27361	1.27432	1.27533	1.27649	1.27752	1.2782	1.27841	1.2781	1.27725	1.27592	
1.3001	1.29903	1.29776	1.29643	1.29523	1.29441	1.29418	1.29456	1.29549	1.2968	1.29829	1.29975	1.30094	1.3017	1.30196	1.30174	1.30121	1.30064	1.3003	1.30029	1.30061	1.30118	1.30183	1.3023	1.3024	1.30203	1.30123	1.30019	1.2991	1.29809	1.29721	1.29644	1.29576	1.29517	1.29466	1.29424	1.29396	1.29386	1.29388	1.29392	1.2939	1.29374	1.2934	1.29296	1.29262	1.29258	1.29297	1.29378	1.29485	1.296	1.29705	1.29784	1.29827	1.2984	1.29835	1.29826	1.29829	1.29861	1.29923	1.29997	1.30061	1.30102	1.30112	1.30082	1.3001	
1.32367	1.32332	1.32273	1.32199	1.32118	1.32048	1.32003	1.3199	1.32008	1.3205	1.32106	1.32163	1.32208	1.32234	1.32243	1.3224	1.32237	1.32251	1.32297	1.32375	1.32474	1.32576	1.32658	1.32703	1.32699	1.32645	1.32553	1.32438	1.32317	1.32196	1.3208	1.31968	1.31863	1.31768	1.31685	1.31619	1.31577	1.31562	1.31572	1.31596	1.3163	1.31665	1.31693	1.31711	1.31729	1.3176	1.31814	1.31895	1.31996	1.32105	1.32204	1.32279	1.32318	1.32319	1.32288	1.32239	1.32189	1.32163	1.32169	1.32205	1.32254	1.32306	1.32349	1.32372	1.32367	
1.34676	1.34711	1.34721	1.34706	1.34669	1.34616	1.34557	1.34499	1.34448	1.34409	1.34376	1.34351	1.34329	1.34312	1.34308	1.34323	1.34363	1.34438	1.34547	1.34683	1.34829	1.34962	1.35057	1.35102	1.35093	1.35035	1.3494	1.34822	1.34691	1.34555	1.34417	1.34279	1.34146	1.34025	1.33922	1.33841	1.3379	1.33772	1.33786	1.33825	1.33885	1.33957	1.34032	1.34102	1.34168	1.34235	1.34308	1.34392	1.34484	1.34577	1.3466	1.34719	1.34744	1.34729	1.34677	1.34599	1.34515	1.34445	1.34406	1.34404	1.34436	1.34491	1.34558	1.34623	1.34676	
1.3696	1.37047	1.37113	1.37149	1.37147	1.37111	1.37047	1.36957	1.36854	1.36749	1.36649	1.36557	1.36483	1.36434	1.3642	1.36447	1.3652	1.36638	1.36792	1.36966	1.37139	1.37287	1.3739	1.37438	1.37432	1.37377	1.37286	1.3717	1.37036	1.36892	1.3674	1.36588	1.3644	1.36306	1.36192	1.36105	1.3605	1.3603	1.36047	1.36095	1.3617	1.36265	1.36371	1.36477	1.36578	1.36673	1.36764	1.3685	1.36932	1.37008	1.3707	1.37108	1.37114	1.37082	1.37015	1.36922	1.36817	1.3672	1.36649	1.36621	1.36635	1.36686	1.36768	1.36864	1.3696	
1.39236	1.39354	1.39455	1.39523	1.39548	1.39526	1.39462	1.39358	1.39223	1.39076	1.38932	1.38798	1.38692	1.38623	1.38603	1.38638	1.38729	1.38869	1.39045	1.39235	1.39416	1.39567	1.39672	1.39723	1.39722	1.39677	1.39595	1.39485	1.39356	1.39213	1.3906	1.38906	1.38757	1.38621	1.38507	1.38421	1.38366	1.38347	1.38365	1.38416	1.38497	1.38601	1.3872	1.38844	1.38965	1.39076	1.39174	1.39261	1.39334	1.39393	1.39434	1.39452	1.3944	1.39397	1.39321	1.39221	1.39108	1.39	1.38915	1.3887	1.38871	1.38916	1.39002	1.39114	1.39236	
1.41514	1.41642	1.41755	1.41837	1.41876	1.41865	1.41807	1.41702	1.41561	1.41399	1.41237	1.41089	1.40971	1.40896	1.40874	1.40912	1.41006	1.41147	1.4132	1.41504	1.41676	1.41818	1.41918	1.41969	1.41974	1.41939	1.41869	1.41773	1.41657	1.41525	1.41384	1.41241	1.41103	1.40978	1.40873	1.40794	1.40744	1.40727	1.40744	1.40792	1.40871	1.40972	1.41089	1.41213	1.41335	1.41446	1.41543	1.41624	1.41686	1.4173	1.41755	1.41757	1.41734	1.41685	1.41608	1.41511	1.41403	1.41298	1.41213	1.41164	1.41157	1.41194	1.41275	1.41386	1.41514	
1.43803	1.4392	1.44025	1.44104	1.44145	1.44142	1.44093	1.44001	1.43874	1.43727	1.43575	1.43436	1.43327	1.43258	1.43238	1.43273	1.43357	1.4348	1.4363	1.43787	1.43934	1.44055	1.4414	1.44186	1.44194	1.4417	1.44116	1.44038	1.43942	1.43833	1.43715	1.43595	1.4348	1.43376	1.43288	1.43223	1.43182	1.43168	1.43182	1.43224	1.43291	1.43378	1.43479	1.43587	1.43694	1.43792	1.43877	1.43945	1.43994	1.44026	1.44038	1.44032	1.44005	1.43957	1.43889	1.43805	1.43713	1.43624	1.43549	1.43505	1.43495	1.43524	1.43592	1.43689	1.43803	
1.46108	1.46196	1.46276	1.46338	1.46371	1.4637	1.46335	1.46267	1.46172	1.46061	1.45946	1.45839	1.45755	1.45702	1.45686	1.45713	1.45776	1.45868	1.45977	1.46091	1.46198	1.46286	1.46349	1.46384	1.46392	1.46377	1.4634	1.46286	1.46218	1.46139	1.46055	1.45968	1.45886	1.45811	1.45748	1.45701	1.45672	1.45662	1.45673	1.45703	1.45752	1.45816	1.4589	1.45969	1.46049	1.46121	1.46183	1.46233	1.46267	1.46287	1.46293	1.46284	1.46261	1.46223	1.46172	1.4611	1.46043	1.45978	1.45924	1.45891	1.45882	1.45902	1.45951	1.46022	1.46107	
1.48425	1.48473	1.48516	1.4855	1.48568	1.48569	1.4855	1.48514	1.48463	1.48403	1.48341	1.48283	1.48238	1.48209	1.482	1.48215	1.48248	1.48298	1.48356	1.48415	1.48471	1.48518	1.48551	1.4857	1.48575	1.48568	1.4855	1.48522	1.48486	1.48445	1.48401	1.48356	1.48313	1.48274	1.48241	1.48216	1.48201	1.48196	1.48202	1.48218	1.48243	1.48277	1.48316	1.48358	1.484	1.48439	1.48472	1.48498	1.48516	1.48525	1.48527	1.48521	1.48508	1.48487	1.4846	1.48427	1.48392	1.48358	1.48329	1.48311	1.48307	1.48317	1.48342	1.4838	1.48425	
1.50751	1.50751	1.50751	1.50751	1.50751	1.50751	1.50751	1.50751	1.50751	1.50751	1.50751	1.50751	1.50751	1.50751	1.50751	1.50751	1.50751	1.50751	1.50751	1.50751	1.50751	1.50751	1.50751	1.50751	1.50751	1.50751	1.50751	1.50751	1.50751	1.50751	1.50751	1.50751	1.50751	1.50751	1.50751	1.50751	1.50751	1.50751	1.50751	1.50751	1.50751	1.50751	1.50751	1.50751	1.50751	1.50751	1.50751	1.50751	1.50751	1.50751	1.50751	1.50751	1.50751	1.50751	1.50751	1.50751	1.50751	1.50751	1.50751	1.50751	1.50751	1.50751	1.50751	1.50751	1.50751	
