x=125	y=200	z=200	n=65	len=1
b
0	0	0	0	0	0	0	0	0	0	0	0	0	0	0	0	0	0	0	0	0	0	0	0	0	0	0	0	0	0	0	0	0	0	0	0	0	0	0	0	0	0	0	0	0	0	0	0	0	0	0	0	0	0	0	0	0	0	0	0	0	0	0	0	0	
0.0298143	0.0340477	0.0365221	0.0370994	0.0357265	0.0327116	0.0292756	0.0263715	0.0245076	0.0232953	0.0223372	0.021366	0.0199869	0.018245	0.0169242	0.0167581	0.0177302	0.0195917	0.0216773	0.0232145	0.0240373	0.0244421	0.0247553	0.025043	0.0251377	0.0248926	0.0242081	0.0231564	0.0220131	0.0210565	0.0204579	0.0202117	0.0201935	0.0202008	0.0201434	0.0201786	0.0202976	0.020147	0.0194497	0.0184596	0.0178645	0.0182178	0.0196969	0.0216483	0.02289	0.0231448	0.0231039	0.0235886	0.0251803	0.0277213	0.0303011	0.0317802	0.0316978	0.0300912	0.0272638	0.0241005	0.0213901	0.0194957	0.0183998	0.0179577	0.0181192	0.019162	0.0214941	0.0251995	0.029814	
0.0565038	0.0623929	0.0658751	0.0667847	0.0651392	0.0610497	0.056063	0.0516806	0.0485777	0.046324	0.0444887	0.0427967	0.0407223	0.0382429	0.0361963	0.0357601	0.037242	0.0403338	0.0439598	0.0468875	0.0486897	0.0496993	0.050443	0.0509876	0.0510514	0.0503954	0.0489752	0.0470345	0.0450765	0.0435277	0.0425739	0.0421191	0.0418146	0.0413296	0.0407277	0.040443	0.0405027	0.0402592	0.0391913	0.0377386	0.0372222	0.038703	0.0421913	0.0460688	0.0483506	0.0489378	0.0488127	0.0491072	0.0509151	0.0541355	0.0574825	0.0593516	0.0590056	0.0562848	0.0515602	0.0461562	0.0413067	0.0377533	0.0357183	0.0350646	0.0357777	0.0384168	0.0432745	0.0496645	0.0565034	
0.0794921	0.0856478	0.0895441	0.090805	0.0894679	0.08523	0.0794673	0.0742715	0.0708046	0.0687513	0.0669178	0.0648845	0.0627172	0.0603986	0.0584291	0.0579962	0.0596549	0.0631106	0.0672734	0.0709273	0.0735108	0.075103	0.0761608	0.0767545	0.0765136	0.0752149	0.073094	0.0706751	0.0685236	0.0670138	0.0661962	0.0657441	0.0650779	0.0639143	0.0625943	0.0618016	0.0616187	0.0612918	0.0601852	0.0587945	0.0586394	0.0609863	0.0655619	0.0701008	0.072819	0.0739174	0.0741563	0.0746202	0.0763936	0.0794236	0.0825126	0.0840529	0.0832327	0.0797782	0.0740751	0.0675541	0.0615468	0.0570143	0.0544992	0.0539581	0.0554164	0.0592879	0.0652804	0.0723527	0.0794916	
0.100954	0.106216	0.109781	0.111275	0.110661	0.107193	0.101769	0.0967491	0.0935636	0.0920095	0.0903482	0.0880306	0.0857977	0.0840452	0.0829385	0.083014	0.0846372	0.0875935	0.0911841	0.0945713	0.0972277	0.0990212	0.1002	0.100737	0.100234	0.0985654	0.0962037	0.0939196	0.0921961	0.0912328	0.0908692	0.0905342	0.089608	0.0879187	0.0859436	0.0844362	0.0836128	0.0830111	0.0821301	0.0813042	0.0817483	0.0844766	0.0889974	0.0932794	0.0961189	0.0976265	0.0983603	0.0992577	0.101017	0.103555	0.105802	0.106454	0.104911	0.100989	0.0952017	0.0888078	0.0829562	0.0786157	0.0764129	0.076342	0.0784204	0.0826536	0.088405	0.0947753	0.100954	
0.121706	0.125281	0.127869	0.129589	0.1302	0.128587	0.124845	0.120846	0.118083	0.116498	0.114741	0.112351	0.110181	0.108914	0.108558	0.109062	0.110446	0.112515	0.114989	0.117473	0.119555	0.121114	0.122245	0.122762	0.122305	0.120853	0.118891	0.117196	0.116185	0.115855	0.115849	0.115566	0.114518	0.112587	0.110143	0.10781	0.106018	0.104909	0.104333	0.104324	0.105555	0.108507	0.11256	0.116384	0.119115	0.1207	0.121765	0.122995	0.12465	0.126383	0.12728	0.126684	0.124436	0.120564	0.115582	0.110383	0.10584	0.10272	0.101422	0.101937	0.10422	0.107969	0.112543	0.117309	0.121706	
0.141699	0.143312	0.144594	0.146581	0.148874	0.149775	0.148637	0.146323	0.144084	0.142199	0.140255	0.138074	0.136164	0.135009	0.134643	0.134917	0.135731	0.13692	0.13835	0.139866	0.141217	0.142354	0.143258	0.143656	0.143295	0.142281	0.141048	0.14013	0.139805	0.139955	0.140198	0.14002	0.138994	0.137012	0.134267	0.131238	0.128607	0.12709	0.126815	0.127588	0.129608	0.132777	0.136368	0.139501	0.14165	0.142968	0.144097	0.145484	0.146887	0.147582	0.147024	0.145316	0.142832	0.139706	0.136194	0.132837	0.130183	0.128626	0.128307	0.129202	0.131168	0.133829	0.136718	0.139442	0.141699	
0.161046	0.160924	0.16099	0.162975	0.166862	0.170298	0.171957	0.171885	0.170572	0.168661	0.166642	0.164736	0.163117	0.161891	0.161091	0.160707	0.160708	0.161027	0.161556	0.162181	0.162822	0.163481	0.163996	0.164056	0.163637	0.163005	0.162434	0.162142	0.162253	0.162733	0.163326	0.163469	0.162614	0.160615	0.157621	0.154214	0.151326	0.149903	0.150114	0.151703	0.15446	0.157719	0.16073	0.162934	0.164221	0.165021	0.165917	0.167083	0.167822	0.167331	0.165545	0.163222	0.161158	0.159377	0.157812	0.156602	0.155872	0.155644	0.155914	0.156665	0.157755	0.158942	0.159989	0.160734	0.161046	
0.180072	0.178771	0.177995	0.17956	0.18402	0.189285	0.193491	0.195751	0.195864	0.19454	0.192725	0.191141	0.189891	0.18879	0.18773	0.186757	0.185973	0.185405	0.184983	0.184672	0.184553	0.184669	0.184739	0.184445	0.184025	0.183791	0.183644	0.183586	0.183871	0.18463	0.185672	0.186282	0.18569	0.183662	0.180452	0.17696	0.174439	0.17375	0.17496	0.177667	0.181041	0.184094	0.18629	0.187403	0.187674	0.187739	0.188085	0.188495	0.188084	0.186306	0.183632	0.18128	0.180126	0.180059	0.180658	0.181592	0.18256	0.183239	0.183498	0.183417	0.183092	0.182598	0.181955	0.181147	0.180072	
0.199328	0.197421	0.196137	0.197028	0.20084	0.206495	0.212398	0.216825	0.218716	0.218554	0.217475	0.216507	0.215944	0.215377	0.214438	0.21311	0.211642	0.210206	0.208814	0.207552	0.206638	0.206162	0.205857	0.2055	0.205421	0.205749	0.205881	0.205774	0.206062	0.207035	0.208471	0.209552	0.20933	0.207513	0.204511	0.201461	0.199803	0.200153	0.202377	0.205737	0.209002	0.211399	0.212714	0.212889	0.21228	0.211574	0.211068	0.210221	0.208288	0.20524	0.202111	0.200185	0.200154	0.201785	0.204306	0.207034	0.209259	0.210325	0.210097	0.208823	0.206901	0.204854	0.202948	0.20117	0.199328	
0.219345	0.217243	0.215667	0.215818	0.21835	0.223023	0.229188	0.235176	0.239011	0.240435	0.240675	0.240836	0.241272	0.24153	0.241028	0.239616	0.237643	0.235519	0.233414	0.231427	0.229794	0.228679	0.228019	0.227837	0.228393	0.229486	0.230112	0.230114	0.230391	0.23142	0.232997	0.234401	0.234887	0.234255	0.232809	0.231328	0.23066	0.231093	0.232576	0.234604	0.236432	0.237825	0.238639	0.238527	0.237592	0.236302	0.234701	0.232279	0.228743	0.224727	0.221615	0.220414	0.221473	0.224354	0.228112	0.231888	0.234707	0.235749	0.234975	0.232724	0.229564	0.226404	0.22372	0.221472	0.219345	
0.240261	0.238171	0.236446	0.235902	0.237119	0.240294	0.245532	0.251867	0.257231	0.260469	0.262347	0.263998	0.265683	0.266961	0.267212	0.266111	0.264011	0.261626	0.259364	0.257259	0.255287	0.253619	0.252481	0.252213	0.253096	0.254727	0.256041	0.25661	0.257136	0.25823	0.259817	0.261508	0.2631	0.26458	0.2658	0.266493	0.266337	0.265415	0.264183	0.263073	0.262536	0.263008	0.263906	0.264123	0.26332	0.261461	0.258536	0.254463	0.249594	0.245206	0.242544	0.242209	0.244132	0.247578	0.251708	0.255661	0.258569	0.25961	0.258596	0.255788	0.251873	0.248028	0.244891	0.242432	0.240262	
0.261837	0.259893	0.258232	0.257271	0.257515	0.259327	0.263114	0.268675	0.274499	0.279151	0.282632	0.285754	0.288819	0.291389	0.292818	0.29265	0.291082	0.288963	0.28707	0.285536	0.284047	0.282485	0.281024	0.280156	0.28041	0.281589	0.282917	0.283945	0.28493	0.286313	0.288188	0.290493	0.293281	0.296473	0.299532	0.301432	0.301212	0.2989	0.295243	0.291313	0.288726	0.288674	0.289975	0.290677	0.289682	0.286647	0.282085	0.276526	0.271049	0.267106	0.265306	0.265802	0.268183	0.271547	0.275321	0.278885	0.281606	0.282653	0.281601	0.278557	0.274251	0.269999	0.266562	0.263963	0.261837	
0.284068	0.282584	0.281439	0.280751	0.280708	0.281567	0.283814	0.287726	0.292658	0.297558	0.30198	0.306173	0.310373	0.314343	0.317453	0.319054	0.318965	0.317787	0.316559	0.315853	0.315521	0.315125	0.314133	0.312679	0.311577	0.311195	0.311282	0.311732	0.312706	0.314352	0.31676	0.31992	0.32359	0.32726	0.330284	0.331885	0.331446	0.328888	0.324624	0.319756	0.316479	0.316423	0.318043	0.318465	0.316108	0.311211	0.305055	0.298878	0.294027	0.291282	0.29061	0.291749	0.294057	0.296811	0.299706	0.302416	0.304434	0.305043	0.303795	0.300699	0.29641	0.292101	0.288559	0.28596	0.284068	
0.308239	0.307867	0.30804	0.308604	0.309177	0.309608	0.310304	0.31176	0.314199	0.317491	0.321328	0.325525	0.330102	0.335092	0.34011	0.344234	0.346648	0.347377	0.347294	0.347369	0.34804	0.349006	0.349101	0.347698	0.345484	0.343352	0.341673	0.340753	0.340936	0.342281	0.344739	0.348132	0.351807	0.354835	0.356687	0.357345	0.356853	0.354942	0.351596	0.347773	0.345399	0.345696	0.346698	0.345383	0.341094	0.33504	0.328897	0.323999	0.320992	0.319725	0.319827	0.32086	0.322274	0.32377	0.32527	0.326611	0.327338	0.326921	0.325102	0.322019	0.318208	0.31442	0.311316	0.309284	0.308239	
0.336764	0.338284	0.340266	0.342252	0.343605	0.343831	0.343108	0.341933	0.340942	0.340919	0.342229	0.344736	0.34833	0.353318	0.359706	0.366415	0.371969	0.375615	0.377608	0.378808	0.37998	0.381325	0.382002	0.381087	0.378679	0.375649	0.372882	0.371043	0.370399	0.370825	0.372188	0.374299	0.376579	0.378159	0.378754	0.378735	0.378316	0.377162	0.375415	0.373881	0.373336	0.373626	0.37279	0.369599	0.365078	0.360753	0.357645	0.35591	0.355032	0.354365	0.353679	0.352973	0.352311	0.351857	0.351639	0.351395	0.350572	0.348785	0.346135	0.34315	0.340326	0.337983	0.336462	0.336051	0.336764	
0.369739	0.372781	0.375463	0.377489	0.37859	0.378441	0.377008	0.374443	0.371139	0.368012	0.365983	0.365454	0.366618	0.370095	0.37638	0.38454	0.392685	0.399414	0.404272	0.407506	0.409545	0.410828	0.411321	0.410802	0.409018	0.406143	0.403246	0.401344	0.400357	0.399683	0.399078	0.398608	0.398323	0.39796	0.397554	0.397283	0.396971	0.396328	0.396088	0.396898	0.39811	0.397948	0.395604	0.392581	0.390477	0.390109	0.391158	0.392282	0.39222	0.390624	0.387928	0.384823	0.381978	0.379779	0.378133	0.376495	0.374225	0.371168	0.367849	0.365175	0.363742	0.363618	0.364725	0.366872	0.369739	
0.40173	0.405002	0.40719	0.408469	0.409058	0.408906	0.407781	0.40546	0.401929	0.397539	0.393092	0.389449	0.38743	0.38808	0.392368	0.399866	0.408733	0.41725	0.424555	0.430309	0.434349	0.436732	0.437545	0.437511	0.436737	0.434619	0.431889	0.429861	0.428383	0.426442	0.423742	0.42062	0.417762	0.415706	0.414678	0.414341	0.414065	0.413605	0.414308	0.416744	0.419147	0.419048	0.417055	0.416095	0.417024	0.419503	0.422307	0.423705	0.422817	0.420025	0.416207	0.412269	0.408888	0.40623	0.403961	0.401448	0.398216	0.394461	0.391076	0.389063	0.388915	0.390597	0.393753	0.397733	0.40173	
0.428848	0.431828	0.433819	0.435069	0.435981	0.436565	0.436405	0.435093	0.432483	0.428506	0.423403	0.417909	0.413161	0.41055	0.411398	0.416059	0.423426	0.43176	0.439876	0.447227	0.453482	0.458085	0.460555	0.461761	0.462107	0.460734	0.457877	0.455007	0.452308	0.448762	0.444206	0.439244	0.435047	0.432465	0.431352	0.430931	0.430473	0.429908	0.430991	0.43435	0.437608	0.438538	0.438535	0.440083	0.44285	0.445615	0.447261	0.447026	0.444923	0.441686	0.438158	0.435047	0.432593	0.430491	0.42827	0.425506	0.422094	0.41858	0.415992	0.41501	0.415699	0.4179	0.421247	0.42513	0.428847	
0.453769	0.45622	0.458155	0.459706	0.461201	0.462581	0.463287	0.462846	0.461247	0.458463	0.454325	0.449004	0.443264	0.438407	0.435893	0.436746	0.440921	0.44722	0.454239	0.461416	0.468692	0.475068	0.479893	0.483446	0.485147	0.484097	0.480626	0.476494	0.472257	0.467091	0.461142	0.455458	0.451331	0.449126	0.448131	0.447485	0.446679	0.445902	0.446992	0.45086	0.455186	0.457972	0.460672	0.464695	0.468304	0.469768	0.469055	0.466797	0.463658	0.460355	0.4575	0.455474	0.454076	0.4527	0.450873	0.448381	0.445524	0.443126	0.441988	0.442298	0.443694	0.445775	0.448283	0.451024	0.453769	
0.480125	0.481253	0.482259	0.483415	0.484904	0.486456	0.487434	0.487403	0.486504	0.48488	0.482308	0.478512	0.473564	0.468246	0.463847	0.461642	0.462332	0.465404	0.469864	0.475631	0.482461	0.488983	0.495805	0.50261	0.506336	0.505517	0.501038	0.495584	0.490342	0.484374	0.477841	0.472264	0.468661	0.466687	0.465466	0.464371	0.463205	0.462309	0.463276	0.467474	0.473287	0.478542	0.484016	0.48998	0.493687	0.493446	0.490384	0.486389	0.482525	0.479152	0.476686	0.47539	0.474797	0.474193	0.473022	0.471146	0.469275	0.468403	0.469029	0.47091	0.473283	0.475495	0.477325	0.478825	0.480125	
0.509353	0.50863	0.507858	0.507627	0.508189	0.509251	0.510166	0.510365	0.509866	0.508967	0.50758	0.505199	0.501357	0.496254	0.490951	0.486732	0.48453	0.484458	0.486574	0.49122	0.496789	0.501589	0.508946	0.51878	0.525193	0.525572	0.520692	0.514477	0.509529	0.50435	0.498188	0.4926	0.488814	0.48638	0.484464	0.482715	0.481172	0.480142	0.480979	0.485622	0.493365	0.501415	0.50878	0.514717	0.517065	0.514907	0.510301	0.505974	0.502468	0.499279	0.49694	0.496149	0.496445	0.496887	0.496623	0.495705	0.495251	0.496356	0.499136	0.50266	0.505817	0.508016	0.50923	0.509621	0.509353	
0.541299	0.539076	0.536579	0.534589	0.533685	0.534058	0.535121	0.535798	0.535672	0.535134	0.534324	0.532547	0.528961	0.523351	0.516577	0.510137	0.505485	0.503605	0.504861	0.50893	0.512868	0.514914	0.520948	0.532218	0.541245	0.544049	0.540599	0.535167	0.531684	0.528637	0.524044	0.518524	0.513707	0.510077	0.507345	0.504916	0.502573	0.500687	0.501478	0.507492	0.517736	0.528103	0.535236	0.53865	0.538235	0.534122	0.529158	0.525889	0.523726	0.521439	0.519531	0.519228	0.520513	0.522176	0.523114	0.523844	0.525679	0.529209	0.533852	0.538209	0.541271	0.542892	0.543324	0.542763	0.541299	
0.574952	0.572417	0.569265	0.566186	0.564158	0.56399	0.565261	0.56657	0.56709	0.567035	0.5666	0.565134	0.561784	0.555968	0.547858	0.538844	0.531338	0.527298	0.526894	0.529151	0.530832	0.530207	0.534105	0.545587	0.55654	0.561447	0.560649	0.557597	0.555931	0.554967	0.552502	0.548379	0.543822	0.539493	0.535406	0.531253	0.527874	0.527113	0.530262	0.537811	0.54881	0.558913	0.563646	0.563421	0.559768	0.554435	0.550162	0.547922	0.54686	0.546066	0.545523	0.546213	0.548638	0.551628	0.554101	0.556667	0.560479	0.56548	0.570582	0.574562	0.576892	0.577824	0.577686	0.576693	0.574952	
0.607481	0.606021	0.603744	0.601191	0.599404	0.599038	0.599693	0.600544	0.60112	0.601428	0.601447	0.600794	0.599048	0.595286	0.588286	0.57818	0.5676	0.55944	0.554485	0.551986	0.550062	0.547281	0.549465	0.561388	0.574146	0.579683	0.579887	0.579259	0.579631	0.579772	0.578508	0.576091	0.573207	0.56906	0.562878	0.557101	0.556535	0.561819	0.568695	0.575597	0.583472	0.589888	0.591456	0.588497	0.582756	0.577342	0.574265	0.572997	0.572757	0.572588	0.572919	0.575091	0.579245	0.584006	0.588203	0.591928	0.595976	0.600288	0.604105	0.606835	0.608373	0.608945	0.608824	0.608311	0.607481	
0.633618	0.633292	0.632418	0.631356	0.630595	0.630192	0.629847	0.629529	0.629387	0.629467	0.629579	0.629516	0.629301	0.628754	0.625906	0.617972	0.60656	0.596133	0.588375	0.581756	0.574759	0.566993	0.565088	0.576883	0.593478	0.60102	0.599613	0.598623	0.600076	0.600215	0.598449	0.595988	0.593541	0.589616	0.583426	0.580258	0.585422	0.594664	0.602405	0.607908	0.612239	0.614777	0.613802	0.610147	0.604882	0.600355	0.59847	0.598734	0.599577	0.59945	0.60021	0.603817	0.609594	0.615687	0.620668	0.624152	0.626683	0.628624	0.630154	0.631467	0.632484	0.633069	0.633337	0.633527	0.633618	
0.650436	0.650205	0.649881	0.649595	0.649292	0.648801	0.648127	0.647482	0.647085	0.647021	0.64706	0.646973	0.646911	0.647785	0.648666	0.645703	0.637638	0.629351	0.623845	0.617963	0.608843	0.595887	0.58749	0.593585	0.611366	0.623385	0.62109	0.617548	0.617261	0.615389	0.612191	0.609249	0.606593	0.603521	0.601483	0.60442	0.61122	0.617366	0.623163	0.628454	0.632302	0.633349	0.630456	0.6264	0.622256	0.618601	0.617385	0.619165	0.621942	0.623977	0.626702	0.631323	0.637138	0.642499	0.646137	0.647787	0.648175	0.648189	0.648378	0.648906	0.64952	0.649967	0.650269	0.650455	0.650436	
0.660484	0.659769	0.659229	0.658874	0.658553	0.658223	0.657995	0.657914	0.65801	0.658364	0.658831	0.659087	0.659188	0.659492	0.660005	0.659913	0.657092	0.653194	0.650504	0.647188	0.641694	0.63265	0.624591	0.623893	0.634211	0.642849	0.638551	0.633588	0.631608	0.628639	0.625594	0.622792	0.620332	0.619456	0.622321	0.62857	0.634044	0.637144	0.640614	0.644717	0.648639	0.649186	0.645023	0.640516	0.636588	0.632771	0.631252	0.633688	0.638397	0.643241	0.647896	0.652578	0.65704	0.660414	0.662233	0.662746	0.662544	0.662175	0.661937	0.661866	0.661822	0.661715	0.661531	0.661144	0.660484	
0.668089	0.666942	0.666107	0.665604	0.665389	0.66556	0.666063	0.666599	0.667143	0.667914	0.668868	0.669648	0.670252	0.670481	0.669974	0.669263	0.668378	0.666972	0.665086	0.66321	0.661931	0.660611	0.659075	0.658427	0.662164	0.663348	0.653804	0.646591	0.645883	0.6453	0.644735	0.641918	0.638362	0.638687	0.64434	0.652679	0.658374	0.659618	0.659983	0.661408	0.663731	0.663447	0.659649	0.656691	0.654551	0.651829	0.650303	0.651651	0.655061	0.659034	0.662847	0.666454	0.669663	0.671988	0.673375	0.674097	0.674178	0.673686	0.672924	0.672156	0.671469	0.670854	0.670194	0.669276	0.66809	
0.676215	0.67492	0.674058	0.673666	0.673694	0.674115	0.67468	0.675117	0.675533	0.676208	0.677166	0.67828	0.679627	0.680892	0.681366	0.680598	0.67899	0.677211	0.675568	0.674869	0.675826	0.677895	0.679309	0.679545	0.681088	0.681212	0.671105	0.662217	0.665039	0.669921	0.67163	0.66846	0.663381	0.663155	0.670124	0.679005	0.68287	0.681035	0.677557	0.675624	0.676023	0.676073	0.674163	0.673133	0.673002	0.671998	0.670865	0.67068	0.671473	0.672893	0.674811	0.677442	0.68045	0.68292	0.684372	0.685011	0.684786	0.683758	0.682474	0.681313	0.680362	0.679553	0.67871	0.677601	0.676215	
0.686343	0.685119	0.684318	0.683967	0.68393	0.684037	0.6841	0.684161	0.68447	0.685264	0.686588	0.688362	0.690228	0.691388	0.691183	0.689635	0.688047	0.687572	0.688092	0.689212	0.69083	0.692304	0.69216	0.690687	0.689933	0.690327	0.685519	0.679205	0.684084	0.693871	0.697345	0.695546	0.692286	0.691225	0.696408	0.702533	0.702855	0.698595	0.692203	0.687227	0.686549	0.687598	0.687262	0.687261	0.687593	0.686683	0.685337	0.684475	0.684249	0.684528	0.685323	0.686907	0.689167	0.691609	0.693919	0.695563	0.695748	0.694492	0.692678	0.691092	0.68998	0.689183	0.688467	0.687563	0.686343	
0.69911	0.698082	0.697271	0.696923	0.696926	0.696994	0.696989	0.697207	0.6982	0.699995	0.701727	0.702295	0.701005	0.698735	0.696394	0.69421	0.694771	0.698923	0.703058	0.705196	0.706158	0.706582	0.706558	0.706033	0.704689	0.702537	0.698992	0.695197	0.698507	0.708091	0.713968	0.715178	0.714638	0.713701	0.716749	0.719982	0.717934	0.71297	0.706189	0.700552	0.699528	0.700904	0.70116	0.70162	0.703161	0.703232	0.701351	0.699271	0.697868	0.696834	0.696056	0.695875	0.69637	0.698048	0.701291	0.704777	0.706455	0.706007	0.704478	0.702886	0.70172	0.70095	0.700426	0.699907	0.69911	
0.71588	0.715129	0.714558	0.714654	0.715528	0.716754	0.717941	0.719291	0.721299	0.723471	0.724318	0.722375	0.71724	0.711395	0.707509	0.706119	0.709471	0.716625	0.722252	0.724771	0.725707	0.726817	0.729265	0.732531	0.73377	0.730114	0.721081	0.713657	0.714306	0.720931	0.727265	0.730335	0.731675	0.732797	0.735592	0.735529	0.732399	0.730401	0.727262	0.723322	0.722517	0.724682	0.724959	0.723662	0.724851	0.727477	0.72889	0.728872	0.727014	0.723164	0.71902	0.715921	0.71473	0.715197	0.716298	0.717686	0.718704	0.71922	0.719552	0.719549	0.719007	0.718117	0.717239	0.716533	0.71588	
0.741305	0.740083	0.739666	0.740474	0.742521	0.745164	0.747642	0.749798	0.751679	0.752848	0.752775	0.750952	0.747341	0.743707	0.741814	0.741995	0.745063	0.749095	0.751681	0.753209	0.754074	0.755422	0.758422	0.762836	0.764544	0.759491	0.747309	0.737478	0.736372	0.738947	0.742141	0.746222	0.751435	0.755981	0.757775	0.755307	0.75292	0.75408	0.75579	0.756702	0.758657	0.761437	0.761077	0.756805	0.753691	0.756346	0.763722	0.769207	0.767803	0.7618	0.75555	0.750633	0.747882	0.746692	0.74507	0.743019	0.74177	0.742134	0.74399	0.745955	0.746691	0.746097	0.744673	0.74293	0.741305	
0.777241	0.775121	0.774498	0.775512	0.777561	0.779774	0.781499	0.782592	0.782991	0.782989	0.783127	0.783293	0.783345	0.78403	0.785664	0.787694	0.789664	0.790339	0.789719	0.78894	0.788089	0.787677	0.788415	0.789012	0.78632	0.779989	0.772056	0.766391	0.764515	0.763934	0.765159	0.770036	0.777473	0.783532	0.784393	0.781953	0.78205	0.78524	0.78892	0.792523	0.795902	0.797828	0.796001	0.789969	0.783331	0.782859	0.791418	0.800632	0.801954	0.798381	0.795377	0.793768	0.793007	0.79263	0.791176	0.787832	0.783782	0.780539	0.779303	0.780028	0.781415	0.7822	0.78171	0.779839	0.777241	
0.814043	0.812526	0.811972	0.812274	0.812727	0.812878	0.812723	0.812335	0.811772	0.811693	0.812737	0.814601	0.816797	0.819398	0.822337	0.825083	0.827135	0.827497	0.825855	0.822797	0.819062	0.815805	0.813459	0.810529	0.806748	0.804126	0.802979	0.803134	0.804084	0.80489	0.806053	0.808635	0.812644	0.816385	0.817335	0.816577	0.81854	0.822875	0.826656	0.829034	0.829899	0.829128	0.825596	0.819059	0.811322	0.807607	0.81231	0.8219	0.828271	0.83014	0.831585	0.833973	0.836883	0.83923	0.839299	0.835848	0.829655	0.822406	0.816409	0.813538	0.813659	0.815068	0.816005	0.815583	0.814043	
0.842364	0.842326	0.84231	0.842053	0.841252	0.840061	0.83893	0.838174	0.838049	0.838982	0.841076	0.843899	0.847004	0.850272	0.853491	0.856058	0.857363	0.856648	0.853504	0.848487	0.843201	0.839161	0.836365	0.834283	0.83343	0.834488	0.837233	0.84178	0.847197	0.851264	0.852562	0.852172	0.851981	0.852514	0.852998	0.853037	0.854425	0.857461	0.860726	0.862286	0.861087	0.858025	0.853875	0.847973	0.840252	0.834436	0.834351	0.840549	0.848641	0.854332	0.858059	0.861515	0.865418	0.868859	0.870206	0.868175	0.86293	0.855612	0.848189	0.842941	0.840773	0.840831	0.841635	0.842222	0.842364	
0.864173	0.864892	0.865448	0.865613	0.865271	0.864539	0.863785	0.8635	0.864082	0.865698	0.868149	0.870996	0.873907	0.87669	0.87905	0.880376	0.880065	0.877798	0.873703	0.868821	0.864971	0.863084	0.862463	0.862509	0.863173	0.864697	0.868038	0.873875	0.880706	0.886092	0.888295	0.88798	0.886954	0.886007	0.885354	0.885065	0.885895	0.887511	0.88905	0.889168	0.88698	0.883464	0.879737	0.875452	0.869612	0.863701	0.86044	0.861618	0.866646	0.872435	0.876992	0.880814	0.884824	0.888672	0.891094	0.891017	0.888086	0.882597	0.875722	0.869466	0.865321	0.863397	0.863026	0.863466	0.864173	
0.884721	0.885627	0.886621	0.887655	0.888653	0.889438	0.889969	0.890519	0.891427	0.89283	0.894598	0.896469	0.898263	0.899805	0.900762	0.900533	0.898675	0.895381	0.891539	0.888535	0.887587	0.888602	0.890152	0.891329	0.892254	0.893923	0.897783	0.90405	0.910631	0.915323	0.91716	0.916972	0.916355	0.915696	0.915017	0.914729	0.915407	0.916204	0.916194	0.914911	0.912244	0.908967	0.905938	0.903212	0.899637	0.89485	0.890065	0.88699	0.886904	0.889318	0.892721	0.896495	0.900713	0.90512	0.908826	0.910849	0.910483	0.907378	0.901967	0.895664	0.890146	0.886386	0.884494	0.884145	0.884721	
0.90684	0.907357	0.90849	0.910237	0.912416	0.914613	0.916428	0.91779	0.918869	0.919824	0.920694	0.921398	0.921835	0.921838	0.921125	0.919277	0.916233	0.912749	0.910125	0.909469	0.911099	0.914214	0.9173	0.919729	0.921982	0.925147	0.930062	0.936054	0.940964	0.943367	0.943498	0.942756	0.942383	0.942298	0.942176	0.942248	0.942864	0.943308	0.942902	0.941556	0.939525	0.93725	0.935118	0.933311	0.931026	0.927202	0.921845	0.916069	0.911465	0.909202	0.909415	0.911605	0.91534	0.920116	0.92504	0.929056	0.931154	0.930685	0.92763	0.922747	0.917278	0.912435	0.908985	0.907196	0.90684	
0.931998	0.93122	0.931834	0.933743	0.936434	0.939198	0.941513	0.94327	0.944597	0.94561	0.946313	0.946509	0.945956	0.944495	0.942021	0.938547	0.93469	0.931761	0.93089	0.932566	0.936462	0.94131	0.94587	0.950028	0.954186	0.958687	0.963432	0.9674	0.969217	0.96874	0.967265	0.966174	0.965898	0.965988	0.966	0.966029	0.966472	0.96709	0.96736	0.967136	0.966644	0.96601	0.965222	0.964285	0.9627	0.959541	0.954346	0.947561	0.940365	0.934233	0.930351	0.929305	0.931063	0.935153	0.940554	0.945863	0.949846	0.951761	0.951476	0.949319	0.945804	0.941581	0.937451	0.934115	0.931998	
0.96063	0.958405	0.957898	0.959085	0.961181	0.963362	0.965275	0.96701	0.968711	0.970324	0.97154	0.971816	0.970676	0.96793	0.963806	0.959061	0.955178	0.953626	0.955001	0.959078	0.964766	0.970657	0.976131	0.981424	0.986449	0.990721	0.99367	0.994671	0.993512	0.991037	0.988751	0.987517	0.987156	0.987044	0.986729	0.986345	0.986558	0.987528	0.988726	0.989751	0.990662	0.991513	0.992161	0.992405	0.991779	0.989586	0.985356	0.979103	0.971385	0.963303	0.95626	0.951704	0.950465	0.95248	0.956954	0.962357	0.967187	0.970666	0.972672	0.973342	0.972683	0.970671	0.967555	0.963942	0.960631	
0.99053	0.988174	0.986851	0.986725	0.987269	0.98801	0.98902	0.99052	0.992499	0.994585	0.996121	0.996363	0.994717	0.99098	0.985813	0.980852	0.978092	0.978624	0.982259	0.987849	0.993907	0.999659	1.00517	1.01056	1.01511	1.01791	1.01856	1.01714	1.01431	1.0112	1.00886	1.00759	1.00698	1.00647	1.00573	1.00497	1.00498	1.00611	1.00777	1.00942	1.01101	1.01265	1.01427	1.01558	1.01617	1.01541	1.01281	1.00814	1.00151	0.993558	0.985381	0.97849	0.974384	0.97366	0.975914	0.980037	0.984566	0.988599	0.991921	0.994476	0.996083	0.996436	0.995389	0.993209	0.99053	
1.018	1.017	1.016	1.01511	1.01428	1.01376	1.01398	1.01515	1.01698	1.01878	1.01976	1.01927	1.01688	1.0126	1.00747	1.00358	1.00273	1.00528	1.01017	1.01576	1.02111	1.02621	1.03127	1.0359	1.03908	1.04014	1.03907	1.03642	1.03318	1.03029	1.02829	1.0271	1.02629	1.02544	1.02442	1.02351	1.02341	1.02436	1.02582	1.02735	1.0289	1.03068	1.03272	1.03483	1.0366	1.03742	1.03665	1.03388	1.02904	1.02244	1.0148	1.00726	1.0013	0.99806	0.997732	0.99974	1.0031	1.00687	1.01052	1.01375	1.01632	1.01805	1.01883	1.01872	1.018	
1.04126	1.04216	1.04247	1.04211	1.04123	1.04045	1.04037	1.0411	1.04218	1.04283	1.04242	1.04061	1.03732	1.03294	1.02873	1.02661	1.0277	1.03157	1.03667	1.04161	1.04612	1.05049	1.05466	1.05792	1.05946	1.05908	1.05709	1.05423	1.05138	1.04914	1.04769	1.04679	1.04604	1.0451	1.04401	1.0431	1.04285	1.04332	1.0441	1.04495	1.04599	1.04748	1.04961	1.05227	1.05502	1.05719	1.05799	1.05689	1.05367	1.04854	1.04207	1.03504	1.02853	1.0237	1.02127	1.02126	1.02315	1.02612	1.02936	1.03231	1.03475	1.03673	1.03843	1.03995	1.04126	
1.0611	1.06357	1.06545	1.06653	1.06691	1.06701	1.0672	1.06742	1.06724	1.06618	1.06403	1.06085	1.05694	1.05292	1.05001	1.04967	1.05226	1.05676	1.06163	1.06592	1.06964	1.07302	1.07586	1.07749	1.07753	1.07617	1.07393	1.07154	1.06957	1.06829	1.06759	1.06724	1.06688	1.0662	1.06522	1.0643	1.06376	1.06355	1.06345	1.06343	1.06373	1.06473	1.06667	1.06953	1.07286	1.07594	1.07787	1.07799	1.07595	1.07189	1.06643	1.06026	1.05413	1.04888	1.04532	1.04394	1.04454	1.04646	1.04883	1.05099	1.05275	1.05433	1.05618	1.0585	1.0611	
1.07942	1.08263	1.08567	1.08828	1.09033	1.09184	1.0927	1.09248	1.09095	1.0882	1.08459	1.0806	1.07667	1.07346	1.07198	1.07311	1.0766	1.0812	1.08559	1.08914	1.0919	1.09401	1.09526	1.09528	1.09412	1.09225	1.09029	1.08876	1.0879	1.08768	1.08792	1.08836	1.0886	1.08845	1.08789	1.08712	1.08632	1.08548	1.08456	1.08363	1.0831	1.08346	1.08492	1.08751	1.09086	1.09431	1.09692	1.09786	1.09665	1.09333	1.08857	1.08319	1.07782	1.073	1.06932	1.06731	1.06701	1.06788	1.06919	1.07035	1.0713	1.07235	1.07396	1.07638	1.07942	
1.09825	1.1015	1.10487	1.10831	1.11155	1.1142	1.11562	1.1151	1.11263	1.10887	1.10466	1.10064	1.09731	1.09524	1.09519	1.09742	1.10124	1.10546	1.10903	1.11156	1.11311	1.11373	1.11333	1.1119	1.10984	1.10787	1.10652	1.10598	1.10618	1.10695	1.10814	1.10941	1.11035	1.11089	1.11105	1.11082	1.11019	1.10915	1.1077	1.10597	1.10454	1.10403	1.1047	1.10654	1.10936	1.11262	1.11547	1.11694	1.11639	1.11375	1.10963	1.10496	1.10041	1.09639	1.09322	1.09118	1.09035	1.09038	1.09073	1.09102	1.09133	1.09193	1.09317	1.09534	1.09825	
1.11946	1.1222	1.12519	1.12851	1.13197	1.13491	1.13634	1.13554	1.13276	1.12896	1.12507	1.12175	1.11948	1.11876	1.11997	1.12285	1.12652	1.1299	1.13226	1.13341	1.13351	1.13261	1.13067	1.12803	1.12541	1.12362	1.123	1.1234	1.1245	1.12604	1.12786	1.1297	1.13129	1.13256	1.13356	1.13415	1.13415	1.13343	1.13194	1.12983	1.12768	1.12622	1.12582	1.12656	1.12838	1.13101	1.13373	1.13555	1.13567	1.13386	1.13059	1.12674	1.123	1.11979	1.11727	1.11553	1.11454	1.11411	1.11393	1.11382	1.11387	1.11429	1.11528	1.11704	1.11946	
1.144	1.1457	1.14766	1.15007	1.15281	1.15511	1.15595	1.15488	1.15239	1.14939	1.14662	1.14458	1.14372	1.14436	1.14646	1.14946	1.1524	1.15439	1.15511	1.15469	1.1533	1.151	1.1479	1.14448	1.14165	1.14019	1.14026	1.1415	1.14328	1.14522	1.14724	1.14924	1.15117	1.15303	1.15478	1.15619	1.15698	1.1569	1.15579	1.15376	1.15131	1.14911	1.14766	1.1472	1.14785	1.14958	1.15197	1.15405	1.15495	1.15426	1.15221	1.14943	1.14659	1.1441	1.14215	1.14076	1.13991	1.13951	1.13941	1.13948	1.13977	1.14032	1.14121	1.14247	1.144	
1.17115	1.17139	1.17177	1.17264	1.17399	1.17508	1.17515	1.17414	1.17258	1.17111	1.1701	1.1698	1.17042	1.17204	1.17434	1.17661	1.17804	1.17819	1.17715	1.17522	1.17259	1.16934	1.16564	1.162	1.1593	1.15822	1.15882	1.16064	1.16283	1.16488	1.16675	1.16855	1.17044	1.17251	1.17468	1.1767	1.17819	1.17882	1.17833	1.1767	1.17432	1.17173	1.16949	1.16803	1.16767	1.16853	1.17049	1.17282	1.1746	1.17527	1.17475	1.17341	1.17171	1.17004	1.16868	1.16773	1.16721	1.16714	1.16747	1.16806	1.16878	1.16955	1.17027	1.17082	1.17115	
1.19921	1.19774	1.19632	1.19539	1.19511	1.19498	1.19463	1.19429	1.19432	1.19494	1.19606	1.19752	1.19922	1.20094	1.20231	1.20288	1.20231	1.20065	1.19821	1.19523	1.19192	1.18831	1.18456	1.18109	1.17873	1.17799	1.17887	1.18093	1.18321	1.18516	1.18677	1.18821	1.18975	1.19162	1.19382	1.19607	1.198	1.19921	1.1994	1.19838	1.19633	1.19373	1.19112	1.18902	1.18793	1.18814	1.18969	1.19217	1.19479	1.19681	1.19791	1.19818	1.19789	1.19736	1.19688	1.19665	1.19672	1.19715	1.19793	1.19887	1.19978	1.20047	1.20072	1.20028	1.19921	
1.22691	1.22374	1.22057	1.21803	1.2164	1.21548	1.21526	1.21608	1.21803	1.22084	1.22386	1.22652	1.2283	1.22902	1.22864	1.22719	1.22493	1.22209	1.21894	1.21566	1.21228	1.20878	1.20528	1.20217	1.20013	1.19956	1.20039	1.20224	1.2043	1.20606	1.20744	1.20853	1.20964	1.21109	1.21298	1.21506	1.21704	1.21855	1.2193	1.219	1.21758	1.21535	1.21282	1.21053	1.209	1.20876	1.20999	1.21247	1.21562	1.21868	1.22117	1.22293	1.22405	1.22474	1.22529	1.22595	1.22683	1.22794	1.22916	1.23032	1.23119	1.23156	1.23108	1.22949	1.22691	
1.25382	1.24938	1.24494	1.24126	1.23881	1.23763	1.23788	1.23985	1.24333	1.24758	1.25153	1.25428	1.25523	1.25452	1.25256	1.24982	1.24679	1.24368	1.24061	1.23759	1.23451	1.23135	1.22822	1.22547	1.22364	1.22299	1.22342	1.22464	1.2262	1.22768	1.2289	1.2298	1.23058	1.23156	1.23292	1.23452	1.23612	1.23757	1.23862	1.23896	1.23837	1.2369	1.23493	1.23294	1.23143	1.23095	1.23189	1.23422	1.23751	1.24116	1.24459	1.24747	1.24967	1.25126	1.25248	1.2537	1.25512	1.25676	1.25848	1.25998	1.26095	1.26109	1.26006	1.25756	1.25382	
1.28011	1.27544	1.27067	1.2666	1.26385	1.26275	1.2634	1.26584	1.26966	1.2738	1.27724	1.27905	1.27899	1.27742	1.27483	1.27197	1.2692	1.26654	1.26399	1.26147	1.2588	1.256	1.25328	1.25091	1.24924	1.24838	1.2482	1.24857	1.24938	1.25046	1.25152	1.25237	1.25297	1.25353	1.25427	1.25516	1.25609	1.25708	1.25809	1.25886	1.25905	1.25858	1.25762	1.25651	1.25559	1.25528	1.25608	1.25814	1.26126	1.265	1.26882	1.27228	1.2751	1.27717	1.27864	1.27986	1.28119	1.28279	1.28458	1.2863	1.28748	1.28769	1.28664	1.28403	1.28011	
1.30629	1.30289	1.29922	1.29586	1.29341	1.29237	1.29273	1.2943	1.29664	1.29893	1.30055	1.30099	1.30028	1.29871	1.29665	1.29461	1.29268	1.29078	1.28887	1.28683	1.28455	1.28222	1.28008	1.27831	1.27698	1.27598	1.27525	1.2748	1.27475	1.27515	1.27584	1.27652	1.27696	1.27717	1.27731	1.27744	1.27759	1.27793	1.2786	1.27944	1.28016	1.28061	1.28084	1.28099	1.28118	1.28164	1.28271	1.28464	1.28746	1.29089	1.29454	1.298	1.30092	1.3031	1.30456	1.3055	1.30624	1.30709	1.3082	1.30955	1.31072	1.3112	1.31071	1.30903	1.30629	
1.33253	1.33182	1.33072	1.32923	1.32767	1.32637	1.32536	1.32452	1.32374	1.32295	1.32214	1.32121	1.32024	1.31932	1.31849	1.31771	1.31677	1.31563	1.31429	1.31272	1.31102	1.30949	1.30834	1.30758	1.30699	1.3062	1.30513	1.30395	1.30294	1.30234	1.30219	1.30227	1.30231	1.30217	1.30184	1.30137	1.30093	1.30075	1.30099	1.30165	1.30252	1.30347	1.30452	1.30575	1.30719	1.30885	1.31076	1.31306	1.31583	1.31891	1.3221	1.3251	1.32764	1.32954	1.33068	1.3311	1.331	1.33072	1.33062	1.33095	1.33168	1.33242	1.33288	1.33291	1.33253	
1.35818	1.36063	1.36257	1.36338	1.36287	1.36105	1.35801	1.35408	1.34982	1.34593	1.34284	1.34081	1.33988	1.33984	1.34031	1.34075	1.34071	1.34021	1.33941	1.33848	1.33776	1.33751	1.33779	1.33839	1.33879	1.33844	1.33723	1.33541	1.3334	1.33162	1.33025	1.32926	1.32852	1.32788	1.32722	1.32652	1.32594	1.32565	1.3257	1.32619	1.32702	1.328	1.32918	1.33076	1.33289	1.33554	1.33852	1.34168	1.3449	1.34805	1.35096	1.35343	1.35534	1.35658	1.357	1.35658	1.3555	1.35403	1.35257	1.35161	1.35154	1.35239	1.35386	1.35583	1.35818	
1.38236	1.38725	1.39154	1.39413	1.39441	1.39202	1.3872	1.38087	1.37413	1.36807	1.36345	1.36074	1.35998	1.36066	1.36211	1.36346	1.36412	1.36415	1.36392	1.36385	1.36436	1.36564	1.36751	1.36943	1.37061	1.37056	1.36929	1.36703	1.36426	1.36145	1.35889	1.35675	1.3551	1.35388	1.35296	1.3523	1.35201	1.35206	1.35234	1.35293	1.35376	1.35463	1.35551	1.3567	1.35861	1.36141	1.36495	1.3689	1.37287	1.37651	1.37954	1.38173	1.38302	1.38345	1.38294	1.38154	1.37948	1.37695	1.37434	1.37224	1.37136	1.37208	1.37431	1.37784	1.38236	
1.40484	1.41094	1.41643	1.41999	1.42065	1.41788	1.41214	1.40476	1.39696	1.38993	1.38465	1.38172	1.38108	1.38217	1.38414	1.386	1.38713	1.38764	1.38798	1.3887	1.39026	1.39278	1.39584	1.39859	1.40012	1.40014	1.39885	1.39643	1.39333	1.38999	1.38677	1.38393	1.38168	1.38005	1.37898	1.37845	1.37851	1.37901	1.37978	1.38072	1.38171	1.38257	1.38321	1.38386	1.38502	1.38714	1.39034	1.39438	1.39874	1.40284	1.40616	1.40825	1.4091	1.40886	1.40756	1.40541	1.40265	1.39945	1.39614	1.39338	1.39192	1.39236	1.39487	1.39921	1.40484	
1.42605	1.4322	1.43786	1.4416	1.44235	1.43957	1.43386	1.42662	1.41897	1.41204	1.40691	1.4041	1.40352	1.4047	1.40674	1.40871	1.41011	1.41102	1.41186	1.41309	1.41518	1.41822	1.42167	1.42458	1.4261	1.42611	1.42489	1.42261	1.41964	1.41638	1.41316	1.41026	1.40791	1.40621	1.40519	1.4048	1.405	1.40574	1.40684	1.4081	1.40932	1.41029	1.41092	1.41131	1.41185	1.41308	1.41535	1.41869	1.42266	1.42667	1.43003	1.43205	1.43262	1.43199	1.43034	1.42794	1.42498	1.42163	1.41822	1.41533	1.41366	1.41381	1.41611	1.4204	1.42605	
1.44658	1.45192	1.4569	1.46022	1.46088	1.45847	1.45352	1.44726	1.44066	1.43471	1.43035	1.42795	1.42746	1.42851	1.43027	1.43204	1.43349	1.43462	1.43573	1.43714	1.43921	1.44203	1.44507	1.44757	1.44884	1.44883	1.44783	1.44595	1.44348	1.44076	1.43805	1.43558	1.43355	1.43209	1.43126	1.43096	1.43115	1.43185	1.43296	1.43424	1.4355	1.43654	1.43726	1.43764	1.43793	1.43854	1.43986	1.44213	1.44517	1.44851	1.45145	1.45321	1.45361	1.4529	1.45134	1.44916	1.44651	1.44356	1.44059	1.43807	1.43655	1.43651	1.43826	1.44179	1.44658	
1.46685	1.47075	1.47444	1.4769	1.47741	1.47565	1.47198	1.46732	1.46243	1.45807	1.45491	1.45317	1.45288	1.4537	1.45498	1.45634	1.45757	1.45863	1.45968	1.46091	1.46253	1.46459	1.46674	1.46848	1.46934	1.46932	1.46863	1.46733	1.4656	1.46368	1.46176	1.46001	1.45856	1.45752	1.45694	1.45672	1.45682	1.45733	1.45818	1.45919	1.4602	1.46108	1.46173	1.46214	1.46237	1.46269	1.46339	1.46468	1.46664	1.46896	1.47109	1.47237	1.47262	1.47206	1.47088	1.46925	1.46731	1.46516	1.46304	1.46123	1.46013	1.46001	1.4611	1.46347	1.46685	
1.48714	1.48919	1.49115	1.49247	1.49275	1.49181	1.48984	1.48732	1.48467	1.48233	1.48067	1.47978	1.47969	1.48019	1.48087	1.48161	1.48234	1.48299	1.48364	1.48436	1.48524	1.48629	1.48736	1.48823	1.48866	1.48864	1.48828	1.48762	1.48674	1.48575	1.48476	1.48387	1.48313	1.4826	1.4823	1.48217	1.48221	1.48246	1.48292	1.48347	1.48402	1.4845	1.48488	1.48515	1.48533	1.4855	1.48582	1.4864	1.48732	1.48849	1.48959	1.49024	1.49036	1.49006	1.48943	1.48857	1.48755	1.48643	1.48535	1.48443	1.48385	1.48375	1.48424	1.48541	1.48714	
1.50751	1.50751	1.50751	1.50751	1.50751	1.50751	1.50751	1.50751	1.50751	1.50751	1.50751	1.50751	1.50751	1.50751	1.50751	1.50751	1.50751	1.50751	1.50751	1.50751	1.50751	1.50751	1.50751	1.50751	1.50751	1.50751	1.50751	1.50751	1.50751	1.50751	1.50751	1.50751	1.50751	1.50751	1.50751	1.50751	1.50751	1.50751	1.50751	1.50751	1.50751	1.50751	1.50751	1.50751	1.50751	1.50751	1.50751	1.50751	1.50751	1.50751	1.50751	1.50751	1.50751	1.50751	1.50751	1.50751	1.50751	1.50751	1.50751	1.50751	1.50751	1.50751	1.50751	1.50751	1.50751	
