y	b	bdiff	u.x	u.y	u.z	Ri	
0.0976562	0.00620479	4.20258e-05	7.36908e-07	-3.36367e-05	3.56429e-07	403927
3.22266	0.0127115	8.50215e-07	9.06111e-06	3.27546e-05	6.83512e-07	2.56919e+06
6.34766	0.0250232	-1.30069e-05	3.33168e-05	-3.03694e-05	2.15863e-06	2.78613e+06
9.47266	0.0373754	1.37004e-05	7.97102e-05	3.07936e-05	-6.41981e-06	1.22117e+06
12.5977	0.0497165	2.92798e-05	0.000198952	-2.46504e-05	2.12093e-05	1.46638e+06
15.7227	0.0620668	5.40027e-05	0.000248178	2.8635e-05	1.74273e-05	1.07618e+06
18.8477	0.0745077	0.000169384	0.000977659	-1.36141e-05	0.000151769	463441
21.9727	0.0872162	0.000552406	0.00569824	1.19621e-05	-0.00090096	240049
25.0573	0.09978	0.000950026	0.0169047	3.2166e-05	9.59827e-05	61545.6
27.987	0.111773	0.00138785	0.0389254	-7.17222e-06	0.00269316	379554
30.7447	0.122489	0.0012271	0.058702	0.000141489	-0.00215688	1.50076e+06
33.4929	0.133	0.000898322	0.0639062	0.000363736	-0.000333872	2.33076e+06
35.8612	0.141384	-5.79429e-05	0.0410601	0.000435052	0.00372929	200956
37.94	0.148809	-0.00083282	0.0256951	-0.000192771	-0.000979364	106169
39.9376	0.156217	-0.00130305	0.0155737	0.000153743	-0.000528914	84862.1
41.8124	0.163543	-0.00137255	0.0103405	-8.55411e-05	-0.000188533	70612.6
43.7366	0.171255	-0.00124895	0.00588192	2.96178e-05	-0.00103172	121184
45.7635	0.179503	-0.000995814	0.00490128	3.27874e-06	0.000340685	190960
48.0035	0.188616	-0.000717739	0.00346863	9.85938e-06	0.000314541	267582
50.3272	0.198072	-0.000426899	0.00203704	-0.000114924	-3.13809e-05	165399
52.9006	0.208456	-0.000193176	3.07468e-05	-1.18207e-05	2.08272e-05	84353.3
55.8572	0.220245	-6.45047e-05	2.46715e-05	-4.75094e-06	1.50958e-06	70057
58.9286	0.232405	-1.91399e-05	4.14732e-05	1.47823e-05	-1.89972e-06	61064.2
62.0536	0.244743	-6.91051e-06	2.93021e-05	-2.09468e-05	-3.24849e-07	95551.9
65.1786	0.257072	-3.06635e-06	1.75346e-05	1.74641e-05	-8.55696e-07	192450
68.3036	0.2694	-1.38666e-06	1.09691e-05	-2.21437e-05	-4.87885e-08	856141
71.4286	0.281726	-6.48593e-07	6.59676e-06	1.87869e-05	-2.30065e-07	1.43728e+06
74.5536	0.294052	-3.08679e-07	4.03481e-06	-2.20595e-05	2.11935e-08	653542
77.6786	0.306377	-1.71383e-07	2.40619e-06	1.92054e-05	-7.17488e-08	1.38029e+06
80.8036	0.318703	-1.05627e-07	1.47085e-06	-2.13805e-05	1.42529e-08	4.03352e+06
83.9286	0.331028	-7.99844e-08	8.50678e-07	1.9228e-05	-2.35637e-08	7.69261e+06
87.0536	0.343354	-6.68568e-08	4.95576e-07	-2.05615e-05	5.89306e-09	1.18826e+07
90.1786	0.355679	-5.6122e-08	2.55276e-07	1.91464e-05	-7.64009e-09	1.98057e+07
93.3036	0.368007	1.81389e-06	1.32538e-07	-1.98122e-05	1.30788e-09	3.27456e+07
96.4286	0.380332	1.44339e-06	5.1141e-08	1.91301e-05	-3.21633e-10	4.52622e+07
99.5536	0.388249	-5.24271e-06	3.55351e-09	-1.92242e-05	2.04477e-09	4.85326e+07
