x=200	y=80	z=200	n=65	len=1
b
0.602859	0.602852	0.602862	0.602871	0.602864	0.602857	0.602871	0.602885	0.602876	0.602867	0.602887	0.602906	0.602895	0.602883	0.602908	0.602933	0.602917	0.6029	0.60293	0.602961	0.602936	0.602911	0.602946	0.60298	0.602942	0.602905	0.602942	0.602979	0.602926	0.602872	0.602915	0.602958	0.602899	0.602839	0.602891	0.602944	0.602907	0.60287	0.602908	0.602945	0.602921	0.602896	0.602917	0.602938	0.602919	0.6029	0.60291	0.60292	0.602905	0.602891	0.602895	0.602899	0.602888	0.602876	0.602879	0.602881	0.602872	0.602863	0.602866	0.60287	0.602862	0.602854	0.60286	0.602866	0.602859	
0.602855	0.602851	0.602858	0.602865	0.60286	0.602855	0.602866	0.602877	0.602871	0.602865	0.602881	0.602897	0.602889	0.602881	0.602902	0.602923	0.602911	0.602898	0.602925	0.602951	0.602932	0.602913	0.602943	0.602973	0.602944	0.602916	0.602948	0.602981	0.602941	0.602901	0.602936	0.602971	0.602927	0.602883	0.60292	0.602958	0.602929	0.6029	0.602924	0.602949	0.60293	0.602912	0.602922	0.602933	0.60292	0.602907	0.60291	0.602912	0.602903	0.602893	0.602892	0.602891	0.602884	0.602876	0.602875	0.602874	0.602868	0.602862	0.602863	0.602863	0.602858	0.602853	0.602857	0.60286	0.602855	
0.602853	0.602847	0.602855	0.602864	0.602857	0.60285	0.602863	0.602875	0.602867	0.602859	0.602876	0.602892	0.602882	0.602872	0.602893	0.602915	0.6029	0.602886	0.602912	0.602938	0.602918	0.602897	0.602927	0.602956	0.602927	0.602898	0.60293	0.602962	0.602924	0.602885	0.60292	0.602955	0.602913	0.602871	0.602907	0.602944	0.602914	0.602884	0.60291	0.602936	0.602915	0.602893	0.602908	0.602923	0.602907	0.602891	0.602898	0.602905	0.602893	0.60288	0.602883	0.602886	0.602877	0.602867	0.602869	0.602871	0.602864	0.602856	0.602859	0.602862	0.602856	0.602849	0.602854	0.602859	0.602853	
0.602851	0.602843	0.602853	0.602862	0.602854	0.602846	0.602859	0.602872	0.602863	0.602853	0.60287	0.602888	0.602875	0.602863	0.602885	0.602907	0.60289	0.602874	0.6029	0.602925	0.602903	0.602881	0.60291	0.60294	0.60291	0.60288	0.602912	0.602944	0.602907	0.60287	0.602904	0.602938	0.602899	0.602859	0.602894	0.60293	0.602898	0.602867	0.602895	0.602923	0.602899	0.602875	0.602893	0.602912	0.602893	0.602875	0.602886	0.602897	0.602882	0.602868	0.602875	0.602882	0.60287	0.602858	0.602864	0.602869	0.602859	0.60285	0.602855	0.602861	0.602853	0.602844	0.602851	0.602858	0.602851	
0.602848	0.602843	0.60285	0.602858	0.602852	0.602845	0.602856	0.602867	0.60286	0.602853	0.602867	0.602882	0.602873	0.602863	0.602882	0.6029	0.602888	0.602876	0.602898	0.60292	0.602903	0.602886	0.602911	0.602936	0.602913	0.602891	0.602917	0.602943	0.602915	0.602887	0.602914	0.60294	0.602911	0.602881	0.602907	0.602933	0.602909	0.602885	0.602904	0.602923	0.602905	0.602887	0.602898	0.602909	0.602895	0.602882	0.602887	0.602893	0.602882	0.602871	0.602874	0.602877	0.602869	0.60286	0.602862	0.602864	0.602857	0.602851	0.602854	0.602856	0.60285	0.602845	0.602849	0.602854	0.602848	
0.602846	0.602843	0.602848	0.602853	0.602849	0.602845	0.602854	0.602862	0.602857	0.602852	0.602864	0.602876	0.60287	0.602863	0.602879	0.602894	0.602886	0.602877	0.602896	0.602914	0.602903	0.602891	0.602911	0.602932	0.602916	0.602901	0.602922	0.602942	0.602923	0.602904	0.602924	0.602943	0.602923	0.602903	0.602919	0.602936	0.602919	0.602903	0.602913	0.602923	0.602911	0.602899	0.602903	0.602906	0.602897	0.602889	0.602888	0.602888	0.602882	0.602875	0.602874	0.602872	0.602867	0.602862	0.602861	0.60286	0.602856	0.602852	0.602852	0.602852	0.602848	0.602845	0.602847	0.60285	0.602846	
0.602845	0.60284	0.602847	0.602854	0.602848	0.602843	0.602852	0.602862	0.602855	0.602849	0.602862	0.602875	0.602867	0.602859	0.602875	0.602892	0.602881	0.602871	0.602891	0.602911	0.602897	0.602883	0.602905	0.602927	0.60291	0.602893	0.602915	0.602938	0.602917	0.602896	0.602917	0.602939	0.602917	0.602895	0.602914	0.602932	0.602913	0.602895	0.602907	0.602919	0.602905	0.60289	0.602896	0.602903	0.602892	0.60288	0.602883	0.602886	0.602877	0.602869	0.60287	0.602871	0.602864	0.602857	0.602858	0.602859	0.602854	0.602848	0.60285	0.602852	0.602847	0.602842	0.602846	0.60285	0.602845	
0.602844	0.602838	0.602846	0.602854	0.602847	0.60284	0.602851	0.602862	0.602854	0.602845	0.60286	0.602875	0.602864	0.602854	0.602872	0.60289	0.602877	0.602864	0.602886	0.602907	0.602891	0.602875	0.602899	0.602923	0.602903	0.602884	0.602908	0.602933	0.60291	0.602888	0.602911	0.602934	0.602911	0.602888	0.602908	0.602928	0.602907	0.602886	0.602901	0.602916	0.602898	0.602881	0.60289	0.6029	0.602886	0.602872	0.602878	0.602883	0.602873	0.602862	0.602866	0.602869	0.602861	0.602852	0.602855	0.602858	0.602852	0.602845	0.602848	0.602852	0.602846	0.60284	0.602845	0.602851	0.602844	
0.602844	0.602839	0.602846	0.602852	0.602847	0.602841	0.602851	0.60286	0.602854	0.602847	0.60286	0.602872	0.602865	0.602857	0.602873	0.602889	0.60288	0.602871	0.602889	0.602907	0.602897	0.602886	0.602906	0.602926	0.602913	0.602901	0.60292	0.60294	0.602925	0.60291	0.602927	0.602944	0.602928	0.602912	0.602925	0.602937	0.602922	0.602907	0.602915	0.602922	0.60291	0.602897	0.6029	0.602903	0.602893	0.602883	0.602884	0.602884	0.602877	0.602869	0.602869	0.602868	0.602862	0.602857	0.602857	0.602857	0.602852	0.602847	0.602849	0.60285	0.602846	0.602841	0.602845	0.602848	0.602844	
0.602843	0.602841	0.602845	0.602849	0.602846	0.602843	0.60285	0.602857	0.602853	0.60285	0.60286	0.60287	0.602865	0.602861	0.602874	0.602887	0.602882	0.602877	0.602893	0.602908	0.602902	0.602897	0.602913	0.602929	0.602923	0.602917	0.602932	0.602947	0.602939	0.602931	0.602943	0.602954	0.602945	0.602936	0.602941	0.602947	0.602938	0.602928	0.602929	0.602929	0.602921	0.602913	0.60291	0.602907	0.6029	0.602894	0.60289	0.602885	0.602881	0.602876	0.602872	0.602868	0.602864	0.602861	0.602858	0.602855	0.602853	0.60285	0.602849	0.602848	0.602846	0.602843	0.602845	0.602846	0.602843	
0.602844	0.60284	0.602846	0.602851	0.602847	0.602842	0.602851	0.60286	0.602854	0.602848	0.602861	0.602873	0.602866	0.60286	0.602875	0.602891	0.602884	0.602876	0.602895	0.602913	0.602905	0.602897	0.602917	0.602937	0.602928	0.602919	0.602938	0.602956	0.602946	0.602935	0.60295	0.602964	0.602952	0.60294	0.602948	0.602957	0.602944	0.602932	0.602934	0.602936	0.602925	0.602914	0.602913	0.602911	0.602902	0.602894	0.602891	0.602887	0.602881	0.602875	0.602872	0.602869	0.602865	0.60286	0.602858	0.602857	0.602853	0.602849	0.602849	0.60285	0.602846	0.602843	0.602845	0.602848	0.602844	
0.602845	0.60284	0.602847	0.602854	0.602847	0.602841	0.602852	0.602862	0.602855	0.602847	0.602862	0.602876	0.602867	0.602858	0.602877	0.602895	0.602885	0.602875	0.602897	0.602918	0.602908	0.602897	0.60292	0.602944	0.602932	0.602921	0.602943	0.602966	0.602953	0.602939	0.602957	0.602975	0.60296	0.602945	0.602956	0.602966	0.602951	0.602935	0.602939	0.602943	0.602929	0.602915	0.602915	0.602915	0.602904	0.602893	0.602892	0.60289	0.602882	0.602874	0.602872	0.602871	0.602865	0.602859	0.602858	0.602858	0.602853	0.602848	0.60285	0.602851	0.602847	0.602842	0.602846	0.60285	0.602845	
0.602846	0.602843	0.602848	0.602853	0.602849	0.602845	0.602854	0.602862	0.602857	0.602853	0.602865	0.602878	0.602872	0.602867	0.602883	0.6029	0.602894	0.602889	0.602909	0.602928	0.602924	0.602919	0.60294	0.602961	0.602957	0.602953	0.602972	0.602991	0.602986	0.602981	0.602994	0.603006	0.602998	0.602989	0.602993	0.602997	0.602985	0.602973	0.60297	0.602967	0.602955	0.602944	0.602937	0.602931	0.602922	0.602913	0.602906	0.602899	0.602893	0.602886	0.602881	0.602876	0.602871	0.602866	0.602863	0.60286	0.602857	0.602853	0.602853	0.602852	0.602849	0.602845	0.602848	0.60285	0.602846	
0.602848	0.602845	0.602849	0.602853	0.602851	0.602848	0.602856	0.602863	0.60286	0.602858	0.602869	0.602879	0.602877	0.602875	0.60289	0.602904	0.602904	0.602903	0.602921	0.602938	0.60294	0.602942	0.60296	0.602978	0.602982	0.602986	0.603001	0.603017	0.60302	0.603023	0.60303	0.603038	0.603035	0.603033	0.60303	0.603027	0.603019	0.603011	0.603001	0.602991	0.602981	0.602972	0.602959	0.602947	0.602939	0.602932	0.60292	0.602908	0.602903	0.602899	0.602889	0.60288	0.602877	0.602874	0.602868	0.602862	0.60286	0.602858	0.602855	0.602853	0.602851	0.602849	0.602849	0.60285	0.602848	
0.60285	0.602846	0.602852	0.602857	0.602853	0.602849	0.602858	0.602868	0.602863	0.602859	0.602873	0.602887	0.602882	0.602878	0.602896	0.602915	0.602911	0.602908	0.602931	0.602954	0.602952	0.602951	0.602976	0.603001	0.603001	0.603002	0.603024	0.603046	0.603045	0.603044	0.603057	0.60307	0.603063	0.603055	0.603056	0.603056	0.603043	0.603031	0.603022	0.603012	0.602999	0.602986	0.602973	0.602961	0.602951	0.602941	0.602928	0.602916	0.60291	0.602903	0.602894	0.602885	0.602881	0.602877	0.602871	0.602866	0.602863	0.60286	0.602858	0.602856	0.602853	0.60285	0.602851	0.602853	0.60285	
0.602852	0.602847	0.602854	0.602861	0.602855	0.60285	0.602862	0.602873	0.602867	0.60286	0.602877	0.602894	0.602887	0.60288	0.602903	0.602926	0.602919	0.602913	0.602941	0.60297	0.602965	0.602961	0.602992	0.603024	0.603021	0.603017	0.603046	0.603076	0.60307	0.603065	0.603083	0.603102	0.60309	0.603078	0.603082	0.603085	0.603068	0.603051	0.603042	0.603034	0.603017	0.603001	0.602987	0.602974	0.602962	0.602949	0.602937	0.602924	0.602916	0.602908	0.602899	0.60289	0.602885	0.60288	0.602874	0.602869	0.602865	0.602861	0.60286	0.602858	0.602855	0.602851	0.602854	0.602856	0.602852	
0.602855	0.602852	0.602858	0.602863	0.602859	0.602856	0.602866	0.602876	0.602873	0.602869	0.602885	0.602901	0.602898	0.602895	0.602917	0.602939	0.602939	0.602939	0.602967	0.602994	0.602999	0.603004	0.603035	0.603066	0.603075	0.603084	0.603111	0.603139	0.603146	0.603154	0.603167	0.603181	0.603177	0.603172	0.603166	0.603161	0.603144	0.603128	0.60311	0.603091	0.603073	0.603054	0.603033	0.603012	0.602997	0.602983	0.602965	0.602947	0.602938	0.602929	0.602916	0.602902	0.602897	0.602892	0.602884	0.602876	0.602872	0.602869	0.602866	0.602862	0.602859	0.602856	0.602857	0.602858	0.602855	
0.602859	0.602857	0.602861	0.602865	0.602863	0.602862	0.602871	0.60288	0.602879	0.602878	0.602893	0.602907	0.602909	0.60291	0.602931	0.602952	0.602958	0.602965	0.602992	0.603018	0.603033	0.603047	0.603077	0.603107	0.603129	0.603151	0.603176	0.603202	0.603222	0.603242	0.603251	0.60326	0.603263	0.603266	0.603251	0.603237	0.603221	0.603204	0.603177	0.603149	0.603128	0.603107	0.603078	0.603049	0.603033	0.603017	0.602993	0.602969	0.602959	0.602949	0.602932	0.602915	0.60291	0.602904	0.602893	0.602883	0.60288	0.602876	0.602871	0.602866	0.602864	0.602862	0.602861	0.602861	0.602859	
0.602862	0.602859	0.602865	0.602871	0.602867	0.602864	0.602876	0.602888	0.602885	0.602881	0.6029	0.602919	0.602918	0.602916	0.602944	0.602971	0.602974	0.602977	0.603013	0.603048	0.603059	0.603069	0.60311	0.603151	0.603168	0.603185	0.603222	0.603258	0.603272	0.603286	0.603302	0.603319	0.603314	0.603309	0.6033	0.603291	0.603268	0.603246	0.603218	0.603191	0.603164	0.603138	0.603107	0.603075	0.603056	0.603037	0.60301	0.602984	0.602972	0.602961	0.602942	0.602923	0.602917	0.602911	0.602899	0.602888	0.602884	0.60288	0.602875	0.60287	0.602867	0.602864	0.602865	0.602865	0.602862	
0.602865	0.602861	0.602869	0.602876	0.602871	0.602866	0.602881	0.602896	0.60289	0.602885	0.602908	0.602931	0.602927	0.602922	0.602956	0.602989	0.602989	0.602989	0.603033	0.603078	0.603084	0.603091	0.603143	0.603195	0.603207	0.60322	0.603267	0.603315	0.603322	0.603329	0.603353	0.603378	0.603365	0.603353	0.603349	0.603346	0.603316	0.603287	0.60326	0.603232	0.603201	0.603169	0.603135	0.603101	0.603079	0.603057	0.603027	0.602998	0.602985	0.602973	0.602952	0.602931	0.602924	0.602917	0.602905	0.602893	0.602889	0.602884	0.602879	0.602874	0.60287	0.602867	0.602868	0.602869	0.602865	
0.602871	0.602868	0.602874	0.602881	0.602878	0.602875	0.602888	0.602902	0.6029	0.602898	0.602921	0.602943	0.602945	0.602946	0.60298	0.603013	0.603023	0.603032	0.603078	0.603124	0.603146	0.603169	0.603223	0.603278	0.603313	0.603348	0.603398	0.603448	0.60348	0.603512	0.603533	0.603555	0.603552	0.603549	0.60353	0.603512	0.603474	0.603436	0.603394	0.603351	0.603308	0.603265	0.60322	0.603174	0.603143	0.603112	0.603076	0.60304	0.603022	0.603004	0.602979	0.602954	0.602944	0.602935	0.60292	0.602905	0.6029	0.602895	0.602888	0.602881	0.602878	0.602874	0.602874	0.602874	0.602871	
0.602876	0.602874	0.60288	0.602885	0.602884	0.602883	0.602896	0.602909	0.60291	0.602912	0.602934	0.602956	0.602963	0.60297	0.603004	0.603037	0.603057	0.603076	0.603123	0.60317	0.603208	0.603246	0.603303	0.603361	0.603419	0.603477	0.603529	0.603581	0.603638	0.603696	0.603714	0.603731	0.603738	0.603745	0.603712	0.603678	0.603632	0.603586	0.603528	0.60347	0.603415	0.603361	0.603304	0.603247	0.603208	0.603168	0.603124	0.603081	0.603058	0.603035	0.603006	0.602976	0.602965	0.602953	0.602935	0.602917	0.602911	0.602905	0.602897	0.602888	0.602885	0.602881	0.60288	0.602879	0.602876	
0.60288	0.602877	0.602885	0.602892	0.602889	0.602886	0.602903	0.602919	0.602918	0.602917	0.602944	0.602972	0.602976	0.60298	0.603023	0.603065	0.60308	0.603095	0.603155	0.603215	0.603249	0.603282	0.603356	0.603429	0.60348	0.603531	0.603597	0.603662	0.603705	0.603748	0.603769	0.60379	0.603785	0.603779	0.603761	0.603743	0.603692	0.60364	0.603585	0.60353	0.603469	0.603408	0.603347	0.603286	0.603243	0.603199	0.60315	0.603102	0.603077	0.603053	0.60302	0.602987	0.602975	0.602963	0.602943	0.602924	0.602918	0.602911	0.602902	0.602893	0.602889	0.602885	0.602884	0.602884	0.60288	
0.602884	0.60288	0.602889	0.602899	0.602894	0.602889	0.602909	0.60293	0.602926	0.602922	0.602955	0.602989	0.602989	0.60299	0.603041	0.603093	0.603104	0.603115	0.603188	0.603261	0.60329	0.603319	0.603408	0.603497	0.603541	0.603585	0.603664	0.603743	0.603771	0.603799	0.603824	0.603849	0.603831	0.603814	0.603811	0.603809	0.603751	0.603694	0.603642	0.603591	0.603523	0.603455	0.60339	0.603325	0.603278	0.603231	0.603177	0.603122	0.603097	0.603072	0.603035	0.602998	0.602986	0.602973	0.602952	0.60293	0.602924	0.602917	0.602908	0.602898	0.602893	0.602889	0.602889	0.602889	0.602884	
0.602892	0.602888	0.602897	0.602905	0.602903	0.6029	0.602919	0.602939	0.602939	0.602939	0.602973	0.603006	0.603015	0.603023	0.603075	0.603128	0.603153	0.603178	0.603255	0.603332	0.603386	0.60344	0.603537	0.603635	0.603718	0.603801	0.603889	0.603977	0.604054	0.604131	0.604155	0.604179	0.60417	0.604162	0.60414	0.604119	0.604032	0.603944	0.603871	0.603799	0.603702	0.603604	0.603525	0.603445	0.603378	0.603311	0.603249	0.603187	0.60315	0.603114	0.603073	0.603032	0.603014	0.602996	0.602972	0.602948	0.602939	0.60293	0.602919	0.602908	0.602903	0.602897	0.602896	0.602895	0.602892	
0.602899	0.602896	0.602904	0.602911	0.602911	0.602911	0.602929	0.602948	0.602953	0.602957	0.602991	0.603024	0.60304	0.603056	0.60311	0.603164	0.603203	0.603242	0.603323	0.603404	0.603482	0.603561	0.603667	0.603773	0.603895	0.604017	0.604114	0.604211	0.604337	0.604463	0.604487	0.60451	0.60451	0.60451	0.60447	0.604429	0.604312	0.604194	0.6041	0.604007	0.60388	0.603754	0.60366	0.603565	0.603478	0.603391	0.603321	0.603252	0.603203	0.603155	0.603111	0.603066	0.603042	0.603018	0.602992	0.602966	0.602954	0.602943	0.60293	0.602918	0.602912	0.602906	0.602904	0.602902	0.602899	
0.602903	0.602899	0.602909	0.602919	0.602917	0.602914	0.602937	0.60296	0.602962	0.602963	0.603004	0.603044	0.603056	0.603068	0.603133	0.603199	0.603233	0.603268	0.603365	0.603462	0.603536	0.603609	0.603732	0.603854	0.603965	0.604076	0.604171	0.604266	0.604317	0.604369	0.604316	0.604263	0.604255	0.604247	0.604291	0.604335	0.604269	0.604204	0.604131	0.604059	0.60393	0.603801	0.603704	0.603608	0.603519	0.603429	0.603352	0.603274	0.603226	0.603179	0.603128	0.603077	0.603054	0.603031	0.603001	0.602972	0.602961	0.60295	0.602936	0.602923	0.602916	0.60291	0.602909	0.602907	0.602903	
0.602908	0.602902	0.602914	0.602927	0.602922	0.602918	0.602945	0.602972	0.602971	0.602969	0.603017	0.603064	0.603072	0.60308	0.603157	0.603234	0.603263	0.603293	0.603407	0.603521	0.603589	0.603658	0.603796	0.603935	0.604035	0.604135	0.604228	0.604321	0.604298	0.604275	0.604146	0.604016	0.604	0.603984	0.604112	0.60424	0.604227	0.604214	0.604162	0.60411	0.603979	0.603847	0.603749	0.603651	0.603559	0.603467	0.603382	0.603297	0.603249	0.603202	0.603145	0.603087	0.603066	0.603044	0.603011	0.602978	0.602968	0.602957	0.602942	0.602927	0.602921	0.602914	0.602914	0.602913	0.602908	
0.602916	0.602911	0.602922	0.602934	0.602931	0.602929	0.602956	0.602982	0.602986	0.602989	0.603037	0.603084	0.603101	0.603118	0.603196	0.603275	0.603321	0.603368	0.603488	0.603608	0.603706	0.603803	0.603956	0.604109	0.604247	0.604384	0.604464	0.604545	0.60447	0.604396	0.604175	0.603953	0.603957	0.603962	0.604159	0.604356	0.604395	0.604433	0.6044	0.604366	0.604194	0.604021	0.603912	0.603804	0.603681	0.603558	0.603468	0.603378	0.603312	0.603247	0.603188	0.60313	0.603098	0.603067	0.603033	0.603	0.602985	0.60297	0.602955	0.602939	0.602931	0.602923	0.602922	0.60292	0.602916	
0.602924	0.602919	0.60293	0.60294	0.602941	0.602941	0.602967	0.602993	0.603001	0.603009	0.603056	0.603104	0.60313	0.603155	0.603236	0.603317	0.603379	0.603442	0.603569	0.603696	0.603822	0.603948	0.604115	0.604282	0.604458	0.604634	0.604701	0.604768	0.604643	0.604518	0.604204	0.603889	0.603914	0.603939	0.604206	0.604472	0.604562	0.604653	0.604637	0.604621	0.604408	0.604195	0.604075	0.603956	0.603802	0.603648	0.603554	0.60346	0.603376	0.603292	0.603232	0.603172	0.603131	0.60309	0.603056	0.603022	0.603002	0.602983	0.602967	0.602951	0.602942	0.602932	0.60293	0.602928	0.602924	
0.602927	0.602922	0.602935	0.602948	0.602946	0.602944	0.602974	0.603005	0.603009	0.603014	0.603069	0.603125	0.603146	0.603167	0.60326	0.603353	0.603412	0.603471	0.603613	0.603756	0.603881	0.604006	0.604179	0.604352	0.604524	0.604697	0.604666	0.604635	0.604339	0.604042	0.603949	0.603857	0.603754	0.603651	0.603808	0.603966	0.604221	0.604476	0.604551	0.604626	0.604418	0.604209	0.604098	0.603987	0.603834	0.603681	0.603578	0.603475	0.603395	0.603314	0.603246	0.603178	0.60314	0.603103	0.603064	0.603025	0.603007	0.60299	0.602972	0.602955	0.602945	0.602936	0.602934	0.602933	0.602927	
0.602931	0.602924	0.60294	0.602955	0.602951	0.602946	0.602982	0.603017	0.603018	0.603019	0.603082	0.603145	0.603162	0.603179	0.603284	0.603389	0.603444	0.603499	0.603658	0.603816	0.60394	0.604063	0.604242	0.604422	0.604591	0.604759	0.604631	0.604503	0.604034	0.603702	0.603479	0.604535	0.605158	0.604101	0.603734	0.603658	0.603847	0.604298	0.604465	0.604631	0.604427	0.604223	0.604121	0.604018	0.603866	0.603713	0.603602	0.60349	0.603414	0.603337	0.60326	0.603184	0.60315	0.603115	0.603072	0.603029	0.603013	0.602996	0.602977	0.602958	0.602949	0.60294	0.602939	0.602938	0.602931	
0.602938	0.602932	0.602947	0.602961	0.602959	0.602957	0.602991	0.603025	0.603031	0.603037	0.6031	0.603162	0.603187	0.603212	0.603319	0.603426	0.603494	0.603563	0.603729	0.603895	0.604036	0.604178	0.604378	0.604579	0.604746	0.604914	0.604883	0.604853	0.604038	0.602851	0.603597	0.60541	0.605563	0.604618	0.604072	0.603392	0.603743	0.604551	0.604658	0.604765	0.604555	0.604345	0.604246	0.604146	0.603963	0.603781	0.603674	0.603568	0.603469	0.603371	0.603298	0.603226	0.603179	0.603133	0.603092	0.603051	0.603029	0.603007	0.602988	0.60297	0.602959	0.602947	0.602946	0.602944	0.602938	
0.602946	0.60294	0.602953	0.602967	0.602967	0.602968	0.603001	0.603034	0.603044	0.603055	0.603117	0.603179	0.603212	0.603246	0.603354	0.603462	0.603544	0.603626	0.6038	0.603974	0.604133	0.604293	0.604514	0.604736	0.604902	0.605068	0.605136	0.605204	0.604043	0.602281	0.603085	0.603373	0.601821	0.601969	0.602878	0.602908	0.603693	0.604803	0.604851	0.604899	0.604684	0.604468	0.604371	0.604273	0.604061	0.603848	0.603747	0.603646	0.603525	0.603405	0.603336	0.603268	0.603209	0.603151	0.603112	0.603072	0.603045	0.603018	0.602999	0.602981	0.602968	0.602955	0.602953	0.602951	0.602946	
0.602948	0.602941	0.602957	0.602973	0.602971	0.602969	0.603006	0.603043	0.60305	0.603057	0.603126	0.603195	0.603225	0.603254	0.603373	0.603492	0.603572	0.603653	0.603842	0.604031	0.6042	0.604369	0.6046	0.604831	0.60502	0.605209	0.605245	0.605281	0.603649	0.601933	0.600742	0.597149	0.610898	0.598635	0.600518	0.602566	0.603377	0.604374	0.604654	0.604935	0.604706	0.604477	0.604386	0.604295	0.604084	0.603874	0.603759	0.603644	0.603532	0.603421	0.603342	0.603264	0.603212	0.603159	0.603115	0.603071	0.603046	0.603022	0.603002	0.602982	0.60297	0.602957	0.602956	0.602955	0.602948	
0.60295	0.602942	0.60296	0.602979	0.602974	0.60297	0.603011	0.603053	0.603056	0.60306	0.603136	0.603211	0.603237	0.603262	0.603392	0.603522	0.603601	0.60368	0.603885	0.604089	0.604268	0.604446	0.604686	0.604927	0.605139	0.60535	0.605354	0.605357	0.603255	0.600844	0.600209	0.607754	0.670839	0.59843	0.600917	0.601804	0.60284	0.603944	0.604457	0.604971	0.604729	0.604486	0.604401	0.604316	0.604108	0.603899	0.603771	0.603643	0.60354	0.603437	0.603348	0.60326	0.603214	0.603168	0.603118	0.603069	0.603048	0.603026	0.603005	0.602983	0.602971	0.602959	0.602958	0.602958	0.60295	
0.602955	0.602947	0.602965	0.602982	0.60298	0.602977	0.603017	0.603058	0.603065	0.603072	0.603146	0.603221	0.603252	0.603282	0.603414	0.603545	0.603631	0.603718	0.603933	0.604148	0.604339	0.604531	0.604804	0.605077	0.605292	0.605507	0.605573	0.605639	0.604857	0.602948	0.601523	0.651344	0.692294	0.689211	0.601626	0.60104	0.603438	0.603968	0.604526	0.605084	0.604822	0.604559	0.604489	0.604419	0.604172	0.603925	0.603813	0.603702	0.603575	0.603449	0.603371	0.603292	0.603234	0.603175	0.603131	0.603086	0.603059	0.603031	0.603012	0.602992	0.602978	0.602964	0.602963	0.602962	0.602955	
0.60296	0.602953	0.602969	0.602985	0.602985	0.602985	0.603023	0.603062	0.603073	0.603084	0.603157	0.60323	0.603267	0.603303	0.603435	0.603568	0.603661	0.603755	0.603981	0.604206	0.604411	0.604615	0.604922	0.605228	0.605446	0.605664	0.605792	0.60592	0.60646	0.607459	0.610026	0.641441	0.641546	0.626045	0.59902	0.601372	0.605583	0.603992	0.604595	0.605198	0.604915	0.604631	0.604576	0.604521	0.604236	0.60395	0.603855	0.603761	0.603611	0.603462	0.603393	0.603325	0.603254	0.603183	0.603143	0.603103	0.60307	0.603037	0.603019	0.603	0.602985	0.602969	0.602968	0.602967	0.60296	
0.60296	0.602951	0.60297	0.602988	0.602986	0.602983	0.603025	0.603067	0.603074	0.603081	0.603159	0.603237	0.60327	0.603303	0.603441	0.603579	0.603677	0.603775	0.604015	0.604254	0.604501	0.604749	0.60511	0.605472	0.605859	0.606247	0.606766	0.607285	0.607933	0.613871	0.614546	0.623626	0.625081	0.631059	0.597147	0.602635	0.608458	0.605609	0.605622	0.605635	0.605231	0.604826	0.604704	0.604583	0.604284	0.603985	0.603862	0.603738	0.603602	0.603465	0.603386	0.603307	0.603245	0.603183	0.603139	0.603095	0.603066	0.603036	0.603017	0.602998	0.602983	0.602968	0.602968	0.602968	0.60296	
0.602959	0.60295	0.602971	0.602992	0.602986	0.602981	0.603026	0.603071	0.603075	0.603079	0.603161	0.603243	0.603273	0.603303	0.603447	0.603591	0.603693	0.603796	0.604049	0.604302	0.604592	0.604882	0.605299	0.605716	0.606273	0.606829	0.60774	0.608651	0.609407	0.611921	0.61203	0.609088	0.616467	0.629802	0.601493	0.607182	0.611024	0.607226	0.60665	0.606073	0.605547	0.605021	0.604832	0.604644	0.604332	0.60402	0.603868	0.603716	0.603592	0.603469	0.603379	0.603289	0.603236	0.603183	0.603135	0.603087	0.603061	0.603036	0.603016	0.602996	0.602981	0.602967	0.602968	0.602969	0.602959	
0.602961	0.602952	0.602972	0.602991	0.602987	0.602984	0.603027	0.60307	0.603076	0.603082	0.603163	0.603243	0.603274	0.603304	0.603452	0.6036	0.603696	0.603791	0.604071	0.604351	0.604613	0.604875	0.60538	0.605885	0.606387	0.606889	0.606687	0.606486	0.603369	0.598182	0.596182	0.603493	0.618655	0.625799	0.614082	0.616166	0.612993	0.605347	0.605373	0.605399	0.605153	0.604906	0.604768	0.60463	0.604316	0.604002	0.603868	0.603734	0.603597	0.60346	0.603381	0.603303	0.603241	0.60318	0.603137	0.603094	0.603065	0.603036	0.603018	0.602999	0.602984	0.602968	0.602969	0.60297	0.602961	
0.602963	0.602955	0.602973	0.60299	0.602989	0.602987	0.603028	0.603069	0.603077	0.603085	0.603164	0.603244	0.603274	0.603305	0.603457	0.60361	0.603698	0.603786	0.604093	0.6044	0.604634	0.604868	0.605461	0.606055	0.606502	0.606948	0.605635	0.604321	0.597331	0.589558	0.592631	0.605359	0.616536	0.617626	0.617738	0.618329	0.61043	0.603468	0.604097	0.604726	0.604759	0.604791	0.604704	0.604616	0.6043	0.603984	0.603869	0.603753	0.603602	0.603452	0.603384	0.603316	0.603247	0.603177	0.60314	0.603102	0.603069	0.603036	0.603019	0.603003	0.602986	0.60297	0.60297	0.602971	0.602963	
0.60296	0.602951	0.60297	0.60299	0.602986	0.602982	0.603024	0.603067	0.603071	0.603076	0.603155	0.603234	0.60326	0.603286	0.603432	0.603577	0.603661	0.603744	0.604024	0.604304	0.604529	0.604753	0.605308	0.605862	0.606347	0.606832	0.604906	0.60298	0.597447	0.590477	0.598298	0.60906	0.613924	0.612011	0.607899	0.603469	0.600194	0.597707	0.60063	0.603554	0.604138	0.604722	0.604607	0.604492	0.6042	0.603907	0.603787	0.603667	0.603544	0.603421	0.60335	0.60328	0.603222	0.603164	0.603126	0.603088	0.603058	0.603029	0.603014	0.602998	0.602982	0.602966	0.602968	0.60297	0.60296	
0.602957	0.602946	0.602968	0.60299	0.602983	0.602976	0.603021	0.603065	0.603066	0.603067	0.603146	0.603224	0.603246	0.603268	0.603406	0.603545	0.603623	0.603701	0.603955	0.604209	0.604424	0.604639	0.605154	0.605669	0.606193	0.606716	0.604177	0.601638	0.597564	0.595101	0.60335	0.608311	0.608666	0.605789	0.596679	0.589091	0.591565	0.591946	0.597163	0.602381	0.603518	0.604654	0.604511	0.604368	0.604099	0.603831	0.603706	0.603581	0.603485	0.60339	0.603317	0.603244	0.603197	0.60315	0.603112	0.603074	0.603048	0.603022	0.603008	0.602993	0.602977	0.602961	0.602965	0.602968	0.602957	
0.602956	0.602946	0.602966	0.602985	0.60298	0.602975	0.603017	0.603058	0.60306	0.603062	0.603138	0.603214	0.603232	0.603251	0.603389	0.603528	0.60359	0.603653	0.603917	0.60418	0.604345	0.604511	0.605107	0.605703	0.606295	0.606888	0.60517	0.603453	0.597623	0.594634	0.596412	0.595215	0.593947	0.593511	0.587398	0.582401	0.588	0.5951	0.599523	0.603945	0.604291	0.604638	0.60445	0.604263	0.604015	0.603766	0.603669	0.603572	0.603468	0.603364	0.603302	0.603241	0.60319	0.603139	0.603105	0.603072	0.603045	0.603018	0.603005	0.602991	0.602975	0.60296	0.602962	0.602965	0.602956	
0.602954	0.602946	0.602963	0.602981	0.602977	0.602974	0.603013	0.603051	0.603054	0.603056	0.60313	0.603203	0.603218	0.603234	0.603372	0.603511	0.603558	0.603605	0.603878	0.604151	0.604267	0.604383	0.60506	0.605736	0.606398	0.607059	0.606163	0.605267	0.597682	0.590096	0.584071	0.579498	0.579792	0.582446	0.58015	0.577995	0.586608	0.598256	0.601882	0.605508	0.605065	0.604621	0.60439	0.604159	0.60393	0.603701	0.603632	0.603563	0.60345	0.603338	0.603287	0.603237	0.603183	0.603129	0.603099	0.603069	0.603042	0.603015	0.603001	0.602988	0.602974	0.602959	0.60296	0.602962	0.602954	
0.602949	0.602939	0.602958	0.602978	0.602972	0.602965	0.603005	0.603044	0.603043	0.603042	0.603112	0.603183	0.603193	0.603203	0.603328	0.603452	0.603491	0.60353	0.60376	0.60399	0.604081	0.604172	0.604696	0.60522	0.605842	0.606464	0.606167	0.60587	0.598895	0.59192	0.584939	0.577459	0.578404	0.581324	0.581662	0.582457	0.590309	0.600741	0.602947	0.605152	0.60471	0.604269	0.604092	0.603915	0.603756	0.603598	0.603532	0.603467	0.603378	0.603289	0.603244	0.603198	0.603152	0.603106	0.60308	0.603054	0.603028	0.603003	0.602992	0.602982	0.602967	0.602951	0.602955	0.602959	0.602949	
0.602944	0.602932	0.602954	0.602975	0.602966	0.602957	0.602997	0.603037	0.603032	0.603028	0.603095	0.603162	0.603167	0.603172	0.603283	0.603394	0.603424	0.603454	0.603641	0.603828	0.603894	0.60396	0.604332	0.604705	0.605287	0.605869	0.606171	0.606473	0.600109	0.593744	0.585808	0.577871	0.580512	0.583152	0.584721	0.58629	0.594758	0.603226	0.604011	0.604796	0.604356	0.603916	0.603793	0.603671	0.603582	0.603494	0.603432	0.60337	0.603306	0.603241	0.6032	0.603159	0.603122	0.603083	0.603061	0.603038	0.603014	0.602991	0.602983	0.602976	0.60296	0.602943	0.60295	0.602956	0.602944	
0.60294	0.60293	0.602949	0.602968	0.60296	0.602953	0.60299	0.603027	0.603023	0.603019	0.603082	0.603145	0.603148	0.603151	0.603257	0.603364	0.603382	0.603399	0.603581	0.603763	0.603793	0.603822	0.604117	0.604412	0.604813	0.605213	0.605743	0.606273	0.601853	0.597432	0.590594	0.583755	0.58507	0.586385	0.589555	0.592725	0.598704	0.604683	0.60469	0.604696	0.604204	0.603712	0.603666	0.60362	0.603531	0.603442	0.603393	0.603344	0.603281	0.603217	0.603181	0.603146	0.603109	0.603072	0.603051	0.60303	0.603008	0.602985	0.602977	0.60297	0.602955	0.602941	0.602945	0.60295	0.60294	
0.602936	0.602928	0.602944	0.60296	0.602955	0.60295	0.602983	0.603016	0.603013	0.60301	0.603069	0.603129	0.603129	0.603129	0.603231	0.603333	0.603339	0.603344	0.603521	0.603698	0.603692	0.603685	0.603902	0.604119	0.604338	0.604557	0.605315	0.606073	0.603597	0.601121	0.59538	0.58964	0.589629	0.589618	0.594389	0.59916	0.602649	0.606139	0.605368	0.604597	0.604053	0.603508	0.603539	0.603569	0.603479	0.60339	0.603354	0.603318	0.603256	0.603193	0.603163	0.603132	0.603096	0.603061	0.603041	0.603021	0.603001	0.60298	0.602972	0.602963	0.602951	0.602938	0.602941	0.602944	0.602936	
0.60293	0.60292	0.602938	0.602956	0.602948	0.60294	0.602973	0.603007	0.603001	0.602994	0.60305	0.603106	0.603102	0.603098	0.603188	0.603277	0.603276	0.603274	0.603416	0.603558	0.603545	0.603531	0.603688	0.603845	0.603897	0.60395	0.604583	0.605216	0.604228	0.60324	0.600217	0.597193	0.596495	0.595796	0.599079	0.602361	0.603783	0.605205	0.604489	0.603773	0.603501	0.60323	0.60331	0.60339	0.603333	0.603276	0.603259	0.603241	0.603191	0.603141	0.603121	0.6031	0.603068	0.603035	0.603022	0.603008	0.602987	0.602966	0.602961	0.602957	0.602943	0.602929	0.602935	0.60294	0.60293	
0.602924	0.602912	0.602931	0.602951	0.602941	0.60293	0.602964	0.602997	0.602988	0.602979	0.603031	0.603083	0.603075	0.603067	0.603144	0.603221	0.603213	0.603204	0.603311	0.603418	0.603397	0.603377	0.603474	0.603571	0.603456	0.603343	0.603851	0.60436	0.60486	0.605359	0.605053	0.604747	0.603361	0.601975	0.603769	0.605562	0.604916	0.60427	0.60361	0.602949	0.60295	0.602951	0.603081	0.60321	0.603186	0.603162	0.603163	0.603164	0.603127	0.60309	0.603079	0.603068	0.603039	0.60301	0.603002	0.602994	0.602973	0.602952	0.602951	0.602951	0.602935	0.602919	0.602928	0.602937	0.602924	
0.602919	0.602909	0.602926	0.602942	0.602934	0.602926	0.602956	0.602986	0.602978	0.60297	0.603018	0.603067	0.603058	0.60305	0.603123	0.603196	0.603184	0.603172	0.603276	0.603379	0.60335	0.603321	0.603428	0.603536	0.603396	0.603255	0.603569	0.603883	0.604334	0.604784	0.605006	0.605228	0.604272	0.603316	0.60403	0.604745	0.604177	0.60361	0.603273	0.602937	0.602975	0.603014	0.60311	0.603207	0.603179	0.603151	0.603149	0.603148	0.603113	0.603079	0.603066	0.603054	0.603028	0.603002	0.602993	0.602983	0.602965	0.602947	0.602945	0.602942	0.602929	0.602916	0.602923	0.602929	0.602919	
0.602913	0.602906	0.60292	0.602934	0.602927	0.602921	0.602948	0.602974	0.602968	0.602962	0.603006	0.60305	0.603042	0.603034	0.603102	0.603171	0.603156	0.603141	0.603241	0.60334	0.603302	0.603264	0.603383	0.603501	0.603335	0.603168	0.603287	0.603406	0.603807	0.604209	0.604958	0.605708	0.605182	0.604657	0.604292	0.603927	0.603438	0.602949	0.602937	0.602925	0.603001	0.603077	0.60314	0.603203	0.603172	0.60314	0.603136	0.603131	0.6031	0.603068	0.603054	0.60304	0.603018	0.602995	0.602984	0.602973	0.602958	0.602943	0.602938	0.602934	0.602924	0.602913	0.602917	0.602921	0.602913	
0.602908	0.602898	0.602913	0.602929	0.60292	0.602912	0.602939	0.602965	0.602956	0.602947	0.602989	0.603031	0.60302	0.603008	0.603069	0.603131	0.603112	0.603093	0.603176	0.603259	0.603219	0.603179	0.603269	0.60336	0.603222	0.603083	0.60314	0.603197	0.603349	0.603501	0.604057	0.604613	0.604107	0.603601	0.603383	0.603165	0.602915	0.602665	0.602777	0.602889	0.60294	0.602991	0.603058	0.603125	0.603098	0.603071	0.603079	0.603088	0.603058	0.603028	0.603023	0.603018	0.602995	0.602972	0.602967	0.602962	0.602946	0.602929	0.602929	0.602929	0.602916	0.602904	0.602911	0.602917	0.602908	
0.602902	0.60289	0.602907	0.602924	0.602913	0.602902	0.602929	0.602957	0.602945	0.602933	0.602973	0.603012	0.602997	0.602983	0.603037	0.60309	0.603068	0.603046	0.603112	0.603178	0.603136	0.603093	0.603156	0.603218	0.603109	0.602999	0.602993	0.602988	0.60289	0.602792	0.603155	0.603517	0.603031	0.602546	0.602474	0.602403	0.602391	0.60238	0.602616	0.602853	0.602879	0.602906	0.602976	0.603047	0.603024	0.603002	0.603023	0.603045	0.603016	0.602988	0.602992	0.602997	0.602973	0.602949	0.602951	0.602952	0.602934	0.602915	0.602919	0.602923	0.602909	0.602894	0.602904	0.602914	0.602902	
0.602896	0.602887	0.602901	0.602916	0.602907	0.602898	0.602922	0.602946	0.602936	0.602926	0.602962	0.602998	0.602985	0.602972	0.603022	0.603072	0.603052	0.603031	0.603095	0.603158	0.603117	0.603077	0.603142	0.603208	0.60311	0.603013	0.603034	0.603056	0.6029	0.602744	0.602917	0.603091	0.602678	0.602264	0.602379	0.602494	0.602527	0.60256	0.602743	0.602925	0.602934	0.602943	0.602998	0.603052	0.60303	0.603008	0.603021	0.603034	0.603009	0.602985	0.602985	0.602985	0.602965	0.602946	0.602944	0.602942	0.602927	0.602912	0.602913	0.602914	0.602903	0.602892	0.602899	0.602906	0.602896	
0.602891	0.602884	0.602895	0.602907	0.6029	0.602894	0.602914	0.602935	0.602927	0.60292	0.602952	0.602983	0.602973	0.602962	0.603008	0.603054	0.603035	0.603016	0.603077	0.603138	0.603099	0.603061	0.603129	0.603197	0.603112	0.603027	0.603076	0.603125	0.60291	0.602695	0.60268	0.602665	0.602324	0.601983	0.602284	0.602585	0.602663	0.60274	0.602869	0.602998	0.602989	0.602981	0.603019	0.603056	0.603035	0.603013	0.603018	0.603023	0.603003	0.602983	0.602978	0.602972	0.602957	0.602942	0.602937	0.602931	0.60292	0.602909	0.602907	0.602906	0.602897	0.602889	0.602893	0.602897	0.602891	
0.602886	0.602877	0.60289	0.602903	0.602894	0.602886	0.602907	0.602928	0.602918	0.602908	0.602939	0.60297	0.602956	0.602943	0.602985	0.603028	0.603007	0.602985	0.603039	0.603093	0.603054	0.603015	0.603073	0.603132	0.603053	0.602974	0.60302	0.603065	0.602889	0.602713	0.602728	0.602742	0.602476	0.60221	0.602451	0.602691	0.602715	0.602739	0.602853	0.602967	0.60295	0.602934	0.602977	0.60302	0.602996	0.602972	0.602985	0.602998	0.602976	0.602955	0.602956	0.602959	0.602941	0.602924	0.602924	0.602924	0.60291	0.602897	0.602899	0.602902	0.602891	0.602881	0.602888	0.602894	0.602886	
0.60288	0.602869	0.602884	0.602899	0.602888	0.602877	0.602899	0.602921	0.602908	0.602896	0.602926	0.602956	0.60294	0.602924	0.602963	0.603002	0.602978	0.602955	0.603001	0.603048	0.603008	0.602969	0.603017	0.603066	0.602994	0.602921	0.602964	0.603006	0.602869	0.602732	0.602775	0.602818	0.602628	0.602437	0.602617	0.602796	0.602767	0.602737	0.602837	0.602936	0.602911	0.602886	0.602935	0.602984	0.602958	0.602931	0.602953	0.602974	0.60295	0.602926	0.602935	0.602945	0.602925	0.602906	0.602911	0.602916	0.602901	0.602885	0.602891	0.602898	0.602885	0.602872	0.602882	0.602891	0.60288	
0.602876	0.602867	0.602879	0.602891	0.602883	0.602874	0.602893	0.602911	0.602902	0.602892	0.602918	0.602944	0.602931	0.602918	0.602953	0.602988	0.602968	0.602948	0.602991	0.603034	0.603	0.602966	0.603013	0.60306	0.602998	0.602936	0.602981	0.603027	0.602915	0.602803	0.602854	0.602904	0.602755	0.602605	0.602742	0.602878	0.602842	0.602807	0.602884	0.60296	0.602937	0.602913	0.602948	0.602983	0.602961	0.602939	0.602952	0.602965	0.602946	0.602927	0.602931	0.602934	0.602919	0.602904	0.602906	0.602907	0.602895	0.602883	0.602887	0.60289	0.60288	0.60287	0.602877	0.602884	0.602876	
0.602871	0.602865	0.602874	0.602883	0.602877	0.602871	0.602886	0.602902	0.602895	0.602888	0.60291	0.602933	0.602923	0.602913	0.602943	0.602974	0.602958	0.602942	0.602981	0.60302	0.602992	0.602963	0.603009	0.603055	0.603003	0.602951	0.602999	0.603047	0.602961	0.602874	0.602932	0.602991	0.602882	0.602773	0.602867	0.60296	0.602918	0.602876	0.602931	0.602985	0.602962	0.60294	0.602961	0.602982	0.602964	0.602946	0.602951	0.602956	0.602942	0.602927	0.602926	0.602924	0.602913	0.602903	0.6029	0.602898	0.60289	0.602882	0.602882	0.602882	0.602875	0.602869	0.602872	0.602876	0.602871	
0.602867	0.602859	0.60287	0.60288	0.602873	0.602865	0.602881	0.602897	0.602888	0.602879	0.602901	0.602924	0.602911	0.602899	0.602929	0.602959	0.60294	0.602922	0.602959	0.602996	0.602966	0.602936	0.602978	0.603021	0.602972	0.602922	0.602967	0.603012	0.602936	0.602859	0.602913	0.602968	0.602876	0.602784	0.602865	0.602945	0.602902	0.602858	0.602911	0.602963	0.602937	0.60291	0.602936	0.602962	0.602941	0.60292	0.602931	0.602942	0.602925	0.602908	0.602912	0.602916	0.602902	0.602889	0.602891	0.602893	0.602883	0.602873	0.602876	0.602879	0.60287	0.602862	0.602868	0.602874	0.602867	
0.602863	0.602853	0.602866	0.602878	0.602868	0.602858	0.602875	0.602892	0.602881	0.60287	0.602892	0.602915	0.6029	0.602886	0.602914	0.602943	0.602922	0.602902	0.602936	0.60297	0.60294	0.60291	0.602948	0.602986	0.60294	0.602894	0.602936	0.602977	0.602911	0.602844	0.602895	0.602945	0.60287	0.602795	0.602863	0.60293	0.602885	0.60284	0.602891	0.602942	0.602911	0.602881	0.602912	0.602942	0.602918	0.602894	0.602911	0.602928	0.602908	0.602889	0.602898	0.602907	0.602891	0.602876	0.602882	0.602888	0.602876	0.602863	0.60287	0.602876	0.602866	0.602855	0.602864	0.602872	0.602863	
0.602859	0.602852	0.602862	0.602871	0.602864	0.602857	0.602871	0.602885	0.602876	0.602867	0.602887	0.602906	0.602895	0.602883	0.602908	0.602933	0.602917	0.6029	0.60293	0.602961	0.602936	0.602911	0.602946	0.60298	0.602942	0.602905	0.602942	0.602979	0.602926	0.602872	0.602915	0.602958	0.602899	0.602839	0.602891	0.602944	0.602907	0.60287	0.602908	0.602945	0.602921	0.602896	0.602917	0.602938	0.602919	0.6029	0.60291	0.60292	0.602905	0.602891	0.602895	0.602899	0.602888	0.602876	0.602879	0.602881	0.602872	0.602863	0.602866	0.60287	0.602862	0.602854	0.60286	0.602866	0.602859	
