y	b	
0.0976562	0.000737017
0.88352	0.00666797
1.66938	0.0125986
2.45525	0.0185275
3.24111	0.0244564
4.02697	0.0303852
4.81284	0.0363132
5.5987	0.0422366
6.38457	0.04816
7.17043	0.0540833
7.95629	0.0600059
8.74216	0.0659247
9.52802	0.0718435
10.3139	0.0777623
11.0997	0.0836809
11.8856	0.0895986
12.6715	0.0955164
13.4573	0.101434
14.2432	0.107353
15.0291	0.113275
15.8149	0.119197
16.6008	0.12512
17.3867	0.131043
18.1725	0.136971
18.9584	0.142899
19.7442	0.148827
20.5301	0.154756
21.316	0.160688
22.1018	0.166621
22.8877	0.172553
23.6736	0.178484
24.4594	0.184413
25.2453	0.190343
26.0312	0.196272
26.817	0.202201
27.6029	0.208129
28.3887	0.214058
29.1746	0.219987
29.9605	0.225918
30.7463	0.231854
31.5322	0.237791
32.3181	0.243727
33.1039	0.249678
33.8898	0.255654
34.6757	0.26163
35.4615	0.267606
36.2474	0.273663
37.0332	0.279843
37.8191	0.286007
38.605	0.29219
39.3908	0.298344
40.1767	0.304463
40.9626	0.310628
41.7484	0.316719
42.5343	0.322543
43.3202	0.328057
44.106	0.333553
44.8919	0.339087
45.6777	0.34457
46.4636	0.350028
47.2495	0.355571
48.0353	0.361081
48.8212	0.366714
49.6071	0.372434
50.3929	0.378105
51.1788	0.383861
51.9647	0.38983
52.7505	0.395965
53.5364	0.402159
54.3223	0.408334
55.1081	0.414472
55.894	0.420577
56.6798	0.426675
57.4657	0.43278
58.2516	0.438816
59.0374	0.444799
59.8233	0.450782
60.6092	0.456765
61.395	0.462714
62.1809	0.468639
62.9668	0.474563
63.7526	0.480487
64.5385	0.486413
65.3243	0.492341
66.1102	0.498268
66.8961	0.504195
67.6819	0.510121
68.4678	0.516047
69.2537	0.521973
70.0395	0.527899
70.8254	0.533826
71.6113	0.539752
72.3971	0.545678
73.183	0.551604
73.9688	0.557531
74.7547	0.563458
75.5406	0.569385
76.3264	0.575312
77.1123	0.581238
77.8982	0.587163
78.684	0.593088
79.4699	0.599014
80.2558	0.604938
81.0416	0.610862
81.8275	0.616786
82.6133	0.622711
83.3992	0.628632
84.1851	0.634553
84.9709	0.640474
85.7568	0.646395
86.5427	0.652316
87.3285	0.658237
88.1144	0.664158
88.9003	0.670079
89.6861	0.676001
90.472	0.681923
91.2578	0.687845
92.0437	0.693767
92.8296	0.69969
93.6154	0.705615
94.4013	0.711539
95.1872	0.717463
95.973	0.723389
96.7589	0.729315
97.5448	0.735241
98.3306	0.741167
99.1165	0.747094
99.9023	0.753021
