y	b	Ri	bdiff	u.x	u.y	u.z	
0	0.0562516	2.47855e+06	0.000101167	4.39429e-06	0	-9.95944e-08
6.25	0.112273	1.39636e+06	-2.04966e-05	0.000102092	-3.91547e-06	-7.06097e-05
11.4488	0.205644	235727	-5.59832e-05	0.000323712	-0.000122075	-9.59816e-05
15.9942	0.287482	484947	9.79107e-05	-0.000142359	-0.000239247	-0.000132081
18.3408	0.330833	3.07679e+06	0.00120427	0.0178496	-0.000207524	0.000712008
19.577	0.352891	4.44275e+06	0.00114724	0.0446489	-2.58252e-05	-0.000837916
20.5583	0.369807	5.52742e+06	0.000495916	0.0596848	0.000175516	0.00134104
21.386	0.384058	6.44284e+06	-0.000115386	0.0730937	0.000271026	0.000731438
22.1835	0.398119	6.64186e+06	-0.000407017	0.0933594	0.000151174	-0.000154757
22.8566	0.410179	5.8963e+06	-0.000491341	0.111456	0.000291799	-0.00626279
23.4635	0.421036	5.22397e+06	-0.000477883	0.126539	0.000323129	-0.00318301
24.0705	0.432239	4.55059e+06	-0.000250719	0.1311	0.000223854	0.00142647
24.687	0.443533	3.86657e+06	-3.32223e-05	0.126001	-3.50493e-05	0.00233165
25.3288	0.455027	3.15457e+06	-1.25275e-05	0.101025	-8.92595e-05	0.000746243
25.9466	0.465862	2.46915e+06	-0.000315265	0.0733736	0.000264844	0.00105519
26.6091	0.477386	1.73412e+06	-0.000696971	0.0278521	0.000410844	0.00284728
27.5142	0.493604	730848	-0.000697604	0.00446569	0.000512299	-1.71433e-05
28.8439	0.517833	53692.3	-0.000379991	0.00207514	0.000294564	-0.000152034
30.8296	0.55375	53536.3	-0.000154671	0.000465353	5.85204e-05	-6.25602e-05
33.5294	0.60238	54636.3	-3.8741e-05	0.000328093	-0.000303297	1.86048e-05
37.2154	0.668616	105777	-3.06155e-05	-0.000212917	-5.92013e-05	-2.05833e-05
41.2058	0.740343	268065	-3.70485e-06	3.52263e-06	0.000528301	-3.65851e-08
47.4558	0.85264	1.17084e+06	-3.18976e-07	1.05635e-06	-0.000538477	-8.93748e-09
