x=200	y=90	z=200	n=65	len=1
b
0.679879	0.679909	0.679879	0.679849	0.679859	0.679868	0.679816	0.679763	0.679729	0.679694	0.679574	0.679453	0.679308	0.679164	0.678876	0.678588	0.678264	0.677941	0.677326	0.676711	0.676118	0.675524	0.674429	0.673334	0.673288	0.673241	0.671017	0.668792	0.670943	0.673095	0.67265	0.672205	0.672058	0.671911	0.672252	0.672594	0.671038	0.669482	0.67164	0.673797	0.672861	0.671925	0.67253	0.673134	0.673336	0.673538	0.674429	0.67532	0.676001	0.676683	0.677307	0.677931	0.678335	0.678738	0.679003	0.679268	0.679437	0.679606	0.67967	0.679735	0.679801	0.679866	0.679858	0.67985	0.679879	
0.679932	0.679958	0.679929	0.679899	0.679914	0.679929	0.679885	0.67984	0.679822	0.679804	0.679703	0.679601	0.679489	0.679377	0.679124	0.67887	0.678599	0.678328	0.677769	0.677209	0.676701	0.676192	0.675151	0.674109	0.67415	0.674191	0.67198	0.669768	0.671715	0.673661	0.672333	0.671005	0.670188	0.669372	0.670664	0.671956	0.670514	0.669072	0.671122	0.673172	0.672193	0.671214	0.672006	0.672799	0.673175	0.673551	0.67454	0.675528	0.676265	0.677001	0.677601	0.678201	0.678584	0.678968	0.679205	0.679442	0.679589	0.679736	0.679784	0.679831	0.679884	0.679937	0.679922	0.679906	0.679932	
0.679989	0.680015	0.679984	0.679953	0.679975	0.679998	0.67996	0.679923	0.679923	0.679923	0.679842	0.679762	0.679685	0.679608	0.679401	0.679193	0.678969	0.678745	0.67828	0.677815	0.677361	0.676908	0.676043	0.675177	0.675195	0.675212	0.673409	0.671606	0.672437	0.673268	0.67215	0.671033	0.670565	0.670098	0.670659	0.67122	0.670586	0.669952	0.671382	0.672812	0.671889	0.670966	0.671867	0.672769	0.673295	0.67382	0.674888	0.675956	0.676692	0.677428	0.677989	0.678549	0.678895	0.67924	0.679435	0.67963	0.679754	0.679878	0.679902	0.679927	0.67997	0.680014	0.679989	0.679964	0.679989	
0.680046	0.680071	0.680039	0.680008	0.680037	0.680066	0.680036	0.680006	0.680024	0.680042	0.679982	0.679922	0.679881	0.67984	0.679678	0.679516	0.679339	0.679162	0.678791	0.67842	0.678022	0.677624	0.676934	0.676245	0.676239	0.676233	0.674839	0.673444	0.673159	0.672874	0.671967	0.67106	0.670943	0.670825	0.670654	0.670484	0.670658	0.670833	0.671642	0.672452	0.671585	0.670717	0.671729	0.67274	0.673414	0.674089	0.675236	0.676383	0.67712	0.677856	0.678376	0.678897	0.679205	0.679512	0.679665	0.679817	0.679919	0.680021	0.680021	0.680022	0.680056	0.680091	0.680056	0.680021	0.680046	
0.680069	0.68009	0.680057	0.680024	0.680057	0.680089	0.680065	0.68004	0.680069	0.680098	0.680055	0.680012	0.679994	0.679976	0.679846	0.679716	0.679573	0.67943	0.679108	0.678786	0.678409	0.678033	0.677408	0.676783	0.676547	0.676312	0.675312	0.674312	0.673413	0.672515	0.672197	0.67188	0.672262	0.672644	0.671406	0.670167	0.669993	0.669818	0.670942	0.672065	0.67133	0.670595	0.671734	0.672873	0.67372	0.674567	0.675729	0.676891	0.677609	0.678327	0.678784	0.679242	0.679504	0.679765	0.679875	0.679984	0.680058	0.680131	0.680112	0.680092	0.680113	0.680134	0.680091	0.680048	0.680069	
0.680092	0.68011	0.680075	0.680041	0.680076	0.680112	0.680093	0.680075	0.680115	0.680155	0.680128	0.680101	0.680107	0.680113	0.680015	0.679917	0.679807	0.679698	0.679424	0.679151	0.678796	0.678442	0.677882	0.677321	0.676856	0.67639	0.675785	0.67518	0.673667	0.672155	0.672427	0.6727	0.673582	0.674464	0.672157	0.66985	0.669327	0.668804	0.670241	0.671679	0.671076	0.670473	0.671739	0.673006	0.674025	0.675045	0.676222	0.677399	0.678099	0.678798	0.679193	0.679587	0.679802	0.680018	0.680085	0.680152	0.680197	0.680242	0.680202	0.680162	0.68017	0.680178	0.680127	0.680075	0.680092	
0.680123	0.680139	0.680104	0.680068	0.680108	0.680149	0.680135	0.680121	0.680174	0.680227	0.680214	0.680201	0.680233	0.680265	0.680197	0.680129	0.680063	0.679996	0.679768	0.679541	0.67921	0.67888	0.67834	0.677801	0.677073	0.676345	0.675722	0.675099	0.673473	0.671848	0.672397	0.672946	0.674661	0.676376	0.672901	0.669427	0.669127	0.668827	0.670138	0.67145	0.671169	0.670888	0.672277	0.673665	0.674764	0.675863	0.676979	0.678094	0.678726	0.679358	0.679657	0.679957	0.680117	0.680277	0.680292	0.680307	0.680328	0.680349	0.680287	0.680225	0.680225	0.680225	0.680166	0.680106	0.680123	
0.680153	0.680169	0.680132	0.680095	0.680141	0.680186	0.680177	0.680168	0.680234	0.6803	0.680301	0.680301	0.68036	0.680418	0.68038	0.680342	0.680318	0.680294	0.680112	0.67993	0.679624	0.679317	0.678799	0.678281	0.67729	0.676299	0.675658	0.675018	0.673279	0.671541	0.672367	0.673192	0.67574	0.678288	0.673645	0.669003	0.668926	0.66885	0.670036	0.671221	0.671263	0.671304	0.672814	0.674325	0.675503	0.676681	0.677735	0.678788	0.679353	0.679918	0.680122	0.680326	0.680431	0.680536	0.680499	0.680462	0.680459	0.680456	0.680372	0.680288	0.68028	0.680272	0.680204	0.680137	0.680153	
0.680139	0.680152	0.680113	0.680075	0.680121	0.680168	0.680162	0.680156	0.680227	0.680298	0.680309	0.680321	0.680393	0.680465	0.680454	0.680442	0.680449	0.680456	0.680319	0.680182	0.679923	0.679664	0.679158	0.678652	0.677575	0.676497	0.675509	0.674522	0.672716	0.670909	0.671292	0.671675	0.672788	0.673901	0.671408	0.668914	0.668897	0.668881	0.670108	0.671336	0.67177	0.672204	0.673798	0.675392	0.67652	0.677649	0.67857	0.679491	0.67995	0.680408	0.680518	0.680628	0.680674	0.680719	0.680643	0.680566	0.680538	0.680511	0.680411	0.680311	0.680293	0.680275	0.6802	0.680126	0.680139	
0.680125	0.680135	0.680095	0.680055	0.680102	0.680149	0.680146	0.680143	0.680219	0.680296	0.680318	0.680341	0.680427	0.680513	0.680527	0.680542	0.68058	0.680619	0.680526	0.680434	0.680223	0.680011	0.679518	0.679024	0.67786	0.676695	0.67536	0.674026	0.672152	0.670278	0.670217	0.670157	0.669836	0.669515	0.66917	0.668824	0.668868	0.668912	0.670181	0.671451	0.672277	0.673104	0.674781	0.676459	0.677537	0.678616	0.679405	0.680194	0.680546	0.680898	0.680914	0.68093	0.680916	0.680902	0.680786	0.68067	0.680617	0.680565	0.680449	0.680333	0.680305	0.680277	0.680196	0.680116	0.680125	
0.680126	0.680137	0.680096	0.680055	0.680105	0.680156	0.680155	0.680155	0.680239	0.680323	0.680354	0.680385	0.680489	0.680594	0.680629	0.680664	0.680745	0.680825	0.68078	0.680734	0.680627	0.68052	0.680078	0.679636	0.678671	0.677707	0.676132	0.674558	0.673066	0.671575	0.671492	0.671408	0.671772	0.672137	0.671734	0.671331	0.670834	0.670336	0.671601	0.672867	0.673886	0.674906	0.676403	0.6779	0.678825	0.679749	0.68033	0.680911	0.681125	0.681338	0.681255	0.681172	0.681112	0.681052	0.680898	0.680745	0.680678	0.680612	0.680481	0.68035	0.680319	0.680288	0.680202	0.680116	0.680126	
0.680127	0.680139	0.680097	0.680055	0.680109	0.680162	0.680165	0.680167	0.680259	0.68035	0.68039	0.680429	0.680552	0.680675	0.68073	0.680786	0.680909	0.681032	0.681033	0.681034	0.681031	0.681028	0.680638	0.680248	0.679483	0.678719	0.676904	0.67509	0.673981	0.672872	0.672766	0.672659	0.673709	0.674758	0.674298	0.673838	0.672799	0.67176	0.673021	0.674282	0.675495	0.676708	0.678025	0.679341	0.680112	0.680883	0.681256	0.681628	0.681704	0.681779	0.681596	0.681413	0.681308	0.681202	0.681011	0.68082	0.680739	0.680659	0.680513	0.680367	0.680333	0.680299	0.680208	0.680116	0.680127	
0.680079	0.680089	0.680046	0.680003	0.680055	0.680108	0.680111	0.680114	0.680206	0.680297	0.680342	0.680386	0.680514	0.680641	0.680714	0.680787	0.680932	0.681078	0.68113	0.681183	0.681271	0.681358	0.68112	0.680881	0.680409	0.679936	0.678279	0.676621	0.67608	0.67554	0.675312	0.675083	0.675935	0.676787	0.676788	0.676789	0.675454	0.674119	0.675397	0.676675	0.677786	0.678896	0.679883	0.68087	0.681364	0.681859	0.682002	0.682146	0.682085	0.682023	0.681776	0.681529	0.681388	0.681247	0.681034	0.680822	0.68073	0.680639	0.680486	0.680333	0.680296	0.680258	0.680164	0.680069	0.680079	
0.680031	0.68004	0.679995	0.67995	0.680002	0.680054	0.680057	0.680061	0.680152	0.680244	0.680294	0.680344	0.680475	0.680607	0.680697	0.680788	0.680956	0.681125	0.681228	0.681331	0.68151	0.681689	0.681602	0.681514	0.681334	0.681154	0.679653	0.678151	0.678179	0.678208	0.677857	0.677507	0.678161	0.678815	0.679278	0.67974	0.678109	0.676477	0.677773	0.679068	0.680076	0.681085	0.681742	0.682399	0.682617	0.682835	0.682749	0.682664	0.682466	0.682267	0.681956	0.681645	0.681468	0.681291	0.681058	0.680824	0.680722	0.680619	0.680459	0.680299	0.680258	0.680217	0.68012	0.680022	0.680031	
0.680009	0.68002	0.679975	0.67993	0.679983	0.680037	0.680041	0.680045	0.68014	0.680234	0.680287	0.680339	0.680479	0.680618	0.680717	0.680816	0.681011	0.681206	0.681338	0.681471	0.681733	0.681995	0.682038	0.682081	0.682204	0.682327	0.681305	0.680282	0.680678	0.681074	0.680755	0.680437	0.680958	0.681479	0.682085	0.682692	0.681048	0.679405	0.68041	0.681415	0.6822	0.682985	0.683236	0.683487	0.68347	0.683452	0.68318	0.682909	0.682642	0.682375	0.682022	0.681669	0.681484	0.6813	0.681051	0.680803	0.680703	0.680602	0.680437	0.680272	0.680234	0.680196	0.680097	0.679998	0.680009	
0.679987	0.68	0.679955	0.67991	0.679965	0.68002	0.680025	0.68003	0.680127	0.680225	0.680279	0.680334	0.680482	0.68063	0.680737	0.680845	0.681066	0.681287	0.681449	0.68161	0.681956	0.682301	0.682475	0.682649	0.683074	0.6835	0.682956	0.682412	0.683176	0.683939	0.683653	0.683367	0.683755	0.684143	0.684893	0.685643	0.683988	0.682332	0.683047	0.683761	0.684323	0.684885	0.68473	0.684575	0.684323	0.68407	0.683612	0.683153	0.682818	0.682482	0.682087	0.681693	0.6815	0.681308	0.681045	0.680782	0.680683	0.680585	0.680414	0.680244	0.68021	0.680175	0.680074	0.679973	0.679987	
0.679913	0.679927	0.679881	0.679835	0.679888	0.679941	0.679945	0.679948	0.68004	0.680133	0.680187	0.680241	0.680382	0.680522	0.680633	0.680744	0.680958	0.681172	0.68135	0.681528	0.681878	0.682228	0.682486	0.682744	0.683278	0.683812	0.683717	0.683622	0.684636	0.685649	0.685228	0.684807	0.685154	0.685502	0.686259	0.687016	0.685458	0.6839	0.684481	0.685062	0.685278	0.685495	0.68515	0.684804	0.684439	0.684074	0.683566	0.683057	0.682713	0.682369	0.681979	0.681588	0.681399	0.68121	0.680951	0.680692	0.680597	0.680502	0.680334	0.680166	0.680133	0.680101	0.68	0.6799	0.679913	
0.67984	0.679854	0.679807	0.67976	0.679811	0.679862	0.679864	0.679866	0.679953	0.680041	0.680094	0.680148	0.680281	0.680415	0.680529	0.680643	0.68085	0.681058	0.681252	0.681447	0.681801	0.682155	0.682497	0.682839	0.683481	0.684123	0.684478	0.684832	0.686095	0.687359	0.686803	0.686247	0.686554	0.686861	0.687625	0.688388	0.686928	0.685468	0.685915	0.686362	0.686234	0.686106	0.685569	0.685033	0.684556	0.684079	0.68352	0.682961	0.682609	0.682257	0.681871	0.681484	0.681298	0.681113	0.680857	0.680602	0.68051	0.680419	0.680253	0.680087	0.680057	0.680027	0.679926	0.679826	0.67984	
0.679805	0.679823	0.679776	0.679729	0.67978	0.679832	0.679833	0.679834	0.679921	0.680007	0.680058	0.680109	0.680242	0.680374	0.680483	0.680592	0.680801	0.68101	0.681196	0.681382	0.68174	0.682097	0.682422	0.682747	0.683409	0.68407	0.684454	0.684839	0.68619	0.687541	0.686883	0.686225	0.686548	0.686871	0.687166	0.68746	0.686631	0.685802	0.685971	0.68614	0.685984	0.685828	0.685255	0.684682	0.684253	0.683823	0.683268	0.682712	0.682408	0.682105	0.681726	0.681346	0.681184	0.681022	0.680769	0.680517	0.680439	0.68036	0.680196	0.680032	0.680009	0.679987	0.679887	0.679788	0.679805	
0.67977	0.679791	0.679744	0.679698	0.67975	0.679802	0.679802	0.679802	0.679888	0.679974	0.680022	0.68007	0.680202	0.680334	0.680438	0.680542	0.680752	0.680962	0.68114	0.681318	0.681679	0.68204	0.682348	0.682656	0.683336	0.684016	0.684431	0.684846	0.686285	0.687724	0.686963	0.686203	0.686542	0.68688	0.686706	0.686532	0.686334	0.686136	0.686027	0.685918	0.685734	0.685551	0.684941	0.684331	0.683949	0.683568	0.683015	0.682463	0.682208	0.681953	0.68158	0.681208	0.681069	0.68093	0.680681	0.680431	0.680367	0.680302	0.68014	0.679977	0.679962	0.679947	0.679848	0.679749	0.67977	
0.679686	0.679707	0.67966	0.679613	0.679662	0.679711	0.679709	0.679707	0.679785	0.679862	0.679907	0.679951	0.680068	0.680184	0.680283	0.680381	0.680564	0.680748	0.680916	0.681084	0.681393	0.681702	0.681977	0.682252	0.682823	0.683395	0.68375	0.684106	0.685234	0.686361	0.685821	0.685281	0.685588	0.685895	0.685734	0.685573	0.685505	0.685437	0.685303	0.685169	0.684999	0.684829	0.684297	0.683765	0.683437	0.683109	0.682622	0.682135	0.681914	0.681693	0.681352	0.681012	0.680889	0.680766	0.680533	0.6803	0.680244	0.680188	0.680033	0.679879	0.679867	0.679856	0.67976	0.679665	0.679686	
0.679602	0.679623	0.679576	0.679529	0.679575	0.67962	0.679616	0.679612	0.679681	0.67975	0.679791	0.679832	0.679933	0.680035	0.680128	0.680221	0.680377	0.680533	0.680692	0.68085	0.681107	0.681364	0.681606	0.681849	0.682311	0.682773	0.683069	0.683365	0.684182	0.684999	0.684679	0.684358	0.684633	0.684909	0.684761	0.684613	0.684676	0.684739	0.68458	0.684421	0.684264	0.684106	0.683653	0.6832	0.682925	0.68265	0.682228	0.681806	0.68162	0.681433	0.681124	0.680815	0.680708	0.680601	0.680385	0.680169	0.680121	0.680073	0.679927	0.67978	0.679773	0.679765	0.679672	0.67958	0.679602	
0.679564	0.67959	0.679543	0.679496	0.679542	0.679588	0.679582	0.679575	0.679642	0.679709	0.679744	0.67978	0.679877	0.679975	0.680057	0.68014	0.680291	0.680442	0.680582	0.680722	0.68097	0.681219	0.681423	0.681628	0.68206	0.682492	0.682714	0.682935	0.68366	0.684385	0.684074	0.683762	0.684132	0.684502	0.684229	0.683955	0.6841	0.684245	0.683995	0.683746	0.683658	0.683569	0.68313	0.682692	0.682496	0.6823	0.681904	0.681509	0.68137	0.681231	0.680935	0.680639	0.680562	0.680484	0.680274	0.680065	0.680034	0.680003	0.67986	0.679717	0.679719	0.679721	0.67963	0.679539	0.679564	
0.679527	0.679557	0.67951	0.679463	0.679509	0.679555	0.679547	0.679539	0.679603	0.679667	0.679698	0.679728	0.679821	0.679915	0.679987	0.68006	0.680206	0.680351	0.680472	0.680593	0.680833	0.681073	0.68124	0.681408	0.68181	0.682212	0.682358	0.682505	0.683138	0.68377	0.683469	0.683167	0.683631	0.684096	0.683697	0.683297	0.683524	0.68375	0.683411	0.683071	0.683051	0.683031	0.682607	0.682183	0.682067	0.68195	0.681581	0.681211	0.68112	0.681029	0.680746	0.680463	0.680415	0.680367	0.680164	0.67996	0.679947	0.679934	0.679794	0.679654	0.679665	0.679676	0.679587	0.679497	0.679527	
0.679444	0.679473	0.679427	0.679381	0.679422	0.679464	0.679454	0.679444	0.679499	0.679554	0.67958	0.679607	0.679683	0.67976	0.679826	0.679892	0.68001	0.680128	0.680238	0.680348	0.680537	0.680725	0.680878	0.681032	0.681318	0.681603	0.681761	0.681919	0.682234	0.682548	0.682426	0.682304	0.682569	0.682833	0.682703	0.682573	0.682771	0.682968	0.682702	0.682436	0.682431	0.682426	0.682076	0.681727	0.681641	0.681556	0.681238	0.68092	0.680847	0.680774	0.680524	0.680275	0.680236	0.680198	0.680015	0.679832	0.679823	0.679815	0.679686	0.679558	0.679571	0.679584	0.679499	0.679415	0.679444	
0.679361	0.679389	0.679344	0.679299	0.679336	0.679373	0.679361	0.679349	0.679395	0.67944	0.679463	0.679485	0.679545	0.679605	0.679665	0.679725	0.679814	0.679904	0.680004	0.680103	0.68024	0.680377	0.680516	0.680656	0.680825	0.680995	0.681164	0.681334	0.68133	0.681326	0.681384	0.681442	0.681506	0.681571	0.68171	0.681849	0.682018	0.682186	0.681994	0.681801	0.681811	0.681821	0.681546	0.681271	0.681216	0.681162	0.680896	0.680629	0.680574	0.680519	0.680303	0.680087	0.680057	0.680028	0.679866	0.679703	0.679699	0.679695	0.679578	0.679461	0.679476	0.679491	0.679412	0.679333	0.679361	
0.679329	0.679362	0.679316	0.679271	0.679308	0.679345	0.679331	0.679316	0.679359	0.679401	0.679418	0.679436	0.679491	0.679547	0.679599	0.67965	0.679737	0.679824	0.679913	0.680001	0.680146	0.68029	0.680415	0.680539	0.68075	0.680962	0.681139	0.681316	0.681669	0.682022	0.682111	0.6822	0.682348	0.682497	0.682377	0.682258	0.682137	0.682017	0.681728	0.681439	0.681481	0.681523	0.681236	0.680948	0.680933	0.680917	0.680653	0.68039	0.680371	0.680352	0.68014	0.679928	0.679927	0.679925	0.679765	0.679605	0.67962	0.679634	0.679519	0.679403	0.679428	0.679453	0.679375	0.679297	0.679329	
0.679298	0.679334	0.679288	0.679242	0.67928	0.679317	0.6793	0.679283	0.679323	0.679362	0.679374	0.679386	0.679438	0.679489	0.679532	0.679576	0.67966	0.679744	0.679822	0.679899	0.680052	0.680204	0.680313	0.680422	0.680675	0.680928	0.681113	0.681298	0.682008	0.682717	0.682838	0.682958	0.683191	0.683423	0.683045	0.682666	0.682257	0.681848	0.681462	0.681076	0.681151	0.681226	0.680926	0.680626	0.680649	0.680672	0.680411	0.68015	0.680168	0.680185	0.679978	0.67977	0.679796	0.679821	0.679664	0.679507	0.67954	0.679573	0.679459	0.679345	0.67938	0.679416	0.679339	0.679261	0.679298	
0.679225	0.679258	0.679215	0.679171	0.679203	0.679234	0.679217	0.679199	0.679229	0.67926	0.679269	0.679278	0.679316	0.679354	0.679392	0.67943	0.6795	0.67957	0.679639	0.679709	0.679849	0.679989	0.680093	0.680196	0.680453	0.680709	0.681026	0.681344	0.682571	0.683798	0.683403	0.683007	0.683158	0.683309	0.682824	0.68234	0.682071	0.681802	0.681315	0.680829	0.680869	0.680909	0.68065	0.680391	0.680397	0.680404	0.680183	0.679963	0.679972	0.679982	0.679807	0.679632	0.679653	0.679673	0.679539	0.679405	0.679435	0.679464	0.679365	0.679265	0.679298	0.679331	0.679261	0.679191	0.679225	
0.679151	0.679182	0.679141	0.679099	0.679126	0.679152	0.679133	0.679115	0.679136	0.679157	0.679163	0.679169	0.679194	0.67922	0.679252	0.679284	0.67934	0.679395	0.679457	0.679518	0.679647	0.679775	0.679873	0.67997	0.68023	0.680489	0.680939	0.681389	0.683134	0.684878	0.683967	0.683056	0.683125	0.683194	0.682604	0.682014	0.681885	0.681756	0.681169	0.680582	0.680587	0.680592	0.680374	0.680155	0.680146	0.680136	0.679956	0.679776	0.679777	0.679779	0.679636	0.679494	0.67951	0.679526	0.679414	0.679303	0.67933	0.679356	0.679271	0.679185	0.679216	0.679247	0.679184	0.679121	0.679151	
0.67913	0.679164	0.679122	0.67908	0.679106	0.679132	0.679111	0.67909	0.679107	0.679124	0.679127	0.679129	0.679148	0.679167	0.679199	0.679231	0.679281	0.679331	0.679405	0.679479	0.679612	0.679744	0.679888	0.680031	0.680357	0.680682	0.68134	0.681997	0.68268	0.683362	0.683089	0.682816	0.682897	0.682978	0.682459	0.681941	0.682127	0.682314	0.681389	0.680464	0.680479	0.680494	0.680233	0.679972	0.679979	0.679985	0.679794	0.679603	0.679628	0.679652	0.679509	0.679365	0.679404	0.679442	0.679332	0.679221	0.679265	0.679308	0.679223	0.679139	0.679179	0.67922	0.679158	0.679095	0.67913	
0.679108	0.679146	0.679103	0.679061	0.679086	0.679111	0.679088	0.679065	0.679078	0.679091	0.67909	0.679089	0.679101	0.679113	0.679146	0.679178	0.679222	0.679266	0.679353	0.679439	0.679576	0.679714	0.679903	0.680092	0.680484	0.680875	0.68174	0.682605	0.682225	0.682257	0.681997	0.682268	0.682438	0.682568	0.682273	0.682276	0.682255	0.682872	0.681609	0.680346	0.68037	0.680395	0.680093	0.67979	0.679812	0.679834	0.679632	0.679431	0.679478	0.679526	0.679381	0.679236	0.679298	0.679359	0.679249	0.679139	0.6792	0.67926	0.679176	0.679092	0.679143	0.679193	0.679132	0.67907	0.679108	
0.67905	0.679082	0.679044	0.679005	0.679023	0.679042	0.679019	0.678995	0.679	0.679004	0.679001	0.678997	0.679001	0.679005	0.679031	0.679057	0.679104	0.679151	0.679231	0.67931	0.67949	0.67967	0.679861	0.680052	0.680634	0.681217	0.682157	0.683097	0.68248	0.681914	0.681848	0.682349	0.682318	0.68227	0.68195	0.682038	0.682214	0.683087	0.681773	0.68046	0.680391	0.680323	0.680034	0.679745	0.679717	0.679688	0.679515	0.679342	0.679361	0.67938	0.679266	0.679151	0.679195	0.679239	0.679154	0.679069	0.679119	0.679169	0.679102	0.679034	0.679078	0.679122	0.67907	0.679017	0.67905	
0.678991	0.679019	0.678984	0.678948	0.678961	0.678973	0.678949	0.678926	0.678922	0.678918	0.678912	0.678905	0.678901	0.678896	0.678917	0.678937	0.678987	0.679037	0.679108	0.67918	0.679403	0.679627	0.679819	0.680011	0.680785	0.681558	0.682574	0.683589	0.682734	0.681699	0.681984	0.682914	0.68263	0.682551	0.682211	0.682	0.682226	0.683302	0.681938	0.680574	0.680413	0.680251	0.679975	0.6797	0.679621	0.679543	0.679398	0.679254	0.679244	0.679235	0.67915	0.679065	0.679093	0.67912	0.679059	0.678999	0.679038	0.679078	0.679027	0.678976	0.679014	0.679051	0.679008	0.678964	0.678991	
0.678981	0.679012	0.678975	0.678939	0.67895	0.678961	0.678935	0.678909	0.678899	0.678888	0.67888	0.678871	0.678856	0.678841	0.678868	0.678896	0.678931	0.678966	0.679077	0.679189	0.679394	0.6796	0.679907	0.680215	0.680985	0.681755	0.682914	0.684073	0.682891	0.681355	0.682004	0.682971	0.682571	0.682763	0.682646	0.68195	0.682066	0.683533	0.682137	0.680742	0.68051	0.680279	0.679946	0.679613	0.679525	0.679437	0.679276	0.679116	0.67912	0.679125	0.679039	0.678953	0.679001	0.679048	0.678989	0.67893	0.678986	0.679042	0.678992	0.678942	0.678989	0.679037	0.678993	0.67895	0.678981	
0.67897	0.679004	0.678967	0.67893	0.67894	0.678949	0.67892	0.678892	0.678875	0.678859	0.678848	0.678837	0.678811	0.678785	0.67882	0.678855	0.678875	0.678894	0.679046	0.679198	0.679385	0.679572	0.679995	0.680418	0.681185	0.681952	0.683255	0.684557	0.683048	0.681321	0.682161	0.682306	0.681652	0.682412	0.682683	0.681869	0.681871	0.683763	0.682336	0.68091	0.680608	0.680307	0.679917	0.679527	0.679428	0.67933	0.679154	0.678978	0.678996	0.679015	0.678928	0.678841	0.678909	0.678977	0.678918	0.67886	0.678933	0.679005	0.678956	0.678908	0.678965	0.679022	0.678979	0.678936	0.67897	
0.678929	0.678957	0.678923	0.67889	0.678892	0.678895	0.678865	0.678836	0.678811	0.678787	0.67877	0.678754	0.678722	0.67869	0.678715	0.678741	0.678769	0.678797	0.678942	0.679087	0.679336	0.679584	0.680061	0.680539	0.681432	0.682325	0.683235	0.684145	0.683459	0.681865	0.68267	0.682059	0.680386	0.680841	0.681555	0.681276	0.681567	0.683718	0.682619	0.68152	0.681029	0.680539	0.680066	0.679594	0.679441	0.679288	0.679109	0.67893	0.678923	0.678916	0.67885	0.678784	0.678833	0.678882	0.678847	0.678813	0.678873	0.678932	0.678901	0.678869	0.678918	0.678967	0.678934	0.6789	0.678929	
0.678887	0.67891	0.678879	0.678849	0.678845	0.678841	0.67881	0.678779	0.678747	0.678714	0.678693	0.678672	0.678633	0.678594	0.67861	0.678626	0.678662	0.678699	0.678837	0.678976	0.679286	0.679596	0.680128	0.680659	0.681679	0.682698	0.683215	0.683733	0.68387	0.684007	0.683163	0.68254	0.679437	0.679394	0.680363	0.68091	0.681547	0.683674	0.682902	0.68213	0.681451	0.680772	0.680216	0.67966	0.679453	0.679245	0.679064	0.678882	0.678849	0.678816	0.678771	0.678726	0.678757	0.678787	0.678776	0.678765	0.678813	0.67886	0.678845	0.678831	0.678872	0.678912	0.678889	0.678865	0.678887	
0.678888	0.678913	0.678882	0.67885	0.678844	0.678837	0.678802	0.678768	0.678727	0.678685	0.678659	0.678633	0.678578	0.678523	0.678545	0.678567	0.678576	0.678585	0.678766	0.678947	0.679209	0.679472	0.680122	0.680773	0.681506	0.682239	0.682813	0.683387	0.683287	0.683188	0.683214	0.683559	0.680412	0.679519	0.679754	0.680537	0.681282	0.683169	0.682642	0.682114	0.681433	0.680753	0.680159	0.679566	0.679327	0.679088	0.678909	0.678729	0.678706	0.678683	0.678647	0.678611	0.678661	0.678712	0.678707	0.678703	0.678766	0.67883	0.678819	0.678808	0.678858	0.678908	0.678886	0.678863	0.678888	
0.678888	0.678917	0.678884	0.678851	0.678842	0.678833	0.678795	0.678757	0.678706	0.678656	0.678626	0.678595	0.678524	0.678452	0.67848	0.678507	0.678489	0.678471	0.678694	0.678918	0.679132	0.679347	0.680116	0.680886	0.681333	0.681779	0.68241	0.68304	0.682704	0.682368	0.683266	0.684202	0.683181	0.681722	0.680328	0.679948	0.681306	0.682664	0.682381	0.682098	0.681416	0.680734	0.680103	0.679472	0.679201	0.678931	0.678753	0.678576	0.678563	0.67855	0.678523	0.678495	0.678566	0.678636	0.678638	0.67864	0.67872	0.678801	0.678793	0.678784	0.678844	0.678904	0.678882	0.67886	0.678888	
0.678864	0.678886	0.678856	0.678827	0.67881	0.678794	0.678753	0.678712	0.678652	0.678593	0.678552	0.678512	0.67843	0.678348	0.67836	0.678371	0.678345	0.67832	0.678535	0.67875	0.678985	0.679219	0.679996	0.680772	0.681364	0.681956	0.682218	0.68248	0.681653	0.680827	0.682201	0.683417	0.684945	0.684846	0.682184	0.680612	0.681731	0.68285	0.68243	0.68201	0.681449	0.680887	0.680136	0.679384	0.679149	0.678914	0.67869	0.678467	0.678465	0.678463	0.678442	0.67842	0.678487	0.678555	0.678577	0.678598	0.678671	0.678744	0.678752	0.678761	0.678814	0.678867	0.678854	0.678842	0.678864	
0.678839	0.678855	0.678829	0.678802	0.678779	0.678755	0.678711	0.678668	0.678598	0.678529	0.678479	0.678429	0.678337	0.678244	0.678239	0.678235	0.678202	0.678169	0.678375	0.678582	0.678837	0.679092	0.679875	0.680658	0.681395	0.682133	0.682026	0.681919	0.680602	0.679285	0.681135	0.683225	0.684822	0.685096	0.682545	0.681276	0.682156	0.683035	0.682479	0.681922	0.681481	0.68104	0.680168	0.679297	0.679097	0.678896	0.678627	0.678357	0.678367	0.678376	0.678361	0.678345	0.678409	0.678474	0.678516	0.678557	0.678622	0.678687	0.678712	0.678737	0.678783	0.678829	0.678826	0.678823	0.678839	
0.678852	0.678871	0.678843	0.678814	0.678788	0.678761	0.678711	0.678661	0.678583	0.678504	0.678443	0.678382	0.678273	0.678164	0.67815	0.678136	0.678085	0.678033	0.67825	0.678467	0.678739	0.679011	0.679835	0.680659	0.681305	0.681951	0.681178	0.680405	0.680031	0.679657	0.682169	0.685656	0.684555	0.6825	0.68107	0.68166	0.682089	0.682519	0.682246	0.681973	0.681346	0.680719	0.679897	0.679075	0.678856	0.678637	0.678385	0.678133	0.678164	0.678195	0.678201	0.678207	0.678296	0.678385	0.678441	0.678496	0.67858	0.678663	0.678693	0.678724	0.67878	0.678837	0.678835	0.678832	0.678852	
0.678865	0.678888	0.678857	0.678826	0.678797	0.678768	0.678711	0.678655	0.678567	0.67848	0.678407	0.678335	0.67821	0.678085	0.678061	0.678037	0.677968	0.677898	0.678125	0.678353	0.678642	0.678931	0.679796	0.68066	0.681214	0.681768	0.68033	0.678891	0.679459	0.680028	0.683203	0.68755	0.68428	0.679611	0.679331	0.682044	0.682023	0.682002	0.682013	0.682025	0.681211	0.680397	0.679625	0.678853	0.678615	0.678377	0.678143	0.677909	0.677961	0.678013	0.678041	0.678069	0.678183	0.678297	0.678366	0.678435	0.678537	0.678639	0.678675	0.678711	0.678778	0.678845	0.678843	0.678842	0.678865	
0.678859	0.678878	0.678849	0.67882	0.678784	0.678749	0.678688	0.678627	0.67853	0.678432	0.678345	0.678258	0.678119	0.67798	0.677929	0.677878	0.677795	0.677711	0.677908	0.678104	0.678405	0.678705	0.679542	0.680378	0.680806	0.681234	0.679474	0.677713	0.677881	0.67805	0.682107	0.68509	0.682847	0.679203	0.679332	0.681912	0.68201	0.682108	0.682067	0.682026	0.681296	0.680565	0.679639	0.678714	0.678497	0.678281	0.678014	0.677747	0.67782	0.677892	0.677929	0.677966	0.678091	0.678216	0.678304	0.678392	0.678495	0.678597	0.678648	0.678699	0.678763	0.678827	0.678834	0.67884	0.678859	
0.678853	0.678868	0.678841	0.678814	0.678772	0.678731	0.678665	0.6786	0.678492	0.678384	0.678283	0.678181	0.678028	0.677874	0.677796	0.677719	0.677621	0.677524	0.67769	0.677855	0.678167	0.67848	0.679288	0.680096	0.680398	0.680701	0.678618	0.676535	0.676303	0.676072	0.681011	0.68595	0.683775	0.6816	0.68169	0.68178	0.681997	0.682214	0.682121	0.682027	0.68138	0.680734	0.679654	0.678574	0.67838	0.678186	0.677885	0.677585	0.677678	0.677772	0.677818	0.677864	0.678	0.678135	0.678242	0.678349	0.678452	0.678555	0.678622	0.678688	0.678749	0.67881	0.678824	0.678839	0.678853	
0.678882	0.6789	0.67887	0.67884	0.678797	0.678753	0.678679	0.678606	0.67849	0.678374	0.678256	0.678138	0.677968	0.677798	0.677694	0.67759	0.677477	0.677364	0.677515	0.677666	0.677984	0.678303	0.679163	0.680024	0.68028	0.680537	0.67877	0.677004	0.675605	0.674205	0.676632	0.679059	0.679015	0.67897	0.679759	0.680548	0.681015	0.681482	0.681578	0.681673	0.681044	0.680416	0.679347	0.678279	0.678044	0.677809	0.677566	0.677324	0.677433	0.677543	0.677629	0.677715	0.677877	0.67804	0.678168	0.678296	0.678419	0.678542	0.678616	0.67869	0.678761	0.678833	0.678848	0.678864	0.678882	
0.67891	0.678932	0.6789	0.678867	0.678821	0.678776	0.678694	0.678612	0.678488	0.678365	0.67823	0.678095	0.677909	0.677723	0.677592	0.677462	0.677333	0.677203	0.67734	0.677476	0.677801	0.678127	0.679039	0.679951	0.680162	0.680373	0.678923	0.677474	0.674907	0.672339	0.672253	0.672167	0.674253	0.67634	0.677828	0.679317	0.680034	0.680751	0.681035	0.681319	0.680708	0.680098	0.679041	0.677984	0.677708	0.677432	0.677248	0.677063	0.677189	0.677315	0.67744	0.677566	0.677755	0.677945	0.678094	0.678244	0.678386	0.678529	0.67861	0.678692	0.678774	0.678856	0.678872	0.678888	0.67891	
0.678928	0.678948	0.678916	0.678885	0.678836	0.678786	0.6787	0.678614	0.678482	0.678349	0.678198	0.678047	0.677845	0.677642	0.677472	0.677302	0.677147	0.676992	0.677065	0.677138	0.67748	0.677823	0.678655	0.679488	0.679879	0.68027	0.679446	0.678621	0.675707	0.672793	0.671136	0.669479	0.671712	0.673945	0.675801	0.677657	0.679277	0.680896	0.68092	0.680944	0.68046	0.679976	0.678902	0.677827	0.677534	0.677242	0.677048	0.676854	0.677005	0.677155	0.677304	0.677452	0.677661	0.677869	0.67804	0.678211	0.67836	0.67851	0.678604	0.678698	0.67878	0.678863	0.678885	0.678907	0.678928	
0.678945	0.678963	0.678933	0.678904	0.67885	0.678797	0.678707	0.678617	0.678476	0.678334	0.678167	0.678	0.677781	0.677561	0.677351	0.677142	0.676961	0.67678	0.67679	0.6768	0.677159	0.677519	0.678272	0.679024	0.679596	0.680167	0.679968	0.679768	0.676508	0.673247	0.670019	0.666791	0.669171	0.67155	0.673774	0.675997	0.678519	0.681041	0.680805	0.680569	0.680212	0.679855	0.678763	0.677671	0.677361	0.677051	0.676848	0.676645	0.67682	0.676996	0.677167	0.677338	0.677566	0.677794	0.677985	0.678177	0.678334	0.678491	0.678597	0.678704	0.678787	0.67887	0.678898	0.678926	0.678945	
0.678993	0.679015	0.678982	0.67895	0.678897	0.678844	0.678747	0.67865	0.678503	0.678356	0.678173	0.677991	0.677749	0.677508	0.677265	0.677023	0.676785	0.676548	0.676509	0.67647	0.676707	0.676943	0.67768	0.678417	0.678981	0.679546	0.67986	0.680174	0.676968	0.673763	0.669471	0.665179	0.667253	0.669328	0.672564	0.6758	0.678011	0.680222	0.680283	0.680344	0.679882	0.67942	0.678434	0.677448	0.67709	0.676732	0.676558	0.676384	0.676579	0.676773	0.676992	0.677211	0.677467	0.677723	0.677938	0.678152	0.678328	0.678503	0.678616	0.678729	0.678822	0.678914	0.678942	0.67897	0.678993	
0.67904	0.679067	0.679032	0.678997	0.678944	0.678891	0.678787	0.678683	0.678531	0.678378	0.67818	0.677981	0.677718	0.677455	0.677179	0.676904	0.67661	0.676316	0.676228	0.67614	0.676254	0.676368	0.677088	0.677809	0.678367	0.678924	0.679752	0.68058	0.677429	0.674278	0.668923	0.663567	0.665336	0.667105	0.671354	0.675603	0.677503	0.679403	0.679761	0.680118	0.679551	0.678984	0.678105	0.677226	0.676819	0.676412	0.676268	0.676124	0.676337	0.67655	0.676817	0.677085	0.677368	0.677651	0.67789	0.678128	0.678321	0.678514	0.678634	0.678754	0.678856	0.678958	0.678986	0.679014	0.67904	
0.679083	0.679109	0.679076	0.679042	0.678989	0.678936	0.678832	0.678728	0.678573	0.678418	0.678208	0.677998	0.677725	0.677453	0.677132	0.67681	0.676488	0.676166	0.67597	0.675773	0.675817	0.67586	0.676398	0.676936	0.677528	0.678121	0.67873	0.679339	0.676538	0.673737	0.669615	0.665494	0.666966	0.668439	0.671787	0.675136	0.677094	0.679051	0.678918	0.678784	0.678625	0.678465	0.677621	0.676778	0.676467	0.676157	0.676018	0.675879	0.676133	0.676388	0.676688	0.676988	0.677299	0.677612	0.677868	0.678125	0.678328	0.678532	0.67866	0.678788	0.678891	0.678994	0.679026	0.679057	0.679083	
0.679126	0.679151	0.67912	0.679088	0.679035	0.678982	0.678877	0.678773	0.678615	0.678457	0.678235	0.678014	0.677733	0.677451	0.677084	0.676716	0.676367	0.676017	0.675712	0.675406	0.675379	0.675353	0.675708	0.676063	0.67669	0.677317	0.677707	0.678097	0.675647	0.673196	0.670308	0.667421	0.668597	0.669773	0.672221	0.674669	0.676684	0.678699	0.678074	0.67745	0.677698	0.677946	0.677138	0.67633	0.676115	0.675901	0.675768	0.675634	0.67593	0.676225	0.676558	0.67689	0.677231	0.677572	0.677847	0.678123	0.678336	0.678549	0.678685	0.678821	0.678926	0.67903	0.679065	0.6791	0.679125	
0.679192	0.679222	0.679188	0.679155	0.679106	0.679056	0.67895	0.678843	0.678687	0.67853	0.678304	0.678077	0.677784	0.67749	0.677105	0.676719	0.676321	0.675923	0.675574	0.675225	0.675074	0.674922	0.675222	0.675522	0.67601	0.676499	0.677026	0.677553	0.676311	0.675069	0.674405	0.673741	0.674469	0.675197	0.675689	0.67618	0.677441	0.678702	0.678006	0.677309	0.677322	0.677335	0.676708	0.67608	0.675847	0.675613	0.67555	0.675487	0.675777	0.676068	0.676454	0.676841	0.677202	0.677563	0.677858	0.678153	0.678377	0.6786	0.678739	0.678878	0.678988	0.679097	0.67913	0.679164	0.679192	
0.679259	0.679292	0.679257	0.679222	0.679176	0.67913	0.679022	0.678914	0.678759	0.678604	0.678372	0.678141	0.677835	0.67753	0.677126	0.676722	0.676275	0.675828	0.675436	0.675044	0.674768	0.674492	0.674737	0.674981	0.675331	0.675681	0.676344	0.677008	0.676975	0.676941	0.678501	0.680061	0.680342	0.680622	0.679157	0.677692	0.678198	0.678705	0.677937	0.677169	0.676946	0.676724	0.676277	0.67583	0.675578	0.675325	0.675333	0.67534	0.675625	0.67591	0.676351	0.676791	0.677173	0.677554	0.677869	0.678184	0.678418	0.678652	0.678794	0.678936	0.67905	0.679164	0.679195	0.679227	0.679259	
0.679322	0.679353	0.679321	0.679289	0.679246	0.679204	0.6791	0.678997	0.678848	0.678699	0.678468	0.678238	0.677936	0.677634	0.677202	0.67677	0.676329	0.675889	0.675351	0.674814	0.674481	0.674147	0.674059	0.67397	0.674293	0.674617	0.675021	0.675425	0.676298	0.677171	0.679826	0.682481	0.682735	0.682988	0.681274	0.679559	0.679281	0.679003	0.677879	0.676755	0.676508	0.676261	0.67586	0.675458	0.675248	0.675037	0.675105	0.675173	0.675505	0.675838	0.676308	0.676778	0.677186	0.677594	0.677918	0.678242	0.67848	0.678717	0.67886	0.679002	0.679114	0.679226	0.679258	0.67929	0.679322	
0.679384	0.679415	0.679385	0.679355	0.679316	0.679277	0.679178	0.67908	0.678937	0.678794	0.678565	0.678336	0.678038	0.677739	0.677279	0.676818	0.676383	0.675949	0.675267	0.674585	0.674193	0.673802	0.673381	0.672959	0.673256	0.673553	0.673697	0.673842	0.675622	0.677401	0.681151	0.684901	0.685128	0.685354	0.68339	0.681426	0.680364	0.679302	0.677822	0.676342	0.67607	0.675799	0.675443	0.675087	0.674918	0.674748	0.674877	0.675006	0.675385	0.675765	0.676265	0.676765	0.6772	0.677634	0.677967	0.6783	0.678541	0.678782	0.678926	0.679069	0.679179	0.679289	0.679321	0.679352	0.679384	
0.679462	0.679496	0.679465	0.679434	0.679402	0.67937	0.679275	0.67918	0.679049	0.678918	0.678698	0.678478	0.678187	0.677897	0.677449	0.677001	0.67654	0.67608	0.675378	0.674677	0.674137	0.673598	0.673109	0.672619	0.672563	0.672507	0.672169	0.671831	0.673528	0.675224	0.678004	0.680784	0.68126	0.681735	0.681715	0.681695	0.680234	0.678774	0.676941	0.675109	0.675234	0.67536	0.67503	0.674699	0.674575	0.67445	0.674691	0.674931	0.675333	0.675734	0.676288	0.676842	0.677282	0.677722	0.678062	0.678402	0.678641	0.678881	0.679019	0.679157	0.679266	0.679375	0.679402	0.679429	0.679462	
0.679541	0.679577	0.679545	0.679513	0.679488	0.679464	0.679372	0.679281	0.679162	0.679043	0.678831	0.67862	0.678337	0.678054	0.677619	0.677184	0.676697	0.676211	0.67549	0.674768	0.674082	0.673395	0.672837	0.67228	0.67187	0.671461	0.670641	0.66982	0.671434	0.673047	0.674857	0.676667	0.677391	0.678115	0.680039	0.681963	0.680105	0.678246	0.676061	0.673876	0.674399	0.674922	0.674617	0.674312	0.674232	0.674152	0.674504	0.674856	0.67528	0.675704	0.676311	0.676919	0.677364	0.67781	0.678157	0.678504	0.678742	0.67898	0.679112	0.679245	0.679353	0.67946	0.679483	0.679505	0.679541	
0.679608	0.679642	0.679612	0.679581	0.679563	0.679544	0.679461	0.679377	0.679273	0.679169	0.678972	0.678776	0.678514	0.678253	0.677829	0.677405	0.676937	0.676469	0.675701	0.674934	0.674232	0.67353	0.672673	0.671815	0.671537	0.671259	0.669683	0.668106	0.669756	0.671405	0.672418	0.673431	0.67525	0.677069	0.678363	0.679657	0.677563	0.675469	0.674771	0.674073	0.674236	0.674398	0.674171	0.673944	0.673958	0.673973	0.674403	0.674834	0.675332	0.675829	0.676444	0.677058	0.677509	0.677961	0.678298	0.678635	0.678863	0.679091	0.679215	0.679339	0.679438	0.679537	0.679556	0.679574	0.679608	
0.679675	0.679707	0.679678	0.67965	0.679637	0.679624	0.679549	0.679474	0.679384	0.679295	0.679113	0.678932	0.678691	0.678451	0.678039	0.677626	0.677177	0.676727	0.675913	0.675099	0.674382	0.673665	0.672508	0.671351	0.671204	0.671058	0.668725	0.666392	0.668078	0.669764	0.669979	0.670194	0.673109	0.676024	0.676687	0.67735	0.675021	0.672691	0.673481	0.67427	0.674073	0.673875	0.673725	0.673576	0.673684	0.673793	0.674302	0.674811	0.675383	0.675955	0.676576	0.677197	0.677655	0.678113	0.678439	0.678766	0.678985	0.679203	0.679318	0.679432	0.679523	0.679614	0.679629	0.679644	0.679675	
0.679751	0.679783	0.679754	0.679725	0.67972	0.679716	0.679648	0.67958	0.67951	0.67944	0.679279	0.679118	0.678909	0.678701	0.678333	0.677966	0.677553	0.677141	0.676398	0.675656	0.674958	0.674261	0.673108	0.671954	0.671815	0.671675	0.669389	0.667103	0.669125	0.671146	0.671473	0.671799	0.673518	0.675237	0.675264	0.67529	0.673291	0.671292	0.672819	0.674346	0.673801	0.673255	0.673389	0.673522	0.673591	0.673659	0.67431	0.674962	0.675561	0.67616	0.676795	0.67743	0.67787	0.67831	0.67862	0.67893	0.679135	0.679339	0.679437	0.679536	0.67962	0.679705	0.679712	0.679718	0.679751	
0.679826	0.679859	0.679829	0.679799	0.679803	0.679808	0.679747	0.679686	0.679636	0.679585	0.679445	0.679305	0.679127	0.67895	0.678628	0.678306	0.67793	0.677554	0.676883	0.676213	0.675535	0.674857	0.673708	0.672558	0.672425	0.672291	0.670053	0.667815	0.670172	0.672528	0.672966	0.673404	0.673927	0.67445	0.673841	0.673231	0.671562	0.669892	0.672157	0.674422	0.673529	0.672636	0.673053	0.673469	0.673497	0.673524	0.674318	0.675112	0.675738	0.676365	0.677014	0.677662	0.678085	0.678507	0.6788	0.679094	0.679284	0.679475	0.679557	0.679639	0.679717	0.679795	0.679794	0.679793	0.679826	
0.679879	0.679909	0.679879	0.679849	0.679859	0.679868	0.679816	0.679763	0.679729	0.679694	0.679574	0.679453	0.679308	0.679164	0.678876	0.678588	0.678264	0.677941	0.677326	0.676711	0.676118	0.675524	0.674429	0.673334	0.673288	0.673241	0.671017	0.668792	0.670943	0.673095	0.67265	0.672205	0.672058	0.671911	0.672252	0.672594	0.671038	0.669482	0.67164	0.673797	0.672861	0.671925	0.67253	0.673134	0.673336	0.673538	0.674429	0.67532	0.676001	0.676683	0.677307	0.677931	0.678335	0.678738	0.679003	0.679268	0.679437	0.679606	0.67967	0.679735	0.679801	0.679866	0.679858	0.67985	0.679879	
