x=115	y=200	z=200	n=65	len=1
b
0	0	0	0	0	0	0	0	0	0	0	0	0	0	0	0	0	0	0	0	0	0	0	0	0	0	0	0	0	0	0	0	0	0	0	0	0	0	0	0	0	0	0	0	0	0	0	0	0	0	0	0	0	0	0	0	0	0	0	0	0	0	0	0	0	
0.0235649	0.0235648	0.0235646	0.0235644	0.0235631	0.0235619	0.0235614	0.0235609	0.0235589	0.0235569	0.023556	0.023555	0.023553	0.023551	0.0235499	0.0235488	0.0235478	0.0235467	0.0235461	0.0235454	0.0235461	0.0235469	0.0235469	0.0235469	0.0235489	0.0235508	0.0235509	0.0235509	0.0235527	0.0235545	0.0235537	0.0235529	0.0235543	0.0235558	0.0235543	0.0235527	0.0235536	0.0235545	0.0235518	0.0235491	0.0235503	0.0235514	0.0235485	0.0235456	0.0235484	0.0235512	0.0235488	0.0235463	0.0235506	0.023555	0.0235532	0.0235514	0.0235557	0.02356	0.0235588	0.0235577	0.0235607	0.0235638	0.0235632	0.0235626	0.023564	0.0235655	0.0235652	0.023565	0.0235649	
0.0471311	0.0471311	0.0471306	0.0471301	0.0471277	0.0471253	0.0471243	0.0471233	0.0471193	0.0471153	0.0471136	0.0471118	0.0471075	0.0471031	0.0471012	0.0470992	0.0470966	0.0470939	0.0470929	0.0470919	0.0470926	0.0470934	0.047094	0.0470947	0.0470979	0.047101	0.047102	0.047103	0.0471058	0.0471086	0.0471076	0.0471066	0.0471091	0.0471116	0.0471086	0.0471056	0.0471073	0.047109	0.0471033	0.0470977	0.0471003	0.0471029	0.0470968	0.0470906	0.0470969	0.0471032	0.047098	0.0470929	0.0471021	0.0471112	0.0471075	0.0471037	0.0471126	0.0471214	0.047119	0.0471166	0.0471228	0.047129	0.0471278	0.0471265	0.0471294	0.0471323	0.0471317	0.0471312	0.0471311	
0.0706973	0.0706973	0.0706965	0.0706957	0.0706922	0.0706887	0.0706872	0.0706857	0.0706797	0.0706737	0.0706711	0.0706686	0.0706619	0.0706553	0.0706525	0.0706496	0.0706454	0.0706411	0.0706398	0.0706385	0.0706392	0.0706398	0.0706412	0.0706426	0.0706469	0.0706512	0.0706531	0.070655	0.0706589	0.0706628	0.0706615	0.0706603	0.0706639	0.0706674	0.0706629	0.0706584	0.070661	0.0706635	0.0706549	0.0706463	0.0706504	0.0706545	0.0706451	0.0706357	0.0706454	0.0706551	0.0706473	0.0706395	0.0706535	0.0706675	0.0706618	0.0706561	0.0706695	0.0706829	0.0706792	0.0706756	0.0706849	0.0706943	0.0706923	0.0706904	0.0706948	0.0706991	0.0706982	0.0706973	0.0706973	
0.0942627	0.0942625	0.0942617	0.0942608	0.0942563	0.0942519	0.0942499	0.094248	0.0942404	0.0942328	0.0942293	0.0942258	0.0942171	0.0942084	0.0942043	0.0942001	0.0941943	0.0941885	0.0941861	0.0941837	0.0941847	0.0941857	0.0941869	0.0941881	0.0941947	0.0942013	0.0942036	0.0942058	0.0942119	0.094218	0.094216	0.0942141	0.0942194	0.0942246	0.0942181	0.0942115	0.0942148	0.0942181	0.0942061	0.0941941	0.0941997	0.0942053	0.0941927	0.09418	0.0941936	0.0942071	0.0941968	0.0941866	0.0942055	0.0942244	0.094217	0.0942095	0.0942271	0.0942447	0.09424	0.0942353	0.0942471	0.094259	0.0942566	0.0942542	0.0942595	0.0942649	0.0942638	0.0942628	0.0942627	
0.117828	0.117828	0.117827	0.117826	0.11782	0.117815	0.117813	0.11781	0.117801	0.117792	0.117787	0.117783	0.117772	0.117762	0.117756	0.117751	0.117743	0.117736	0.117732	0.117729	0.11773	0.117731	0.117733	0.117734	0.117742	0.117751	0.117754	0.117757	0.117765	0.117773	0.117771	0.117768	0.117775	0.117782	0.117773	0.117765	0.117769	0.117773	0.117757	0.117742	0.117749	0.117756	0.11774	0.117724	0.117742	0.117759	0.117746	0.117734	0.117757	0.117781	0.117772	0.117763	0.117785	0.117806	0.117801	0.117795	0.117809	0.117824	0.117821	0.117818	0.117824	0.117831	0.117829	0.117828	0.117828	
0.141395	0.141394	0.141393	0.141392	0.141386	0.14138	0.141378	0.141375	0.141365	0.141354	0.141349	0.141344	0.141331	0.141318	0.141312	0.141305	0.141295	0.141285	0.14128	0.141276	0.141276	0.141276	0.141277	0.141279	0.141289	0.141299	0.141304	0.141309	0.141319	0.141329	0.141326	0.141324	0.141332	0.14134	0.141329	0.141318	0.141323	0.141327	0.141307	0.141287	0.141297	0.141307	0.141287	0.141267	0.14129	0.141313	0.141298	0.141282	0.141312	0.141342	0.141331	0.14132	0.141346	0.141371	0.141365	0.141358	0.141374	0.14139	0.141387	0.141384	0.14139	0.141397	0.141396	0.141395	0.141395	
0.164961	0.164961	0.16496	0.164959	0.164952	0.164946	0.164943	0.16494	0.164929	0.164917	0.164911	0.164905	0.16489	0.164875	0.164867	0.164859	0.164847	0.164834	0.164828	0.164823	0.164822	0.164821	0.164822	0.164824	0.164836	0.164848	0.164854	0.164861	0.164872	0.164884	0.164882	0.164881	0.16489	0.164899	0.164885	0.164872	0.164877	0.164882	0.164857	0.164832	0.164845	0.164857	0.164834	0.16481	0.164839	0.164867	0.164849	0.164831	0.164867	0.164902	0.16489	0.164877	0.164907	0.164936	0.164928	0.164921	0.164939	0.164957	0.164953	0.164949	0.164957	0.164964	0.164963	0.164961	0.164961	
0.188526	0.188525	0.188524	0.188523	0.188517	0.188511	0.188508	0.188505	0.188493	0.188481	0.188475	0.188468	0.188452	0.188435	0.188426	0.188416	0.188401	0.188385	0.188377	0.188369	0.188366	0.188363	0.188364	0.188364	0.188379	0.188393	0.188401	0.188408	0.188424	0.18844	0.188439	0.188437	0.188449	0.18846	0.188442	0.188424	0.188429	0.188435	0.188404	0.188374	0.18839	0.188406	0.188379	0.188351	0.188387	0.188423	0.188403	0.188383	0.188424	0.188466	0.188452	0.188437	0.18847	0.188502	0.188494	0.188485	0.188504	0.188522	0.188518	0.188514	0.188521	0.188529	0.188527	0.188526	0.188526	
0.21209	0.212089	0.212089	0.212088	0.212082	0.212076	0.212073	0.21207	0.212058	0.212046	0.212039	0.212032	0.212014	0.211996	0.211985	0.211973	0.211955	0.211937	0.211926	0.211916	0.211911	0.211906	0.211905	0.211904	0.211921	0.211938	0.211947	0.211956	0.211976	0.211996	0.211995	0.211994	0.212007	0.21202	0.211998	0.211976	0.211982	0.211988	0.211951	0.211915	0.211935	0.211955	0.211924	0.211893	0.211936	0.211979	0.211957	0.211934	0.211982	0.212029	0.212014	0.211998	0.212033	0.212068	0.212059	0.21205	0.212069	0.212088	0.212083	0.212079	0.212086	0.212093	0.212092	0.21209	0.21209	
0.235653	0.235653	0.235652	0.235651	0.235647	0.235642	0.235639	0.235636	0.235626	0.235615	0.235608	0.2356	0.235582	0.235563	0.235551	0.235538	0.235516	0.235494	0.235481	0.235468	0.235458	0.235448	0.235445	0.235443	0.23546	0.235477	0.235489	0.235501	0.235525	0.23555	0.235552	0.235555	0.235569	0.235583	0.235554	0.235525	0.235531	0.235537	0.235493	0.235449	0.235477	0.235504	0.235469	0.235434	0.235488	0.235542	0.235517	0.235492	0.235546	0.235599	0.235582	0.235566	0.235602	0.235637	0.235628	0.235618	0.235636	0.235653	0.235649	0.235645	0.23565	0.235656	0.235655	0.235654	0.235653	
0.259217	0.259217	0.259216	0.259215	0.259212	0.259209	0.259205	0.259202	0.259193	0.259184	0.259176	0.259168	0.25915	0.259131	0.259117	0.259103	0.259077	0.259052	0.259036	0.259021	0.259005	0.25899	0.258986	0.258982	0.258999	0.259016	0.259031	0.259046	0.259075	0.259104	0.25911	0.259117	0.259131	0.259145	0.25911	0.259074	0.25908	0.259086	0.259035	0.258983	0.259018	0.259053	0.259014	0.258975	0.25904	0.259104	0.259077	0.25905	0.25911	0.259169	0.259151	0.259133	0.25917	0.259207	0.259196	0.259186	0.259203	0.259219	0.259214	0.25921	0.259215	0.25922	0.259218	0.259217	0.259217	
0.282775	0.282775	0.282774	0.282773	0.282772	0.282772	0.282768	0.282765	0.28276	0.282754	0.282746	0.282738	0.282721	0.282705	0.28269	0.282675	0.282646	0.282617	0.282598	0.282579	0.282556	0.282532	0.282523	0.282514	0.282529	0.282544	0.282559	0.282574	0.282613	0.282651	0.282662	0.282673	0.282689	0.282704	0.282659	0.282613	0.282619	0.282626	0.282567	0.282507	0.282555	0.282603	0.282561	0.28252	0.282597	0.282673	0.282646	0.282618	0.28268	0.282743	0.282725	0.282707	0.282741	0.282775	0.282764	0.282754	0.282767	0.28278	0.282775	0.282771	0.282774	0.282777	0.282775	0.282774	0.282775	
0.306332	0.306333	0.306332	0.306331	0.306333	0.306335	0.306331	0.306328	0.306326	0.306324	0.306316	0.306308	0.306293	0.306278	0.306263	0.306247	0.306215	0.306183	0.30616	0.306138	0.306106	0.306075	0.30606	0.306046	0.306059	0.306073	0.306087	0.306102	0.306151	0.306199	0.306215	0.30623	0.306247	0.306264	0.306208	0.306152	0.306158	0.306165	0.306099	0.306032	0.306092	0.306152	0.306108	0.306065	0.306154	0.306243	0.306214	0.306185	0.306251	0.306317	0.306299	0.30628	0.306311	0.306342	0.306332	0.306323	0.306331	0.30634	0.306336	0.306332	0.306333	0.306334	0.306333	0.306331	0.306332	
0.329885	0.329887	0.329885	0.329883	0.329889	0.329895	0.329891	0.329888	0.329891	0.329895	0.329887	0.32988	0.32987	0.329861	0.329845	0.329829	0.329797	0.329764	0.329739	0.329713	0.32967	0.329627	0.329605	0.329584	0.329586	0.329587	0.3296	0.329614	0.329673	0.329733	0.329759	0.329785	0.3298	0.329816	0.329745	0.329674	0.329683	0.329692	0.32962	0.329547	0.329628	0.32971	0.329666	0.329622	0.329724	0.329826	0.329798	0.329769	0.329833	0.329897	0.329879	0.329862	0.329885	0.329909	0.3299	0.32989	0.329894	0.329897	0.329893	0.329889	0.329888	0.329887	0.329885	0.329883	0.329885	
0.353438	0.353442	0.353438	0.353435	0.353445	0.353456	0.353451	0.353447	0.353457	0.353466	0.353459	0.353451	0.353447	0.353443	0.353428	0.353412	0.353379	0.353346	0.353317	0.353289	0.353234	0.353178	0.35315	0.353122	0.353112	0.353101	0.353113	0.353125	0.353196	0.353267	0.353303	0.353339	0.353353	0.353367	0.353282	0.353196	0.353208	0.35322	0.353141	0.353062	0.353164	0.353267	0.353223	0.35318	0.353294	0.353409	0.353381	0.353354	0.353415	0.353476	0.35346	0.353443	0.353459	0.353475	0.353467	0.353458	0.353456	0.353453	0.353449	0.353445	0.353442	0.353439	0.353437	0.353434	0.353438	
0.376981	0.376987	0.376982	0.376977	0.376992	0.377007	0.377001	0.376996	0.377013	0.37703	0.377023	0.377016	0.377021	0.377026	0.377013	0.376999	0.376971	0.376943	0.376914	0.376885	0.376817	0.376749	0.376713	0.376676	0.376639	0.376602	0.376603	0.376604	0.376688	0.376772	0.376811	0.37685	0.376868	0.376886	0.37679	0.376693	0.376713	0.376732	0.376655	0.376577	0.37671	0.376842	0.376803	0.376763	0.376883	0.377003	0.376978	0.376954	0.377003	0.377052	0.377038	0.377023	0.377027	0.377031	0.377024	0.377016	0.377008	0.376999	0.376995	0.376991	0.376987	0.376983	0.376979	0.376975	0.376981	
0.400524	0.400532	0.400526	0.400519	0.400539	0.400558	0.400551	0.400545	0.400569	0.400594	0.400587	0.40058	0.400595	0.400609	0.400598	0.400586	0.400563	0.400539	0.400511	0.400482	0.400401	0.400321	0.400275	0.400229	0.400166	0.400103	0.400093	0.400082	0.40018	0.400278	0.400319	0.400361	0.400383	0.400405	0.400297	0.40019	0.400218	0.400245	0.400169	0.400092	0.400255	0.400417	0.400382	0.400346	0.400472	0.400598	0.400576	0.400553	0.400591	0.400628	0.400616	0.400603	0.400595	0.400587	0.400581	0.400575	0.40056	0.400544	0.400541	0.400537	0.400531	0.400526	0.400521	0.400516	0.400524	
0.424061	0.424073	0.424063	0.424053	0.424078	0.424103	0.424093	0.424083	0.424116	0.424148	0.424141	0.424133	0.42416	0.424188	0.424179	0.424169	0.424161	0.424154	0.424129	0.424103	0.42402	0.423937	0.423885	0.423833	0.423722	0.423611	0.423588	0.423565	0.423654	0.423742	0.423787	0.423833	0.423863	0.423894	0.423782	0.42367	0.423716	0.423761	0.423697	0.423634	0.423829	0.424024	0.424001	0.423978	0.424089	0.424201	0.424185	0.424168	0.424181	0.424193	0.424184	0.424175	0.424152	0.42413	0.424125	0.424121	0.424101	0.424082	0.424077	0.424073	0.424069	0.424064	0.424057	0.42405	0.424061	
0.447598	0.447613	0.4476	0.447587	0.447617	0.447647	0.447634	0.447621	0.447662	0.447703	0.447694	0.447685	0.447726	0.447767	0.44776	0.447752	0.44776	0.447768	0.447747	0.447725	0.447639	0.447553	0.447495	0.447437	0.447278	0.44712	0.447084	0.447048	0.447127	0.447207	0.447256	0.447305	0.447344	0.447382	0.447267	0.447151	0.447214	0.447276	0.447226	0.447176	0.447404	0.447631	0.447621	0.44761	0.447707	0.447803	0.447793	0.447783	0.447771	0.447758	0.447752	0.447747	0.44771	0.447673	0.44767	0.447667	0.447643	0.44762	0.447614	0.447609	0.447606	0.447603	0.447593	0.447583	0.447598	
0.471129	0.471148	0.471131	0.471114	0.471147	0.47118	0.471163	0.471145	0.471191	0.471237	0.471225	0.471213	0.471266	0.471319	0.471314	0.471309	0.471341	0.471372	0.471361	0.471349	0.471284	0.471219	0.471167	0.471115	0.470902	0.470688	0.470644	0.4706	0.470614	0.470629	0.47065	0.470672	0.470742	0.470812	0.470726	0.470639	0.470743	0.470847	0.470822	0.470798	0.471037	0.471276	0.471283	0.471289	0.471338	0.471387	0.471383	0.471379	0.471335	0.471291	0.471289	0.471286	0.47124	0.471194	0.471192	0.471189	0.471168	0.471147	0.471139	0.471132	0.471134	0.471136	0.471123	0.47111	0.471129	
0.494659	0.494683	0.494661	0.49464	0.494676	0.494713	0.494691	0.49467	0.49472	0.494771	0.494756	0.494742	0.494806	0.494871	0.494868	0.494866	0.494921	0.494976	0.494975	0.494974	0.49493	0.494886	0.49484	0.494794	0.494525	0.494256	0.494204	0.494152	0.494101	0.494051	0.494044	0.494038	0.49414	0.494242	0.494185	0.494128	0.494273	0.494417	0.494419	0.49442	0.494671	0.494921	0.494945	0.494968	0.494969	0.49497	0.494973	0.494976	0.494899	0.494823	0.494825	0.494826	0.494771	0.494716	0.494714	0.494712	0.494693	0.494674	0.494665	0.494655	0.494662	0.494669	0.494653	0.494636	0.494659	
0.518193	0.518221	0.518195	0.518169	0.518206	0.518243	0.518216	0.518188	0.518239	0.518289	0.518268	0.518246	0.518316	0.518387	0.51838	0.518373	0.518455	0.518537	0.518544	0.51855	0.518568	0.518586	0.518555	0.518523	0.518263	0.518003	0.51791	0.517818	0.517618	0.517419	0.5176	0.517781	0.517852	0.517924	0.517775	0.517626	0.517795	0.517965	0.518081	0.518197	0.518379	0.518562	0.518611	0.518661	0.518579	0.518496	0.518505	0.518514	0.518415	0.518316	0.518319	0.518322	0.518273	0.518224	0.51822	0.518216	0.518209	0.518202	0.518189	0.518175	0.518191	0.518207	0.518186	0.518165	0.518193	
0.541727	0.541759	0.541728	0.541697	0.541735	0.541773	0.54174	0.541707	0.541757	0.541808	0.541779	0.541751	0.541827	0.541902	0.541892	0.541881	0.541989	0.542098	0.542112	0.542127	0.542207	0.542287	0.54227	0.542253	0.542002	0.541751	0.541617	0.541483	0.541135	0.540786	0.541155	0.541524	0.541565	0.541606	0.541365	0.541125	0.541318	0.541512	0.541743	0.541974	0.542088	0.542202	0.542278	0.542353	0.542188	0.542023	0.542038	0.542053	0.541931	0.541809	0.541814	0.541818	0.541776	0.541733	0.541727	0.54172	0.541725	0.54173	0.541713	0.541695	0.54172	0.541746	0.54172	0.541694	0.541727	
0.565267	0.565303	0.565269	0.565234	0.565269	0.565305	0.565267	0.56523	0.565272	0.565314	0.565278	0.565243	0.565308	0.565373	0.565352	0.565331	0.565441	0.565551	0.565564	0.565577	0.565718	0.56586	0.565883	0.565906	0.565841	0.565776	0.565588	0.5654	0.564866	0.564333	0.564841	0.565349	0.565258	0.565167	0.564856	0.564545	0.564908	0.565271	0.565636	0.566001	0.565886	0.565771	0.565821	0.565872	0.565659	0.565445	0.565453	0.565462	0.565363	0.565265	0.565264	0.565263	0.565251	0.565239	0.565226	0.565213	0.565239	0.565265	0.565242	0.565219	0.565255	0.565291	0.565261	0.565232	0.565267	
0.588808	0.588847	0.588809	0.588771	0.588804	0.588836	0.588794	0.588753	0.588787	0.58882	0.588777	0.588734	0.588789	0.588843	0.588811	0.58878	0.588892	0.589004	0.589015	0.589027	0.58923	0.589434	0.589496	0.589559	0.589679	0.5898	0.589558	0.589316	0.588598	0.58788	0.588528	0.589175	0.588951	0.588728	0.588346	0.587965	0.588498	0.58903	0.589529	0.590028	0.589684	0.589339	0.589365	0.58939	0.589129	0.588868	0.588869	0.58887	0.588795	0.588721	0.588714	0.588707	0.588726	0.588745	0.588726	0.588706	0.588753	0.5888	0.588771	0.588743	0.58879	0.588837	0.588803	0.588769	0.588808	
0.612365	0.612404	0.612366	0.612328	0.612356	0.612383	0.612341	0.612298	0.61232	0.612342	0.612294	0.612246	0.612278	0.612309	0.612262	0.612214	0.612293	0.612371	0.612352	0.612332	0.612532	0.612731	0.612786	0.61284	0.613218	0.613596	0.613407	0.613218	0.612877	0.612535	0.612299	0.612062	0.611821	0.61158	0.611922	0.612264	0.612591	0.612918	0.613336	0.613755	0.613192	0.61263	0.612611	0.612593	0.612402	0.612212	0.612197	0.612183	0.612187	0.612191	0.612171	0.612151	0.612215	0.61228	0.61225	0.612221	0.612289	0.612357	0.612323	0.612288	0.612343	0.612398	0.612362	0.612325	0.612365	
0.635922	0.635962	0.635924	0.635885	0.635907	0.63593	0.635887	0.635844	0.635854	0.635864	0.635811	0.635758	0.635767	0.635776	0.635712	0.635648	0.635693	0.635738	0.635688	0.635638	0.635833	0.636029	0.636075	0.636121	0.636756	0.637391	0.637256	0.637121	0.637155	0.63719	0.63607	0.63495	0.634691	0.634432	0.635498	0.636563	0.636684	0.636805	0.637144	0.637482	0.636701	0.63592	0.635858	0.635795	0.635675	0.635555	0.635526	0.635496	0.635579	0.635662	0.635628	0.635594	0.635704	0.635814	0.635775	0.635735	0.635825	0.635914	0.635874	0.635834	0.635896	0.635959	0.63592	0.635882	0.635922	
0.659493	0.659529	0.659495	0.659461	0.659478	0.659494	0.659457	0.65942	0.659419	0.659419	0.65937	0.659322	0.659308	0.659295	0.659226	0.659158	0.659147	0.659136	0.659054	0.658971	0.659026	0.65908	0.659043	0.659006	0.659329	0.659651	0.659889	0.660126	0.660692	0.661258	0.659629	0.657999	0.657982	0.657965	0.65937	0.660776	0.660361	0.659946	0.65967	0.659394	0.659142	0.65889	0.658803	0.658717	0.658836	0.658955	0.658907	0.658858	0.659032	0.659206	0.659158	0.659111	0.65925	0.65939	0.659344	0.659298	0.659393	0.659489	0.659448	0.659407	0.659468	0.659529	0.659493	0.659457	0.659493	
0.683064	0.683096	0.683066	0.683037	0.683048	0.683058	0.683027	0.682995	0.682985	0.682974	0.68293	0.682886	0.68285	0.682814	0.682741	0.682668	0.682601	0.682534	0.682419	0.682305	0.682218	0.682132	0.682011	0.681891	0.681901	0.681911	0.682522	0.683132	0.684229	0.685439	0.683315	0.680903	0.680893	0.681435	0.68335	0.684975	0.684036	0.683087	0.682196	0.681305	0.681582	0.68186	0.681749	0.681638	0.681997	0.682356	0.682288	0.68222	0.682485	0.68275	0.682689	0.682627	0.682796	0.682965	0.682913	0.68286	0.682962	0.683064	0.683022	0.68298	0.683039	0.683099	0.683066	0.683032	0.683064	
0.706644	0.706668	0.706647	0.706626	0.706632	0.706638	0.706617	0.706596	0.706584	0.706572	0.706541	0.70651	0.706473	0.706435	0.706379	0.706324	0.70624	0.706157	0.706057	0.705956	0.705777	0.705599	0.705476	0.705353	0.70494	0.704528	0.704603	0.704679	0.705149	0.706328	0.705632	0.704891	0.706321	0.705918	0.705884	0.706352	0.705328	0.704776	0.704269	0.703762	0.704592	0.705423	0.705268	0.705113	0.70558	0.706046	0.705962	0.705879	0.706143	0.706407	0.706344	0.70628	0.706429	0.706578	0.70653	0.706481	0.706565	0.70665	0.706614	0.706578	0.706626	0.706673	0.706647	0.70662	0.706644	
0.730225	0.730241	0.730228	0.730215	0.730217	0.730219	0.730207	0.730196	0.730183	0.730169	0.730152	0.730135	0.730096	0.730056	0.730017	0.729979	0.72988	0.729781	0.729694	0.729606	0.729336	0.729066	0.728941	0.728816	0.72798	0.727144	0.726685	0.726225	0.72607	0.72587	0.725979	0.725708	0.729418	0.726899	0.726576	0.726467	0.726809	0.726465	0.726341	0.726218	0.727602	0.728986	0.728787	0.728589	0.729162	0.729736	0.729637	0.729538	0.729801	0.730064	0.729999	0.729934	0.730062	0.730191	0.730147	0.730103	0.730169	0.730235	0.730206	0.730177	0.730212	0.730247	0.730228	0.730209	0.730225	
0.753801	0.753806	0.753803	0.7538	0.753799	0.753797	0.753797	0.753796	0.753788	0.753779	0.753778	0.753776	0.753757	0.753737	0.753727	0.753717	0.753673	0.75363	0.753598	0.753565	0.753451	0.753338	0.753306	0.753274	0.752894	0.752515	0.752552	0.752589	0.752667	0.750411	0.750448	0.750555	0.746333	0.750015	0.751083	0.750666	0.751607	0.752903	0.752512	0.75212	0.752754	0.753388	0.753255	0.753123	0.753377	0.753632	0.753577	0.753523	0.753636	0.75375	0.753717	0.753684	0.753739	0.753794	0.753773	0.753752	0.75378	0.753808	0.753795	0.753782	0.753796	0.75381	0.753803	0.753796	0.753801	
0.777377	0.777372	0.777379	0.777386	0.777381	0.777376	0.777386	0.777397	0.777393	0.777389	0.777403	0.777418	0.777418	0.777417	0.777436	0.777454	0.777467	0.777479	0.777501	0.777524	0.777566	0.777609	0.777671	0.777733	0.777809	0.777885	0.778419	0.778954	0.779265	0.779614	0.779982	0.779009	0.773835	0.782771	0.779773	0.778846	0.778394	0.779342	0.778682	0.778023	0.777906	0.77779	0.777723	0.777657	0.777592	0.777527	0.777517	0.777507	0.777471	0.777435	0.777435	0.777435	0.777417	0.777398	0.7774	0.777402	0.777391	0.777381	0.777384	0.777387	0.77738	0.777373	0.777378	0.777383	0.777377	
0.800942	0.800927	0.800942	0.800957	0.800949	0.800941	0.800958	0.800974	0.800975	0.800977	0.800997	0.801018	0.801037	0.801056	0.801086	0.801116	0.801179	0.801242	0.801288	0.801335	0.801526	0.801717	0.801787	0.801857	0.802424	0.802992	0.80331	0.803628	0.803629	0.805517	0.805605	0.805715	0.791571	0.800704	0.803497	0.804513	0.804248	0.803508	0.803414	0.80332	0.802559	0.801798	0.801862	0.801926	0.801598	0.80127	0.801321	0.801371	0.801213	0.801054	0.801092	0.801131	0.80105	0.800969	0.800996	0.801024	0.80098	0.800936	0.800956	0.800976	0.80095	0.800925	0.800941	0.800957	0.800942	
0.824506	0.824481	0.824504	0.824528	0.824517	0.824507	0.824529	0.824552	0.824558	0.824564	0.824592	0.824619	0.824656	0.824694	0.824735	0.824777	0.824891	0.825004	0.825075	0.825146	0.825485	0.825824	0.825902	0.82598	0.82704	0.828099	0.828201	0.828302	0.827994	0.8277	0.829471	0.834289	0.833441	0.829495	0.827221	0.826925	0.82746	0.827674	0.828146	0.828617	0.827211	0.825805	0.826	0.826195	0.825604	0.825013	0.825124	0.825235	0.824954	0.824673	0.82475	0.824826	0.824683	0.82454	0.824593	0.824645	0.824568	0.82449	0.824527	0.824564	0.82452	0.824476	0.824504	0.824531	0.824506	
0.848058	0.848027	0.848055	0.848082	0.848069	0.848056	0.848081	0.848107	0.848113	0.848119	0.848147	0.848176	0.848212	0.848249	0.84829	0.84833	0.848427	0.848523	0.848586	0.848648	0.848881	0.849113	0.849148	0.849183	0.849714	0.850246	0.849858	0.849471	0.849491	0.849429	0.851242	0.853362	0.853755	0.852863	0.850493	0.848916	0.849149	0.849206	0.849876	0.850545	0.849797	0.849048	0.849228	0.849407	0.84897	0.848534	0.848638	0.848743	0.848487	0.848231	0.848311	0.848392	0.848242	0.848092	0.848153	0.848214	0.848125	0.848037	0.848081	0.848126	0.848073	0.848021	0.848055	0.848088	0.848058	
0.87161	0.871573	0.871605	0.871637	0.871621	0.871606	0.871634	0.871661	0.871668	0.871674	0.871703	0.871732	0.871768	0.871804	0.871844	0.871883	0.871963	0.872043	0.872097	0.872151	0.872276	0.872402	0.872394	0.872385	0.872389	0.872393	0.871516	0.870639	0.870989	0.871339	0.870271	0.869202	0.87054	0.871877	0.871396	0.870916	0.870827	0.870738	0.871606	0.872474	0.872382	0.872291	0.872455	0.872619	0.872337	0.872054	0.872153	0.872251	0.87202	0.871788	0.871873	0.871958	0.871801	0.871644	0.871713	0.871782	0.871683	0.871583	0.871636	0.871689	0.871627	0.871565	0.871605	0.871646	0.87161	
0.895152	0.895115	0.895148	0.895181	0.895163	0.895146	0.895174	0.895203	0.895205	0.895208	0.895237	0.895266	0.895291	0.895316	0.895353	0.895389	0.895431	0.895473	0.895518	0.895563	0.895567	0.895571	0.895563	0.895555	0.895279	0.895004	0.894751	0.894498	0.894677	0.894856	0.8949	0.894943	0.895635	0.896327	0.895313	0.894298	0.894421	0.894544	0.894787	0.89503	0.895285	0.89554	0.89562	0.895699	0.895611	0.895522	0.895573	0.895623	0.895475	0.895327	0.895386	0.895444	0.895319	0.895194	0.895251	0.895309	0.895219	0.89513	0.895179	0.895229	0.895169	0.895109	0.895149	0.895189	0.895152	
0.918695	0.918657	0.918691	0.918725	0.918705	0.918686	0.918715	0.918744	0.918743	0.918742	0.918771	0.9188	0.918814	0.918828	0.918862	0.918896	0.9189	0.918904	0.91894	0.918975	0.918858	0.91874	0.918732	0.918724	0.918169	0.917614	0.917986	0.918357	0.918365	0.918373	0.919529	0.920684	0.92073	0.920776	0.919229	0.917681	0.918015	0.91835	0.917968	0.917587	0.918188	0.91879	0.918784	0.918779	0.918885	0.918991	0.918993	0.918995	0.91893	0.918866	0.918898	0.918931	0.918837	0.918743	0.91879	0.918836	0.918756	0.918677	0.918723	0.918769	0.918711	0.918653	0.918693	0.918733	0.918695	
0.942236	0.942202	0.942233	0.942264	0.942244	0.942224	0.942252	0.942281	0.942274	0.942266	0.942295	0.942323	0.942321	0.942318	0.942349	0.94238	0.942351	0.942322	0.942348	0.942375	0.942227	0.942079	0.942079	0.942079	0.941663	0.941248	0.941611	0.941975	0.942043	0.94211	0.94312	0.944129	0.944	0.94387	0.942753	0.941636	0.941892	0.942148	0.941743	0.941338	0.941776	0.942214	0.942164	0.942114	0.942277	0.942439	0.942411	0.942383	0.942383	0.942384	0.942391	0.942398	0.942343	0.942288	0.942317	0.942346	0.942286	0.942226	0.942263	0.942299	0.94225	0.942201	0.942236	0.942271	0.942236	
0.965777	0.965746	0.965775	0.965804	0.965783	0.965762	0.96579	0.965818	0.965804	0.96579	0.965818	0.965846	0.965827	0.965808	0.965836	0.965864	0.965802	0.965739	0.965757	0.965774	0.965596	0.965418	0.965425	0.965433	0.965157	0.964881	0.965237	0.965593	0.96572	0.965847	0.966711	0.967574	0.967269	0.966963	0.966277	0.965591	0.965769	0.965947	0.965518	0.965089	0.965364	0.965639	0.965544	0.96545	0.965668	0.965886	0.965829	0.965771	0.965836	0.965902	0.965883	0.965864	0.965849	0.965834	0.965845	0.965857	0.965817	0.965776	0.965803	0.965829	0.965789	0.965749	0.965779	0.965809	0.965777	
0.989318	0.989291	0.989317	0.989343	0.989321	0.989299	0.989326	0.989353	0.989333	0.989313	0.989341	0.98937	0.989336	0.989302	0.989331	0.989361	0.989278	0.989196	0.98922	0.989245	0.989068	0.988891	0.988931	0.988972	0.988787	0.988601	0.988888	0.989174	0.98924	0.989306	0.989588	0.98987	0.989651	0.989433	0.989359	0.989286	0.989415	0.989545	0.989214	0.988883	0.989037	0.989191	0.989093	0.988995	0.989183	0.989371	0.98931	0.989248	0.989332	0.989416	0.989385	0.989355	0.989364	0.989374	0.989372	0.989371	0.989348	0.989326	0.989342	0.989358	0.989328	0.989298	0.989322	0.989346	0.989318	
1.01286	1.01284	1.01286	1.01288	1.01286	1.01284	1.01286	1.01289	1.01286	1.01283	1.01286	1.01289	1.01284	1.0128	1.01283	1.01286	1.01276	1.01265	1.01268	1.01271	1.01254	1.01236	1.01244	1.01251	1.01242	1.01232	1.01254	1.01275	1.01276	1.01277	1.01247	1.01217	1.01203	1.0119	1.01244	1.01298	1.01306	1.01314	1.01291	1.01268	1.01271	1.01274	1.01264	1.01254	1.0127	1.01286	1.01279	1.01273	1.01283	1.01293	1.01289	1.01285	1.01288	1.01291	1.0129	1.01288	1.01288	1.01288	1.01288	1.01289	1.01287	1.01285	1.01287	1.01288	1.01286	
1.03641	1.03639	1.03641	1.03642	1.0364	1.03638	1.0364	1.03643	1.0364	1.03637	1.03639	1.03642	1.03637	1.03632	1.03634	1.03637	1.03628	1.03618	1.03621	1.03625	1.03612	1.03599	1.03606	1.03613	1.03613	1.03612	1.03629	1.03646	1.03644	1.03642	1.03602	1.03563	1.03555	1.03548	1.03603	1.03659	1.03663	1.03668	1.03654	1.03641	1.03636	1.03632	1.03625	1.03619	1.03628	1.03638	1.03633	1.03628	1.03636	1.03645	1.03641	1.03637	1.03641	1.03645	1.03643	1.03641	1.03642	1.03643	1.03642	1.03642	1.03641	1.0364	1.03641	1.03642	1.03641	
1.05995	1.05994	1.05995	1.05997	1.05995	1.05992	1.05995	1.05997	1.05993	1.0599	1.05992	1.05995	1.05989	1.05983	1.05986	1.05989	1.0598	1.05971	1.05974	1.05978	1.05969	1.05961	1.05968	1.05975	1.05983	1.05992	1.06004	1.06016	1.06012	1.06008	1.05958	1.05909	1.05907	1.05905	1.05962	1.06019	1.06021	1.06022	1.06018	1.06013	1.06002	1.0599	1.05987	1.05984	1.05987	1.0599	1.05986	1.05983	1.0599	1.05997	1.05994	1.0599	1.05995	1.05999	1.05997	1.05994	1.05996	1.05998	1.05997	1.05996	1.05996	1.05995	1.05996	1.05997	1.05995	
1.0835	1.08349	1.0835	1.08351	1.08349	1.08347	1.08349	1.08351	1.08347	1.08344	1.08346	1.08348	1.08343	1.08337	1.0834	1.08342	1.08334	1.08326	1.0833	1.08333	1.08327	1.08322	1.08328	1.08334	1.08343	1.08353	1.08358	1.08363	1.08362	1.08361	1.08324	1.08286	1.08281	1.08276	1.08317	1.08359	1.08359	1.08358	1.08361	1.08364	1.08353	1.08341	1.08342	1.08342	1.08342	1.08342	1.0834	1.08339	1.08344	1.08349	1.08347	1.08344	1.08348	1.08353	1.0835	1.08348	1.0835	1.08352	1.08351	1.0835	1.0835	1.08351	1.08351	1.08351	1.0835	
1.10705	1.10704	1.10705	1.10706	1.10704	1.10701	1.10703	1.10705	1.10701	1.10697	1.107	1.10702	1.10696	1.1069	1.10693	1.10695	1.10688	1.10682	1.10685	1.10688	1.10685	1.10683	1.10688	1.10692	1.10703	1.10714	1.10712	1.10709	1.10712	1.10714	1.10689	1.10663	1.10655	1.10646	1.10672	1.10698	1.10696	1.10695	1.10705	1.10715	1.10704	1.10693	1.10696	1.107	1.10697	1.10694	1.10694	1.10695	1.10698	1.10702	1.107	1.10698	1.10702	1.10706	1.10704	1.10702	1.10705	1.10707	1.10706	1.10704	1.10705	1.10706	1.10706	1.10705	1.10705	
1.1306	1.13059	1.1306	1.13061	1.13059	1.13057	1.13058	1.13059	1.13056	1.13052	1.13054	1.13056	1.13051	1.13046	1.13048	1.1305	1.13045	1.1304	1.13043	1.13045	1.13045	1.13045	1.13048	1.13051	1.13062	1.13072	1.13068	1.13064	1.13065	1.13066	1.13047	1.13028	1.13018	1.13007	1.13028	1.13049	1.13047	1.13044	1.13056	1.13067	1.13057	1.13047	1.13052	1.13057	1.13053	1.13048	1.1305	1.13052	1.13054	1.13055	1.13055	1.13054	1.13057	1.1306	1.13059	1.13057	1.1306	1.13062	1.13061	1.13059	1.1306	1.13061	1.13061	1.1306	1.1306	
1.15415	1.15415	1.15415	1.15415	1.15414	1.15412	1.15413	1.15414	1.15411	1.15407	1.15409	1.1541	1.15406	1.15402	1.15403	1.15405	1.15402	1.15398	1.154	1.15402	1.15405	1.15407	1.15409	1.15411	1.1542	1.1543	1.15425	1.15419	1.15418	1.15417	1.15405	1.15393	1.15381	1.15368	1.15385	1.15401	1.15397	1.15394	1.15407	1.1542	1.1541	1.15401	1.15408	1.15414	1.15408	1.15402	1.15406	1.15409	1.15409	1.15409	1.15409	1.1541	1.15412	1.15414	1.15413	1.15412	1.15415	1.15417	1.15416	1.15414	1.15415	1.15416	1.15416	1.15415	1.15415	
1.1777	1.1777	1.1777	1.1777	1.17769	1.17767	1.17768	1.17769	1.17766	1.17763	1.17764	1.17765	1.17762	1.17758	1.17759	1.17761	1.17758	1.17756	1.17758	1.17759	1.17762	1.17766	1.17766	1.17767	1.17776	1.17784	1.17779	1.17774	1.17773	1.17772	1.17764	1.17756	1.17745	1.17734	1.17747	1.1776	1.17754	1.17748	1.1776	1.17773	1.17764	1.17755	1.17762	1.17769	1.17763	1.17757	1.17761	1.17765	1.17764	1.17763	1.17764	1.17765	1.17767	1.17768	1.17768	1.17768	1.1777	1.17771	1.1777	1.1777	1.17771	1.17772	1.17771	1.17771	1.1777	
1.20126	1.20125	1.20125	1.20125	1.20124	1.20122	1.20123	1.20124	1.20121	1.20118	1.20119	1.2012	1.20117	1.20114	1.20115	1.20116	1.20115	1.20114	1.20115	1.20116	1.2012	1.20124	1.20124	1.20124	1.20131	1.20138	1.20133	1.20128	1.20128	1.20127	1.20123	1.20119	1.20109	1.201	1.20109	1.20119	1.20111	1.20102	1.20114	1.20126	1.20117	1.20109	1.20116	1.20124	1.20118	1.20111	1.20116	1.20121	1.20119	1.20117	1.20119	1.20121	1.20122	1.20123	1.20123	1.20123	1.20124	1.20126	1.20125	1.20125	1.20126	1.20127	1.20126	1.20126	1.20126	
1.22481	1.22481	1.22481	1.22481	1.2248	1.22478	1.22479	1.22479	1.22477	1.22474	1.22475	1.22476	1.22474	1.22471	1.22472	1.22473	1.22473	1.22472	1.22473	1.22474	1.22478	1.22482	1.22481	1.22481	1.22487	1.22492	1.22488	1.22484	1.22482	1.22481	1.22478	1.22476	1.22468	1.22459	1.22468	1.22476	1.22468	1.2246	1.2247	1.22481	1.22473	1.22465	1.22473	1.2248	1.22474	1.22468	1.22472	1.22477	1.22475	1.22472	1.22475	1.22477	1.22477	1.22478	1.22478	1.22479	1.2248	1.22481	1.22481	1.22481	1.22481	1.22482	1.22482	1.22481	1.22481	
1.24837	1.24837	1.24837	1.24836	1.24835	1.24834	1.24834	1.24834	1.24833	1.24831	1.24831	1.24832	1.2483	1.24828	1.24829	1.24829	1.2483	1.2483	1.24831	1.24831	1.24835	1.24839	1.24838	1.24838	1.24842	1.24846	1.24843	1.2484	1.24837	1.24835	1.24834	1.24833	1.24826	1.24819	1.24826	1.24833	1.24825	1.24817	1.24827	1.24836	1.24829	1.24822	1.24829	1.24836	1.2483	1.24824	1.24829	1.24834	1.24831	1.24828	1.24831	1.24833	1.24833	1.24833	1.24834	1.24835	1.24836	1.24836	1.24836	1.24836	1.24837	1.24838	1.24837	1.24837	1.24837	
1.27192	1.27192	1.27192	1.27192	1.27191	1.2719	1.2719	1.2719	1.27189	1.27187	1.27187	1.27188	1.27186	1.27185	1.27186	1.27186	1.27187	1.27188	1.27188	1.27188	1.27192	1.27195	1.27195	1.27194	1.27197	1.27201	1.27198	1.27195	1.27193	1.27191	1.27191	1.27191	1.27185	1.27179	1.27185	1.27191	1.27184	1.27176	1.27184	1.27192	1.27186	1.27179	1.27185	1.27191	1.27186	1.2718	1.27185	1.2719	1.27187	1.27184	1.27187	1.27189	1.27189	1.27188	1.27189	1.27191	1.27191	1.27192	1.27192	1.27192	1.27192	1.27193	1.27193	1.27192	1.27192	
1.29548	1.29548	1.29548	1.29547	1.29547	1.29546	1.29546	1.29546	1.29544	1.29543	1.29543	1.29543	1.29543	1.29542	1.29542	1.29542	1.29544	1.29545	1.29545	1.29545	1.29548	1.29552	1.29551	1.2955	1.29553	1.29555	1.29553	1.29551	1.29549	1.29548	1.29548	1.29549	1.29544	1.2954	1.29544	1.29549	1.29542	1.29535	1.29542	1.29549	1.29542	1.29536	1.29542	1.29547	1.29542	1.29537	1.29541	1.29546	1.29543	1.2954	1.29543	1.29545	1.29544	1.29544	1.29545	1.29546	1.29547	1.29547	1.29547	1.29548	1.29548	1.29548	1.29548	1.29548	1.29548	
1.31904	1.31904	1.31903	1.31903	1.31903	1.31902	1.31902	1.31902	1.31901	1.319	1.319	1.319	1.31899	1.31899	1.31899	1.31899	1.31901	1.31902	1.31902	1.31902	1.31905	1.31907	1.31907	1.31906	1.31908	1.3191	1.31908	1.31907	1.31905	1.31903	1.31904	1.31905	1.31901	1.31897	1.31901	1.31905	1.31899	1.31893	1.31899	1.31905	1.31899	1.31894	1.31898	1.31903	1.31899	1.31894	1.31898	1.31902	1.31899	1.31896	1.31899	1.31902	1.31901	1.319	1.31901	1.31903	1.31903	1.31903	1.31903	1.31904	1.31904	1.31904	1.31904	1.31904	1.31904	
1.3426	1.34259	1.34259	1.34259	1.34259	1.34258	1.34258	1.34258	1.34257	1.34256	1.34256	1.34256	1.34256	1.34256	1.34256	1.34256	1.34257	1.34259	1.34259	1.34258	1.34261	1.34263	1.34263	1.34262	1.34263	1.34264	1.34263	1.34262	1.3426	1.34259	1.3426	1.3426	1.34257	1.34254	1.34257	1.34261	1.34256	1.34251	1.34256	1.3426	1.34256	1.34251	1.34255	1.34259	1.34255	1.34251	1.34255	1.34258	1.34256	1.34253	1.34255	1.34258	1.34257	1.34256	1.34257	1.34259	1.34259	1.34258	1.34259	1.34259	1.3426	1.3426	1.3426	1.3426	1.3426	
1.36615	1.36615	1.36615	1.36615	1.36615	1.36614	1.36614	1.36614	1.36613	1.36613	1.36613	1.36613	1.36613	1.36613	1.36613	1.36613	1.36614	1.36615	1.36615	1.36615	1.36617	1.36619	1.36618	1.36618	1.36619	1.36619	1.36619	1.36618	1.36617	1.36615	1.36616	1.36617	1.36614	1.36612	1.36614	1.36617	1.36613	1.36609	1.36613	1.36617	1.36613	1.36609	1.36612	1.36616	1.36612	1.36609	1.36611	1.36614	1.36612	1.3661	1.36612	1.36614	1.36613	1.36612	1.36613	1.36615	1.36614	1.36614	1.36615	1.36615	1.36615	1.36615	1.36615	1.36616	1.36615	
1.38971	1.38971	1.38971	1.38971	1.3897	1.3897	1.3897	1.3897	1.38969	1.38969	1.38969	1.38969	1.38969	1.38969	1.38969	1.38969	1.3897	1.38971	1.38971	1.38971	1.38973	1.38974	1.38974	1.38973	1.38974	1.38975	1.38974	1.38974	1.38973	1.38972	1.38972	1.38973	1.38971	1.38969	1.38971	1.38973	1.3897	1.38967	1.3897	1.38973	1.38969	1.38966	1.38969	1.38972	1.38969	1.38966	1.38968	1.38971	1.38968	1.38966	1.38968	1.3897	1.38969	1.38968	1.38969	1.38971	1.3897	1.3897	1.38971	1.38971	1.38971	1.38971	1.38971	1.38971	1.38971	
1.41327	1.41327	1.41327	1.41327	1.41327	1.41326	1.41326	1.41326	1.41326	1.41326	1.41326	1.41325	1.41326	1.41326	1.41326	1.41326	1.41327	1.41328	1.41327	1.41327	1.41328	1.4133	1.41329	1.41329	1.41329	1.4133	1.41329	1.41329	1.41328	1.41327	1.41328	1.41329	1.41327	1.41326	1.41327	1.41329	1.41326	1.41324	1.41326	1.41328	1.41326	1.41323	1.41325	1.41328	1.41325	1.41323	1.41325	1.41327	1.41325	1.41323	1.41325	1.41326	1.41326	1.41325	1.41326	1.41327	1.41327	1.41326	1.41327	1.41327	1.41327	1.41327	1.41327	1.41327	1.41327	
1.43683	1.43683	1.43683	1.43683	1.43683	1.43683	1.43683	1.43682	1.43682	1.43682	1.43682	1.43682	1.43682	1.43682	1.43682	1.43682	1.43683	1.43684	1.43684	1.43683	1.43684	1.43685	1.43685	1.43685	1.43685	1.43685	1.43685	1.43685	1.43684	1.43683	1.43684	1.43684	1.43683	1.43682	1.43683	1.43684	1.43682	1.43681	1.43682	1.43684	1.43682	1.4368	1.43682	1.43684	1.43682	1.4368	1.43682	1.43683	1.43682	1.4368	1.43682	1.43683	1.43682	1.43681	1.43682	1.43683	1.43683	1.43683	1.43683	1.43683	1.43683	1.43683	1.43683	1.43683	1.43683	
1.46039	1.46039	1.46039	1.46039	1.46039	1.46039	1.46039	1.46039	1.46039	1.46039	1.46038	1.46038	1.46039	1.46039	1.46039	1.46039	1.46039	1.4604	1.46039	1.46039	1.4604	1.46041	1.4604	1.4604	1.4604	1.4604	1.4604	1.4604	1.4604	1.46039	1.4604	1.4604	1.46039	1.46039	1.46039	1.4604	1.46039	1.46038	1.46039	1.4604	1.46039	1.46037	1.46038	1.46039	1.46038	1.46037	1.46038	1.46039	1.46038	1.46037	1.46038	1.46039	1.46038	1.46038	1.46039	1.46039	1.46039	1.46039	1.46039	1.46039	1.46039	1.46039	1.46039	1.46039	1.46039	
1.48395	1.48395	1.48395	1.48395	1.48395	1.48395	1.48395	1.48395	1.48395	1.48395	1.48395	1.48395	1.48395	1.48395	1.48395	1.48395	1.48395	1.48395	1.48395	1.48395	1.48396	1.48396	1.48396	1.48396	1.48396	1.48396	1.48396	1.48396	1.48396	1.48396	1.48396	1.48396	1.48396	1.48395	1.48396	1.48396	1.48395	1.48395	1.48395	1.48396	1.48395	1.48394	1.48395	1.48395	1.48395	1.48394	1.48395	1.48395	1.48395	1.48394	1.48395	1.48395	1.48395	1.48395	1.48395	1.48395	1.48395	1.48395	1.48395	1.48395	1.48395	1.48395	1.48395	1.48395	1.48395	
1.50751	1.50751	1.50751	1.50751	1.50751	1.50751	1.50751	1.50751	1.50751	1.50751	1.50751	1.50751	1.50751	1.50751	1.50751	1.50751	1.50751	1.50751	1.50751	1.50751	1.50751	1.50751	1.50751	1.50751	1.50751	1.50751	1.50751	1.50751	1.50751	1.50751	1.50751	1.50751	1.50751	1.50751	1.50751	1.50751	1.50751	1.50751	1.50751	1.50751	1.50751	1.50751	1.50751	1.50751	1.50751	1.50751	1.50751	1.50751	1.50751	1.50751	1.50751	1.50751	1.50751	1.50751	1.50751	1.50751	1.50751	1.50751	1.50751	1.50751	1.50751	1.50751	1.50751	1.50751	1.50751	
