x=125	y=200	z=200	n=65	len=1
b
0	0	0	0	0	0	0	0	0	0	0	0	0	0	0	0	0	0	0	0	0	0	0	0	0	0	0	0	0	0	0	0	0	0	0	0	0	0	0	0	0	0	0	0	0	0	0	0	0	0	0	0	0	0	0	0	0	0	0	0	0	0	0	0	0	
0.0235535	0.0235559	0.023554	0.023552	0.0235586	0.0235651	0.0235631	0.023561	0.0235708	0.0235806	0.0235774	0.0235743	0.0235847	0.0235951	0.0235897	0.0235842	0.0235911	0.023598	0.0235905	0.023583	0.0235834	0.0235837	0.0235786	0.0235735	0.0235695	0.0235655	0.0235688	0.0235722	0.0235677	0.0235632	0.0235697	0.0235761	0.0235728	0.0235695	0.0235684	0.0235673	0.0235623	0.0235573	0.0235594	0.0235614	0.0235635	0.0235655	0.0235735	0.0235815	0.0235844	0.0235872	0.0235922	0.0235972	0.0235952	0.0235933	0.0235927	0.023592	0.023587	0.023582	0.0235785	0.023575	0.0235706	0.0235661	0.0235627	0.0235592	0.0235577	0.0235562	0.0235536	0.0235511	0.0235535	
0.0471077	0.0471128	0.0471086	0.0471045	0.0471177	0.0471309	0.0471265	0.0471221	0.0471418	0.0471615	0.047155	0.0471485	0.0471696	0.0471907	0.0471799	0.0471691	0.0471831	0.0471972	0.0471822	0.0471672	0.0471677	0.0471682	0.0471572	0.0471461	0.0471375	0.0471289	0.0471342	0.0471396	0.0471309	0.0471222	0.0471341	0.0471459	0.0471412	0.0471364	0.0471316	0.0471269	0.0471199	0.0471129	0.0471165	0.0471202	0.0471273	0.0471345	0.0471502	0.0471659	0.0471726	0.0471792	0.0471882	0.0471971	0.0471931	0.0471892	0.047187	0.0471847	0.0471747	0.0471647	0.0471573	0.0471499	0.0471413	0.0471327	0.0471256	0.0471185	0.0471158	0.0471132	0.0471079	0.0471026	0.0471077	
0.0706619	0.0706697	0.0706633	0.0706569	0.0706768	0.0706966	0.0706899	0.0706832	0.0707128	0.0707423	0.0707326	0.0707228	0.0707546	0.0707863	0.0707702	0.070754	0.0707752	0.0707963	0.0707738	0.0707513	0.070752	0.0707527	0.0707357	0.0707187	0.0707055	0.0706923	0.0706996	0.0707069	0.0706941	0.0706812	0.0706985	0.0707158	0.0707095	0.0707033	0.0706949	0.0706865	0.0706774	0.0706684	0.0706737	0.0706789	0.0706912	0.0707035	0.0707269	0.0707502	0.0707608	0.0707713	0.0707841	0.070797	0.070791	0.0707851	0.0707813	0.0707774	0.0707624	0.0707474	0.0707361	0.0707249	0.0707121	0.0706993	0.0706886	0.0706778	0.070674	0.0706702	0.0706622	0.0706541	0.0706619	
0.0942129	0.0942229	0.0942148	0.0942066	0.0942324	0.0942582	0.0942492	0.0942401	0.0942793	0.0943185	0.0943053	0.0942921	0.0943357	0.0943793	0.0943576	0.0943359	0.094367	0.0943982	0.0943673	0.0943364	0.0943403	0.0943442	0.094319	0.0942939	0.0942777	0.0942615	0.09427	0.0942784	0.0942621	0.0942458	0.0942715	0.0942973	0.0942869	0.0942766	0.0942626	0.0942486	0.0942349	0.0942213	0.0942312	0.094241	0.0942583	0.0942756	0.0943085	0.0943414	0.0943535	0.0943656	0.0943817	0.0943977	0.0943872	0.0943767	0.0943708	0.094365	0.0943437	0.0943223	0.094308	0.0942936	0.0942764	0.0942591	0.094246	0.0942328	0.0942277	0.0942226	0.0942128	0.094203	0.0942129	
0.117764	0.117776	0.117766	0.117756	0.117788	0.11782	0.117808	0.117797	0.117846	0.117895	0.117878	0.117861	0.117917	0.117972	0.117945	0.117918	0.117959	0.118	0.117961	0.117921	0.117929	0.117936	0.117902	0.117869	0.11785	0.117831	0.11784	0.11785	0.11783	0.11781	0.117845	0.117879	0.117864	0.11785	0.11783	0.117811	0.117792	0.117774	0.117789	0.117803	0.117825	0.117848	0.11789	0.117933	0.117946	0.11796	0.117979	0.117999	0.117983	0.117968	0.11796	0.117953	0.117925	0.117897	0.11788	0.117862	0.117841	0.117819	0.117803	0.117788	0.117781	0.117775	0.117763	0.117752	0.117764	
0.141314	0.141328	0.141317	0.141306	0.141342	0.141379	0.141365	0.141351	0.141409	0.141466	0.141446	0.141425	0.141493	0.141562	0.141529	0.141496	0.14155	0.141605	0.141557	0.141508	0.141522	0.141535	0.14149	0.141445	0.141422	0.1414	0.141405	0.14141	0.141389	0.141368	0.14141	0.141452	0.141436	0.141419	0.141384	0.14135	0.141335	0.141319	0.141342	0.141364	0.141398	0.141432	0.141485	0.141537	0.14155	0.141564	0.141583	0.141603	0.14158	0.141557	0.141546	0.141534	0.141499	0.141465	0.141445	0.141425	0.141399	0.141373	0.141357	0.14134	0.141333	0.141325	0.141313	0.141301	0.141314	
0.164865	0.164881	0.164868	0.164855	0.164896	0.164938	0.164921	0.164905	0.164971	0.165038	0.165013	0.164989	0.16507	0.165151	0.165113	0.165075	0.165142	0.165209	0.165152	0.165095	0.165115	0.165134	0.165077	0.16502	0.164995	0.164969	0.16497	0.164971	0.164948	0.164925	0.164976	0.165026	0.165007	0.164988	0.164939	0.164889	0.164877	0.164864	0.164895	0.164925	0.164971	0.165017	0.165079	0.165141	0.165155	0.165169	0.165188	0.165207	0.165176	0.165146	0.165131	0.165116	0.165074	0.165032	0.165009	0.164987	0.164957	0.164927	0.16491	0.164892	0.164884	0.164876	0.164862	0.164849	0.164865	
0.188413	0.188429	0.188416	0.188402	0.188446	0.188491	0.188471	0.188452	0.188525	0.188599	0.18857	0.188542	0.188636	0.188729	0.188686	0.188642	0.188727	0.188812	0.188746	0.188679	0.188712	0.188744	0.188671	0.188597	0.188573	0.188548	0.18854	0.188531	0.188514	0.188496	0.188563	0.188629	0.188601	0.188573	0.188499	0.188426	0.188417	0.188407	0.188454	0.188501	0.188559	0.188617	0.188688	0.188759	0.188766	0.188773	0.188789	0.188804	0.188761	0.188719	0.1887	0.188681	0.188632	0.188582	0.188559	0.188537	0.188504	0.188471	0.188455	0.188439	0.18843	0.188421	0.188409	0.188397	0.188413	
0.211961	0.211978	0.211964	0.21195	0.211996	0.212043	0.212021	0.212	0.21208	0.212159	0.212127	0.212095	0.212201	0.212308	0.212258	0.212209	0.212312	0.212415	0.212339	0.212263	0.212309	0.212355	0.212265	0.212174	0.212151	0.212127	0.212109	0.212092	0.21208	0.212068	0.21215	0.212232	0.212195	0.212157	0.21206	0.211962	0.211956	0.211951	0.212013	0.212076	0.212147	0.212217	0.212297	0.212377	0.212378	0.212378	0.21239	0.212401	0.212347	0.212292	0.212269	0.212247	0.212189	0.212132	0.212109	0.212087	0.212051	0.212014	0.212	0.211986	0.211976	0.211966	0.211955	0.211944	0.211961	
0.235512	0.235529	0.235514	0.2355	0.235547	0.235594	0.235569	0.235544	0.235628	0.235711	0.235674	0.235637	0.235755	0.235872	0.235817	0.235763	0.235887	0.236011	0.235927	0.235842	0.235909	0.235976	0.235866	0.235755	0.235731	0.235706	0.235664	0.235621	0.235619	0.235616	0.235715	0.235815	0.235771	0.235727	0.235582	0.235437	0.235462	0.235487	0.235579	0.23567	0.235758	0.235846	0.23593	0.236014	0.235997	0.235981	0.235983	0.235985	0.235914	0.235844	0.235818	0.235793	0.235729	0.235665	0.235646	0.235627	0.235589	0.235552	0.235542	0.235532	0.235523	0.235513	0.235504	0.235496	0.235512	
0.259063	0.25908	0.259065	0.25905	0.259097	0.259144	0.259117	0.259089	0.259176	0.259262	0.259221	0.259179	0.259308	0.259436	0.259376	0.259316	0.259462	0.259608	0.259514	0.259421	0.259509	0.259598	0.259467	0.259336	0.259311	0.259286	0.259218	0.259151	0.259158	0.259165	0.259281	0.259397	0.259347	0.259297	0.259104	0.258912	0.258967	0.259023	0.259144	0.259265	0.25937	0.259476	0.259563	0.25965	0.259617	0.259583	0.259576	0.259568	0.259482	0.259395	0.259367	0.259338	0.259268	0.259198	0.259182	0.259166	0.259128	0.25909	0.259084	0.259078	0.259069	0.259059	0.259053	0.259047	0.259063	
0.282617	0.282632	0.282618	0.282604	0.282647	0.28269	0.282661	0.282632	0.282715	0.282798	0.282753	0.282708	0.282841	0.282974	0.28291	0.282845	0.283012	0.28318	0.283079	0.282979	0.283101	0.283223	0.283068	0.282912	0.282893	0.282873	0.282765	0.282656	0.282689	0.282722	0.282892	0.283061	0.282994	0.282927	0.282664	0.282401	0.282492	0.282584	0.282745	0.282906	0.283015	0.283124	0.283201	0.283278	0.283214	0.283151	0.28313	0.283109	0.283008	0.282907	0.28288	0.282853	0.282782	0.282711	0.282702	0.282694	0.282658	0.282623	0.282624	0.282625	0.282616	0.282608	0.282605	0.282603	0.282617	
0.306172	0.306184	0.306171	0.306158	0.306197	0.306235	0.306205	0.306174	0.306254	0.306334	0.306285	0.306236	0.306374	0.306512	0.306443	0.306373	0.306562	0.306751	0.306644	0.306537	0.306693	0.306849	0.306669	0.306489	0.306475	0.306461	0.306311	0.306161	0.306221	0.30628	0.306503	0.306725	0.306642	0.306558	0.306224	0.30589	0.306017	0.306144	0.306346	0.306547	0.30666	0.306772	0.306839	0.306906	0.306812	0.306718	0.306685	0.306651	0.306534	0.306418	0.306393	0.306368	0.306296	0.306223	0.306223	0.306222	0.306189	0.306156	0.306164	0.306172	0.306164	0.306156	0.306158	0.306159	0.306172	
0.329734	0.329744	0.329732	0.329721	0.329752	0.329783	0.329752	0.329721	0.329791	0.32986	0.329809	0.329758	0.329891	0.330025	0.329951	0.329878	0.330084	0.330289	0.330179	0.33007	0.330274	0.330477	0.330283	0.330089	0.330086	0.330083	0.329846	0.32961	0.329647	0.329684	0.329963	0.330243	0.330173	0.330104	0.329674	0.329243	0.329475	0.329708	0.329981	0.330254	0.330342	0.330429	0.330467	0.330505	0.330364	0.330223	0.33018	0.330137	0.330012	0.329887	0.329873	0.329858	0.329792	0.329726	0.329737	0.329748	0.329722	0.329696	0.329711	0.329725	0.32972	0.329715	0.32972	0.329724	0.329734	
0.353297	0.353304	0.353294	0.353284	0.353307	0.35333	0.353299	0.353268	0.353328	0.353387	0.353334	0.35328	0.353408	0.353537	0.35346	0.353384	0.353605	0.353826	0.353715	0.353603	0.353854	0.354105	0.353897	0.353689	0.353697	0.353705	0.353381	0.353058	0.353073	0.353087	0.353424	0.353761	0.353705	0.353649	0.353123	0.352597	0.352934	0.353271	0.353616	0.353961	0.354024	0.354086	0.354095	0.354105	0.353916	0.353728	0.353676	0.353624	0.35349	0.353357	0.353352	0.353347	0.353288	0.35323	0.353252	0.353274	0.353255	0.353236	0.353257	0.353279	0.353276	0.353273	0.353281	0.35329	0.353297	
0.376865	0.376868	0.376861	0.376854	0.376865	0.376876	0.37685	0.376823	0.376863	0.376902	0.376853	0.376803	0.376908	0.377014	0.376939	0.376864	0.377081	0.377297	0.377189	0.377082	0.377383	0.377684	0.377478	0.377272	0.377344	0.377416	0.376965	0.376514	0.376455	0.376396	0.376751	0.377107	0.377042	0.376978	0.376517	0.376056	0.376492	0.376928	0.377315	0.377702	0.377674	0.377645	0.377606	0.377567	0.377346	0.377124	0.377079	0.377034	0.376914	0.376795	0.376809	0.376823	0.376782	0.376742	0.376775	0.376808	0.3768	0.376791	0.376817	0.376842	0.376842	0.376842	0.376852	0.376863	0.376865	
0.400434	0.400432	0.400428	0.400424	0.400423	0.400423	0.400401	0.400378	0.400398	0.400418	0.400372	0.400326	0.400409	0.400491	0.400418	0.400345	0.400556	0.400767	0.400664	0.40056	0.400911	0.401262	0.401059	0.400855	0.400992	0.401128	0.400549	0.399969	0.399837	0.399704	0.400079	0.400453	0.40038	0.400306	0.399911	0.399516	0.40005	0.400584	0.401014	0.401443	0.401324	0.401205	0.401117	0.40103	0.400775	0.40052	0.400482	0.400443	0.400338	0.400232	0.400266	0.400299	0.400276	0.400254	0.400298	0.400342	0.400344	0.400346	0.400376	0.400406	0.400408	0.400411	0.400423	0.400435	0.400434	
0.424007	0.424002	0.424001	0.424	0.423987	0.423974	0.42396	0.423946	0.423941	0.423936	0.423901	0.423866	0.42391	0.423954	0.42389	0.423826	0.424	0.424173	0.42408	0.423987	0.424365	0.424743	0.424589	0.424435	0.424784	0.425132	0.424661	0.42419	0.423742	0.423294	0.422723	0.422152	0.421852	0.421552	0.422189	0.422826	0.42378	0.424734	0.425051	0.425369	0.424972	0.424574	0.424455	0.424335	0.42408	0.423825	0.423823	0.42382	0.423753	0.423687	0.423741	0.423795	0.423799	0.423802	0.423849	0.423896	0.423911	0.423926	0.423952	0.423978	0.423985	0.423992	0.424002	0.424012	0.424007	
0.44758	0.447572	0.447574	0.447576	0.44755	0.447525	0.447519	0.447514	0.447484	0.447453	0.44743	0.447406	0.447411	0.447416	0.447361	0.447307	0.447443	0.447579	0.447497	0.447414	0.447819	0.448224	0.44812	0.448016	0.448575	0.449135	0.448773	0.44841	0.447647	0.446883	0.445367	0.44385	0.443324	0.442799	0.444467	0.446136	0.447509	0.448883	0.449089	0.449295	0.448619	0.447944	0.447792	0.44764	0.447385	0.44713	0.447164	0.447197	0.447169	0.447141	0.447216	0.447292	0.447321	0.447351	0.447401	0.447451	0.447478	0.447506	0.447528	0.44755	0.447562	0.447573	0.44758	0.447588	0.44758	
0.471147	0.471137	0.471142	0.471147	0.471111	0.471075	0.471082	0.471089	0.471033	0.470976	0.470974	0.470972	0.470924	0.470876	0.470847	0.470819	0.470868	0.470918	0.470858	0.470798	0.471125	0.471453	0.471402	0.471352	0.472069	0.472786	0.472593	0.472401	0.471692	0.470983	0.469382	0.467781	0.467139	0.466498	0.46864	0.470782	0.471698	0.472614	0.472524	0.472435	0.471718	0.471001	0.470886	0.470772	0.470625	0.470477	0.470554	0.47063	0.470663	0.470696	0.470772	0.470847	0.470904	0.47096	0.470994	0.471029	0.471068	0.471107	0.471115	0.471124	0.471139	0.471154	0.471156	0.471157	0.471147	
0.494714	0.494702	0.49471	0.494719	0.494671	0.494624	0.494645	0.494665	0.494581	0.494498	0.494518	0.494539	0.494437	0.494336	0.494333	0.494331	0.494294	0.494256	0.494219	0.494182	0.494432	0.494682	0.494685	0.494689	0.495563	0.496437	0.496414	0.496391	0.495737	0.495082	0.493397	0.491711	0.490954	0.490197	0.492812	0.495428	0.495886	0.496345	0.49596	0.495575	0.494816	0.494057	0.493981	0.493904	0.493864	0.493824	0.493943	0.494063	0.494157	0.494251	0.494327	0.494403	0.494486	0.494568	0.494587	0.494607	0.494657	0.494707	0.494702	0.494697	0.494716	0.494735	0.494731	0.494727	0.494714	
0.518267	0.518257	0.518266	0.518275	0.518225	0.518174	0.518206	0.518238	0.518139	0.51804	0.518085	0.518129	0.517985	0.51784	0.517874	0.517907	0.517768	0.517629	0.517625	0.517622	0.517682	0.517742	0.517743	0.517744	0.518411	0.519078	0.51922	0.519362	0.519453	0.519543	0.519888	0.520233	0.519512	0.518791	0.519704	0.520616	0.519822	0.519028	0.518525	0.518021	0.51758	0.517138	0.517186	0.517233	0.517332	0.517431	0.517546	0.517662	0.517804	0.517945	0.517981	0.518017	0.518118	0.518218	0.518203	0.518187	0.518247	0.518306	0.51828	0.518255	0.518279	0.518304	0.518291	0.518278	0.518267	
0.54182	0.541811	0.541822	0.541832	0.541778	0.541723	0.541767	0.54181	0.541696	0.541582	0.541651	0.541719	0.541532	0.541344	0.541414	0.541484	0.541243	0.541002	0.541032	0.541061	0.540932	0.540802	0.540801	0.5408	0.54126	0.541719	0.542026	0.542332	0.543168	0.544004	0.546379	0.548755	0.54807	0.547386	0.546596	0.545805	0.543759	0.541712	0.54109	0.540468	0.540343	0.540219	0.54039	0.540561	0.540799	0.541037	0.541149	0.54126	0.54145	0.54164	0.541636	0.541631	0.54175	0.541868	0.541818	0.541768	0.541837	0.541905	0.541859	0.541812	0.541842	0.541872	0.54185	0.541828	0.54182	
0.565351	0.565348	0.565357	0.565365	0.565316	0.565267	0.565315	0.565362	0.565251	0.565139	0.565224	0.565309	0.565111	0.564913	0.565019	0.565126	0.564829	0.564532	0.56462	0.564709	0.564398	0.564086	0.564141	0.564195	0.564218	0.564241	0.564625	0.56501	0.565088	0.565166	0.566423	0.56768	0.567348	0.567017	0.566884	0.566752	0.565623	0.564494	0.564103	0.563712	0.563974	0.564236	0.564346	0.564456	0.56474	0.565023	0.565025	0.565026	0.565218	0.565409	0.565331	0.565252	0.565373	0.565493	0.565407	0.565321	0.565393	0.565466	0.565404	0.565342	0.565376	0.565411	0.565383	0.565355	0.565351	
0.588883	0.588884	0.588891	0.588899	0.588855	0.588811	0.588863	0.588915	0.588806	0.588697	0.588797	0.588898	0.58869	0.588481	0.588624	0.588768	0.588414	0.588061	0.588209	0.588357	0.587864	0.587371	0.58748	0.587589	0.587176	0.586763	0.587225	0.587687	0.587007	0.586653	0.586051	0.586288	0.587324	0.587138	0.587493	0.587698	0.587487	0.587275	0.587116	0.586957	0.587605	0.588253	0.588302	0.58835	0.58868	0.58901	0.588901	0.588792	0.588985	0.589179	0.589026	0.588873	0.588996	0.589118	0.588996	0.588873	0.58895	0.589027	0.588949	0.588871	0.588911	0.58895	0.588915	0.588881	0.588883	
0.6124	0.612409	0.612411	0.612412	0.612384	0.612355	0.612395	0.612436	0.612354	0.612273	0.612358	0.612443	0.61228	0.612117	0.612249	0.61238	0.612088	0.611795	0.611948	0.612101	0.611632	0.611164	0.611282	0.6114	0.610828	0.610255	0.610232	0.610209	0.610311	0.610253	0.609058	0.605183	0.601966	0.603221	0.608852	0.611137	0.610779	0.610422	0.610613	0.610805	0.611567	0.61233	0.612218	0.612106	0.612431	0.612756	0.612553	0.61235	0.612542	0.612734	0.612553	0.612373	0.612496	0.612619	0.612494	0.61237	0.612448	0.612526	0.61245	0.612375	0.612418	0.61246	0.612425	0.61239	0.6124	
0.635917	0.635935	0.63593	0.635926	0.635913	0.6359	0.635928	0.635956	0.635903	0.63585	0.635919	0.635988	0.635871	0.635753	0.635873	0.635992	0.635761	0.63553	0.635687	0.635844	0.635401	0.634957	0.635084	0.635211	0.634479	0.633747	0.633239	0.632732	0.633616	0.633834	0.634233	0.63004	0.613462	0.624962	0.634589	0.633887	0.633733	0.633568	0.63411	0.634653	0.63553	0.636406	0.636134	0.635862	0.636182	0.636503	0.636205	0.635908	0.636099	0.636289	0.636081	0.635872	0.635996	0.63612	0.635993	0.635866	0.635945	0.636024	0.635951	0.635879	0.635925	0.635971	0.635935	0.635899	0.635917	
0.659439	0.659462	0.659451	0.659439	0.659446	0.659452	0.659458	0.659463	0.65945	0.659438	0.659464	0.65949	0.659449	0.659408	0.659459	0.659511	0.659419	0.659327	0.659401	0.659476	0.65927	0.659065	0.659135	0.659204	0.65875	0.658297	0.658125	0.657952	0.658	0.656873	0.663363	0.680703	0.688715	0.680576	0.664708	0.654636	0.656514	0.657575	0.658125	0.658674	0.659016	0.659359	0.659259	0.659159	0.659369	0.659579	0.659424	0.65927	0.659411	0.659553	0.659436	0.659319	0.659415	0.659512	0.659435	0.659358	0.659422	0.659487	0.659438	0.65939	0.659431	0.659472	0.659444	0.659416	0.659439	
0.682961	0.68299	0.682972	0.682953	0.682979	0.683005	0.682988	0.68297	0.682998	0.683026	0.683008	0.682991	0.683027	0.683062	0.683046	0.683029	0.683077	0.683125	0.683116	0.683107	0.68314	0.683173	0.683185	0.683197	0.683022	0.682847	0.68301	0.683173	0.682383	0.680403	0.687863	0.717008	0.72833	0.712388	0.684053	0.678036	0.681346	0.681582	0.682139	0.682695	0.682503	0.682311	0.682384	0.682456	0.682556	0.682655	0.682643	0.682631	0.682724	0.682818	0.682791	0.682765	0.682834	0.682904	0.682877	0.682851	0.6829	0.682949	0.682926	0.682902	0.682938	0.682974	0.682953	0.682933	0.682961	
0.706512	0.70654	0.706517	0.706494	0.706537	0.706579	0.706541	0.706504	0.706569	0.706635	0.706578	0.706522	0.706627	0.706732	0.706653	0.706574	0.706744	0.706914	0.706823	0.706732	0.70699	0.707247	0.707195	0.707143	0.707426	0.707709	0.708041	0.708372	0.708077	0.707502	0.712047	0.721034	0.733926	0.725321	0.706904	0.706811	0.708927	0.708673	0.708065	0.707457	0.706808	0.706158	0.706273	0.706389	0.706245	0.7061	0.706221	0.706342	0.706299	0.706257	0.706323	0.706389	0.706385	0.706381	0.706408	0.706435	0.706446	0.706457	0.706461	0.706465	0.706485	0.706504	0.706494	0.706483	0.706512	
0.730062	0.73009	0.730063	0.730036	0.730094	0.730152	0.730095	0.730038	0.730141	0.730244	0.730149	0.730053	0.730228	0.730403	0.73026	0.730118	0.730411	0.730703	0.730531	0.730358	0.730839	0.73132	0.731205	0.73109	0.73183	0.732571	0.733071	0.733572	0.73377	0.733984	0.736947	0.743448	0.744703	0.736186	0.731999	0.734926	0.735149	0.735764	0.733992	0.73222	0.731112	0.730005	0.730163	0.730321	0.729933	0.729545	0.729799	0.730053	0.729875	0.729696	0.729855	0.730013	0.729936	0.729859	0.729939	0.730019	0.729992	0.729965	0.729997	0.730029	0.730031	0.730034	0.730034	0.730034	0.730062	
0.753646	0.753668	0.753643	0.753617	0.753682	0.753747	0.753688	0.753628	0.753749	0.75387	0.753772	0.753674	0.753875	0.754077	0.753942	0.753806	0.754121	0.754435	0.754292	0.75415	0.754602	0.755055	0.754971	0.754887	0.755537	0.756187	0.755917	0.755648	0.754665	0.753806	0.752897	0.753944	0.751523	0.749313	0.753012	0.755913	0.756577	0.756611	0.756492	0.756374	0.755423	0.754471	0.754528	0.754585	0.754109	0.753633	0.753832	0.75403	0.753753	0.753475	0.753633	0.753791	0.753645	0.753499	0.753594	0.753689	0.753621	0.753553	0.753599	0.753644	0.753626	0.753608	0.753616	0.753623	0.753646	
0.777229	0.777246	0.777222	0.777199	0.77727	0.777342	0.77728	0.777218	0.777357	0.777496	0.777395	0.777294	0.777523	0.777752	0.777623	0.777494	0.777831	0.778167	0.778054	0.777941	0.778366	0.778791	0.778737	0.778684	0.779243	0.779802	0.778763	0.777724	0.77556	0.772833	0.769345	0.769152	0.769387	0.77066	0.773561	0.774942	0.776574	0.777457	0.778993	0.780528	0.779733	0.778938	0.778893	0.778848	0.778285	0.777721	0.777864	0.778008	0.777631	0.777254	0.777412	0.777569	0.777354	0.777139	0.777249	0.777359	0.77725	0.777142	0.7772	0.777259	0.77722	0.777182	0.777198	0.777213	0.777229	
0.800827	0.800834	0.800818	0.800802	0.800866	0.800929	0.80088	0.800831	0.800957	0.801083	0.801006	0.80093	0.801124	0.801317	0.801233	0.801148	0.801389	0.801629	0.801578	0.801527	0.801696	0.801866	0.80184	0.801816	0.801602	0.801389	0.800521	0.799654	0.798547	0.796585	0.794857	0.795083	0.796698	0.798064	0.798423	0.798157	0.798932	0.799703	0.801011	0.802319	0.80227	0.802222	0.802254	0.802287	0.801904	0.80152	0.801615	0.801709	0.801367	0.801026	0.801149	0.801272	0.801048	0.800823	0.800921	0.801019	0.800894	0.800768	0.800826	0.800885	0.800832	0.80078	0.8008	0.80082	0.800827	
0.824424	0.824421	0.824413	0.824405	0.824461	0.824517	0.82448	0.824444	0.824557	0.82467	0.824618	0.824566	0.824724	0.824883	0.824843	0.824803	0.824947	0.82509	0.825102	0.825113	0.825027	0.82494	0.824944	0.824947	0.823961	0.822976	0.82228	0.821584	0.821534	0.821484	0.823669	0.825855	0.826008	0.826161	0.82446	0.822758	0.822353	0.821949	0.823029	0.824109	0.824807	0.825505	0.825616	0.825726	0.825523	0.82532	0.825365	0.82541	0.825103	0.824797	0.824886	0.824975	0.824741	0.824507	0.824593	0.824679	0.824537	0.824395	0.824452	0.82451	0.824444	0.824378	0.824403	0.824427	0.824424	
0.848012	0.848	0.848001	0.848002	0.84804	0.848078	0.848059	0.84804	0.848118	0.848196	0.848171	0.848147	0.848236	0.848326	0.848319	0.848313	0.848329	0.848345	0.848377	0.848408	0.848137	0.847865	0.847858	0.847851	0.846829	0.845808	0.845651	0.845494	0.846085	0.846676	0.848958	0.85124	0.850688	0.850135	0.848946	0.847758	0.847144	0.84653	0.846639	0.846748	0.847515	0.848281	0.848437	0.848593	0.848617	0.848641	0.848683	0.848724	0.848541	0.848358	0.848423	0.848489	0.848305	0.84812	0.848189	0.848258	0.84813	0.848002	0.848054	0.848105	0.848038	0.847971	0.847998	0.848024	0.848012	
0.8716	0.871579	0.871589	0.871599	0.871619	0.871639	0.871638	0.871637	0.87168	0.871723	0.871725	0.871728	0.871748	0.871768	0.871796	0.871823	0.871712	0.8716	0.871652	0.871704	0.871247	0.870789	0.870772	0.870755	0.869698	0.86864	0.869022	0.869405	0.870636	0.871868	0.874247	0.876626	0.875367	0.874108	0.873433	0.872758	0.871935	0.871111	0.87025	0.869388	0.870222	0.871056	0.871258	0.87146	0.871711	0.871963	0.872001	0.872039	0.871979	0.871919	0.871961	0.872003	0.871868	0.871733	0.871786	0.871838	0.871724	0.87161	0.871655	0.8717	0.871632	0.871564	0.871592	0.871621	0.8716	
0.89516	0.895132	0.895151	0.89517	0.895167	0.895165	0.895179	0.895194	0.895195	0.895196	0.89522	0.895243	0.895198	0.895152	0.8952	0.895248	0.895058	0.894868	0.894936	0.895005	0.894542	0.89408	0.894134	0.894188	0.893532	0.892875	0.893364	0.893853	0.894845	0.895838	0.897593	0.899347	0.898188	0.897028	0.896654	0.896281	0.895609	0.894938	0.894116	0.893295	0.89386	0.894425	0.894501	0.894578	0.894899	0.895219	0.895239	0.895259	0.895301	0.895344	0.89537	0.895396	0.895327	0.895258	0.895297	0.895336	0.895253	0.89517	0.895209	0.895248	0.895188	0.895129	0.895158	0.895187	0.89516	
0.91872	0.918685	0.918712	0.91874	0.918715	0.91869	0.91872	0.918751	0.91871	0.91867	0.918714	0.918759	0.918647	0.918535	0.918604	0.918672	0.918404	0.918135	0.918221	0.918306	0.917838	0.91737	0.917495	0.91762	0.917365	0.91711	0.917706	0.918302	0.919055	0.919807	0.920938	0.922069	0.921008	0.919948	0.919876	0.919804	0.919284	0.918764	0.917983	0.917201	0.917497	0.917794	0.917745	0.917696	0.918086	0.918475	0.918477	0.918478	0.918623	0.918769	0.918779	0.918789	0.918786	0.918783	0.918809	0.918835	0.918783	0.918731	0.918763	0.918795	0.918744	0.918694	0.918724	0.918754	0.91872	
0.942254	0.942216	0.942248	0.942281	0.942239	0.942198	0.942237	0.942275	0.942207	0.942138	0.942191	0.942244	0.942102	0.941961	0.942034	0.942106	0.94184	0.941573	0.941665	0.941758	0.941396	0.941035	0.941196	0.941358	0.941336	0.941315	0.941854	0.942394	0.942859	0.943324	0.944078	0.944832	0.943991	0.943149	0.943194	0.943239	0.942889	0.942539	0.941908	0.941278	0.941374	0.94147	0.941346	0.941223	0.941551	0.94188	0.941857	0.941833	0.942009	0.942185	0.942184	0.942183	0.942224	0.942264	0.942281	0.942298	0.942276	0.942254	0.942281	0.942308	0.94227	0.942231	0.942261	0.942292	0.942254	
0.965788	0.965747	0.965785	0.965822	0.965764	0.965706	0.965753	0.9658	0.965703	0.965606	0.965667	0.965728	0.965557	0.965387	0.965463	0.96554	0.965276	0.965012	0.96511	0.965209	0.964955	0.9647	0.964897	0.965095	0.965307	0.965519	0.966003	0.966486	0.966663	0.966841	0.967219	0.967596	0.966973	0.966349	0.966512	0.966675	0.966494	0.966313	0.965834	0.965354	0.96525	0.965146	0.964948	0.964749	0.965017	0.965285	0.965237	0.965189	0.965395	0.965601	0.965589	0.965577	0.965661	0.965746	0.965754	0.965762	0.96577	0.965778	0.965799	0.965821	0.965795	0.965769	0.965799	0.965829	0.965788	
0.989306	0.989264	0.989304	0.989344	0.989277	0.98921	0.989261	0.989312	0.989204	0.989096	0.989161	0.989226	0.989057	0.988887	0.988968	0.989048	0.988825	0.988603	0.98871	0.988817	0.988663	0.98851	0.988711	0.988911	0.989145	0.989379	0.989778	0.990177	0.99026	0.990342	0.990508	0.990675	0.990256	0.989836	0.990018	0.990199	0.990052	0.989905	0.98955	0.989195	0.989045	0.988894	0.988691	0.988488	0.98867	0.988853	0.988784	0.988715	0.9889	0.989086	0.989062	0.989039	0.989136	0.989233	0.989234	0.989236	0.98926	0.989285	0.989303	0.989321	0.989304	0.989287	0.989317	0.989347	0.989306	
1.01282	1.01278	1.01282	1.01287	1.01279	1.01271	1.01277	1.01282	1.01271	1.01259	1.01265	1.01272	1.01256	1.01239	1.01247	1.01256	1.01238	1.01219	1.01231	1.01242	1.01237	1.01232	1.01252	1.01273	1.01298	1.01324	1.01355	1.01387	1.01386	1.01384	1.0138	1.01375	1.01354	1.01332	1.01352	1.01372	1.01361	1.0135	1.01327	1.01304	1.01284	1.01264	1.01243	1.01223	1.01232	1.01242	1.01233	1.01224	1.01241	1.01257	1.01254	1.0125	1.01261	1.01272	1.01271	1.01271	1.01275	1.01279	1.01281	1.01282	1.01281	1.01281	1.01284	1.01287	1.01282	
1.03634	1.0363	1.03634	1.03638	1.03631	1.03623	1.03629	1.03634	1.03623	1.03611	1.03618	1.03625	1.0361	1.03596	1.03604	1.03612	1.03599	1.03586	1.03597	1.03609	1.03609	1.03608	1.03627	1.03646	1.03667	1.03689	1.03712	1.03736	1.03731	1.03726	1.03718	1.03709	1.03696	1.03682	1.037	1.03717	1.0371	1.03704	1.03687	1.03671	1.03653	1.03636	1.03617	1.03598	1.03602	1.03606	1.03597	1.03587	1.036	1.03612	1.03608	1.03604	1.03614	1.03624	1.03623	1.03622	1.03626	1.03631	1.03632	1.03633	1.03633	1.03632	1.03635	1.03638	1.03634	
1.05986	1.05982	1.05986	1.0599	1.05983	1.05975	1.05981	1.05986	1.05975	1.05964	1.05971	1.05978	1.05965	1.05953	1.05961	1.05969	1.05961	1.05952	1.05963	1.05975	1.0598	1.05985	1.06002	1.06019	1.06036	1.06053	1.06069	1.06086	1.06077	1.06068	1.06056	1.06043	1.06038	1.06033	1.06047	1.06062	1.0606	1.06058	1.06048	1.06038	1.06023	1.06008	1.0599	1.05972	1.05972	1.05971	1.0596	1.05949	1.05959	1.05968	1.05963	1.05957	1.05967	1.05976	1.05974	1.05972	1.05977	1.05982	1.05983	1.05984	1.05984	1.05984	1.05987	1.05989	1.05986	
1.08338	1.08334	1.08338	1.08342	1.08335	1.08329	1.08334	1.08339	1.0833	1.0832	1.08327	1.08333	1.08323	1.08313	1.08321	1.08329	1.08324	1.08319	1.08329	1.0834	1.08346	1.08352	1.08367	1.08382	1.08394	1.08407	1.08418	1.08428	1.0842	1.08412	1.08398	1.08385	1.08383	1.08381	1.08393	1.08406	1.08406	1.08406	1.084	1.08395	1.08382	1.0837	1.08355	1.08341	1.08338	1.08335	1.08325	1.08314	1.08321	1.08327	1.08321	1.08316	1.08323	1.08331	1.08329	1.08326	1.08331	1.08335	1.08336	1.08336	1.08336	1.08337	1.08339	1.08342	1.08338	
1.1069	1.10687	1.10691	1.10695	1.10688	1.10682	1.10687	1.10692	1.10684	1.10676	1.10682	1.10689	1.10681	1.10673	1.10681	1.10689	1.10687	1.10685	1.10695	1.10705	1.10713	1.1072	1.10732	1.10744	1.10753	1.10761	1.10766	1.10771	1.10763	1.10755	1.10741	1.10727	1.10728	1.10729	1.10739	1.1075	1.10752	1.10754	1.10752	1.10751	1.10742	1.10733	1.10721	1.10709	1.10704	1.107	1.1069	1.10679	1.10683	1.10686	1.1068	1.10674	1.1068	1.10685	1.10683	1.10681	1.10684	1.10688	1.10688	1.10689	1.10689	1.10689	1.10691	1.10694	1.1069	
1.13044	1.13041	1.13045	1.13048	1.13043	1.13037	1.13042	1.13047	1.1304	1.13034	1.1304	1.13046	1.1304	1.13035	1.13042	1.13049	1.13049	1.13049	1.13058	1.13067	1.13074	1.1308	1.1309	1.131	1.13105	1.13111	1.13113	1.13115	1.13108	1.13101	1.1309	1.13078	1.1308	1.13081	1.13089	1.13097	1.131	1.13103	1.13103	1.13103	1.13096	1.1309	1.1308	1.13071	1.13066	1.13062	1.13052	1.13043	1.13045	1.13046	1.1304	1.13034	1.13038	1.13042	1.1304	1.13037	1.1304	1.13043	1.13043	1.13043	1.13043	1.13043	1.13045	1.13047	1.13044	
1.15398	1.15396	1.15399	1.15402	1.15397	1.15393	1.15397	1.15402	1.15397	1.15391	1.15397	1.15403	1.15399	1.15396	1.15403	1.1541	1.15411	1.15413	1.15421	1.15429	1.15435	1.15441	1.15448	1.15456	1.15458	1.1546	1.1546	1.1546	1.15454	1.15448	1.15439	1.1543	1.15431	1.15433	1.15438	1.15444	1.15448	1.15451	1.15453	1.15454	1.15451	1.15447	1.1544	1.15433	1.15428	1.15424	1.15415	1.15407	1.15407	1.15406	1.154	1.15395	1.15397	1.15399	1.15396	1.15394	1.15396	1.15398	1.15398	1.15397	1.15397	1.15397	1.15399	1.15401	1.15398	
1.17753	1.17751	1.17754	1.17757	1.17753	1.17749	1.17754	1.17758	1.17754	1.1775	1.17755	1.1776	1.17759	1.17757	1.17763	1.17769	1.17771	1.17773	1.1778	1.17787	1.17792	1.17797	1.17802	1.17808	1.17809	1.1781	1.17809	1.17807	1.17802	1.17797	1.1779	1.17783	1.17784	1.17785	1.1779	1.17794	1.17797	1.17801	1.17803	1.17805	1.17803	1.17801	1.17795	1.1779	1.17786	1.17782	1.17775	1.17768	1.17767	1.17765	1.1776	1.17755	1.17756	1.17757	1.17754	1.17751	1.17753	1.17754	1.17753	1.17753	1.17753	1.17753	1.17754	1.17755	1.17753	
1.20108	1.20106	1.20109	1.20112	1.20109	1.20106	1.2011	1.20114	1.20111	1.20108	1.20113	1.20118	1.20118	1.20117	1.20123	1.20128	1.20131	1.20134	1.20139	1.20145	1.20149	1.20153	1.20157	1.2016	1.2016	1.2016	1.20157	1.20154	1.20151	1.20147	1.20141	1.20135	1.20137	1.20138	1.20141	1.20144	1.20147	1.2015	1.20153	1.20156	1.20155	1.20154	1.20151	1.20147	1.20144	1.2014	1.20135	1.20129	1.20127	1.20125	1.2012	1.20115	1.20115	1.20115	1.20112	1.20109	1.2011	1.2011	1.20109	1.20109	1.20108	1.20108	1.20109	1.2011	1.20108	
1.22465	1.22463	1.22465	1.22468	1.22466	1.22463	1.22467	1.2247	1.22469	1.22467	1.22471	1.22476	1.22476	1.22476	1.22481	1.22486	1.22489	1.22491	1.22496	1.22501	1.22504	1.22507	1.2251	1.22512	1.22511	1.22511	1.22508	1.22505	1.22502	1.22499	1.22495	1.2249	1.22491	1.22492	1.22494	1.22497	1.22499	1.22502	1.22505	1.22508	1.22507	1.22507	1.22505	1.22502	1.225	1.22497	1.22492	1.22487	1.22485	1.22483	1.22478	1.22474	1.22473	1.22473	1.2247	1.22467	1.22467	1.22467	1.22466	1.22466	1.22465	1.22464	1.22465	1.22466	1.22465	
1.24821	1.2482	1.24822	1.24824	1.24822	1.24821	1.24824	1.24827	1.24826	1.24826	1.24829	1.24833	1.24834	1.24835	1.2484	1.24844	1.24847	1.24849	1.24853	1.24857	1.24859	1.24861	1.24863	1.24864	1.24863	1.24861	1.24859	1.24856	1.24854	1.24851	1.24848	1.24845	1.24846	1.24846	1.24848	1.24849	1.24852	1.24854	1.24856	1.24859	1.2486	1.2486	1.24859	1.24858	1.24855	1.24853	1.24849	1.24845	1.24843	1.24841	1.24837	1.24833	1.24832	1.24831	1.24828	1.24825	1.24825	1.24824	1.24823	1.24822	1.24822	1.24821	1.24822	1.24822	1.24821	
1.27178	1.27177	1.27179	1.27181	1.27179	1.27178	1.27181	1.27184	1.27184	1.27184	1.27187	1.27191	1.27192	1.27193	1.27197	1.27201	1.27203	1.27205	1.27208	1.27212	1.27213	1.27215	1.27215	1.27216	1.27215	1.27214	1.27211	1.27209	1.27207	1.27204	1.27202	1.272	1.272	1.27201	1.27202	1.27203	1.27205	1.27207	1.27209	1.27212	1.27212	1.27213	1.27212	1.27212	1.2721	1.27208	1.27205	1.27202	1.272	1.27198	1.27194	1.27191	1.27189	1.27188	1.27185	1.27183	1.27182	1.27181	1.2718	1.2718	1.27179	1.27178	1.27178	1.27179	1.27178	
1.29535	1.29534	1.29536	1.29537	1.29537	1.29536	1.29538	1.29541	1.29541	1.29542	1.29545	1.29548	1.29549	1.29551	1.29554	1.29557	1.29559	1.29561	1.29564	1.29566	1.29567	1.29568	1.29568	1.29569	1.29567	1.29566	1.29563	1.29561	1.2956	1.29558	1.29556	1.29555	1.29555	1.29555	1.29556	1.29557	1.29558	1.2956	1.29562	1.29564	1.29565	1.29566	1.29566	1.29566	1.29564	1.29563	1.29561	1.29558	1.29556	1.29554	1.29552	1.29549	1.29547	1.29545	1.29543	1.29541	1.2954	1.29538	1.29538	1.29537	1.29536	1.29535	1.29535	1.29536	1.29535	
1.31892	1.31891	1.31893	1.31894	1.31894	1.31894	1.31896	1.31898	1.31898	1.31899	1.31902	1.31904	1.31906	1.31907	1.3191	1.31913	1.31915	1.31916	1.31918	1.3192	1.31921	1.31921	1.31921	1.31922	1.3192	1.31919	1.31917	1.31915	1.31914	1.31912	1.31911	1.3191	1.3191	1.3191	1.31911	1.31912	1.31913	1.31914	1.31916	1.31918	1.31918	1.31919	1.31919	1.31919	1.31919	1.31918	1.31916	1.31914	1.31912	1.3191	1.31908	1.31905	1.31904	1.31902	1.319	1.31898	1.31897	1.31896	1.31895	1.31894	1.31893	1.31892	1.31893	1.31893	1.31892	
1.3425	1.34249	1.3425	1.34251	1.34251	1.34251	1.34253	1.34255	1.34256	1.34256	1.34259	1.34261	1.34262	1.34264	1.34266	1.34268	1.3427	1.34271	1.34273	1.34274	1.34275	1.34275	1.34275	1.34275	1.34273	1.34272	1.34271	1.34269	1.34268	1.34267	1.34266	1.34266	1.34266	1.34266	1.34266	1.34267	1.34267	1.34268	1.3427	1.34271	1.34272	1.34273	1.34273	1.34273	1.34273	1.34272	1.34271	1.34269	1.34268	1.34266	1.34264	1.34262	1.34261	1.34259	1.34257	1.34256	1.34254	1.34253	1.34252	1.34252	1.34251	1.3425	1.3425	1.3425	1.3425	
1.36607	1.36606	1.36607	1.36608	1.36609	1.36609	1.3661	1.36612	1.36612	1.36613	1.36615	1.36617	1.36618	1.3662	1.36622	1.36623	1.36625	1.36626	1.36627	1.36628	1.36628	1.36628	1.36628	1.36628	1.36627	1.36626	1.36625	1.36623	1.36623	1.36622	1.36621	1.36621	1.36621	1.36621	1.36621	1.36621	1.36622	1.36623	1.36624	1.36625	1.36626	1.36626	1.36627	1.36627	1.36627	1.36626	1.36625	1.36624	1.36623	1.36622	1.3662	1.36618	1.36617	1.36615	1.36614	1.36613	1.36611	1.3661	1.36609	1.36609	1.36608	1.36607	1.36607	1.36607	1.36607	
1.38964	1.38964	1.38965	1.38966	1.38966	1.38966	1.38967	1.38969	1.38969	1.3897	1.38972	1.38973	1.38974	1.38976	1.38977	1.38978	1.38979	1.3898	1.38981	1.38982	1.38982	1.38982	1.38982	1.38981	1.3898	1.3898	1.38979	1.38978	1.38977	1.38976	1.38976	1.38976	1.38976	1.38976	1.38976	1.38976	1.38977	1.38977	1.38978	1.38979	1.3898	1.3898	1.38981	1.38981	1.38981	1.3898	1.3898	1.38979	1.38978	1.38977	1.38976	1.38974	1.38973	1.38972	1.38971	1.38969	1.38968	1.38967	1.38967	1.38966	1.38965	1.38964	1.38965	1.38965	1.38964	
1.41322	1.41322	1.41322	1.41323	1.41323	1.41323	1.41324	1.41325	1.41326	1.41327	1.41328	1.41329	1.4133	1.41331	1.41332	1.41333	1.41334	1.41335	1.41335	1.41336	1.41336	1.41336	1.41335	1.41335	1.41335	1.41334	1.41333	1.41332	1.41332	1.41331	1.41331	1.41331	1.41331	1.41331	1.41331	1.41331	1.41332	1.41332	1.41333	1.41334	1.41334	1.41334	1.41335	1.41335	1.41335	1.41335	1.41334	1.41334	1.41333	1.41332	1.41331	1.4133	1.41329	1.41328	1.41327	1.41326	1.41325	1.41324	1.41324	1.41323	1.41323	1.41322	1.41322	1.41322	1.41322	
1.43679	1.43679	1.4368	1.4368	1.4368	1.4368	1.43681	1.43682	1.43682	1.43683	1.43684	1.43685	1.43685	1.43686	1.43687	1.43688	1.43688	1.43689	1.43689	1.4369	1.4369	1.43689	1.43689	1.43689	1.43689	1.43688	1.43688	1.43687	1.43687	1.43686	1.43686	1.43686	1.43686	1.43686	1.43686	1.43686	1.43687	1.43687	1.43687	1.43688	1.43688	1.43688	1.43689	1.43689	1.43689	1.43689	1.43688	1.43688	1.43688	1.43687	1.43686	1.43686	1.43685	1.43684	1.43683	1.43683	1.43682	1.43681	1.43681	1.4368	1.4368	1.43679	1.43679	1.43679	1.43679	
1.46037	1.46036	1.46037	1.46037	1.46037	1.46037	1.46038	1.46038	1.46039	1.46039	1.4604	1.4604	1.46041	1.46041	1.46042	1.46042	1.46043	1.46043	1.46043	1.46043	1.46043	1.46043	1.46043	1.46043	1.46043	1.46042	1.46042	1.46042	1.46042	1.46041	1.46041	1.46041	1.46041	1.46041	1.46041	1.46041	1.46041	1.46042	1.46042	1.46042	1.46042	1.46043	1.46043	1.46043	1.46043	1.46043	1.46043	1.46043	1.46042	1.46042	1.46041	1.46041	1.4604	1.4604	1.46039	1.46039	1.46038	1.46038	1.46038	1.46037	1.46037	1.46037	1.46037	1.46037	1.46037	
1.48394	1.48394	1.48394	1.48394	1.48394	1.48394	1.48395	1.48395	1.48395	1.48395	1.48395	1.48396	1.48396	1.48396	1.48397	1.48397	1.48397	1.48397	1.48397	1.48397	1.48397	1.48397	1.48397	1.48397	1.48397	1.48397	1.48397	1.48396	1.48396	1.48396	1.48396	1.48396	1.48396	1.48396	1.48396	1.48396	1.48396	1.48396	1.48397	1.48397	1.48397	1.48397	1.48397	1.48397	1.48397	1.48397	1.48397	1.48397	1.48397	1.48396	1.48396	1.48396	1.48396	1.48395	1.48395	1.48395	1.48395	1.48395	1.48394	1.48394	1.48394	1.48394	1.48394	1.48394	1.48394	
1.50751	1.50751	1.50751	1.50751	1.50751	1.50751	1.50751	1.50751	1.50751	1.50751	1.50751	1.50751	1.50751	1.50751	1.50751	1.50751	1.50751	1.50751	1.50751	1.50751	1.50751	1.50751	1.50751	1.50751	1.50751	1.50751	1.50751	1.50751	1.50751	1.50751	1.50751	1.50751	1.50751	1.50751	1.50751	1.50751	1.50751	1.50751	1.50751	1.50751	1.50751	1.50751	1.50751	1.50751	1.50751	1.50751	1.50751	1.50751	1.50751	1.50751	1.50751	1.50751	1.50751	1.50751	1.50751	1.50751	1.50751	1.50751	1.50751	1.50751	1.50751	1.50751	1.50751	1.50751	1.50751	
