x=100	y=200	z=200	n=65	len=1
b
0	0	0	0	0	0	0	0	0	0	0	0	0	0	0	0	0	0	0	0	0	0	0	0	0	0	0	0	0	0	0	0	0	0	0	0	0	0	0	0	0	0	0	0	0	0	0	0	0	0	0	0	0	0	0	0	0	0	0	0	0	0	0	0	0	
0.023561	0.0235635	0.0235608	0.023558	0.0235622	0.0235664	0.0235624	0.0235584	0.0235643	0.0235702	0.0235647	0.0235591	0.0235665	0.023574	0.0235668	0.0235597	0.023568	0.0235762	0.0235682	0.0235602	0.0235682	0.0235763	0.0235693	0.0235623	0.0235688	0.0235754	0.0235715	0.0235676	0.0235718	0.023576	0.023574	0.023572	0.0235741	0.0235763	0.0235732	0.0235701	0.0235711	0.023572	0.0235702	0.0235684	0.0235692	0.0235701	0.0235701	0.0235701	0.0235703	0.0235705	0.0235703	0.0235702	0.0235697	0.0235693	0.0235682	0.0235671	0.0235667	0.0235663	0.0235646	0.023563	0.0235632	0.0235634	0.0235617	0.0235599	0.0235612	0.0235624	0.0235604	0.0235584	0.023561	
0.0471242	0.0471296	0.0471238	0.0471181	0.0471267	0.0471352	0.047127	0.0471188	0.0471308	0.0471428	0.0471314	0.04712	0.0471351	0.0471501	0.0471355	0.0471209	0.0471378	0.0471546	0.047138	0.0471214	0.0471381	0.0471548	0.0471396	0.0471245	0.0471386	0.0471528	0.0471432	0.0471336	0.0471435	0.0471534	0.0471476	0.0471417	0.0471478	0.047154	0.047146	0.0471381	0.0471419	0.0471457	0.0471411	0.0471366	0.0471395	0.0471425	0.047142	0.0471414	0.0471424	0.0471434	0.0471426	0.0471418	0.0471413	0.0471408	0.0471382	0.0471356	0.047135	0.0471345	0.047131	0.0471276	0.0471283	0.047129	0.0471253	0.0471217	0.0471244	0.0471272	0.047123	0.0471188	0.0471242	
0.0706874	0.0706956	0.0706869	0.0706782	0.0706911	0.0707041	0.0706916	0.0706791	0.0706972	0.0707153	0.0706981	0.0706809	0.0707036	0.0707263	0.0707042	0.0706821	0.0707076	0.070733	0.0707078	0.0706826	0.0707079	0.0707332	0.07071	0.0706868	0.0707084	0.0707301	0.0707149	0.0706996	0.0707152	0.0707309	0.0707211	0.0707114	0.0707215	0.0707317	0.0707188	0.070706	0.0707126	0.0707193	0.0707121	0.0707048	0.0707098	0.0707149	0.0707138	0.0707128	0.0707145	0.0707163	0.0707149	0.0707134	0.0707128	0.0707122	0.0707081	0.0707041	0.0707034	0.0707027	0.0706974	0.0706921	0.0706934	0.0706946	0.070689	0.0706835	0.0706877	0.070692	0.0706856	0.0706792	0.0706874	
0.0942513	0.0942617	0.0942506	0.0942396	0.0942562	0.0942728	0.0942566	0.0942404	0.0942639	0.0942873	0.0942647	0.0942422	0.0942719	0.0943017	0.0942725	0.0942432	0.0942772	0.0943113	0.0942774	0.0942435	0.0942782	0.0943128	0.0942809	0.094249	0.0942794	0.0943098	0.0942884	0.094267	0.0942889	0.0943107	0.0942981	0.0942854	0.0942984	0.0943115	0.0942945	0.0942776	0.0942854	0.0942933	0.0942846	0.0942759	0.0942814	0.094287	0.094286	0.0942849	0.0942863	0.0942877	0.0942857	0.0942837	0.0942824	0.0942812	0.094276	0.0942709	0.0942698	0.0942688	0.0942624	0.0942561	0.0942575	0.0942589	0.0942523	0.0942458	0.0942511	0.0942564	0.0942486	0.0942408	0.0942513	
0.117815	0.117828	0.117814	0.117801	0.117821	0.117842	0.117822	0.117802	0.117831	0.117859	0.117831	0.117803	0.11784	0.117877	0.117841	0.117804	0.117847	0.11789	0.117847	0.117804	0.117848	0.117892	0.117852	0.117811	0.11785	0.117889	0.117862	0.117834	0.117862	0.117891	0.117875	0.117859	0.117875	0.117891	0.11787	0.117849	0.117858	0.117867	0.117857	0.117847	0.117853	0.117859	0.117858	0.117857	0.117858	0.117859	0.117857	0.117854	0.117852	0.11785	0.117844	0.117838	0.117836	0.117835	0.117827	0.11782	0.117822	0.117823	0.117816	0.117808	0.117814	0.117821	0.117812	0.117803	0.117815	
0.141383	0.141398	0.141383	0.141367	0.141391	0.141414	0.141391	0.141367	0.141401	0.141435	0.141401	0.141368	0.141412	0.141456	0.141412	0.141368	0.14142	0.141471	0.141419	0.141367	0.141422	0.141477	0.141425	0.141373	0.141424	0.141475	0.141437	0.141399	0.141437	0.141475	0.141452	0.14143	0.141452	0.141474	0.141445	0.141417	0.141431	0.141444	0.141432	0.14142	0.141427	0.141435	0.141433	0.141431	0.141432	0.141433	0.141429	0.141425	0.141422	0.14142	0.141413	0.141405	0.141404	0.141402	0.141394	0.141386	0.141388	0.14139	0.141382	0.141374	0.141382	0.141389	0.141379	0.141369	0.141383	
0.164952	0.164968	0.164951	0.164933	0.16496	0.164987	0.16496	0.164933	0.164972	0.16501	0.164972	0.164933	0.164983	0.165034	0.164983	0.164932	0.164992	0.165052	0.164991	0.16493	0.164995	0.165061	0.164998	0.164935	0.164998	0.16506	0.165011	0.164963	0.165011	0.165059	0.16503	0.165	0.165028	0.165056	0.165021	0.164986	0.165003	0.16502	0.165006	0.164993	0.165001	0.16501	0.165008	0.165006	0.165006	0.165006	0.165001	0.164996	0.164993	0.16499	0.164981	0.164973	0.164971	0.164969	0.164961	0.164953	0.164955	0.164957	0.164949	0.164941	0.164949	0.164957	0.164946	0.164935	0.164952	
0.188522	0.188539	0.188521	0.188503	0.188531	0.18856	0.18853	0.188501	0.188543	0.188585	0.188542	0.188499	0.188555	0.18861	0.188553	0.188496	0.188564	0.188631	0.188562	0.188492	0.188568	0.188644	0.188569	0.188495	0.188571	0.188647	0.188585	0.188523	0.188583	0.188644	0.188607	0.188569	0.188602	0.188634	0.188595	0.188555	0.188575	0.188594	0.188581	0.188567	0.188575	0.188583	0.18858	0.188577	0.188576	0.188575	0.188568	0.188562	0.188558	0.188555	0.188546	0.188538	0.188536	0.188534	0.188526	0.188519	0.188521	0.188523	0.188516	0.188509	0.188517	0.188526	0.188515	0.188505	0.188522	
0.212092	0.21211	0.212091	0.212072	0.212102	0.212132	0.212101	0.212069	0.212114	0.212159	0.212112	0.212066	0.212126	0.212187	0.212124	0.21206	0.212135	0.212211	0.212132	0.212053	0.21214	0.212227	0.212141	0.212055	0.212144	0.212234	0.212159	0.212084	0.212156	0.212229	0.212184	0.212139	0.212176	0.212213	0.212169	0.212125	0.212146	0.212168	0.212155	0.212142	0.212149	0.212156	0.212152	0.212148	0.212146	0.212144	0.212136	0.212127	0.212124	0.21212	0.212111	0.212102	0.2121	0.212098	0.212092	0.212085	0.212087	0.212089	0.212083	0.212077	0.212086	0.212094	0.212084	0.212074	0.212092	
0.235666	0.235683	0.235665	0.235646	0.235676	0.235707	0.235675	0.235642	0.235689	0.235736	0.235686	0.235636	0.235701	0.235765	0.235697	0.235628	0.235709	0.23579	0.235704	0.235618	0.235715	0.235811	0.235713	0.235616	0.235721	0.235827	0.235733	0.23564	0.235729	0.235819	0.235756	0.235692	0.235739	0.235786	0.235737	0.235688	0.235716	0.235743	0.235731	0.235718	0.235724	0.23573	0.235723	0.235716	0.235714	0.235711	0.235701	0.235691	0.235687	0.235684	0.235676	0.235668	0.235666	0.235664	0.235659	0.235655	0.235656	0.235658	0.235654	0.23565	0.235658	0.235666	0.235657	0.235648	0.235666	
0.259239	0.259257	0.259238	0.259219	0.259251	0.259282	0.259248	0.259214	0.259263	0.259312	0.25926	0.259207	0.259275	0.259343	0.25927	0.259197	0.259283	0.25937	0.259277	0.259183	0.259289	0.259396	0.259286	0.259177	0.259298	0.25942	0.259308	0.259196	0.259303	0.25941	0.259328	0.259245	0.259302	0.259359	0.259305	0.259251	0.259285	0.259319	0.259307	0.259294	0.259299	0.259304	0.259294	0.259285	0.259281	0.259278	0.259266	0.259255	0.259251	0.259248	0.25924	0.259233	0.259231	0.259229	0.259227	0.259224	0.259226	0.259227	0.259225	0.259222	0.25923	0.259238	0.25923	0.259221	0.259239	
0.282811	0.282828	0.28281	0.282792	0.282823	0.282853	0.28282	0.282787	0.282835	0.282883	0.282831	0.282779	0.282846	0.282914	0.28284	0.282765	0.282853	0.282941	0.282844	0.282746	0.282857	0.282967	0.282851	0.282734	0.282869	0.283004	0.282876	0.282748	0.282874	0.283	0.282891	0.282781	0.282848	0.282915	0.282867	0.282819	0.282855	0.282891	0.282877	0.282862	0.282865	0.282867	0.282853	0.282837	0.282836	0.282834	0.282822	0.282809	0.282808	0.282806	0.282801	0.282796	0.282795	0.282793	0.282793	0.282794	0.282794	0.282795	0.282795	0.282795	0.282801	0.282808	0.282801	0.282795	0.282811	
0.306383	0.306398	0.306382	0.306366	0.306395	0.306423	0.306392	0.30636	0.306407	0.306454	0.306402	0.30635	0.306418	0.306485	0.30641	0.306334	0.306423	0.306512	0.306411	0.30631	0.306424	0.306539	0.306415	0.306291	0.306439	0.306588	0.306444	0.3063	0.306445	0.30659	0.306454	0.306318	0.306395	0.306471	0.306429	0.306387	0.306425	0.306463	0.306447	0.30643	0.306431	0.306431	0.306411	0.30639	0.30639	0.306391	0.306377	0.306364	0.306364	0.306364	0.306362	0.30636	0.306358	0.306356	0.30636	0.306363	0.306363	0.306363	0.306365	0.306367	0.306372	0.306378	0.306373	0.306368	0.306383	
0.329951	0.329964	0.32995	0.329936	0.329962	0.329988	0.32996	0.329932	0.329976	0.330019	0.329972	0.329924	0.329988	0.330053	0.32998	0.329908	0.329993	0.330078	0.329979	0.32988	0.329991	0.330101	0.329979	0.329858	0.330011	0.330164	0.330019	0.329874	0.330039	0.330204	0.33003	0.329855	0.329951	0.330048	0.33001	0.329972	0.330012	0.330051	0.330022	0.329994	0.329991	0.329989	0.329962	0.329935	0.329939	0.329943	0.329932	0.329921	0.329922	0.329924	0.329925	0.329927	0.329925	0.329923	0.329928	0.329934	0.329933	0.329932	0.329935	0.329938	0.329942	0.329946	0.329942	0.329938	0.329951	
0.353519	0.35353	0.353518	0.353506	0.35353	0.353553	0.353528	0.353504	0.353544	0.353585	0.353541	0.353498	0.353559	0.35362	0.353551	0.353482	0.353563	0.353645	0.353548	0.353451	0.353557	0.353663	0.353544	0.353424	0.353582	0.35374	0.353595	0.353449	0.353634	0.353819	0.353606	0.353392	0.353508	0.353624	0.353591	0.353558	0.353598	0.353638	0.353598	0.353557	0.353552	0.353546	0.353514	0.353481	0.353488	0.353496	0.353486	0.353477	0.35348	0.353483	0.353489	0.353494	0.353491	0.353489	0.353497	0.353505	0.353503	0.353501	0.353504	0.353508	0.353511	0.353514	0.353511	0.353508	0.353519	
0.377074	0.377083	0.377074	0.377065	0.377084	0.377102	0.377084	0.377066	0.3771	0.377133	0.377099	0.377065	0.377118	0.37717	0.377112	0.377054	0.377125	0.377196	0.377108	0.377021	0.377108	0.377196	0.377089	0.376982	0.377121	0.37726	0.377146	0.377033	0.377231	0.377429	0.377206	0.376983	0.377117	0.377251	0.377214	0.377178	0.3772	0.377222	0.377146	0.37707	0.377076	0.377082	0.377045	0.377008	0.377026	0.377043	0.37704	0.377036	0.37704	0.377045	0.377053	0.377061	0.377058	0.377055	0.377062	0.377069	0.377067	0.377064	0.377066	0.377068	0.37707	0.377072	0.377069	0.377066	0.377074	
0.40063	0.400636	0.40063	0.400624	0.400638	0.400651	0.40064	0.400629	0.400655	0.400681	0.400657	0.400633	0.400677	0.400721	0.400674	0.400626	0.400686	0.400747	0.400668	0.40059	0.40066	0.40073	0.400635	0.400539	0.400659	0.400779	0.400698	0.400618	0.400828	0.401039	0.400807	0.400575	0.400727	0.400879	0.400838	0.400798	0.400801	0.400805	0.400694	0.400583	0.4006	0.400617	0.400576	0.400536	0.400563	0.400591	0.400593	0.400595	0.4006	0.400606	0.400617	0.400629	0.400625	0.400621	0.400627	0.400634	0.400631	0.400627	0.400628	0.400629	0.400629	0.40063	0.400627	0.400624	0.40063	
0.424169	0.424173	0.42417	0.424167	0.424174	0.424182	0.424179	0.424176	0.424193	0.424209	0.424199	0.424189	0.424221	0.424252	0.424223	0.424194	0.42424	0.424285	0.424226	0.424166	0.42421	0.424254	0.424176	0.424099	0.424165	0.424231	0.424213	0.424194	0.424397	0.424599	0.424481	0.424362	0.424515	0.424667	0.424547	0.424428	0.424384	0.424341	0.424207	0.424073	0.424106	0.424139	0.424116	0.424093	0.424121	0.424149	0.424159	0.42417	0.424172	0.424174	0.424183	0.424192	0.424188	0.424184	0.424184	0.424184	0.424183	0.424182	0.424177	0.424172	0.424174	0.424176	0.42417	0.424165	0.424169	
0.447708	0.447711	0.44771	0.447709	0.447711	0.447713	0.447719	0.447724	0.44773	0.447737	0.447741	0.447745	0.447764	0.447783	0.447772	0.447762	0.447793	0.447823	0.447783	0.447742	0.44776	0.447778	0.447718	0.447658	0.447671	0.447684	0.447728	0.447771	0.447965	0.44816	0.448155	0.44815	0.448303	0.448455	0.448256	0.448058	0.447967	0.447877	0.44772	0.447563	0.447612	0.447661	0.447655	0.447649	0.447678	0.447707	0.447726	0.447745	0.447744	0.447742	0.447749	0.447755	0.447752	0.447748	0.447741	0.447734	0.447736	0.447737	0.447726	0.447715	0.447718	0.447721	0.447714	0.447706	0.447708	
0.471226	0.471228	0.471229	0.471231	0.471226	0.471221	0.471235	0.471249	0.471241	0.471234	0.471256	0.471277	0.471277	0.471276	0.471292	0.471308	0.471319	0.47133	0.47132	0.471309	0.471306	0.471302	0.471254	0.471205	0.471133	0.471061	0.471101	0.471141	0.471296	0.471451	0.471759	0.472066	0.472186	0.472305	0.471881	0.471458	0.471337	0.471215	0.471108	0.471	0.471096	0.471192	0.47122	0.471248	0.471265	0.471283	0.4713	0.471317	0.471313	0.471308	0.4713	0.471293	0.471295	0.471297	0.471277	0.471256	0.471265	0.471273	0.471253	0.471233	0.47124	0.471248	0.471236	0.471225	0.471226	
0.494745	0.494746	0.494749	0.494752	0.49474	0.494728	0.494751	0.494774	0.494753	0.494731	0.49477	0.494809	0.494789	0.494769	0.494811	0.494854	0.494845	0.494837	0.494856	0.494876	0.494851	0.494826	0.494789	0.494752	0.494595	0.494437	0.494474	0.494511	0.494627	0.494742	0.495363	0.495983	0.496069	0.496155	0.495507	0.494858	0.494706	0.494554	0.494495	0.494437	0.49458	0.494723	0.494785	0.494846	0.494853	0.49486	0.494875	0.49489	0.494881	0.494873	0.494852	0.494831	0.494839	0.494846	0.494812	0.494778	0.494794	0.494809	0.49478	0.494751	0.494762	0.494774	0.494759	0.494744	0.494745	
0.518248	0.518251	0.518254	0.518256	0.518239	0.518222	0.518249	0.518277	0.518242	0.518207	0.518258	0.518309	0.518267	0.518225	0.518292	0.518359	0.518326	0.518292	0.518352	0.518413	0.51838	0.518347	0.518349	0.51835	0.51818	0.518011	0.517946	0.517882	0.517781	0.517681	0.518428	0.519176	0.519215	0.519254	0.518582	0.517911	0.517908	0.517905	0.51804	0.518174	0.518257	0.51834	0.518404	0.518467	0.518451	0.518435	0.518419	0.518403	0.518407	0.518411	0.518362	0.518314	0.51834	0.518367	0.518315	0.518263	0.518293	0.518324	0.518284	0.518245	0.518265	0.518285	0.518265	0.518245	0.518248	
0.541751	0.541756	0.541758	0.541761	0.541738	0.541716	0.541748	0.54178	0.541732	0.541683	0.541747	0.54181	0.541745	0.541681	0.541773	0.541865	0.541806	0.541748	0.541849	0.54195	0.541909	0.541869	0.541908	0.541947	0.541766	0.541584	0.541418	0.541252	0.540936	0.54062	0.541494	0.542369	0.542361	0.542353	0.541658	0.540963	0.54111	0.541257	0.541584	0.541911	0.541934	0.541957	0.542023	0.542089	0.54205	0.542011	0.541964	0.541916	0.541933	0.541949	0.541873	0.541797	0.541842	0.541887	0.541818	0.541748	0.541793	0.541838	0.541788	0.541739	0.541767	0.541796	0.541771	0.541746	0.541751	
0.565251	0.565259	0.565259	0.56526	0.565236	0.565211	0.565242	0.565272	0.565215	0.565158	0.565222	0.565286	0.565201	0.565117	0.565219	0.565321	0.565231	0.56514	0.565276	0.565411	0.565356	0.565302	0.565423	0.565544	0.565502	0.565461	0.565281	0.565101	0.564625	0.564148	0.564513	0.564878	0.564956	0.565034	0.564683	0.564333	0.564747	0.565161	0.565476	0.565791	0.565702	0.565613	0.565577	0.56554	0.565529	0.565517	0.565415	0.565312	0.56537	0.565427	0.565325	0.565223	0.565297	0.565372	0.565291	0.56521	0.565271	0.565333	0.565279	0.565225	0.565261	0.565298	0.565271	0.565244	0.565251	
0.588752	0.588763	0.588761	0.588759	0.588733	0.588707	0.588736	0.588764	0.588698	0.588632	0.588697	0.588762	0.588657	0.588553	0.588665	0.588778	0.588655	0.588533	0.588702	0.588872	0.588803	0.588735	0.588938	0.589141	0.589239	0.589337	0.589143	0.58895	0.588314	0.587677	0.587532	0.587387	0.587551	0.587714	0.587709	0.587704	0.588385	0.589065	0.589369	0.589672	0.589471	0.589269	0.58913	0.588992	0.589008	0.589023	0.588866	0.588708	0.588807	0.588906	0.588778	0.588649	0.588753	0.588856	0.588764	0.588672	0.58875	0.588828	0.588769	0.58871	0.588755	0.588801	0.588771	0.588741	0.588752	
0.612271	0.612286	0.61228	0.612273	0.612253	0.612233	0.612251	0.612269	0.612209	0.61215	0.612198	0.612246	0.612143	0.61204	0.612128	0.612217	0.612079	0.61194	0.612086	0.612233	0.612112	0.611991	0.612206	0.612421	0.612463	0.612505	0.612676	0.612848	0.612643	0.612438	0.611837	0.611236	0.611355	0.611474	0.611743	0.612011	0.612473	0.612936	0.612753	0.61257	0.612568	0.612566	0.612327	0.612088	0.612232	0.612377	0.612195	0.612014	0.612171	0.612329	0.612201	0.612074	0.612199	0.612325	0.612239	0.612153	0.612239	0.612325	0.612271	0.612216	0.612265	0.612314	0.612285	0.612256	0.612271	
0.63579	0.635809	0.635798	0.635787	0.635773	0.635759	0.635767	0.635774	0.635721	0.635668	0.635699	0.635729	0.635628	0.635526	0.635591	0.635657	0.635502	0.635347	0.63547	0.635594	0.63542	0.635247	0.635474	0.635701	0.635687	0.635674	0.636209	0.636745	0.636972	0.637199	0.636142	0.635066	0.6348	0.635423	0.635867	0.6361	0.636263	0.636806	0.636137	0.635468	0.635665	0.635863	0.635524	0.635184	0.635457	0.63573	0.635525	0.63532	0.635536	0.635751	0.635624	0.635498	0.635646	0.635794	0.635714	0.635634	0.635728	0.635822	0.635772	0.635722	0.635775	0.635828	0.635799	0.635771	0.63579	
0.659345	0.659366	0.659352	0.659337	0.659336	0.659334	0.659328	0.659323	0.659294	0.659266	0.659271	0.659276	0.659211	0.659146	0.659167	0.659188	0.659071	0.658954	0.659007	0.659061	0.658877	0.658692	0.658819	0.658946	0.658708	0.658471	0.658824	0.659177	0.659588	0.659998	0.659683	0.660032	0.658916	0.659357	0.660339	0.660185	0.659491	0.65915	0.658666	0.658182	0.658582	0.658982	0.658744	0.658506	0.658804	0.659103	0.658966	0.658829	0.659026	0.659222	0.659139	0.659056	0.659181	0.659305	0.659252	0.659198	0.659275	0.659352	0.659317	0.659281	0.659326	0.659371	0.659348	0.659324	0.659345	
0.6829	0.682923	0.682905	0.682887	0.682898	0.682909	0.68289	0.682871	0.682868	0.682864	0.682843	0.682823	0.682794	0.682766	0.682743	0.68272	0.68264	0.682561	0.682544	0.682528	0.682333	0.682138	0.682164	0.68219	0.681729	0.681268	0.681439	0.68161	0.682203	0.682758	0.683409	0.683319	0.682087	0.681836	0.682867	0.682655	0.682065	0.681494	0.681195	0.680897	0.681499	0.6821	0.681964	0.681828	0.682152	0.682476	0.682407	0.682338	0.682516	0.682694	0.682654	0.682614	0.682715	0.682816	0.682789	0.682762	0.682822	0.682883	0.682861	0.68284	0.682877	0.682915	0.682896	0.682877	0.6829	
0.706494	0.706515	0.706496	0.706476	0.706503	0.706529	0.706501	0.706472	0.706505	0.706538	0.706498	0.706458	0.706496	0.706533	0.706479	0.706425	0.706455	0.706485	0.70642	0.706356	0.706329	0.706303	0.706256	0.70621	0.705984	0.705759	0.705703	0.705647	0.7057	0.704043	0.703895	0.70298	0.700702	0.703007	0.703651	0.703986	0.704869	0.705404	0.705397	0.705391	0.705723	0.706055	0.706022	0.705989	0.706118	0.706246	0.706249	0.706252	0.706306	0.706359	0.706365	0.706371	0.706399	0.706427	0.706428	0.706429	0.706449	0.706469	0.706464	0.706458	0.706477	0.706496	0.706484	0.706472	0.706494	
0.730087	0.730107	0.730087	0.730066	0.730108	0.73015	0.730112	0.730074	0.730143	0.730212	0.730153	0.730094	0.730197	0.730301	0.730215	0.73013	0.73027	0.730409	0.730296	0.730184	0.730326	0.730468	0.730349	0.730229	0.73024	0.73025	0.729967	0.729685	0.729196	0.728433	0.72772	0.722129	0.711911	0.721861	0.727312	0.728074	0.729127	0.729313	0.7296	0.729886	0.729947	0.730009	0.73008	0.730151	0.730084	0.730017	0.730092	0.730166	0.730095	0.730024	0.730076	0.730128	0.730083	0.730038	0.730067	0.730096	0.730076	0.730056	0.730066	0.730076	0.730077	0.730078	0.730072	0.730067	0.730087	
0.7537	0.753715	0.753697	0.753679	0.75373	0.753781	0.753742	0.753704	0.753798	0.753892	0.753831	0.753769	0.75392	0.754071	0.753983	0.753895	0.75412	0.754345	0.754227	0.754109	0.754416	0.754723	0.754576	0.754429	0.754797	0.755165	0.755118	0.75507	0.754935	0.755855	0.756189	0.757265	0.766795	0.756719	0.755837	0.755529	0.755009	0.754929	0.754915	0.754901	0.75459	0.75428	0.754394	0.754508	0.754238	0.753968	0.754067	0.754166	0.75398	0.753793	0.753864	0.753935	0.753822	0.753708	0.753753	0.753797	0.753738	0.753678	0.753699	0.75372	0.753702	0.753683	0.753684	0.753685	0.7537	
0.777313	0.777323	0.777308	0.777293	0.777352	0.777412	0.777373	0.777335	0.777453	0.777572	0.777509	0.777445	0.777643	0.777842	0.777751	0.77766	0.77797	0.77828	0.778157	0.778034	0.778506	0.778977	0.778803	0.77863	0.779355	0.78008	0.780268	0.780456	0.780674	0.781232	0.781681	0.786126	0.792616	0.786032	0.78222	0.781565	0.780404	0.780544	0.78023	0.779915	0.779233	0.778551	0.778708	0.778865	0.778392	0.777919	0.778043	0.778167	0.777864	0.777561	0.777652	0.777742	0.777561	0.777379	0.777438	0.777498	0.777399	0.777301	0.777333	0.777365	0.777326	0.777287	0.777295	0.777303	0.777313	
0.800912	0.800915	0.800905	0.800896	0.80095	0.801005	0.800972	0.80094	0.801052	0.801164	0.801108	0.801052	0.801233	0.801413	0.801331	0.801249	0.801509	0.801769	0.801649	0.801529	0.801878	0.802227	0.802021	0.801816	0.802275	0.802735	0.802325	0.801915	0.801761	0.801723	0.801137	0.801281	0.803705	0.801544	0.801583	0.802295	0.802483	0.802082	0.802467	0.802852	0.802327	0.801803	0.802031	0.802259	0.801859	0.801458	0.801604	0.801749	0.801461	0.801174	0.801274	0.801374	0.801184	0.800994	0.801061	0.801127	0.801016	0.800905	0.800943	0.800981	0.800932	0.800882	0.800896	0.800909	0.800912	
0.824511	0.824506	0.824502	0.824498	0.824548	0.824597	0.824571	0.824545	0.82465	0.824756	0.824708	0.82466	0.824822	0.824985	0.824912	0.824839	0.825049	0.825259	0.825141	0.825024	0.82525	0.825476	0.825239	0.825002	0.825196	0.825389	0.824382	0.823374	0.822848	0.822212	0.82195	0.822106	0.82303	0.822952	0.822111	0.822239	0.823108	0.823619	0.824704	0.825788	0.825421	0.825055	0.825354	0.825652	0.825325	0.824997	0.825164	0.825331	0.825059	0.824787	0.824896	0.825006	0.824808	0.82461	0.824683	0.824757	0.824633	0.824508	0.824553	0.824598	0.824537	0.824477	0.824496	0.824515	0.824511	
0.848074	0.848062	0.848065	0.848068	0.8481	0.848132	0.848115	0.848098	0.848169	0.848241	0.848204	0.848167	0.848263	0.848358	0.848298	0.848238	0.84832	0.848401	0.848299	0.848196	0.848187	0.848178	0.847974	0.84777	0.847564	0.847358	0.846808	0.846259	0.846306	0.845968	0.846471	0.846977	0.847779	0.847606	0.846567	0.845774	0.845865	0.846381	0.847031	0.847682	0.847748	0.847814	0.848099	0.848383	0.848284	0.848185	0.848354	0.848522	0.848362	0.848201	0.848313	0.848425	0.848275	0.848125	0.848201	0.848277	0.848169	0.848061	0.848108	0.848156	0.848097	0.848038	0.848062	0.848086	0.848074	
0.871638	0.871619	0.871628	0.871637	0.871652	0.871668	0.871659	0.87165	0.871688	0.871726	0.8717	0.871674	0.871703	0.871732	0.871685	0.871638	0.87159	0.871543	0.871456	0.871368	0.871124	0.870879	0.870709	0.870538	0.869932	0.869327	0.869235	0.869143	0.869764	0.870386	0.871524	0.872663	0.872652	0.872641	0.871409	0.870178	0.86966	0.869142	0.869359	0.869575	0.870074	0.870573	0.870844	0.871114	0.871244	0.871374	0.871544	0.871713	0.871665	0.871616	0.87173	0.871844	0.871741	0.871639	0.871718	0.871796	0.871704	0.871613	0.871664	0.871715	0.871658	0.8716	0.871629	0.871657	0.871638	
0.895162	0.895136	0.895151	0.895167	0.89516	0.895153	0.895154	0.895155	0.895151	0.895147	0.895134	0.895122	0.895084	0.895046	0.895017	0.894989	0.894856	0.894723	0.894672	0.89462	0.894325	0.89403	0.893966	0.893902	0.893487	0.893071	0.893312	0.893553	0.894124	0.894694	0.895413	0.896132	0.895968	0.895804	0.895247	0.89469	0.894105	0.89352	0.893375	0.893231	0.893573	0.893914	0.894083	0.894251	0.894439	0.894626	0.894769	0.894911	0.894942	0.894973	0.895078	0.895184	0.895137	0.895091	0.895166	0.895242	0.895179	0.895116	0.895168	0.89522	0.895172	0.895123	0.895155	0.895188	0.895162	
0.918685	0.918653	0.918675	0.918697	0.918668	0.918639	0.91865	0.91866	0.918614	0.918568	0.918569	0.918569	0.918464	0.91836	0.91835	0.91834	0.918122	0.917904	0.917888	0.917871	0.917526	0.917181	0.917224	0.917267	0.917041	0.916815	0.91739	0.917964	0.918483	0.919002	0.919301	0.919601	0.919284	0.918967	0.919084	0.919202	0.91855	0.917898	0.917392	0.916886	0.917071	0.917255	0.917322	0.917389	0.917633	0.917877	0.917993	0.918109	0.91822	0.91833	0.918427	0.918523	0.918533	0.918542	0.918615	0.918687	0.918654	0.91862	0.918673	0.918726	0.918686	0.918646	0.918682	0.918718	0.918685	
0.942186	0.942149	0.942176	0.942203	0.942157	0.942111	0.942129	0.942148	0.942074	0.942	0.942012	0.942024	0.941889	0.941754	0.941764	0.941775	0.941551	0.941327	0.941356	0.941385	0.941115	0.940845	0.940979	0.941113	0.941086	0.94106	0.941555	0.942051	0.942297	0.942543	0.942534	0.942525	0.942258	0.941992	0.942388	0.942785	0.942371	0.941957	0.941557	0.941156	0.941124	0.941091	0.941064	0.941036	0.94121	0.941385	0.941454	0.941523	0.941644	0.941765	0.941842	0.941919	0.941958	0.941997	0.942062	0.942127	0.942116	0.942106	0.942156	0.942207	0.942177	0.942146	0.942184	0.942222	0.942186	
0.965686	0.965645	0.965677	0.965709	0.965646	0.965583	0.965609	0.965635	0.965533	0.965431	0.965455	0.965479	0.965313	0.965148	0.965179	0.96521	0.96498	0.96475	0.964825	0.9649	0.964704	0.964508	0.964734	0.96496	0.965132	0.965304	0.96572	0.966137	0.96611	0.966084	0.965767	0.96545	0.965233	0.965016	0.965692	0.966368	0.966192	0.966017	0.965722	0.965427	0.965177	0.964927	0.964805	0.964683	0.964788	0.964892	0.964914	0.964936	0.965068	0.9652	0.965257	0.965315	0.965383	0.965452	0.965509	0.965566	0.965579	0.965591	0.96564	0.965688	0.965668	0.965647	0.965687	0.965726	0.965686	
0.989182	0.989139	0.989175	0.98921	0.989139	0.989067	0.989101	0.989134	0.989022	0.98891	0.988947	0.988983	0.98882	0.988657	0.98871	0.988763	0.988569	0.988376	0.988483	0.98859	0.988472	0.988353	0.988591	0.988829	0.988981	0.989133	0.989444	0.989755	0.989586	0.989417	0.989147	0.988876	0.988695	0.988513	0.989107	0.9897	0.989657	0.989614	0.989443	0.989273	0.989028	0.988783	0.988647	0.988511	0.988542	0.988573	0.988559	0.988546	0.988646	0.988746	0.988781	0.988816	0.988885	0.988953	0.988999	0.989045	0.989066	0.989087	0.989131	0.989176	0.98916	0.989145	0.989185	0.989224	0.989182	
1.01268	1.01263	1.01267	1.01271	1.01263	1.01255	1.01259	1.01263	1.01251	1.01239	1.01244	1.01249	1.01233	1.01217	1.01224	1.01232	1.01216	1.012	1.01214	1.01228	1.01224	1.0122	1.01245	1.0127	1.01283	1.01296	1.01317	1.01337	1.01306	1.01275	1.01253	1.0123	1.01216	1.01201	1.01252	1.01303	1.01312	1.01321	1.01316	1.01312	1.01288	1.01264	1.01249	1.01234	1.0123	1.01225	1.0122	1.01216	1.01222	1.01229	1.01231	1.01232	1.01239	1.01245	1.01249	1.01252	1.01255	1.01258	1.01262	1.01266	1.01265	1.01264	1.01268	1.01272	1.01268	
1.03619	1.03614	1.03618	1.03623	1.03615	1.03607	1.03611	1.03616	1.03604	1.03593	1.03599	1.03604	1.03591	1.03577	1.03585	1.03594	1.03582	1.03571	1.03585	1.036	1.03599	1.03598	1.0362	1.03642	1.03649	1.03657	1.0367	1.03683	1.03656	1.03628	1.03614	1.03599	1.03587	1.03575	1.03614	1.03653	1.03661	1.03668	1.0367	1.03672	1.03654	1.03635	1.03623	1.03611	1.03604	1.03597	1.0359	1.03584	1.03588	1.03591	1.03591	1.0359	1.03595	1.03601	1.03603	1.03605	1.03608	1.03611	1.03614	1.03617	1.03616	1.03616	1.03619	1.03623	1.03619	
1.0597	1.05965	1.0597	1.05974	1.05966	1.05958	1.05963	1.05968	1.05958	1.05947	1.05953	1.0596	1.05948	1.05937	1.05946	1.05956	1.05949	1.05941	1.05957	1.05972	1.05974	1.05977	1.05995	1.06014	1.06016	1.06018	1.06024	1.06029	1.06005	1.05982	1.05975	1.05969	1.05959	1.0595	1.05976	1.06002	1.06009	1.06016	1.06024	1.06031	1.06019	1.06007	1.05997	1.05987	1.05978	1.05968	1.0596	1.05953	1.05953	1.05953	1.05951	1.05949	1.05952	1.05956	1.05957	1.05958	1.05961	1.05963	1.05966	1.05969	1.05968	1.05967	1.05971	1.05974	1.0597	
1.08323	1.08319	1.08323	1.08327	1.0832	1.08313	1.08318	1.08324	1.08314	1.08305	1.08312	1.08319	1.0831	1.083	1.08311	1.08321	1.08316	1.08311	1.08326	1.0834	1.08342	1.08345	1.0836	1.08376	1.08374	1.08372	1.08376	1.08379	1.08359	1.08339	1.08337	1.08335	1.08327	1.08319	1.08338	1.08356	1.08361	1.08367	1.08375	1.08384	1.08376	1.08368	1.08361	1.08354	1.08345	1.08335	1.08328	1.08321	1.08319	1.08317	1.08314	1.08311	1.08313	1.08315	1.08315	1.08315	1.08317	1.08318	1.0832	1.08323	1.08321	1.0832	1.08324	1.08327	1.08323	
1.10676	1.10672	1.10676	1.10681	1.10674	1.10667	1.10673	1.10679	1.10671	1.10663	1.1067	1.10678	1.10671	1.10664	1.10675	1.10686	1.10683	1.10681	1.10695	1.10708	1.10711	1.10713	1.10725	1.10738	1.10732	1.10726	1.10728	1.1073	1.10713	1.10696	1.10699	1.10702	1.10696	1.10689	1.107	1.1071	1.10714	1.10718	1.10727	1.10737	1.10733	1.1073	1.10725	1.10721	1.10712	1.10703	1.10696	1.10689	1.10685	1.10681	1.10677	1.10673	1.10673	1.10673	1.10673	1.10672	1.10673	1.10673	1.10675	1.10677	1.10675	1.10674	1.10677	1.1068	1.10676	
1.13032	1.13028	1.13032	1.13036	1.13031	1.13025	1.13031	1.13036	1.1303	1.13023	1.13031	1.13039	1.13034	1.13029	1.13039	1.13049	1.13048	1.13047	1.13059	1.13071	1.13073	1.13074	1.13084	1.13094	1.13088	1.13081	1.13082	1.13083	1.1307	1.13057	1.13061	1.13064	1.13059	1.13054	1.13061	1.13068	1.1307	1.13073	1.13081	1.1309	1.13088	1.13086	1.13083	1.13081	1.13073	1.13066	1.1306	1.13053	1.13049	1.13044	1.1304	1.13036	1.13035	1.13034	1.13033	1.13031	1.13031	1.13031	1.13032	1.13033	1.13031	1.1303	1.13033	1.13035	1.13032	
1.15387	1.15383	1.15388	1.15392	1.15387	1.15382	1.15388	1.15394	1.15389	1.15384	1.15391	1.15399	1.15396	1.15393	1.15403	1.15412	1.15413	1.15413	1.15424	1.15434	1.15435	1.15436	1.15443	1.1545	1.15443	1.15437	1.15437	1.15437	1.15427	1.15417	1.15422	1.15427	1.15422	1.15418	1.15422	1.15426	1.15427	1.15428	1.15436	1.15443	1.15443	1.15443	1.15442	1.15441	1.15434	1.15428	1.15423	1.15418	1.15413	1.15407	1.15403	1.15399	1.15396	1.15394	1.15392	1.15391	1.15389	1.15388	1.15389	1.15389	1.15387	1.15385	1.15388	1.15391	1.15387	
1.17744	1.17741	1.17745	1.17749	1.17745	1.17741	1.17746	1.17752	1.17748	1.17744	1.17752	1.17759	1.17757	1.17755	1.17764	1.17773	1.17774	1.17775	1.17784	1.17793	1.17793	1.17793	1.17799	1.17804	1.17798	1.17791	1.17792	1.17792	1.17784	1.17776	1.1778	1.17785	1.17781	1.17778	1.1778	1.17782	1.17783	1.17784	1.1779	1.17797	1.17797	1.17797	1.17797	1.17797	1.17792	1.17787	1.17783	1.17779	1.17773	1.17768	1.17764	1.1776	1.17757	1.17754	1.17752	1.1775	1.17748	1.17746	1.17747	1.17747	1.17745	1.17743	1.17745	1.17747	1.17744	
1.20101	1.20098	1.20102	1.20106	1.20103	1.20099	1.20105	1.2011	1.20108	1.20105	1.20112	1.20119	1.20119	1.20118	1.20126	1.20134	1.20135	1.20136	1.20144	1.20152	1.20151	1.2015	1.20155	1.20159	1.20152	1.20146	1.20147	1.20147	1.20141	1.20135	1.20139	1.20143	1.2014	1.20137	1.20138	1.20139	1.2014	1.2014	1.20145	1.2015	1.20151	1.20152	1.20152	1.20153	1.2015	1.20146	1.20143	1.20139	1.20134	1.20129	1.20126	1.20122	1.20118	1.20114	1.20112	1.2011	1.20108	1.20105	1.20105	1.20105	1.20103	1.201	1.20102	1.20104	1.20101	
1.22459	1.22456	1.2246	1.22464	1.22461	1.22458	1.22464	1.22469	1.22467	1.22465	1.22472	1.22479	1.22478	1.22478	1.22486	1.22493	1.22494	1.22495	1.22501	1.22508	1.22507	1.22506	1.22509	1.22512	1.22507	1.22502	1.22502	1.22502	1.22498	1.22493	1.22496	1.22499	1.22497	1.22495	1.22495	1.22496	1.22496	1.22496	1.225	1.22504	1.22505	1.22506	1.22507	1.22508	1.22505	1.22502	1.225	1.22497	1.22493	1.22488	1.22485	1.22481	1.22478	1.22474	1.22472	1.2247	1.22467	1.22464	1.22464	1.22464	1.22461	1.22458	1.2246	1.22462	1.22459	
1.24817	1.24815	1.24818	1.24822	1.2482	1.24818	1.24823	1.24827	1.24826	1.24826	1.24832	1.24838	1.24838	1.24839	1.24845	1.24852	1.24853	1.24854	1.24859	1.24864	1.24863	1.24862	1.24864	1.24866	1.24861	1.24857	1.24857	1.24858	1.24854	1.24851	1.24853	1.24856	1.24854	1.24852	1.24853	1.24853	1.24853	1.24853	1.24856	1.24859	1.2486	1.2486	1.24862	1.24863	1.24861	1.24859	1.24857	1.24855	1.24851	1.24847	1.24844	1.24841	1.24837	1.24833	1.24831	1.24829	1.24826	1.24823	1.24822	1.24822	1.24819	1.24817	1.24818	1.2482	1.24817	
1.27176	1.27174	1.27177	1.2718	1.27178	1.27177	1.27181	1.27185	1.27185	1.27185	1.2719	1.27196	1.27196	1.27197	1.27203	1.27208	1.27209	1.2721	1.27214	1.27218	1.27217	1.27216	1.27218	1.27219	1.27215	1.27212	1.27212	1.27212	1.2721	1.27207	1.27209	1.27211	1.27209	1.27208	1.27208	1.27208	1.27208	1.27208	1.2721	1.27213	1.27214	1.27214	1.27216	1.27217	1.27215	1.27214	1.27212	1.27211	1.27207	1.27204	1.27201	1.27199	1.27195	1.27191	1.27189	1.27187	1.27184	1.27181	1.27181	1.2718	1.27178	1.27175	1.27176	1.27178	1.27176	
1.29534	1.29532	1.29535	1.29538	1.29537	1.29535	1.2954	1.29544	1.29544	1.29544	1.29549	1.29553	1.29554	1.29555	1.2956	1.29565	1.29565	1.29566	1.2957	1.29573	1.29572	1.2957	1.29571	1.29573	1.2957	1.29566	1.29567	1.29567	1.29565	1.29563	1.29564	1.29566	1.29565	1.29564	1.29564	1.29564	1.29564	1.29564	1.29565	1.29567	1.29568	1.29568	1.29569	1.29571	1.2957	1.29568	1.29568	1.29567	1.29564	1.29561	1.29559	1.29557	1.29553	1.29549	1.29548	1.29546	1.29543	1.29539	1.29539	1.29539	1.29536	1.29533	1.29535	1.29536	1.29534	
1.31892	1.31891	1.31893	1.31895	1.31895	1.31894	1.31897	1.31901	1.31901	1.31902	1.31906	1.3191	1.31911	1.31912	1.31916	1.3192	1.31921	1.31921	1.31924	1.31927	1.31925	1.31924	1.31925	1.31926	1.31924	1.31921	1.31921	1.31922	1.3192	1.31918	1.31919	1.3192	1.3192	1.31919	1.31919	1.31919	1.31919	1.31919	1.3192	1.31921	1.31922	1.31922	1.31923	1.31924	1.31924	1.31923	1.31922	1.31921	1.31919	1.31916	1.31915	1.31913	1.3191	1.31906	1.31905	1.31903	1.319	1.31897	1.31897	1.31897	1.31894	1.31892	1.31893	1.31894	1.31892	
1.3425	1.34249	1.34251	1.34253	1.34253	1.34252	1.34255	1.34258	1.34259	1.34259	1.34263	1.34267	1.34268	1.34269	1.34272	1.34275	1.34276	1.34276	1.34278	1.3428	1.34279	1.34278	1.34279	1.34279	1.34277	1.34276	1.34276	1.34276	1.34275	1.34274	1.34274	1.34275	1.34275	1.34274	1.34274	1.34274	1.34274	1.34274	1.34275	1.34276	1.34276	1.34276	1.34277	1.34278	1.34277	1.34277	1.34277	1.34276	1.34274	1.34272	1.34271	1.34269	1.34266	1.34263	1.34262	1.34261	1.34258	1.34255	1.34255	1.34255	1.34252	1.3425	1.34251	1.34252	1.3425	
1.36608	1.36607	1.36609	1.36611	1.3661	1.3661	1.36613	1.36615	1.36616	1.36616	1.36619	1.36622	1.36623	1.36624	1.36627	1.36629	1.3663	1.3663	1.36632	1.36633	1.36633	1.36632	1.36632	1.36633	1.36631	1.36629	1.3663	1.3663	1.36629	1.36628	1.36629	1.36629	1.36629	1.36628	1.36628	1.36628	1.36628	1.36628	1.36629	1.36629	1.3663	1.3663	1.36631	1.36631	1.36631	1.36631	1.3663	1.3663	1.36628	1.36627	1.36625	1.36624	1.36622	1.36619	1.36618	1.36617	1.36615	1.36612	1.36612	1.36612	1.3661	1.36608	1.36609	1.36609	1.36608	
1.38966	1.38965	1.38966	1.38968	1.38968	1.38968	1.3897	1.38972	1.38972	1.38973	1.38975	1.38978	1.38979	1.38979	1.38982	1.38984	1.38984	1.38984	1.38985	1.38987	1.38986	1.38985	1.38985	1.38986	1.38985	1.38983	1.38984	1.38984	1.38983	1.38982	1.38983	1.38983	1.38983	1.38982	1.38982	1.38982	1.38982	1.38982	1.38983	1.38983	1.38983	1.38984	1.38984	1.38985	1.38985	1.38984	1.38984	1.38984	1.38983	1.38981	1.3898	1.3898	1.38978	1.38975	1.38975	1.38974	1.38972	1.3897	1.38969	1.38969	1.38967	1.38966	1.38966	1.38967	1.38966	
1.41323	1.41322	1.41324	1.41325	1.41325	1.41325	1.41326	1.41328	1.41329	1.41329	1.41331	1.41333	1.41334	1.41334	1.41336	1.41337	1.41338	1.41338	1.41339	1.4134	1.41339	1.41339	1.41339	1.41339	1.41338	1.41337	1.41337	1.41337	1.41337	1.41337	1.41337	1.41337	1.41337	1.41337	1.41336	1.41336	1.41336	1.41336	1.41337	1.41337	1.41337	1.41337	1.41338	1.41338	1.41338	1.41338	1.41338	1.41338	1.41337	1.41335	1.41335	1.41334	1.41333	1.41331	1.4133	1.4133	1.41328	1.41326	1.41326	1.41326	1.41324	1.41323	1.41324	1.41324	1.41323	
1.43681	1.4368	1.43681	1.43682	1.43682	1.43682	1.43683	1.43684	1.43685	1.43685	1.43686	1.43688	1.43688	1.43689	1.4369	1.43691	1.43691	1.43691	1.43692	1.43693	1.43692	1.43692	1.43692	1.43692	1.43692	1.43691	1.43691	1.43691	1.43691	1.43691	1.43691	1.43691	1.43691	1.4369	1.4369	1.4369	1.4369	1.4369	1.43691	1.43691	1.43691	1.43691	1.43691	1.43692	1.43691	1.43691	1.43691	1.43691	1.43691	1.4369	1.43689	1.43689	1.43688	1.43686	1.43686	1.43685	1.43684	1.43683	1.43683	1.43682	1.43681	1.4368	1.43681	1.43681	1.43681	
1.46037	1.46037	1.46038	1.46038	1.46038	1.46038	1.46039	1.4604	1.4604	1.4604	1.46041	1.46042	1.46043	1.46043	1.46044	1.46045	1.46045	1.46045	1.46045	1.46046	1.46045	1.46045	1.46045	1.46045	1.46045	1.46044	1.46044	1.46044	1.46044	1.46044	1.46044	1.46044	1.46044	1.46044	1.46044	1.46044	1.46044	1.46044	1.46044	1.46044	1.46044	1.46044	1.46045	1.46045	1.46045	1.46045	1.46045	1.46045	1.46044	1.46044	1.46043	1.46043	1.46042	1.46041	1.46041	1.46041	1.4604	1.46039	1.46039	1.46039	1.46038	1.46037	1.46038	1.46038	1.46037	
1.48394	1.48394	1.48395	1.48395	1.48395	1.48395	1.48395	1.48396	1.48396	1.48396	1.48396	1.48397	1.48397	1.48397	1.48398	1.48398	1.48398	1.48398	1.48398	1.48398	1.48398	1.48398	1.48398	1.48398	1.48398	1.48398	1.48398	1.48398	1.48398	1.48398	1.48398	1.48398	1.48398	1.48398	1.48398	1.48398	1.48398	1.48398	1.48398	1.48398	1.48398	1.48398	1.48398	1.48398	1.48398	1.48398	1.48398	1.48398	1.48398	1.48397	1.48397	1.48397	1.48397	1.48396	1.48396	1.48396	1.48396	1.48395	1.48395	1.48395	1.48395	1.48394	1.48394	1.48395	1.48394	
1.50751	1.50751	1.50751	1.50751	1.50751	1.50751	1.50751	1.50751	1.50751	1.50751	1.50751	1.50751	1.50751	1.50751	1.50751	1.50751	1.50751	1.50751	1.50751	1.50751	1.50751	1.50751	1.50751	1.50751	1.50751	1.50751	1.50751	1.50751	1.50751	1.50751	1.50751	1.50751	1.50751	1.50751	1.50751	1.50751	1.50751	1.50751	1.50751	1.50751	1.50751	1.50751	1.50751	1.50751	1.50751	1.50751	1.50751	1.50751	1.50751	1.50751	1.50751	1.50751	1.50751	1.50751	1.50751	1.50751	1.50751	1.50751	1.50751	1.50751	1.50751	1.50751	1.50751	1.50751	1.50751	
