x=100	y=200	z=200	n=65	len=1
b
0	0	0	0	0	0	0	0	0	0	0	0	0	0	0	0	0	0	0	0	0	0	0	0	0	0	0	0	0	0	0	0	0	0	0	0	0	0	0	0	0	0	0	0	0	0	0	0	0	0	0	0	0	0	0	0	0	0	0	0	0	0	0	0	0	
0.0235953	0.0236061	0.0236046	0.0236032	0.0236395	0.0236759	0.0236691	0.0236623	0.0237193	0.0237764	0.0237612	0.0237461	0.0238093	0.0238726	0.0238481	0.0238237	0.0238721	0.0239204	0.0238928	0.0238651	0.0238856	0.0239061	0.0238925	0.0238788	0.0238847	0.0238905	0.0238806	0.0238707	0.0238848	0.0238988	0.0238473	0.0237957	0.0238243	0.023853	0.0238573	0.0238615	0.0238834	0.0239054	0.0238619	0.0238184	0.0238471	0.0238757	0.0238381	0.0238004	0.0238389	0.0238774	0.0238549	0.0238324	0.0238402	0.023848	0.0238206	0.0237933	0.0237712	0.0237492	0.0237231	0.023697	0.0236699	0.0236428	0.0236293	0.0236157	0.0236031	0.0235904	0.0235874	0.0235844	0.0235953	
0.0471784	0.0471975	0.0471958	0.0471941	0.0472602	0.0473264	0.0473136	0.0473008	0.047406	0.0475111	0.047483	0.0474548	0.0475737	0.0476926	0.0476478	0.0476029	0.0476974	0.0477918	0.0477385	0.0476851	0.0477281	0.047771	0.0477386	0.0477063	0.0477183	0.0477303	0.0477121	0.0476939	0.0477228	0.0477517	0.0476548	0.0475579	0.0476203	0.0476827	0.0476785	0.0476742	0.0477202	0.0477662	0.0476742	0.0475822	0.0476464	0.0477107	0.0476402	0.0475698	0.0476418	0.0477138	0.0476687	0.0476235	0.0476336	0.0476437	0.0475902	0.0475368	0.0474938	0.0474508	0.0474038	0.0473568	0.0473064	0.047256	0.0472342	0.0472124	0.0471887	0.047165	0.0471621	0.0471593	0.0471784	
0.0707615	0.0707889	0.0707869	0.070785	0.0708809	0.0709769	0.0709581	0.0709394	0.0710926	0.0712459	0.0712047	0.0711635	0.0713381	0.0715127	0.0714474	0.0713821	0.0715227	0.0716632	0.0715842	0.0715051	0.0715706	0.071636	0.0715848	0.0715337	0.0715519	0.0715701	0.0715435	0.071517	0.0715608	0.0716047	0.0714624	0.0713201	0.0714162	0.0715123	0.0714996	0.0714869	0.071557	0.071627	0.0714865	0.071346	0.0714458	0.0715457	0.0714424	0.0713391	0.0714447	0.0715503	0.0714825	0.0714147	0.071427	0.0714393	0.0713598	0.0712803	0.0712164	0.0711524	0.0710845	0.0710166	0.0709429	0.0708692	0.0708391	0.070809	0.0707743	0.0707395	0.0707368	0.0707341	0.0707615	
0.0942948	0.0943243	0.0943247	0.0943252	0.0944344	0.0945437	0.0945218	0.0944998	0.0946783	0.0948567	0.0948095	0.0947621	0.0949719	0.0951816	0.0951089	0.0950362	0.095216	0.0953958	0.0953026	0.0952093	0.0953044	0.0953995	0.0953248	0.0952501	0.0952767	0.0953033	0.0952759	0.0952484	0.0953026	0.0953569	0.0952096	0.0950622	0.0951855	0.0953088	0.0952614	0.0952139	0.095296	0.0953782	0.0951946	0.0950111	0.0951439	0.0952767	0.0951553	0.0950339	0.0951491	0.0952643	0.0951733	0.0950824	0.0950816	0.0950808	0.0949805	0.0948802	0.094799	0.0947177	0.0946425	0.0945673	0.0944802	0.0943931	0.0943669	0.0943407	0.0942992	0.0942576	0.0942615	0.0942653	0.0942948	
0.117828	0.11786	0.117863	0.117865	0.117988	0.118111	0.118085	0.11806	0.118264	0.118468	0.118414	0.118361	0.118606	0.11885	0.11877	0.11869	0.118909	0.119128	0.119021	0.118914	0.119038	0.119163	0.119065	0.118966	0.119002	0.119037	0.119008	0.11898	0.119044	0.119109	0.118957	0.118804	0.118955	0.119105	0.119023	0.118941	0.119035	0.119129	0.118903	0.118676	0.118842	0.119008	0.118868	0.118729	0.118854	0.118978	0.118864	0.11875	0.118736	0.118722	0.118601	0.11848	0.118382	0.118283	0.1182	0.118118	0.118018	0.117917	0.117895	0.117872	0.117824	0.117776	0.117786	0.117796	0.117828	
0.141319	0.141346	0.141351	0.141356	0.141473	0.141589	0.141561	0.141534	0.141732	0.141931	0.141876	0.141822	0.142069	0.142316	0.142243	0.142169	0.142405	0.142642	0.142541	0.14244	0.142594	0.142749	0.142627	0.142505	0.142551	0.142596	0.142542	0.142488	0.142555	0.142623	0.142517	0.142412	0.14258	0.142747	0.142587	0.142428	0.142539	0.14265	0.142416	0.142181	0.142373	0.142565	0.142427	0.142288	0.14239	0.142493	0.142359	0.142225	0.14219	0.142155	0.142029	0.141902	0.1418	0.141697	0.141627	0.141557	0.141459	0.141361	0.141354	0.141348	0.141299	0.141251	0.141271	0.141291	0.141319	
0.164809	0.164833	0.16484	0.164847	0.164957	0.165067	0.165037	0.165007	0.165201	0.165395	0.165339	0.165283	0.165532	0.165782	0.165715	0.165647	0.165901	0.166155	0.166061	0.165966	0.166151	0.166335	0.16619	0.166044	0.1661	0.166155	0.166076	0.165996	0.166066	0.166136	0.166078	0.16602	0.166205	0.166389	0.166152	0.165914	0.166043	0.166171	0.165929	0.165686	0.165905	0.166123	0.165985	0.165847	0.165927	0.166008	0.165854	0.1657	0.165644	0.165588	0.165456	0.165324	0.165218	0.165111	0.165054	0.164996	0.1649	0.164804	0.164814	0.164823	0.164775	0.164727	0.164756	0.164785	0.164809	
0.18826	0.188275	0.188281	0.188288	0.188376	0.188463	0.188431	0.188399	0.18856	0.188721	0.188668	0.188614	0.188829	0.189043	0.188992	0.188942	0.189176	0.18941	0.189351	0.189292	0.189491	0.189691	0.189556	0.189422	0.189494	0.189566	0.189426	0.189286	0.189342	0.189397	0.189424	0.189451	0.189621	0.189791	0.189467	0.189143	0.189294	0.189446	0.189262	0.189078	0.189282	0.189486	0.189351	0.189216	0.189247	0.189279	0.189115	0.188951	0.188885	0.188819	0.188706	0.188593	0.188503	0.188413	0.188385	0.188358	0.188279	0.188201	0.188229	0.188258	0.188216	0.188173	0.188209	0.188244	0.18826	
0.21171	0.211718	0.211723	0.211728	0.211794	0.21186	0.211826	0.211792	0.21192	0.212047	0.211997	0.211946	0.212125	0.212304	0.21227	0.212236	0.212451	0.212665	0.212641	0.212617	0.212832	0.213047	0.212923	0.212799	0.212888	0.212977	0.212776	0.212575	0.212617	0.212659	0.21277	0.212881	0.213037	0.213193	0.212782	0.212371	0.212546	0.212721	0.212595	0.212469	0.212659	0.212849	0.212717	0.212585	0.212567	0.21255	0.212376	0.212202	0.212126	0.21205	0.211956	0.211862	0.211789	0.211715	0.211717	0.21172	0.211658	0.211597	0.211645	0.211693	0.211657	0.21162	0.211662	0.211703	0.21171	
0.235171	0.23517	0.235169	0.235169	0.235207	0.235245	0.235209	0.235173	0.235254	0.235334	0.235284	0.235233	0.23535	0.235466	0.235441	0.235417	0.235568	0.235719	0.235736	0.235753	0.235942	0.236132	0.236078	0.236025	0.236136	0.236248	0.235994	0.235741	0.235748	0.235756	0.235876	0.235995	0.236124	0.236252	0.235827	0.235401	0.235622	0.235843	0.235819	0.235796	0.235905	0.236015	0.235875	0.235735	0.235675	0.235615	0.235466	0.235318	0.23526	0.235203	0.235161	0.235119	0.235077	0.235036	0.235074	0.235112	0.235075	0.235039	0.235095	0.235152	0.235126	0.235099	0.235135	0.235171	0.235171	
0.258631	0.258622	0.258616	0.258609	0.25862	0.25863	0.258593	0.258555	0.258587	0.25862	0.258571	0.258521	0.258574	0.258627	0.258612	0.258597	0.258685	0.258773	0.258831	0.258889	0.259053	0.259217	0.259234	0.259251	0.259385	0.259519	0.259213	0.258906	0.25888	0.258853	0.258981	0.259109	0.259211	0.259312	0.258872	0.258432	0.258698	0.258965	0.259044	0.259123	0.259151	0.25918	0.259033	0.258886	0.258783	0.258679	0.258556	0.258434	0.258395	0.258355	0.258365	0.258375	0.258366	0.258357	0.258431	0.258505	0.258493	0.25848	0.258546	0.258612	0.258595	0.258578	0.258609	0.258639	0.258631	
0.282127	0.282117	0.282101	0.282085	0.282075	0.282064	0.282028	0.281992	0.28198	0.281968	0.281922	0.281876	0.281858	0.281841	0.281823	0.281806	0.281796	0.281786	0.281859	0.281931	0.281998	0.282065	0.282188	0.28231	0.282448	0.282586	0.28238	0.282174	0.282098	0.282022	0.281999	0.281975	0.282019	0.282062	0.281848	0.281633	0.28189	0.282147	0.282245	0.282344	0.282256	0.282169	0.282019	0.281869	0.281788	0.281706	0.28166	0.281614	0.281622	0.281631	0.281703	0.281775	0.281799	0.281823	0.281913	0.282003	0.282012	0.282021	0.282073	0.282125	0.28212	0.282115	0.282126	0.282137	0.282127	
0.305624	0.305612	0.305586	0.305561	0.305529	0.305498	0.305463	0.305428	0.305372	0.305316	0.305273	0.305231	0.305142	0.305054	0.305035	0.305015	0.304907	0.3048	0.304887	0.304974	0.304944	0.304914	0.305142	0.30537	0.305511	0.305653	0.305548	0.305443	0.305317	0.305192	0.305016	0.304841	0.304827	0.304813	0.304824	0.304835	0.305082	0.305328	0.305446	0.305565	0.305361	0.305158	0.305005	0.304852	0.304793	0.304733	0.304764	0.304795	0.304851	0.304906	0.305041	0.305175	0.305232	0.305289	0.305395	0.305501	0.305531	0.305562	0.3056	0.305638	0.305645	0.305651	0.305643	0.305636	0.305624	
0.329225	0.329222	0.329185	0.329149	0.329116	0.329083	0.329049	0.329014	0.328942	0.328871	0.32883	0.32879	0.328668	0.328546	0.328511	0.328476	0.328299	0.328122	0.328164	0.328206	0.32804	0.327874	0.32811	0.328346	0.328402	0.328458	0.328601	0.328744	0.328631	0.328518	0.328159	0.3278	0.327748	0.327695	0.328057	0.328419	0.3285	0.328581	0.328605	0.328629	0.328392	0.328156	0.328105	0.328055	0.328069	0.328083	0.328223	0.328363	0.328446	0.328529	0.328694	0.328858	0.328923	0.328989	0.329074	0.32916	0.3292	0.32924	0.329247	0.329253	0.329272	0.329291	0.32926	0.329229	0.329225	
0.352826	0.352831	0.352784	0.352738	0.352703	0.352668	0.352634	0.3526	0.352513	0.352425	0.352387	0.352349	0.352194	0.352039	0.351988	0.351937	0.351691	0.351444	0.351441	0.351438	0.351136	0.350834	0.351078	0.351321	0.351292	0.351264	0.351655	0.352046	0.351945	0.351845	0.351302	0.35076	0.350669	0.350577	0.35129	0.352003	0.351919	0.351834	0.351764	0.351693	0.351423	0.351153	0.351206	0.351258	0.351346	0.351434	0.351683	0.351932	0.352042	0.352152	0.352347	0.352541	0.352615	0.352688	0.352754	0.352819	0.352869	0.352918	0.352893	0.352868	0.3529	0.352931	0.352876	0.352821	0.352826	
0.376563	0.376581	0.37653	0.376478	0.376455	0.376433	0.376398	0.376363	0.376288	0.376212	0.376179	0.376147	0.376004	0.375862	0.375812	0.375762	0.375525	0.375288	0.375239	0.37519	0.374833	0.374476	0.374577	0.374679	0.374439	0.374198	0.374665	0.375132	0.375141	0.375151	0.374806	0.37446	0.374294	0.374129	0.374876	0.375622	0.375329	0.375035	0.374929	0.374823	0.374749	0.374675	0.374897	0.375119	0.375245	0.37537	0.375648	0.375926	0.376016	0.376106	0.376257	0.376408	0.376471	0.376535	0.376556	0.376577	0.376632	0.376687	0.376637	0.376588	0.376632	0.376675	0.37661	0.376545	0.376563	
0.400301	0.400332	0.400275	0.400218	0.400208	0.400199	0.400163	0.400126	0.400063	0.399999	0.399971	0.399944	0.399815	0.399686	0.399637	0.399588	0.399359	0.399131	0.399036	0.398941	0.398529	0.398117	0.398077	0.398037	0.397585	0.397133	0.397675	0.398218	0.398338	0.398458	0.398309	0.39816	0.39792	0.397681	0.398461	0.399241	0.398739	0.398236	0.398095	0.397953	0.398075	0.398197	0.398589	0.398981	0.399143	0.399306	0.399613	0.399921	0.39999	0.40006	0.400167	0.400275	0.400328	0.400381	0.400358	0.400334	0.400394	0.400455	0.400382	0.400308	0.400364	0.400419	0.400344	0.400269	0.400301	
0.424226	0.424266	0.424211	0.424157	0.424165	0.424173	0.424132	0.424091	0.424057	0.424022	0.423995	0.423968	0.423886	0.423804	0.423776	0.423747	0.423604	0.423461	0.423399	0.423338	0.423052	0.422766	0.422676	0.422587	0.422099	0.421611	0.421906	0.4222	0.422121	0.422042	0.422231	0.42242	0.422081	0.421741	0.422263	0.422785	0.4225	0.422214	0.422336	0.422458	0.422619	0.422779	0.423166	0.423553	0.423623	0.423693	0.423892	0.42409	0.424113	0.424137	0.424171	0.424206	0.424248	0.424291	0.424248	0.424205	0.424265	0.424325	0.424261	0.424196	0.424255	0.424313	0.424249	0.424186	0.424226	
0.448151	0.448199	0.448148	0.448096	0.448121	0.448146	0.448101	0.448056	0.44805	0.448045	0.448018	0.447991	0.447957	0.447923	0.447915	0.447907	0.447849	0.447791	0.447763	0.447735	0.447574	0.447414	0.447276	0.447138	0.446614	0.44609	0.446136	0.446183	0.445904	0.445626	0.446153	0.446681	0.446241	0.445801	0.446065	0.446329	0.44626	0.446192	0.446578	0.446963	0.447163	0.447362	0.447744	0.448125	0.448103	0.448081	0.448171	0.44826	0.448237	0.448213	0.448175	0.448137	0.448169	0.4482	0.448138	0.448076	0.448136	0.448196	0.44814	0.448084	0.448146	0.448207	0.448155	0.448102	0.448151	
0.472179	0.472222	0.472182	0.472143	0.472176	0.472208	0.47217	0.472132	0.472145	0.472159	0.472141	0.472123	0.472116	0.472109	0.472131	0.472152	0.472141	0.472129	0.472193	0.472256	0.472231	0.472206	0.472269	0.472333	0.472104	0.471876	0.471905	0.471933	0.47159	0.471247	0.471958	0.472668	0.472025	0.471382	0.471527	0.471673	0.471637	0.471601	0.471953	0.472305	0.472296	0.472287	0.472406	0.472525	0.472438	0.472351	0.472322	0.472292	0.472265	0.472239	0.472179	0.472118	0.472144	0.47217	0.472125	0.47208	0.472125	0.47217	0.472139	0.472108	0.472154	0.472201	0.472168	0.472135	0.472179	
0.496206	0.496244	0.496217	0.496189	0.49623	0.49627	0.496239	0.496207	0.49624	0.496273	0.496263	0.496254	0.496275	0.496296	0.496347	0.496398	0.496433	0.496468	0.496623	0.496778	0.496888	0.496998	0.497262	0.497527	0.497595	0.497662	0.497673	0.497684	0.497276	0.496869	0.497762	0.498656	0.497809	0.496963	0.49699	0.497018	0.497014	0.49701	0.497328	0.497646	0.497429	0.497212	0.497069	0.496926	0.496774	0.496621	0.496473	0.496324	0.496294	0.496264	0.496182	0.4961	0.49612	0.496139	0.496112	0.496085	0.496114	0.496143	0.496137	0.496131	0.496163	0.496195	0.496182	0.496168	0.496206	
0.520127	0.520154	0.520141	0.520127	0.520172	0.520217	0.520212	0.520207	0.520257	0.520308	0.520336	0.520365	0.520409	0.520453	0.520548	0.520643	0.520689	0.520734	0.520942	0.521151	0.521258	0.521365	0.521735	0.522106	0.522369	0.522633	0.523026	0.523418	0.52344	0.523461	0.524359	0.525256	0.524478	0.523701	0.523546	0.523391	0.522997	0.522603	0.522477	0.522352	0.521995	0.521638	0.521409	0.521181	0.521031	0.520882	0.520717	0.520552	0.520495	0.520438	0.520351	0.520265	0.52024	0.520215	0.520182	0.520149	0.520139	0.520128	0.520118	0.520108	0.520114	0.52012	0.52011	0.5201	0.520127	
0.544048	0.544064	0.544065	0.544065	0.544114	0.544163	0.544185	0.544208	0.544275	0.544343	0.544409	0.544475	0.544543	0.54461	0.544749	0.544889	0.544944	0.544999	0.545261	0.545523	0.545627	0.545732	0.546209	0.546685	0.547144	0.547603	0.548378	0.549153	0.549603	0.550054	0.550955	0.551857	0.551148	0.550439	0.550102	0.549765	0.54898	0.548196	0.547626	0.547057	0.54656	0.546063	0.545749	0.545436	0.545289	0.545142	0.544961	0.544779	0.544696	0.544612	0.544521	0.54443	0.54436	0.54429	0.544252	0.544214	0.544163	0.544113	0.544099	0.544085	0.544064	0.544044	0.544038	0.544031	0.544048	
0.567566	0.567578	0.567586	0.567595	0.567643	0.567692	0.567744	0.567796	0.567872	0.567948	0.568067	0.568185	0.56828	0.568375	0.568587	0.5688	0.568905	0.569011	0.569356	0.569701	0.569859	0.570016	0.570571	0.571126	0.571557	0.571988	0.572811	0.573634	0.574394	0.575153	0.574461	0.573769	0.574179	0.574588	0.57431	0.574032	0.573196	0.572359	0.571908	0.571457	0.571052	0.570648	0.570275	0.569902	0.569683	0.569465	0.5692	0.568936	0.568779	0.568622	0.568462	0.568302	0.568185	0.568069	0.56798	0.567891	0.567818	0.567744	0.567697	0.567651	0.567621	0.567591	0.567572	0.567553	0.567566	
0.591083	0.591092	0.591108	0.591124	0.591172	0.59122	0.591302	0.591383	0.591469	0.591554	0.591724	0.591895	0.592017	0.59214	0.592425	0.59271	0.592866	0.593022	0.593451	0.593879	0.59409	0.594301	0.594933	0.595566	0.59597	0.596373	0.597245	0.598116	0.599184	0.600253	0.597967	0.595682	0.59721	0.598737	0.598519	0.5983	0.597411	0.596522	0.596189	0.595857	0.595545	0.595233	0.594801	0.594369	0.594078	0.593787	0.59344	0.593093	0.592862	0.592632	0.592403	0.592173	0.592011	0.591849	0.591709	0.591568	0.591472	0.591375	0.591296	0.591217	0.591177	0.591138	0.591106	0.591075	0.591083	
0.61413	0.614142	0.614156	0.614169	0.614208	0.614247	0.614326	0.614406	0.614473	0.614541	0.614709	0.614878	0.614985	0.615093	0.615381	0.615669	0.615835	0.616002	0.616451	0.616899	0.617187	0.617474	0.618183	0.618891	0.619391	0.619891	0.620937	0.621983	0.623604	0.625225	0.623578	0.621931	0.622933	0.623934	0.623162	0.622389	0.62126	0.620131	0.619742	0.619354	0.619008	0.618662	0.618127	0.617592	0.617228	0.616864	0.616475	0.616086	0.615849	0.615613	0.61537	0.615127	0.614985	0.614842	0.614696	0.614549	0.614476	0.614404	0.61432	0.614236	0.614212	0.614189	0.614154	0.614119	0.61413	
0.637177	0.637193	0.637204	0.637215	0.637244	0.637273	0.637351	0.637428	0.637478	0.637527	0.637694	0.637861	0.637954	0.638046	0.638337	0.638628	0.638805	0.638981	0.63945	0.63992	0.640283	0.640646	0.641432	0.642217	0.642813	0.643409	0.644629	0.645849	0.648023	0.648388	0.647665	0.646817	0.647147	0.647389	0.646347	0.646478	0.645108	0.643739	0.643295	0.642851	0.64247	0.64209	0.641452	0.640815	0.640377	0.63994	0.639509	0.639079	0.638837	0.638594	0.638338	0.638082	0.637959	0.637836	0.637683	0.63753	0.637481	0.637432	0.637343	0.637254	0.637247	0.637241	0.637201	0.637162	0.637177	
0.659979	0.659992	0.659994	0.659995	0.660005	0.660014	0.660049	0.660083	0.660091	0.660099	0.660178	0.660258	0.660278	0.660299	0.660439	0.66058	0.66064	0.660701	0.66093	0.661159	0.661332	0.661505	0.661918	0.662331	0.662619	0.662906	0.663307	0.663709	0.664423	0.666331	0.666989	0.667673	0.668075	0.668209	0.667077	0.664521	0.663872	0.663223	0.663071	0.662919	0.662602	0.662285	0.662009	0.661734	0.661442	0.66115	0.660979	0.660808	0.660663	0.660517	0.660422	0.660327	0.660267	0.660207	0.660149	0.660091	0.660078	0.660066	0.660028	0.65999	0.659999	0.660008	0.659987	0.659966	0.659979	
0.682781	0.682792	0.682784	0.682775	0.682765	0.682755	0.682747	0.682738	0.682704	0.68267	0.682663	0.682655	0.682603	0.682552	0.682541	0.682531	0.682476	0.682421	0.68241	0.682399	0.682381	0.682363	0.682404	0.682445	0.682424	0.682402	0.681985	0.681568	0.680823	0.679202	0.68055	0.681602	0.681697	0.682277	0.682518	0.682464	0.682489	0.682706	0.682847	0.682987	0.682733	0.682479	0.682566	0.682653	0.682507	0.682361	0.682449	0.682538	0.682489	0.682439	0.682505	0.682571	0.682575	0.682578	0.682614	0.682651	0.682675	0.682699	0.682713	0.682726	0.68275	0.682775	0.682772	0.68277	0.682781	
0.705732	0.705731	0.705715	0.705699	0.705669	0.705639	0.705593	0.705548	0.705483	0.705418	0.705338	0.705257	0.70515	0.705043	0.704913	0.704783	0.704619	0.704455	0.70425	0.704044	0.703769	0.703495	0.703166	0.702837	0.702246	0.701656	0.700302	0.698949	0.696486	0.690362	0.691575	0.691076	0.689944	0.691374	0.694208	0.696159	0.698748	0.701082	0.701945	0.702808	0.702912	0.703016	0.703454	0.703892	0.70398	0.704068	0.704374	0.70468	0.704732	0.704784	0.704975	0.705167	0.70521	0.705253	0.705365	0.705477	0.705512	0.705547	0.705603	0.70566	0.705681	0.705702	0.705717	0.705733	0.705732	
0.728682	0.728669	0.728646	0.728622	0.728572	0.728522	0.72844	0.728358	0.728262	0.728165	0.728013	0.72786	0.727698	0.727535	0.727285	0.727034	0.726762	0.72649	0.726089	0.725688	0.725157	0.724627	0.723928	0.723229	0.722069	0.720909	0.718619	0.716329	0.712149	0.707208	0.708862	0.705419	0.699151	0.705427	0.712569	0.715521	0.718483	0.719457	0.721043	0.722628	0.723091	0.723553	0.724341	0.72513	0.725453	0.725776	0.726299	0.726822	0.726975	0.727128	0.727445	0.727763	0.727846	0.727929	0.728115	0.728302	0.728348	0.728394	0.728494	0.728593	0.728611	0.728629	0.728662	0.728695	0.728682	
0.752009	0.751985	0.751961	0.751937	0.751879	0.75182	0.751733	0.751645	0.75155	0.751455	0.751288	0.751122	0.750982	0.750842	0.750566	0.750289	0.750084	0.749878	0.749435	0.748992	0.748622	0.748251	0.747505	0.746758	0.74591	0.745062	0.743721	0.742381	0.740265	0.736997	0.739847	0.742644	0.752814	0.74279	0.743158	0.74319	0.743635	0.744883	0.745509	0.746135	0.746691	0.747246	0.747911	0.748576	0.748925	0.749274	0.749743	0.750212	0.750383	0.750554	0.75085	0.751145	0.751231	0.751318	0.751496	0.751675	0.751715	0.751756	0.751853	0.75195	0.751958	0.751966	0.752	0.752033	0.752009	
0.775336	0.775302	0.775277	0.775252	0.775185	0.775118	0.775025	0.774933	0.774839	0.774745	0.774564	0.774383	0.774266	0.774149	0.773847	0.773545	0.773406	0.773267	0.772782	0.772297	0.772086	0.771875	0.771081	0.770287	0.769751	0.769215	0.768824	0.768433	0.76838	0.768906	0.770861	0.777559	0.784544	0.777759	0.771783	0.77007	0.76935	0.770309	0.769976	0.769642	0.77029	0.770939	0.77148	0.772021	0.772396	0.772771	0.773187	0.773603	0.773792	0.77398	0.774254	0.774528	0.774617	0.774707	0.774877	0.775048	0.775082	0.775117	0.775212	0.775307	0.775305	0.775304	0.775337	0.775371	0.775336	
0.79895	0.798921	0.798895	0.798869	0.798804	0.798739	0.798653	0.798567	0.798476	0.798384	0.798217	0.798049	0.797942	0.797834	0.79755	0.797266	0.797152	0.797038	0.796588	0.796137	0.796003	0.795868	0.795169	0.79447	0.79421	0.793949	0.793114	0.792278	0.792444	0.791655	0.790789	0.791255	0.793406	0.792038	0.79115	0.791505	0.79253	0.793464	0.793612	0.79376	0.794367	0.794975	0.795366	0.795756	0.796151	0.796547	0.796868	0.797189	0.797428	0.797668	0.797885	0.798102	0.798237	0.798372	0.798504	0.798636	0.798701	0.798766	0.798837	0.798908	0.798922	0.798936	0.798957	0.798978	0.79895	
0.822564	0.822541	0.822513	0.822486	0.822423	0.82236	0.822281	0.822202	0.822113	0.822024	0.821869	0.821715	0.821617	0.821519	0.821254	0.820988	0.820899	0.820809	0.820394	0.819978	0.819919	0.819861	0.819257	0.818653	0.818669	0.818684	0.817403	0.816122	0.816507	0.81658	0.815222	0.814449	0.81473	0.815064	0.816042	0.816897	0.817283	0.816619	0.817248	0.817877	0.818444	0.819011	0.819251	0.819491	0.819907	0.820322	0.820548	0.820774	0.821065	0.821357	0.821517	0.821677	0.821857	0.822036	0.822131	0.822225	0.822321	0.822416	0.822462	0.822508	0.822538	0.822568	0.822577	0.822586	0.822564	
0.846354	0.846359	0.846326	0.846294	0.846257	0.84622	0.846151	0.846081	0.846023	0.845965	0.845843	0.84572	0.845665	0.84561	0.845422	0.845234	0.845206	0.845178	0.844926	0.844674	0.844688	0.844702	0.844411	0.84412	0.844158	0.844196	0.843921	0.843645	0.843921	0.844859	0.844446	0.843851	0.844001	0.844183	0.84495	0.845293	0.844504	0.843984	0.843672	0.84336	0.843785	0.84421	0.844123	0.844037	0.844379	0.844722	0.844755	0.844788	0.845066	0.845344	0.845404	0.845464	0.845666	0.845869	0.84591	0.845952	0.84608	0.846209	0.846225	0.846241	0.846302	0.846364	0.846357	0.84635	0.846354	
0.870145	0.870176	0.870139	0.870102	0.870092	0.870081	0.870021	0.86996	0.869933	0.869906	0.869816	0.869725	0.869713	0.869701	0.86959	0.869479	0.869513	0.869547	0.869459	0.86937	0.869456	0.869543	0.869565	0.869587	0.869648	0.869708	0.870438	0.871168	0.871336	0.871505	0.871713	0.871921	0.872078	0.872236	0.872156	0.872076	0.871712	0.871348	0.870095	0.868843	0.869126	0.869408	0.868996	0.868583	0.868852	0.869122	0.868961	0.868801	0.869066	0.869332	0.869291	0.869251	0.869476	0.869701	0.86969	0.869678	0.86984	0.870002	0.869988	0.869973	0.870066	0.87016	0.870136	0.870113	0.870145	
0.894064	0.894128	0.894083	0.894038	0.894085	0.894131	0.894078	0.894024	0.894081	0.894139	0.894082	0.894024	0.894129	0.894234	0.894192	0.894151	0.894329	0.894507	0.894511	0.894515	0.894748	0.89498	0.895039	0.895098	0.895265	0.895433	0.895606	0.895779	0.895581	0.895384	0.895514	0.895645	0.895672	0.895699	0.895606	0.895513	0.895755	0.895997	0.895468	0.89494	0.894955	0.894969	0.894564	0.894159	0.894174	0.89419	0.89394	0.893691	0.893771	0.893851	0.893727	0.893603	0.893726	0.893849	0.893785	0.893722	0.893846	0.89397	0.893927	0.893884	0.893981	0.894079	0.894039	0.893999	0.894064	
0.917983	0.91808	0.918027	0.917975	0.918078	0.918181	0.918134	0.918088	0.91823	0.918372	0.918347	0.918323	0.918545	0.918766	0.918795	0.918823	0.919145	0.919467	0.919563	0.91966	0.920039	0.920418	0.920513	0.920608	0.920883	0.921158	0.920774	0.92039	0.919826	0.919262	0.919316	0.919369	0.919265	0.919161	0.919056	0.91895	0.919798	0.920646	0.920841	0.921037	0.920783	0.92053	0.920132	0.919735	0.919497	0.919258	0.918919	0.91858	0.918476	0.918371	0.918163	0.917955	0.917975	0.917996	0.917881	0.917766	0.917852	0.917937	0.917866	0.917795	0.917897	0.917998	0.917942	0.917885	0.917983	
0.942023	0.942137	0.942075	0.942014	0.942169	0.942325	0.942274	0.942223	0.942436	0.942649	0.942621	0.942594	0.942872	0.94315	0.943158	0.943165	0.943473	0.943782	0.943798	0.943814	0.944054	0.944293	0.944218	0.944143	0.944206	0.94427	0.943971	0.943672	0.943925	0.944178	0.944133	0.944088	0.943954	0.94382	0.943716	0.943612	0.943704	0.943795	0.94399	0.944185	0.944203	0.94422	0.944052	0.943883	0.943744	0.943605	0.943358	0.943111	0.942963	0.942815	0.942621	0.942427	0.942356	0.942285	0.942161	0.942036	0.942049	0.942062	0.94198	0.941898	0.94197	0.942042	0.941976	0.941909	0.942023	
0.966063	0.966193	0.966123	0.966053	0.966261	0.966469	0.966413	0.966357	0.966641	0.966926	0.966895	0.966864	0.9672	0.967535	0.967521	0.967507	0.967802	0.968097	0.968033	0.967968	0.968068	0.968168	0.967923	0.967677	0.96753	0.967383	0.967168	0.966953	0.968023	0.969093	0.968949	0.968806	0.968642	0.968479	0.968377	0.968275	0.96761	0.966944	0.967139	0.967334	0.967622	0.96791	0.967971	0.968031	0.967991	0.967951	0.967796	0.967641	0.96745	0.967259	0.967079	0.966898	0.966736	0.966574	0.96644	0.966307	0.966247	0.966188	0.966094	0.966	0.966044	0.966087	0.96601	0.965932	0.966063	
0.990053	0.990173	0.9901	0.990027	0.99023	0.990434	0.990368	0.990303	0.990561	0.99082	0.990766	0.990713	0.990966	0.991219	0.99116	0.991101	0.991252	0.991404	0.991295	0.991187	0.991178	0.991169	0.991016	0.990862	0.990925	0.990987	0.991109	0.991232	0.991863	0.992494	0.992147	0.9918	0.991672	0.991544	0.991808	0.992071	0.991577	0.991084	0.990917	0.990751	0.990894	0.991037	0.991078	0.99112	0.991206	0.991293	0.991238	0.991182	0.991103	0.991024	0.990918	0.990811	0.990681	0.990551	0.990453	0.990354	0.990278	0.990201	0.990122	0.990042	0.990062	0.990081	0.990007	0.989934	0.990053	
1.01404	1.01415	1.01408	1.014	1.0142	1.0144	1.01432	1.01425	1.01448	1.01471	1.01464	1.01456	1.01473	1.0149	1.0148	1.01469	1.0147	1.01471	1.01456	1.01441	1.01429	1.01417	1.01411	1.01405	1.01432	1.01459	1.01505	1.01551	1.0157	1.01589	1.01534	1.01479	1.0147	1.01461	1.01524	1.01587	1.01555	1.01522	1.0147	1.01417	1.01417	1.01416	1.01419	1.01421	1.01442	1.01463	1.01468	1.01472	1.01476	1.01479	1.01476	1.01472	1.01463	1.01453	1.01446	1.0144	1.01431	1.01421	1.01415	1.01408	1.01408	1.01408	1.01401	1.01394	1.01404	
1.03781	1.03789	1.03782	1.03775	1.03789	1.03803	1.03795	1.03788	1.03801	1.03814	1.03806	1.03797	1.03802	1.03807	1.03797	1.03787	1.0378	1.03773	1.03765	1.03757	1.03754	1.03751	1.0376	1.03769	1.03805	1.03841	1.03862	1.03882	1.03861	1.0384	1.03801	1.03762	1.03764	1.03766	1.03812	1.03859	1.03854	1.0385	1.03832	1.03814	1.03792	1.0377	1.03762	1.03754	1.03766	1.03778	1.03781	1.03784	1.03794	1.03805	1.03806	1.03807	1.03806	1.03805	1.03803	1.03801	1.03796	1.03792	1.03788	1.03784	1.03784	1.03784	1.03778	1.03773	1.03781	
1.06157	1.06162	1.06156	1.06151	1.06158	1.06166	1.06158	1.0615	1.06154	1.06158	1.06148	1.06139	1.06131	1.06124	1.06114	1.06104	1.0609	1.06075	1.06074	1.06073	1.06079	1.06085	1.0611	1.06134	1.06178	1.06223	1.06218	1.06213	1.06152	1.06091	1.06068	1.06045	1.06058	1.0607	1.061	1.06131	1.06154	1.06177	1.06194	1.06211	1.06167	1.06124	1.06106	1.06087	1.0609	1.06092	1.06094	1.06096	1.06113	1.0613	1.06136	1.06142	1.0615	1.06158	1.0616	1.06162	1.06162	1.06162	1.06161	1.0616	1.0616	1.0616	1.06156	1.06153	1.06157	
1.08502	1.08503	1.08499	1.08496	1.08495	1.08495	1.0849	1.08484	1.08478	1.08472	1.08465	1.08459	1.08445	1.08431	1.08427	1.08423	1.08411	1.084	1.08406	1.08413	1.08425	1.08437	1.08458	1.08479	1.08497	1.08515	1.08498	1.08482	1.0843	1.08379	1.08397	1.08414	1.08426	1.08438	1.08424	1.08409	1.08429	1.08449	1.08482	1.08514	1.08488	1.08462	1.08451	1.0844	1.08432	1.08423	1.08422	1.08421	1.08433	1.08446	1.08451	1.08456	1.08468	1.0848	1.08484	1.08488	1.08493	1.08498	1.08499	1.08501	1.08502	1.08503	1.08502	1.08501	1.08502	
1.10846	1.10843	1.10842	1.10841	1.10833	1.10824	1.10821	1.10818	1.10802	1.10786	1.10782	1.10779	1.10758	1.10738	1.1074	1.10741	1.10732	1.10724	1.10739	1.10753	1.10771	1.10789	1.10807	1.10825	1.10816	1.10807	1.10779	1.1075	1.10709	1.10667	1.10726	1.10784	1.10795	1.10806	1.10747	1.10688	1.10705	1.10721	1.10769	1.10818	1.10809	1.10799	1.10796	1.10793	1.10774	1.10755	1.1075	1.10745	1.10753	1.10762	1.10766	1.1077	1.10786	1.10802	1.10808	1.10814	1.10824	1.10834	1.10837	1.10841	1.10844	1.10846	1.10847	1.10849	1.10846	
1.13166	1.13161	1.13163	1.13164	1.13151	1.13138	1.13138	1.13139	1.13119	1.13099	1.131	1.13102	1.13082	1.13063	1.1307	1.13077	1.13072	1.13068	1.13084	1.131	1.13111	1.13123	1.13131	1.13139	1.13116	1.13094	1.13072	1.1305	1.13033	1.13016	1.13072	1.13129	1.13135	1.13141	1.13082	1.13024	1.13026	1.13029	1.13067	1.13104	1.13108	1.13111	1.1312	1.13128	1.1311	1.13093	1.13089	1.13086	1.13087	1.13089	1.13091	1.13093	1.13106	1.13119	1.13125	1.1313	1.1314	1.13151	1.13156	1.1316	1.13163	1.13165	1.13169	1.13172	1.13166	
1.15487	1.15478	1.15483	1.15488	1.15469	1.15451	1.15455	1.15459	1.15436	1.15412	1.15418	1.15425	1.15406	1.15387	1.154	1.15413	1.15413	1.15412	1.15429	1.15446	1.15452	1.15457	1.15455	1.15453	1.15416	1.1538	1.15366	1.15351	1.15358	1.15365	1.15419	1.15474	1.15474	1.15475	1.15417	1.15359	1.15348	1.15337	1.15364	1.1539	1.15407	1.15423	1.15443	1.15463	1.15447	1.15431	1.15429	1.15427	1.15422	1.15416	1.15416	1.15416	1.15427	1.15437	1.15441	1.15446	1.15457	1.15468	1.15474	1.1548	1.15482	1.15484	1.1549	1.15495	1.15487	
1.17798	1.17788	1.17795	1.17803	1.17784	1.17764	1.17773	1.17782	1.17759	1.17737	1.17748	1.1776	1.17745	1.17729	1.17745	1.17761	1.1776	1.1776	1.17774	1.17788	1.17783	1.17779	1.17773	1.17767	1.17734	1.17701	1.17696	1.17692	1.17706	1.17721	1.17755	1.17789	1.17789	1.17789	1.17749	1.17709	1.17696	1.17684	1.17695	1.17706	1.17723	1.1774	1.17762	1.17784	1.17775	1.17766	1.17769	1.17771	1.17763	1.17755	1.17754	1.17753	1.17758	1.17762	1.17765	1.17768	1.17775	1.17782	1.17788	1.17794	1.17794	1.17794	1.17801	1.17808	1.17798	
1.20109	1.20097	1.20108	1.20119	1.20098	1.20078	1.20091	1.20104	1.20083	1.20062	1.20078	1.20095	1.20083	1.20071	1.2009	1.20109	1.20108	1.20107	1.20118	1.20129	1.20115	1.20101	1.20091	1.2008	1.20051	1.20022	1.20027	1.20032	1.20055	1.20077	1.20091	1.20104	1.20103	1.20102	1.2008	1.20059	1.20045	1.20031	1.20026	1.20022	1.20039	1.20056	1.20081	1.20105	1.20104	1.20102	1.20109	1.20115	1.20104	1.20093	1.20092	1.20091	1.20089	1.20088	1.20089	1.20091	1.20094	1.20097	1.20103	1.20108	1.20106	1.20104	1.20113	1.20121	1.20109	
1.22427	1.22414	1.22427	1.2244	1.22422	1.22403	1.2242	1.22437	1.2242	1.22402	1.22422	1.22442	1.22433	1.22423	1.22442	1.22461	1.22457	1.22453	1.2246	1.22467	1.22449	1.22432	1.22422	1.22413	1.22394	1.22375	1.22382	1.2239	1.2241	1.22431	1.22431	1.22432	1.22432	1.22432	1.22422	1.22412	1.22402	1.22392	1.22382	1.22371	1.22383	1.22394	1.22414	1.22434	1.22437	1.2244	1.22449	1.22458	1.22448	1.22438	1.22438	1.22438	1.22431	1.22425	1.22426	1.22426	1.22424	1.22422	1.22427	1.22432	1.22426	1.22421	1.2243	1.2244	1.22427	
1.24744	1.24731	1.24747	1.24762	1.24746	1.24729	1.2475	1.2477	1.24756	1.24743	1.24765	1.24788	1.24782	1.24776	1.24794	1.24812	1.24806	1.24799	1.24802	1.24806	1.24784	1.24763	1.24754	1.24745	1.24736	1.24727	1.24737	1.24747	1.24766	1.24785	1.24772	1.24759	1.2476	1.24761	1.24764	1.24766	1.2476	1.24754	1.24737	1.24719	1.24726	1.24733	1.24748	1.24764	1.24771	1.24778	1.24789	1.24801	1.24792	1.24783	1.24784	1.24785	1.24774	1.24763	1.24762	1.24762	1.24754	1.24747	1.24751	1.24755	1.24746	1.24738	1.24748	1.24758	1.24744	
1.27077	1.27064	1.27081	1.27098	1.27084	1.27071	1.27093	1.27115	1.27105	1.27096	1.27119	1.27142	1.27137	1.27132	1.27148	1.27165	1.27156	1.27147	1.27148	1.2715	1.2713	1.2711	1.27104	1.27098	1.27096	1.27094	1.27102	1.2711	1.27125	1.27141	1.27125	1.27109	1.27112	1.27114	1.27119	1.27124	1.27122	1.2712	1.27101	1.27083	1.27087	1.2709	1.271	1.27109	1.27116	1.27124	1.27135	1.27147	1.27139	1.27132	1.27134	1.27137	1.27124	1.27111	1.2711	1.2711	1.27098	1.27086	1.2709	1.27093	1.27082	1.2707	1.2708	1.2709	1.27077	
1.2941	1.29397	1.29415	1.29433	1.29423	1.29412	1.29436	1.2946	1.29454	1.29449	1.29472	1.29496	1.29492	1.29488	1.29503	1.29517	1.29506	1.29494	1.29494	1.29494	1.29476	1.29458	1.29455	1.29451	1.29456	1.2946	1.29466	1.29473	1.29485	1.29497	1.29478	1.2946	1.29463	1.29467	1.29474	1.29482	1.29484	1.29485	1.29466	1.29447	1.29448	1.29448	1.29451	1.29454	1.29462	1.2947	1.29481	1.29492	1.29487	1.29482	1.29485	1.29489	1.29474	1.29459	1.29458	1.29458	1.29442	1.29426	1.29428	1.29431	1.29417	1.29402	1.29413	1.29423	1.2941	
1.31761	1.31749	1.31767	1.31785	1.31777	1.31769	1.31793	1.31816	1.31813	1.3181	1.31832	1.31853	1.3185	1.31847	1.31859	1.31871	1.31859	1.31848	1.31847	1.31847	1.31833	1.31818	1.31817	1.31816	1.31823	1.3183	1.31834	1.31838	1.31848	1.31857	1.31841	1.31825	1.31829	1.31833	1.31839	1.31845	1.31848	1.31851	1.31834	1.31817	1.31816	1.31816	1.31815	1.31813	1.3182	1.31826	1.31835	1.31845	1.31841	1.31837	1.31841	1.31845	1.3183	1.31815	1.31815	1.31815	1.31798	1.3178	1.31782	1.31785	1.31769	1.31753	1.31763	1.31773	1.31761	
1.34112	1.34101	1.34118	1.34136	1.34131	1.34126	1.34149	1.34172	1.34171	1.34171	1.34191	1.34211	1.34208	1.34205	1.34215	1.34225	1.34213	1.34201	1.342	1.34199	1.34189	1.34179	1.3418	1.3418	1.3419	1.342	1.34202	1.34204	1.34211	1.34218	1.34204	1.34191	1.34195	1.34199	1.34204	1.34208	1.34213	1.34217	1.34202	1.34187	1.34185	1.34184	1.34178	1.34172	1.34177	1.34182	1.34189	1.34197	1.34194	1.34191	1.34197	1.34202	1.34187	1.34172	1.34172	1.34173	1.34153	1.34134	1.34136	1.34138	1.34121	1.34104	1.34114	1.34123	1.34112	
1.36478	1.36468	1.36484	1.365	1.36497	1.36494	1.36515	1.36535	1.36536	1.36537	1.36554	1.36572	1.36569	1.36566	1.36574	1.36582	1.36571	1.36561	1.3656	1.3656	1.36553	1.36546	1.36547	1.36549	1.36558	1.36568	1.36569	1.3657	1.36576	1.36581	1.36571	1.3656	1.36564	1.36568	1.3657	1.36573	1.36578	1.36582	1.36569	1.36556	1.36555	1.36553	1.36546	1.36539	1.36542	1.36546	1.36551	1.36556	1.36554	1.36552	1.36557	1.36562	1.36548	1.36535	1.36536	1.36537	1.36518	1.365	1.36502	1.36504	1.36488	1.36471	1.3648	1.36488	1.36478	
1.38845	1.38836	1.3885	1.38865	1.38864	1.38863	1.38881	1.38899	1.389	1.38902	1.38917	1.38932	1.3893	1.38927	1.38933	1.38939	1.3893	1.3892	1.3892	1.3892	1.38916	1.38913	1.38915	1.38918	1.38927	1.38936	1.38936	1.38936	1.38941	1.38945	1.38937	1.38929	1.38933	1.38937	1.38937	1.38938	1.38942	1.38947	1.38937	1.38926	1.38925	1.38923	1.38914	1.38905	1.38907	1.38909	1.38912	1.38915	1.38914	1.38912	1.38917	1.38922	1.3891	1.38898	1.389	1.38901	1.38883	1.38865	1.38867	1.38869	1.38854	1.38838	1.38846	1.38853	1.38845	
1.41222	1.41215	1.41227	1.41239	1.41238	1.41238	1.41253	1.41267	1.41269	1.41271	1.41283	1.41295	1.41293	1.4129	1.41295	1.413	1.41292	1.41285	1.41285	1.41285	1.41283	1.41281	1.41283	1.41286	1.41294	1.41301	1.41301	1.41301	1.41304	1.41307	1.41302	1.41296	1.41299	1.41302	1.41302	1.41302	1.41306	1.4131	1.41301	1.41293	1.41292	1.41291	1.41283	1.41274	1.41275	1.41276	1.41278	1.4128	1.41279	1.41278	1.41282	1.41286	1.41276	1.41267	1.41268	1.41269	1.41254	1.4124	1.41241	1.41243	1.4123	1.41217	1.41223	1.41229	1.41222	
1.43599	1.43594	1.43603	1.43613	1.43613	1.43613	1.43625	1.43636	1.43638	1.4364	1.43649	1.43658	1.43656	1.43654	1.43657	1.4366	1.43655	1.43649	1.43649	1.4365	1.43649	1.43649	1.43651	1.43654	1.4366	1.43666	1.43666	1.43665	1.43667	1.4367	1.43666	1.43663	1.43665	1.43668	1.43667	1.43666	1.43669	1.43672	1.43666	1.4366	1.43659	1.43658	1.43651	1.43644	1.43644	1.43644	1.43645	1.43645	1.43644	1.43643	1.43647	1.4365	1.43643	1.43635	1.43636	1.43638	1.43626	1.43614	1.43615	1.43616	1.43606	1.43595	1.436	1.43605	1.43599	
1.45983	1.45979	1.45985	1.45992	1.45992	1.45992	1.46	1.46007	1.46009	1.4601	1.46016	1.46022	1.46021	1.46019	1.46022	1.46024	1.4602	1.46016	1.46017	1.46017	1.46017	1.46017	1.46018	1.4602	1.46024	1.46028	1.46028	1.46028	1.46029	1.46031	1.46028	1.46026	1.46028	1.46029	1.46029	1.46028	1.4603	1.46032	1.46028	1.46024	1.46023	1.46023	1.46018	1.46013	1.46013	1.46013	1.46013	1.46014	1.46013	1.46012	1.46015	1.46017	1.46012	1.46007	1.46008	1.46009	1.46001	1.45992	1.45993	1.45994	1.45987	1.4598	1.45983	1.45986	1.45983	
1.48366	1.48364	1.48367	1.48371	1.48371	1.48371	1.48375	1.48379	1.4838	1.4838	1.48383	1.48386	1.48386	1.48385	1.48386	1.48387	1.48385	1.48383	1.48384	1.48384	1.48384	1.48384	1.48385	1.48386	1.48388	1.48391	1.4839	1.4839	1.48391	1.48392	1.4839	1.48389	1.4839	1.48391	1.48391	1.4839	1.48391	1.48392	1.4839	1.48388	1.48388	1.48388	1.48385	1.48382	1.48382	1.48382	1.48382	1.48382	1.48382	1.48381	1.48382	1.48384	1.48381	1.48378	1.48379	1.4838	1.48375	1.48371	1.48371	1.48372	1.48368	1.48364	1.48366	1.48368	1.48366	
1.50751	1.50751	1.50751	1.50751	1.50751	1.50751	1.50751	1.50751	1.50751	1.50751	1.50751	1.50751	1.50751	1.50751	1.50751	1.50751	1.50751	1.50751	1.50751	1.50751	1.50751	1.50751	1.50751	1.50751	1.50751	1.50751	1.50751	1.50751	1.50751	1.50751	1.50751	1.50751	1.50751	1.50751	1.50751	1.50751	1.50751	1.50751	1.50751	1.50751	1.50751	1.50751	1.50751	1.50751	1.50751	1.50751	1.50751	1.50751	1.50751	1.50751	1.50751	1.50751	1.50751	1.50751	1.50751	1.50751	1.50751	1.50751	1.50751	1.50751	1.50751	1.50751	1.50751	1.50751	1.50751	
