x=200	y=90	z=200	n=65	len=1
b
0.678332	0.67835	0.678343	0.678336	0.67836	0.678383	0.678388	0.678392	0.678423	0.678454	0.678477	0.678499	0.678545	0.678591	0.678647	0.678704	0.67878	0.678856	0.67898	0.679103	0.679266	0.679428	0.679938	0.680449	0.680881	0.681314	0.680622	0.67993	0.679389	0.678848	0.678256	0.677663	0.678014	0.675863	0.678985	0.681561	0.681216	0.680871	0.68014	0.679408	0.679222	0.679036	0.678945	0.678855	0.678785	0.678715	0.678641	0.678568	0.678542	0.678517	0.678468	0.678419	0.678416	0.678414	0.67838	0.678346	0.678355	0.678363	0.678339	0.678315	0.67833	0.678344	0.678329	0.678313	0.678332	
0.678321	0.678336	0.678332	0.678327	0.678346	0.678365	0.678372	0.678378	0.678403	0.678429	0.678452	0.678476	0.678514	0.678552	0.678607	0.678662	0.678727	0.678793	0.678909	0.679025	0.679152	0.67928	0.679709	0.680137	0.68063	0.681122	0.680718	0.680314	0.679789	0.679263	0.678483	0.677703	0.679261	0.678688	0.680765	0.682662	0.681613	0.680565	0.67988	0.679194	0.679084	0.678975	0.678889	0.678803	0.678743	0.678684	0.678615	0.678546	0.678524	0.678501	0.678455	0.678409	0.678406	0.678403	0.678371	0.678339	0.678346	0.678352	0.678331	0.678309	0.678321	0.678333	0.678319	0.678306	0.678321	
0.678318	0.678335	0.678328	0.678321	0.678342	0.678363	0.678366	0.678369	0.678396	0.678422	0.678441	0.678459	0.678497	0.678534	0.678581	0.678627	0.678688	0.678749	0.67885	0.67895	0.679063	0.679176	0.679512	0.679848	0.680283	0.680718	0.680605	0.680492	0.679857	0.679222	0.678673	0.678123	0.679765	0.680839	0.681989	0.68225	0.681195	0.68014	0.679644	0.679148	0.679027	0.678907	0.678829	0.67875	0.678694	0.678639	0.678578	0.678517	0.678497	0.678478	0.678435	0.678392	0.678392	0.678391	0.67836	0.67833	0.678338	0.678347	0.678325	0.678303	0.678317	0.678331	0.678316	0.678301	0.678318	
0.678315	0.678335	0.678325	0.678315	0.678338	0.678361	0.67836	0.67836	0.678388	0.678416	0.678429	0.678442	0.678479	0.678517	0.678554	0.678592	0.678648	0.678705	0.678791	0.678876	0.678974	0.679072	0.679315	0.679558	0.679936	0.680315	0.680492	0.680669	0.679925	0.679181	0.678862	0.678542	0.680269	0.681044	0.682143	0.681838	0.680777	0.679716	0.679408	0.679101	0.67897	0.678839	0.678769	0.678698	0.678645	0.678593	0.67854	0.678487	0.678471	0.678455	0.678415	0.678376	0.678378	0.67838	0.67835	0.67832	0.678331	0.678342	0.678319	0.678297	0.678313	0.678329	0.678312	0.678295	0.678315	
0.678302	0.678319	0.678311	0.678303	0.678323	0.678342	0.678343	0.678343	0.678366	0.678389	0.678403	0.678416	0.678447	0.678478	0.678513	0.678549	0.678596	0.678643	0.67872	0.678797	0.678883	0.678969	0.679167	0.679366	0.679664	0.679962	0.680233	0.680504	0.68002	0.679537	0.679254	0.678971	0.679895	0.680348	0.681015	0.68079	0.680097	0.679403	0.679201	0.678998	0.678886	0.678774	0.678706	0.678639	0.678596	0.678554	0.678504	0.678455	0.678443	0.67843	0.678394	0.678357	0.67836	0.678363	0.678335	0.678307	0.678318	0.678328	0.678307	0.678287	0.678301	0.678315	0.6783	0.678286	0.678302	
0.67829	0.678303	0.678298	0.678292	0.678307	0.678322	0.678325	0.678327	0.678345	0.678363	0.678377	0.678391	0.678415	0.678439	0.678472	0.678506	0.678544	0.678582	0.67865	0.678718	0.678792	0.678866	0.67902	0.679174	0.679391	0.679609	0.679973	0.680338	0.680115	0.679892	0.679646	0.679399	0.679522	0.679645	0.679694	0.679743	0.679417	0.679091	0.678994	0.678896	0.678802	0.678708	0.678644	0.67858	0.678547	0.678514	0.678468	0.678423	0.678415	0.678406	0.678372	0.678338	0.678342	0.678346	0.67832	0.678295	0.678304	0.678314	0.678295	0.678276	0.678289	0.678301	0.678288	0.678276	0.67829	
0.678286	0.678302	0.678294	0.678286	0.678303	0.67832	0.678319	0.678318	0.678337	0.678356	0.678365	0.678374	0.678399	0.678423	0.678448	0.678474	0.67851	0.678545	0.6786	0.678654	0.67872	0.678785	0.678906	0.679027	0.679203	0.679379	0.679663	0.679948	0.679963	0.679978	0.679606	0.679233	0.679398	0.679563	0.679474	0.679384	0.679194	0.679004	0.678902	0.6788	0.678725	0.67865	0.678591	0.678532	0.678506	0.67848	0.678438	0.678396	0.678391	0.678387	0.678355	0.678322	0.678329	0.678336	0.67831	0.678285	0.678297	0.678309	0.67829	0.67827	0.678285	0.678299	0.678285	0.678271	0.678286	
0.678283	0.678301	0.67829	0.67828	0.678298	0.678317	0.678313	0.678308	0.678329	0.67835	0.678354	0.678357	0.678382	0.678407	0.678424	0.678442	0.678475	0.678509	0.67855	0.67859	0.678647	0.678705	0.678792	0.67888	0.679014	0.679149	0.679354	0.679558	0.679811	0.680064	0.679566	0.679067	0.679274	0.67948	0.679253	0.679026	0.678971	0.678916	0.67881	0.678705	0.678648	0.678592	0.678538	0.678484	0.678465	0.678446	0.678407	0.678368	0.678368	0.678368	0.678337	0.678306	0.678316	0.678326	0.678301	0.678276	0.67829	0.678304	0.678284	0.678264	0.67828	0.678297	0.678281	0.678266	0.678283	
0.678269	0.678285	0.678276	0.678267	0.678282	0.678298	0.678294	0.678291	0.678307	0.678323	0.678328	0.678332	0.678351	0.67837	0.678385	0.678401	0.678427	0.678452	0.678487	0.678521	0.678565	0.678609	0.678677	0.678745	0.678846	0.678946	0.679082	0.679217	0.679457	0.679697	0.679292	0.678888	0.679075	0.679261	0.679064	0.678866	0.678817	0.678769	0.678682	0.678596	0.678556	0.678516	0.67847	0.678423	0.678412	0.678401	0.678366	0.678331	0.678335	0.678339	0.678311	0.678282	0.678294	0.678305	0.678282	0.678259	0.678274	0.678288	0.67827	0.678251	0.678267	0.678282	0.678268	0.678254	0.678269	
0.678256	0.678269	0.678261	0.678254	0.678266	0.678278	0.678276	0.678274	0.678286	0.678297	0.678302	0.678307	0.678319	0.678332	0.678346	0.67836	0.678378	0.678396	0.678424	0.678451	0.678482	0.678513	0.678561	0.67861	0.678677	0.678744	0.67881	0.678876	0.679102	0.679329	0.679019	0.678709	0.678875	0.679042	0.678874	0.678706	0.678664	0.678621	0.678554	0.678487	0.678464	0.678441	0.678401	0.678362	0.678359	0.678355	0.678324	0.678293	0.678302	0.67831	0.678284	0.678259	0.678272	0.678284	0.678264	0.678243	0.678257	0.678271	0.678255	0.678239	0.678253	0.678267	0.678255	0.678243	0.678256	
0.678253	0.678268	0.678259	0.678249	0.678263	0.678276	0.678271	0.678266	0.678279	0.678292	0.678292	0.678293	0.678307	0.67832	0.678328	0.678336	0.678353	0.678371	0.678389	0.678408	0.678436	0.678463	0.678496	0.678529	0.678584	0.67864	0.678677	0.678714	0.678883	0.679053	0.678827	0.678602	0.678741	0.67888	0.678734	0.678587	0.678566	0.678545	0.678484	0.678423	0.678412	0.678401	0.678363	0.678324	0.678328	0.678332	0.678301	0.678271	0.678283	0.678296	0.67827	0.678245	0.678261	0.678277	0.678256	0.678234	0.678251	0.678268	0.678251	0.678233	0.67825	0.678266	0.678252	0.678238	0.678253	
0.678251	0.678268	0.678256	0.678244	0.678259	0.678275	0.678266	0.678258	0.678273	0.678287	0.678283	0.678279	0.678294	0.678309	0.67831	0.678312	0.678329	0.678346	0.678355	0.678365	0.678389	0.678414	0.67843	0.678447	0.678492	0.678536	0.678544	0.678552	0.678665	0.678777	0.678636	0.678495	0.678607	0.678719	0.678593	0.678468	0.678468	0.678468	0.678414	0.678359	0.67836	0.678361	0.678324	0.678287	0.678298	0.678309	0.678278	0.678248	0.678265	0.678283	0.678257	0.678231	0.67825	0.67827	0.678248	0.678226	0.678246	0.678265	0.678246	0.678228	0.678246	0.678265	0.678249	0.678234	0.678251	
0.678237	0.678252	0.678241	0.678231	0.678243	0.678256	0.678248	0.678241	0.678251	0.678262	0.678258	0.678255	0.678263	0.678272	0.678273	0.678274	0.678283	0.678293	0.678299	0.678306	0.67832	0.678334	0.678345	0.678355	0.678385	0.678415	0.678415	0.678414	0.678494	0.678574	0.678469	0.678364	0.678448	0.678533	0.678436	0.67834	0.678348	0.678357	0.678312	0.678268	0.678278	0.678288	0.678256	0.678225	0.678242	0.67826	0.678233	0.678207	0.678229	0.67825	0.678227	0.678204	0.678226	0.678248	0.678228	0.678208	0.678228	0.678248	0.678231	0.678214	0.678232	0.67825	0.678236	0.678222	0.678237	
0.678223	0.678236	0.678227	0.678218	0.678227	0.678236	0.678231	0.678225	0.67823	0.678236	0.678233	0.678231	0.678233	0.678236	0.678236	0.678237	0.678238	0.678239	0.678243	0.678247	0.678251	0.678254	0.678259	0.678263	0.678279	0.678294	0.678285	0.678276	0.678324	0.678371	0.678302	0.678232	0.67829	0.678347	0.678279	0.678211	0.678228	0.678245	0.678211	0.678177	0.678195	0.678214	0.678188	0.678163	0.678187	0.678211	0.678189	0.678166	0.678192	0.678218	0.678197	0.678177	0.678201	0.678225	0.678207	0.67819	0.67821	0.678231	0.678216	0.678201	0.678218	0.678234	0.678222	0.67821	0.678223	
0.678222	0.678237	0.678226	0.678214	0.678226	0.678237	0.678228	0.678219	0.678226	0.678234	0.678227	0.67822	0.678225	0.678229	0.678224	0.67822	0.678222	0.678225	0.678222	0.678219	0.678224	0.678228	0.678224	0.678221	0.678235	0.678249	0.678233	0.678217	0.678257	0.678297	0.678237	0.678177	0.678227	0.678277	0.678218	0.678158	0.678184	0.678209	0.678173	0.678137	0.678164	0.678192	0.678163	0.678135	0.678166	0.678198	0.678172	0.678147	0.678178	0.67821	0.678187	0.678165	0.678193	0.678221	0.678202	0.678182	0.678206	0.67823	0.678213	0.678196	0.678216	0.678235	0.678221	0.678207	0.678222	
0.678221	0.678238	0.678225	0.678211	0.678224	0.678237	0.678225	0.678213	0.678222	0.678231	0.678221	0.67821	0.678216	0.678222	0.678212	0.678203	0.678207	0.67821	0.678201	0.678192	0.678196	0.678201	0.67819	0.678178	0.678191	0.678204	0.678181	0.678158	0.678191	0.678223	0.678172	0.678122	0.678164	0.678206	0.678156	0.678106	0.678139	0.678172	0.678135	0.678097	0.678133	0.678169	0.678138	0.678107	0.678145	0.678184	0.678156	0.678128	0.678165	0.678202	0.678177	0.678153	0.678185	0.678218	0.678196	0.678175	0.678202	0.678229	0.67821	0.678192	0.678214	0.678236	0.67822	0.678204	0.678221	
0.678208	0.678224	0.678212	0.678199	0.678209	0.678219	0.678209	0.678198	0.678202	0.678207	0.678197	0.678188	0.678187	0.678186	0.678177	0.678168	0.678162	0.678156	0.678146	0.678137	0.678129	0.678121	0.678108	0.678094	0.678092	0.67809	0.678066	0.678042	0.67806	0.678077	0.678032	0.677987	0.678021	0.678056	0.678018	0.677979	0.678017	0.678055	0.678026	0.677997	0.678042	0.678087	0.678062	0.678036	0.678083	0.67813	0.678106	0.678082	0.678125	0.678167	0.678145	0.678124	0.678159	0.678194	0.678175	0.678156	0.678184	0.678212	0.678196	0.678179	0.6782	0.678221	0.678207	0.678193	0.678208	
0.678196	0.678209	0.678199	0.678188	0.678195	0.678201	0.678192	0.678183	0.678183	0.678182	0.678174	0.678166	0.678158	0.67815	0.678141	0.678133	0.678117	0.678101	0.678091	0.678081	0.678061	0.67804	0.678025	0.678011	0.677994	0.677977	0.677951	0.677926	0.677929	0.677931	0.677891	0.677851	0.677879	0.677907	0.677879	0.677852	0.677894	0.677937	0.677917	0.677897	0.677951	0.678005	0.677986	0.677966	0.678021	0.678075	0.678056	0.678036	0.678084	0.678132	0.678113	0.678095	0.678133	0.678171	0.678154	0.678138	0.678166	0.678195	0.678181	0.678166	0.678187	0.678207	0.678195	0.678182	0.678196	
0.678196	0.678212	0.678199	0.678186	0.678195	0.678204	0.678192	0.678179	0.678181	0.678183	0.678171	0.678159	0.678153	0.678148	0.678135	0.678121	0.678108	0.678095	0.67808	0.678064	0.678046	0.678029	0.678008	0.677987	0.677974	0.677962	0.677931	0.677901	0.677909	0.677916	0.677875	0.677833	0.677865	0.677897	0.677863	0.677829	0.677878	0.677928	0.677899	0.677871	0.677934	0.677997	0.67797	0.677943	0.678006	0.67807	0.678045	0.67802	0.678074	0.678129	0.678106	0.678084	0.678127	0.678171	0.678151	0.678132	0.678164	0.678197	0.67818	0.678163	0.678186	0.67821	0.678195	0.67818	0.678196	
0.678197	0.678215	0.6782	0.678184	0.678195	0.678207	0.678191	0.678176	0.67818	0.678184	0.678168	0.678152	0.678149	0.678146	0.678128	0.67811	0.6781	0.678089	0.678068	0.678046	0.678032	0.678018	0.67799	0.677963	0.677955	0.677947	0.677911	0.677875	0.677888	0.677901	0.677858	0.677815	0.677851	0.677887	0.677846	0.677806	0.677862	0.677919	0.677882	0.677845	0.677917	0.677989	0.677954	0.67792	0.677992	0.678064	0.678033	0.678003	0.678064	0.678126	0.6781	0.678073	0.678122	0.67817	0.678148	0.678125	0.678162	0.678198	0.678179	0.678159	0.678186	0.678213	0.678195	0.678178	0.678197	
0.678186	0.678203	0.678189	0.678175	0.678183	0.678191	0.678177	0.678164	0.678163	0.678162	0.678148	0.678133	0.678122	0.678111	0.678095	0.678078	0.678055	0.678032	0.678012	0.677993	0.67796	0.677927	0.677901	0.677874	0.677842	0.677809	0.677773	0.677737	0.677725	0.677713	0.677669	0.677625	0.677653	0.67768	0.677658	0.677636	0.677702	0.677768	0.677743	0.677717	0.677805	0.677892	0.677864	0.677837	0.677921	0.678005	0.677979	0.677953	0.678021	0.67809	0.678067	0.678044	0.678096	0.678148	0.678128	0.678109	0.678146	0.678183	0.678166	0.678149	0.678174	0.6782	0.678185	0.67817	0.678186	
0.678176	0.67819	0.678178	0.678166	0.678171	0.678175	0.678164	0.678152	0.678146	0.678139	0.678127	0.678115	0.678095	0.678075	0.678061	0.678047	0.678011	0.677975	0.677957	0.677939	0.677887	0.677836	0.677811	0.677786	0.677729	0.677671	0.677635	0.677598	0.677561	0.677524	0.677479	0.677435	0.677454	0.677473	0.677469	0.677466	0.677542	0.677617	0.677604	0.67759	0.677693	0.677796	0.677775	0.677754	0.67785	0.677946	0.677924	0.677903	0.677979	0.678055	0.678035	0.678016	0.678071	0.678126	0.678109	0.678092	0.67813	0.678168	0.678153	0.678138	0.678163	0.678188	0.678175	0.678162	0.678176	
0.678179	0.678196	0.678181	0.678166	0.678174	0.678181	0.678166	0.678151	0.678147	0.678144	0.678128	0.678112	0.678095	0.678077	0.67806	0.678042	0.678008	0.677974	0.677952	0.677931	0.677881	0.677831	0.677804	0.677777	0.677725	0.677673	0.677635	0.677598	0.677576	0.677554	0.67751	0.677465	0.677493	0.67752	0.677495	0.67747	0.677551	0.677631	0.6776	0.677569	0.677684	0.677798	0.677764	0.67773	0.677838	0.677946	0.677916	0.677886	0.677971	0.678056	0.678031	0.678006	0.678067	0.678128	0.678108	0.678087	0.678129	0.678172	0.678154	0.678136	0.678165	0.678193	0.678177	0.678161	0.678179	
0.678181	0.678201	0.678184	0.678166	0.678176	0.678186	0.678168	0.67815	0.678149	0.678148	0.678129	0.67811	0.678095	0.678079	0.678058	0.678037	0.678004	0.677972	0.677947	0.677923	0.677875	0.677827	0.677798	0.677769	0.677722	0.677675	0.677636	0.677598	0.67759	0.677583	0.67754	0.677496	0.677532	0.677568	0.677522	0.677475	0.67756	0.677645	0.677597	0.677548	0.677674	0.6778	0.677753	0.677707	0.677826	0.677946	0.677907	0.677869	0.677963	0.678056	0.678026	0.677996	0.678063	0.678131	0.678106	0.678082	0.678129	0.678176	0.678155	0.678134	0.678166	0.678198	0.678179	0.678161	0.678181	
0.678174	0.678192	0.678177	0.678161	0.678168	0.678175	0.678159	0.678144	0.678137	0.67813	0.678114	0.678097	0.678074	0.67805	0.678031	0.678012	0.677966	0.677919	0.677898	0.677876	0.677805	0.677733	0.677707	0.677681	0.677596	0.677512	0.677475	0.677437	0.67737	0.677304	0.677231	0.677159	0.677179	0.6772	0.677218	0.677236	0.677349	0.677463	0.677428	0.677393	0.677546	0.6777	0.677658	0.677615	0.677753	0.677891	0.677856	0.677821	0.677923	0.678026	0.677999	0.677971	0.678042	0.678114	0.678091	0.678069	0.678117	0.678165	0.678146	0.678127	0.678158	0.678189	0.678173	0.678156	0.678174	
0.678168	0.678183	0.67817	0.678157	0.67816	0.678163	0.67815	0.678137	0.678125	0.678113	0.678099	0.678085	0.678053	0.67802	0.678004	0.677988	0.677928	0.677867	0.677848	0.67783	0.677734	0.677639	0.677616	0.677593	0.677471	0.677349	0.677313	0.677277	0.677151	0.677025	0.676923	0.676821	0.676827	0.676832	0.676914	0.676996	0.677138	0.677281	0.677259	0.677237	0.677418	0.6776	0.677562	0.677524	0.67768	0.677836	0.677804	0.677772	0.677884	0.677996	0.677972	0.677947	0.678022	0.678096	0.678077	0.678057	0.678105	0.678153	0.678137	0.678121	0.678151	0.67818	0.678166	0.678152	0.678168	
0.678172	0.678191	0.678175	0.678159	0.678165	0.678172	0.678155	0.678139	0.67813	0.678121	0.678104	0.678088	0.678057	0.678027	0.678009	0.677991	0.67793	0.677869	0.677851	0.677833	0.677733	0.677632	0.677617	0.677601	0.677473	0.677344	0.67732	0.677297	0.677275	0.677253	0.677148	0.677043	0.677053	0.677064	0.677119	0.677174	0.677241	0.677307	0.677253	0.677198	0.677404	0.677609	0.67755	0.67749	0.677666	0.677841	0.677797	0.677753	0.677877	0.678001	0.67797	0.677938	0.67802	0.678102	0.678078	0.678054	0.678107	0.67816	0.67814	0.67812	0.678154	0.678188	0.67817	0.678153	0.678172	
0.678177	0.678199	0.67818	0.678161	0.678171	0.67818	0.678161	0.678142	0.678136	0.67813	0.67811	0.678091	0.678062	0.678034	0.678014	0.677994	0.677932	0.677871	0.677854	0.677837	0.677731	0.677625	0.677617	0.67761	0.677474	0.677339	0.677328	0.677317	0.677399	0.677481	0.677372	0.677264	0.67728	0.677296	0.677324	0.677353	0.677343	0.677333	0.677246	0.67716	0.677389	0.677619	0.677538	0.677456	0.677651	0.677846	0.67779	0.677734	0.67787	0.678006	0.677968	0.677929	0.678018	0.678108	0.678079	0.67805	0.678108	0.678167	0.678143	0.67812	0.678157	0.678195	0.678174	0.678154	0.678177	
0.678175	0.678195	0.678178	0.678162	0.678168	0.678174	0.678158	0.678142	0.678131	0.678121	0.678104	0.678087	0.678053	0.678019	0.678001	0.677984	0.677912	0.677839	0.677825	0.67781	0.677683	0.677556	0.677554	0.677551	0.677377	0.677203	0.67728	0.677357	0.677166	0.676975	0.677368	0.677761	0.67773	0.677698	0.677328	0.676957	0.677159	0.677362	0.677178	0.676993	0.677272	0.677551	0.677464	0.677376	0.677594	0.677813	0.677757	0.677701	0.677845	0.67799	0.677953	0.677916	0.678008	0.6781	0.678073	0.678046	0.678104	0.678161	0.67814	0.678119	0.678155	0.678191	0.678173	0.678155	0.678175	
0.678173	0.678191	0.678176	0.678162	0.678165	0.678169	0.678155	0.678141	0.678127	0.678113	0.678099	0.678084	0.678044	0.678004	0.677989	0.677973	0.677891	0.677808	0.677796	0.677783	0.677635	0.677487	0.67749	0.677493	0.67728	0.677067	0.677232	0.677397	0.676933	0.67647	0.677363	0.678626	0.678474	0.678439	0.677897	0.676561	0.676976	0.677391	0.677109	0.676826	0.677155	0.677484	0.67739	0.677295	0.677537	0.677779	0.677723	0.677667	0.677821	0.677974	0.677939	0.677904	0.677998	0.678091	0.678067	0.678043	0.678099	0.678156	0.678138	0.678119	0.678153	0.678186	0.678171	0.678155	0.678173	
0.67818	0.678201	0.678184	0.678167	0.678174	0.678181	0.678165	0.678148	0.678137	0.678127	0.678111	0.678095	0.678057	0.678019	0.678004	0.677989	0.677904	0.677819	0.677814	0.677809	0.677642	0.677474	0.677505	0.677535	0.677245	0.676954	0.677172	0.677389	0.677371	0.677352	0.677697	0.678866	0.678647	0.678712	0.678466	0.677334	0.677334	0.677334	0.67701	0.676685	0.677093	0.677502	0.677375	0.677248	0.677521	0.677793	0.677722	0.677651	0.677818	0.677985	0.677942	0.677899	0.678	0.678101	0.678072	0.678042	0.678104	0.678166	0.678143	0.67812	0.678158	0.678196	0.678177	0.678158	0.67818	
0.678187	0.678212	0.678192	0.678171	0.678182	0.678194	0.678174	0.678154	0.678148	0.678141	0.678123	0.678105	0.678069	0.678034	0.67802	0.678005	0.677917	0.677829	0.677832	0.677834	0.677648	0.677462	0.67752	0.677578	0.677209	0.676841	0.677111	0.677382	0.677808	0.678638	0.678926	0.67834	0.677702	0.678008	0.678703	0.678478	0.677758	0.677278	0.67691	0.676543	0.677032	0.677521	0.677361	0.677201	0.677504	0.677807	0.677721	0.677635	0.677816	0.677997	0.677946	0.677895	0.678003	0.678111	0.678077	0.678042	0.678109	0.678175	0.678149	0.678122	0.678164	0.678206	0.678184	0.678161	0.678187	
0.67819	0.678213	0.678195	0.678177	0.678186	0.678195	0.678178	0.678162	0.678154	0.678145	0.67813	0.678114	0.678078	0.678042	0.678029	0.678015	0.677927	0.67784	0.677837	0.677835	0.677642	0.67745	0.677496	0.677542	0.677126	0.676709	0.676917	0.677124	0.677681	0.678692	0.679391	0.679137	0.677717	0.677594	0.678801	0.678517	0.677618	0.677026	0.67669	0.676355	0.676916	0.677477	0.677321	0.677164	0.677483	0.677802	0.67772	0.677637	0.677819	0.678	0.677952	0.677903	0.678009	0.678115	0.678082	0.67805	0.678114	0.678177	0.678153	0.678129	0.678168	0.678207	0.678187	0.678167	0.67819	
0.678193	0.678213	0.678198	0.678184	0.67819	0.678196	0.678183	0.67817	0.67816	0.67815	0.678136	0.678123	0.678087	0.678051	0.678038	0.678024	0.677937	0.677851	0.677843	0.677836	0.677637	0.677438	0.677472	0.677506	0.677042	0.676578	0.676722	0.676867	0.677554	0.678883	0.680136	0.680408	0.678844	0.678192	0.679294	0.678542	0.677276	0.676774	0.67647	0.676166	0.6768	0.677434	0.67728	0.677127	0.677462	0.677796	0.677718	0.677639	0.677821	0.678003	0.677958	0.677912	0.678015	0.678118	0.678088	0.678059	0.678119	0.678179	0.678158	0.678136	0.678172	0.678208	0.67819	0.678173	0.678193	
0.678202	0.678227	0.678209	0.678191	0.678202	0.678213	0.678197	0.678181	0.678176	0.678172	0.678157	0.678142	0.678112	0.678082	0.67807	0.678059	0.677976	0.677894	0.677894	0.677895	0.677693	0.67749	0.677545	0.677599	0.677106	0.676613	0.676737	0.676861	0.677474	0.678967	0.680703	0.680477	0.680481	0.680228	0.679466	0.678539	0.677111	0.676626	0.676374	0.676122	0.676804	0.677486	0.677307	0.677129	0.677478	0.677828	0.677738	0.677647	0.677835	0.678023	0.677971	0.677918	0.678025	0.678132	0.678098	0.678063	0.678127	0.678191	0.678166	0.67814	0.67818	0.678219	0.678199	0.678178	0.678202	
0.678211	0.67824	0.678219	0.678198	0.678214	0.67823	0.678211	0.678192	0.678193	0.678194	0.678178	0.678162	0.678137	0.678113	0.678103	0.678093	0.678015	0.677936	0.677946	0.677955	0.677749	0.677542	0.677618	0.677693	0.677171	0.676649	0.676752	0.676854	0.677395	0.678572	0.680116	0.679542	0.691934	0.680399	0.67974	0.678221	0.676951	0.676477	0.676277	0.676077	0.676808	0.677538	0.677334	0.67713	0.677495	0.677859	0.677757	0.677655	0.677849	0.678043	0.677984	0.677924	0.678035	0.678147	0.678107	0.678067	0.678135	0.678204	0.678174	0.678144	0.678188	0.678232	0.678207	0.678183	0.678211	
0.678219	0.678245	0.678227	0.678209	0.678223	0.678237	0.678222	0.678207	0.678208	0.67821	0.678197	0.678184	0.678166	0.678149	0.678139	0.678129	0.678069	0.678008	0.678009	0.67801	0.677833	0.677656	0.677704	0.677753	0.67724	0.676727	0.67665	0.676574	0.677031	0.678146	0.678628	0.67548	0.694061	0.680227	0.679869	0.677858	0.676721	0.676186	0.676189	0.676192	0.676875	0.677558	0.677396	0.677234	0.677563	0.677892	0.677805	0.677717	0.677892	0.678066	0.678013	0.677959	0.67806	0.678161	0.678124	0.678088	0.67815	0.678211	0.678185	0.678158	0.678197	0.678236	0.678215	0.678194	0.678219	
0.678227	0.678249	0.678235	0.67822	0.678233	0.678245	0.678233	0.678221	0.678224	0.678227	0.678217	0.678206	0.678196	0.678185	0.678175	0.678165	0.678123	0.67808	0.678072	0.678064	0.677917	0.677769	0.677791	0.677814	0.677309	0.676804	0.676549	0.676294	0.676667	0.677211	0.677672	0.671853	0.698836	0.683998	0.679202	0.676885	0.676401	0.675895	0.676101	0.676307	0.676942	0.677578	0.677458	0.677339	0.677632	0.677925	0.677853	0.677779	0.677935	0.67809	0.678042	0.677994	0.678085	0.678175	0.678142	0.678109	0.678164	0.678219	0.678195	0.678172	0.678206	0.678241	0.678223	0.678205	0.678227	
0.678237	0.678264	0.678246	0.678229	0.678247	0.678265	0.67825	0.678236	0.678246	0.678256	0.678245	0.678234	0.678232	0.67823	0.678224	0.678217	0.678188	0.678159	0.678162	0.678165	0.678041	0.677916	0.677946	0.677975	0.677506	0.677036	0.676935	0.676833	0.676495	0.675696	0.676703	0.677119	0.727505	0.687211	0.677095	0.67534	0.675818	0.675946	0.67625	0.676554	0.677104	0.677654	0.677534	0.677415	0.677691	0.677967	0.677889	0.677812	0.677963	0.678115	0.678062	0.678009	0.6781	0.678192	0.678154	0.678117	0.678175	0.678233	0.678205	0.678177	0.678216	0.678254	0.678232	0.678211	0.678237	
0.678248	0.678279	0.678258	0.678237	0.678261	0.678284	0.678268	0.678251	0.678268	0.678284	0.678273	0.678261	0.678268	0.678276	0.678273	0.67827	0.678254	0.678238	0.678252	0.678265	0.678164	0.678064	0.6781	0.678137	0.677703	0.677269	0.677321	0.677372	0.676324	0.674757	0.678617	0.707514	0.744276	0.678999	0.674834	0.67372	0.675727	0.675997	0.676399	0.676801	0.677265	0.677729	0.677611	0.677492	0.67775	0.678008	0.677926	0.677844	0.677992	0.678139	0.678081	0.678023	0.678116	0.678209	0.678167	0.678124	0.678185	0.678247	0.678215	0.678183	0.678225	0.678268	0.678242	0.678216	0.678248	
0.678258	0.678285	0.678268	0.678251	0.678273	0.678295	0.678282	0.678269	0.678289	0.678309	0.6783	0.678291	0.678312	0.678332	0.678329	0.678326	0.678346	0.678366	0.678374	0.678381	0.678367	0.678353	0.678376	0.678399	0.678168	0.677937	0.678033	0.67813	0.677507	0.675652	0.684406	0.724392	0.725319	0.712365	0.682026	0.672909	0.676078	0.676782	0.677337	0.677892	0.677806	0.677721	0.677759	0.677797	0.677919	0.678041	0.678	0.677959	0.678062	0.678165	0.678121	0.678076	0.678151	0.678226	0.678189	0.678153	0.678205	0.678257	0.678229	0.678201	0.678237	0.678274	0.678252	0.67823	0.678258	
0.678268	0.678292	0.678278	0.678265	0.678286	0.678306	0.678297	0.678288	0.67831	0.678333	0.678327	0.678322	0.678355	0.678388	0.678386	0.678383	0.678439	0.678494	0.678496	0.678497	0.678569	0.678642	0.678651	0.678661	0.678633	0.678606	0.678746	0.678887	0.678691	0.679478	0.69457	0.714601	0.720636	0.729794	0.687332	0.673671	0.676518	0.677566	0.678274	0.678982	0.678348	0.677713	0.677908	0.678103	0.678088	0.678073	0.678074	0.678074	0.678133	0.678191	0.67816	0.678129	0.678186	0.678243	0.678212	0.678182	0.678224	0.678267	0.678243	0.678219	0.67825	0.678281	0.678262	0.678244	0.678268	
0.678278	0.678307	0.67829	0.678274	0.6783	0.678326	0.678315	0.678305	0.678334	0.678363	0.678358	0.678354	0.678395	0.678435	0.678442	0.67845	0.67851	0.678571	0.678604	0.678638	0.678706	0.678775	0.678873	0.67897	0.678951	0.678931	0.678754	0.678576	0.680651	0.687064	0.707453	0.725627	0.715644	0.712909	0.686057	0.676296	0.678248	0.680244	0.679875	0.679506	0.678633	0.67776	0.677922	0.678084	0.678096	0.678108	0.6781	0.678091	0.678154	0.678216	0.678177	0.678139	0.6782	0.678261	0.678224	0.678188	0.678235	0.678281	0.678252	0.678223	0.678259	0.678294	0.678272	0.678249	0.678278	
0.678289	0.678322	0.678303	0.678283	0.678315	0.678347	0.678334	0.678321	0.678357	0.678392	0.67839	0.678387	0.678434	0.678482	0.678499	0.678516	0.678581	0.678647	0.678713	0.678779	0.678844	0.678908	0.679094	0.67928	0.679268	0.679256	0.678761	0.678266	0.682611	0.691659	0.722956	0.73149	0.726427	0.712198	0.692391	0.681403	0.680578	0.682922	0.681476	0.680031	0.678919	0.677808	0.677936	0.678065	0.678104	0.678144	0.678126	0.678108	0.678174	0.67824	0.678194	0.678149	0.678214	0.678278	0.678236	0.678194	0.678245	0.678295	0.678262	0.678228	0.678268	0.678308	0.678281	0.678255	0.678289	
0.678298	0.678327	0.678312	0.678296	0.678326	0.678355	0.678347	0.678338	0.678376	0.678413	0.678414	0.678415	0.678473	0.678532	0.678552	0.678571	0.678671	0.67877	0.678842	0.678913	0.679065	0.679217	0.679426	0.679635	0.679752	0.679869	0.679198	0.678526	0.682365	0.689957	0.713673	0.724029	0.723933	0.713136	0.698343	0.686725	0.683363	0.684339	0.68244	0.680542	0.679101	0.67766	0.677871	0.678083	0.678107	0.678131	0.678155	0.678178	0.678214	0.67825	0.678222	0.678193	0.678242	0.67829	0.678256	0.678222	0.678263	0.678304	0.678275	0.678246	0.67828	0.678313	0.678291	0.678269	0.678298	
0.678308	0.678332	0.678321	0.67831	0.678337	0.678364	0.67836	0.678355	0.678394	0.678434	0.678438	0.678442	0.678512	0.678582	0.678604	0.678626	0.67876	0.678894	0.67897	0.679047	0.679286	0.679526	0.679757	0.679989	0.680236	0.680483	0.679635	0.678787	0.682118	0.688938	0.701276	0.704078	0.71685	0.711515	0.704765	0.693831	0.686408	0.685756	0.683404	0.681053	0.679283	0.677512	0.677806	0.678101	0.678109	0.678118	0.678183	0.678248	0.678254	0.678261	0.678249	0.678238	0.67827	0.678302	0.678276	0.67825	0.678281	0.678312	0.678288	0.678265	0.678291	0.678318	0.6783	0.678283	0.678308	
0.678317	0.678346	0.678332	0.678318	0.67835	0.678383	0.678377	0.678371	0.678416	0.678461	0.678467	0.678473	0.678548	0.678624	0.678654	0.678685	0.678822	0.678958	0.679056	0.679155	0.679397	0.679639	0.679911	0.680182	0.680498	0.680815	0.678763	0.67671	0.681044	0.689934	0.705974	0.70223	0.708799	0.706013	0.700911	0.69205	0.687568	0.683523	0.681752	0.679982	0.678712	0.677442	0.677737	0.678031	0.678091	0.678151	0.678194	0.678237	0.678263	0.67829	0.678265	0.67824	0.678281	0.678321	0.678287	0.678254	0.67829	0.678326	0.678297	0.678268	0.678299	0.67833	0.678309	0.678287	0.678317	
0.678326	0.67836	0.678343	0.678326	0.678364	0.678402	0.678394	0.678387	0.678437	0.678488	0.678496	0.678503	0.678584	0.678665	0.678705	0.678744	0.678883	0.679023	0.679143	0.679262	0.679508	0.679753	0.680064	0.680374	0.680761	0.681147	0.677891	0.674634	0.679971	0.68947	0.711297	0.713964	0.708799	0.695352	0.693105	0.689448	0.686194	0.681291	0.6801	0.67891	0.678141	0.677372	0.677667	0.677962	0.678073	0.678184	0.678205	0.678225	0.678273	0.67832	0.678281	0.678243	0.678291	0.678339	0.678298	0.678257	0.678298	0.678339	0.678305	0.678272	0.678307	0.678343	0.678317	0.678292	0.678326	
0.678332	0.678361	0.678348	0.678335	0.678369	0.678404	0.6784	0.678397	0.678446	0.678494	0.678506	0.678517	0.678599	0.678681	0.678721	0.678762	0.678911	0.679061	0.679171	0.679282	0.679534	0.679786	0.680052	0.680317	0.681043	0.681769	0.678284	0.674799	0.677719	0.684819	0.702135	0.706196	0.704614	0.695722	0.688991	0.687541	0.682947	0.678208	0.678009	0.677809	0.677503	0.677196	0.677624	0.678052	0.678112	0.678173	0.678224	0.678274	0.678302	0.67833	0.678306	0.678282	0.678316	0.678349	0.678316	0.678282	0.678313	0.678345	0.678316	0.678288	0.678316	0.678345	0.678324	0.678303	0.678332	
0.678339	0.678363	0.678354	0.678345	0.678375	0.678406	0.678407	0.678407	0.678454	0.6785	0.678515	0.67853	0.678614	0.678697	0.678738	0.678779	0.678939	0.679099	0.6792	0.679302	0.679561	0.679819	0.680039	0.680259	0.681325	0.68239	0.678677	0.674807	0.670552	0.678857	0.690015	0.691841	0.691378	0.687485	0.68352	0.684302	0.678608	0.675126	0.675917	0.676709	0.676865	0.67702	0.677581	0.678142	0.678152	0.678162	0.678242	0.678323	0.678331	0.67834	0.67833	0.678321	0.67834	0.678359	0.678333	0.678307	0.678329	0.678351	0.678327	0.678303	0.678326	0.678348	0.678331	0.678314	0.678339	
0.678345	0.678374	0.678362	0.67835	0.678385	0.67842	0.678419	0.678418	0.67847	0.678521	0.678537	0.678552	0.678639	0.678725	0.678771	0.678816	0.678968	0.67912	0.679223	0.679326	0.679499	0.679672	0.67974	0.679808	0.680713	0.681618	0.678629	0.675442	0.671316	0.676182	0.68334	0.679885	0.678679	0.680317	0.68172	0.680368	0.67415	0.672732	0.674427	0.676122	0.676675	0.677228	0.677672	0.678116	0.678179	0.678241	0.678281	0.67832	0.678347	0.678375	0.678349	0.678323	0.67835	0.678376	0.678342	0.678309	0.678335	0.678361	0.678333	0.678305	0.678331	0.678358	0.678337	0.678317	0.678345	
0.678352	0.678385	0.67837	0.678355	0.678395	0.678435	0.678432	0.678429	0.678486	0.678542	0.678558	0.678574	0.678664	0.678753	0.678803	0.678853	0.678997	0.679141	0.679246	0.679351	0.679438	0.679525	0.679441	0.679358	0.680101	0.680845	0.678581	0.676826	0.674996	0.680653	0.685484	0.679096	0.675097	0.677771	0.680115	0.675742	0.671079	0.670338	0.672937	0.675536	0.676486	0.677436	0.677763	0.678091	0.678206	0.67832	0.678319	0.678317	0.678363	0.67841	0.678367	0.678325	0.678359	0.678393	0.678352	0.67831	0.678341	0.678372	0.678339	0.678306	0.678337	0.678367	0.678343	0.678319	0.678352	
0.678354	0.678382	0.678371	0.67836	0.678395	0.67843	0.678432	0.678433	0.678484	0.678534	0.678555	0.678575	0.678656	0.678738	0.678791	0.678844	0.678972	0.679101	0.679198	0.679295	0.679333	0.679371	0.679175	0.678979	0.679383	0.679787	0.678782	0.678731	0.680503	0.688402	0.68836	0.681588	0.675202	0.677274	0.679296	0.676486	0.670558	0.670337	0.673063	0.675789	0.67663	0.677471	0.677806	0.678141	0.678242	0.678343	0.678357	0.678372	0.678401	0.678431	0.678395	0.678359	0.678381	0.678403	0.678367	0.67833	0.678353	0.678376	0.678347	0.678318	0.678342	0.678366	0.678346	0.678326	0.678354	
0.678356	0.678379	0.678372	0.678365	0.678395	0.678425	0.678431	0.678437	0.678482	0.678527	0.678551	0.678576	0.678649	0.678723	0.678779	0.678834	0.678947	0.67906	0.67915	0.67924	0.679228	0.679217	0.678908	0.6786	0.678665	0.67873	0.678983	0.679895	0.683238	0.689565	0.688549	0.681603	0.672772	0.674894	0.679569	0.679909	0.671025	0.670335	0.673189	0.676043	0.676775	0.677507	0.677849	0.678192	0.678279	0.678365	0.678396	0.678427	0.678439	0.678452	0.678422	0.678393	0.678403	0.678414	0.678382	0.67835	0.678364	0.678379	0.678354	0.678329	0.678348	0.678366	0.67835	0.678333	0.678356	
0.67836	0.678386	0.678377	0.678367	0.678401	0.678435	0.678439	0.678442	0.678491	0.678541	0.678564	0.678588	0.678666	0.678743	0.678802	0.678861	0.67898	0.679099	0.679211	0.679322	0.679367	0.679412	0.679129	0.678846	0.678679	0.678511	0.679176	0.680362	0.681277	0.683298	0.683882	0.67746	0.668263	0.670902	0.676539	0.676032	0.670669	0.671116	0.673995	0.676875	0.67747	0.678065	0.678236	0.678407	0.678447	0.678488	0.678478	0.678468	0.678476	0.678484	0.678442	0.6784	0.678412	0.678425	0.678387	0.67835	0.678368	0.678385	0.678357	0.678329	0.67835	0.678372	0.678353	0.678334	0.67836	
0.678364	0.678393	0.678381	0.678369	0.678407	0.678445	0.678446	0.678447	0.678501	0.678554	0.678577	0.678601	0.678682	0.678763	0.678826	0.678888	0.679014	0.679139	0.679272	0.679405	0.679507	0.679608	0.67935	0.679092	0.678692	0.678293	0.67937	0.680279	0.679004	0.676878	0.67707	0.6725	0.666529	0.668294	0.67123	0.670032	0.670328	0.671896	0.674801	0.677707	0.678166	0.678624	0.678623	0.678622	0.678616	0.67861	0.678559	0.678508	0.678512	0.678516	0.678461	0.678407	0.678421	0.678436	0.678393	0.67835	0.678371	0.678392	0.67836	0.678328	0.678353	0.678378	0.678356	0.678334	0.678364	
0.678361	0.678386	0.678377	0.678369	0.678401	0.678434	0.678439	0.678444	0.678491	0.678538	0.678565	0.678592	0.678666	0.67874	0.678807	0.678874	0.678997	0.679119	0.679269	0.679419	0.679604	0.679789	0.679708	0.679626	0.679225	0.678823	0.679628	0.680097	0.678689	0.676358	0.674639	0.670993	0.668545	0.66931	0.66961	0.669615	0.671448	0.673487	0.675979	0.678471	0.678732	0.678992	0.678872	0.678752	0.678723	0.678693	0.678624	0.678556	0.678548	0.67854	0.678485	0.678429	0.678436	0.678443	0.678402	0.678361	0.678376	0.678391	0.678363	0.678334	0.678354	0.678374	0.678355	0.678336	0.678361	
0.678358	0.678378	0.678373	0.678368	0.678396	0.678423	0.678432	0.678441	0.678481	0.678522	0.678552	0.678583	0.67865	0.678717	0.678788	0.67886	0.67898	0.679099	0.679267	0.679434	0.679702	0.67997	0.680065	0.68016	0.679757	0.679353	0.679886	0.680419	0.67832	0.67622	0.674614	0.673246	0.671868	0.672269	0.67045	0.668631	0.671855	0.675079	0.677157	0.679236	0.679297	0.679359	0.679121	0.678883	0.678829	0.678776	0.67869	0.678603	0.678584	0.678564	0.678508	0.678451	0.67845	0.678449	0.678411	0.678373	0.678382	0.678391	0.678365	0.67834	0.678354	0.678369	0.678354	0.678338	0.678358	
0.678359	0.678382	0.678374	0.678367	0.678397	0.678427	0.678433	0.67844	0.678483	0.678526	0.678555	0.678583	0.678652	0.678721	0.678792	0.678863	0.678984	0.679104	0.679272	0.67944	0.679749	0.680058	0.680309	0.680559	0.680323	0.680086	0.680009	0.679932	0.678151	0.676369	0.67587	0.675173	0.673726	0.672692	0.670627	0.668563	0.672709	0.676855	0.678304	0.679754	0.679616	0.679478	0.679211	0.678944	0.678874	0.678804	0.67871	0.678616	0.678592	0.678567	0.678508	0.678449	0.678449	0.678449	0.678409	0.678369	0.67838	0.678392	0.678364	0.678336	0.678354	0.678371	0.678354	0.678336	0.678359	
0.67836	0.678386	0.678375	0.678365	0.678398	0.678432	0.678435	0.678439	0.678485	0.678531	0.678557	0.678583	0.678654	0.678724	0.678795	0.678866	0.678987	0.679109	0.679278	0.679447	0.679797	0.680146	0.680552	0.680958	0.680889	0.680819	0.680133	0.679446	0.677982	0.676296	0.676349	0.677732	0.675423	0.673114	0.670805	0.668495	0.673563	0.678631	0.679451	0.680272	0.679934	0.679597	0.679301	0.679004	0.678919	0.678833	0.678731	0.678628	0.678599	0.67857	0.678509	0.678448	0.678448	0.678449	0.678407	0.678366	0.678379	0.678392	0.678363	0.678333	0.678353	0.678374	0.678354	0.678333	0.67836	
0.678353	0.678374	0.678367	0.67836	0.678388	0.678416	0.678423	0.678429	0.678469	0.678508	0.678537	0.678565	0.678627	0.67869	0.678761	0.678833	0.678944	0.679055	0.679223	0.67939	0.67972	0.68005	0.680539	0.681028	0.681062	0.681096	0.680127	0.679158	0.678144	0.676698	0.677092	0.677971	0.675667	0.673363	0.67199	0.670618	0.675197	0.679777	0.680022	0.680268	0.679896	0.679523	0.679262	0.679001	0.678921	0.678841	0.678737	0.678632	0.678602	0.678572	0.678512	0.678451	0.678449	0.678446	0.678407	0.678367	0.678377	0.678386	0.67836	0.678333	0.678349	0.678365	0.678348	0.678331	0.678353	
0.678346	0.678363	0.678359	0.678354	0.678378	0.678401	0.67841	0.678419	0.678453	0.678486	0.678516	0.678547	0.678601	0.678656	0.678728	0.6788	0.678901	0.679002	0.679167	0.679332	0.679643	0.679954	0.680526	0.681099	0.681235	0.681372	0.680121	0.67887	0.678307	0.677025	0.677589	0.67821	0.675911	0.672689	0.673227	0.672741	0.676831	0.680922	0.680593	0.680264	0.679857	0.67945	0.679224	0.678998	0.678923	0.678849	0.678743	0.678637	0.678605	0.678574	0.678514	0.678455	0.678449	0.678443	0.678406	0.678368	0.678375	0.678381	0.678356	0.678332	0.678344	0.678357	0.678343	0.678328	0.678346	
0.678344	0.678364	0.678357	0.67835	0.678376	0.678401	0.678407	0.678413	0.678448	0.678483	0.678509	0.678535	0.678589	0.678643	0.678708	0.678773	0.678866	0.67896	0.679109	0.679257	0.679511	0.679765	0.680347	0.68093	0.681184	0.681439	0.680323	0.679208	0.678648	0.677068	0.677853	0.677916	0.676339	0.672747	0.674903	0.676601	0.678825	0.68105	0.680496	0.679942	0.679608	0.679273	0.679113	0.678953	0.678875	0.678797	0.678705	0.678613	0.678583	0.678553	0.678498	0.678442	0.678438	0.678434	0.678398	0.678361	0.678369	0.678377	0.678352	0.678327	0.678342	0.678357	0.67834	0.678324	0.678344	
0.678342	0.678364	0.678355	0.678346	0.678374	0.678402	0.678404	0.678406	0.678443	0.67848	0.678502	0.678523	0.678576	0.67863	0.678688	0.678745	0.678832	0.678919	0.67905	0.679182	0.679379	0.679576	0.680168	0.680761	0.681133	0.681506	0.680526	0.679545	0.678989	0.677578	0.678209	0.677622	0.676767	0.673801	0.676983	0.680461	0.680819	0.681178	0.680399	0.679621	0.679359	0.679097	0.679002	0.678908	0.678827	0.678746	0.678668	0.678589	0.678561	0.678532	0.678481	0.67843	0.678428	0.678425	0.678389	0.678353	0.678363	0.678374	0.678348	0.678322	0.678339	0.678356	0.678338	0.67832	0.678342	
0.678332	0.67835	0.678343	0.678336	0.67836	0.678383	0.678388	0.678392	0.678423	0.678454	0.678477	0.678499	0.678545	0.678591	0.678647	0.678704	0.67878	0.678856	0.67898	0.679103	0.679266	0.679428	0.679938	0.680449	0.680881	0.681314	0.680622	0.67993	0.679389	0.678856	0.678829	0.677663	0.678014	0.675863	0.678984	0.681561	0.681216	0.680871	0.68014	0.679408	0.679222	0.679036	0.678945	0.678855	0.678785	0.678715	0.678641	0.678568	0.678542	0.678517	0.678468	0.678419	0.678416	0.678414	0.67838	0.678346	0.678355	0.678363	0.678339	0.678315	0.67833	0.678344	0.678329	0.678313	0.678332	
