x=200	y=200	z=100	n=65	len=1
b
-0.266875	0.529227	1.01256	1.33591	1.57955	1.77519	1.93655	2.07968	2.19595	2.31221	2.40647	2.50073	2.58001	2.65929	2.72771	2.79612	2.85629	2.91646	2.97015	3.02385	3.07234	3.12083	3.16503	3.20923	3.24983	3.29044	3.32799	3.36555	3.40048	3.43541	3.46806	3.50071	3.53136	3.562	3.59088	3.61975	3.64705	3.67435	3.70024	3.72612	3.75074	3.77535	3.7988	3.82226	3.84467	3.86707	3.88851	3.90996	3.93052	3.95108	3.97083	3.99058	4.00958	4.02858	4.04689	4.06519	4.08285	4.1005	4.11756	4.13461	4.1511	4.1676	4.18356	4.19953	4.21509	
-0.202515	0.468231	1.00106	1.38129	1.66374	1.82444	1.96188	2.10851	2.22373	2.33894	2.43011	2.52128	2.59683	2.67239	2.73855	2.80472	2.86347	2.92222	2.97513	3.02804	3.07606	3.12408	3.16792	3.21177	3.25208	3.2924	3.32973	3.36706	3.40182	3.43657	3.46909	3.50161	3.53216	3.56272	3.59152	3.62031	3.64756	3.6748	3.70064	3.72648	3.75105	3.77563	3.79906	3.82248	3.84487	3.86725	3.88867	3.9101	3.93065	3.9512	3.97094	3.99067	4.00966	4.02866	4.04695	4.06525	4.0829	4.10055	4.1176	4.13465	4.15114	4.16763	4.18359	4.19956	4.21512	
-0.211674	0.526474	1.02003	1.38253	1.65799	1.82545	1.96855	2.10962	2.22266	2.33571	2.42688	2.51804	2.59323	2.66841	2.73474	2.80107	2.86014	2.91921	2.97243	3.02566	3.07397	3.12228	3.16635	3.21043	3.25093	3.29143	3.3289	3.36636	3.40122	3.43608	3.46867	3.50126	3.53187	3.56247	3.59131	3.62015	3.64741	3.67468	3.70054	3.7264	3.75099	3.77558	3.79901	3.82245	3.84484	3.86723	3.88866	3.91009	3.93064	3.95119	3.97093	3.99067	4.00966	4.02865	4.04695	4.06525	4.0829	4.10055	4.1176	4.13465	4.15114	4.16763	4.18359	4.19956	4.21512	
-0.240961	0.578192	1.04314	1.41294	1.65747	1.82529	1.96963	2.11073	2.2216	2.33247	2.42364	2.51481	2.58962	2.66443	2.73093	2.79742	2.85681	2.9162	2.96974	3.02328	3.07188	3.12047	3.16478	3.20909	3.24978	3.29046	3.32807	3.36567	3.40062	3.43558	3.46824	3.50091	3.53157	3.56223	3.5911	3.61998	3.64727	3.67457	3.70045	3.72632	3.75092	3.77552	3.79897	3.82242	3.84481	3.86721	3.88864	3.91007	3.93063	3.95118	3.97092	3.99067	4.00966	4.02865	4.04695	4.06525	4.0829	4.10055	4.1176	4.13465	4.15114	4.16763	4.18359	4.19956	4.21512	
-0.252773	0.59428	1.04465	1.43199	1.66488	1.82928	1.96838	2.10268	2.21381	2.32495	2.41725	2.50956	2.58534	2.66111	2.72806	2.795	2.85471	2.91441	2.96817	3.02193	3.0707	3.11948	3.16392	3.20837	3.24916	3.28995	3.32762	3.3653	3.40031	3.43532	3.46802	3.50073	3.53141	3.5621	3.591	3.61989	3.6472	3.67451	3.7004	3.72629	3.75089	3.7755	3.79895	3.8224	3.8448	3.8672	3.88863	3.91007	3.93062	3.95118	3.97092	3.99066	4.00966	4.02865	4.04695	4.06525	4.0829	4.10055	4.1176	4.13465	4.15114	4.16763	4.18359	4.19956	4.21512	
-0.236547	0.585614	1.03983	1.44406	1.67186	1.83136	1.96449	2.09463	2.20603	2.31742	2.41087	2.50431	2.58105	2.6578	2.72519	2.79258	2.8526	2.91262	2.9666	3.02058	3.06953	3.11848	3.16306	3.20764	3.24853	3.28943	3.32718	3.36493	3.4	3.43506	3.4678	3.50054	3.53126	3.56198	3.59089	3.61981	3.64713	3.67446	3.70035	3.72625	3.75086	3.77548	3.79893	3.82239	3.84479	3.86719	3.88863	3.91006	3.93062	3.95118	3.97092	3.99066	4.00966	4.02865	4.04695	4.06525	4.0829	4.10055	4.1176	4.13465	4.15114	4.16763	4.18359	4.19956	4.21512	
-0.24363	0.573198	1.04729	1.45826	1.67671	1.82953	1.95726	2.08366	2.19515	2.30663	2.40187	2.4971	2.57527	2.65345	2.72158	2.78972	2.85021	2.9107	2.96498	3.01925	3.06841	3.11756	3.16228	3.207	3.248	3.28899	3.32681	3.36463	3.39974	3.43485	3.46763	3.50041	3.53115	3.56189	3.59082	3.61975	3.64709	3.67442	3.70032	3.72623	3.75084	3.77546	3.79892	3.82238	3.84478	3.86718	3.88862	3.91006	3.93062	3.95118	3.97092	3.99066	4.00966	4.02865	4.04695	4.06525	4.0829	4.10055	4.1176	4.13465	4.15114	4.16763	4.18359	4.19956	4.21512	
-0.240602	0.571736	1.06997	1.46807	1.67664	1.82215	1.94606	2.07269	2.18426	2.29584	2.39287	2.48989	2.56949	2.6491	2.71798	2.78686	2.84782	2.90878	2.96335	3.01793	3.06729	3.11665	3.1615	3.20636	3.24746	3.28856	3.32644	3.36432	3.39949	3.43465	3.46746	3.50027	3.53103	3.5618	3.59075	3.61969	3.64704	3.67438	3.70029	3.7262	3.75082	3.77545	3.79891	3.82237	3.84478	3.86718	3.88862	3.91006	3.93062	3.95117	3.97092	3.99066	4.00966	4.02865	4.04695	4.06525	4.0829	4.10056	4.11761	4.13466	4.15114	4.16763	4.1836	4.19956	4.21512	
-0.192863	0.587686	1.0932	1.47346	1.66934	1.8085	1.93136	2.056	2.16983	2.28365	2.38294	2.48223	2.56344	2.64464	2.71449	2.78433	2.84578	2.90724	2.96211	3.01699	3.06651	3.11604	3.161	3.20596	3.24713	3.28829	3.32622	3.36415	3.39934	3.43453	3.46736	3.50019	3.53097	3.56175	3.59071	3.61967	3.64702	3.67437	3.70028	3.72619	3.75082	3.77544	3.79891	3.82237	3.84478	3.86718	3.88862	3.91006	3.93062	3.95118	3.97093	3.99067	4.00966	4.02866	4.04696	4.06525	4.08291	4.10056	4.11761	4.13466	4.15115	4.16763	4.1836	4.19956	4.21512	
-0.19889	0.594749	1.10426	1.47112	1.65428	1.79102	1.91469	2.03931	2.15539	2.27147	2.37302	2.47457	2.55738	2.64018	2.71099	2.7818	2.84375	2.9057	2.96087	3.01605	3.06574	3.11543	3.1605	3.20557	3.2468	3.28803	3.326	3.36397	3.39919	3.43442	3.46727	3.50012	3.53091	3.56171	3.59068	3.61964	3.647	3.67435	3.70027	3.72618	3.75081	3.77544	3.7989	3.82237	3.84477	3.86718	3.88862	3.91007	3.93063	3.95119	3.97093	3.99068	4.00967	4.02866	4.04696	4.06526	4.08291	4.10056	4.11761	4.13466	4.15115	4.16763	4.1836	4.19956	4.21512	
-0.210529	0.610878	1.10414	1.45425	1.63573	1.77133	1.89735	2.02434	2.14312	2.2619	2.36521	2.46852	2.5526	2.63669	2.70835	2.78001	2.84236	2.90472	2.96012	3.01553	3.06533	3.11513	3.16026	3.20539	3.24666	3.28792	3.32591	3.3639	3.39914	3.43438	3.46724	3.5001	3.5309	3.5617	3.59067	3.61964	3.647	3.67435	3.70027	3.72619	3.75082	3.77545	3.79892	3.82239	3.84479	3.8672	3.88864	3.91008	3.93064	3.9512	3.97094	3.99068	4.00967	4.02867	4.04696	4.06526	4.08291	4.10056	4.11761	4.13466	4.15115	4.16764	4.1836	4.19956	4.21512	
-0.180531	0.625466	1.10132	1.43369	1.61451	1.7498	1.88061	2.00936	2.13085	2.25233	2.3574	2.46246	2.54783	2.6332	2.7057	2.77821	2.84098	2.90374	2.95938	3.01501	3.06492	3.11483	3.16003	3.20522	3.24652	3.28781	3.32582	3.36384	3.39909	3.43434	3.46721	3.50008	3.53089	3.56169	3.59067	3.61964	3.647	3.67436	3.70028	3.7262	3.75084	3.77547	3.79894	3.8224	3.84481	3.86721	3.88865	3.91009	3.93065	3.9512	3.97095	3.99069	4.00968	4.02867	4.04697	4.06527	4.08292	4.10057	4.11761	4.13466	4.15115	4.16764	4.1836	4.19956	4.21512	
-0.17188	0.615849	1.09267	1.40223	1.58555	1.72736	1.86521	2.00069	2.12419	2.2477	2.35369	2.45969	2.54565	2.63161	2.70451	2.77741	2.84039	2.90337	2.95913	3.01488	3.06484	3.11479	3.16001	3.20522	3.24655	3.28788	3.32591	3.36395	3.39921	3.43447	3.46733	3.5002	3.53099	3.56179	3.59075	3.61971	3.64706	3.67442	3.70033	3.72625	3.75088	3.7755	3.79896	3.82243	3.84483	3.86723	3.88867	3.91011	3.93066	3.95122	3.97096	3.9907	4.00969	4.02868	4.04697	4.06527	4.08292	4.10057	4.11762	4.13467	4.15115	4.16764	4.1836	4.19956	4.21512	
-0.151115	0.624672	1.05953	1.36419	1.55566	1.70579	1.85191	1.99202	2.11754	2.24306	2.34999	2.45691	2.54347	2.63003	2.70332	2.77661	2.8398	2.90299	2.95887	3.01476	3.06475	3.11475	3.15999	3.20523	3.24659	3.28795	3.326	3.36406	3.39933	3.43459	3.46745	3.50031	3.5311	3.56188	3.59083	3.61979	3.64713	3.67448	3.70039	3.7263	3.75092	3.77553	3.79899	3.82245	3.84485	3.86725	3.88868	3.91012	3.93067	3.95123	3.97097	3.99071	4.0097	4.02869	4.04698	4.06528	4.08292	4.10057	4.11762	4.13467	4.15115	4.16764	4.1836	4.19956	4.21512	
-0.135313	0.648399	1.02794	1.33991	1.53574	1.68912	1.84231	1.98923	2.11607	2.2429	2.34997	2.45703	2.54357	2.6301	2.70348	2.77686	2.84035	2.90384	2.9598	3.01577	3.06566	3.11555	3.16071	3.20587	3.24715	3.28843	3.32641	3.3644	3.39961	3.43482	3.46764	3.50047	3.53123	3.562	3.59094	3.61988	3.64721	3.67454	3.70045	3.72635	3.75096	3.77558	3.79903	3.82248	3.84488	3.86727	3.88871	3.91014	3.93069	3.95124	3.97098	3.99072	4.00971	4.02869	4.04699	4.06528	4.08293	4.10058	4.11762	4.13467	4.15116	4.16764	4.1836	4.19956	4.21512	
-0.130475	0.638952	1.01423	1.33138	1.5276	1.68153	1.83857	1.98644	2.11459	2.24274	2.34994	2.45714	2.54366	2.63018	2.70364	2.7771	2.84089	2.90469	2.96073	3.01678	3.06657	3.11635	3.16143	3.20651	3.24771	3.28891	3.32682	3.36473	3.39989	3.43505	3.46784	3.50063	3.53137	3.56212	3.59104	3.61997	3.64729	3.67461	3.70051	3.7264	3.75101	3.77562	3.79906	3.82251	3.8449	3.8673	3.88873	3.91016	3.93071	3.95126	3.97099	3.99073	4.00972	4.0287	4.04699	4.06529	4.08293	4.10058	4.11763	4.13467	4.15116	4.16764	4.1836	4.19956	4.21512	
-0.154998	0.58066	1.02169	1.34417	1.53005	1.68087	1.83933	1.99428	2.12481	2.25534	2.3608	2.46627	2.55108	2.63589	2.7083	2.78072	2.84383	2.90694	2.96254	3.01813	3.06772	3.11732	3.16227	3.20722	3.24832	3.28943	3.32727	3.36512	3.40023	3.43534	3.46809	3.50085	3.53157	3.56228	3.59119	3.62009	3.6474	3.6747	3.70059	3.72647	3.75107	3.77567	3.79911	3.82255	3.84494	3.86733	3.88875	3.91018	3.93073	3.95127	3.97101	3.99074	4.00973	4.02871	4.047	4.06529	4.08294	4.10059	4.11763	4.13468	4.15116	4.16764	4.1836	4.19956	4.21512	
-0.175176	0.537801	1.07226	1.36834	1.53512	1.68646	1.84614	2.00213	2.13503	2.26793	2.37166	2.4754	2.5585	2.64159	2.71297	2.78434	2.84677	2.9092	2.96434	3.01947	3.06888	3.11828	3.1631	3.20793	3.24894	3.28995	3.32773	3.36551	3.40057	3.43563	3.46835	3.50107	3.53176	3.56245	3.59133	3.62021	3.6475	3.67479	3.70067	3.72654	3.75113	3.77572	3.79915	3.82259	3.84497	3.86735	3.88878	3.9102	3.93074	3.95129	3.97102	3.99075	4.00974	4.02872	4.04701	4.0653	4.08294	4.10059	4.11763	4.13468	4.15116	4.16764	4.1836	4.19956	4.21512	
-0.18162	0.495115	1.08022	1.34822	1.53601	1.69573	1.85934	2.02015	2.15071	2.28127	2.38244	2.48362	2.56529	2.64697	2.71746	2.78795	2.84983	2.9117	2.9665	3.0213	3.07044	3.11958	3.16423	3.20888	3.24975	3.29063	3.32832	3.366	3.401	3.43599	3.46866	3.50133	3.53199	3.56264	3.5915	3.62035	3.64762	3.6749	3.70075	3.72661	3.75119	3.77577	3.7992	3.82263	3.84501	3.86738	3.8888	3.91022	3.93076	3.9513	3.97103	3.99076	4.00975	4.02873	4.04702	4.06531	4.08295	4.10059	4.11764	4.13468	4.15116	4.16765	4.1836	4.19956	4.21512	
-0.195704	0.452922	1.06907	1.28278	1.52803	1.70237	1.87279	2.03817	2.16639	2.2946	2.39322	2.49184	2.57209	2.65234	2.72195	2.79156	2.85288	2.9142	2.96866	3.02312	3.07201	3.12089	3.16536	3.20983	3.25057	3.29131	3.32891	3.3665	3.40142	3.43635	3.46897	3.5016	3.53221	3.56283	3.59166	3.62049	3.64775	3.675	3.70084	3.72669	3.75126	3.77583	3.79925	3.82267	3.84504	3.86741	3.88883	3.91024	3.93078	3.95132	3.97105	3.99077	4.00976	4.02874	4.04702	4.06531	4.08295	4.1006	4.11764	4.13468	4.15117	4.16765	4.1836	4.19956	4.21512	
-0.187091	0.412431	1.00056	1.19995	1.50064	1.70578	1.88427	2.05148	2.17843	2.30539	2.4022	2.49901	2.57838	2.65774	2.72669	2.79564	2.85636	2.91707	2.9711	3.02513	3.07372	3.12231	3.16658	3.21085	3.25145	3.29205	3.32954	3.36702	3.40188	3.43673	3.4693	3.50187	3.53245	3.56303	3.59183	3.62064	3.64787	3.6751	3.70093	3.72676	3.75132	3.77588	3.7993	3.82271	3.84507	3.86744	3.88885	3.91026	3.9308	3.95133	3.97106	3.99078	4.00976	4.02874	4.04703	4.06532	4.08296	4.1006	4.11764	4.13469	4.15117	4.16765	4.1836	4.19956	4.21512	
-0.184723	0.391541	0.961451	1.20387	1.49453	1.71067	1.89551	2.06478	2.19048	2.31617	2.41118	2.50618	2.58466	2.66314	2.73143	2.79971	2.85983	2.91995	2.97354	3.02713	3.07543	3.12374	3.16781	3.21188	3.25233	3.29278	3.33016	3.36755	3.40233	3.43712	3.46963	3.50215	3.53269	3.56323	3.59201	3.62078	3.64799	3.67521	3.70102	3.72684	3.75139	3.77594	3.79934	3.82275	3.84511	3.86747	3.88888	3.91028	3.93082	3.95135	3.97107	3.99079	4.00977	4.02875	4.04704	4.06532	4.08296	4.1006	4.11765	4.13469	4.15117	4.16765	4.1836	4.19956	4.21512	
-0.172738	0.411989	0.933611	1.24384	1.51653	1.72515	1.91036	2.07838	2.20201	2.32564	2.41911	2.51258	2.59036	2.66814	2.73582	2.8035	2.86309	2.92268	2.97588	3.02909	3.07712	3.12514	3.16901	3.21288	3.25319	3.2935	3.33078	3.36807	3.40278	3.43749	3.46995	3.50242	3.53292	3.56342	3.59217	3.62091	3.64811	3.67531	3.70111	3.72691	3.75145	3.77599	3.79938	3.82278	3.84514	3.86749	3.8889	3.9103	3.93083	3.95136	3.97108	3.9908	4.00978	4.02876	4.04704	4.06532	4.08297	4.10061	4.11765	4.13469	4.15117	4.16765	4.1836	4.19956	4.21512	
-0.105018	0.423475	0.842078	1.32218	1.54131	1.7492	1.93089	2.09197	2.21355	2.33512	2.42704	2.51897	2.59605	2.67313	2.7402	2.80728	2.86634	2.92541	2.97823	3.03105	3.0788	3.12655	3.17022	3.21389	3.25405	3.29421	3.3314	3.36858	3.40322	3.43786	3.47027	3.50268	3.53315	3.56361	3.59233	3.62105	3.64823	3.6754	3.70119	3.72697	3.75151	3.77604	3.79943	3.82282	3.84517	3.86752	3.88892	3.91032	3.93084	3.95137	3.97109	3.99081	4.00979	4.02876	4.04704	4.06533	4.08297	4.10061	4.11765	4.13469	4.15117	4.16765	4.1836	4.19956	4.21512	
-0.121493	0.397704	0.802755	1.34001	1.55136	1.77427	1.95401	2.10771	2.22635	2.34499	2.43495	2.52492	2.60128	2.67764	2.74414	2.81064	2.86924	2.92783	2.98031	3.0328	3.0803	3.1278	3.17129	3.21478	3.25481	3.29485	3.33194	3.36903	3.40361	3.43818	3.47055	3.50291	3.53334	3.56377	3.59247	3.62116	3.64832	3.67548	3.70126	3.72703	3.75155	3.77607	3.79946	3.82284	3.84519	3.86754	3.88893	3.91033	3.93085	3.95138	3.9711	3.99082	4.00979	4.02876	4.04705	4.06533	4.08297	4.10061	4.11765	4.13469	4.15117	4.16765	4.1836	4.19956	4.21512	
-0.131482	0.44892	0.902054	1.29809	1.57114	1.79648	1.97684	2.12344	2.23915	2.35486	2.44286	2.53086	2.60651	2.68215	2.74807	2.814	2.87213	2.93026	2.9824	3.03454	3.0818	3.12906	3.17236	3.21567	3.25557	3.29548	3.33248	3.36948	3.40399	3.4385	3.47082	3.50314	3.53354	3.56393	3.59261	3.62128	3.64842	3.67556	3.70132	3.72708	3.7516	3.77611	3.79949	3.82287	3.84521	3.86755	3.88895	3.91034	3.93086	3.95139	3.9711	3.99082	4.00979	4.02877	4.04705	4.06533	4.08297	4.10061	4.11765	4.13469	4.15117	4.16765	4.1836	4.19956	4.21512	
-0.1614	0.498169	0.978194	1.33654	1.59139	1.81786	2.00049	2.14129	2.25362	2.36595	2.45137	2.53679	2.61151	2.68623	2.75151	2.81679	2.8745	2.93222	2.98408	3.03594	3.08299	3.13005	3.1732	3.21636	3.25616	3.29597	3.3329	3.36983	3.40429	3.43875	3.47103	3.50331	3.53368	3.56405	3.5927	3.62135	3.64848	3.67561	3.70137	3.72712	3.75163	3.77613	3.79951	3.82288	3.84522	3.86756	3.88895	3.91035	3.93087	3.95139	3.9711	3.99082	4.00979	4.02877	4.04705	4.06533	4.08297	4.10061	4.11765	4.13469	4.15117	4.16765	4.1836	4.19956	4.21512	
-0.183949	0.497031	1.03397	1.4289	1.59973	1.84613	2.02726	2.15915	2.2681	2.37705	2.45988	2.54272	2.61651	2.6903	2.75494	2.81958	2.87688	2.93418	2.98575	3.03733	3.08418	3.13104	3.17404	3.21705	3.25675	3.29645	3.33331	3.37017	3.40458	3.43899	3.47123	3.50347	3.53382	3.56416	3.5928	3.62143	3.64855	3.67567	3.70141	3.72715	3.75166	3.77616	3.79953	3.8229	3.84523	3.86757	3.88896	3.91035	3.93087	3.95139	3.97111	3.99082	4.0098	4.02877	4.04705	4.06533	4.08297	4.10061	4.11765	4.13469	4.15117	4.16765	4.1836	4.19956	4.21512	
-0.211667	0.541963	1.04696	1.36351	1.65842	1.89785	2.05807	2.17813	2.28283	2.38753	2.46772	2.54791	2.62074	2.69357	2.75757	2.82158	2.87854	2.9355	2.98686	3.03822	3.08494	3.13167	3.17457	3.21748	3.25711	3.29675	3.33357	3.37038	3.40475	3.43913	3.47135	3.50357	3.5339	3.56423	3.59285	3.62147	3.64858	3.67569	3.70143	3.72717	3.75167	3.77617	3.79953	3.8229	3.84524	3.86757	3.88896	3.91035	3.93087	3.95139	3.9711	3.99082	4.00979	4.02876	4.04705	4.06533	4.08297	4.10061	4.11765	4.13469	4.15117	4.16765	4.1836	4.19956	4.21512	
-0.222393	0.629889	1.01069	1.29087	1.73851	1.96827	2.08882	2.19711	2.29756	2.39802	2.47556	2.5531	2.62496	2.69683	2.7602	2.82358	2.8802	2.93682	2.98797	3.03911	3.08571	3.1323	3.1751	3.21791	3.25748	3.29705	3.33382	3.37059	3.40493	3.43927	3.47147	3.50366	3.53398	3.56429	3.5929	3.62151	3.64862	3.67572	3.70145	3.72718	3.75168	3.77618	3.79954	3.82291	3.84524	3.86757	3.88896	3.91035	3.93087	3.95139	3.9711	3.99081	4.00979	4.02876	4.04704	4.06532	4.08296	4.1006	4.11764	4.13468	4.15117	4.16765	4.1836	4.19956	4.21512	
-0.211291	0.584468	0.871177	1.42714	1.84343	2.01279	2.11407	2.21021	2.30774	2.40527	2.4808	2.55632	2.62753	2.69874	2.76169	2.82465	2.88107	2.93749	2.98851	3.03954	3.08606	3.13259	3.17534	3.2181	3.25764	3.29718	3.33392	3.37067	3.405	3.43932	3.47151	3.5037	3.534	3.56431	3.59292	3.62152	3.64862	3.67572	3.70145	3.72718	3.75167	3.77616	3.79953	3.82289	3.84522	3.86756	3.88895	3.91034	3.93085	3.95137	3.97109	3.9908	4.00978	4.02875	4.04703	4.06532	4.08296	4.1006	4.11764	4.13468	4.15116	4.16764	4.1836	4.19955	4.21512	
-0.210336	0.42468	0.660481	1.42164	1.90196	2.03264	2.13173	2.22331	2.31792	2.41253	2.48603	2.55954	2.63009	2.70064	2.76318	2.82571	2.88193	2.93815	2.98905	3.03996	3.08642	3.13288	3.17559	3.21829	3.2578	3.2973	3.33403	3.37075	3.40507	3.43938	3.47155	3.50373	3.53403	3.56433	3.59293	3.62153	3.64863	3.67573	3.70145	3.72718	3.75167	3.77615	3.79951	3.82287	3.8452	3.86754	3.88893	3.91032	3.93084	3.95136	3.97108	3.9908	4.00977	4.02874	4.04703	4.06531	4.08295	4.10059	4.11764	4.13468	4.15116	4.16764	4.1836	4.19955	4.21512	
-0.207922	0.204336	0.956458	1.48204	1.86801	2.04104	2.14164	2.22795	2.32171	2.41547	2.48808	2.56068	2.63094	2.7012	2.76357	2.82594	2.8821	2.93825	2.98913	3.04	3.08645	3.13291	3.1756	3.21829	3.25778	3.29727	3.33398	3.37069	3.40499	3.4393	3.47147	3.50364	3.53394	3.56424	3.59285	3.62146	3.64856	3.67566	3.70139	3.72712	3.75162	3.77611	3.79947	3.82284	3.84518	3.86752	3.88891	3.9103	3.93082	3.95134	3.97106	3.99078	4.00976	4.02873	4.04702	4.0653	4.08294	4.10059	4.11763	4.13467	4.15116	4.16764	4.1836	4.19955	4.21512	
-0.219699	0.230181	1.32958	1.5989	1.84906	2.04401	2.14157	2.2326	2.32551	2.41842	2.49012	2.56182	2.63179	2.70175	2.76396	2.82617	2.88227	2.93836	2.9892	3.04005	3.08649	3.13293	3.17561	3.2183	3.25777	3.29724	3.33393	3.37063	3.40492	3.43922	3.47138	3.50355	3.53385	3.56416	3.59277	3.62138	3.64849	3.67559	3.70133	3.72707	3.75157	3.77607	3.79944	3.82281	3.84515	3.86749	3.88889	3.91028	3.9308	3.95133	3.97105	3.99077	4.00974	4.02872	4.04701	4.06529	4.08294	4.10058	4.11762	4.13467	4.15115	4.16764	4.18359	4.19955	4.21512	
-0.227764	0.587192	1.41127	1.65317	1.80605	2.02329	2.13259	2.2166	2.31467	2.41275	2.4849	2.55705	2.62778	2.6985	2.76121	2.82391	2.88034	2.93677	2.98785	3.03892	3.08552	3.13212	3.1749	3.21767	3.25723	3.29678	3.33354	3.3703	3.40464	3.43898	3.47118	3.50338	3.53371	3.56403	3.59266	3.62128	3.6484	3.67551	3.70126	3.727	3.75151	3.77602	3.79939	3.82277	3.84511	3.86746	3.88885	3.91025	3.93078	3.9513	3.97103	3.99075	4.00973	4.02871	4.04699	4.06528	4.08293	4.10057	4.11762	4.13466	4.15115	4.16763	4.18359	4.19955	4.21512	
-0.222638	0.811992	1.39845	1.66086	1.71923	1.96195	2.09912	2.20225	2.30146	2.40707	2.47968	2.55228	2.62377	2.69525	2.75845	2.82164	2.87842	2.93519	2.9865	3.0378	3.08455	3.13131	3.17418	3.21705	3.25669	3.29632	3.33314	3.36996	3.40436	3.43875	3.47098	3.50322	3.53356	3.56391	3.59255	3.62119	3.64831	3.67544	3.70119	3.72694	3.75145	3.77596	3.79934	3.82272	3.84507	3.86742	3.88882	3.91022	3.93075	3.95128	3.97101	3.99073	4.00971	4.02869	4.04698	4.06527	4.08292	4.10056	4.11761	4.13466	4.15114	4.16763	4.18359	4.19955	4.21512	
-0.196668	0.677622	1.34968	1.684	1.59833	1.8621	2.03972	2.16944	2.27878	2.38837	2.46655	2.54473	2.61776	2.69079	2.75481	2.81883	2.87608	2.93333	2.98492	3.03652	3.08346	3.1304	3.17339	3.21638	3.2561	3.29582	3.33271	3.36959	3.40402	3.43845	3.47072	3.50299	3.53336	3.56373	3.59238	3.62104	3.64818	3.67532	3.70109	3.72685	3.75137	3.77589	3.79928	3.82267	3.84502	3.86737	3.88878	3.91018	3.93072	3.95125	3.97098	3.99071	4.00969	4.02868	4.04697	4.06526	4.08291	4.10056	4.1176	4.13465	4.15114	4.16762	4.18359	4.19955	4.21512	
-0.155464	0.261295	1.33453	1.65265	1.42577	1.71468	1.96318	2.13079	2.25159	2.36966	2.45342	2.53718	2.61176	2.68633	2.75117	2.81601	2.87374	2.93147	2.98335	3.03524	3.08236	3.12949	3.1726	3.21571	3.25552	3.29533	3.33227	3.36921	3.40368	3.43816	3.47046	3.50275	3.53315	3.56354	3.59222	3.6209	3.64805	3.67521	3.70098	3.72676	3.75129	3.77582	3.79921	3.82261	3.84497	3.86733	3.88874	3.91015	3.93069	3.95122	3.97096	3.99069	4.00967	4.02866	4.04695	4.06525	4.0829	4.10055	4.1176	4.13464	4.15113	4.16762	4.18358	4.19954	4.21512	
-0.17919	0.386165	1.29131	1.6627	1.33771	1.53454	1.86708	2.08533	2.22232	2.35018	2.43887	2.52756	2.60409	2.68061	2.74649	2.81236	2.8707	2.92904	2.98129	3.03354	3.0809	3.12827	3.17155	3.21482	3.25474	3.29467	3.33169	3.36871	3.40324	3.43778	3.47012	3.50247	3.53289	3.56332	3.59202	3.62073	3.6479	3.67507	3.70086	3.72665	3.7512	3.77574	3.79914	3.82254	3.84491	3.86728	3.88869	3.91011	3.93065	3.95119	3.97093	3.99066	4.00965	4.02864	4.04694	4.06523	4.08288	4.10054	4.11759	4.13464	4.15113	4.16762	4.18358	4.19954	4.21512	
0.0869583	0.618702	1.39189	1.57867	1.27778	1.38273	1.77707	2.03951	2.19455	2.33069	2.42432	2.51794	2.59642	2.6749	2.74181	2.80872	2.86767	2.92661	2.97923	3.03184	3.07945	3.12705	3.17049	3.21393	3.25397	3.294	3.33111	3.36821	3.40281	3.4374	3.46979	3.50218	3.53264	3.5631	3.59183	3.62055	3.64775	3.67494	3.70074	3.72655	3.7511	3.77565	3.79907	3.82248	3.84485	3.86723	3.88865	3.91007	3.93061	3.95116	3.9709	3.99064	4.00963	4.02862	4.04692	4.06522	4.08287	4.10053	4.11758	4.13463	4.15112	4.16761	4.18358	4.19954	4.21512	
0.196833	0.870217	0.995247	1.21461	1.29777	1.31416	1.70142	2.00606	2.17171	2.31536	2.41259	2.50983	2.58972	2.66961	2.73738	2.80515	2.86463	2.92411	2.97707	3.03003	3.07788	3.12574	3.16935	3.21296	3.25312	3.29327	3.33047	3.36766	3.40232	3.43698	3.46942	3.50186	3.53235	3.56285	3.59161	3.62036	3.64758	3.67479	3.70061	3.72643	3.751	3.77556	3.79899	3.82241	3.84479	3.86717	3.8886	3.91003	3.93058	3.95113	3.97087	3.99061	4.00961	4.0286	4.0469	4.0652	4.08286	4.10051	4.11757	4.13462	4.15112	4.16761	4.18357	4.19954	4.21512	
0.132507	0.845837	1.27868	1.26975	1.34702	1.29135	1.64066	1.98588	2.15599	2.30002	2.40087	2.50172	2.58302	2.66433	2.73296	2.80159	2.86159	2.9216	2.97491	3.02821	3.07632	3.12442	3.1682	3.21198	3.25226	3.29254	3.32982	3.36711	3.40183	3.43656	3.46905	3.50153	3.53207	3.5626	3.59139	3.62017	3.64741	3.67464	3.70048	3.72632	3.7509	3.77547	3.79891	3.82234	3.84473	3.86712	3.88855	3.90998	3.93054	3.9511	3.97084	3.99059	4.00958	4.02858	4.04689	4.06519	4.08285	4.1005	4.11756	4.13462	4.15111	4.1676	4.18357	4.19954	4.21512	
-0.173294	0.80773	1.17527	1.29826	1.26329	1.29717	1.55835	1.97315	2.14811	2.29378	2.39539	2.497	2.57873	2.66046	2.72953	2.7986	2.85895	2.9193	2.97289	3.02648	3.0748	3.12312	3.16706	3.211	3.2514	3.2918	3.32917	3.36654	3.40133	3.43613	3.46867	3.5012	3.53177	3.56235	3.59116	3.61997	3.64723	3.67449	3.70035	3.7262	3.75079	3.77538	3.79883	3.82227	3.84467	3.86706	3.8885	3.90994	3.9305	3.95106	3.97081	3.99056	4.00956	4.02856	4.04687	4.06517	4.08283	4.10049	4.11755	4.13461	4.1511	4.1676	4.18357	4.19954	4.21512	
-0.142548	0.817374	1.20567	1.30814	1.2984	1.31339	1.57516	1.97796	2.14759	2.28754	2.38991	2.49229	2.57444	2.65659	2.7261	2.79562	2.85631	2.917	2.97087	3.02475	3.07328	3.12181	3.16591	3.21001	3.25053	3.29105	3.32851	3.36597	3.40083	3.4357	3.46828	3.50087	3.53148	3.56209	3.59093	3.61978	3.64706	3.67434	3.70021	3.72608	3.75069	3.77529	3.79874	3.8222	3.8446	3.86701	3.88845	3.9099	3.93046	3.95103	3.97078	3.99054	4.00954	4.02854	4.04685	4.06516	4.08282	4.10048	4.11754	4.1346	4.1511	4.1676	4.18357	4.19953	4.21512	
-0.102261	0.822212	1.21743	1.28563	1.33386	1.40045	1.77423	2.00108	2.15361	2.28708	2.38858	2.49008	2.57206	2.65404	2.72367	2.79331	2.85417	2.91504	2.96912	3.0232	3.07191	3.12061	3.16485	3.20909	3.24971	3.29034	3.32788	3.36543	3.40035	3.43528	3.46792	3.50055	3.5312	3.56185	3.59072	3.61959	3.64689	3.6742	3.70008	3.72597	3.75059	3.77521	3.79867	3.82213	3.84454	3.86696	3.88841	3.90986	3.93043	3.951	3.97076	3.99051	4.00952	4.02853	4.04684	4.06515	4.08281	4.10047	4.11754	4.1346	4.15109	4.16759	4.18356	4.19953	4.21512	
-0.0952973	0.779931	1.14743	1.38193	1.47856	1.65615	1.85262	2.02573	2.1639	2.28662	2.38725	2.48787	2.56968	2.65149	2.72125	2.791	2.85204	2.91308	2.96737	3.02166	3.07053	3.11941	3.16379	3.20817	3.2489	3.28963	3.32726	3.36489	3.39988	3.43486	3.46755	3.50023	3.53092	3.5616	3.5905	3.6194	3.64673	3.67405	3.69996	3.72586	3.75049	3.77512	3.79859	3.82206	3.84449	3.86691	3.88836	3.90982	3.93039	3.95097	3.97073	3.99049	4.0095	4.02851	4.04682	4.06513	4.0828	4.10046	4.11753	4.13459	4.15109	4.16759	4.18356	4.19953	4.21512	
-0.0812828	0.739265	1.09257	1.34023	1.53227	1.70574	1.88437	2.04923	2.17513	2.28899	2.38792	2.48684	2.56826	2.64968	2.71944	2.78921	2.85035	2.9115	2.96593	3.02035	3.06937	3.11838	3.16287	3.20736	3.24818	3.28901	3.32671	3.36441	3.39945	3.4345	3.46723	3.49995	3.53067	3.56139	3.59031	3.61924	3.64658	3.67392	3.69984	3.72576	3.7504	3.77505	3.79853	3.82201	3.84443	3.86686	3.88832	3.90979	3.93036	3.95094	3.97071	3.99047	4.00948	4.02849	4.04681	4.06512	4.08279	4.10046	4.11752	4.13458	4.15108	4.16758	4.18356	4.19953	4.21512	
-0.0952654	0.704995	1.06479	1.32383	1.53439	1.71945	1.8956	2.05625	2.17966	2.29136	2.38859	2.48581	2.56684	2.64786	2.71764	2.78741	2.84866	2.90992	2.96448	3.01905	3.0682	3.11734	3.16195	3.20656	3.24747	3.28838	3.32616	3.36393	3.39903	3.43413	3.4669	3.49967	3.53042	3.56117	3.59012	3.61907	3.64643	3.6738	3.69973	3.72567	3.75032	3.77497	3.79846	3.82195	3.84438	3.86682	3.88828	3.90975	3.93033	3.95092	3.97068	3.99045	4.00946	4.02848	4.04679	4.06511	4.08278	4.10045	4.11751	4.13458	4.15108	4.16758	4.18356	4.19953	4.21512	
-0.127145	0.678233	1.05227	1.32031	1.53963	1.72739	1.89616	2.04835	2.17575	2.29175	2.38823	2.48472	2.56556	2.6464	2.7162	2.786	2.84734	2.90868	2.96336	3.01803	3.06728	3.11652	3.16122	3.20592	3.2469	3.28789	3.32572	3.36355	3.39869	3.43384	3.46664	3.49945	3.53022	3.561	3.58997	3.61894	3.64632	3.6737	3.69964	3.72559	3.75025	3.77491	3.79841	3.8219	3.84434	3.86678	3.88825	3.90973	3.93031	3.9509	3.97067	3.99044	4.00945	4.02847	4.04679	4.0651	4.08277	4.10044	4.11751	4.13457	4.15108	4.16758	4.18355	4.19953	4.21512	
-0.155512	0.667231	1.05242	1.32777	1.54704	1.73311	1.89634	2.05233	2.17223	2.29213	2.38788	2.48363	2.56428	2.64493	2.71476	2.78459	2.84602	2.90745	2.96223	3.01701	3.06635	3.1157	3.16049	3.20528	3.24633	3.28739	3.32528	3.36317	3.39835	3.43354	3.46638	3.49922	3.53003	3.56083	3.58982	3.61881	3.6462	3.6736	3.69955	3.72551	3.75018	3.77485	3.79836	3.82186	3.8443	3.86675	3.88822	3.9097	3.93029	3.95088	3.97065	3.99042	4.00944	4.02846	4.04678	4.0651	4.08277	4.10044	4.1175	4.13457	4.15107	4.16758	4.18355	4.19953	4.21512	
-0.178532	0.668378	1.05944	1.33734	1.55502	1.73767	1.89839	2.05284	2.17185	2.29086	2.38661	2.48237	2.56306	2.64376	2.71366	2.78356	2.84508	2.90659	2.96146	3.01632	3.06573	3.11515	3.16	3.20485	3.24595	3.28706	3.32498	3.36291	3.39813	3.43335	3.46621	3.49908	3.5299	3.56072	3.58972	3.61873	3.64613	3.67353	3.6995	3.72546	3.75014	3.77482	3.79833	3.82183	3.84428	3.86673	3.88821	3.90968	3.93027	3.95087	3.97064	3.99041	4.00943	4.02845	4.04677	4.06509	4.08276	4.10043	4.1175	4.13457	4.15107	4.16757	4.18355	4.19953	4.21512	
-0.224695	0.677852	1.06893	1.34755	1.56276	1.74126	1.89975	2.05336	2.17147	2.28958	2.38534	2.4811	2.56184	2.64258	2.71256	2.78253	2.84413	2.90574	2.96068	3.01563	3.06511	3.11459	3.1595	3.20442	3.24557	3.28672	3.32469	3.36266	3.3979	3.43315	3.46604	3.49893	3.52977	3.5606	3.58962	3.61864	3.64605	3.67347	3.69944	3.72542	3.7501	3.77478	3.79829	3.82181	3.84426	3.86671	3.88819	3.90967	3.93026	3.95085	3.97063	3.9904	4.00942	4.02844	4.04676	4.06509	4.08276	4.10043	4.1175	4.13457	4.15107	4.16757	4.18355	4.19952	4.21512	
-0.255229	0.701778	1.08273	1.35751	1.56932	1.7439	1.90018	2.05159	2.16997	2.28835	2.3842	2.48006	2.56094	2.64183	2.71188	2.78193	2.8436	2.90527	2.96026	3.01526	3.06478	3.1143	3.15924	3.20419	3.24537	3.28655	3.32454	3.36252	3.39779	3.43305	3.46595	3.49885	3.5297	3.56055	3.58957	3.6186	3.64602	3.67344	3.69942	3.72539	3.75008	3.77476	3.79828	3.82179	3.84425	3.8667	3.88818	3.90966	3.93026	3.95085	3.97062	3.9904	4.00942	4.02844	4.04676	4.06508	4.08276	4.10043	4.1175	4.13456	4.15107	4.16757	4.18355	4.19952	4.21512	
-0.175907	0.721348	1.09027	1.36241	1.57327	1.74517	1.89952	2.04982	2.16847	2.28712	2.38306	2.47901	2.56004	2.64107	2.71121	2.78134	2.84307	2.9048	2.95985	3.01489	3.06445	3.11401	3.15898	3.20396	3.24517	3.28638	3.32439	3.36239	3.39767	3.43295	3.46587	3.49878	3.52964	3.56049	3.58952	3.61856	3.64598	3.67341	3.69939	3.72537	3.75006	3.77475	3.79826	3.82178	3.84424	3.86669	3.88817	3.90966	3.93025	3.95084	3.97062	3.9904	4.00942	4.02844	4.04676	4.06508	4.08275	4.10043	4.1175	4.13456	4.15107	4.16757	4.18355	4.19952	4.21512	
-0.0637522	0.734621	1.08851	1.36052	1.57239	1.74285	1.89665	2.04713	2.16636	2.28559	2.38192	2.47825	2.55948	2.64072	2.71092	2.78112	2.84289	2.90466	2.95972	3.01479	3.06436	3.11393	3.15892	3.20391	3.24512	3.28634	3.32435	3.36236	3.39765	3.43293	3.46585	3.49877	3.52962	3.56048	3.58952	3.61855	3.64598	3.6734	3.69939	3.72537	3.75006	3.77475	3.79826	3.82178	3.84424	3.86669	3.88818	3.90966	3.93025	3.95085	3.97062	3.9904	4.00942	4.02844	4.04676	4.06508	4.08276	4.10043	4.1175	4.13456	4.15107	4.16757	4.18355	4.19952	4.21512	
0.071026	0.740779	1.08028	1.35169	1.56112	1.73529	1.89112	2.04444	2.16425	2.28406	2.38078	2.4775	2.55893	2.64036	2.71063	2.78091	2.84271	2.90451	2.9596	3.01468	3.06427	3.11385	3.15885	3.20385	3.24507	3.28629	3.32431	3.36233	3.39762	3.43291	3.46583	3.49875	3.52961	3.56047	3.58951	3.61855	3.64597	3.6734	3.69938	3.72537	3.75006	3.77475	3.79826	3.82178	3.84424	3.86669	3.88818	3.90966	3.93026	3.95085	3.97063	3.9904	4.00942	4.02844	4.04677	4.06509	4.08276	4.10043	4.1175	4.13457	4.15107	4.16757	4.18355	4.19952	4.21512	
0.165793	0.728968	1.04819	1.31987	1.53716	1.72148	1.88301	2.04003	2.16139	2.28275	2.37998	2.4772	2.55889	2.64058	2.7111	2.78162	2.84343	2.90525	2.96028	3.0153	3.06482	3.11434	3.15929	3.20424	3.24542	3.2866	3.32459	3.36258	3.39784	3.43311	3.46601	3.49891	3.52975	3.56059	3.58962	3.61864	3.64606	3.67348	3.69946	3.72543	3.75012	3.7748	3.79831	3.82182	3.84428	3.86673	3.88821	3.90969	3.93028	3.95087	3.97064	3.99042	4.00944	4.02846	4.04678	4.06509	4.08277	4.10044	4.1175	4.13457	4.15107	4.16757	4.18355	4.19952	4.21512	
0.241015	0.681729	0.974167	1.25721	1.50001	1.70081	1.87261	2.03561	2.15853	2.28144	2.37917	2.4769	2.55885	2.6408	2.71156	2.78233	2.84416	2.90598	2.96095	3.01592	3.06537	3.11483	3.15973	3.20463	3.24577	3.28691	3.32487	3.36282	3.39806	3.4333	3.46618	3.49906	3.52989	3.56072	3.58973	3.61874	3.64615	3.67356	3.69953	3.7255	3.75017	3.77485	3.79836	3.82187	3.84431	3.86676	3.88824	3.90971	3.9303	3.95089	3.97066	3.99043	4.00945	4.02847	4.04678	4.0651	4.08277	4.10044	4.11751	4.13457	4.15107	4.16758	4.18355	4.19952	4.21512	
0.285005	0.574563	0.857623	1.17045	1.45073	1.67559	1.86117	2.03252	2.15674	2.28096	2.37983	2.47869	2.56067	2.64265	2.71316	2.78368	2.84538	2.90708	2.96193	3.01678	3.06614	3.11549	3.16032	3.20515	3.24623	3.28731	3.32522	3.36314	3.39834	3.43354	3.4664	3.49925	3.53006	3.56087	3.58986	3.61886	3.64626	3.67365	3.69961	3.72557	3.75024	3.77491	3.79841	3.82191	3.84435	3.8668	3.88827	3.90974	3.93033	3.95091	3.97068	3.99045	4.00947	4.02848	4.0468	4.06511	4.08278	4.10045	4.11751	4.13458	4.15108	4.16758	4.18355	4.19952	4.21512	
0.274833	0.367545	0.669927	1.06364	1.3991	1.65204	1.85183	2.02943	2.15496	2.28049	2.38048	2.48047	2.56249	2.6445	2.71476	2.78503	2.8466	2.90817	2.96291	3.01765	3.0669	3.11616	3.16091	3.20566	3.24669	3.28771	3.32558	3.36345	3.39862	3.43379	3.46661	3.49944	3.53023	3.56101	3.59	3.61898	3.64636	3.67374	3.69969	3.72564	3.75031	3.77497	3.79846	3.82196	3.8444	3.86683	3.8883	3.90977	3.93035	3.95094	3.9707	3.99047	4.00948	4.02849	4.04681	4.06512	4.08279	4.10046	4.11752	4.13458	4.15108	4.16758	4.18355	4.19952	4.21512	
0.182104	0.0538109	0.389986	0.964048	1.36043	1.63765	1.84771	2.03057	2.15823	2.28589	2.38485	2.48382	2.5655	2.64719	2.71719	2.7872	2.84853	2.90986	2.9644	3.01894	3.06804	3.11714	3.16178	3.20642	3.24735	3.28829	3.32609	3.36389	3.39901	3.43413	3.46692	3.49971	3.53047	3.56123	3.59019	3.61914	3.64651	3.67387	3.69981	3.72575	3.7504	3.77505	3.79854	3.82202	3.84445	3.86688	3.88835	3.90981	3.93039	3.95097	3.97073	3.99049	4.0095	4.02851	4.04683	4.06514	4.0828	4.10047	4.11753	4.13459	4.15109	4.16758	4.18355	4.19953	4.21512	
0.114382	0.00494302	0.205196	0.92282	1.35215	1.64563	1.85649	2.0317	2.16149	2.29128	2.38923	2.48717	2.56852	2.64987	2.71962	2.78938	2.85046	2.91155	2.96589	3.02023	3.06917	3.11812	3.16264	3.20717	3.24802	3.28887	3.32661	3.36434	3.39941	3.43448	3.46723	3.49998	3.53071	3.56144	3.59037	3.61931	3.64666	3.674	3.69993	3.72585	3.75049	3.77513	3.79861	3.82209	3.84451	3.86694	3.88839	3.90985	3.93043	3.951	3.97076	3.99052	4.00952	4.02853	4.04684	4.06515	4.08281	4.10048	4.11754	4.1346	4.15109	4.16759	4.18356	4.19953	4.21512	
0.0148858	0.0311651	0.370333	1.02876	1.4106	1.68347	1.8798	2.0502	2.17457	2.29895	2.39559	2.49224	2.57285	2.65347	2.72272	2.79197	2.85271	2.91344	2.96754	3.02163	3.0704	3.11917	3.16357	3.20797	3.24872	3.28948	3.32714	3.36481	3.39983	3.43484	3.46755	3.50026	3.53096	3.56166	3.59057	3.61948	3.64681	3.67414	3.70005	3.72596	3.75059	3.77521	3.79869	3.82216	3.84457	3.86699	3.88844	3.90989	3.93046	3.95103	3.97079	3.99054	4.00955	4.02855	4.04686	4.06517	4.08283	4.10049	4.11754	4.1346	4.1511	4.16759	4.18356	4.19953	4.21512	
-0.188176	0.0858422	0.758427	1.20579	1.5075	1.73367	1.90813	2.06869	2.18766	2.30662	2.40196	2.4973	2.57719	2.65708	2.72582	2.79456	2.85495	2.91534	2.96918	3.02303	3.07162	3.12022	3.16449	3.20876	3.24943	3.29009	3.32768	3.36528	3.40024	3.4352	3.46787	3.50055	3.53121	3.56188	3.59077	3.61966	3.64697	3.67428	3.70017	3.72606	3.75068	3.7753	3.79876	3.82222	3.84463	3.86704	3.88849	3.90993	3.9305	3.95106	3.97082	3.99057	4.00957	4.02857	4.04688	4.06518	4.08284	4.1005	4.11755	4.13461	4.1511	4.16759	4.18356	4.19953	4.21512	
-0.287767	0.538051	1.01255	1.3359	1.57516	1.77222	1.93655	2.07968	2.19595	2.31221	2.40647	2.50073	2.58001	2.65929	2.72771	2.79612	2.85629	2.91646	2.97015	3.02385	3.07234	3.12083	3.16503	3.20923	3.24983	3.29044	3.32799	3.36555	3.40048	3.43541	3.46806	3.50071	3.53136	3.562	3.59088	3.61975	3.64705	3.67435	3.70024	3.72612	3.75074	3.77535	3.7988	3.82226	3.84467	3.86707	3.88851	3.90996	3.93052	3.95108	3.97083	3.99058	4.00958	4.02858	4.04689	4.06519	4.08285	4.1005	4.11756	4.13461	4.1511	4.1676	4.18356	4.19953	4.21512	
