y	b	u.x	u.y	u.z	
1.5625	0.00667176	-3.05791e-06	-5.30502e-06	1.14923e-05
3.1127	0.0184369	-6.78333e-08	-3.85439e-06	2.75379e-08
4.66289	0.030202	-6.67529e-08	8.14606e-06	2.70879e-08
6.21309	0.0419671	-5.75469e-08	6.64131e-06	3.08775e-07
7.76329	0.0537272	-5.62001e-08	-5.64947e-06	3.03477e-07
9.31348	0.0654924	-1.9188e-07	-3.96506e-06	6.65076e-08
10.8637	0.0772576	-1.88668e-07	8.63874e-06	6.54251e-08
12.4139	0.0890228	-1.11024e-07	6.97983e-06	5.92392e-07
13.9641	0.100732	-1.02491e-07	-6.16179e-06	5.9194e-07
15.5143	0.112498	-2.55568e-07	-4.29407e-06	1.78394e-08
17.0645	0.124264	-2.51058e-07	9.54944e-06	1.76905e-08
18.6147	0.13603	-1.5552e-07	7.77105e-06	8.74728e-07
20.1649	0.147794	-1.54993e-07	-7.03735e-06	8.66518e-07
21.7151	0.15956	-3.33515e-07	-4.70346e-06	-7.45851e-08
23.2653	0.171327	-3.23935e-07	1.10751e-05	-7.44627e-08
24.8155	0.183093	-2.15826e-07	8.88673e-06	1.14762e-06
26.3656	0.194668	2.94584e-07	-7.46667e-06	1.17969e-06
27.9158	0.206438	-2.95894e-07	-5.79282e-06	-2.98464e-07
29.466	0.218208	-2.90391e-07	1.27675e-05	-2.91033e-07
31.0162	0.229979	3.51652e-07	1.14818e-05	1.44398e-06
32.5664	0.241749	3.47333e-07	-8.98543e-06	1.41236e-06
34.1166	0.253519	-4.21075e-07	-6.61092e-06	-7.1194e-07
35.6668	0.265289	-4.12903e-07	1.56675e-05	-6.9288e-07
37.217	0.27706	3.73785e-07	1.37484e-05	1.61227e-06
38.7672	0.288843	5.93692e-07	-1.07577e-05	1.62605e-06
40.3174	0.300613	-5.35623e-07	-7.6073e-06	-1.17428e-06
41.8676	0.312383	-5.25079e-07	1.94868e-05	-1.13825e-06
43.4178	0.324153	5.38595e-07	1.6964e-05	1.73499e-06
44.968	0.335925	5.60095e-07	-1.33022e-05	1.70093e-06
46.5182	0.347695	-9.70157e-07	-9.08631e-06	-2.19171e-06
48.0684	0.359465	-9.42587e-07	2.40455e-05	-2.0955e-06
49.6186	0.371235	3.15463e-07	2.04537e-05	1.60303e-06
51.1688	0.383207	5.5233e-06	-1.66056e-05	4.91693e-07
52.719	0.39497	6.42511e-06	-2.50651e-05	1.16375e-06
54.2692	0.406734	6.20432e-06	1.57332e-05	1.16593e-06
55.8194	0.418497	6.31435e-06	2.52894e-05	5.96989e-07
57.3696	0.430261	6.17951e-06	-1.97905e-05	5.9967e-07
58.9198	0.442024	7.0365e-06	-2.95407e-05	1.30782e-06
60.47	0.453788	6.76155e-06	1.96918e-05	1.38729e-06
62.0202	0.465551	6.7584e-06	3.06072e-05	8.56752e-07
63.5704	0.477299	6.72781e-06	-2.34741e-05	8.66354e-07
65.1206	0.489063	7.49278e-06	-3.42283e-05	1.62158e-06
66.6708	0.500827	7.19578e-06	2.42993e-05	2.03053e-06
68.221	0.512592	7.09643e-06	3.61441e-05	1.8695e-06
69.7712	0.524356	7.53043e-06	-2.76878e-05	2.18724e-06
71.3214	0.536121	8.31819e-06	-3.88352e-05	3.61143e-06
72.8716	0.547885	8.20442e-06	2.96944e-05	5.51628e-06
74.4218	0.559651	8.67549e-06	4.17854e-05	6.78939e-06
75.9719	0.571385	1.1237e-05	-3.2023e-05	8.36179e-06
77.5221	0.583153	1.23377e-05	-4.30128e-05	1.18843e-05
79.0723	0.594922	1.09368e-05	3.51781e-05	1.78313e-05
80.6225	0.606698	1.28242e-05	4.15437e-05	4.91878e-05
82.1727	0.618475	1.52834e-06	-3.14841e-05	2.94309e-05
83.7229	0.630286	0.000112306	-4.01384e-05	0.000420247
85.2731	0.642116	0.000746084	1.05328e-05	0.00137077
86.8233	0.653935	0.0023227	5.43069e-05	0.00363877
88.3735	0.665684	0.00492994	-1.73908e-05	0.00533927
89.9237	0.677416	0.00617995	1.11013e-05	0.00851802
91.4739	0.689108	0.00675697	1.62706e-05	0.0111507
93.0241	0.700815	0.00915757	2.1563e-05	0.00991395
94.5743	0.712525	0.00949196	-5.87206e-06	0.00702207
96.1245	0.724196	0.00655705	0.000103322	0.00301579
97.6747	0.735914	0.00352581	-7.25716e-05	0.000572383
99.2249	0.747698	0.00215937	-7.16898e-05	-0.000217948
100.775	0.759527	0.000476048	3.99183e-05	0.000192598
102.325	0.771335	4.83842e-06	2.70482e-05	0.000217262
103.875	0.783122	4.7891e-05	-4.39298e-05	7.79968e-05
105.426	0.794896	4.39633e-05	-3.42243e-05	1.94954e-05
106.976	0.806667	1.70107e-05	2.26207e-05	2.13863e-05
108.526	0.818433	5.99453e-06	2.86814e-05	1.40462e-05
110.076	0.830197	5.84701e-06	-3.02984e-05	1.06744e-05
111.626	0.84196	5.24693e-06	-2.99467e-05	9.71873e-06
113.177	0.853722	4.59283e-06	2.31982e-05	7.851e-06
114.727	0.865483	4.08599e-06	2.37613e-05	4.36413e-06
116.277	0.877244	3.88782e-06	-2.28962e-05	3.46849e-06
117.827	0.889005	3.56158e-06	-2.22347e-05	4.5143e-06
119.377	0.900766	3.64118e-06	1.96305e-05	4.22006e-06
120.928	0.912527	3.37861e-06	1.96938e-05	1.72471e-06
122.478	0.924288	3.47175e-06	-1.66376e-05	1.53826e-06
124.028	0.936049	3.31654e-06	-1.61713e-05	2.9388e-06
125.578	0.947755	3.55939e-06	1.65874e-05	3.1126e-06
127.128	0.959513	3.21209e-06	1.66976e-05	5.42359e-07
128.679	0.971269	3.34694e-06	-1.17836e-05	4.85021e-07
130.229	0.983026	3.23447e-06	-1.194e-05	2.23661e-06
131.779	0.994783	3.39545e-06	1.41122e-05	2.30331e-06
133.329	1.00654	2.87211e-06	1.40879e-05	7.41851e-09
134.879	1.0183	2.99182e-06	-8.91657e-06	-2.63726e-08
136.43	1.03006	3.00076e-06	-9.31909e-06	1.60988e-06
137.98	1.04179	3.05574e-06	1.20614e-05	1.68089e-06
139.53	1.05355	2.47741e-06	1.21464e-05	-4.63216e-07
141.08	1.06531	2.56993e-06	-7.08833e-06	-4.92377e-07
142.63	1.07706	2.64456e-06	-7.79037e-06	1.12623e-06
144.181	1.08881	2.73971e-06	1.03501e-05	1.16968e-06
145.731	1.10057	2.06331e-06	1.04012e-05	-6.86461e-07
147.281	1.11233	2.13121e-06	-6.14258e-06	-7.14701e-07
148.831	1.12408	2.33231e-06	-6.83533e-06	7.67607e-07
150.381	1.13554	-3.21218e-08	3.70452e-06	-1.41462e-06
151.932	1.14729	-6.83678e-07	9.07556e-06	-1.2224e-06
153.482	1.15904	-7.04819e-07	-5.33948e-06	-1.26092e-06
155.032	1.17078	-1.04372e-07	-1.04935e-05	-1.10863e-06
156.582	1.18253	-1.06719e-07	3.06801e-06	-1.14081e-06
158.132	1.19428	-6.3504e-07	8.16122e-06	-1.00241e-06
159.683	1.20602	-6.52232e-07	-4.41399e-06	-1.03001e-06
161.233	1.21777	-1.42908e-07	-9.31673e-06	-8.66169e-07
162.783	1.22959	-2.60885e-07	2.47479e-06	-9.502e-07
164.333	1.24134	-6.68329e-07	7.30392e-06	-7.96574e-07
165.883	1.2531	-6.89152e-07	-3.60041e-06	-8.18144e-07
167.434	1.26485	-2.49918e-07	-8.23077e-06	-7.08993e-07
168.984	1.27661	-2.76179e-07	1.95692e-06	-7.28525e-07
170.534	1.28836	-5.79482e-07	6.46722e-06	-6.07289e-07
172.084	1.30011	-5.94722e-07	-2.93614e-06	-6.18969e-07
173.634	1.31186	-2.42662e-07	-7.23721e-06	-5.193e-07
175.185	1.3235	-5.14986e-07	1.5542e-06	-4.75754e-07
176.735	1.33524	-6.80719e-07	6.0303e-06	-2.869e-07
178.285	1.34699	-6.94446e-07	-2.06868e-06	-2.92758e-07
179.835	1.35874	-3.95104e-07	-6.31632e-06	-3.29035e-07
181.385	1.37049	-4.02717e-07	1.27684e-06	-3.35544e-07
182.936	1.38223	-4.94069e-07	5.41947e-06	-1.93627e-07
184.486	1.39398	-5.03282e-07	-1.65152e-06	-1.97272e-07
186.036	1.40573	-2.7579e-07	-5.60805e-06	-2.1157e-07
187.586	1.41744	-2.86405e-07	1.08769e-06	-1.99258e-07
189.136	1.42918	-3.07237e-07	5.00341e-06	-1.08155e-07
190.687	1.44093	-3.12567e-07	-1.35397e-06	-1.10048e-07
192.237	1.45268	-1.47537e-07	-5.15265e-06	-9.82635e-08
193.787	1.46441	-1.51391e-07	1.00397e-06	-9.6966e-08
195.337	1.47615	-1.06504e-07	4.82141e-06	-3.77121e-08
196.887	1.48789	-1.08366e-07	-1.16909e-06	-3.83843e-08
198.437	1.49964	-1.34844e-10	-4.97318e-06	-6.24078e-11
