x=90	y=200	z=200	n=65	len=1
b
0	0	0	0	0	0	0	0	0	0	0	0	0	0	0	0	0	0	0	0	0	0	0	0	0	0	0	0	0	0	0	0	0	0	0	0	0	0	0	0	0	0	0	0	0	0	0	0	0	0	0	0	0	0	0	0	0	0	0	0	0	0	0	0	0	
0.0459962	0.0459992	0.0459976	0.0459959	0.0459976	0.0459993	0.0459988	0.0459983	0.045997	0.0459957	0.0459945	0.0459933	0.0459872	0.0459811	0.0459784	0.0459757	0.0459656	0.0459555	0.0459536	0.0459516	0.0459422	0.0459328	0.0459354	0.0459379	0.0459338	0.0459297	0.0459356	0.0459415	0.0459408	0.0459401	0.045943	0.0459459	0.0459452	0.0459444	0.0459442	0.045944	0.0459422	0.0459405	0.0459374	0.0459343	0.0459343	0.0459344	0.0459337	0.0459331	0.0459393	0.0459455	0.0459485	0.0459514	0.0459608	0.0459702	0.0459723	0.0459744	0.0459828	0.0459912	0.0459897	0.0459881	0.045994	0.0459999	0.045996	0.0459921	0.0459962	0.0460002	0.0459967	0.0459932	0.0459962	
0.0919931	0.0919989	0.0919958	0.0919927	0.0919963	0.0919999	0.0919994	0.0919989	0.091997	0.0919951	0.0919934	0.0919916	0.0919806	0.0919695	0.0919645	0.0919595	0.09194	0.0919205	0.0919163	0.091912	0.0918925	0.091873	0.0918771	0.0918812	0.0918714	0.0918616	0.0918732	0.0918848	0.0918822	0.0918796	0.0918862	0.0918928	0.0918906	0.0918883	0.0918886	0.0918889	0.0918849	0.0918809	0.0918759	0.0918709	0.0918718	0.0918726	0.091873	0.0918733	0.0918864	0.0918994	0.0919059	0.0919124	0.0919308	0.0919492	0.0919529	0.0919566	0.0919724	0.0919882	0.0919845	0.0919807	0.0919916	0.0920025	0.0919944	0.0919863	0.0919938	0.0920013	0.0919943	0.0919872	0.0919931	
0.13799	0.137999	0.137994	0.13799	0.137995	0.138001	0.138	0.138	0.137997	0.137995	0.137992	0.13799	0.137974	0.137958	0.137951	0.137943	0.137914	0.137885	0.137879	0.137872	0.137843	0.137813	0.137819	0.137824	0.137809	0.137793	0.137811	0.137828	0.137824	0.137819	0.13783	0.13784	0.137836	0.137832	0.137833	0.137834	0.137828	0.137821	0.137814	0.137808	0.137809	0.137811	0.137812	0.137814	0.137833	0.137853	0.137863	0.137873	0.137901	0.137928	0.137933	0.137939	0.137962	0.137985	0.137979	0.137973	0.137989	0.138005	0.137993	0.13798	0.137991	0.138002	0.137992	0.137981	0.13799	
0.183984	0.183995	0.18399	0.183985	0.183993	0.184	0.184001	0.184002	0.184001	0.184	0.183999	0.183998	0.18398	0.183963	0.183954	0.183946	0.183911	0.183876	0.183866	0.183856	0.183816	0.183777	0.18378	0.183784	0.18376	0.183737	0.183758	0.183779	0.183772	0.183765	0.18378	0.183795	0.183789	0.183784	0.183784	0.183785	0.183777	0.183769	0.183761	0.183753	0.183759	0.183765	0.183769	0.183774	0.183803	0.183832	0.183845	0.183858	0.183893	0.183928	0.183933	0.183937	0.183965	0.183993	0.183983	0.183973	0.183991	0.18401	0.183993	0.183975	0.183988	0.184001	0.183987	0.183974	0.183984	
0.229979	0.229991	0.229986	0.22998	0.22999	0.23	0.230002	0.230004	0.230005	0.230005	0.230005	0.230005	0.229986	0.229967	0.229958	0.229949	0.229908	0.229866	0.229853	0.229839	0.22979	0.229741	0.229742	0.229743	0.229712	0.229681	0.229705	0.22973	0.22972	0.229711	0.22973	0.22975	0.229743	0.229736	0.229736	0.229736	0.229726	0.229716	0.229707	0.229698	0.229708	0.229719	0.229726	0.229734	0.229772	0.22981	0.229826	0.229842	0.229885	0.229929	0.229932	0.229936	0.229969	0.230002	0.229987	0.229972	0.229994	0.230015	0.229993	0.22997	0.229985	0.23	0.229983	0.229966	0.229979	
0.275974	0.275987	0.275982	0.275977	0.275989	0.276001	0.276006	0.276011	0.276015	0.276019	0.276023	0.276027	0.276011	0.275996	0.275988	0.275981	0.275939	0.275896	0.27588	0.275863	0.275805	0.275747	0.275741	0.275735	0.275693	0.27565	0.275673	0.275695	0.275681	0.275667	0.275692	0.275717	0.275708	0.275698	0.275698	0.275698	0.275687	0.275677	0.27567	0.275663	0.275684	0.275705	0.275719	0.275734	0.275782	0.27583	0.275848	0.275867	0.275914	0.275962	0.275961	0.275959	0.275993	0.276026	0.276005	0.275984	0.276004	0.276025	0.275997	0.27597	0.275984	0.275998	0.275979	0.27596	0.275974	
0.321969	0.321983	0.321978	0.321973	0.321988	0.322003	0.32201	0.322017	0.322025	0.322033	0.322041	0.322048	0.322036	0.322024	0.322018	0.322013	0.32197	0.321927	0.321907	0.321886	0.32182	0.321754	0.32174	0.321727	0.321673	0.321619	0.32164	0.321661	0.321642	0.321624	0.321654	0.321685	0.321673	0.321661	0.32166	0.321659	0.321648	0.321637	0.321633	0.321629	0.32166	0.321691	0.321713	0.321734	0.321792	0.321851	0.321871	0.321891	0.321943	0.321995	0.321989	0.321983	0.322017	0.322051	0.322023	0.321995	0.322015	0.322035	0.322002	0.32197	0.321984	0.321997	0.321976	0.321955	0.321969	
0.367965	0.367978	0.367974	0.367971	0.367987	0.368003	0.368014	0.368024	0.368038	0.368051	0.368063	0.368076	0.368073	0.36807	0.368069	0.368069	0.368034	0.367999	0.367978	0.367956	0.367889	0.367821	0.367796	0.36777	0.367703	0.367637	0.367646	0.367655	0.367631	0.367607	0.367641	0.367676	0.367663	0.36765	0.367645	0.36764	0.367634	0.367628	0.367631	0.367634	0.367682	0.367731	0.367761	0.367791	0.367857	0.367924	0.36794	0.367957	0.368007	0.368058	0.368042	0.368027	0.368056	0.368086	0.36805	0.368014	0.368029	0.368045	0.368009	0.367973	0.367984	0.367995	0.367974	0.367952	0.367965	
0.413961	0.413973	0.413971	0.413969	0.413987	0.414004	0.414018	0.414031	0.41405	0.414068	0.414086	0.414104	0.414109	0.414115	0.41412	0.414124	0.414098	0.414072	0.414049	0.414026	0.413958	0.413889	0.413851	0.413813	0.413733	0.413654	0.413652	0.41365	0.41362	0.41359	0.413629	0.413667	0.413653	0.413639	0.41363	0.41362	0.413619	0.413618	0.413628	0.413639	0.413705	0.41377	0.413809	0.413848	0.413922	0.413996	0.41401	0.414023	0.414072	0.41412	0.414095	0.41407	0.414095	0.41412	0.414076	0.414032	0.414044	0.414056	0.414016	0.413977	0.413985	0.413993	0.413971	0.413949	0.413961	
0.459968	0.459978	0.459977	0.459977	0.459994	0.460011	0.460026	0.460041	0.460064	0.460086	0.460108	0.46013	0.460148	0.460165	0.460178	0.460191	0.460182	0.460174	0.460156	0.460139	0.460083	0.460027	0.459977	0.459927	0.45984	0.459752	0.459724	0.459696	0.459659	0.459621	0.459657	0.459692	0.459681	0.459671	0.459653	0.459635	0.45965	0.459664	0.459692	0.459719	0.459804	0.459889	0.459934	0.459978	0.46005	0.460121	0.460123	0.460124	0.460162	0.4602	0.460162	0.460123	0.460139	0.460155	0.460106	0.460056	0.460062	0.460068	0.460029	0.45999	0.459994	0.459999	0.459979	0.459959	0.459968	
0.505975	0.505982	0.505983	0.505984	0.506001	0.506017	0.506034	0.50605	0.506077	0.506104	0.50613	0.506157	0.506186	0.506215	0.506236	0.506257	0.506266	0.506276	0.506264	0.506252	0.506208	0.506164	0.506103	0.506042	0.505946	0.50585	0.505796	0.505742	0.505697	0.505653	0.505685	0.505717	0.505709	0.505702	0.505676	0.50565	0.505681	0.505711	0.505755	0.505799	0.505904	0.506008	0.506058	0.506108	0.506177	0.506247	0.506236	0.506225	0.506253	0.50628	0.506228	0.506177	0.506184	0.50619	0.506135	0.50608	0.50608	0.50608	0.506042	0.506003	0.506004	0.506004	0.505987	0.505969	0.505975	
0.552	0.552003	0.552005	0.552007	0.55202	0.552033	0.552048	0.552062	0.552089	0.552116	0.552142	0.552169	0.552206	0.552244	0.552273	0.552302	0.552334	0.552366	0.552369	0.552372	0.552359	0.552347	0.552286	0.552226	0.552139	0.552052	0.551962	0.551872	0.551817	0.551761	0.551773	0.551786	0.551788	0.551791	0.551758	0.551725	0.551787	0.551848	0.551916	0.551985	0.552096	0.552208	0.552248	0.552288	0.552337	0.552387	0.552353	0.55232	0.55233	0.55234	0.552277	0.552214	0.552211	0.552209	0.552155	0.552102	0.552097	0.552091	0.55206	0.552028	0.552025	0.552022	0.55201	0.551997	0.552	
0.598025	0.598024	0.598027	0.59803	0.59804	0.59805	0.598062	0.598074	0.598101	0.598127	0.598154	0.59818	0.598226	0.598272	0.59831	0.598347	0.598402	0.598456	0.598474	0.598492	0.598511	0.59853	0.59847	0.598409	0.598332	0.598254	0.598128	0.598002	0.597936	0.59787	0.597862	0.597854	0.597867	0.597879	0.59784	0.597801	0.597893	0.597985	0.598078	0.59817	0.598289	0.598408	0.598437	0.598467	0.598497	0.598527	0.598471	0.598414	0.598407	0.5984	0.598326	0.598251	0.598239	0.598227	0.598175	0.598123	0.598113	0.598103	0.598078	0.598054	0.598047	0.59804	0.598033	0.598026	0.598025	
0.64408	0.644076	0.644078	0.64408	0.644085	0.644089	0.644095	0.6441	0.644121	0.644142	0.64416	0.644179	0.644223	0.644268	0.644306	0.644345	0.644413	0.644482	0.644521	0.644559	0.644619	0.64468	0.644649	0.644619	0.644581	0.644544	0.644398	0.644253	0.644169	0.644085	0.644032	0.643978	0.644002	0.644026	0.644006	0.643986	0.644119	0.644251	0.644358	0.644464	0.644555	0.644646	0.644638	0.64463	0.644625	0.64462	0.644537	0.644454	0.644432	0.644409	0.644335	0.644261	0.644243	0.644226	0.644188	0.644149	0.644137	0.644124	0.644113	0.644103	0.644093	0.644084	0.644084	0.644085	0.64408	
0.690135	0.690127	0.690129	0.69013	0.69013	0.690129	0.690128	0.690126	0.690141	0.690156	0.690166	0.690177	0.69022	0.690263	0.690303	0.690342	0.690425	0.690508	0.690567	0.690627	0.690728	0.69083	0.690829	0.690828	0.690831	0.690834	0.690669	0.690504	0.690402	0.690301	0.690201	0.690102	0.690138	0.690173	0.690172	0.690171	0.690344	0.690518	0.690638	0.690758	0.690821	0.690884	0.690838	0.690792	0.690752	0.690712	0.690603	0.690495	0.690456	0.690418	0.690344	0.69027	0.690248	0.690225	0.6902	0.690176	0.690161	0.690146	0.690148	0.690151	0.690139	0.690128	0.690135	0.690143	0.690135	
0.736218	0.736208	0.736208	0.736208	0.736203	0.736197	0.736187	0.736176	0.736181	0.736186	0.736181	0.736176	0.736205	0.736235	0.73626	0.736286	0.73636	0.736434	0.736502	0.73657	0.736696	0.736822	0.736874	0.736926	0.737006	0.737085	0.736963	0.73684	0.736727	0.736614	0.736446	0.736277	0.736304	0.73633	0.736416	0.736502	0.736686	0.73687	0.736952	0.737034	0.737021	0.737008	0.736906	0.736803	0.736734	0.736664	0.736551	0.736437	0.736397	0.736356	0.736305	0.736254	0.736234	0.736213	0.736213	0.736214	0.736199	0.736185	0.736205	0.736224	0.736212	0.736199	0.736214	0.736229	0.736218	
0.782302	0.782289	0.782288	0.782287	0.782276	0.782266	0.782245	0.782225	0.782221	0.782217	0.782196	0.782175	0.782191	0.782206	0.782218	0.78223	0.782295	0.78236	0.782437	0.782514	0.782664	0.782814	0.782919	0.783024	0.78318	0.783337	0.783256	0.783176	0.783052	0.782927	0.78269	0.782452	0.78247	0.782487	0.782659	0.782832	0.783028	0.783223	0.783267	0.78331	0.783221	0.783132	0.782973	0.782813	0.782715	0.782617	0.782498	0.782379	0.782337	0.782295	0.782266	0.782238	0.78222	0.782201	0.782227	0.782252	0.782238	0.782225	0.782261	0.782296	0.782284	0.782271	0.782292	0.782314	0.782302	
0.828402	0.828391	0.828388	0.828385	0.828373	0.828362	0.828335	0.828307	0.828297	0.828287	0.828249	0.828212	0.82821	0.828208	0.828192	0.828175	0.828206	0.828237	0.828289	0.828342	0.828459	0.828576	0.828713	0.828851	0.829062	0.829273	0.829316	0.829358	0.829289	0.82922	0.828951	0.828682	0.828674	0.828666	0.82893	0.829195	0.829307	0.829421	0.829354	0.829287	0.829124	0.82896	0.828778	0.828597	0.828511	0.828425	0.828347	0.828268	0.828241	0.828215	0.828228	0.828242	0.82823	0.828218	0.828268	0.828318	0.828307	0.828295	0.828342	0.828389	0.828377	0.828365	0.82839	0.828414	0.828402	
0.874503	0.874493	0.874488	0.874483	0.874471	0.874459	0.874424	0.874389	0.874373	0.874357	0.874303	0.874248	0.874229	0.87421	0.874165	0.87412	0.874117	0.874115	0.874142	0.87417	0.874254	0.874337	0.874508	0.874678	0.874943	0.875209	0.875375	0.87554	0.875526	0.875512	0.875212	0.874912	0.874879	0.874846	0.875201	0.875557	0.875587	0.875618	0.875441	0.875265	0.875026	0.874787	0.874584	0.874381	0.874307	0.874233	0.874196	0.874158	0.874146	0.874134	0.874191	0.874247	0.874241	0.874234	0.87431	0.874385	0.874376	0.874366	0.874423	0.874481	0.87447	0.87446	0.874487	0.874514	0.874503	
0.920586	0.920579	0.920574	0.920568	0.92056	0.920552	0.920519	0.920485	0.920472	0.920458	0.920399	0.92034	0.920315	0.92029	0.920221	0.920153	0.920119	0.920086	0.920059	0.920032	0.920037	0.920041	0.920151	0.920261	0.920454	0.920646	0.920892	0.921137	0.921292	0.921447	0.921323	0.921199	0.921144	0.921089	0.921324	0.92156	0.921374	0.921188	0.920945	0.920702	0.920505	0.920308	0.920196	0.920083	0.920059	0.920036	0.920077	0.920119	0.920122	0.920125	0.920218	0.920311	0.920307	0.920303	0.920386	0.92047	0.920462	0.920453	0.920507	0.920561	0.920554	0.920546	0.920569	0.920592	0.920586	
0.966668	0.966665	0.966659	0.966653	0.96665	0.966646	0.966613	0.966581	0.96657	0.966559	0.966495	0.966431	0.966401	0.966371	0.966278	0.966185	0.966121	0.966057	0.965976	0.965895	0.96582	0.965745	0.965795	0.965845	0.965964	0.966083	0.966409	0.966734	0.967058	0.967383	0.967434	0.967485	0.967409	0.967333	0.967447	0.967562	0.967161	0.966759	0.966449	0.96614	0.965984	0.965829	0.965807	0.965786	0.965812	0.965838	0.965959	0.96608	0.966097	0.966115	0.966245	0.966375	0.966373	0.966371	0.966463	0.966555	0.966547	0.96654	0.966591	0.966642	0.966637	0.966632	0.966652	0.966671	0.966668	
1.0127	1.0127	1.01269	1.01269	1.01269	1.01269	1.01267	1.01265	1.01265	1.01265	1.0126	1.01255	1.01253	1.01252	1.01243	1.01234	1.01229	1.01224	1.01213	1.01201	1.01191	1.0118	1.01173	1.01167	1.01159	1.01152	1.01172	1.01192	1.01225	1.01259	1.01282	1.01306	1.01301	1.01295	1.01284	1.01273	1.01229	1.01186	1.0117	1.01155	1.01156	1.01157	1.01168	1.0118	1.01185	1.0119	1.01206	1.01222	1.01223	1.01225	1.01237	1.01249	1.01248	1.01248	1.01255	1.01262	1.01261	1.01261	1.01264	1.01267	1.01267	1.01267	1.01268	1.01269	1.0127	
1.05872	1.05873	1.05873	1.05872	1.05873	1.05874	1.05873	1.05872	1.05872	1.05873	1.0587	1.05866	1.05866	1.05866	1.05858	1.0585	1.05846	1.05842	1.05828	1.05813	1.05799	1.05785	1.05767	1.05749	1.05723	1.05696	1.05703	1.0571	1.05744	1.05779	1.05821	1.05863	1.0586	1.05858	1.05823	1.05789	1.05743	1.05697	1.05696	1.05695	1.05713	1.05731	1.05756	1.05781	1.05789	1.05796	1.05816	1.05836	1.05837	1.05838	1.05849	1.0586	1.05859	1.05858	1.05863	1.05868	1.05868	1.05868	1.05869	1.0587	1.05871	1.05871	1.05871	1.05872	1.05872	
1.10467	1.10468	1.10468	1.10468	1.10469	1.1047	1.1047	1.1047	1.10471	1.10472	1.10471	1.10471	1.10472	1.10473	1.10469	1.10465	1.10465	1.10465	1.10455	1.10445	1.10438	1.10432	1.10415	1.10398	1.10374	1.1035	1.10335	1.1032	1.10315	1.10311	1.10337	1.10364	1.10363	1.10363	1.10337	1.1031	1.10306	1.10301	1.10323	1.10345	1.10361	1.10377	1.104	1.10423	1.10426	1.10428	1.10442	1.10456	1.10455	1.10454	1.10459	1.10465	1.10464	1.10464	1.10465	1.10466	1.10466	1.10467	1.10466	1.10465	1.10467	1.10468	1.10467	1.10466	1.10467	
1.15062	1.15063	1.15063	1.15063	1.15064	1.15066	1.15067	1.15068	1.1507	1.15071	1.15073	1.15075	1.15078	1.1508	1.1508	1.15081	1.15084	1.15088	1.15083	1.15078	1.15078	1.15078	1.15062	1.15046	1.15026	1.15005	1.14968	1.1493	1.14886	1.14843	1.14854	1.14866	1.14867	1.14868	1.1485	1.14832	1.14869	1.14906	1.1495	1.14995	1.15009	1.15023	1.15044	1.15064	1.15062	1.1506	1.15068	1.15075	1.15073	1.1507	1.1507	1.1507	1.1507	1.15069	1.15067	1.15064	1.15065	1.15066	1.15063	1.1506	1.15062	1.15064	1.15062	1.1506	1.15062	
1.19651	1.19653	1.19652	1.19652	1.19653	1.19654	1.19655	1.19657	1.19658	1.19659	1.19662	1.19664	1.19666	1.19668	1.19672	1.19675	1.19679	1.19683	1.19684	1.19685	1.19692	1.19698	1.19693	1.19687	1.1969	1.19693	1.19668	1.19644	1.19604	1.19564	1.19556	1.19548	1.19549	1.19549	1.19551	1.19554	1.19592	1.19631	1.19655	1.19679	1.19677	1.19675	1.1968	1.19684	1.1968	1.19676	1.19673	1.19671	1.1967	1.19669	1.19664	1.19659	1.19661	1.19662	1.19657	1.19652	1.19654	1.19657	1.19653	1.19649	1.19651	1.19654	1.19651	1.19649	1.19651	
1.2424	1.24242	1.24241	1.24241	1.24242	1.24243	1.24244	1.24245	1.24246	1.24247	1.2425	1.24254	1.24255	1.24257	1.24263	1.24269	1.24273	1.24278	1.24285	1.24293	1.24306	1.24318	1.24323	1.24328	1.24355	1.24381	1.24369	1.24357	1.24322	1.24286	1.24259	1.24231	1.24231	1.2423	1.24253	1.24275	1.24316	1.24356	1.2436	1.24364	1.24345	1.24327	1.24316	1.24304	1.24297	1.24291	1.24279	1.24267	1.24268	1.24268	1.24258	1.24248	1.24252	1.24255	1.24248	1.2424	1.24244	1.24247	1.24243	1.24238	1.24241	1.24243	1.24241	1.24238	1.2424	
1.28829	1.28831	1.2883	1.28829	1.2883	1.2883	1.28831	1.28831	1.28831	1.28831	1.28833	1.28835	1.28835	1.28834	1.28838	1.28843	1.28843	1.28843	1.28849	1.28856	1.2886	1.28865	1.28871	1.28876	1.28891	1.28906	1.28922	1.28938	1.28937	1.28936	1.28929	1.28923	1.28923	1.28923	1.28933	1.28943	1.28951	1.28958	1.28928	1.28898	1.28893	1.28889	1.28874	1.2886	1.28861	1.28863	1.28851	1.28839	1.28843	1.28848	1.28839	1.2883	1.28835	1.28839	1.28833	1.28827	1.28831	1.28835	1.28831	1.28827	1.2883	1.28832	1.2883	1.28828	1.28829	
1.33419	1.3342	1.33419	1.33417	1.33418	1.33418	1.33418	1.33417	1.33416	1.33416	1.33416	1.33416	1.33414	1.33412	1.33414	1.33416	1.33413	1.33409	1.33414	1.33418	1.33415	1.33411	1.33418	1.33425	1.33428	1.33431	1.33475	1.33519	1.33552	1.33606	1.3361	1.33636	1.33614	1.33637	1.33628	1.33629	1.33593	1.3356	1.33496	1.33432	1.33442	1.33451	1.33433	1.33415	1.33425	1.33435	1.33423	1.33411	1.33419	1.33427	1.3342	1.33412	1.33418	1.33423	1.33419	1.33414	1.33418	1.33422	1.33419	1.33416	1.33419	1.33421	1.33419	1.33417	1.33419	
1.38014	1.38015	1.38014	1.38012	1.38013	1.38014	1.38012	1.3801	1.38011	1.38012	1.3801	1.38008	1.38008	1.38007	1.38006	1.38005	1.38003	1.38002	1.38002	1.38002	1.37998	1.37995	1.37997	1.37999	1.37996	1.37992	1.37985	1.37978	1.37996	1.37912	1.37917	1.37919	1.37924	1.37935	1.37936	1.37942	1.37973	1.38002	1.37996	1.37991	1.38006	1.38021	1.3801	1.37998	1.38008	1.38019	1.38012	1.38004	1.38011	1.38017	1.38013	1.38009	1.38012	1.38016	1.38014	1.38011	1.38014	1.38016	1.38014	1.38013	1.38014	1.38016	1.38014	1.38013	1.38014	
1.4261	1.42611	1.42609	1.42607	1.42608	1.4261	1.42607	1.42604	1.42606	1.42607	1.42603	1.42599	1.42601	1.42603	1.42598	1.42594	1.42594	1.42594	1.4259	1.42586	1.42582	1.42578	1.42576	1.42574	1.42564	1.42554	1.42495	1.42437	1.4244	1.42431	1.42415	1.42354	1.42351	1.42363	1.42413	1.42433	1.42464	1.42443	1.42496	1.4255	1.42571	1.42591	1.42586	1.42581	1.42592	1.42603	1.426	1.42598	1.42602	1.42607	1.42606	1.42605	1.42607	1.42609	1.42608	1.42608	1.42609	1.4261	1.4261	1.42609	1.4261	1.42611	1.4261	1.42608	1.4261	
1.47212	1.47213	1.47211	1.47209	1.47211	1.47214	1.47211	1.47208	1.47211	1.47214	1.4721	1.47206	1.47211	1.47216	1.47211	1.47207	1.47213	1.47219	1.47214	1.4721	1.47216	1.47222	1.47219	1.47217	1.4722	1.47223	1.47224	1.47226	1.47214	1.47273	1.4729	1.47298	1.47306	1.47285	1.47278	1.47254	1.47224	1.4722	1.47218	1.47216	1.4722	1.47224	1.47221	1.47219	1.4722	1.47221	1.4722	1.47219	1.47218	1.47217	1.47217	1.47217	1.47216	1.47215	1.47215	1.47215	1.47214	1.47213	1.47213	1.47213	1.47213	1.47213	1.47212	1.47211	1.47212	
1.51814	1.51815	1.51814	1.51812	1.51814	1.51817	1.51814	1.51811	1.51816	1.51821	1.51817	1.51813	1.51821	1.51829	1.51824	1.5182	1.51831	1.51843	1.51838	1.51834	1.51849	1.51865	1.51862	1.51859	1.51875	1.51892	1.51953	1.52015	1.51987	1.51957	1.51967	1.52012	1.52031	1.52003	1.51957	1.5194	1.51932	1.51997	1.51939	1.51881	1.51869	1.51857	1.51857	1.51856	1.51848	1.5184	1.5184	1.5184	1.51834	1.51828	1.51828	1.51829	1.51824	1.5182	1.51821	1.51821	1.51819	1.51817	1.51817	1.51817	1.51816	1.51815	1.51814	1.51813	1.51814	
1.56419	1.5642	1.56418	1.56417	1.56419	1.56421	1.56419	1.56417	1.56421	1.56425	1.56422	1.56419	1.56424	1.56429	1.56427	1.56424	1.56429	1.56435	1.56432	1.56429	1.56433	1.56438	1.56435	1.56432	1.56431	1.56431	1.56434	1.56438	1.56389	1.56367	1.5634	1.56338	1.56339	1.56342	1.56334	1.56354	1.56398	1.56426	1.56429	1.56432	1.5643	1.56428	1.56431	1.56434	1.56433	1.56432	1.56432	1.56432	1.5643	1.56429	1.56429	1.56428	1.56426	1.56424	1.56424	1.56424	1.56423	1.56421	1.56421	1.56421	1.5642	1.5642	1.56419	1.56418	1.56419	
1.61023	1.61024	1.61023	1.61022	1.61024	1.61026	1.61024	1.61023	1.61025	1.61028	1.61027	1.61025	1.61028	1.6103	1.61029	1.61028	1.61027	1.61027	1.61026	1.61024	1.61018	1.61011	1.61007	1.61004	1.60987	1.60971	1.60915	1.6086	1.60791	1.60722	1.60674	1.60627	1.60638	1.60648	1.60675	1.60701	1.60779	1.60856	1.6092	1.60983	1.60991	1.60999	1.61005	1.61011	1.61017	1.61023	1.61024	1.61025	1.61027	1.6103	1.61029	1.61028	1.61028	1.61028	1.61028	1.61027	1.61026	1.61026	1.61025	1.61025	1.61024	1.61024	1.61023	1.61023	1.61023	
1.65626	1.65626	1.65626	1.65625	1.65626	1.65626	1.65625	1.65625	1.65624	1.65623	1.65623	1.65624	1.6562	1.65616	1.65617	1.65618	1.65608	1.65598	1.656	1.65601	1.65583	1.65565	1.65566	1.65568	1.65544	1.65519	1.65512	1.65505	1.65488	1.65472	1.65475	1.65477	1.65482	1.65486	1.65473	1.6546	1.65482	1.65504	1.65518	1.65533	1.65549	1.65565	1.65567	1.65569	1.65584	1.65599	1.65599	1.65599	1.65608	1.65617	1.65616	1.65615	1.6562	1.65625	1.65624	1.65623	1.65625	1.65627	1.65626	1.65625	1.65626	1.65627	1.65626	1.65625	1.65626	
1.70228	1.70229	1.70229	1.70229	1.70227	1.70226	1.70227	1.70227	1.70223	1.70218	1.7022	1.70222	1.70212	1.70202	1.70205	1.70207	1.70188	1.70169	1.70174	1.70178	1.70148	1.70119	1.70126	1.70133	1.701	1.70067	1.70108	1.7015	1.70186	1.70223	1.70275	1.70328	1.70326	1.70324	1.70271	1.70219	1.70185	1.70152	1.70117	1.70082	1.70106	1.7013	1.70129	1.70127	1.70151	1.70174	1.70173	1.70172	1.70189	1.70205	1.70204	1.70202	1.70212	1.70221	1.7022	1.70218	1.70223	1.70228	1.70226	1.70225	1.70227	1.70229	1.70229	1.70228	1.70228	
1.74828	1.74828	1.74829	1.74829	1.74827	1.74824	1.74825	1.74827	1.7482	1.74813	1.74816	1.74819	1.74807	1.74795	1.748	1.74805	1.74788	1.74771	1.74779	1.74788	1.7477	1.74753	1.74768	1.74784	1.74782	1.74779	1.74817	1.74855	1.74895	1.74936	1.74965	1.74995	1.74991	1.74988	1.74964	1.74941	1.74898	1.74855	1.74823	1.74792	1.74787	1.74782	1.74773	1.74763	1.74774	1.74785	1.7478	1.74776	1.74789	1.74803	1.748	1.74798	1.74808	1.74818	1.74816	1.74814	1.7482	1.74826	1.74825	1.74824	1.74827	1.74829	1.74829	1.74828	1.74828	
1.79428	1.79428	1.79429	1.7943	1.79426	1.79421	1.79424	1.79426	1.79417	1.79408	1.79412	1.79417	1.79403	1.79389	1.79396	1.79403	1.79387	1.79372	1.79385	1.79398	1.79392	1.79387	1.79411	1.79436	1.79463	1.79491	1.79525	1.7956	1.79604	1.79649	1.79655	1.79661	1.79656	1.79651	1.79657	1.79663	1.7961	1.79557	1.7953	1.79502	1.79468	1.79434	1.79417	1.79399	1.79397	1.79395	1.79387	1.7938	1.7939	1.794	1.79396	1.79393	1.79404	1.79414	1.79412	1.7941	1.79417	1.79425	1.79424	1.79422	1.79426	1.79429	1.79429	1.79429	1.79428	
1.84029	1.84029	1.8403	1.84031	1.84027	1.84022	1.84025	1.84028	1.8402	1.84012	1.84017	1.84022	1.84012	1.84001	1.8401	1.84018	1.84011	1.84004	1.84018	1.84032	1.84039	1.84046	1.84066	1.84086	1.84115	1.84145	1.84155	1.84165	1.84166	1.84167	1.84139	1.8411	1.84108	1.84105	1.84141	1.84177	1.84169	1.84161	1.84158	1.84154	1.84119	1.84083	1.8407	1.84057	1.84042	1.84028	1.8402	1.84012	1.84013	1.84015	1.8401	1.84006	1.84013	1.84019	1.84017	1.84014	1.8402	1.84026	1.84025	1.84024	1.84027	1.8403	1.8403	1.8403	1.84029	
1.8863	1.88629	1.88631	1.88633	1.88628	1.88623	1.88627	1.8863	1.88623	1.88615	1.88622	1.88628	1.88621	1.88614	1.88624	1.88633	1.88635	1.88636	1.88651	1.88665	1.88685	1.88705	1.88721	1.88736	1.88767	1.88799	1.88785	1.88771	1.88728	1.88686	1.88623	1.88559	1.88559	1.88559	1.88625	1.88691	1.88728	1.88766	1.88786	1.88806	1.8877	1.88733	1.88723	1.88714	1.88688	1.88662	1.88653	1.88644	1.88637	1.8863	1.88624	1.88619	1.88622	1.88624	1.88622	1.88619	1.88623	1.88628	1.88627	1.88626	1.88628	1.88631	1.88631	1.88631	1.8863	
1.93234	1.93233	1.93235	1.93237	1.93233	1.9323	1.93233	1.93237	1.93232	1.93228	1.93234	1.9324	1.93238	1.93236	1.93245	1.93253	1.93261	1.93268	1.93278	1.93288	1.93307	1.93326	1.93329	1.93332	1.93344	1.93355	1.9333	1.93304	1.93263	1.93222	1.93188	1.93154	1.93155	1.93155	1.93191	1.93226	1.93263	1.93299	1.9333	1.9336	1.93344	1.93328	1.9333	1.93332	1.93308	1.93284	1.93279	1.93274	1.93262	1.9325	1.93245	1.93241	1.93239	1.93236	1.93234	1.93231	1.93233	1.93234	1.93233	1.93232	1.93233	1.93235	1.93235	1.93235	1.93234	
1.97838	1.97837	1.97839	1.97841	1.97839	1.97836	1.9784	1.97844	1.97842	1.9784	1.97846	1.97852	1.97855	1.97858	1.97866	1.97874	1.97886	1.97899	1.97905	1.9791	1.97928	1.97946	1.97937	1.97929	1.9792	1.97911	1.97875	1.97838	1.97798	1.97759	1.97754	1.9775	1.97751	1.97752	1.97756	1.97761	1.97797	1.97833	1.97873	1.97914	1.97918	1.97923	1.97936	1.9795	1.97928	1.97906	1.97905	1.97904	1.97887	1.9787	1.97866	1.97863	1.97856	1.97848	1.97846	1.97844	1.97842	1.97841	1.9784	1.97839	1.97839	1.97838	1.97839	1.9784	1.97838	
2.02446	2.02445	2.02447	2.02449	2.02448	2.02446	2.0245	2.02454	2.02454	2.02455	2.0246	2.02465	2.0247	2.02476	2.02481	2.02486	2.02498	2.02509	2.0251	2.0251	2.0252	2.02529	2.02515	2.025	2.02483	2.02466	2.02437	2.02407	2.02386	2.02366	2.02383	2.024	2.02401	2.02402	2.02384	2.02366	2.02384	2.02402	2.02435	2.02468	2.02481	2.02495	2.02513	2.02532	2.02519	2.02506	2.02509	2.02513	2.02498	2.02482	2.02481	2.0248	2.0247	2.02461	2.0246	2.02458	2.02454	2.02451	2.0245	2.0245	2.02448	2.02446	2.02447	2.02448	2.02446	
2.07054	2.07053	2.07055	2.07057	2.07057	2.07057	2.0706	2.07064	2.07067	2.07069	2.07074	2.07078	2.07086	2.07093	2.07096	2.07098	2.07109	2.0712	2.07115	2.0711	2.07111	2.07112	2.07092	2.07072	2.07047	2.07022	2.06999	2.06976	2.06974	2.06972	2.07011	2.0705	2.07052	2.07053	2.07012	2.06972	2.06972	2.06972	2.06997	2.07022	2.07044	2.07066	2.0709	2.07114	2.07109	2.07105	2.07114	2.07123	2.07108	2.07094	2.07096	2.07097	2.07085	2.07074	2.07073	2.07073	2.07067	2.0706	2.0706	2.0706	2.07057	2.07054	2.07055	2.07056	2.07054	
2.11664	2.11663	2.11665	2.11667	2.11668	2.11668	2.11671	2.11674	2.11677	2.11681	2.11684	2.11686	2.11694	2.11701	2.11701	2.117	2.11708	2.11715	2.11707	2.11698	2.11694	2.1169	2.11671	2.11653	2.11632	2.11612	2.11601	2.11591	2.11597	2.11604	2.11638	2.11671	2.11672	2.11673	2.11639	2.11604	2.11596	2.11589	2.11601	2.11613	2.1163	2.11648	2.1167	2.11691	2.11693	2.11694	2.11705	2.11717	2.11707	2.11697	2.117	2.11704	2.11693	2.11683	2.11683	2.11684	2.11677	2.1167	2.11671	2.11671	2.11667	2.11664	2.11665	2.11666	2.11664	
2.16274	2.16273	2.16275	2.16277	2.16278	2.16279	2.16281	2.16283	2.16288	2.16293	2.16294	2.16295	2.16302	2.16309	2.16306	2.16302	2.16306	2.16309	2.16298	2.16287	2.16278	2.16268	2.16251	2.16234	2.16218	2.16202	2.16204	2.16206	2.16221	2.16236	2.16264	2.16293	2.16293	2.16293	2.16265	2.16237	2.16221	2.16205	2.16204	2.16203	2.16217	2.1623	2.1625	2.16269	2.16276	2.16283	2.16297	2.16311	2.16305	2.16299	2.16305	2.16311	2.16301	2.16291	2.16293	2.16296	2.16288	2.1628	2.16281	2.16282	2.16278	2.16273	2.16275	2.16276	2.16274	
2.20884	2.20883	2.20884	2.20886	2.20887	2.20889	2.2089	2.20891	2.20895	2.209	2.20899	2.20898	2.20903	2.20908	2.20903	2.20898	2.20899	2.20899	2.20888	2.20876	2.20867	2.20857	2.20844	2.20832	2.20823	2.20813	2.2082	2.20827	2.20842	2.20857	2.20875	2.20893	2.20893	2.20893	2.20875	2.20857	2.20842	2.20827	2.20821	2.20815	2.20822	2.20829	2.20844	2.20858	2.20865	2.20873	2.20887	2.209	2.20897	2.20895	2.20902	2.2091	2.20902	2.20895	2.20898	2.20902	2.20895	2.20888	2.20889	2.20891	2.20887	2.20883	2.20884	2.20886	2.20884	
2.25494	2.25492	2.25493	2.25495	2.25496	2.25498	2.25498	2.25498	2.25502	2.25506	2.25504	2.25501	2.25505	2.25508	2.25501	2.25494	2.25491	2.25489	2.25477	2.25466	2.25456	2.25446	2.25438	2.2543	2.25427	2.25425	2.25436	2.25448	2.25463	2.25477	2.25485	2.25492	2.25492	2.25492	2.25485	2.25478	2.25463	2.25449	2.25438	2.25426	2.25427	2.25428	2.25438	2.25447	2.25455	2.25463	2.25476	2.2549	2.2549	2.25491	2.255	2.25509	2.25504	2.25498	2.25503	2.25508	2.25501	2.25495	2.25498	2.255	2.25496	2.25492	2.25493	2.25495	2.25494	
2.30101	2.301	2.301	2.30101	2.30102	2.30104	2.30103	2.30102	2.30105	2.30108	2.30104	2.30101	2.30102	2.30103	2.30096	2.30089	2.30085	2.30081	2.30071	2.30061	2.30053	2.30045	2.3004	2.30036	2.30037	2.30038	2.30049	2.3006	2.30071	2.30083	2.30085	2.30088	2.30088	2.30088	2.30086	2.30084	2.30073	2.30061	2.3005	2.3004	2.30038	2.30036	2.30041	2.30046	2.30053	2.30059	2.3007	2.30082	2.30084	2.30086	2.30095	2.30104	2.30101	2.30098	2.30104	2.30109	2.30104	2.30099	2.30103	2.30106	2.30102	2.30098	2.301	2.30102	2.30101	
2.34708	2.34707	2.34707	2.34708	2.34709	2.3471	2.34708	2.34706	2.34708	2.34709	2.34705	2.347	2.347	2.34699	2.34691	2.34683	2.34678	2.34673	2.34664	2.34656	2.3465	2.34644	2.34643	2.34643	2.34647	2.34651	2.34662	2.34672	2.3468	2.34688	2.34686	2.34683	2.34683	2.34683	2.34686	2.34689	2.34682	2.34674	2.34663	2.34653	2.34648	2.34643	2.34644	2.34646	2.3465	2.34655	2.34664	2.34674	2.34678	2.34681	2.3469	2.347	2.34699	2.34698	2.34704	2.34711	2.34707	2.34704	2.34707	2.34711	2.34708	2.34705	2.34707	2.34709	2.34708	
2.39312	2.39311	2.39311	2.39311	2.39312	2.39312	2.3931	2.39307	2.39308	2.39308	2.39303	2.39298	2.39296	2.39294	2.39287	2.3928	2.39274	2.39269	2.39263	2.39256	2.39252	2.39248	2.39249	2.3925	2.39255	2.3926	2.39268	2.39277	2.39282	2.39288	2.39285	2.39281	2.39281	2.39281	2.39285	2.39289	2.39284	2.39278	2.3927	2.39262	2.39256	2.3925	2.3925	2.3925	2.39253	2.39255	2.39263	2.39271	2.39274	2.39278	2.39287	2.39295	2.39296	2.39296	2.39303	2.39309	2.39307	2.39305	2.39309	2.39313	2.39311	2.39309	2.39311	2.39313	2.39312	
2.43916	2.43915	2.43915	2.43915	2.43914	2.43914	2.43911	2.43909	2.43908	2.43907	2.43902	2.43896	2.43893	2.4389	2.43883	2.43876	2.43871	2.43865	2.43861	2.43856	2.43854	2.43852	2.43855	2.43857	2.43863	2.43869	2.43875	2.43881	2.43885	2.43888	2.43883	2.43879	2.43879	2.43878	2.43884	2.43889	2.43886	2.43882	2.43877	2.43871	2.43864	2.43858	2.43856	2.43854	2.43855	2.43856	2.43861	2.43867	2.43871	2.43875	2.43883	2.43891	2.43893	2.43894	2.43901	2.43908	2.43907	2.43907	2.43911	2.43915	2.43914	2.43913	2.43915	2.43917	2.43916	
2.48517	2.48516	2.48516	2.48515	2.48514	2.48514	2.48511	2.48508	2.48506	2.48505	2.48499	2.48494	2.4849	2.48487	2.4848	2.48474	2.4847	2.48465	2.48462	2.48459	2.48458	2.48457	2.4846	2.48463	2.48468	2.48473	2.48477	2.48481	2.48484	2.48486	2.48482	2.48478	2.48478	2.48478	2.48483	2.48487	2.48485	2.48483	2.48479	2.48475	2.48469	2.48464	2.48461	2.48459	2.48459	2.48459	2.48463	2.48467	2.4847	2.48473	2.4848	2.48488	2.4849	2.48492	2.48499	2.48505	2.48506	2.48506	2.4851	2.48515	2.48514	2.48513	2.48515	2.48517	2.48517	
2.53117	2.53117	2.53116	2.53116	2.53114	2.53113	2.5311	2.53107	2.53104	2.53102	2.53097	2.53092	2.53087	2.53083	2.53078	2.53073	2.53069	2.53065	2.53063	2.53061	2.53062	2.53062	2.53065	2.53068	2.53073	2.53078	2.5308	2.53082	2.53083	2.53085	2.53081	2.53078	2.53078	2.53078	2.53081	2.53085	2.53084	2.53083	2.53081	2.53079	2.53074	2.53069	2.53066	2.53064	2.53063	2.53061	2.53064	2.53067	2.53069	2.53072	2.53078	2.53084	2.53087	2.5309	2.53097	2.53103	2.53104	2.53105	2.5311	2.53114	2.53114	2.53114	2.53116	2.53118	2.53117	
2.57716	2.57716	2.57715	2.57714	2.57713	2.57711	2.57708	2.57705	2.57702	2.577	2.57695	2.5769	2.57686	2.57682	2.57678	2.57673	2.5767	2.57667	2.57666	2.57664	2.57665	2.57666	2.57669	2.57671	2.57676	2.5768	2.57681	2.57682	2.57683	2.57684	2.57681	2.57678	2.57678	2.57678	2.57681	2.57684	2.57683	2.57683	2.57682	2.57681	2.57677	2.57673	2.5767	2.57668	2.57666	2.57665	2.57667	2.57668	2.57671	2.57673	2.57678	2.57683	2.57686	2.57689	2.57695	2.577	2.57702	2.57704	2.57708	2.57712	2.57712	2.57713	2.57715	2.57716	2.57716	
2.62314	2.62314	2.62313	2.62312	2.62311	2.62309	2.62306	2.62303	2.623	2.62297	2.62293	2.62288	2.62285	2.62281	2.62277	2.62274	2.62271	2.62269	2.62268	2.62268	2.62269	2.6227	2.62273	2.62275	2.62278	2.62282	2.62282	2.62282	2.62282	2.62283	2.62281	2.62279	2.62279	2.62279	2.62281	2.62283	2.62283	2.62283	2.62283	2.62282	2.62279	2.62276	2.62274	2.62272	2.6227	2.62268	2.62269	2.6227	2.62272	2.62273	2.62278	2.62282	2.62285	2.62288	2.62293	2.62298	2.623	2.62302	2.62306	2.6231	2.62311	2.62312	2.62313	2.62315	2.62314	
2.66911	2.66911	2.6691	2.66909	2.66908	2.66906	2.66904	2.66901	2.66898	2.66895	2.66891	2.66888	2.66884	2.66881	2.66878	2.66875	2.66873	2.66871	2.66871	2.66871	2.66872	2.66874	2.66875	2.66877	2.6688	2.66882	2.66882	2.66882	2.66882	2.66883	2.66881	2.6688	2.6688	2.6688	2.66881	2.66883	2.66883	2.66883	2.66883	2.66883	2.6688	2.66878	2.66876	2.66875	2.66873	2.66871	2.66872	2.66872	2.66874	2.66875	2.66878	2.66882	2.66884	2.66887	2.66891	2.66896	2.66898	2.669	2.66903	2.66907	2.66908	2.66909	2.6691	2.66912	2.66911	
2.71508	2.71508	2.71507	2.71506	2.71505	2.71503	2.71501	2.71498	2.71496	2.71493	2.7149	2.71487	2.71484	2.71481	2.71479	2.71476	2.71475	2.71474	2.71474	2.71474	2.71475	2.71477	2.71478	2.71479	2.71481	2.71483	2.71483	2.71482	2.71482	2.71483	2.71482	2.71481	2.71481	2.71481	2.71482	2.71483	2.71483	2.71483	2.71483	2.71484	2.71482	2.7148	2.71479	2.71478	2.71476	2.71474	2.71475	2.71475	2.71476	2.71476	2.71479	2.71482	2.71484	2.71486	2.7149	2.71494	2.71496	2.71498	2.71501	2.71504	2.71505	2.71506	2.71507	2.71508	2.71508	
2.76104	2.76104	2.76103	2.76103	2.76102	2.761	2.76098	2.76096	2.76094	2.76092	2.76089	2.76087	2.76084	2.76082	2.7608	2.76078	2.76077	2.76077	2.76077	2.76077	2.76078	2.76079	2.7608	2.76081	2.76083	2.76084	2.76084	2.76083	2.76083	2.76083	2.76083	2.76082	2.76082	2.76082	2.76083	2.76083	2.76083	2.76083	2.76084	2.76084	2.76083	2.76082	2.76081	2.7608	2.76079	2.76077	2.76077	2.76077	2.76078	2.76078	2.7608	2.76082	2.76084	2.76086	2.76089	2.76092	2.76094	2.76096	2.76098	2.761	2.76101	2.76102	2.76103	2.76104	2.76104	
2.807	2.807	2.807	2.80699	2.80698	2.80697	2.80696	2.80694	2.80692	2.8069	2.80688	2.80686	2.80685	2.80683	2.80682	2.80681	2.8068	2.80679	2.8068	2.8068	2.80681	2.80682	2.80682	2.80683	2.80684	2.80685	2.80684	2.80684	2.80684	2.80684	2.80684	2.80683	2.80683	2.80683	2.80684	2.80684	2.80684	2.80684	2.80685	2.80685	2.80684	2.80683	2.80683	2.80682	2.80681	2.8068	2.8068	2.8068	2.8068	2.80681	2.80682	2.80683	2.80685	2.80686	2.80688	2.80691	2.80692	2.80694	2.80695	2.80697	2.80698	2.80699	2.807	2.807	2.807	
2.85296	2.85296	2.85296	2.85295	2.85295	2.85294	2.85293	2.85292	2.8529	2.85289	2.85288	2.85287	2.85285	2.85284	2.85284	2.85283	2.85282	2.85282	2.85282	2.85282	2.85283	2.85284	2.85284	2.85284	2.85285	2.85286	2.85285	2.85285	2.85285	2.85285	2.85285	2.85285	2.85285	2.85285	2.85285	2.85285	2.85285	2.85285	2.85285	2.85286	2.85285	2.85285	2.85284	2.85284	2.85283	2.85282	2.85282	2.85282	2.85283	2.85283	2.85284	2.85285	2.85286	2.85287	2.85288	2.85289	2.85291	2.85292	2.85293	2.85294	2.85295	2.85295	2.85296	2.85296	2.85296	
2.89892	2.89892	2.89892	2.89891	2.89891	2.89891	2.8989	2.8989	2.89889	2.89888	2.89888	2.89887	2.89886	2.89886	2.89885	2.89885	2.89885	2.89885	2.89885	2.89885	2.89885	2.89885	2.89886	2.89886	2.89886	2.89886	2.89886	2.89886	2.89886	2.89886	2.89886	2.89886	2.89886	2.89886	2.89886	2.89886	2.89886	2.89886	2.89886	2.89886	2.89886	2.89886	2.89886	2.89886	2.89885	2.89885	2.89885	2.89885	2.89885	2.89885	2.89885	2.89886	2.89886	2.89887	2.89888	2.89888	2.89889	2.89889	2.8989	2.89891	2.89891	2.89891	2.89892	2.89892	2.89892	
2.94487	2.94487	2.94487	2.94487	2.94487	2.94487	2.94487	2.94487	2.94487	2.94487	2.94487	2.94487	2.94487	2.94487	2.94487	2.94487	2.94487	2.94487	2.94487	2.94487	2.94487	2.94487	2.94487	2.94487	2.94487	2.94487	2.94487	2.94487	2.94487	2.94487	2.94487	2.94487	2.94487	2.94487	2.94487	2.94487	2.94487	2.94487	2.94487	2.94487	2.94487	2.94487	2.94487	2.94487	2.94487	2.94487	2.94487	2.94487	2.94487	2.94487	2.94487	2.94487	2.94487	2.94487	2.94487	2.94487	2.94487	2.94487	2.94487	2.94487	2.94487	2.94487	2.94487	2.94487	2.94487	
