y	b	Ri	bdiff	
0	0.117749	0.0703125	0.0788484
2.97219	0.126428	0.166393	0.0643874
5.94438	0.157392	0.205727	0.0501678
9.06938	0.194848	0.0902124	0.0418417
12.849	0.257372	0.102616	0.0302837
15.3874	0.288857	0.235357	0.0235076
17.8781	0.305762	0.213446	0.0109566
19.7559	0.330129	0.26186	0.00363507
21.3514	0.344757	0.239288	-0.00214918
22.7334	0.356028	0.175278	-0.0060815
23.9411	0.369622	0.229752	-0.011883
25.0696	0.410385	0.286098	-0.0209711
26.3425	0.415187	0.341886	-0.0259455
27.6529	0.442128	0.41354	-0.0325879
29.2811	0.472755	0.40469	-0.0394345
31.5538	0.482765	0.222816	-0.046525
34.996	0.551244	0.0572235	-0.0489501
38.514	0.643574	0.00700149	-0.0361002
42.2304	0.717313	0	-0.0165606
45.9469	0.821187	0	-0.00433987
