y	b	Ri	bdiff	
0	0.127028	0.0390625	0.0816505
3.02061	0.133228	0.204726	0.0664288
6.04122	0.159386	0.296508	0.0526255
9.16622	0.213449	0.109883	0.04237
13.8287	0.280423	0.0799181	0.0323193
16.9537	0.322277	0.369581	0.0222362
18.8355	0.32812	0.432564	0.0106436
20.4143	0.343258	0.396557	0.00332203
21.819	0.358044	0.325898	-0.00411191
23.2321	0.365322	0.291482	-0.010064
24.5013	0.383508	0.336614	-0.0134868
25.709	0.413163	0.318089	-0.0227344
27.0166	0.425604	0.292832	-0.0283367
28.7316	0.461906	0.301269	-0.0347031
31.0258	0.474564	0.330119	-0.0441185
33.2915	0.523638	0.309206	-0.0519269
36.2957	0.576561	0.0724743	-0.0493814
39.6667	0.657427	0	-0.0297694
43.0377	0.716478	0	-0.0163849
46.4087	0.817626	0	-0.00286143
