y	b	Ri	bdiff	
0	0.119693	0.015625	0.0745499
3.02061	0.133265	0.147693	0.062661
6.04122	0.164699	0.283933	0.0458738
9.16622	0.215457	0.139211	0.0381553
13.7117	0.275257	0.092939	0.0291194
16.8551	0.314203	0.302044	0.0190092
18.9101	0.330585	0.360549	0.0099776
20.9006	0.35732	0.30826	-1.38709e-05
22.6007	0.360532	0.243887	-0.00730926
23.9346	0.383047	0.208268	-0.0140428
25.1753	0.403416	0.250391	-0.0223881
26.5494	0.420931	0.279954	-0.0276663
27.9958	0.444086	0.326893	-0.0313554
29.72	0.472741	0.34284	-0.0380833
32.1923	0.522626	0.266654	-0.0470179
35.5865	0.564546	0.061012	-0.0481545
38.9125	0.634942	0.00304491	-0.0317206
42.3546	0.732122	0	-0.0172472
45.7968	0.80459	0	-0.00500735
