y	b	Ri	bdiff	
0	0.120083	0.0380859	0.0866308
3.02061	0.131655	0.203587	0.0710443
6.04122	0.164803	0.304677	0.0517069
9.16622	0.203454	0.122041	0.0437536
13.7691	0.274317	0.0759602	0.0287604
16.8941	0.309521	0.369357	0.0218377
18.7799	0.322019	0.427703	0.0115374
20.4029	0.334703	0.396705	0.00242336
21.8143	0.341075	0.315992	-0.00345328
23.1717	0.359579	0.278691	-0.00915654
24.3826	0.367607	0.319376	-0.0128264
25.6142	0.418705	0.321055	-0.0209287
26.9641	0.431796	0.283694	-0.0274973
28.572	0.460408	0.312545	-0.0344341
30.7157	0.482373	0.318554	-0.043435
33.0171	0.511919	0.292646	-0.0542069
36.2379	0.546234	0.0614624	-0.0481144
39.6801	0.660388	0.00118116	-0.0320533
43.147	0.736629	0	-0.0171645
46.6138	0.809287	0	-0.00220339
