y	b	Ri	bdiff	
0	0.0795838	0	0.0224156
6.25	0.118737	0	0.00694276
11.0065	0.197785	0.0127852	0.00463704
14.9969	0.278714	0.161752	0.0227233
17.6734	0.333167	0.384832	0.0190758
19.8054	0.353687	0.361796	0.0124828
21.3055	0.361062	0.202579	0.00512654
22.7135	0.381661	0.158095	-0.000951744
23.9385	0.38461	0.255285	-0.00520149
25.0502	0.418502	0.34851	-0.0136455
26.1761	0.427474	0.454987	-0.0202307
27.4296	0.443762	0.44132	-0.0275853
29.0527	0.470555	0.241779	-0.0307325
31.2205	0.523399	0.0496243	-0.0242698
33.6317	0.574697	0.00560391	-0.0153085
37.5124	0.666748	0	-0.0072313
43.7624	0.785572	0	-0.00072577
