y	b	Ri	bdiff	
0	0.0862451	0	0.0296167
6.25	0.121659	0	0.014362
10.4023	0.198991	0.00135776	0.0104108
13.7282	0.271296	0.306108	0.025732
16.2377	0.310534	0.428077	0.0272699
17.9649	0.317085	0.271182	0.0207853
19.7438	0.341796	0.240735	0.0120823
21.3878	0.358136	0.213528	0.00510056
22.8077	0.363951	0.198239	-0.00115169
24.0229	0.39156	0.260171	-0.00426814
25.1304	0.41541	0.321172	-0.0104573
26.2189	0.438114	0.385287	-0.016729
27.4081	0.438137	0.427303	-0.0267755
28.9122	0.462013	0.367747	-0.0329383
30.8749	0.487467	0.21963	-0.0347694
33.055	0.546556	0.0493676	-0.0343385
36.3166	0.596118	0.000727511	-0.0217152
39.6426	0.703682	0.00399112	-0.00676173
45.8926	0.823434	0	-0.00104465
