y	b	Ri	bdiff	
0	0.100021	0	0.0419729
6.25	0.144683	0.0143051	0.0269597
10.514	0.21122	0.208884	0.0251109
13.9562	0.26876	0.334368	0.0282214
16.3184	0.30144	0.259255	0.0258986
18.4923	0.326789	0.219892	0.0185869
20.5578	0.34667	0.225533	0.0104535
22.0519	0.367964	0.213388	0.00225462
23.3285	0.36646	0.223843	-0.00372875
24.4702	0.388268	0.270816	-0.00966574
25.6513	0.424862	0.253959	-0.0165653
26.8807	0.440913	0.298484	-0.0237194
28.4739	0.463781	0.288388	-0.0352912
30.4231	0.48684	0.392047	-0.0445791
32.3678	0.518865	0.278308	-0.0466944
35.2789	0.584407	0.0545368	-0.0417275
38.4039	0.665208	0.047024	-0.0235609
44.6539	0.797971	0	-0.00432466
