y	b	Ri	bdiff	
0	0.100123	0	0.038926
6.25	0.141978	0.0143863	0.0287529
10.2989	0.211261	0.111373	0.0256415
12.9869	0.250949	0.344767	0.0275027
15.0793	0.287988	0.344211	0.0258235
17.1998	0.321713	0.24147	0.0225618
19.0099	0.336229	0.26748	0.0167427
20.5958	0.35829	0.213485	0.0120249
22.189	0.370312	0.271838	0.0041869
23.4343	0.368725	0.264453	-0.00280758
24.541	0.37245	0.263446	-0.00884736
25.6122	0.414515	0.305142	-0.0177587
26.7339	0.418612	0.333484	-0.0250133
28.132	0.451858	0.366476	-0.0340002
29.9315	0.458229	0.445689	-0.0399643
31.8213	0.51732	0.310791	-0.045663
34.9463	0.560513	0.0792949	-0.0405021
38.0713	0.637618	0.0510737	-0.0250248
44.3213	0.791739	0	-0.00452719
