y	b	Ri	bdiff	
0	0.0919065	0	0.0365494
6.25	0.130743	0.00828648	0.0226554
10.4023	0.206414	0.0986658	0.0227496
13.3134	0.256441	0.366734	0.0263288
15.7331	0.298155	0.319238	0.0239592
17.7049	0.329754	0.208577	0.0195291
19.6322	0.345888	0.155761	0.0165205
21.4179	0.37796	0.195354	0.00896369
23.0488	0.370574	0.189099	-0.000230585
24.1155	0.38603	0.278807	-0.00493442
25.1844	0.401278	0.316619	-0.0135999
26.4105	0.427923	0.379686	-0.0209367
27.807	0.44926	0.384147	-0.0308333
29.6769	0.480744	0.363813	-0.0418975
31.7371	0.515912	0.173262	-0.0453375
34.7743	0.563667	0.0272614	-0.0400649
37.9558	0.65731	0.01564	-0.0234631
44.2058	0.790013	0	-0.00405476
