y	b	Ri	bdiff	
0	0.0764693	0	0.0202199
6.25	0.116592	0	0.00701479
11.0391	0.200107	0.00872393	0.00486473
15.0682	0.288927	0.136404	0.0211545
17.9502	0.328813	0.345749	0.0176548
20.1621	0.354535	0.305177	0.0111695
21.8447	0.375495	0.17591	0.00375545
23.2786	0.38801	0.218792	-0.00242392
24.3985	0.381654	0.339478	-0.0075579
25.4034	0.401517	0.427399	-0.0137345
26.391	0.414384	0.470334	-0.0179679
27.4889	0.435783	0.399736	-0.025024
29.0845	0.467787	0.181434	-0.0274044
31.1936	0.501112	0.0269459	-0.02298
33.6133	0.579646	0.0046715	-0.0132568
37.5661	0.668338	0	-0.00596846
43.8161	0.774174	0	-0.000513807
