y	b	Ri	bdiff	
0	0.0739936	0	0.01673
6.25	0.114624	0	0.00453161
11.3267	0.207088	0.0083177	0.00333205
15.712	0.271133	0.0823766	0.0186919
18.0208	0.317684	0.233011	0.0163264
20.1132	0.333257	0.238148	0.00945905
21.6073	0.368087	0.161874	0.00441077
22.7874	0.357143	0.15518	0.000326142
23.8262	0.374672	0.284699	-0.00453984
24.8556	0.380886	0.327747	-0.00943479
25.8923	0.427413	0.354535	-0.0165378
27.1829	0.450372	0.347591	-0.0235357
29.0259	0.489537	0.129248	-0.0262798
31.7257	0.550593	0.0356488	-0.0158063
35.8357	0.635444	0	-0.00573685
39.9456	0.705334	0	-0.000970901
46.1956	0.829536	0	-0.000355887
