y	b	Ri	bdiff	
0	0.0754208	0	0.018933
6.25	0.116155	0	0.00501607
11.5352	0.209132	0.0219538	0.0053367
16.1977	0.306815	0.147681	0.0207359
18.766	0.321859	0.313579	0.0131687
20.4181	0.336634	0.257969	0.0078677
21.8	0.355852	0.183939	0.00427605
23.0717	0.356458	0.182778	-0.0016323
24.1413	0.38618	0.334736	-0.00482791
25.2291	0.420542	0.364214	-0.014436
26.491	0.423509	0.398852	-0.0221499
27.8809	0.458012	0.281588	-0.0263641
29.8436	0.484717	0.0425545	-0.026238
32.52	0.568781	0.0116175	-0.0145761
36.4729	0.621457	0	-0.00542927
40.4257	0.72574	0	-0.000465534
46.6757	0.838177	0	-0.000799819
