y	b	Ri	bdiff	
0	0.11967	0.00413212	0.0707701
3.24102	0.131552	0.126025	0.0626435
6.48204	0.170203	0.0915176	0.0519539
10.1985	0.224424	0.0409839	0.0404691
13.8549	0.267109	0.150167	0.0291741
16.6157	0.288807	0.202421	0.0174265
18.8406	0.324108	0.227446	0.00701154
20.6263	0.353116	0.186979	0.00154412
22.3985	0.363486	0.191949	-0.00581932
23.815	0.36671	0.172055	-0.0114411
25.0165	0.400116	0.250978	-0.020338
26.2943	0.407587	0.33863	-0.0267192
27.7108	0.439558	0.395638	-0.0317439
29.3738	0.467579	0.408595	-0.0384297
31.4607	0.494025	0.290495	-0.046331
34.809	0.557718	0.0752792	-0.0452594
38.4081	0.645198	0.0186407	-0.0334248
42.1557	0.733678	0	-0.0149661
45.9034	0.820335	0	-0.00417137
