y	b	Ri	bdiff	
0	0.128061	0.0917969	0.0861712
3.02061	0.142132	0.215609	0.069515
6.04122	0.163211	0.290902	0.0518329
9.18469	0.209734	0.153917	0.0410996
14.0411	0.271285	0.183021	0.0323798
17.1661	0.310137	0.290389	0.0238835
19.1566	0.341601	0.302598	0.0137212
20.8995	0.356301	0.287946	0.00543612
22.4999	0.369882	0.3392	-0.00291832
23.925	0.367772	0.282302	-0.00906432
25.0408	0.38877	0.344384	-0.0171586
26.235	0.404758	0.411526	-0.0237712
27.4428	0.426991	0.408672	-0.0284356
28.9656	0.437718	0.428504	-0.034443
30.7582	0.452408	0.455631	-0.0435514
32.7977	0.509205	0.340243	-0.0496625
35.852	0.557802	0.108551	-0.0541788
39.0728	0.597046	0.0026679	-0.035888
42.235	0.682949	0	-0.0196998
45.3973	0.756623	0	-0.00740306
