y	b	Ri	bdiff	
0	0.0699403	0	0.0137653
6.25	0.113992	0	0.00303135
11.4488	0.208268	0.00188021	0.00196133
15.9942	0.289926	0.0606566	0.0165336
18.4575	0.334149	0.236406	0.0133763
20.5337	0.349952	0.213445	0.0066649
22.1466	0.353219	0.15238	0.00225927
23.3919	0.379396	0.179369	-0.0013774
24.4266	0.39628	0.244784	-0.00625319
25.4445	0.403539	0.265424	-0.012414
26.4636	0.427663	0.26855	-0.0157552
27.6399	0.446314	0.203225	-0.0186255
29.3859	0.48769	0.0638057	-0.0206562
31.8315	0.554792	0.0128178	-0.0114927
35.7844	0.612632	0	-0.0044672
39.7372	0.712747	0	-0.00121111
45.9872	0.825717	0	-0.000474996
