y	b	Ri	bdiff	
0	0.0744535	0	0.0190457
6.25	0.11613	3.05176e-05	0.005285
11.0391	0.19569	0.00317634	0.00295293
14.506	0.269886	0.0740526	0.0181833
16.8924	0.317142	0.244645	0.0239741
19.042	0.341111	0.362605	0.0139256
20.705	0.359549	0.208202	0.00764596
22.1031	0.367213	0.151491	0.00242961
23.2842	0.36088	0.2153	-0.00307744
24.2533	0.394242	0.354726	-0.00759874
25.2285	0.410775	0.364127	-0.0135525
26.2782	0.436462	0.396103	-0.0204841
27.5341	0.433203	0.349294	-0.0265388
29.4158	0.484441	0.068597	-0.0290449
32.1275	0.559102	0.0257235	-0.0172415
36.1964	0.630894	0	-0.00673754
40.2654	0.710979	0	-0.00121003
46.5154	0.835389	0	-0.000354501
