y	b	Ri	bdiff	
0	0.0765284	0	0.0239593
6.25	0.12005	0	0.00871523
11.0724	0.204849	0.0196613	0.00746566
15.1414	0.292438	0.17011	0.0244884
18.3228	0.327859	0.359652	0.0191144
20.4043	0.34432	0.252878	0.00926042
21.6089	0.361513	0.193914	0.00480419
22.8428	0.361121	0.197445	0.000474357
23.9352	0.363018	0.247487	-0.00462491
24.9673	0.380477	0.330517	-0.00987172
26.0304	0.422865	0.469274	-0.0205222
27.2722	0.447527	0.493914	-0.027305
28.9549	0.470617	0.324079	-0.0327318
31.6199	0.539033	0.112985	-0.0259823
35.5727	0.61515	0	-0.011533
39.5256	0.706427	0	-0.00416005
45.7756	0.808986	0	-0.000626587
