y	b	Ri	bdiff	
0	0.124042	0.0810547	0.0767215
2.92603	0.133278	0.205008	0.0647279
5.85206	0.160153	0.290058	0.0484501
8.97706	0.207535	0.147202	0.0448483
13.046	0.259838	0.094209	0.032085
15.9571	0.30112	0.29946	0.0237947
17.8309	0.321694	0.33767	0.0180258
19.5164	0.332605	0.354316	0.00974948
20.9	0.346272	0.330778	0.00244024
22.2788	0.363072	0.300852	-0.0040908
23.5655	0.381902	0.330857	-0.010839
24.6864	0.376603	0.36637	-0.0135934
25.8636	0.406814	0.36837	-0.0260265
27.0692	0.426413	0.352514	-0.0327248
28.5592	0.45778	0.346518	-0.0387057
30.5497	0.467484	0.416602	-0.0447362
32.5261	0.517962	0.429362	-0.0526267
35.115	0.552743	0.159535	-0.0546085
38.3977	0.646815	0.0143424	-0.0401855
41.8398	0.721246	0	-0.0232311
45.282	0.804745	0	-0.00884992
