y	b	Ri	bdiff	
0	0.103771	0	0.0454311
6.25	0.144078	0.0149727	0.0306435
10.4023	0.21329	0.204881	0.0265618
13.7282	0.268966	0.522747	0.0304877
16.3171	0.311393	0.387446	0.0283434
18.1831	0.331198	0.238395	0.0219532
20.0491	0.360549	0.146907	0.0142117
21.919	0.376832	0.161685	0.00413609
23.3801	0.37661	0.238763	-0.00368533
24.6209	0.384915	0.312224	-0.0102163
25.6972	0.406928	0.318006	-0.0158435
26.8231	0.411625	0.304756	-0.0222379
28.1865	0.451848	0.273074	-0.0319651
29.9487	0.471231	0.317264	-0.0421684
31.8891	0.512996	0.259199	-0.0460796
34.8613	0.56421	0.0867673	-0.0423559
37.9863	0.653947	0.0548351	-0.0257575
44.2363	0.75238	0	-0.00499521
