y	b	Ri	bdiff	
0	0.1356	0.0934143	0.0843391
3.125	0.145726	0.245914	0.0700299
6.25	0.177646	0.223001	0.0530125
10.0459	0.222837	0.2424	0.0373644
15.0459	0.299854	0.223183	0.0256897
18.0502	0.340189	0.335744	0.019084
20.4284	0.351629	0.16734	0.00903233
22.1285	0.377067	0.150436	0.00193571
23.7265	0.392325	0.211661	-0.00532638
25.0914	0.411119	0.277652	-0.0143067
26.5414	0.42903	0.324535	-0.0236997
28.0837	0.450111	0.410746	-0.0335478
29.8592	0.46985	0.471032	-0.044985
32.1981	0.499195	0.317704	-0.0505267
35.3604	0.5667	0.139106	-0.0533115
38.7087	0.633508	0.0195805	-0.0417041
42.2267	0.718833	0	-0.0222246
45.7446	0.814237	0	-0.00728292
