y	b	Ri	bdiff	
0	0.0770974	0	0.0210283
6.25	0.11819	0	0.00604846
10.9746	0.200401	0.00381169	0.00374655
14.9274	0.272408	0.0994207	0.0196427
17.8996	0.330558	0.303008	0.0182529
20.1312	0.344836	0.265472	0.00885509
21.6583	0.358567	0.149516	0.00444617
22.9463	0.379021	0.161275	-0.00107779
24.074	0.39115	0.305351	-0.00587788
25.0819	0.423021	0.379494	-0.0125127
26.2504	0.422855	0.462335	-0.0201882
27.5098	0.447432	0.412413	-0.0276349
29.3454	0.486716	0.12724	-0.0305741
31.7566	0.544841	0.035546	-0.0198793
35.7095	0.627409	0	-0.00831592
39.6623	0.710193	0	-0.00208192
45.9123	0.824413	0	-0.000665365
