y	b	Ri	bdiff	
0	0.11705	0.0195312	0.0704939
3.28266	0.125048	0.107689	0.0600039
6.56532	0.165004	0.13642	0.0500173
10.4816	0.232811	0.06744	0.0355848
14.3624	0.279468	0.101852	0.0251992
17.2884	0.306699	0.240701	0.013079
19.6996	0.332215	0.214034	0.00576832
21.5734	0.352909	0.208926	-0.0021114
23.2915	0.363513	0.189262	-0.00763242
24.5099	0.375886	0.284321	-0.0129951
25.7966	0.413871	0.311719	-0.0227688
27.0385	0.433675	0.475365	-0.0281798
28.5656	0.450628	0.417037	-0.0358593
31.0025	0.488782	0.380032	-0.0439969
33.4393	0.535965	0.210103	-0.0488173
37.0667	0.597968	0.0278226	-0.0380739
40.6941	0.686689	0	-0.0206477
44.3504	0.787123	0	-0.00863264
