y	b	Ri	bdiff	
0	0.100246	0	0.0448939
6.25	0.146142	0.0149841	0.0278248
10.5375	0.215552	0.229071	0.0258311
14.0043	0.272503	0.320854	0.0254058
16.3907	0.29559	0.307243	0.0230943
18.5169	0.330722	0.23797	0.0180538
20.44	0.349895	0.224321	0.0106309
21.9482	0.35311	0.211544	0.00318443
23.1994	0.360175	0.222974	-0.00275697
24.3402	0.375906	0.270661	-0.0082539
25.4173	0.416584	0.253883	-0.016093
26.5671	0.422751	0.277646	-0.0215026
28.1183	0.446864	0.321141	-0.032508
29.9843	0.470067	0.356206	-0.0428902
31.9607	0.519584	0.280867	-0.0481011
34.9019	0.564792	0.0797769	-0.0413978
38.0269	0.615752	0.0549061	-0.0266028
44.2769	0.79046	0	-0.00506129
