y	b	Ri	bdiff	
0	0.119604	0.015625	0.07525
3.07148	0.129002	0.169975	0.0640484
6.14295	0.1604	0.298871	0.0480704
9.26795	0.211514	0.12105	0.0423446
13.8708	0.276181	0.0725721	0.0300551
16.9958	0.309145	0.328995	0.0208671
18.9146	0.321528	0.356438	0.009942
20.6206	0.335943	0.330097	0.000909301
22.1629	0.354586	0.271658	-0.00680312
23.4383	0.353941	0.249925	-0.0111515
24.5475	0.366731	0.266992	-0.0144559
25.7747	0.40523	0.281876	-0.0234033
27.0731	0.436887	0.313711	-0.0300177
28.7731	0.449814	0.27847	-0.0350688
31.1843	0.490309	0.248277	-0.0451603
33.5955	0.524299	0.171504	-0.0483224
36.9665	0.579882	0.0242152	-0.0444754
40.6526	0.654903	0	-0.0253519
44.224	0.769575	0	-0.0117692
