y	b	Ri	bdiff	
0	0.0876646	0	0.0302763
6.25	0.125147	0	0.0164355
10.4459	0.192401	0.00179879	0.0109737
13.8169	0.27499	0.336602	0.0285436
16.3751	0.302637	0.454986	0.0268595
18.0635	0.332904	0.247974	0.020639
19.8526	0.358443	0.200677	0.0111767
21.6772	0.363524	0.192093	0.00336875
23.1218	0.374507	0.208842	-0.000801522
24.3729	0.389044	0.284214	-0.00599314
25.5227	0.407763	0.341448	-0.0132483
26.6043	0.426897	0.390489	-0.0211903
27.9411	0.432969	0.397777	-0.027371
29.5082	0.468112	0.351692	-0.035154
31.5034	0.519351	0.197083	-0.0366597
34.4915	0.579957	0.024316	-0.0285955
37.8175	0.641288	0.013119	-0.0164597
44.0675	0.765321	0	-0.00151737
