y	b	Ri	bdiff	
0	0.141287	0.0585938	0.0910124
3.14347	0.152602	0.2126	0.075107
6.28695	0.186787	0.111231	0.0609356
11.4441	0.240746	0.233541	0.0361139
16.6012	0.317837	0.379854	0.0230616
19.3128	0.34438	0.324989	0.0142148
21.3574	0.364119	0.182417	0.00661861
23.1711	0.392027	0.187381	-0.00181697
24.5962	0.390243	0.274339	-0.00983668
25.9505	0.419969	0.383835	-0.0198518
27.4117	0.440428	0.41251	-0.0298168
29.4986	0.469857	0.384715	-0.0399566
32.1636	0.49316	0.162388	-0.0523541
35.2705	0.551156	0.138446	-0.0591077
38.8419	0.637168	0.0123716	-0.0459674
42.4134	0.684179	1.07695e-07	-0.0255183
45.9848	0.807033	1.08669e-06	-0.006606
