y	b	Ri	bdiff	
0	0.0951973	0	0.0372161
6.25	0.140055	0.00833542	0.0242993
10.4023	0.204949	0.0969253	0.0234235
13.2421	0.252245	0.345788	0.0236747
15.5362	0.292841	0.290507	0.0243758
17.9308	0.329829	0.193443	0.0222437
19.9503	0.356353	0.166714	0.0170715
21.764	0.373607	0.184128	0.00648578
23.256	0.369584	0.196252	-0.000172902
24.2317	0.368443	0.265749	-0.00595256
25.3179	0.426897	0.323717	-0.0143096
26.531	0.434002	0.368892	-0.0223583
27.9613	0.439461	0.385199	-0.0307208
29.9105	0.472435	0.3436	-0.041848
32.0367	0.523029	0.169177	-0.0448473
35.074	0.574442	0.0222626	-0.0385023
38.2948	0.665136	0.0150191	-0.021406
44.5448	0.784296	0	-0.00405416
