y	b	Ri	bdiff	
0	0.0598387	0	0.0043907
6.25	0.112852	0	0.000819547
11.9296	0.214988	0.00583088	0.00142123
17.171	0.317703	0.0648781	0.0094257
19.7599	0.348772	0.194608	0.0047987
21.3482	0.345203	0.190055	0.00155538
22.6808	0.34131	0.13884	-0.000821283
23.7739	0.401521	0.151686	-0.0027505
24.7387	0.414165	0.165313	-0.00345931
25.7466	0.441185	0.173085	-0.00636832
26.8477	0.443744	0.151265	-0.00746196
28.2441	0.468508	0.0742598	-0.00919863
30.5029	0.521571	6.58983e-05	-0.00510559
33.1793	0.570989	0	-0.00179987
37.1322	0.658271	0	-0.00116905
41.085	0.738007	0	-0.000105005
47.335	0.810296	0	-0.000505714
