y	b	Ri	bdiff	
0	0.102665	0	0.043312
6.25	0.142291	0.0142956	0.0351205
10.5375	0.217893	0.236252	0.0279575
14.0043	0.28046	0.608736	0.0298305
16.7402	0.317393	0.386542	0.0263942
18.5985	0.334686	0.226638	0.0198378
20.434	0.359628	0.10839	0.0114548
22.3198	0.382272	0.171492	0.0025742
23.7662	0.37649	0.284132	-0.00480704
24.8152	0.375318	0.31919	-0.0109411
25.8566	0.416542	0.331653	-0.0182301
27.0508	0.430445	0.305907	-0.0251771
28.5801	0.454255	0.241796	-0.0356353
30.3489	0.475694	0.34989	-0.0432762
32.2033	0.514281	0.255227	-0.051715
35.1445	0.570067	0.0610657	-0.0434456
38.2695	0.65016	0.0479239	-0.0251747
44.5195	0.794897	0	-0.00492925
