y	b	Ri	bdiff	
0	0.135085	0	0.0785337
6.25	0.151617	0.00975227	0.0481286
10.6608	0.19756	0.150798	0.0270503
14.2599	0.261333	0.539761	0.0172365
17.564	0.309442	0.4465	0.00985622
20.8681	0.361212	0.113	0.0123911
22.611	0.374698	0.0966106	0.00930009
24.4731	0.405855	0.174615	0.00247151
26.0066	0.417131	0.250368	-0.00614379
27.6246	0.449431	0.416645	-0.0164429
29.5392	0.481817	0.499425	-0.0280508
31.8858	0.506216	0.353667	-0.039958
35.2341	0.558669	0.0585836	-0.0450133
38.752	0.617783	0.0112051	-0.0344972
43.0395	0.738856	0	-0.0191308
47.327	0.832815	0	-0.00492395
