y	b	u.x	u.y	u.z	
3.125	0.00699271	1.3298e-05	2.59325e-06	-1.4059e-06
5.08207	0.0220789	4.38373e-06	8.24584e-06	-3.99453e-07
7.03914	0.037165	3.41041e-07	6.15007e-06	5.586e-08
8.99621	0.0522512	3.33332e-07	-2.3634e-06	5.46883e-08
10.9533	0.0673373	5.75259e-07	-8.49682e-06	-1.7552e-07
12.9104	0.0824234	7.34761e-07	-7.76377e-06	-3.2986e-07
14.8674	0.0975096	7.18288e-07	7.52271e-07	-3.22443e-07
16.8245	0.112596	8.23679e-07	7.63725e-06	-6.92019e-08
18.7816	0.127682	9.35034e-07	8.51931e-06	1.95756e-07
20.7386	0.142768	9.12983e-07	5.81436e-08	1.91017e-07
22.6957	0.157854	1.07902e-06	-7.20668e-06	-5.69665e-08
24.6528	0.17294	1.39092e-06	-9.34134e-06	-4.93804e-07
26.6098	0.188026	1.35462e-06	-9.1757e-07	-4.80948e-07
28.5669	0.203113	1.35753e-06	7.00781e-06	-2.76847e-07
30.524	0.218199	1.46871e-06	1.10699e-05	4.5402e-07
32.4811	0.233285	1.42919e-06	2.70404e-06	4.41131e-07
34.4381	0.248371	1.4118e-06	-5.57763e-06	4.01524e-07
36.3952	0.263457	2.02425e-06	-1.06613e-05	-3.98728e-07
38.3523	0.278543	1.96192e-06	-2.39611e-06	-3.86337e-07
40.3093	0.293629	1.89958e-06	5.86908e-06	-3.73946e-07
42.2664	0.308716	1.97321e-06	1.28909e-05	8.67658e-07
44.2235	0.323802	1.92217e-06	5.48176e-06	9.13464e-07
46.1806	0.338888	1.86287e-06	-2.70368e-06	8.80931e-07
48.1376	0.353974	2.49648e-06	-9.48067e-06	2.33886e-07
50.0947	0.368181	-2.54434e-06	-1.20926e-05	-5.74196e-06
52.0518	0.383122	2.74669e-06	3.26557e-06	-2.28278e-07
54.0088	0.39825	2.26589e-06	1.11356e-05	2.03613e-07
55.9659	0.413378	1.99866e-06	7.323e-06	4.24536e-07
57.923	0.428506	1.95577e-06	-3.69074e-07	4.02398e-07
59.88	0.443634	2.43156e-06	-7.95753e-06	2.29392e-07
61.8371	0.458762	3.0565e-06	-5.86149e-06	1.64866e-08
63.7942	0.47389	2.95475e-06	1.31723e-06	1.6848e-08
65.7513	0.489018	2.75195e-06	8.5143e-06	9.05946e-08
67.7083	0.504146	2.05351e-06	8.33985e-06	6.11206e-07
69.6654	0.519274	2.15193e-06	1.88919e-06	6.24565e-07
71.6225	0.534402	2.25035e-06	-4.56147e-06	6.37925e-07
73.5795	0.54953	8.93392e-07	-4.95311e-06	2.4097e-06
75.5366	0.564547	-9.0818e-06	-2.24956e-06	1.02216e-06
77.4937	0.579665	-3.55711e-05	9.81924e-06	1.33619e-05
79.4507	0.594807	3.07783e-06	2.33432e-05	3.35755e-06
81.4078	0.609955	4.15889e-05	2.54441e-05	-4.98334e-06
83.3649	0.625109	0.000150225	-7.97291e-06	2.70104e-05
85.322	0.640272	0.000709653	-5.9932e-05	-7.52638e-05
87.279	0.655444	0.00293442	4.92075e-05	-3.67045e-05
89.2361	0.670627	0.00693051	-2.97346e-05	0.000100846
91.1932	0.685729	0.00832712	1.51807e-05	-0.000317499
93.1502	0.700759	0.00613354	7.84094e-05	0.000192021
95.1073	0.71581	0.00368471	6.65388e-05	0.000247884
97.0644	0.730937	0.00266855	0.0001267	9.76442e-05
99.0215	0.746091	0.00233786	1.48212e-05	3.52712e-05
100.979	0.761289	0.000260536	3.34326e-05	2.0917e-05
102.936	0.776489	-5.01051e-05	-8.15442e-05	-2.86308e-06
104.893	0.791674	-3.81635e-05	-1.74007e-05	1.27156e-06
106.85	0.806847	-1.92737e-05	1.67501e-06	-4.49827e-08
108.807	0.822024	-1.14663e-05	1.12098e-06	-8.05817e-07
110.764	0.837195	-1.40526e-05	1.75021e-06	-4.50838e-07
112.721	0.852361	-2.65808e-06	6.2704e-06	2.46978e-07
114.678	0.867532	1.6786e-06	1.02141e-05	1.02868e-06
116.635	0.882702	1.70164e-06	5.9711e-06	9.90071e-07
118.592	0.897872	1.52481e-06	8.60806e-09	1.10578e-06
120.549	0.913042	1.34797e-06	-5.95388e-06	1.22148e-06
122.506	0.928212	1.16344e-06	-3.53759e-06	9.17574e-07
124.463	0.943375	1.33133e-05	-1.85949e-09	1.25882e-06
126.42	0.958487	1.1327e-06	8.38789e-06	1.16155e-06
128.378	0.973652	1.71599e-07	6.80535e-06	7.2932e-07
130.335	0.988817	1.50991e-07	1.1847e-06	7.79598e-07
132.292	1.00398	1.30384e-07	-4.43596e-06	8.29875e-07
134.249	1.01915	3.98345e-07	-4.51531e-06	6.93637e-07
136.206	1.03431	4.14734e-07	1.08496e-06	7.3336e-07
138.163	1.04948	4.31123e-07	6.68524e-06	7.73082e-07
140.12	1.06464	-3.53589e-07	7.41193e-06	3.15738e-07
142.077	1.07981	-3.76197e-07	1.92771e-06	3.31135e-07
144.034	1.09497	-3.98804e-07	-3.55652e-06	3.46531e-07
145.991	1.11014	-1.78443e-08	-6.10423e-06	4.00775e-07
147.948	1.1253	9.86727e-08	-5.32595e-07	4.29198e-07
149.905	1.13997	-3.83928e-07	3.68782e-06	6.57378e-07
151.862	1.15512	-8.36647e-07	7.9384e-06	1.03971e-07
153.819	1.17026	-1.50166e-06	3.06288e-06	-7.29787e-07
155.776	1.18541	-1.55725e-06	-2.43718e-06	-7.56328e-07
157.734	1.20055	-1.43315e-06	-7.54058e-06	-6.30733e-07
159.691	1.2157	-2.19897e-07	-3.22506e-06	4.16488e-07
161.648	1.23084	-2.27094e-07	2.29361e-06	4.30152e-07
163.605	1.24599	-2.34292e-07	7.81227e-06	4.43815e-07
165.562	1.26114	-1.05298e-06	4.10177e-06	-5.6133e-07
167.519	1.27628	-1.08459e-06	-1.44542e-06	-5.7809e-07
169.476	1.29143	-1.1162e-06	-6.99261e-06	-5.9485e-07
171.433	1.30657	-1.13893e-07	-4.64622e-06	2.63095e-07
173.39	1.32172	-1.1704e-07	9.00456e-07	2.70306e-07
175.347	1.33686	-1.20187e-07	6.44713e-06	2.77516e-07
177.304	1.35201	-6.36916e-07	5.20446e-06	-3.63707e-07
179.261	1.36716	-6.53055e-07	-3.54868e-07	-3.72916e-07
181.218	1.3823	-6.69195e-07	-5.9142e-06	-3.82126e-07
183.175	1.39745	-4.68067e-08	-5.99049e-06	1.34215e-07
185.133	1.41259	-4.79249e-08	-4.45905e-07	1.37373e-07
187.09	1.42774	-4.90431e-08	5.09868e-06	1.40532e-07
189.047	1.44288	-2.05402e-07	6.12951e-06	-1.01872e-07
191.004	1.45803	-2.30134e-07	7.86048e-07	-1.36097e-07
192.961	1.47317	-2.35079e-07	-4.76692e-06	-1.39024e-07
194.918	1.48832	-7.64032e-08	-6.63882e-06	-4.5158e-08
196.875	1.50347	-6.48238e-11	-1.73541e-06	9.76378e-13
