y	b	bdiff	u.x	u.y	u.z	Ri	
0	0.02473	7.62843e-05	0	0	0	95820.1
12.5	0.0493036	1.48191e-06	1.96732e-05	-4.41608e-06	-4.39893e-08	126619
25	0.0985884	-1.50582e-05	-0.000216139	0.000136679	6.05479e-05	91690.3
37.5	0.148104	0.000194149	0.00199525	0.000155894	-0.000610039	162961
45.1923	0.178583	0.000328708	0.0573507	-0.000597506	0.00104198	283388
48.8634	0.192875	0.000138965	0.124665	0.000657513	0.00046159	214422
50.349	0.19868	7.81611e-05	0.142096	-0.000329831	-0.000407796	183802
51.8724	0.204496	-9.81734e-05	0.110189	9.84935e-05	-0.0040183	152405
53.6564	0.211311	-0.000316057	0.0772153	0.000218262	-0.00349873	116683
55.9433	0.220183	-0.000437318	0.0356871	0.000244785	-0.00158179	74016.6
59.3201	0.233557	-0.000394727	0.00758673	-0.000462181	0.00036558	55957.6
64.0133	0.252351	-0.000122707	0.00178022	0.000562971	0.000658518	37473.9
71.9942	0.283946	-1.08712e-05	-0.000131742	-0.000743596	-2.88893e-05	82788.5
79.975	0.315494	5.67573e-05	1.21942e-05	0.000938444	3.21432e-05	261913
92.475	0.36468	-5.44596e-05	5.3301e-06	-0.000826902	-1.26473e-07	4.19579e+06
