x=200	y=110	z=200	n=65	len=1
b
0.828708	0.828679	0.828705	0.82873	0.8287	0.82867	0.828689	0.828707	0.828674	0.828641	0.828656	0.82867	0.828634	0.828597	0.828615	0.828632	0.828593	0.828553	0.828584	0.828614	0.828575	0.828536	0.82859	0.828645	0.828609	0.828573	0.828654	0.828735	0.828699	0.828664	0.828747	0.82883	0.828777	0.828723	0.828767	0.828811	0.828727	0.828642	0.828679	0.828716	0.828634	0.828553	0.8286	0.828648	0.828585	0.828523	0.828579	0.828636	0.82859	0.828544	0.828602	0.828661	0.828625	0.828589	0.828643	0.828696	0.828665	0.828634	0.828679	0.828724	0.828695	0.828666	0.828701	0.828736	0.828708	
0.828717	0.828692	0.828713	0.828734	0.828709	0.828684	0.828697	0.82871	0.828683	0.828657	0.828665	0.828673	0.828644	0.828613	0.828623	0.828633	0.8286	0.828567	0.828587	0.828607	0.828571	0.828536	0.828576	0.828616	0.82858	0.828545	0.828608	0.828671	0.828632	0.828592	0.828663	0.828733	0.82868	0.828627	0.828675	0.828724	0.82865	0.828577	0.828623	0.828668	0.828598	0.828528	0.82858	0.828633	0.828578	0.828523	0.82858	0.828638	0.828597	0.828556	0.828612	0.828669	0.828636	0.828604	0.828654	0.828704	0.828676	0.828649	0.82869	0.82873	0.828705	0.82868	0.828711	0.828741	0.828717	
0.828725	0.828697	0.828723	0.828748	0.828719	0.82869	0.828708	0.828726	0.828694	0.828663	0.828677	0.82869	0.828655	0.82862	0.828635	0.828649	0.82861	0.82857	0.828593	0.828616	0.828573	0.828531	0.82857	0.82861	0.828565	0.82852	0.828579	0.828638	0.828591	0.828543	0.82861	0.828677	0.828621	0.828564	0.828617	0.82867	0.828602	0.828533	0.828585	0.828637	0.828572	0.828508	0.828566	0.828624	0.828572	0.82852	0.828581	0.828642	0.828601	0.82856	0.828619	0.828678	0.828644	0.82861	0.828663	0.828715	0.828685	0.828655	0.828698	0.828742	0.828714	0.828685	0.828719	0.828753	0.828725	
0.828734	0.828702	0.828732	0.828761	0.828728	0.828695	0.828718	0.828741	0.828705	0.828669	0.828688	0.828707	0.828667	0.828627	0.828646	0.828665	0.82862	0.828574	0.8286	0.828625	0.828575	0.828525	0.828564	0.828603	0.828549	0.828496	0.828551	0.828606	0.82855	0.828494	0.828557	0.828621	0.828561	0.828501	0.828559	0.828617	0.828553	0.828488	0.828547	0.828606	0.828547	0.828489	0.828552	0.828615	0.828566	0.828517	0.828582	0.828646	0.828606	0.828565	0.828627	0.828688	0.828652	0.828617	0.828672	0.828727	0.828694	0.828661	0.828707	0.828754	0.828722	0.82869	0.828728	0.828766	0.828734	
0.828748	0.82872	0.828745	0.82877	0.828742	0.828715	0.828733	0.828751	0.828721	0.828692	0.828706	0.828719	0.828687	0.828654	0.828667	0.828681	0.828643	0.828606	0.828625	0.828644	0.828601	0.828559	0.82859	0.82862	0.828574	0.828528	0.828573	0.828618	0.828569	0.828519	0.828574	0.828628	0.828574	0.82852	0.828574	0.828627	0.82857	0.828512	0.828568	0.828624	0.828571	0.828518	0.828578	0.828637	0.828593	0.828548	0.828608	0.828669	0.828631	0.828593	0.82865	0.828707	0.828674	0.828641	0.828692	0.828742	0.828712	0.828682	0.828724	0.828766	0.828737	0.828709	0.828742	0.828775	0.828748	
0.828762	0.828738	0.828759	0.828779	0.828757	0.828734	0.828748	0.828761	0.828738	0.828714	0.828723	0.828732	0.828706	0.828681	0.828689	0.828697	0.828667	0.828637	0.82865	0.828662	0.828628	0.828593	0.828616	0.828638	0.828599	0.82856	0.828595	0.828631	0.828587	0.828544	0.82859	0.828636	0.828588	0.82854	0.828589	0.828638	0.828587	0.828537	0.828589	0.828642	0.828595	0.828548	0.828604	0.82866	0.828619	0.828579	0.828635	0.828691	0.828656	0.828622	0.828674	0.828726	0.828696	0.828666	0.828711	0.828757	0.82873	0.828703	0.82874	0.828777	0.828752	0.828728	0.828756	0.828785	0.828762	
0.828773	0.828746	0.828771	0.828795	0.828769	0.828743	0.828761	0.828779	0.828752	0.828726	0.828739	0.828753	0.828724	0.828695	0.828707	0.82872	0.828687	0.828654	0.82867	0.828686	0.828648	0.82861	0.828635	0.82866	0.828617	0.828574	0.828611	0.828647	0.8286	0.828553	0.8286	0.828646	0.828597	0.828547	0.828597	0.828648	0.828597	0.828547	0.828602	0.828657	0.828609	0.828562	0.82862	0.828678	0.828636	0.828595	0.828652	0.82871	0.828673	0.828636	0.82869	0.828745	0.828711	0.828678	0.828726	0.828773	0.828743	0.828712	0.828752	0.828792	0.828764	0.828736	0.828768	0.8288	0.828773	
0.828785	0.828755	0.828783	0.828811	0.828782	0.828752	0.828775	0.828797	0.828767	0.828737	0.828755	0.828774	0.828741	0.828709	0.828726	0.828743	0.828707	0.82867	0.82869	0.82871	0.828669	0.828627	0.828654	0.828682	0.828635	0.828589	0.828626	0.828664	0.828613	0.828563	0.82861	0.828657	0.828605	0.828553	0.828606	0.828659	0.828608	0.828556	0.828614	0.828671	0.828624	0.828576	0.828636	0.828697	0.828654	0.82861	0.82867	0.82873	0.82869	0.828651	0.828707	0.828763	0.828727	0.82869	0.82874	0.82879	0.828756	0.828722	0.828765	0.828808	0.828776	0.828744	0.82878	0.828815	0.828785	
0.828801	0.828775	0.828799	0.828823	0.828799	0.828775	0.828793	0.828811	0.828787	0.828763	0.828777	0.828791	0.828766	0.828741	0.828754	0.828766	0.828739	0.828711	0.828726	0.828741	0.828708	0.828676	0.828698	0.828719	0.828682	0.828645	0.828676	0.828706	0.828665	0.828624	0.828663	0.828703	0.828658	0.828614	0.828659	0.828705	0.828659	0.828614	0.828664	0.828715	0.828671	0.828628	0.828681	0.828735	0.828694	0.828654	0.828707	0.828761	0.828724	0.828687	0.828737	0.828787	0.828753	0.828719	0.828764	0.828809	0.828777	0.828746	0.828784	0.828822	0.828794	0.828765	0.828796	0.828827	0.828801	
0.828817	0.828796	0.828815	0.828835	0.828816	0.828797	0.828811	0.828824	0.828807	0.82879	0.828799	0.828809	0.828791	0.828774	0.828782	0.82879	0.82877	0.828751	0.828761	0.828771	0.828748	0.828725	0.828741	0.828756	0.828729	0.828701	0.828725	0.828749	0.828716	0.828684	0.828716	0.828749	0.828711	0.828674	0.828713	0.828751	0.828711	0.828671	0.828715	0.828759	0.828719	0.828679	0.828726	0.828773	0.828735	0.828697	0.828745	0.828792	0.828757	0.828722	0.828767	0.828812	0.82878	0.828748	0.828788	0.828827	0.828799	0.82877	0.828803	0.828837	0.828812	0.828787	0.828813	0.828839	0.828817	
0.82883	0.828805	0.828828	0.828851	0.828829	0.828807	0.828825	0.828843	0.828822	0.828802	0.828816	0.82883	0.828809	0.828789	0.828801	0.828814	0.828791	0.828769	0.828783	0.828797	0.828771	0.828746	0.828764	0.828783	0.828752	0.828722	0.828748	0.828774	0.828739	0.828704	0.828738	0.828771	0.828732	0.828693	0.828734	0.828774	0.828732	0.828691	0.828736	0.828782	0.828741	0.828699	0.828748	0.828797	0.828756	0.828716	0.828765	0.828815	0.828776	0.828738	0.828785	0.828832	0.828797	0.828761	0.828803	0.828845	0.828813	0.828781	0.828817	0.828853	0.828825	0.828796	0.828825	0.828855	0.82883	
0.828842	0.828814	0.828841	0.828868	0.828843	0.828817	0.828839	0.828861	0.828838	0.828814	0.828833	0.828851	0.828828	0.828804	0.828821	0.828838	0.828813	0.828788	0.828805	0.828823	0.828795	0.828766	0.828788	0.828809	0.828776	0.828743	0.828771	0.828799	0.828761	0.828724	0.828759	0.828794	0.828753	0.828712	0.828754	0.828796	0.828754	0.828711	0.828758	0.828805	0.828762	0.828719	0.82877	0.82882	0.828778	0.828735	0.828786	0.828837	0.828796	0.828755	0.828803	0.828852	0.828813	0.828775	0.828819	0.828863	0.828827	0.828792	0.828831	0.828869	0.828837	0.828805	0.828838	0.828871	0.828842	
0.828859	0.828835	0.828858	0.82888	0.82886	0.82884	0.828858	0.828876	0.828859	0.828842	0.828856	0.82887	0.828854	0.828839	0.828851	0.828863	0.828847	0.828831	0.828844	0.828857	0.828839	0.828821	0.828838	0.828854	0.828832	0.82881	0.828832	0.828855	0.828827	0.828799	0.828828	0.828857	0.828823	0.82879	0.828824	0.828857	0.828819	0.828781	0.82882	0.828859	0.828819	0.828778	0.828821	0.828864	0.828823	0.828782	0.828826	0.828871	0.828831	0.828792	0.828835	0.828878	0.828841	0.828804	0.828843	0.828883	0.828849	0.828816	0.82885	0.828884	0.828856	0.828827	0.828855	0.828884	0.828859	
0.828876	0.828856	0.828874	0.828893	0.828878	0.828863	0.828877	0.82889	0.828879	0.828869	0.828879	0.828888	0.82888	0.828873	0.828881	0.828888	0.828882	0.828875	0.828883	0.828892	0.828884	0.828876	0.828887	0.828899	0.828888	0.828876	0.828893	0.82891	0.828892	0.828875	0.828897	0.828919	0.828893	0.828867	0.828893	0.828919	0.828885	0.828851	0.828882	0.828913	0.828875	0.828837	0.828872	0.828908	0.828869	0.828829	0.828867	0.828905	0.828867	0.828828	0.828866	0.828904	0.828868	0.828833	0.828867	0.828902	0.828871	0.82884	0.82887	0.8289	0.828874	0.828848	0.828872	0.828896	0.828876	
0.828888	0.828864	0.828886	0.828908	0.82889	0.828872	0.82889	0.828907	0.828893	0.82888	0.828893	0.828907	0.828896	0.828885	0.828897	0.828909	0.828899	0.828889	0.828901	0.828912	0.828901	0.828889	0.828903	0.828918	0.828902	0.828887	0.828905	0.828923	0.828902	0.828881	0.828904	0.828927	0.828899	0.828871	0.8289	0.828928	0.828893	0.828859	0.828893	0.828926	0.828887	0.828848	0.828886	0.828924	0.828883	0.828842	0.828882	0.828922	0.828882	0.828841	0.828881	0.82892	0.828882	0.828844	0.828881	0.828918	0.828883	0.828849	0.828882	0.828914	0.828885	0.828856	0.828884	0.828911	0.828888	
0.828899	0.828872	0.828898	0.828924	0.828903	0.828881	0.828903	0.828924	0.828907	0.828891	0.828908	0.828926	0.828912	0.828898	0.828914	0.828929	0.828916	0.828902	0.828918	0.828933	0.828918	0.828902	0.828919	0.828936	0.828916	0.828897	0.828917	0.828936	0.828912	0.828887	0.828912	0.828936	0.828906	0.828876	0.828907	0.828938	0.828902	0.828866	0.828903	0.82894	0.8289	0.82886	0.8289	0.82894	0.828898	0.828855	0.828897	0.828939	0.828897	0.828854	0.828896	0.828937	0.828896	0.828855	0.828894	0.828933	0.828896	0.828859	0.828894	0.828929	0.828897	0.828865	0.828895	0.828926	0.828899	
0.828914	0.828892	0.828913	0.828935	0.828919	0.828903	0.82892	0.828936	0.828926	0.828916	0.828929	0.828942	0.828937	0.828931	0.828942	0.828953	0.828949	0.828945	0.828956	0.828967	0.828963	0.828958	0.828971	0.828984	0.828976	0.828969	0.828985	0.829	0.828988	0.828975	0.828993	0.829012	0.82899	0.828968	0.828989	0.82901	0.828978	0.828946	0.828972	0.828999	0.82896	0.828921	0.828953	0.828986	0.828943	0.828901	0.828937	0.828973	0.828931	0.828888	0.828925	0.828962	0.828921	0.828881	0.828916	0.828951	0.828916	0.82888	0.828911	0.828943	0.828913	0.828884	0.82891	0.828937	0.828914	
0.82893	0.828911	0.828928	0.828946	0.828935	0.828924	0.828936	0.828949	0.828945	0.828942	0.82895	0.828959	0.828961	0.828964	0.82897	0.828976	0.828982	0.828988	0.828994	0.829001	0.829008	0.829014	0.829023	0.829031	0.829037	0.829042	0.829053	0.829064	0.829064	0.829063	0.829075	0.829087	0.829074	0.82906	0.829071	0.829083	0.829054	0.829025	0.829042	0.829059	0.829021	0.828982	0.829007	0.829031	0.828989	0.828947	0.828977	0.829007	0.828964	0.828922	0.828954	0.828986	0.828947	0.828907	0.828938	0.828969	0.828935	0.828901	0.828929	0.828957	0.82893	0.828903	0.828926	0.828948	0.82893	
0.828938	0.828916	0.828937	0.828959	0.828944	0.82893	0.828947	0.828963	0.828956	0.828949	0.828961	0.828974	0.828972	0.82897	0.82898	0.828991	0.828992	0.828993	0.829002	0.829011	0.829012	0.829013	0.829023	0.829032	0.829031	0.829029	0.829039	0.829049	0.829042	0.829035	0.829047	0.829059	0.829042	0.829026	0.829043	0.82906	0.829031	0.829003	0.829026	0.829049	0.829012	0.828975	0.829004	0.829032	0.82899	0.828949	0.828981	0.829014	0.828971	0.828928	0.828962	0.828996	0.828955	0.828914	0.828947	0.82898	0.828944	0.828908	0.828938	0.828968	0.828938	0.828909	0.828935	0.82896	0.828938	
0.828947	0.828922	0.828947	0.828972	0.828954	0.828936	0.828957	0.828977	0.828966	0.828955	0.828972	0.828989	0.828983	0.828977	0.828991	0.829005	0.829001	0.828997	0.829009	0.829021	0.829017	0.829012	0.829022	0.829032	0.829025	0.829017	0.829026	0.829035	0.829021	0.829008	0.829019	0.829031	0.829011	0.828991	0.829014	0.829036	0.829009	0.828982	0.829011	0.82904	0.829004	0.828968	0.829	0.829033	0.828992	0.828951	0.828986	0.829021	0.828977	0.828934	0.82897	0.829006	0.828963	0.828921	0.828956	0.828992	0.828953	0.828914	0.828947	0.82898	0.828947	0.828914	0.828943	0.828973	0.828947	
0.828959	0.828937	0.828958	0.828979	0.828966	0.828954	0.828969	0.828985	0.828981	0.828977	0.828989	0.829	0.829002	0.829005	0.829014	0.829023	0.829029	0.829034	0.829042	0.82905	0.829057	0.829064	0.829071	0.829078	0.829085	0.829092	0.829097	0.829103	0.829108	0.829114	0.829119	0.829125	0.829117	0.829108	0.829116	0.829123	0.829096	0.82907	0.829086	0.829102	0.829065	0.829028	0.829052	0.829076	0.829034	0.828992	0.829021	0.82905	0.829006	0.828962	0.828994	0.829026	0.828984	0.828942	0.828974	0.829006	0.828968	0.828931	0.82896	0.82899	0.82896	0.828929	0.828955	0.82898	0.828959	
0.82897	0.828953	0.828969	0.828986	0.828978	0.828971	0.828982	0.828993	0.828996	0.828998	0.829005	0.829011	0.829022	0.829032	0.829036	0.82904	0.829056	0.829072	0.829075	0.829079	0.829097	0.829116	0.82912	0.829123	0.829145	0.829166	0.829169	0.829172	0.829196	0.829219	0.82922	0.82922	0.829223	0.829226	0.829218	0.82921	0.829184	0.829157	0.829161	0.829165	0.829127	0.829089	0.829104	0.829118	0.829076	0.829033	0.829056	0.829079	0.829035	0.82899	0.829019	0.829047	0.829004	0.828962	0.828991	0.82902	0.828984	0.828947	0.828974	0.829	0.828972	0.828945	0.828966	0.828988	0.82897	
0.828975	0.828954	0.828975	0.828995	0.828984	0.828973	0.828988	0.829004	0.829001	0.828999	0.829011	0.829022	0.829027	0.829031	0.82904	0.829048	0.829056	0.829064	0.829071	0.829076	0.829086	0.829096	0.829098	0.8291	0.829111	0.829123	0.829118	0.829114	0.829122	0.82913	0.829125	0.82912	0.829118	0.829115	0.829123	0.829132	0.829111	0.829091	0.829108	0.829126	0.829091	0.829057	0.829079	0.829101	0.829061	0.829021	0.829047	0.829074	0.829031	0.828988	0.829018	0.829048	0.829005	0.828963	0.828994	0.829025	0.828987	0.828949	0.828978	0.829007	0.828977	0.828946	0.828971	0.828996	0.828975	
0.82898	0.828956	0.82898	0.829005	0.828989	0.828974	0.828994	0.829014	0.829007	0.829	0.829016	0.829033	0.829031	0.82903	0.829043	0.829055	0.829056	0.829057	0.829066	0.829074	0.829076	0.829077	0.829077	0.829077	0.829078	0.829079	0.829067	0.829055	0.829048	0.829041	0.829031	0.829021	0.829013	0.829004	0.829029	0.829053	0.829039	0.829025	0.829056	0.829087	0.829056	0.829025	0.829054	0.829084	0.829046	0.829008	0.829038	0.829068	0.829027	0.828985	0.829017	0.829049	0.829007	0.828964	0.828997	0.829029	0.82899	0.828951	0.828982	0.829014	0.828981	0.828948	0.828976	0.829005	0.82898	
0.828987	0.828966	0.828986	0.829006	0.828996	0.828986	0.829001	0.829015	0.829015	0.829014	0.829025	0.829036	0.829042	0.829048	0.829056	0.829063	0.829073	0.829082	0.829087	0.829092	0.829102	0.829113	0.829111	0.82911	0.829127	0.829144	0.829128	0.829113	0.829149	0.829184	0.829171	0.829158	0.829174	0.829189	0.829178	0.829167	0.829141	0.829115	0.829131	0.829146	0.829113	0.829079	0.829099	0.829118	0.82908	0.829042	0.829066	0.82909	0.829048	0.829006	0.829034	0.829063	0.82902	0.828978	0.829008	0.829038	0.829	0.828961	0.82899	0.829018	0.828988	0.828957	0.828982	0.829007	0.828987	
0.828993	0.828976	0.828992	0.829007	0.829002	0.828998	0.829007	0.829017	0.829023	0.829029	0.829034	0.829039	0.829053	0.829067	0.829069	0.829071	0.829089	0.829107	0.829108	0.829109	0.829129	0.82915	0.829146	0.829142	0.829175	0.829208	0.82919	0.829171	0.82925	0.829328	0.829312	0.829296	0.829335	0.829374	0.829327	0.82928	0.829243	0.829206	0.829205	0.829205	0.829169	0.829134	0.829143	0.829153	0.829114	0.829075	0.829093	0.829112	0.829069	0.829026	0.829051	0.829076	0.829034	0.828991	0.829019	0.829046	0.829009	0.828971	0.828997	0.829023	0.828995	0.828967	0.828988	0.82901	0.828993	
0.828993	0.828973	0.828993	0.829013	0.829003	0.828994	0.829009	0.829024	0.829024	0.829023	0.829035	0.829046	0.829052	0.829058	0.829066	0.829074	0.829083	0.829091	0.829095	0.829099	0.82911	0.829121	0.829112	0.829103	0.829127	0.829151	0.829111	0.829071	0.829014	0.828958	0.828858	0.828757	0.828788	0.82882	0.828886	0.828952	0.829025	0.829098	0.829128	0.829158	0.829122	0.829085	0.829107	0.829128	0.829091	0.829054	0.829076	0.829097	0.829057	0.829017	0.829043	0.829069	0.829028	0.828987	0.829016	0.829044	0.829007	0.828969	0.828997	0.829025	0.828995	0.828964	0.828989	0.829014	0.828993	
0.828994	0.82897	0.828994	0.829019	0.829004	0.82899	0.82901	0.829031	0.829024	0.829018	0.829035	0.829053	0.829051	0.829049	0.829063	0.829077	0.829076	0.829075	0.829082	0.82909	0.829091	0.829092	0.829078	0.829064	0.829079	0.829093	0.829032	0.82897	0.828779	0.828588	0.828403	0.828218	0.828242	0.828266	0.828444	0.828623	0.828807	0.82899	0.829051	0.829111	0.829074	0.829037	0.82907	0.829103	0.829068	0.829033	0.829058	0.829083	0.829046	0.829009	0.829036	0.829062	0.829023	0.828983	0.829013	0.829043	0.829004	0.828966	0.828996	0.829026	0.828994	0.828961	0.82899	0.829018	0.828994	
0.828994	0.828973	0.828993	0.829013	0.829004	0.828995	0.829009	0.829024	0.829024	0.829024	0.829035	0.829046	0.829051	0.829056	0.829065	0.829074	0.829079	0.829083	0.829089	0.829094	0.829098	0.829103	0.829089	0.829076	0.829099	0.829121	0.828965	0.828808	0.828681	0.828553	0.828251	0.827949	0.828008	0.828067	0.828315	0.828563	0.828727	0.828891	0.829023	0.829155	0.829121	0.829088	0.829108	0.829129	0.829096	0.829063	0.829081	0.829099	0.829061	0.829023	0.829047	0.82907	0.82903	0.828989	0.829017	0.829045	0.829007	0.828969	0.828997	0.829025	0.828995	0.828964	0.828989	0.829014	0.828994	
0.828994	0.828977	0.828992	0.829007	0.829003	0.828999	0.829008	0.829017	0.829023	0.82903	0.829034	0.829039	0.829051	0.829063	0.829067	0.82907	0.829081	0.829092	0.829095	0.829098	0.829105	0.829113	0.829101	0.829088	0.829119	0.829149	0.828898	0.828647	0.828582	0.828517	0.828098	0.827679	0.827773	0.827868	0.828185	0.828503	0.828647	0.828791	0.828995	0.829199	0.829169	0.829139	0.829147	0.829154	0.829123	0.829093	0.829104	0.829114	0.829076	0.829037	0.829058	0.829079	0.829037	0.828995	0.829022	0.829048	0.82901	0.828972	0.828998	0.829024	0.828996	0.828967	0.828989	0.82901	0.828994	
0.82899	0.828969	0.828989	0.82901	0.829	0.82899	0.829006	0.829021	0.82902	0.829019	0.829032	0.829045	0.829048	0.82905	0.829064	0.829077	0.829078	0.829078	0.829089	0.8291	0.829107	0.829114	0.829095	0.829077	0.829149	0.829221	0.828894	0.828567	0.828459	0.828351	0.828221	0.828091	0.828143	0.828195	0.828245	0.828295	0.828503	0.828711	0.828995	0.829278	0.829199	0.829119	0.82914	0.829161	0.829122	0.829082	0.829093	0.829104	0.829067	0.82903	0.829049	0.829068	0.829029	0.828989	0.829015	0.829041	0.829003	0.828966	0.828993	0.829021	0.828991	0.82896	0.828985	0.82901	0.82899	
0.828985	0.828961	0.828987	0.829012	0.828996	0.828981	0.829004	0.829026	0.829017	0.829009	0.82903	0.829052	0.829045	0.829037	0.829061	0.829084	0.829074	0.829065	0.829084	0.829103	0.829108	0.829114	0.82909	0.829066	0.829179	0.829293	0.82889	0.828487	0.828336	0.827944	0.828039	0.828434	0.828821	0.828495	0.82807	0.827782	0.828165	0.828631	0.828994	0.829356	0.829228	0.8291	0.829134	0.829168	0.82912	0.829072	0.829083	0.829094	0.829059	0.829024	0.829041	0.829057	0.82902	0.828983	0.829008	0.829034	0.828997	0.828959	0.828988	0.829018	0.828985	0.828953	0.828981	0.82901	0.828985	
0.828979	0.828959	0.828979	0.828999	0.828989	0.828979	0.828995	0.829011	0.829009	0.829007	0.829022	0.829037	0.829037	0.829038	0.829056	0.829075	0.829073	0.82907	0.829092	0.829113	0.829123	0.829134	0.829129	0.829124	0.829238	0.829351	0.828993	0.828634	0.828686	0.828567	0.828965	0.829769	0.830334	0.8297	0.828816	0.828249	0.828441	0.828839	0.829128	0.829416	0.829315	0.829214	0.829218	0.829221	0.829172	0.829124	0.829123	0.829123	0.829082	0.829041	0.829054	0.829068	0.829026	0.828985	0.829009	0.829033	0.828995	0.828957	0.828984	0.829011	0.828981	0.82895	0.828975	0.829	0.828979	
0.828973	0.828956	0.828971	0.828987	0.828982	0.828977	0.828987	0.828996	0.829001	0.829006	0.829014	0.829022	0.82903	0.829038	0.829052	0.829066	0.829071	0.829076	0.8291	0.829124	0.829138	0.829153	0.829168	0.829182	0.829296	0.829409	0.829095	0.828781	0.829036	0.829112	0.829342	0.829686	0.829921	0.829594	0.829132	0.828666	0.828803	0.829048	0.829262	0.829476	0.829403	0.829329	0.829301	0.829274	0.829224	0.829175	0.829163	0.829151	0.829105	0.829059	0.829068	0.829078	0.829033	0.828988	0.82901	0.829033	0.828994	0.828954	0.82898	0.829005	0.828976	0.828946	0.828968	0.82899	0.828973	
0.828965	0.828944	0.828965	0.828986	0.828975	0.828964	0.828982	0.829	0.828996	0.828993	0.829012	0.829032	0.82903	0.829028	0.829058	0.829087	0.829084	0.82908	0.829124	0.829167	0.829187	0.829207	0.829244	0.829281	0.829457	0.829632	0.829504	0.829377	0.829597	0.829757	0.829718	0.829657	0.829673	0.829647	0.829604	0.829323	0.829341	0.829528	0.829585	0.829642	0.829523	0.829403	0.829366	0.829328	0.829264	0.8292	0.82918	0.829159	0.829112	0.829064	0.829067	0.829071	0.829027	0.828983	0.829004	0.829024	0.828985	0.828946	0.828972	0.828998	0.828967	0.828936	0.828961	0.828986	0.828965	
0.828957	0.828932	0.828959	0.828985	0.828968	0.828951	0.828977	0.829003	0.828991	0.82898	0.82901	0.829041	0.82903	0.829019	0.829063	0.829108	0.829096	0.829085	0.829148	0.829211	0.829235	0.82926	0.82932	0.829381	0.829618	0.829855	0.829914	0.829973	0.830157	0.830191	0.829996	0.829844	0.829873	0.829964	0.830029	0.829833	0.829854	0.830008	0.829908	0.829808	0.829643	0.829477	0.82943	0.829382	0.829304	0.829226	0.829197	0.829167	0.829118	0.829069	0.829066	0.829063	0.829021	0.828979	0.828997	0.829014	0.828975	0.828937	0.828964	0.828991	0.828958	0.828925	0.828954	0.828982	0.828957	
0.828946	0.828924	0.828946	0.828967	0.828955	0.828944	0.828963	0.828982	0.828978	0.828974	0.828998	0.829022	0.829022	0.829022	0.829063	0.829104	0.829108	0.829113	0.829183	0.829253	0.829301	0.829348	0.829447	0.829545	0.829792	0.83004	0.830262	0.830485	0.830751	0.830775	0.830704	0.830593	0.830548	0.830586	0.830692	0.830647	0.830506	0.830375	0.83016	0.829945	0.829801	0.829656	0.829586	0.829516	0.829415	0.829315	0.829274	0.829234	0.829166	0.829099	0.829092	0.829086	0.829034	0.828982	0.828998	0.829015	0.828972	0.82893	0.828956	0.828982	0.828949	0.828917	0.828942	0.828968	0.828946	
0.828935	0.828916	0.828933	0.828949	0.828943	0.828936	0.828949	0.828961	0.828965	0.828969	0.828986	0.829003	0.829014	0.829025	0.829062	0.829099	0.82912	0.829141	0.829218	0.829296	0.829366	0.829437	0.829573	0.829709	0.829967	0.830225	0.830611	0.830997	0.831345	0.831694	0.831843	0.831993	0.831576	0.831159	0.831532	0.831906	0.831323	0.830741	0.830411	0.830082	0.829958	0.829835	0.829742	0.829649	0.829526	0.829403	0.829352	0.829301	0.829215	0.829129	0.829118	0.829108	0.829046	0.828984	0.829	0.829015	0.828969	0.828924	0.828948	0.828973	0.828941	0.828909	0.828931	0.828954	0.828935	
0.828924	0.828901	0.828923	0.828946	0.828933	0.828921	0.828942	0.828964	0.82896	0.828956	0.828986	0.829015	0.829019	0.829023	0.829078	0.829134	0.829152	0.82917	0.82927	0.829371	0.829444	0.829517	0.829669	0.829821	0.830064	0.830308	0.830615	0.830922	0.831028	0.831134	0.830815	0.830496	0.830832	0.831167	0.831699	0.832231	0.831401	0.83057	0.830331	0.830092	0.829984	0.829876	0.829796	0.829717	0.829581	0.829446	0.829387	0.829328	0.829235	0.829142	0.829124	0.829107	0.829044	0.828981	0.828993	0.829005	0.828959	0.828913	0.828938	0.828963	0.828929	0.828895	0.828921	0.828947	0.828924	
0.828913	0.828885	0.828914	0.828943	0.828924	0.828905	0.828935	0.828966	0.828954	0.828943	0.828985	0.829028	0.829024	0.829021	0.829094	0.829168	0.829183	0.829198	0.829322	0.829445	0.829522	0.829598	0.829765	0.829933	0.830162	0.83039	0.830619	0.830847	0.830711	0.830575	0.829787	0.828999	0.830087	0.831175	0.831866	0.832557	0.831478	0.8304	0.830251	0.830102	0.830009	0.829917	0.829851	0.829785	0.829637	0.829489	0.829422	0.829355	0.829255	0.829156	0.829131	0.829106	0.829041	0.828977	0.828986	0.828995	0.828949	0.828902	0.828928	0.828953	0.828917	0.828881	0.82891	0.82894	0.828913	
0.828898	0.828874	0.828898	0.828921	0.828908	0.828894	0.828918	0.828941	0.828938	0.828936	0.828971	0.829007	0.829018	0.829028	0.8291	0.829172	0.829209	0.829246	0.829385	0.829524	0.829625	0.829726	0.829943	0.830159	0.830375	0.83059	0.830926	0.831262	0.83071	0.830157	0.828722	0.827286	0.828143	0.829	0.830115	0.83123	0.830782	0.830333	0.830241	0.83015	0.830097	0.830044	0.829984	0.829923	0.829759	0.829595	0.829515	0.829435	0.829314	0.829193	0.829163	0.829133	0.829056	0.828979	0.828987	0.828995	0.828944	0.828893	0.828917	0.828941	0.828905	0.828869	0.828896	0.828922	0.828898	
0.828884	0.828863	0.828881	0.828899	0.828892	0.828884	0.8289	0.828917	0.828923	0.828929	0.828958	0.828987	0.829011	0.829035	0.829106	0.829177	0.829235	0.829294	0.829448	0.829603	0.829729	0.829855	0.83012	0.830386	0.830587	0.830789	0.831234	0.831678	0.830709	0.82974	0.827656	0.825573	0.826198	0.826824	0.828364	0.829903	0.830085	0.830266	0.830232	0.830198	0.830185	0.830171	0.830117	0.830062	0.829882	0.829701	0.829608	0.829516	0.829373	0.82923	0.829195	0.82916	0.82907	0.82898	0.828988	0.828995	0.828939	0.828883	0.828906	0.828929	0.828894	0.828858	0.828881	0.828905	0.828884	
0.82887	0.828845	0.82887	0.828894	0.82888	0.828865	0.828891	0.828916	0.828914	0.828912	0.828953	0.828994	0.829013	0.829031	0.829117	0.829204	0.829265	0.829326	0.829495	0.829665	0.8298	0.829936	0.830171	0.830407	0.830535	0.830662	0.83087	0.831079	0.83029	0.829502	0.828287	0.827071	0.826743	0.826414	0.82744	0.828466	0.829341	0.830217	0.830289	0.83036	0.830295	0.83023	0.830196	0.830162	0.829947	0.829732	0.829638	0.829544	0.829389	0.829233	0.829194	0.829154	0.829063	0.828971	0.828976	0.828981	0.828925	0.828868	0.828893	0.828917	0.828879	0.828841	0.828869	0.828896	0.82887	
0.828857	0.828827	0.828858	0.828889	0.828868	0.828847	0.828881	0.828915	0.828905	0.828896	0.828949	0.829002	0.829014	0.829027	0.829129	0.829231	0.829294	0.829357	0.829542	0.829726	0.829871	0.830016	0.830223	0.830429	0.830482	0.830535	0.830507	0.830479	0.829872	0.829264	0.828917	0.82857	0.827287	0.826005	0.826516	0.827028	0.828598	0.830167	0.830345	0.830523	0.830406	0.830289	0.830275	0.830261	0.830012	0.829763	0.829668	0.829573	0.829405	0.829236	0.829193	0.829149	0.829055	0.828961	0.828965	0.828968	0.828911	0.828854	0.828879	0.828904	0.828865	0.828825	0.828856	0.828887	0.828857	
0.828841	0.828815	0.82884	0.828865	0.82885	0.828835	0.828861	0.828888	0.828887	0.828886	0.828932	0.828977	0.829004	0.829031	0.829129	0.829228	0.829317	0.829406	0.829602	0.829798	0.829985	0.830173	0.830408	0.830643	0.830714	0.830785	0.830625	0.830464	0.829631	0.828798	0.828311	0.827824	0.826791	0.825758	0.826297	0.826837	0.828346	0.829856	0.830235	0.830614	0.830555	0.830496	0.830454	0.830412	0.830141	0.82987	0.829753	0.829636	0.829448	0.82926	0.829212	0.829164	0.829059	0.828954	0.828958	0.828961	0.828901	0.82884	0.828865	0.82889	0.828851	0.828812	0.828839	0.828867	0.828841	
0.828825	0.828802	0.828822	0.828842	0.828832	0.828823	0.828842	0.828861	0.828869	0.828877	0.828914	0.828952	0.828993	0.829035	0.82913	0.829225	0.82934	0.829455	0.829662	0.82987	0.830099	0.830329	0.830593	0.830856	0.830946	0.831036	0.830742	0.830448	0.82939	0.828331	0.827705	0.827079	0.826295	0.825512	0.826079	0.826645	0.828095	0.829544	0.830124	0.830704	0.830703	0.830703	0.830633	0.830563	0.83027	0.829976	0.829837	0.829699	0.829491	0.829283	0.829231	0.829178	0.829063	0.828947	0.828951	0.828955	0.828891	0.828827	0.828851	0.828875	0.828837	0.828798	0.828823	0.828848	0.828825	
0.828811	0.828784	0.828809	0.828835	0.828818	0.828801	0.828829	0.828856	0.828854	0.828852	0.828899	0.828946	0.828977	0.829007	0.829114	0.82922	0.829328	0.829435	0.829662	0.829889	0.830131	0.830373	0.8307	0.831027	0.831209	0.831392	0.831196	0.831	0.830076	0.829152	0.828239	0.827327	0.826868	0.826409	0.827054	0.827699	0.828894	0.830088	0.830599	0.831109	0.831005	0.830902	0.830774	0.830646	0.830317	0.829987	0.829837	0.829687	0.829475	0.829262	0.829207	0.829152	0.829039	0.828926	0.82893	0.828934	0.828871	0.828808	0.828834	0.82886	0.82882	0.82878	0.828809	0.828838	0.828811	
0.828796	0.828765	0.828797	0.828828	0.828804	0.82878	0.828815	0.82885	0.828839	0.828827	0.828884	0.82894	0.82896	0.82898	0.829098	0.829216	0.829315	0.829415	0.829662	0.829909	0.830163	0.830417	0.830807	0.831198	0.831473	0.831748	0.83165	0.831551	0.830762	0.829972	0.828774	0.827576	0.827441	0.827307	0.828029	0.828752	0.829692	0.830633	0.831073	0.831513	0.831307	0.831101	0.830915	0.830729	0.830364	0.829998	0.829837	0.829675	0.829458	0.829242	0.829184	0.829127	0.829016	0.828905	0.828909	0.828912	0.828851	0.828789	0.828817	0.828845	0.828803	0.828762	0.828795	0.828828	0.828796	
0.828781	0.828753	0.82878	0.828806	0.828787	0.828768	0.828795	0.828823	0.828818	0.828813	0.82886	0.828906	0.828935	0.828964	0.829071	0.829178	0.829289	0.829399	0.829638	0.829876	0.830146	0.830415	0.83082	0.831225	0.831561	0.831897	0.831958	0.832019	0.831443	0.830867	0.829934	0.829001	0.82875	0.8285	0.829146	0.829792	0.8305	0.831209	0.831512	0.831815	0.83152	0.831225	0.83099	0.830756	0.830372	0.829987	0.829824	0.82966	0.829437	0.829213	0.829162	0.82911	0.828996	0.828881	0.828889	0.828897	0.828834	0.828772	0.8288	0.828828	0.828789	0.828749	0.828779	0.82881	0.828781	
0.828766	0.828742	0.828763	0.828784	0.82877	0.828756	0.828776	0.828795	0.828797	0.828799	0.828836	0.828872	0.82891	0.828948	0.829044	0.82914	0.829262	0.829384	0.829614	0.829844	0.830128	0.830413	0.830833	0.831252	0.83165	0.832047	0.832267	0.832487	0.832125	0.831762	0.831094	0.830426	0.830059	0.829692	0.830262	0.830831	0.831308	0.831784	0.831951	0.832117	0.831733	0.831349	0.831066	0.830783	0.830379	0.829976	0.829811	0.829646	0.829416	0.829185	0.829139	0.829094	0.828976	0.828857	0.828869	0.828881	0.828818	0.828754	0.828783	0.828812	0.828774	0.828736	0.828764	0.828791	0.828766	
0.828753	0.828725	0.828751	0.828778	0.828756	0.828735	0.828761	0.828787	0.828778	0.828769	0.828812	0.828854	0.828876	0.828898	0.828997	0.829095	0.829194	0.829293	0.829519	0.829746	0.830002	0.830259	0.830683	0.831108	0.83152	0.831932	0.832283	0.832634	0.832511	0.832389	0.831919	0.831449	0.831143	0.830838	0.831308	0.831778	0.831998	0.832218	0.832198	0.832178	0.831718	0.831257	0.830957	0.830656	0.830264	0.829872	0.829713	0.829554	0.82934	0.829125	0.829084	0.829042	0.828933	0.828824	0.828839	0.828853	0.828793	0.828733	0.828765	0.828797	0.828758	0.828719	0.828751	0.828782	0.828753	
0.82874	0.828707	0.828739	0.828772	0.828743	0.828714	0.828747	0.828779	0.828759	0.828739	0.828788	0.828837	0.828842	0.828848	0.828949	0.82905	0.829126	0.829201	0.829425	0.829648	0.829876	0.830104	0.830534	0.830963	0.831391	0.831818	0.832299	0.832781	0.832898	0.833015	0.832744	0.832472	0.832228	0.831984	0.832354	0.832724	0.832688	0.832651	0.832445	0.832239	0.831702	0.831165	0.830847	0.830529	0.830148	0.829768	0.829615	0.829463	0.829264	0.829064	0.829028	0.828991	0.828891	0.828791	0.828808	0.828826	0.828769	0.828712	0.828747	0.828782	0.828742	0.828702	0.828738	0.828774	0.82874	
0.828729	0.8287	0.828727	0.828753	0.82873	0.828706	0.82873	0.828755	0.82874	0.828726	0.828763	0.828801	0.828811	0.828821	0.828906	0.828991	0.829065	0.829138	0.829336	0.829534	0.829745	0.829955	0.830349	0.830743	0.831142	0.831541	0.832045	0.832548	0.832784	0.83302	0.832961	0.832903	0.832746	0.83259	0.832803	0.833016	0.832807	0.832599	0.832312	0.832025	0.831489	0.830953	0.83066	0.830367	0.830004	0.829641	0.829513	0.829385	0.829193	0.829002	0.828979	0.828956	0.828858	0.828761	0.828784	0.828806	0.828752	0.828697	0.828732	0.828767	0.82873	0.828693	0.828726	0.828759	0.828729	
0.828718	0.828693	0.828714	0.828735	0.828716	0.828697	0.828714	0.828731	0.828721	0.828712	0.828739	0.828766	0.82878	0.828793	0.828863	0.828932	0.829003	0.829075	0.829248	0.829421	0.829613	0.829806	0.830164	0.830523	0.830894	0.831265	0.83179	0.832315	0.83267	0.833025	0.833179	0.833333	0.833264	0.833195	0.833252	0.833308	0.832927	0.832547	0.832178	0.83181	0.831275	0.83074	0.830472	0.830204	0.829859	0.829514	0.82941	0.829307	0.829123	0.828939	0.82893	0.82892	0.828825	0.828731	0.828759	0.828787	0.828734	0.828682	0.828717	0.828752	0.828718	0.828684	0.828714	0.828744	0.828718	
0.828709	0.82868	0.828706	0.828733	0.828707	0.828681	0.828704	0.828726	0.828706	0.828686	0.828718	0.828749	0.828747	0.828744	0.828813	0.828881	0.828926	0.82897	0.829129	0.829288	0.829435	0.829583	0.829903	0.830223	0.830528	0.830833	0.831309	0.831785	0.832119	0.832452	0.832676	0.832899	0.832895	0.83289	0.832844	0.832798	0.832411	0.832025	0.831684	0.831343	0.830875	0.830406	0.830178	0.829949	0.829651	0.829354	0.82927	0.829186	0.829027	0.828868	0.828867	0.828866	0.828782	0.828698	0.828731	0.828763	0.828713	0.828663	0.828703	0.828742	0.828706	0.828671	0.828705	0.828739	0.828709	
0.828701	0.828667	0.828699	0.828731	0.828698	0.828664	0.828693	0.828722	0.828691	0.828661	0.828697	0.828733	0.828714	0.828695	0.828763	0.828831	0.828848	0.828866	0.82901	0.829155	0.829257	0.829359	0.829642	0.829924	0.830163	0.830402	0.830828	0.831255	0.831567	0.83188	0.832172	0.832465	0.832525	0.832585	0.832437	0.832289	0.831895	0.831502	0.831189	0.830876	0.830474	0.830073	0.829883	0.829693	0.829443	0.829193	0.82913	0.829066	0.828931	0.828797	0.828804	0.828812	0.828739	0.828665	0.828702	0.828739	0.828692	0.828645	0.828688	0.828731	0.828694	0.828657	0.828696	0.828735	0.828701	
0.828696	0.828666	0.828693	0.828719	0.828691	0.828663	0.828684	0.828706	0.82868	0.828655	0.828681	0.828707	0.828692	0.828677	0.82873	0.828782	0.828797	0.828812	0.828932	0.829051	0.829135	0.829218	0.829457	0.829696	0.829888	0.830081	0.830447	0.830813	0.831064	0.831316	0.831586	0.831857	0.831908	0.83196	0.831825	0.83169	0.831348	0.831006	0.830756	0.830506	0.830156	0.829806	0.829662	0.829519	0.829295	0.829071	0.829032	0.828993	0.82887	0.828746	0.828765	0.828783	0.828715	0.828646	0.828686	0.828726	0.828682	0.828639	0.828681	0.828722	0.828689	0.828656	0.828691	0.828726	0.828696	
0.828691	0.828666	0.828687	0.828708	0.828685	0.828661	0.828676	0.82869	0.828669	0.828649	0.828665	0.828682	0.82867	0.828658	0.828696	0.828734	0.828746	0.828758	0.828853	0.828948	0.829012	0.829077	0.829273	0.829469	0.829614	0.829759	0.830065	0.830371	0.830561	0.830752	0.831	0.831248	0.831291	0.831334	0.831213	0.831092	0.830801	0.83051	0.830324	0.830137	0.829838	0.829539	0.829442	0.829345	0.829147	0.828949	0.828935	0.82892	0.828808	0.828695	0.828725	0.828754	0.82869	0.828627	0.82867	0.828713	0.828673	0.828633	0.828673	0.828714	0.828684	0.828654	0.828685	0.828717	0.828691	
0.828689	0.828659	0.828685	0.828712	0.828682	0.828653	0.828673	0.828692	0.828663	0.828634	0.828655	0.828677	0.828652	0.828628	0.828667	0.828706	0.828699	0.828691	0.828777	0.828863	0.828896	0.828928	0.829098	0.829267	0.829363	0.829459	0.829717	0.829975	0.830108	0.830241	0.830454	0.830667	0.830687	0.830707	0.830623	0.830539	0.830299	0.830059	0.829922	0.829785	0.829541	0.829296	0.82923	0.829165	0.829001	0.828837	0.828838	0.828839	0.828744	0.828648	0.828685	0.828721	0.828664	0.828607	0.828654	0.828701	0.828662	0.828622	0.828667	0.828711	0.828679	0.828647	0.828683	0.828718	0.828689	
0.828686	0.828652	0.828684	0.828715	0.82868	0.828644	0.828669	0.828695	0.828657	0.82862	0.828646	0.828672	0.828635	0.828598	0.828638	0.828678	0.828651	0.828625	0.828702	0.828778	0.828779	0.82878	0.828923	0.829065	0.829112	0.829159	0.829369	0.829578	0.829654	0.829731	0.829909	0.830087	0.830084	0.830081	0.830033	0.829986	0.829796	0.829607	0.82952	0.829434	0.829244	0.829053	0.829019	0.828985	0.828855	0.828726	0.828742	0.828758	0.82868	0.828601	0.828644	0.828688	0.828637	0.828586	0.828638	0.828689	0.828651	0.828612	0.82866	0.828708	0.828674	0.82864	0.82868	0.82872	0.828686	
0.828689	0.828659	0.828685	0.828712	0.828681	0.828651	0.82867	0.828689	0.828657	0.828625	0.828643	0.828661	0.82863	0.828598	0.828627	0.828656	0.828631	0.828607	0.828667	0.828727	0.828722	0.828717	0.828833	0.828948	0.828976	0.829004	0.829177	0.82935	0.829396	0.829442	0.829594	0.829747	0.829728	0.82971	0.82969	0.829669	0.829508	0.829346	0.829296	0.829246	0.829082	0.828918	0.828908	0.828898	0.828784	0.828669	0.828698	0.828726	0.828655	0.828583	0.828631	0.828678	0.828632	0.828585	0.828636	0.828687	0.828652	0.828617	0.828662	0.828707	0.828677	0.828647	0.828682	0.828718	0.828689	
0.828691	0.828666	0.828687	0.828708	0.828683	0.828658	0.828671	0.828683	0.828657	0.828631	0.828641	0.828651	0.828624	0.828598	0.828616	0.828634	0.828611	0.828588	0.828632	0.828675	0.828665	0.828654	0.828743	0.828831	0.82884	0.828849	0.828986	0.829123	0.829138	0.829153	0.82928	0.829407	0.829373	0.82934	0.829346	0.829353	0.829219	0.829086	0.829072	0.829058	0.828921	0.828784	0.828797	0.828811	0.828712	0.828613	0.828653	0.828693	0.82863	0.828566	0.828617	0.828669	0.828627	0.828584	0.828635	0.828685	0.828653	0.828622	0.828664	0.828706	0.82868	0.828653	0.828685	0.828716	0.828691	
0.828695	0.828666	0.828692	0.828718	0.828687	0.828657	0.828675	0.828693	0.828661	0.828628	0.828644	0.828659	0.828624	0.828589	0.828611	0.828632	0.828598	0.828564	0.828606	0.828648	0.828622	0.828595	0.828674	0.828752	0.828739	0.828726	0.828843	0.828961	0.828952	0.828944	0.829056	0.829167	0.829123	0.82908	0.829103	0.829125	0.829011	0.828897	0.828904	0.82891	0.828796	0.828681	0.828709	0.828737	0.828652	0.828568	0.828616	0.828663	0.828606	0.828549	0.828605	0.828661	0.82862	0.828579	0.828633	0.828686	0.828654	0.828621	0.828667	0.828712	0.828682	0.828653	0.828689	0.828724	0.828695	
0.828699	0.828665	0.828696	0.828727	0.828691	0.828656	0.82868	0.828703	0.828664	0.828626	0.828646	0.828667	0.828624	0.828581	0.828606	0.828631	0.828586	0.82854	0.828581	0.828622	0.828578	0.828535	0.828604	0.828673	0.828638	0.828602	0.828701	0.828799	0.828767	0.828735	0.828831	0.828927	0.828874	0.82882	0.828859	0.828898	0.828803	0.828708	0.828735	0.828763	0.828671	0.828578	0.82862	0.828662	0.828592	0.828523	0.828578	0.828633	0.828583	0.828533	0.828593	0.828653	0.828614	0.828574	0.828631	0.828688	0.828654	0.82862	0.828669	0.828718	0.828685	0.828653	0.828692	0.828732	0.828699	
0.828708	0.828679	0.828705	0.82873	0.8287	0.82867	0.828689	0.828707	0.828674	0.828641	0.828656	0.82867	0.828634	0.828597	0.828615	0.828632	0.828593	0.828553	0.828584	0.828614	0.828575	0.828536	0.82859	0.828645	0.828609	0.828573	0.828654	0.828735	0.828699	0.828664	0.828747	0.82883	0.828777	0.828723	0.828767	0.828811	0.828727	0.828642	0.828679	0.828716	0.828634	0.828553	0.8286	0.828648	0.828585	0.828523	0.828579	0.828636	0.82859	0.828544	0.828602	0.828661	0.828625	0.828589	0.828643	0.828696	0.828665	0.828634	0.828679	0.828724	0.828695	0.828666	0.828701	0.828736	0.828708	
