x=95	y=200	z=200	n=65	len=1
b
0	0	0	0	0	0	0	0	0	0	0	0	0	0	0	0	0	0	0	0	0	0	0	0	0	0	0	0	0	0	0	0	0	0	0	0	0	0	0	0	0	0	0	0	0	0	0	0	0	0	0	0	0	0	0	0	0	0	0	0	0	0	0	0	0	
0.0459415	0.0459386	0.045942	0.0459454	0.0459457	0.0459459	0.0459498	0.0459537	0.0459566	0.0459595	0.0459637	0.0459679	0.0459716	0.0459753	0.0459789	0.0459826	0.045984	0.0459854	0.0459876	0.0459898	0.0459874	0.045985	0.0459869	0.0459889	0.0459854	0.045982	0.0459862	0.0459903	0.0459884	0.0459864	0.0459891	0.0459918	0.0459904	0.0459889	0.0459889	0.0459889	0.0459884	0.0459879	0.0459861	0.0459842	0.0459863	0.0459885	0.0459882	0.045988	0.0459889	0.0459898	0.0459901	0.0459904	0.0459855	0.0459805	0.0459808	0.0459811	0.0459721	0.045963	0.045964	0.0459649	0.045956	0.0459472	0.0459492	0.0459512	0.045945	0.0459387	0.0459416	0.0459445	0.0459415	
0.0918874	0.0918812	0.0918884	0.0918956	0.0918952	0.0918948	0.0919029	0.0919109	0.0919156	0.0919203	0.091929	0.0919377	0.0919441	0.0919506	0.0919585	0.0919663	0.0919685	0.0919706	0.0919757	0.0919807	0.0919751	0.0919695	0.0919738	0.0919781	0.09197	0.091962	0.0919709	0.0919798	0.0919749	0.09197	0.0919764	0.0919828	0.0919795	0.0919761	0.091976	0.0919758	0.0919749	0.091974	0.0919704	0.0919668	0.0919715	0.0919763	0.0919762	0.0919761	0.0919777	0.0919793	0.0919802	0.0919812	0.0919709	0.0919605	0.0919616	0.0919626	0.0919446	0.0919265	0.091929	0.0919315	0.0919141	0.0918967	0.0919013	0.0919059	0.0918936	0.0918812	0.0918875	0.0918937	0.0918874	
0.137833	0.137824	0.137835	0.137846	0.137845	0.137844	0.137856	0.137868	0.137875	0.137881	0.137894	0.137908	0.137917	0.137926	0.137938	0.13795	0.137953	0.137956	0.137964	0.137972	0.137963	0.137954	0.137961	0.137967	0.137955	0.137942	0.137956	0.137969	0.137961	0.137954	0.137964	0.137974	0.137969	0.137963	0.137963	0.137963	0.137961	0.13796	0.137955	0.137949	0.137957	0.137964	0.137964	0.137964	0.137967	0.137969	0.13797	0.137972	0.137956	0.137941	0.137942	0.137944	0.137917	0.13789	0.137894	0.137898	0.137872	0.137846	0.137853	0.137861	0.137842	0.137824	0.137833	0.137843	0.137833	
0.18379	0.183778	0.183792	0.183806	0.183804	0.183801	0.183816	0.183832	0.183839	0.183846	0.183862	0.183879	0.18389	0.183902	0.183917	0.183932	0.183937	0.183942	0.183952	0.183962	0.183951	0.183941	0.183948	0.183954	0.183938	0.183921	0.183937	0.183954	0.183944	0.183934	0.183948	0.183963	0.183956	0.183949	0.183948	0.183946	0.183945	0.183943	0.183937	0.183931	0.183941	0.183952	0.183953	0.183954	0.183956	0.183958	0.18396	0.183963	0.183941	0.183919	0.183922	0.183924	0.18389	0.183855	0.183861	0.183867	0.183834	0.183802	0.183812	0.183822	0.1838	0.183777	0.18379	0.183802	0.18379	
0.229747	0.229732	0.229749	0.229766	0.229762	0.229759	0.229777	0.229795	0.229803	0.229811	0.22983	0.22985	0.229864	0.229878	0.229896	0.229915	0.229922	0.229928	0.22994	0.229951	0.229939	0.229928	0.229934	0.229941	0.229921	0.2299	0.229919	0.229938	0.229926	0.229914	0.229933	0.229952	0.229944	0.229936	0.229932	0.229929	0.229928	0.229927	0.229919	0.229912	0.229925	0.229939	0.229942	0.229945	0.229946	0.229947	0.22995	0.229954	0.229926	0.229897	0.229901	0.229905	0.229862	0.22982	0.229827	0.229835	0.229797	0.229758	0.229771	0.229784	0.229757	0.22973	0.229746	0.229762	0.229747	
0.275725	0.275707	0.275727	0.275747	0.27574	0.275733	0.275753	0.275774	0.275779	0.275784	0.275806	0.275828	0.275842	0.275856	0.275877	0.275899	0.275907	0.275916	0.27593	0.275944	0.275931	0.275917	0.275924	0.275931	0.275904	0.275878	0.275898	0.275919	0.275903	0.275887	0.275915	0.275942	0.275931	0.275921	0.275914	0.275907	0.275906	0.275906	0.275899	0.275893	0.27591	0.275927	0.275933	0.275939	0.275937	0.275935	0.275941	0.275946	0.27591	0.275875	0.27588	0.275886	0.275838	0.275789	0.2758	0.275811	0.27577	0.275728	0.275745	0.275762	0.275733	0.275704	0.275723	0.275743	0.275725	
0.321703	0.321682	0.321705	0.321728	0.321718	0.321707	0.32173	0.321752	0.321755	0.321757	0.321782	0.321806	0.32182	0.321834	0.321858	0.321883	0.321893	0.321903	0.32192	0.321936	0.321922	0.321907	0.321914	0.32192	0.321888	0.321855	0.321878	0.3219	0.32188	0.32186	0.321896	0.321932	0.321919	0.321906	0.321895	0.321885	0.321885	0.321885	0.321879	0.321874	0.321895	0.321916	0.321925	0.321934	0.321929	0.321924	0.321931	0.321939	0.321895	0.321852	0.32186	0.321867	0.321813	0.321759	0.321773	0.321787	0.321743	0.321698	0.321719	0.32174	0.321708	0.321677	0.3217	0.321724	0.321703	
0.36771	0.367687	0.367711	0.367736	0.367721	0.367706	0.367728	0.367751	0.367748	0.367746	0.36777	0.367794	0.367805	0.367816	0.367842	0.367868	0.36788	0.367892	0.367911	0.36793	0.367918	0.367906	0.367909	0.367913	0.367876	0.36784	0.367858	0.367876	0.367853	0.36783	0.367877	0.367923	0.367909	0.367894	0.367876	0.367858	0.36786	0.367863	0.367862	0.367861	0.367885	0.367908	0.367923	0.367937	0.367924	0.367912	0.367921	0.367931	0.36788	0.367828	0.367839	0.36785	0.367794	0.367738	0.367756	0.367775	0.367732	0.367689	0.367715	0.36774	0.367709	0.367679	0.367706	0.367732	0.36771	
0.413716	0.413692	0.413718	0.413744	0.413724	0.413704	0.413727	0.41375	0.413742	0.413734	0.413758	0.413782	0.41379	0.413799	0.413826	0.413853	0.413867	0.413882	0.413902	0.413923	0.413913	0.413904	0.413905	0.413905	0.413865	0.413825	0.413838	0.413851	0.413826	0.4138	0.413858	0.413915	0.413899	0.413882	0.413857	0.413832	0.413836	0.41384	0.413844	0.413848	0.413875	0.413901	0.413921	0.41394	0.41392	0.4139	0.413911	0.413923	0.413864	0.413805	0.413819	0.413832	0.413775	0.413717	0.41374	0.413763	0.413722	0.413681	0.41371	0.41374	0.413711	0.413681	0.413711	0.413741	0.413716	
0.459761	0.459734	0.459761	0.459788	0.459762	0.459736	0.459758	0.459779	0.459763	0.459746	0.459768	0.459789	0.45979	0.459792	0.459818	0.459845	0.459859	0.459874	0.459897	0.459921	0.459916	0.459912	0.459912	0.459912	0.459868	0.459823	0.459827	0.459831	0.4598	0.459769	0.459841	0.459913	0.459894	0.459876	0.459841	0.459805	0.459813	0.459821	0.459836	0.459851	0.459877	0.459903	0.459929	0.459954	0.459921	0.459887	0.459902	0.459916	0.459852	0.459787	0.459805	0.459824	0.45977	0.459716	0.459746	0.459775	0.459739	0.459704	0.459739	0.459775	0.459747	0.45972	0.459754	0.459788	0.459761	
0.505805	0.505776	0.505804	0.505833	0.505801	0.505768	0.505789	0.505809	0.505784	0.505759	0.505777	0.505796	0.505791	0.505785	0.505811	0.505837	0.505851	0.505865	0.505892	0.505918	0.505919	0.505919	0.505919	0.505919	0.505871	0.505822	0.505816	0.505811	0.505774	0.505737	0.505824	0.50591	0.50589	0.505869	0.505824	0.505779	0.50579	0.505801	0.505827	0.505854	0.505879	0.505905	0.505936	0.505968	0.505921	0.505875	0.505892	0.50591	0.505839	0.505768	0.505792	0.505815	0.505765	0.505715	0.505751	0.505787	0.505757	0.505727	0.505768	0.505809	0.505784	0.505759	0.505797	0.505834	0.505805	
0.551887	0.551856	0.551885	0.551913	0.551876	0.551839	0.551856	0.551872	0.551839	0.551805	0.551818	0.55183	0.551815	0.5518	0.55182	0.55184	0.551852	0.551864	0.551891	0.551918	0.551929	0.55194	0.55194	0.551941	0.551897	0.551853	0.551826	0.551799	0.551757	0.551715	0.551808	0.551901	0.551882	0.551862	0.55181	0.551758	0.551775	0.551793	0.55184	0.551887	0.551903	0.551919	0.551955	0.551991	0.551928	0.551864	0.551884	0.551903	0.551834	0.551765	0.551795	0.551825	0.551786	0.551747	0.551789	0.551832	0.551811	0.55179	0.551835	0.551881	0.55186	0.551838	0.551878	0.551917	0.551887	
0.597969	0.597937	0.597965	0.597993	0.597951	0.597909	0.597922	0.597936	0.597894	0.597851	0.597858	0.597865	0.59784	0.597815	0.59783	0.597844	0.597853	0.597862	0.59789	0.597917	0.597939	0.59796	0.597961	0.597962	0.597923	0.597884	0.597836	0.597788	0.59774	0.597693	0.597793	0.597892	0.597874	0.597855	0.597796	0.597736	0.597761	0.597785	0.597853	0.597921	0.597927	0.597933	0.597974	0.598014	0.597934	0.597853	0.597875	0.597897	0.59783	0.597762	0.597798	0.597834	0.597806	0.597778	0.597828	0.597877	0.597865	0.597852	0.597903	0.597954	0.597935	0.597917	0.597959	0.598001	0.597969	
0.644082	0.644049	0.644076	0.644104	0.64406	0.644016	0.644026	0.644036	0.643988	0.643941	0.64394	0.64394	0.643904	0.643869	0.643874	0.643878	0.643878	0.643877	0.643901	0.643926	0.643955	0.643984	0.643994	0.644004	0.643978	0.643951	0.643884	0.643817	0.643757	0.643697	0.643781	0.643865	0.643848	0.64383	0.643785	0.643741	0.643774	0.643808	0.643902	0.643996	0.643977	0.643959	0.643999	0.644039	0.643946	0.643852	0.643879	0.643905	0.64385	0.643795	0.643841	0.643886	0.643871	0.643857	0.643914	0.64397	0.643963	0.643957	0.644011	0.644065	0.644047	0.644029	0.644072	0.644115	0.644082	
0.690195	0.690161	0.690188	0.690214	0.690168	0.690122	0.690129	0.690136	0.690083	0.69003	0.690022	0.690015	0.689969	0.689922	0.689918	0.689913	0.689902	0.689892	0.689913	0.689935	0.689971	0.690008	0.690027	0.690046	0.690033	0.690019	0.689933	0.689847	0.689774	0.689701	0.68977	0.689839	0.689822	0.689805	0.689775	0.689745	0.689788	0.689831	0.689951	0.69007	0.690028	0.689986	0.690025	0.690064	0.689957	0.689851	0.689882	0.689913	0.689871	0.689829	0.689883	0.689937	0.689937	0.689936	0.69	0.690063	0.690062	0.690061	0.690119	0.690177	0.690159	0.690141	0.690185	0.690229	0.690195	
0.736317	0.736283	0.736308	0.736333	0.736291	0.736249	0.736254	0.736259	0.73621	0.73616	0.736146	0.736133	0.736082	0.736032	0.736014	0.735997	0.735973	0.735949	0.735957	0.735966	0.736003	0.73604	0.736067	0.736094	0.736115	0.736136	0.73604	0.735944	0.735856	0.735769	0.735759	0.735749	0.735736	0.735722	0.735762	0.735802	0.735859	0.735916	0.736054	0.736193	0.736108	0.736023	0.736053	0.736084	0.735985	0.735885	0.735923	0.735961	0.735943	0.735924	0.735987	0.736049	0.736059	0.736068	0.736135	0.736201	0.736198	0.736196	0.736252	0.736309	0.736288	0.736266	0.736308	0.73635	0.736317	
0.782438	0.782405	0.782428	0.782451	0.782413	0.782376	0.782379	0.782382	0.782336	0.78229	0.78227	0.782251	0.782196	0.782142	0.782111	0.782081	0.782043	0.782006	0.782001	0.781997	0.782034	0.782072	0.782107	0.782142	0.782198	0.782254	0.782148	0.782041	0.781938	0.781836	0.781748	0.781659	0.78165	0.78164	0.781749	0.781859	0.781929	0.782	0.782158	0.782315	0.782187	0.782059	0.782082	0.782105	0.782012	0.781918	0.781963	0.782008	0.782014	0.78202	0.782091	0.782161	0.782181	0.782201	0.782269	0.782338	0.782334	0.78233	0.782385	0.782441	0.782416	0.782392	0.782432	0.782471	0.782438	
0.828536	0.828505	0.828526	0.828548	0.82852	0.828492	0.828497	0.828501	0.82847	0.828439	0.828421	0.828402	0.828358	0.828314	0.828275	0.828236	0.82819	0.828145	0.828119	0.828093	0.828107	0.828122	0.828157	0.828192	0.828283	0.828375	0.828311	0.828247	0.828141	0.828036	0.827807	0.827578	0.827563	0.827548	0.8278	0.828052	0.828118	0.828184	0.828312	0.828441	0.828276	0.828112	0.828126	0.828139	0.828087	0.828034	0.828092	0.82815	0.828174	0.828199	0.828274	0.828349	0.82836	0.828372	0.828437	0.828501	0.828483	0.828465	0.828514	0.828562	0.828531	0.828499	0.828533	0.828568	0.828536	
0.874634	0.874605	0.874624	0.874644	0.874627	0.874609	0.874615	0.874621	0.874605	0.874589	0.874571	0.874553	0.87452	0.874486	0.874439	0.874391	0.874337	0.874283	0.874236	0.874189	0.87418	0.874171	0.874206	0.874241	0.874368	0.874495	0.874474	0.874453	0.874344	0.874236	0.873866	0.873497	0.873477	0.873456	0.87385	0.874244	0.874306	0.874367	0.874467	0.874566	0.874365	0.874164	0.874169	0.874174	0.874161	0.874149	0.87422	0.874291	0.874334	0.874377	0.874457	0.874537	0.87454	0.874543	0.874604	0.874664	0.874633	0.874601	0.874642	0.874684	0.874645	0.874605	0.874635	0.874664	0.874634	
0.920673	0.920649	0.920666	0.920683	0.920678	0.920673	0.920684	0.920695	0.9207	0.920704	0.920697	0.920691	0.920683	0.920676	0.920637	0.920598	0.920558	0.920519	0.920457	0.920396	0.920358	0.92032	0.920322	0.920324	0.920452	0.920581	0.920634	0.920688	0.920647	0.920606	0.920098	0.91959	0.919553	0.919517	0.920067	0.920618	0.920617	0.920616	0.920618	0.920621	0.920452	0.920283	0.920296	0.92031	0.920351	0.920392	0.92047	0.920547	0.920579	0.920611	0.92068	0.920749	0.920725	0.920701	0.920745	0.920789	0.92074	0.920691	0.920718	0.920746	0.920702	0.920658	0.920678	0.920698	0.920673	
0.966713	0.966693	0.966707	0.966722	0.96673	0.966737	0.966753	0.966769	0.966794	0.966819	0.966824	0.966828	0.966847	0.966866	0.966835	0.966805	0.966779	0.966754	0.966679	0.966603	0.966536	0.966468	0.966438	0.966408	0.966537	0.966666	0.966795	0.966923	0.96695	0.966976	0.966329	0.965683	0.96563	0.965578	0.966285	0.966992	0.966928	0.966864	0.96677	0.966675	0.966538	0.966401	0.966424	0.966447	0.966541	0.966635	0.966719	0.966803	0.966824	0.966845	0.966903	0.966961	0.96691	0.966858	0.966886	0.966914	0.966847	0.966781	0.966794	0.966807	0.966759	0.96671	0.966721	0.966733	0.966713	
1.01268	1.01266	1.01268	1.01269	1.0127	1.01272	1.01274	1.01276	1.0128	1.01284	1.01286	1.01288	1.01293	1.01297	1.01297	1.01297	1.01299	1.01301	1.01295	1.0129	1.01285	1.0128	1.01272	1.01264	1.01263	1.01262	1.01279	1.01296	1.01314	1.01333	1.01286	1.0124	1.01237	1.01235	1.01285	1.01336	1.01316	1.01295	1.01277	1.01259	1.01263	1.01268	1.01275	1.01281	1.01289	1.01296	1.01303	1.0131	1.01306	1.01303	1.01306	1.01308	1.013	1.01292	1.01292	1.01293	1.01285	1.01278	1.01278	1.01278	1.01273	1.01269	1.01269	1.01269	1.01268	
1.05864	1.05864	1.05864	1.05865	1.05868	1.0587	1.05873	1.05875	1.0588	1.05885	1.05889	1.05893	1.05901	1.05908	1.05911	1.05914	1.0592	1.05927	1.05923	1.05919	1.05917	1.05914	1.05901	1.05887	1.05872	1.05857	1.05878	1.05899	1.05934	1.05968	1.0594	1.05912	1.05912	1.05912	1.05942	1.05972	1.05938	1.05904	1.05877	1.0585	1.05873	1.05896	1.05907	1.05918	1.05923	1.05928	1.05934	1.05939	1.0593	1.05921	1.05921	1.05921	1.0591	1.05898	1.05896	1.05894	1.05886	1.05878	1.05876	1.05874	1.0587	1.05867	1.05866	1.05865	1.05864	
1.10455	1.10455	1.10456	1.10456	1.10458	1.1046	1.10463	1.10466	1.1047	1.10473	1.10479	1.10484	1.10491	1.10497	1.10504	1.1051	1.10519	1.10528	1.10531	1.10534	1.10539	1.10544	1.10536	1.10529	1.10518	1.10507	1.10502	1.10497	1.10514	1.1053	1.1054	1.10551	1.10562	1.10574	1.10551	1.10528	1.10519	1.1051	1.10506	1.10501	1.1052	1.10539	1.10546	1.10553	1.10548	1.10542	1.10542	1.10542	1.10529	1.10516	1.10512	1.10508	1.10498	1.10488	1.10484	1.1048	1.10474	1.10469	1.10465	1.10462	1.1046	1.10458	1.10456	1.10455	1.10455	
1.15046	1.15047	1.15047	1.15047	1.15048	1.1505	1.15053	1.15056	1.15059	1.15061	1.15068	1.15075	1.15081	1.15086	1.15097	1.15107	1.15118	1.15128	1.15138	1.15149	1.15161	1.15173	1.15172	1.1517	1.15163	1.15156	1.15125	1.15095	1.15093	1.15092	1.15141	1.15189	1.15213	1.15237	1.1516	1.15084	1.151	1.15115	1.15134	1.15153	1.15167	1.15182	1.15185	1.15188	1.15172	1.15156	1.1515	1.15144	1.15128	1.15112	1.15104	1.15096	1.15087	1.15079	1.15072	1.15065	1.15062	1.15059	1.15055	1.1505	1.1505	1.1505	1.15047	1.15045	1.15046	
1.19637	1.19638	1.19638	1.19638	1.19638	1.19638	1.19641	1.19644	1.19643	1.19642	1.19649	1.19656	1.19656	1.19656	1.19667	1.19679	1.19683	1.19687	1.19702	1.19717	1.19728	1.1974	1.19751	1.19763	1.19779	1.19795	1.19766	1.19738	1.19718	1.19699	1.19704	1.19709	1.19733	1.19758	1.19722	1.19687	1.19723	1.19759	1.19779	1.19799	1.19785	1.1977	1.19763	1.19755	1.19738	1.1972	1.19709	1.19698	1.1969	1.19681	1.19671	1.19661	1.19659	1.19658	1.1965	1.19643	1.19644	1.19646	1.19641	1.19636	1.19638	1.19641	1.19638	1.19635	1.19637	
1.24227	1.2423	1.24229	1.24228	1.24227	1.24226	1.24229	1.24231	1.24227	1.24223	1.2423	1.24237	1.24231	1.24225	1.24238	1.24251	1.24248	1.24245	1.24265	1.24286	1.24296	1.24306	1.2433	1.24355	1.24394	1.24433	1.24407	1.2438	1.24343	1.24305	1.24267	1.24229	1.24254	1.24279	1.24285	1.2429	1.24346	1.24403	1.24424	1.24446	1.24402	1.24358	1.2434	1.24322	1.24303	1.24285	1.24269	1.24253	1.24251	1.24249	1.24238	1.24226	1.24231	1.24237	1.24228	1.2422	1.24226	1.24233	1.24227	1.24222	1.24227	1.24232	1.24228	1.24225	1.24227	
1.28825	1.28827	1.28826	1.28825	1.28824	1.28822	1.28823	1.28825	1.28819	1.28813	1.28818	1.28823	1.28812	1.28801	1.28812	1.28823	1.28807	1.28791	1.28811	1.2883	1.28814	1.28798	1.28828	1.28857	1.28849	1.28842	1.28895	1.28949	1.28944	1.28938	1.28937	1.28936	1.28954	1.28972	1.28944	1.28916	1.28934	1.28953	1.28904	1.28856	1.28854	1.28852	1.2883	1.28809	1.28817	1.28824	1.28809	1.28794	1.28806	1.28819	1.28808	1.28798	1.2881	1.28822	1.28815	1.28808	1.28817	1.28826	1.28821	1.28817	1.28822	1.28828	1.28825	1.28823	1.28825	
1.33422	1.33424	1.33423	1.33422	1.3342	1.33417	1.33418	1.33419	1.33411	1.33402	1.33406	1.3341	1.33393	1.33376	1.33385	1.33394	1.33366	1.33338	1.33356	1.33374	1.33332	1.3329	1.33325	1.3336	1.33305	1.3325	1.33384	1.33518	1.33544	1.33575	1.33573	1.3364	1.3366	1.33635	1.33571	1.33557	1.33521	1.33503	1.33385	1.33266	1.33306	1.33346	1.3332	1.33295	1.3333	1.33364	1.3335	1.33335	1.33361	1.33388	1.33379	1.3337	1.33389	1.33407	1.33401	1.33396	1.33407	1.33419	1.33415	1.33412	1.33418	1.33425	1.33422	1.3342	1.33422	
1.38028	1.38029	1.38029	1.38028	1.38026	1.38024	1.38025	1.38025	1.38019	1.38012	1.38015	1.38017	1.38004	1.3799	1.37996	1.38002	1.37978	1.37954	1.37966	1.37979	1.37939	1.379	1.37923	1.37947	1.37891	1.37835	1.3786	1.37884	1.37895	1.37825	1.37824	1.37852	1.37931	1.37834	1.37789	1.37783	1.37797	1.37868	1.37857	1.37845	1.3789	1.37935	1.37918	1.37901	1.37936	1.3797	1.37961	1.37951	1.37974	1.37997	1.37991	1.37986	1.38	1.38015	1.38011	1.38007	1.38016	1.38025	1.38023	1.3802	1.38025	1.3803	1.38028	1.38027	1.38028	
1.42634	1.42634	1.42634	1.42634	1.42633	1.42631	1.42631	1.42632	1.42627	1.42622	1.42623	1.42625	1.42615	1.42605	1.42607	1.4261	1.42591	1.42571	1.42577	1.42583	1.42546	1.42509	1.42522	1.42534	1.42477	1.4242	1.42335	1.42251	1.42246	1.42205	1.42127	1.42107	1.42031	1.42088	1.421	1.42183	1.42277	1.42234	1.42329	1.42423	1.42474	1.42525	1.42516	1.42507	1.42542	1.42577	1.42572	1.42567	1.42587	1.42606	1.42604	1.42601	1.42612	1.42623	1.42621	1.42619	1.42625	1.42631	1.4263	1.42629	1.42632	1.42634	1.42634	1.42633	1.42634	
1.47244	1.47244	1.47244	1.47245	1.47244	1.47244	1.47244	1.47245	1.47244	1.47244	1.47245	1.47245	1.47245	1.47245	1.47245	1.47245	1.47246	1.47246	1.47246	1.47246	1.47247	1.47248	1.47247	1.47247	1.47247	1.47247	1.47247	1.47247	1.47254	1.47263	1.47274	1.47308	1.47315	1.47285	1.47273	1.47261	1.47255	1.4725	1.47249	1.47247	1.47247	1.47247	1.47248	1.47248	1.47247	1.47246	1.47246	1.47247	1.47246	1.47245	1.47245	1.47246	1.47245	1.47244	1.47245	1.47246	1.47245	1.47244	1.47244	1.47245	1.47244	1.47243	1.47244	1.47245	1.47244	
1.51854	1.51853	1.51854	1.51855	1.51856	1.51857	1.51857	1.51857	1.51862	1.51866	1.51866	1.51865	1.51875	1.51886	1.51883	1.51881	1.51901	1.51922	1.51916	1.51909	1.51948	1.51986	1.51973	1.5196	1.52017	1.52074	1.52159	1.52244	1.52262	1.5231	1.52416	1.52513	1.52635	1.52532	1.52439	1.52327	1.52229	1.52267	1.52169	1.52071	1.5202	1.5197	1.51979	1.51988	1.51952	1.51915	1.51921	1.51927	1.51905	1.51883	1.51887	1.51892	1.51878	1.51865	1.51868	1.51872	1.51864	1.51856	1.51859	1.51861	1.51857	1.51852	1.51854	1.51856	1.51854	
1.5646	1.56458	1.56459	1.5646	1.56462	1.56463	1.56463	1.56463	1.5647	1.56476	1.56474	1.56472	1.56485	1.56499	1.56494	1.56488	1.56512	1.56537	1.56525	1.56514	1.56554	1.56594	1.56572	1.5655	1.56606	1.56662	1.56643	1.56624	1.56617	1.56681	1.56709	1.56722	1.56637	1.56706	1.56727	1.56712	1.56707	1.5663	1.56645	1.5666	1.5661	1.5656	1.56578	1.56596	1.56559	1.56521	1.56532	1.56543	1.56518	1.56492	1.56499	1.56506	1.5649	1.56473	1.56478	1.56483	1.56472	1.56462	1.56466	1.56469	1.56463	1.56457	1.5646	1.56462	1.5646	
1.61066	1.61063	1.61064	1.61066	1.61068	1.6107	1.6107	1.6107	1.61077	1.61085	1.61082	1.61079	1.61095	1.61112	1.61104	1.61096	1.61124	1.61151	1.61135	1.61119	1.6116	1.61202	1.61171	1.6114	1.61196	1.61251	1.61127	1.61004	1.60973	1.60936	1.6096	1.60928	1.60878	1.6087	1.60944	1.60964	1.60995	1.60993	1.61122	1.6125	1.612	1.6115	1.61177	1.61205	1.61166	1.61127	1.61143	1.61159	1.6113	1.61101	1.61111	1.61121	1.61101	1.6108	1.61087	1.61094	1.61081	1.61068	1.61073	1.61078	1.6107	1.61062	1.61065	1.61069	1.61066	
1.65663	1.6566	1.65661	1.65663	1.65664	1.65665	1.65664	1.65663	1.65669	1.65674	1.6567	1.65665	1.65676	1.65686	1.65676	1.65667	1.65681	1.65695	1.65678	1.6566	1.65675	1.65689	1.65663	1.65637	1.65644	1.6565	1.65603	1.65556	1.65558	1.6551	1.6559	1.65575	1.65507	1.6552	1.65573	1.65533	1.65522	1.65538	1.65593	1.65649	1.65644	1.65639	1.65663	1.65687	1.65676	1.65665	1.65681	1.65698	1.65684	1.6567	1.65681	1.65692	1.65679	1.65666	1.65673	1.65681	1.65671	1.65661	1.65666	1.65672	1.65665	1.65659	1.65662	1.65666	1.65663	
1.7026	1.70257	1.70258	1.7026	1.7026	1.7026	1.70258	1.70257	1.7026	1.70263	1.70257	1.70251	1.70256	1.7026	1.70249	1.70237	1.70238	1.70239	1.70221	1.70202	1.7019	1.70177	1.70155	1.70134	1.70092	1.70049	1.70078	1.70107	1.70144	1.7018	1.70206	1.70231	1.70215	1.70199	1.70207	1.70216	1.70149	1.70082	1.70065	1.70047	1.70088	1.70128	1.70149	1.70169	1.70186	1.70203	1.7022	1.70236	1.70237	1.70238	1.7025	1.70263	1.70257	1.70251	1.70259	1.70268	1.70261	1.70254	1.7026	1.70266	1.70261	1.70255	1.70259	1.70263	1.7026	
1.7485	1.74848	1.74849	1.7485	1.74849	1.74848	1.74846	1.74844	1.74843	1.74843	1.74837	1.74831	1.7483	1.74829	1.74818	1.74808	1.74802	1.74796	1.74783	1.74769	1.74755	1.74741	1.74732	1.74722	1.74703	1.74684	1.74711	1.74738	1.7475	1.74762	1.74748	1.74733	1.74724	1.74715	1.7475	1.74786	1.74751	1.74716	1.74699	1.74682	1.74697	1.74711	1.74721	1.74731	1.74748	1.74765	1.74777	1.74789	1.74797	1.74806	1.74816	1.74826	1.74828	1.74829	1.74837	1.74845	1.74843	1.74841	1.74846	1.74852	1.74849	1.74846	1.74849	1.74852	1.7485	
1.79441	1.79439	1.7944	1.7944	1.79438	1.79436	1.79433	1.7943	1.79427	1.79424	1.79417	1.79411	1.79404	1.79398	1.79388	1.79378	1.79366	1.79354	1.79345	1.79335	1.79321	1.79306	1.79308	1.7931	1.79314	1.79318	1.79343	1.79368	1.79356	1.79344	1.7929	1.79235	1.79233	1.79231	1.79293	1.79355	1.79353	1.79351	1.79334	1.79317	1.79306	1.79294	1.79294	1.79293	1.7931	1.79327	1.79334	1.79341	1.79357	1.79374	1.79382	1.7939	1.79399	1.79408	1.79415	1.79421	1.79424	1.79427	1.79432	1.79437	1.79437	1.79437	1.7944	1.79442	1.79441	
1.84032	1.84031	1.84031	1.8403	1.84028	1.84026	1.84023	1.8402	1.84016	1.84012	1.84006	1.84001	1.83994	1.83987	1.8398	1.83974	1.83964	1.83955	1.83952	1.83948	1.83942	1.83936	1.83942	1.83948	1.83958	1.83968	1.83967	1.83965	1.83941	1.83918	1.83903	1.83888	1.8389	1.83891	1.83905	1.83918	1.83937	1.83957	1.83961	1.83965	1.8395	1.83935	1.8393	1.83925	1.83932	1.83939	1.8394	1.83941	1.83955	1.83968	1.83973	1.83977	1.83987	1.83998	1.84002	1.84006	1.84012	1.84018	1.84021	1.84025	1.84027	1.84029	1.8403	1.84032	1.84032	
1.88622	1.88623	1.88622	1.88621	1.88619	1.88616	1.88613	1.8861	1.88605	1.886	1.88596	1.88591	1.88584	1.88576	1.88573	1.8857	1.88563	1.88556	1.88559	1.88561	1.88564	1.88567	1.88577	1.88586	1.88602	1.88618	1.8859	1.88561	1.88527	1.88492	1.88516	1.8854	1.88546	1.88552	1.88516	1.88481	1.88522	1.88563	1.88588	1.88614	1.88595	1.88576	1.88567	1.88557	1.88554	1.88551	1.88547	1.88542	1.88553	1.88563	1.88563	1.88564	1.88576	1.88587	1.8859	1.88592	1.886	1.88608	1.8861	1.88612	1.88616	1.8862	1.88621	1.88622	1.88622	
1.93219	1.9322	1.93219	1.93217	1.93216	1.93215	1.93212	1.93209	1.93206	1.93202	1.93199	1.93196	1.93192	1.93187	1.93186	1.93186	1.93184	1.93182	1.93186	1.9319	1.93195	1.93201	1.93205	1.93209	1.93212	1.93215	1.93191	1.93168	1.93154	1.93139	1.93181	1.93222	1.93231	1.9324	1.93183	1.93127	1.93152	1.93177	1.93192	1.93206	1.93206	1.93206	1.93199	1.93192	1.93188	1.93184	1.93177	1.9317	1.93176	1.93181	1.93178	1.93175	1.93184	1.93193	1.93193	1.93192	1.932	1.93208	1.93208	1.93208	1.93213	1.93218	1.93218	1.93217	1.93219	
1.97815	1.97818	1.97816	1.97813	1.97813	1.97813	1.9781	1.97808	1.97806	1.97804	1.97803	1.97801	1.978	1.97799	1.978	1.97802	1.97805	1.97809	1.97814	1.97818	1.97827	1.97835	1.97834	1.97832	1.97822	1.97811	1.97793	1.97775	1.9778	1.97786	1.97845	1.97905	1.97917	1.97929	1.97851	1.97773	1.97782	1.97792	1.97795	1.97798	1.97817	1.97836	1.97832	1.97828	1.97822	1.97816	1.97807	1.97799	1.97799	1.97798	1.97793	1.97787	1.97793	1.97799	1.97796	1.97793	1.97801	1.97808	1.97807	1.97805	1.9781	1.97816	1.97814	1.97813	1.97815	
2.02419	2.02422	2.0242	2.02417	2.02418	2.0242	2.02418	2.02416	2.02416	2.02416	2.02416	2.02415	2.02417	2.02418	2.02421	2.02423	2.02428	2.02434	2.02437	2.0244	2.02446	2.02452	2.02448	2.02443	2.02434	2.02425	2.02415	2.02406	2.02416	2.02427	2.02473	2.0252	2.02529	2.02538	2.02477	2.02416	2.0242	2.02424	2.02418	2.02412	2.02432	2.02452	2.02448	2.02445	2.02443	2.02442	2.02434	2.02425	2.02424	2.02422	2.02415	2.02408	2.02412	2.02415	2.02411	2.02406	2.02412	2.02418	2.02414	2.02411	2.02416	2.02421	2.02419	2.02416	2.02419	
2.07023	2.07027	2.07024	2.07021	2.07024	2.07026	2.07025	2.07023	2.07026	2.07028	2.07029	2.07029	2.07034	2.07038	2.07041	2.07044	2.07051	2.07058	2.0706	2.07062	2.07066	2.07069	2.07062	2.07055	2.07047	2.07039	2.07038	2.07036	2.07052	2.07068	2.07101	2.07134	2.07141	2.07147	2.07103	2.07059	2.07057	2.07055	2.0704	2.07025	2.07047	2.07069	2.07065	2.07061	2.07065	2.07068	2.0706	2.07052	2.07049	2.07046	2.07038	2.07029	2.0703	2.07031	2.07025	2.07018	2.07022	2.07027	2.07022	2.07017	2.07022	2.07027	2.07023	2.07019	2.07023	
2.11633	2.11637	2.11634	2.11631	2.11635	2.11638	2.11637	2.11635	2.11639	2.11644	2.11644	2.11644	2.1165	2.11656	2.11658	2.1166	2.11667	2.11673	2.11673	2.11673	2.11674	2.11676	2.11669	2.11663	2.11658	2.11653	2.11657	2.11661	2.11676	2.11691	2.11712	2.11732	2.11737	2.11743	2.11713	2.11683	2.1168	2.11677	2.1166	2.11642	2.1166	2.11678	2.11673	2.11668	2.11675	2.11682	2.11675	2.11667	2.11666	2.11666	2.11657	2.11649	2.11649	2.11649	2.11642	2.11635	2.11638	2.1164	2.11635	2.11629	2.11633	2.11638	2.11633	2.11629	2.11633	
2.16243	2.16247	2.16244	2.16241	2.16245	2.1625	2.16249	2.16247	2.16253	2.16259	2.16259	2.1626	2.16267	2.16274	2.16275	2.16276	2.16282	2.16288	2.16286	2.16284	2.16283	2.16282	2.16277	2.16271	2.16269	2.16267	2.16276	2.16286	2.163	2.16314	2.16322	2.1633	2.16334	2.16338	2.16322	2.16307	2.16303	2.16299	2.16279	2.16259	2.16273	2.16287	2.16281	2.16275	2.16286	2.16296	2.1629	2.16283	2.16284	2.16285	2.16276	2.16268	2.16267	2.16267	2.16259	2.16251	2.16253	2.16254	2.16248	2.16241	2.16245	2.16249	2.16244	2.16239	2.16243	
2.20855	2.2086	2.20856	2.20853	2.20858	2.20863	2.20862	2.2086	2.20866	2.20873	2.20872	2.20872	2.20879	2.20886	2.20886	2.20886	2.2089	2.20895	2.20892	2.20889	2.20888	2.20887	2.20883	2.20879	2.20879	2.2088	2.20889	2.20898	2.2091	2.20921	2.20922	2.20924	2.20926	2.20929	2.20922	2.20915	2.20912	2.20908	2.20891	2.20874	2.20884	2.20893	2.20887	2.2088	2.20891	2.20902	2.20896	2.2089	2.20893	2.20896	2.20888	2.20881	2.20881	2.20881	2.20873	2.20866	2.20867	2.20868	2.20862	2.20855	2.20858	2.20861	2.20856	2.20851	2.20855	
2.25468	2.25472	2.25469	2.25465	2.25471	2.25477	2.25475	2.25473	2.25479	2.25486	2.25485	2.25485	2.25491	2.25497	2.25496	2.25495	2.25498	2.25501	2.25498	2.25494	2.25493	2.25491	2.25489	2.25486	2.2549	2.25493	2.25502	2.25511	2.25519	2.25527	2.25522	2.25517	2.25519	2.2552	2.25522	2.25524	2.25521	2.25517	2.25503	2.25489	2.25494	2.25499	2.25492	2.25486	2.25497	2.25508	2.25502	2.25497	2.25502	2.25507	2.255	2.25493	2.25494	2.25495	2.25487	2.2548	2.25481	2.25482	2.25475	2.25469	2.25471	2.25474	2.25469	2.25463	2.25468	
2.30079	2.30084	2.3008	2.30076	2.30082	2.30087	2.30085	2.30083	2.30089	2.30095	2.30094	2.30093	2.30098	2.30103	2.30101	2.301	2.30101	2.30103	2.301	2.30096	2.30095	2.30094	2.30093	2.30092	2.30096	2.301	2.30107	2.30115	2.30122	2.30128	2.30121	2.30115	2.30116	2.30117	2.30121	2.30125	2.30122	2.30119	2.30109	2.30098	2.301	2.30102	2.30096	2.3009	2.30099	2.30109	2.30104	2.301	2.30106	2.30112	2.30105	2.30099	2.30102	2.30104	2.30097	2.3009	2.30092	2.30093	2.30087	2.3008	2.30083	2.30086	2.3008	2.30075	2.30079	
2.34691	2.34695	2.34691	2.34687	2.34693	2.34698	2.34696	2.34693	2.34699	2.34705	2.34703	2.34701	2.34705	2.34709	2.34706	2.34704	2.34704	2.34705	2.34702	2.34698	2.34698	2.34697	2.34697	2.34698	2.34702	2.34707	2.34713	2.34719	2.34724	2.34728	2.3472	2.34712	2.34713	2.34714	2.3472	2.34726	2.34724	2.34721	2.34714	2.34706	2.34706	2.34706	2.347	2.34694	2.34702	2.3471	2.34706	2.34702	2.34709	2.34716	2.34711	2.34706	2.34709	2.34712	2.34706	2.347	2.34702	2.34704	2.34698	2.34692	2.34695	2.34697	2.34692	2.34687	2.34691	
2.393	2.39304	2.393	2.39296	2.39301	2.39306	2.39303	2.393	2.39305	2.39309	2.39307	2.39305	2.39308	2.39311	2.39308	2.39305	2.39305	2.39305	2.39302	2.39299	2.39299	2.39299	2.393	2.393	2.39305	2.39309	2.39314	2.39318	2.39321	2.39325	2.39317	2.3931	2.3931	2.39311	2.39317	2.39323	2.39321	2.39319	2.39314	2.39309	2.39308	2.39307	2.39301	2.39296	2.39303	2.3931	2.39306	2.39302	2.39309	2.39317	2.39312	2.39308	2.39312	2.39316	2.39311	2.39305	2.39308	2.39311	2.39305	2.39299	2.39302	2.39306	2.393	2.39295	2.393	
2.43908	2.43912	2.43908	2.43904	2.43909	2.43913	2.4391	2.43907	2.43911	2.43914	2.43911	2.43909	2.4391	2.43912	2.43909	2.43906	2.43905	2.43905	2.43903	2.439	2.439	2.43901	2.43902	2.43903	2.43908	2.43912	2.43914	2.43917	2.43919	2.43921	2.43914	2.43907	2.43908	2.43908	2.43914	2.4392	2.43919	2.43917	2.43915	2.43912	2.4391	2.43907	2.43903	2.43899	2.43904	2.43909	2.43906	2.43903	2.4391	2.43917	2.43913	2.43909	2.43915	2.4392	2.43915	2.43911	2.43914	2.43918	2.43912	2.43907	2.4391	2.43914	2.43909	2.43904	2.43908	
2.48513	2.48516	2.48513	2.48509	2.48512	2.48516	2.48513	2.4851	2.48513	2.48515	2.48513	2.4851	2.48511	2.48511	2.48508	2.48505	2.48505	2.48504	2.48502	2.485	2.48501	2.48501	2.48502	2.48504	2.48507	2.48511	2.48512	2.48514	2.48515	2.48517	2.48511	2.48506	2.48506	2.48506	2.48511	2.48516	2.48515	2.48514	2.48512	2.48511	2.48509	2.48507	2.48503	2.485	2.48504	2.48507	2.48505	2.48502	2.48509	2.48515	2.48512	2.48509	2.48515	2.4852	2.48516	2.48512	2.48516	2.4852	2.48515	2.48511	2.48514	2.48518	2.48513	2.48509	2.48513	
2.53117	2.5312	2.53117	2.53113	2.53116	2.53119	2.53116	2.53113	2.53115	2.53117	2.53114	2.5311	2.53111	2.53111	2.53108	2.53105	2.53104	2.53103	2.53101	2.531	2.53101	2.53102	2.53103	2.53104	2.53107	2.5311	2.5311	2.53111	2.53112	2.53113	2.53108	2.53104	2.53104	2.53104	2.53108	2.53112	2.53111	2.5311	2.5311	2.53111	2.53108	2.53106	2.53103	2.53101	2.53103	2.53106	2.53103	2.53101	2.53107	2.53114	2.53111	2.53108	2.53114	2.5312	2.53117	2.53114	2.53118	2.53123	2.53119	2.53115	2.53118	2.53122	2.53118	2.53114	2.53117	
2.57718	2.57721	2.57718	2.57714	2.57717	2.57719	2.57716	2.57713	2.57714	2.57715	2.57712	2.57709	2.57709	2.57709	2.57706	2.57703	2.57702	2.57702	2.577	2.57699	2.577	2.57701	2.57702	2.57702	2.57705	2.57708	2.57707	2.57707	2.57708	2.57709	2.57705	2.57701	2.57701	2.57702	2.57705	2.57708	2.57707	2.57707	2.57707	2.57708	2.57706	2.57704	2.57702	2.577	2.57702	2.57704	2.57702	2.577	2.57705	2.57711	2.57709	2.57707	2.57712	2.57718	2.57715	2.57713	2.57717	2.57722	2.57718	2.57715	2.57718	2.57722	2.57718	2.57715	2.57718	
2.62319	2.62321	2.62318	2.62315	2.62317	2.62319	2.62316	2.62313	2.62314	2.62314	2.62311	2.62308	2.62308	2.62307	2.62304	2.62302	2.62301	2.623	2.62299	2.62298	2.62299	2.623	2.62301	2.62301	2.62303	2.62306	2.62304	2.62303	2.62304	2.62304	2.62302	2.62299	2.62299	2.62299	2.62302	2.62304	2.62304	2.62303	2.62304	2.62306	2.62304	2.62302	2.62301	2.623	2.62301	2.62302	2.623	2.62299	2.62304	2.62308	2.62307	2.62305	2.62311	2.62316	2.62314	2.62312	2.62316	2.62321	2.62318	2.62315	2.62319	2.62322	2.62319	2.62316	2.62319	
2.66916	2.66919	2.66916	2.66913	2.66915	2.66916	2.66913	2.66911	2.66911	2.66911	2.66909	2.66906	2.66905	2.66904	2.66902	2.669	2.66899	2.66899	2.66898	2.66897	2.66898	2.66899	2.66899	2.66899	2.66901	2.66903	2.66902	2.669	2.66901	2.66901	2.66899	2.66897	2.66897	2.66897	2.66899	2.66901	2.669	2.669	2.66901	2.66903	2.66901	2.669	2.66899	2.66898	2.66899	2.669	2.66899	2.66898	2.66901	2.66905	2.66904	2.66903	2.66908	2.66913	2.66911	2.66909	2.66913	2.66918	2.66915	2.66913	2.66916	2.66919	2.66917	2.66914	2.66916	
2.71514	2.71516	2.71514	2.71511	2.71512	2.71513	2.71511	2.71509	2.71508	2.71508	2.71506	2.71504	2.71503	2.71502	2.715	2.71498	2.71497	2.71497	2.71496	2.71495	2.71496	2.71497	2.71497	2.71497	2.71499	2.715	2.71499	2.71497	2.71498	2.71498	2.71496	2.71495	2.71495	2.71495	2.71496	2.71497	2.71497	2.71497	2.71498	2.715	2.71499	2.71497	2.71497	2.71497	2.71497	2.71497	2.71497	2.71496	2.71499	2.71502	2.71501	2.715	2.71505	2.71509	2.71508	2.71506	2.7151	2.71514	2.71512	2.71511	2.71513	2.71516	2.71514	2.71512	2.71514	
2.7611	2.76111	2.76109	2.76107	2.76108	2.76109	2.76107	2.76105	2.76105	2.76104	2.76102	2.76101	2.761	2.76099	2.76097	2.76096	2.76096	2.76095	2.76095	2.76094	2.76095	2.76095	2.76095	2.76095	2.76096	2.76097	2.76096	2.76095	2.76095	2.76095	2.76094	2.76093	2.76093	2.76093	2.76094	2.76095	2.76095	2.76095	2.76096	2.76097	2.76096	2.76095	2.76095	2.76095	2.76095	2.76095	2.76095	2.76094	2.76097	2.76099	2.76099	2.76098	2.76101	2.76105	2.76104	2.76103	2.76106	2.7611	2.76108	2.76107	2.76109	2.76111	2.7611	2.76108	2.7611	
2.80705	2.80706	2.80705	2.80703	2.80704	2.80704	2.80703	2.80701	2.80701	2.807	2.80699	2.80698	2.80697	2.80696	2.80695	2.80694	2.80694	2.80693	2.80693	2.80692	2.80693	2.80694	2.80693	2.80693	2.80694	2.80695	2.80694	2.80692	2.80693	2.80693	2.80692	2.80691	2.80691	2.80691	2.80692	2.80693	2.80692	2.80692	2.80693	2.80694	2.80694	2.80693	2.80693	2.80693	2.80693	2.80693	2.80693	2.80693	2.80694	2.80696	2.80696	2.80695	2.80698	2.80701	2.807	2.80699	2.80702	2.80705	2.80704	2.80703	2.80704	2.80706	2.80705	2.80704	2.80705	
2.85299	2.853	2.85299	2.85298	2.85298	2.85299	2.85298	2.85297	2.85296	2.85296	2.85295	2.85294	2.85294	2.85293	2.85292	2.85292	2.85292	2.85291	2.85291	2.85291	2.85291	2.85291	2.85291	2.85291	2.85292	2.85292	2.85291	2.85291	2.85291	2.85291	2.8529	2.8529	2.8529	2.8529	2.8529	2.85291	2.85291	2.85291	2.85291	2.85292	2.85292	2.85291	2.85291	2.85291	2.85291	2.85291	2.85291	2.85291	2.85292	2.85293	2.85293	2.85293	2.85295	2.85296	2.85296	2.85295	2.85297	2.85299	2.85298	2.85298	2.85299	2.853	2.85299	2.85299	2.85299	
2.89894	2.89894	2.89893	2.89893	2.89893	2.89893	2.89893	2.89892	2.89892	2.89892	2.89891	2.89891	2.89891	2.8989	2.8989	2.8989	2.89889	2.89889	2.89889	2.89889	2.89889	2.89889	2.89889	2.89889	2.89889	2.8989	2.89889	2.89889	2.89889	2.89889	2.89889	2.89889	2.89889	2.89889	2.89889	2.89889	2.89889	2.89889	2.89889	2.8989	2.89889	2.89889	2.89889	2.89889	2.89889	2.89889	2.89889	2.89889	2.8989	2.8989	2.8989	2.8989	2.89891	2.89892	2.89892	2.89891	2.89892	2.89893	2.89893	2.89893	2.89893	2.89894	2.89894	2.89893	2.89894	
2.94487	2.94487	2.94487	2.94487	2.94487	2.94487	2.94487	2.94487	2.94487	2.94487	2.94487	2.94487	2.94487	2.94487	2.94487	2.94487	2.94487	2.94487	2.94487	2.94487	2.94487	2.94487	2.94487	2.94487	2.94487	2.94487	2.94487	2.94487	2.94487	2.94487	2.94487	2.94487	2.94487	2.94487	2.94487	2.94487	2.94487	2.94487	2.94487	2.94487	2.94487	2.94487	2.94487	2.94487	2.94487	2.94487	2.94487	2.94487	2.94487	2.94487	2.94487	2.94487	2.94487	2.94487	2.94487	2.94487	2.94487	2.94487	2.94487	2.94487	2.94487	2.94487	2.94487	2.94487	2.94487	
