x=200	y=85	z=200	n=65	len=1
b
0.646772	0.646372	0.646121	0.64587	0.645885	0.645899	0.646051	0.646203	0.646547	0.646891	0.647191	0.647492	0.647711	0.647931	0.647976	0.648021	0.647801	0.64758	0.647319	0.647059	0.646675	0.646291	0.646083	0.645874	0.645731	0.645587	0.645709	0.645832	0.646029	0.646226	0.646639	0.647051	0.647328	0.647604	0.647981	0.648357	0.648522	0.648688	0.648827	0.648966	0.648923	0.64888	0.648846	0.648812	0.648713	0.648613	0.648618	0.648622	0.648664	0.648706	0.648801	0.648896	0.648967	0.649039	0.649096	0.649153	0.649057	0.648961	0.648771	0.648582	0.648243	0.647905	0.647538	0.647171	0.646772	
0.647548	0.647168	0.646872	0.646576	0.646473	0.646371	0.646359	0.646347	0.646519	0.646691	0.646831	0.646972	0.647097	0.647223	0.647218	0.647213	0.646988	0.646762	0.646516	0.64627	0.64594	0.645611	0.645465	0.645319	0.645248	0.645177	0.64536	0.645543	0.645798	0.646054	0.64652	0.646987	0.647298	0.647609	0.647975	0.648341	0.648487	0.648633	0.648735	0.648838	0.64875	0.648663	0.648572	0.64848	0.648338	0.648196	0.648161	0.648126	0.648166	0.648206	0.648312	0.648418	0.648546	0.648673	0.64882	0.648966	0.648991	0.649016	0.648958	0.6489	0.648682	0.648464	0.648196	0.647927	0.647548	
0.648279	0.647919	0.647586	0.647252	0.647033	0.646813	0.646681	0.646548	0.646562	0.646577	0.646606	0.646636	0.646664	0.646693	0.646637	0.646581	0.646365	0.646149	0.645912	0.645674	0.645407	0.645141	0.645025	0.64491	0.644914	0.644918	0.645127	0.645337	0.645651	0.645965	0.64643	0.646895	0.647258	0.64762	0.647973	0.648326	0.648466	0.648606	0.648657	0.648709	0.648575	0.648441	0.648274	0.648108	0.647905	0.647702	0.647605	0.647509	0.64753	0.647551	0.647682	0.647813	0.648015	0.648217	0.64847	0.648723	0.648885	0.649047	0.649131	0.649215	0.649118	0.649021	0.64883	0.648639	0.648279	
0.649011	0.648671	0.6483	0.647929	0.647592	0.647256	0.647002	0.646749	0.646606	0.646463	0.646381	0.6463	0.646231	0.646162	0.646056	0.64595	0.645743	0.645536	0.645307	0.645077	0.644874	0.64467	0.644586	0.644501	0.64458	0.64466	0.644895	0.64513	0.645503	0.645876	0.646339	0.646803	0.647217	0.647631	0.647971	0.648311	0.648445	0.648579	0.648579	0.64858	0.648399	0.648218	0.647977	0.647735	0.647471	0.647208	0.64705	0.646892	0.646894	0.646896	0.647053	0.647209	0.647485	0.64776	0.64812	0.648479	0.648779	0.649079	0.649304	0.64953	0.649554	0.649578	0.649465	0.649351	0.649011	
0.649648	0.649318	0.648915	0.648512	0.648099	0.647687	0.647351	0.647016	0.646786	0.646556	0.6464	0.646244	0.646115	0.645987	0.645837	0.645687	0.645477	0.645267	0.645038	0.644809	0.644635	0.64446	0.644402	0.644343	0.644445	0.644546	0.644808	0.64507	0.645444	0.645819	0.646291	0.646763	0.647161	0.64756	0.647894	0.648228	0.648327	0.648427	0.648399	0.64837	0.648121	0.647873	0.647567	0.647262	0.646927	0.646592	0.646369	0.646147	0.646125	0.646104	0.646296	0.646489	0.646871	0.647253	0.647743	0.648233	0.64868	0.649126	0.649487	0.649847	0.649971	0.650094	0.650036	0.649977	0.649648	
0.650285	0.649966	0.649531	0.649095	0.648606	0.648117	0.6477	0.647283	0.646966	0.64665	0.646419	0.646187	0.646	0.645812	0.645618	0.645424	0.64521	0.644997	0.644769	0.644541	0.644396	0.64425	0.644218	0.644185	0.644309	0.644432	0.644721	0.64501	0.645386	0.645762	0.646243	0.646723	0.647106	0.647488	0.647816	0.648145	0.64821	0.648275	0.648218	0.648161	0.647844	0.647527	0.647158	0.646788	0.646382	0.645976	0.645689	0.645401	0.645357	0.645312	0.64554	0.645768	0.646257	0.646745	0.647366	0.647987	0.64858	0.649174	0.649669	0.650165	0.650388	0.65061	0.650607	0.650604	0.650285	
0.650662	0.650332	0.649877	0.649421	0.648895	0.648368	0.647937	0.647505	0.647178	0.646852	0.646628	0.646404	0.646227	0.646051	0.645851	0.645652	0.645457	0.645261	0.645024	0.644786	0.644647	0.644508	0.64446	0.644413	0.644535	0.644657	0.644919	0.645181	0.645549	0.645918	0.646358	0.646799	0.647176	0.647553	0.64784	0.648128	0.6482	0.648271	0.648191	0.648111	0.647793	0.647475	0.647071	0.646666	0.646241	0.645815	0.645483	0.645152	0.645091	0.64503	0.645247	0.645464	0.645999	0.646535	0.647239	0.647943	0.648614	0.649284	0.649855	0.650427	0.650694	0.650961	0.650977	0.650993	0.650662	
0.65104	0.650698	0.650223	0.649747	0.649183	0.648619	0.648173	0.647727	0.64739	0.647054	0.646837	0.646621	0.646455	0.646289	0.646084	0.64588	0.645703	0.645526	0.645278	0.64503	0.644898	0.644765	0.644703	0.644641	0.644761	0.644882	0.645117	0.645352	0.645713	0.646074	0.646474	0.646874	0.647245	0.647617	0.647864	0.648111	0.648189	0.648267	0.648165	0.648062	0.647742	0.647423	0.646984	0.646545	0.646099	0.645654	0.645278	0.644902	0.644825	0.644747	0.644953	0.645159	0.645742	0.646324	0.647112	0.6479	0.648647	0.649394	0.650042	0.650689	0.651001	0.651312	0.651347	0.651382	0.65104	
0.651096	0.650757	0.650296	0.649835	0.649296	0.648757	0.648352	0.647947	0.647649	0.647351	0.647174	0.646998	0.646851	0.646705	0.646513	0.646322	0.646138	0.645954	0.645708	0.645462	0.645301	0.645141	0.645074	0.645008	0.645077	0.645146	0.645377	0.645609	0.64591	0.646211	0.646604	0.646998	0.647309	0.647619	0.647871	0.648123	0.648183	0.648243	0.648179	0.648116	0.647795	0.647474	0.647074	0.646674	0.646235	0.645795	0.645421	0.645048	0.644944	0.644839	0.645019	0.645199	0.645761	0.646323	0.64711	0.647898	0.648667	0.649437	0.650096	0.650754	0.651072	0.651389	0.651412	0.651435	0.651096	
0.651152	0.650816	0.650369	0.649922	0.649409	0.648895	0.648531	0.648167	0.647908	0.647649	0.647512	0.647374	0.647248	0.647121	0.646943	0.646764	0.646572	0.646381	0.646137	0.645893	0.645705	0.645516	0.645446	0.645375	0.645392	0.645409	0.645637	0.645865	0.646107	0.646348	0.646735	0.647122	0.647372	0.647622	0.647878	0.648134	0.648176	0.648218	0.648194	0.64817	0.647848	0.647526	0.647165	0.646804	0.64637	0.645935	0.645565	0.645194	0.645063	0.644931	0.645085	0.64524	0.645781	0.646322	0.647109	0.647896	0.648688	0.64948	0.65015	0.650819	0.651143	0.651466	0.651477	0.651488	0.651152	
0.650943	0.650602	0.650178	0.649754	0.649286	0.648818	0.648509	0.6482	0.648014	0.647827	0.647737	0.647647	0.647554	0.64746	0.64729	0.64712	0.646931	0.646742	0.646506	0.646269	0.646051	0.645833	0.645738	0.645642	0.645658	0.645674	0.645858	0.646043	0.646289	0.646534	0.646815	0.647095	0.647335	0.647575	0.647769	0.647964	0.648047	0.648131	0.648135	0.648138	0.647883	0.647628	0.647343	0.647058	0.64671	0.646363	0.646031	0.645699	0.645567	0.645434	0.645532	0.645629	0.646096	0.646564	0.647269	0.647973	0.648704	0.649435	0.650068	0.650701	0.650989	0.651277	0.65128	0.651284	0.650943	
0.650733	0.650387	0.649987	0.649587	0.649164	0.648741	0.648487	0.648233	0.648119	0.648005	0.647962	0.64792	0.647859	0.647799	0.647638	0.647476	0.64729	0.647104	0.646875	0.646646	0.646398	0.64615	0.646029	0.645909	0.645924	0.645938	0.646079	0.646221	0.64647	0.64672	0.646894	0.647068	0.647298	0.647528	0.647661	0.647794	0.647919	0.648044	0.648075	0.648106	0.647918	0.647731	0.647521	0.647312	0.647051	0.64679	0.646497	0.646204	0.646071	0.645938	0.645978	0.646018	0.646412	0.646806	0.647428	0.64805	0.64872	0.649389	0.649985	0.650582	0.650835	0.651088	0.651084	0.65108	0.650733	
0.650199	0.649873	0.649501	0.649129	0.648766	0.648404	0.648224	0.648044	0.647979	0.647913	0.6479	0.647887	0.647827	0.647767	0.647627	0.647486	0.647301	0.647115	0.64694	0.646764	0.646531	0.646297	0.646177	0.646057	0.645979	0.645901	0.646106	0.64631	0.646489	0.646667	0.646915	0.647164	0.647251	0.647339	0.647478	0.647617	0.647692	0.647767	0.647826	0.647885	0.64777	0.647655	0.647572	0.647489	0.647351	0.647214	0.647027	0.646839	0.646724	0.64661	0.646615	0.64662	0.646902	0.647183	0.647669	0.648156	0.648696	0.649235	0.64972	0.650205	0.650402	0.650599	0.650562	0.650524	0.650199	
0.649664	0.649359	0.649015	0.648671	0.648369	0.648067	0.647961	0.647855	0.647839	0.647822	0.647838	0.647855	0.647795	0.647735	0.647616	0.647496	0.647311	0.647126	0.647005	0.646883	0.646663	0.646443	0.646325	0.646206	0.646035	0.645864	0.646132	0.6464	0.646507	0.646614	0.646937	0.647259	0.647204	0.647149	0.647294	0.64744	0.647465	0.64749	0.647577	0.647664	0.647622	0.64758	0.647623	0.647665	0.647652	0.647638	0.647556	0.647474	0.647378	0.647282	0.647252	0.647223	0.647391	0.647559	0.64791	0.648262	0.648672	0.649081	0.649455	0.649829	0.649969	0.65011	0.650039	0.649969	0.649664	
0.649056	0.648781	0.64848	0.648179	0.647932	0.647685	0.647604	0.647522	0.647506	0.64749	0.647471	0.647451	0.647366	0.64728	0.647176	0.647072	0.646952	0.646833	0.646837	0.646841	0.646738	0.646634	0.646541	0.646448	0.646357	0.646266	0.646423	0.64658	0.646807	0.647034	0.647217	0.6474	0.647348	0.647296	0.647226	0.647156	0.647099	0.647042	0.647077	0.647112	0.647105	0.647097	0.647234	0.647372	0.647558	0.647745	0.647834	0.647922	0.647871	0.647819	0.647759	0.647699	0.647754	0.647808	0.648	0.648192	0.64845	0.648709	0.648978	0.649248	0.649341	0.649434	0.649383	0.649331	0.649056	
0.648448	0.648203	0.647945	0.647688	0.647496	0.647304	0.647246	0.647188	0.647173	0.647158	0.647103	0.647048	0.646936	0.646825	0.646736	0.646647	0.646593	0.64654	0.646669	0.646798	0.646812	0.646825	0.646758	0.646691	0.646679	0.646668	0.646714	0.646761	0.647108	0.647455	0.647497	0.64754	0.647492	0.647443	0.647158	0.646873	0.646733	0.646593	0.646577	0.64656	0.646587	0.646614	0.646846	0.647078	0.647465	0.647852	0.648111	0.648371	0.648364	0.648357	0.648266	0.648176	0.648117	0.648057	0.648089	0.648121	0.648229	0.648336	0.648501	0.648667	0.648713	0.648759	0.648726	0.648692	0.648448	
0.647672	0.64749	0.647284	0.647078	0.646948	0.646818	0.646765	0.646711	0.646658	0.646604	0.646485	0.646366	0.646219	0.646071	0.646042	0.646013	0.646058	0.646102	0.646358	0.646614	0.646746	0.646879	0.646996	0.647114	0.647137	0.647161	0.647384	0.647608	0.64768	0.647753	0.647843	0.647933	0.647612	0.64729	0.646918	0.646545	0.646241	0.645937	0.645846	0.645755	0.645801	0.645846	0.646129	0.646412	0.646947	0.647482	0.64795	0.648417	0.648523	0.648629	0.648558	0.648487	0.648344	0.648202	0.64809	0.647979	0.647923	0.647868	0.647907	0.647946	0.647938	0.64793	0.647892	0.647854	0.647672	
0.646896	0.646776	0.646623	0.646469	0.646401	0.646333	0.646284	0.646235	0.646143	0.646051	0.645868	0.645685	0.645501	0.645317	0.645349	0.64538	0.645522	0.645664	0.646047	0.64643	0.646681	0.646932	0.647234	0.647536	0.647595	0.647654	0.648054	0.648455	0.648253	0.648052	0.648189	0.648327	0.647732	0.647137	0.646677	0.646217	0.645748	0.64528	0.645115	0.644951	0.645014	0.645078	0.645412	0.645745	0.646429	0.647112	0.647788	0.648464	0.648682	0.6489	0.648849	0.648798	0.648572	0.648346	0.648091	0.647836	0.647618	0.647399	0.647312	0.647225	0.647163	0.647101	0.647058	0.647016	0.646896	
0.646265	0.646232	0.646144	0.646055	0.646008	0.645961	0.645864	0.645767	0.645591	0.645415	0.645169	0.644922	0.644769	0.644616	0.64478	0.644944	0.645266	0.645587	0.646088	0.646589	0.646957	0.647326	0.647767	0.648209	0.648503	0.648798	0.649204	0.64961	0.649789	0.649968	0.64947	0.648972	0.648447	0.647923	0.647222	0.646521	0.645828	0.645136	0.644824	0.644513	0.644584	0.644655	0.644858	0.645061	0.645743	0.646425	0.64722	0.648015	0.648396	0.648777	0.648792	0.648807	0.648543	0.648279	0.647909	0.647539	0.647185	0.646831	0.646646	0.646462	0.646379	0.646296	0.646296	0.646297	0.646265	
0.645633	0.645689	0.645665	0.645641	0.645615	0.645589	0.645445	0.6453	0.64504	0.64478	0.644469	0.644159	0.644037	0.643915	0.644212	0.644509	0.64501	0.64551	0.646129	0.646747	0.647234	0.64772	0.648301	0.648881	0.649411	0.649941	0.650353	0.650765	0.651325	0.651884	0.650751	0.649617	0.649163	0.648708	0.647767	0.646825	0.645908	0.644992	0.644533	0.644075	0.644153	0.644232	0.644304	0.644377	0.645057	0.645738	0.646652	0.647566	0.64811	0.648654	0.648735	0.648816	0.648514	0.648213	0.647728	0.647243	0.646753	0.646263	0.645981	0.645699	0.645595	0.645491	0.645535	0.645578	0.645633	
0.645131	0.645281	0.645319	0.645357	0.645345	0.645334	0.645126	0.644918	0.644576	0.644234	0.643888	0.643542	0.64348	0.643418	0.643863	0.644309	0.644978	0.645646	0.646561	0.647476	0.648255	0.649034	0.649933	0.650831	0.651048	0.651265	0.652329	0.653393	0.653902	0.65441	0.65325	0.652089	0.652985	0.653881	0.651988	0.650095	0.64818	0.646265	0.645283	0.6443	0.644397	0.644495	0.64432	0.644145	0.644581	0.645017	0.645928	0.646838	0.647544	0.64825	0.64843	0.64861	0.64829	0.647969	0.647417	0.646865	0.646277	0.645689	0.645348	0.645007	0.644901	0.644796	0.644889	0.644981	0.645131	
0.644629	0.644873	0.644973	0.645073	0.645076	0.645079	0.644807	0.644535	0.644111	0.643687	0.643306	0.642924	0.642923	0.642921	0.643515	0.644108	0.644945	0.645782	0.646994	0.648205	0.649277	0.650348	0.651565	0.652781	0.652685	0.652588	0.654305	0.656022	0.656479	0.656936	0.655748	0.65456	0.656807	0.659054	0.656209	0.654435	0.647596	0.647983	0.647396	0.644823	0.644276	0.644758	0.644335	0.643912	0.644104	0.644296	0.645203	0.64611	0.646978	0.647846	0.648125	0.648405	0.648065	0.647725	0.647106	0.646488	0.645801	0.645115	0.644715	0.644315	0.644208	0.644101	0.644243	0.644384	0.644629	
0.644354	0.644672	0.644832	0.644991	0.64499	0.644988	0.644678	0.644367	0.643899	0.643431	0.643042	0.642653	0.642742	0.64283	0.643547	0.644263	0.645394	0.646525	0.648067	0.649608	0.651062	0.652516	0.653902	0.655287	0.655295	0.655303	0.656032	0.656762	0.658688	0.660615	0.657483	0.65435	0.656371	0.658391	0.656169	0.658867	0.6501	0.655059	0.656362	0.649054	0.64529	0.645463	0.644675	0.643887	0.643774	0.64366	0.644407	0.645154	0.646139	0.647125	0.647557	0.647989	0.647732	0.647475	0.646846	0.646218	0.645481	0.644744	0.644295	0.643846	0.643748	0.64365	0.643843	0.644036	0.644354	
0.644079	0.644471	0.64469	0.64491	0.644904	0.644898	0.644548	0.644199	0.643687	0.643175	0.642779	0.642382	0.642561	0.64274	0.643579	0.644418	0.645843	0.647267	0.649139	0.651012	0.652848	0.654684	0.656238	0.657792	0.657905	0.658018	0.65776	0.657502	0.660898	0.664294	0.659217	0.65414	0.655934	0.657729	0.656129	0.656409	0.651909	0.665521	0.663444	0.65459	0.649133	0.646863	0.645118	0.644088	0.64341	0.643025	0.643611	0.644197	0.6453	0.646403	0.646988	0.647573	0.647399	0.647225	0.646586	0.645947	0.645161	0.644374	0.643875	0.643377	0.643288	0.643199	0.643443	0.643688	0.644079	
0.644123	0.644585	0.644845	0.645105	0.64507	0.645034	0.644607	0.64418	0.643607	0.643034	0.642628	0.642221	0.642428	0.642635	0.643598	0.644561	0.646256	0.647952	0.650173	0.652394	0.652978	0.653561	0.653968	0.654374	0.656281	0.658187	0.659134	0.660081	0.658987	0.657893	0.653817	0.649742	0.651024	0.652307	0.6504	0.647374	0.646595	0.659153	0.661528	0.659952	0.659753	0.653318	0.646155	0.643888	0.642992	0.642389	0.643178	0.643967	0.645049	0.646132	0.64676	0.647389	0.647216	0.647042	0.646394	0.645745	0.644927	0.644108	0.643614	0.643121	0.643064	0.643007	0.643334	0.643661	0.644123	
0.644167	0.6447	0.645	0.645301	0.645236	0.645171	0.644666	0.644161	0.643527	0.642893	0.642477	0.642061	0.642295	0.64253	0.643617	0.644704	0.64667	0.648637	0.651206	0.653776	0.653107	0.652438	0.651697	0.650956	0.654656	0.658357	0.660509	0.668732	0.658219	0.651492	0.648418	0.645344	0.646114	0.648808	0.647424	0.641596	0.637499	0.645989	0.671663	0.666143	0.66973	0.66648	0.646448	0.643366	0.642344	0.641752	0.642744	0.643736	0.644799	0.645861	0.646533	0.647205	0.647032	0.64686	0.646201	0.645543	0.644692	0.643842	0.643353	0.642865	0.64284	0.642815	0.643225	0.643635	0.644167	
0.644358	0.644941	0.645288	0.645634	0.645566	0.645498	0.644994	0.64449	0.643845	0.6432	0.642785	0.642371	0.642625	0.64288	0.643815	0.64475	0.646687	0.648625	0.650865	0.653106	0.651483	0.649861	0.645972	0.642082	0.643628	0.645175	0.646468	0.651346	0.645652	0.639727	0.637929	0.636131	0.63681	0.637121	0.646734	0.648694	0.638377	0.642507	0.642605	0.641377	0.658501	0.657129	0.644413	0.641416	0.640999	0.640941	0.642135	0.643329	0.644515	0.645702	0.646351	0.647001	0.646913	0.646824	0.646209	0.645595	0.644764	0.643934	0.643422	0.642911	0.642899	0.642887	0.643331	0.643776	0.644358	
0.64455	0.645183	0.645575	0.645967	0.645896	0.645825	0.645322	0.644818	0.644163	0.643507	0.643094	0.64268	0.642955	0.643229	0.644013	0.644796	0.646705	0.648614	0.650524	0.652435	0.649859	0.647284	0.640246	0.633208	0.6326	0.631992	0.632427	0.632862	0.630412	0.627963	0.62744	0.626918	0.627507	0.628176	0.640896	0.649441	0.656518	0.650942	0.681637	0.649715	0.645731	0.644526	0.641491	0.639282	0.639603	0.64013	0.641525	0.642921	0.644232	0.645543	0.64617	0.646797	0.646793	0.646789	0.646218	0.645646	0.644836	0.644026	0.643491	0.642957	0.642957	0.642958	0.643437	0.643916	0.644549	
0.645059	0.645729	0.64613	0.64653	0.646423	0.646315	0.645754	0.645193	0.644499	0.643804	0.643417	0.64303	0.643288	0.643546	0.644215	0.644884	0.646348	0.647813	0.649193	0.650573	0.649935	0.649296	0.643831	0.638366	0.63417	0.629975	0.629788	0.629601	0.629841	0.63008	0.629424	0.628768	0.628323	0.625178	0.630112	0.636132	0.636035	0.661652	0.670679	0.650975	0.644356	0.64129	0.639584	0.638726	0.639115	0.639986	0.641422	0.642858	0.644202	0.645547	0.646246	0.646946	0.646946	0.646947	0.646398	0.645849	0.645041	0.644232	0.643728	0.643223	0.643257	0.643291	0.64384	0.644388	0.645058	
0.645568	0.646276	0.646685	0.647094	0.646949	0.646804	0.646186	0.645568	0.644835	0.644101	0.643741	0.643381	0.643621	0.643862	0.644417	0.644972	0.645992	0.647013	0.647862	0.648711	0.65001	0.651309	0.647416	0.643523	0.635741	0.627958	0.62715	0.626341	0.62927	0.632198	0.631409	0.630619	0.62914	0.627006	0.626844	0.628656	0.630273	0.638596	0.6457	0.645522	0.641608	0.638747	0.638267	0.637738	0.63879	0.639843	0.641319	0.642795	0.644173	0.64555	0.646322	0.647095	0.6471	0.647104	0.646578	0.646052	0.645245	0.644438	0.643964	0.64349	0.643557	0.643625	0.644242	0.644859	0.645567	
0.646071	0.646794	0.647211	0.647628	0.64748	0.647333	0.64674	0.646147	0.645407	0.644667	0.644307	0.643947	0.644232	0.644516	0.645056	0.645595	0.646574	0.647553	0.648095	0.648636	0.650234	0.651832	0.648913	0.645995	0.639238	0.632482	0.63013	0.627779	0.631259	0.63474	0.633745	0.632751	0.631202	0.629538	0.628472	0.628794	0.63004	0.636362	0.642928	0.640782	0.637984	0.636585	0.636996	0.637243	0.638486	0.63973	0.641257	0.642783	0.644175	0.645567	0.646373	0.647179	0.647256	0.647334	0.646857	0.64638	0.64563	0.64488	0.644408	0.643935	0.644014	0.644092	0.64472	0.645348	0.646071	
0.646574	0.647312	0.647736	0.648161	0.648012	0.647862	0.647293	0.646725	0.645979	0.645233	0.644873	0.644514	0.644842	0.645171	0.645694	0.646218	0.647156	0.648093	0.648328	0.648562	0.650458	0.652354	0.65041	0.648466	0.642736	0.637005	0.633111	0.629216	0.633249	0.637281	0.636082	0.634883	0.633264	0.631849	0.630534	0.630088	0.62988	0.633683	0.636775	0.636944	0.635763	0.635197	0.636199	0.636747	0.638183	0.639618	0.641195	0.642771	0.644178	0.645584	0.646424	0.647263	0.647413	0.647564	0.647136	0.646708	0.646016	0.645323	0.644852	0.64438	0.64447	0.644559	0.645198	0.645836	0.646574	
0.647227	0.647935	0.648351	0.648768	0.648571	0.648373	0.647773	0.647173	0.646425	0.645677	0.645369	0.645062	0.645368	0.645674	0.646216	0.646759	0.647425	0.648092	0.648282	0.648471	0.649562	0.650653	0.648879	0.647105	0.642094	0.637082	0.632551	0.62802	0.631531	0.635041	0.635115	0.63519	0.63372	0.632833	0.630954	0.630028	0.629613	0.631235	0.63365	0.634849	0.634917	0.634799	0.635998	0.636771	0.638201	0.639632	0.641124	0.642616	0.643919	0.645222	0.646364	0.647506	0.647701	0.647895	0.647529	0.647162	0.646476	0.645789	0.64536	0.64493	0.645044	0.645157	0.645838	0.646519	0.647227	
0.64788	0.648558	0.648966	0.649375	0.64913	0.648885	0.648252	0.64762	0.646871	0.646121	0.645866	0.64561	0.645893	0.646176	0.646738	0.6473	0.647695	0.64809	0.648235	0.648381	0.648666	0.648952	0.647348	0.645743	0.641451	0.637159	0.631992	0.626824	0.629812	0.632801	0.634148	0.635496	0.634177	0.632756	0.63061	0.629494	0.629283	0.629784	0.631703	0.633568	0.634252	0.63469	0.636155	0.636795	0.63822	0.639646	0.641053	0.642461	0.64366	0.644859	0.646304	0.64775	0.647988	0.648227	0.647921	0.647616	0.646936	0.646255	0.645868	0.64548	0.645618	0.645755	0.646479	0.647202	0.64788	
0.648326	0.648984	0.649387	0.649791	0.649539	0.649287	0.648685	0.648084	0.647344	0.646604	0.646364	0.646123	0.646368	0.646612	0.647156	0.6477	0.648207	0.648714	0.649067	0.649419	0.648768	0.648116	0.644759	0.641403	0.638109	0.634815	0.631454	0.628093	0.631157	0.634222	0.634867	0.635512	0.634101	0.633161	0.631744	0.630935	0.630781	0.630999	0.632046	0.633386	0.634479	0.635558	0.637136	0.638313	0.639447	0.64058	0.641596	0.642611	0.643928	0.645246	0.646487	0.647728	0.648057	0.648385	0.648125	0.647864	0.647277	0.64669	0.646339	0.645989	0.646139	0.646289	0.646978	0.647668	0.648326	
0.648771	0.64941	0.649808	0.650207	0.649948	0.649689	0.649118	0.648547	0.647817	0.647088	0.646862	0.646636	0.646842	0.647048	0.647574	0.648101	0.648719	0.649338	0.649898	0.650458	0.648869	0.64728	0.642171	0.637062	0.634766	0.63247	0.630916	0.629362	0.632502	0.635643	0.635585	0.635527	0.634024	0.632522	0.631792	0.631062	0.631249	0.631435	0.631853	0.632271	0.634118	0.635965	0.637898	0.639831	0.640673	0.641515	0.642138	0.64276	0.644197	0.645633	0.646669	0.647706	0.648125	0.648544	0.648328	0.648113	0.647619	0.647126	0.646811	0.646497	0.646659	0.646822	0.647478	0.648133	0.648771	
0.649234	0.649859	0.650234	0.650609	0.65033	0.65005	0.649476	0.648901	0.648176	0.647452	0.647232	0.647013	0.647197	0.64738	0.647948	0.648516	0.649056	0.649596	0.649108	0.64862	0.645902	0.643183	0.63967	0.636156	0.635834	0.635511	0.635079	0.634647	0.635764	0.636881	0.636616	0.63635	0.635367	0.634385	0.632809	0.631234	0.63146	0.631687	0.632089	0.632491	0.634504	0.636517	0.638278	0.640039	0.640638	0.641237	0.642216	0.643195	0.644586	0.645977	0.64701	0.648043	0.648388	0.648734	0.648565	0.648396	0.647912	0.647427	0.647161	0.646895	0.647072	0.647249	0.647928	0.648608	0.649234	
0.649696	0.650309	0.65066	0.651011	0.650711	0.650411	0.649833	0.649255	0.648535	0.647816	0.647603	0.64739	0.647551	0.647712	0.648322	0.648932	0.649393	0.649854	0.648317	0.646781	0.642934	0.639087	0.637169	0.635251	0.636902	0.638552	0.639242	0.639932	0.639025	0.638119	0.637646	0.637173	0.636711	0.636248	0.633826	0.631405	0.631672	0.63194	0.632326	0.632712	0.634891	0.637069	0.638658	0.640246	0.640602	0.640959	0.642294	0.643629	0.644975	0.646321	0.647351	0.64838	0.648652	0.648923	0.648802	0.64868	0.648204	0.647729	0.647511	0.647294	0.647485	0.647675	0.648379	0.649082	0.649696	
0.649935	0.650519	0.650848	0.651177	0.650857	0.650537	0.649957	0.649377	0.64866	0.647944	0.647796	0.647649	0.647996	0.648344	0.649009	0.649674	0.649645	0.649617	0.647535	0.645453	0.642003	0.638553	0.638073	0.637594	0.638591	0.639587	0.639527	0.639467	0.638491	0.637514	0.637613	0.637711	0.637762	0.637813	0.635936	0.634059	0.633345	0.632631	0.633215	0.633798	0.635476	0.637154	0.638493	0.639832	0.640442	0.641051	0.64252	0.643988	0.645333	0.646678	0.64762	0.648561	0.648861	0.64916	0.649028	0.648896	0.648455	0.648015	0.647812	0.64761	0.647802	0.647995	0.648673	0.649352	0.649935	
0.650175	0.650729	0.651035	0.651342	0.651002	0.650663	0.65008	0.649498	0.648785	0.648072	0.64799	0.647907	0.648442	0.648976	0.649696	0.650415	0.649898	0.64938	0.646752	0.644124	0.641072	0.638019	0.638978	0.639937	0.64028	0.640622	0.639812	0.639001	0.637955	0.63691	0.63758	0.638249	0.638813	0.639377	0.638045	0.636713	0.635018	0.633323	0.634103	0.634883	0.636061	0.637239	0.638329	0.639419	0.640281	0.641144	0.642745	0.644347	0.645691	0.647035	0.647888	0.648742	0.649069	0.649397	0.649254	0.649112	0.648706	0.648301	0.648114	0.647926	0.64812	0.648314	0.648968	0.649622	0.650175	
0.650285	0.650823	0.651094	0.651365	0.650994	0.650623	0.650002	0.649381	0.648666	0.647951	0.647956	0.647962	0.648608	0.649254	0.64999	0.650726	0.650235	0.649744	0.647428	0.645112	0.642375	0.639637	0.640407	0.641178	0.641607	0.642037	0.641472	0.640908	0.64027	0.639632	0.638837	0.638041	0.638266	0.638492	0.638305	0.638118	0.636532	0.634946	0.635295	0.635644	0.636533	0.637422	0.6382	0.638978	0.63976	0.640542	0.64234	0.644138	0.645621	0.647104	0.647986	0.648868	0.649129	0.649389	0.649252	0.649115	0.64872	0.648325	0.648164	0.648003	0.648213	0.648423	0.649085	0.649747	0.650285	
0.650395	0.650918	0.651152	0.651387	0.650985	0.650583	0.649923	0.649264	0.648547	0.647831	0.647923	0.648016	0.648774	0.649532	0.650284	0.651037	0.650572	0.650107	0.648104	0.6461	0.643678	0.641255	0.641837	0.642419	0.642935	0.643452	0.643133	0.642815	0.642585	0.642355	0.640094	0.637832	0.637719	0.637607	0.638564	0.639522	0.638046	0.636569	0.636487	0.636405	0.637006	0.637606	0.638071	0.638536	0.639239	0.639941	0.641935	0.64393	0.645551	0.647173	0.648084	0.648995	0.649188	0.649381	0.649249	0.649118	0.648734	0.64835	0.648215	0.64808	0.648306	0.648532	0.649202	0.649872	0.650395	
0.650294	0.650765	0.650963	0.651161	0.650752	0.650342	0.649696	0.64905	0.648322	0.647594	0.647662	0.64773	0.648417	0.649105	0.649876	0.650648	0.650395	0.650141	0.648663	0.647184	0.64543	0.643676	0.644098	0.644519	0.644401	0.644283	0.643563	0.642842	0.642582	0.642321	0.639969	0.637618	0.637249	0.63688	0.637949	0.639017	0.638194	0.63737	0.637466	0.637563	0.63788	0.638197	0.63849	0.638783	0.63962	0.640458	0.642329	0.644201	0.645825	0.647449	0.648282	0.649115	0.649281	0.649447	0.649278	0.649109	0.648735	0.64836	0.648245	0.648129	0.648346	0.648564	0.649193	0.649823	0.650294	
0.650193	0.650612	0.650774	0.650935	0.650519	0.650102	0.649469	0.648836	0.648097	0.647357	0.6474	0.647443	0.648061	0.648678	0.649468	0.650259	0.650217	0.650176	0.649222	0.648269	0.647183	0.646097	0.646358	0.64662	0.645868	0.645115	0.643992	0.64287	0.642579	0.642288	0.639845	0.637403	0.636778	0.636154	0.637333	0.638512	0.638341	0.63817	0.638445	0.63872	0.638754	0.638789	0.638909	0.639029	0.640002	0.640975	0.642723	0.644471	0.646098	0.647725	0.64848	0.649235	0.649374	0.649513	0.649307	0.6491	0.648736	0.648371	0.648275	0.648179	0.648387	0.648595	0.649185	0.649774	0.650193	
0.649903	0.650311	0.650445	0.65058	0.650166	0.649752	0.649101	0.64845	0.647683	0.646916	0.646886	0.646857	0.647328	0.647799	0.648516	0.649234	0.649357	0.649479	0.64893	0.648381	0.64783	0.647279	0.647181	0.647083	0.646209	0.645335	0.64414	0.642945	0.642506	0.642066	0.639737	0.637409	0.636847	0.636286	0.637046	0.637806	0.638122	0.638437	0.638875	0.639313	0.639292	0.63927	0.639537	0.639804	0.640815	0.641826	0.643472	0.645118	0.646509	0.6479	0.648603	0.649306	0.649375	0.649444	0.649151	0.648858	0.648479	0.6481	0.647993	0.647886	0.648108	0.648331	0.648913	0.649494	0.649903	
0.649612	0.650009	0.650117	0.650225	0.649814	0.649402	0.648734	0.648065	0.647269	0.646474	0.646372	0.64627	0.646595	0.646919	0.647564	0.648209	0.648496	0.648783	0.648639	0.648494	0.648478	0.648461	0.648003	0.647545	0.64655	0.645556	0.644288	0.643021	0.642433	0.641845	0.63963	0.637415	0.636916	0.636418	0.636759	0.637101	0.637902	0.638703	0.639304	0.639905	0.639829	0.639752	0.640165	0.640578	0.641628	0.642677	0.644221	0.645765	0.646919	0.648074	0.648726	0.649377	0.649376	0.649375	0.648995	0.648616	0.648223	0.647829	0.647711	0.647592	0.647829	0.648066	0.648641	0.649215	0.649612	
0.649205	0.649529	0.649595	0.64966	0.649274	0.648888	0.648272	0.647657	0.646891	0.646126	0.645972	0.645818	0.646025	0.646233	0.646821	0.647409	0.647707	0.648005	0.648002	0.648	0.647916	0.647831	0.647552	0.647273	0.646695	0.646117	0.645092	0.644066	0.64342	0.642774	0.64079	0.638805	0.638549	0.638292	0.638541	0.638789	0.639098	0.639407	0.640187	0.640967	0.641072	0.641176	0.641655	0.642133	0.643022	0.64391	0.645135	0.64636	0.647343	0.648327	0.648852	0.649377	0.649308	0.649238	0.648848	0.648458	0.648065	0.647672	0.647557	0.647443	0.647649	0.647854	0.648367	0.64888	0.649205	
0.648797	0.649048	0.649072	0.649096	0.648734	0.648373	0.647811	0.647248	0.646513	0.645777	0.645572	0.645366	0.645456	0.645547	0.646078	0.646608	0.646917	0.647226	0.647366	0.647507	0.647354	0.647201	0.647101	0.647001	0.646839	0.646678	0.645895	0.645112	0.644408	0.643704	0.64195	0.640196	0.640182	0.640167	0.640323	0.640478	0.640294	0.640111	0.64107	0.642029	0.642315	0.6426	0.643144	0.643688	0.644415	0.645143	0.646049	0.646955	0.647768	0.648581	0.648979	0.649378	0.64924	0.649102	0.648701	0.6483	0.647907	0.647515	0.647404	0.647293	0.647468	0.647642	0.648094	0.648546	0.648797	
0.648258	0.648473	0.648479	0.648485	0.648183	0.647881	0.647386	0.646891	0.646228	0.645566	0.645323	0.64508	0.64507	0.645059	0.645499	0.645939	0.646244	0.646548	0.646724	0.6469	0.646881	0.646863	0.646833	0.646802	0.646803	0.646804	0.646432	0.64606	0.645589	0.645118	0.643282	0.641446	0.641766	0.642085	0.642354	0.642624	0.642323	0.642022	0.642679	0.643335	0.643616	0.643898	0.644346	0.644795	0.645373	0.64595	0.646701	0.647451	0.648116	0.648781	0.648988	0.649194	0.648973	0.648751	0.648319	0.647887	0.647481	0.647075	0.646976	0.646878	0.647042	0.647206	0.647625	0.648043	0.648258	
0.647719	0.647897	0.647886	0.647874	0.647632	0.647389	0.646961	0.646533	0.645944	0.645355	0.645075	0.644795	0.644683	0.644571	0.64492	0.645269	0.64557	0.645871	0.646082	0.646292	0.646409	0.646525	0.646564	0.646604	0.646767	0.64693	0.646968	0.647007	0.64677	0.646532	0.644614	0.642697	0.643349	0.644002	0.644386	0.64477	0.644352	0.643933	0.644287	0.644641	0.644918	0.645195	0.645549	0.645902	0.64633	0.646758	0.647352	0.647947	0.648465	0.648982	0.648997	0.649011	0.648706	0.648401	0.647938	0.647475	0.647055	0.646635	0.646549	0.646463	0.646616	0.64677	0.647155	0.64754	0.647719	
0.647185	0.647274	0.647233	0.647192	0.647031	0.646871	0.646577	0.646283	0.645859	0.645435	0.645215	0.644995	0.644863	0.64473	0.644942	0.645153	0.645341	0.645529	0.64567	0.64581	0.645927	0.646045	0.646162	0.64628	0.646514	0.646748	0.647133	0.647517	0.647487	0.647457	0.646042	0.644626	0.645042	0.645459	0.645594	0.645729	0.645392	0.645054	0.645352	0.64565	0.645896	0.646143	0.646391	0.64664	0.646956	0.647272	0.64772	0.648169	0.6485	0.648831	0.648731	0.648632	0.648328	0.648024	0.647611	0.647197	0.646839	0.646482	0.646423	0.646364	0.64645	0.646537	0.646816	0.647095	0.647185	
0.64665	0.646652	0.646581	0.646509	0.646431	0.646352	0.646192	0.646033	0.645774	0.645516	0.645356	0.645195	0.645043	0.64489	0.644963	0.645036	0.645112	0.645188	0.645258	0.645328	0.645446	0.645564	0.64576	0.645956	0.646261	0.646567	0.647297	0.648027	0.648205	0.648383	0.647469	0.646555	0.646735	0.646916	0.646802	0.646688	0.646432	0.646175	0.646417	0.646659	0.646875	0.647091	0.647234	0.647377	0.647582	0.647786	0.648088	0.64839	0.648535	0.648679	0.648465	0.648252	0.64795	0.647648	0.647284	0.646919	0.646624	0.64633	0.646297	0.646264	0.646284	0.646304	0.646476	0.646649	0.64665	
0.646059	0.645988	0.645912	0.645836	0.645865	0.645893	0.645885	0.645877	0.645817	0.645756	0.645716	0.645676	0.645566	0.645456	0.645433	0.64541	0.645353	0.645297	0.645259	0.64522	0.645275	0.64533	0.64551	0.645691	0.645965	0.646239	0.646884	0.647529	0.647782	0.648035	0.647711	0.647386	0.647304	0.647221	0.647146	0.64707	0.646895	0.646721	0.646916	0.647112	0.647262	0.647411	0.647474	0.647536	0.647654	0.647771	0.647935	0.648099	0.648158	0.648218	0.647994	0.64777	0.647525	0.64728	0.646984	0.646689	0.64647	0.646251	0.646207	0.646163	0.646109	0.646056	0.646093	0.64613	0.646059	
0.645468	0.645325	0.645244	0.645163	0.645299	0.645435	0.645578	0.645721	0.645859	0.645996	0.646077	0.646157	0.64609	0.646022	0.645903	0.645783	0.645595	0.645406	0.645259	0.645112	0.645104	0.645096	0.645261	0.645426	0.645669	0.645911	0.646471	0.64703	0.647359	0.647687	0.647952	0.648218	0.647872	0.647526	0.647489	0.647452	0.647359	0.647266	0.647416	0.647565	0.647648	0.647732	0.647713	0.647694	0.647725	0.647756	0.647782	0.647807	0.647782	0.647756	0.647523	0.647289	0.6471	0.646911	0.646685	0.646458	0.646315	0.646172	0.646117	0.646062	0.645935	0.645808	0.64571	0.645612	0.645468	
0.645044	0.644821	0.644746	0.64467	0.644897	0.645125	0.645432	0.645739	0.646079	0.646418	0.646651	0.646884	0.6469	0.646916	0.646803	0.64669	0.646407	0.646124	0.645867	0.645609	0.645479	0.64535	0.645413	0.645475	0.645612	0.645749	0.64621	0.646671	0.646885	0.647098	0.647438	0.647778	0.647512	0.647246	0.647303	0.64736	0.647368	0.647375	0.64753	0.647684	0.647744	0.647804	0.647766	0.647728	0.647695	0.647663	0.647627	0.647591	0.647546	0.647502	0.647324	0.647146	0.647029	0.646913	0.646779	0.646645	0.646526	0.646407	0.64631	0.646213	0.645978	0.645743	0.645504	0.645266	0.645044	
0.644619	0.644318	0.644247	0.644177	0.644496	0.644814	0.645286	0.645757	0.646298	0.646839	0.647225	0.647611	0.647711	0.64781	0.647704	0.647597	0.64722	0.646842	0.646474	0.646106	0.645855	0.645604	0.645564	0.645524	0.645555	0.645586	0.645949	0.646313	0.646411	0.646509	0.646923	0.647337	0.647152	0.646967	0.647118	0.647268	0.647376	0.647484	0.647644	0.647803	0.64784	0.647876	0.647819	0.647763	0.647666	0.647569	0.647472	0.647375	0.647311	0.647247	0.647125	0.647003	0.646959	0.646914	0.646873	0.646833	0.646737	0.646641	0.646502	0.646363	0.64602	0.645678	0.645299	0.644921	0.644619	
0.644353	0.643989	0.643903	0.643817	0.644192	0.644568	0.645131	0.645693	0.646382	0.647071	0.647571	0.648071	0.648288	0.648505	0.648459	0.648414	0.64806	0.647705	0.647303	0.646901	0.646544	0.646187	0.646018	0.645849	0.645747	0.645645	0.645882	0.646119	0.646164	0.64621	0.646607	0.647005	0.646904	0.646804	0.647028	0.647253	0.647374	0.647495	0.647648	0.647802	0.647847	0.647893	0.647851	0.647809	0.647743	0.647677	0.647607	0.647537	0.647517	0.647498	0.647438	0.647378	0.647385	0.647391	0.647388	0.647385	0.647254	0.647123	0.646898	0.646672	0.646198	0.645724	0.645221	0.644717	0.644353	
0.644088	0.643661	0.643558	0.643456	0.643888	0.644321	0.644975	0.64563	0.646466	0.647302	0.647917	0.648531	0.648865	0.649199	0.649215	0.649231	0.6489	0.648568	0.648132	0.647697	0.647234	0.64677	0.646472	0.646173	0.645939	0.645705	0.645815	0.645926	0.645918	0.64591	0.646291	0.646672	0.646656	0.64664	0.646939	0.647237	0.647371	0.647506	0.647653	0.647801	0.647855	0.647909	0.647883	0.647856	0.647821	0.647786	0.647742	0.647698	0.647724	0.647749	0.647751	0.647754	0.647811	0.647868	0.647903	0.647937	0.647771	0.647606	0.647294	0.646982	0.646376	0.64577	0.645142	0.644514	0.644088	
0.644128	0.64369	0.64359	0.643489	0.643923	0.644357	0.64504	0.645723	0.646607	0.64749	0.648157	0.648825	0.649207	0.649589	0.649664	0.64974	0.649426	0.649112	0.648689	0.648266	0.647744	0.647222	0.64686	0.646498	0.646203	0.645909	0.645958	0.646007	0.645986	0.645966	0.646316	0.646666	0.646698	0.64673	0.647071	0.647413	0.647554	0.647694	0.647867	0.648041	0.648089	0.648137	0.648144	0.64815	0.648127	0.648103	0.648105	0.648107	0.648147	0.648187	0.648225	0.648263	0.64831	0.648356	0.648361	0.648366	0.648141	0.647917	0.64754	0.647163	0.646521	0.645879	0.645222	0.644565	0.644128	
0.644168	0.64372	0.643621	0.643523	0.643957	0.644392	0.645104	0.645817	0.646747	0.647677	0.648398	0.649118	0.649549	0.649979	0.650114	0.650248	0.649952	0.649656	0.649245	0.648834	0.648254	0.647673	0.647248	0.646822	0.646468	0.646113	0.646101	0.646088	0.646055	0.646022	0.646341	0.64666	0.64674	0.64682	0.647204	0.647589	0.647736	0.647883	0.648082	0.64828	0.648323	0.648365	0.648405	0.648445	0.648433	0.648421	0.648468	0.648516	0.648571	0.648626	0.6487	0.648773	0.648809	0.648844	0.648819	0.648794	0.648512	0.648229	0.647787	0.647345	0.646666	0.645987	0.645302	0.644616	0.644168	
0.644502	0.644047	0.643914	0.643781	0.644163	0.644545	0.645177	0.64581	0.646686	0.647563	0.648244	0.648926	0.649356	0.649787	0.649921	0.650054	0.649797	0.64954	0.649161	0.648782	0.648225	0.647668	0.647265	0.646863	0.646516	0.646169	0.646155	0.646141	0.646122	0.646102	0.646417	0.646733	0.646851	0.64697	0.647354	0.647738	0.6479	0.648062	0.648255	0.648447	0.648498	0.648548	0.648594	0.64864	0.648647	0.648654	0.648725	0.648795	0.648873	0.648951	0.649043	0.649136	0.649165	0.649195	0.649154	0.649114	0.648813	0.648511	0.648061	0.647611	0.646946	0.646282	0.645619	0.644957	0.644502	
0.644835	0.644374	0.644207	0.64404	0.644369	0.644698	0.64525	0.645803	0.646626	0.647449	0.648091	0.648733	0.649164	0.649594	0.649728	0.649861	0.649642	0.649424	0.649077	0.648729	0.648196	0.647662	0.647283	0.646904	0.646564	0.646225	0.64621	0.646195	0.646189	0.646182	0.646494	0.646805	0.646963	0.64712	0.647504	0.647887	0.648064	0.648241	0.648427	0.648613	0.648673	0.648732	0.648784	0.648835	0.648862	0.648888	0.648981	0.649073	0.649174	0.649275	0.649387	0.649499	0.649522	0.649545	0.649489	0.649433	0.649114	0.648794	0.648335	0.647876	0.647227	0.646577	0.645937	0.645297	0.644835	
0.645415	0.644975	0.644788	0.644602	0.644832	0.645063	0.645497	0.645931	0.6466	0.64727	0.647821	0.648372	0.648744	0.649116	0.649231	0.649345	0.649128	0.648911	0.6486	0.648288	0.647802	0.647316	0.646992	0.646667	0.646389	0.646111	0.646134	0.646157	0.646224	0.646291	0.646625	0.64696	0.64716	0.64736	0.647745	0.648129	0.648311	0.648492	0.648673	0.648854	0.648884	0.648914	0.648952	0.648989	0.648974	0.64896	0.649028	0.649096	0.649168	0.64924	0.649339	0.649437	0.649456	0.649475	0.649431	0.649387	0.649119	0.648851	0.64846	0.64807	0.647515	0.646961	0.646408	0.645856	0.645415	
0.645996	0.645577	0.64537	0.645164	0.645296	0.645428	0.645744	0.64606	0.646575	0.64709	0.647551	0.648012	0.648325	0.648638	0.648734	0.648829	0.648614	0.648398	0.648123	0.647847	0.647409	0.646971	0.6467	0.64643	0.646213	0.645997	0.646058	0.64612	0.64626	0.646399	0.646757	0.647115	0.647357	0.6476	0.647986	0.648372	0.648557	0.648743	0.648919	0.649095	0.649095	0.649096	0.64912	0.649143	0.649087	0.649031	0.649074	0.649118	0.649162	0.649206	0.64929	0.649374	0.649389	0.649404	0.649373	0.649341	0.649124	0.648907	0.648585	0.648263	0.647804	0.647345	0.64688	0.646415	0.645996	
0.646772	0.646372	0.646121	0.64587	0.645885	0.645899	0.646051	0.646203	0.646547	0.646891	0.647191	0.647492	0.647711	0.647931	0.647976	0.648021	0.647801	0.64758	0.647319	0.647059	0.646675	0.646291	0.646083	0.645874	0.645731	0.645587	0.645709	0.645832	0.646029	0.646226	0.646639	0.647051	0.647328	0.647604	0.647981	0.648357	0.648522	0.648688	0.648827	0.648966	0.648923	0.64888	0.648846	0.648812	0.648713	0.648613	0.648618	0.648622	0.648664	0.648706	0.648801	0.648896	0.648967	0.649039	0.649096	0.649153	0.649057	0.648961	0.648771	0.648582	0.648243	0.647905	0.647538	0.647171	0.646772	
