x=200	y=85	z=200	n=65	len=1
b
0.644327	0.644379	0.644375	0.644371	0.644388	0.644404	0.644398	0.644392	0.644387	0.644382	0.644369	0.644356	0.644332	0.644307	0.644276	0.644245	0.644198	0.644151	0.644096	0.644041	0.643973	0.643906	0.64383	0.643754	0.643682	0.64361	0.643521	0.643432	0.643375	0.643319	0.643207	0.643096	0.64306	0.643023	0.6429	0.642777	0.642781	0.642786	0.642683	0.64258	0.642646	0.642712	0.64266	0.642607	0.642739	0.64287	0.642867	0.642863	0.643042	0.643221	0.643244	0.643267	0.643458	0.643648	0.643674	0.643699	0.643862	0.644025	0.64404	0.644055	0.644162	0.644269	0.644272	0.644275	0.644327	
0.644303	0.644353	0.644347	0.644341	0.644348	0.644354	0.644344	0.644335	0.644315	0.644296	0.644281	0.644267	0.644228	0.644189	0.644162	0.644135	0.644077	0.644018	0.643971	0.643924	0.643848	0.643771	0.643705	0.643638	0.643559	0.643479	0.643391	0.643303	0.643236	0.643168	0.643052	0.642936	0.64289	0.642845	0.642715	0.642586	0.642585	0.642585	0.642474	0.642363	0.642434	0.642504	0.642448	0.642393	0.642538	0.642683	0.642682	0.642681	0.642877	0.643072	0.643102	0.643132	0.643341	0.643549	0.643583	0.643617	0.643794	0.64397	0.643992	0.644013	0.644128	0.644243	0.644247	0.644252	0.644303	
0.644371	0.644417	0.644403	0.64439	0.644392	0.644394	0.64437	0.644346	0.644325	0.644304	0.64427	0.644237	0.644201	0.644166	0.644118	0.644071	0.64402	0.643969	0.643904	0.643839	0.643777	0.643714	0.64363	0.643546	0.643483	0.643421	0.64331	0.643198	0.643146	0.643095	0.642954	0.642814	0.642782	0.64275	0.642601	0.642451	0.642461	0.64247	0.642347	0.642224	0.642306	0.642389	0.642339	0.642289	0.642447	0.642606	0.642623	0.64264	0.642845	0.64305	0.643102	0.643153	0.643365	0.643577	0.643629	0.643681	0.643855	0.644029	0.644061	0.644093	0.644203	0.644312	0.644319	0.644325	0.644371	
0.644439	0.64448	0.644459	0.644438	0.644437	0.644435	0.644396	0.644357	0.644334	0.644312	0.64426	0.644207	0.644174	0.644142	0.644074	0.644006	0.643963	0.643921	0.643837	0.643754	0.643705	0.643656	0.643555	0.643454	0.643408	0.643363	0.643228	0.643093	0.643057	0.643021	0.642856	0.642691	0.642673	0.642655	0.642486	0.642317	0.642336	0.642355	0.64222	0.642084	0.642179	0.642274	0.64223	0.642185	0.642357	0.642529	0.642564	0.6426	0.642814	0.643028	0.643101	0.643174	0.643389	0.643604	0.643675	0.643745	0.643916	0.644087	0.64413	0.644174	0.644277	0.644381	0.64439	0.644399	0.644439	
0.644373	0.644412	0.644388	0.644364	0.644354	0.644344	0.644302	0.64426	0.644226	0.644193	0.644139	0.644085	0.644041	0.643997	0.643932	0.643866	0.643814	0.643762	0.643686	0.643609	0.643553	0.643497	0.643403	0.643309	0.643255	0.6432	0.643066	0.642933	0.642884	0.642836	0.642661	0.642485	0.64245	0.642415	0.642233	0.642051	0.642059	0.642067	0.641919	0.641771	0.64187	0.64197	0.641926	0.641881	0.642075	0.642269	0.642313	0.642358	0.642599	0.642839	0.642922	0.643004	0.643243	0.643482	0.643559	0.643636	0.643823	0.64401	0.644055	0.6441	0.64421	0.644321	0.644328	0.644335	0.644373	
0.644307	0.644344	0.644317	0.64429	0.644272	0.644253	0.644208	0.644162	0.644118	0.644073	0.644018	0.643963	0.643908	0.643853	0.64379	0.643726	0.643665	0.643604	0.643534	0.643464	0.643401	0.643338	0.643251	0.643165	0.643101	0.643037	0.642905	0.642772	0.642712	0.642651	0.642465	0.642279	0.642227	0.642174	0.64198	0.641786	0.641783	0.64178	0.641619	0.641458	0.641562	0.641666	0.641622	0.641578	0.641793	0.642009	0.642063	0.642116	0.642383	0.642651	0.642743	0.642834	0.643097	0.643359	0.643443	0.643528	0.64373	0.643932	0.643979	0.644026	0.644143	0.644261	0.644266	0.644271	0.644307	
0.64432	0.644346	0.644312	0.644277	0.644253	0.64423	0.644173	0.644115	0.644071	0.644026	0.643958	0.643889	0.643838	0.643787	0.643712	0.643636	0.643583	0.643529	0.643451	0.643373	0.643324	0.643275	0.643178	0.643082	0.643035	0.642989	0.642829	0.64267	0.64263	0.64259	0.642365	0.64214	0.642098	0.642056	0.641827	0.641599	0.641597	0.641596	0.641412	0.641228	0.641344	0.641461	0.641424	0.641387	0.641621	0.641855	0.641938	0.642021	0.642301	0.64258	0.642704	0.642827	0.643092	0.643356	0.643463	0.643571	0.643764	0.643958	0.644016	0.644073	0.644178	0.644283	0.644289	0.644294	0.64432	
0.644333	0.644348	0.644306	0.644264	0.644235	0.644206	0.644137	0.644068	0.644024	0.64398	0.643897	0.643815	0.643768	0.643721	0.643634	0.643546	0.6435	0.643455	0.643368	0.643282	0.643247	0.643212	0.643105	0.642999	0.64297	0.642941	0.642754	0.642568	0.642549	0.64253	0.642265	0.642001	0.64197	0.641938	0.641675	0.641412	0.641412	0.641412	0.641205	0.640999	0.641127	0.641255	0.641225	0.641195	0.641448	0.641701	0.641814	0.641927	0.642218	0.642509	0.642665	0.64282	0.643086	0.643353	0.643483	0.643614	0.643799	0.643984	0.644052	0.644121	0.644214	0.644306	0.644312	0.644317	0.644333	
0.644198	0.644213	0.644165	0.644117	0.644086	0.644054	0.643982	0.64391	0.643863	0.643816	0.643734	0.643651	0.643603	0.643556	0.643472	0.643387	0.643346	0.643304	0.64323	0.643155	0.643131	0.643108	0.643011	0.642913	0.642888	0.642862	0.642672	0.642482	0.642444	0.642407	0.642116	0.641826	0.641747	0.641669	0.641402	0.641135	0.641091	0.641047	0.640828	0.640608	0.640723	0.640837	0.640823	0.640808	0.641082	0.641356	0.641487	0.641618	0.641937	0.642256	0.642426	0.642597	0.642886	0.643175	0.643313	0.64345	0.643652	0.643853	0.643919	0.643985	0.644085	0.644184	0.644183	0.644182	0.644198	
0.644063	0.644078	0.644024	0.64397	0.643937	0.643903	0.643827	0.643752	0.643703	0.643653	0.64357	0.643486	0.643438	0.64339	0.64331	0.643229	0.643191	0.643154	0.643091	0.643029	0.643016	0.643004	0.642916	0.642828	0.642805	0.642782	0.642589	0.642395	0.64234	0.642284	0.641967	0.64165	0.641525	0.641399	0.641128	0.640857	0.64077	0.640682	0.64045	0.640218	0.640318	0.640419	0.64042	0.640421	0.640715	0.64101	0.64116	0.64131	0.641657	0.642003	0.642188	0.642373	0.642685	0.642998	0.643142	0.643287	0.643504	0.643721	0.643785	0.643849	0.643955	0.644062	0.644054	0.644047	0.644063	
0.644023	0.644025	0.643969	0.643913	0.643872	0.643831	0.643753	0.643675	0.643626	0.643576	0.643493	0.643411	0.643367	0.643324	0.643251	0.643178	0.643155	0.643133	0.643091	0.64305	0.643064	0.643078	0.642997	0.642915	0.642914	0.642913	0.642681	0.642448	0.64243	0.642412	0.642015	0.641617	0.641498	0.641379	0.641046	0.640714	0.640575	0.640435	0.640167	0.639899	0.639971	0.640043	0.640118	0.640193	0.640495	0.640796	0.640983	0.641169	0.641527	0.641884	0.642103	0.642321	0.642634	0.642947	0.643117	0.643286	0.643493	0.6437	0.643775	0.643851	0.643941	0.644032	0.644026	0.644021	0.644023	
0.643983	0.643971	0.643913	0.643855	0.643807	0.64376	0.643679	0.643598	0.643549	0.6435	0.643417	0.643335	0.643296	0.643258	0.643192	0.643127	0.643119	0.643111	0.643091	0.643072	0.643112	0.643152	0.643078	0.643003	0.643023	0.643044	0.642773	0.642501	0.642521	0.64254	0.642062	0.641584	0.641471	0.641358	0.640965	0.640571	0.64038	0.640188	0.639884	0.63958	0.639624	0.639667	0.639816	0.639965	0.640274	0.640583	0.640806	0.641029	0.641397	0.641765	0.642017	0.642269	0.642583	0.642897	0.643091	0.643286	0.643482	0.643678	0.643765	0.643853	0.643927	0.644001	0.643998	0.643995	0.643983	
0.643784	0.643776	0.643708	0.643639	0.643596	0.643553	0.643467	0.64338	0.643338	0.643296	0.643214	0.643131	0.643107	0.643082	0.643031	0.642979	0.64301	0.643041	0.643071	0.643102	0.643188	0.643274	0.64321	0.643146	0.643187	0.643228	0.642964	0.6427	0.642665	0.642631	0.642088	0.641545	0.641326	0.641108	0.640794	0.640481	0.640289	0.640097	0.639858	0.639619	0.639603	0.639586	0.63968	0.639773	0.640026	0.640279	0.640504	0.640729	0.641105	0.641481	0.641748	0.642016	0.642345	0.642674	0.642874	0.643074	0.643283	0.643492	0.643575	0.643657	0.643739	0.64382	0.643805	0.643791	0.643784	
0.643584	0.643582	0.643503	0.643423	0.643385	0.643347	0.643255	0.643162	0.643127	0.643092	0.64301	0.642927	0.642917	0.642907	0.642869	0.64283	0.6429	0.64297	0.643051	0.643132	0.643263	0.643395	0.643342	0.64329	0.643351	0.643413	0.643156	0.642899	0.64281	0.642721	0.642114	0.641506	0.641182	0.640858	0.640624	0.640391	0.640198	0.640006	0.639832	0.639658	0.639582	0.639506	0.639543	0.639581	0.639778	0.639974	0.640202	0.64043	0.640813	0.641196	0.64148	0.641764	0.642108	0.642452	0.642657	0.642862	0.643084	0.643307	0.643384	0.643461	0.64355	0.643639	0.643613	0.643587	0.643584	
0.643532	0.643514	0.643443	0.643371	0.643325	0.643279	0.643199	0.643118	0.643083	0.643048	0.642987	0.642926	0.642926	0.642926	0.642937	0.642948	0.643071	0.643193	0.643362	0.643531	0.643681	0.643832	0.643775	0.643718	0.643772	0.643827	0.643479	0.64313	0.643105	0.64308	0.642251	0.641423	0.641275	0.641127	0.641069	0.64101	0.641098	0.641186	0.641052	0.640919	0.640684	0.640449	0.640226	0.640002	0.640067	0.640131	0.640303	0.640474	0.640816	0.641158	0.641447	0.641735	0.642068	0.642401	0.642621	0.642842	0.643052	0.643262	0.643352	0.643442	0.643514	0.643586	0.643568	0.64355	0.643532	
0.643479	0.643447	0.643383	0.643319	0.643265	0.643211	0.643143	0.643074	0.643039	0.643003	0.642963	0.642924	0.642934	0.642945	0.643006	0.643066	0.643241	0.643416	0.643673	0.64393	0.6441	0.644269	0.644207	0.644146	0.644193	0.644241	0.643801	0.643361	0.6434	0.643438	0.642389	0.64134	0.641368	0.641396	0.641513	0.64163	0.641998	0.642366	0.642273	0.64218	0.641786	0.641392	0.640908	0.640423	0.640355	0.640287	0.640403	0.640519	0.64082	0.641121	0.641414	0.641707	0.642028	0.642349	0.642586	0.642823	0.64302	0.643218	0.64332	0.643422	0.643477	0.643533	0.643523	0.643512	0.643479	
0.643255	0.643231	0.643152	0.643072	0.643029	0.642986	0.642906	0.642827	0.642804	0.642782	0.642741	0.6427	0.642732	0.642765	0.642869	0.642974	0.643231	0.643489	0.643812	0.644136	0.644303	0.644469	0.644421	0.644373	0.644363	0.644352	0.64401	0.643669	0.643338	0.643007	0.642134	0.641262	0.641245	0.641229	0.64197	0.64271	0.643038	0.643366	0.643353	0.643339	0.642894	0.642449	0.641747	0.641045	0.640801	0.640556	0.640542	0.640527	0.640751	0.640976	0.641246	0.641517	0.641831	0.642144	0.642379	0.642613	0.642816	0.643018	0.643112	0.643206	0.643268	0.643331	0.643305	0.643279	0.643255	
0.643031	0.643016	0.642921	0.642826	0.642793	0.642761	0.64267	0.642579	0.64257	0.64256	0.642518	0.642476	0.64253	0.642585	0.642733	0.642882	0.643222	0.643562	0.643951	0.644341	0.644506	0.64467	0.644635	0.6446	0.644532	0.644463	0.644219	0.643976	0.643276	0.642576	0.64188	0.641184	0.641123	0.641062	0.642426	0.643791	0.644078	0.644366	0.644432	0.644499	0.644002	0.643506	0.642587	0.641667	0.641246	0.640826	0.64068	0.640535	0.640683	0.64083	0.641079	0.641327	0.641633	0.641939	0.642171	0.642403	0.642611	0.642819	0.642904	0.642989	0.643059	0.643128	0.643087	0.643046	0.643031	
0.643026	0.642999	0.642923	0.642848	0.642807	0.642767	0.642701	0.642635	0.642624	0.642613	0.642606	0.642598	0.642656	0.642714	0.642944	0.643174	0.643546	0.643918	0.644317	0.644716	0.644674	0.644633	0.644409	0.644186	0.643862	0.643538	0.643016	0.642494	0.642118	0.641742	0.641203	0.640665	0.640965	0.641265	0.642928	0.644592	0.644875	0.645158	0.645359	0.645561	0.645344	0.645127	0.644102	0.643077	0.642354	0.641632	0.64131	0.640988	0.641006	0.641024	0.64122	0.641415	0.641687	0.641959	0.642189	0.642419	0.642613	0.642807	0.642901	0.642996	0.643052	0.643108	0.643081	0.643054	0.643026	
0.643022	0.642982	0.642926	0.64287	0.642821	0.642773	0.642732	0.642692	0.642679	0.642666	0.642693	0.64272	0.642782	0.642843	0.643155	0.643466	0.643871	0.644275	0.644683	0.645092	0.644843	0.644595	0.644184	0.643773	0.643193	0.642612	0.641812	0.641012	0.64096	0.640908	0.640527	0.640146	0.640807	0.641468	0.643431	0.645393	0.645671	0.645949	0.646287	0.646624	0.646686	0.646747	0.645617	0.644487	0.643462	0.642438	0.64194	0.641442	0.64133	0.641218	0.641361	0.641504	0.641741	0.641979	0.642207	0.642435	0.642615	0.642794	0.642899	0.643003	0.643045	0.643087	0.643074	0.643062	0.643022	
0.64282	0.64279	0.642713	0.642636	0.642599	0.642562	0.642501	0.642439	0.642436	0.642433	0.642441	0.642449	0.642508	0.642567	0.642852	0.643137	0.643505	0.643873	0.644121	0.64437	0.643776	0.643182	0.642476	0.641771	0.640833	0.639895	0.638637	0.63738	0.638461	0.639542	0.639635	0.639729	0.640747	0.641766	0.643611	0.645456	0.644653	0.643849	0.644356	0.644863	0.645652	0.646441	0.645813	0.645185	0.643874	0.642562	0.641997	0.641431	0.641261	0.641091	0.641227	0.641364	0.641587	0.641811	0.642041	0.642272	0.642449	0.642626	0.642722	0.642818	0.642865	0.642912	0.642881	0.64285	0.64282	
0.642619	0.642599	0.642501	0.642402	0.642377	0.642351	0.642269	0.642186	0.642194	0.642201	0.64219	0.642179	0.642234	0.64229	0.642549	0.642807	0.643139	0.64347	0.643559	0.643648	0.642708	0.641768	0.640768	0.639769	0.638473	0.637177	0.635463	0.633748	0.635962	0.638177	0.638744	0.639311	0.640687	0.642064	0.643791	0.645519	0.643635	0.64175	0.642426	0.643102	0.644618	0.646134	0.646009	0.645883	0.644285	0.642687	0.642054	0.641421	0.641192	0.640963	0.641094	0.641224	0.641434	0.641643	0.641876	0.642109	0.642283	0.642458	0.642545	0.642633	0.642685	0.642736	0.642688	0.642639	0.642619	
0.642706	0.642678	0.642607	0.642537	0.642506	0.642474	0.642426	0.642377	0.642377	0.642377	0.642392	0.642407	0.642452	0.642497	0.642707	0.642917	0.643108	0.643298	0.643017	0.642737	0.641207	0.639678	0.63841	0.637142	0.636145	0.635147	0.633789	0.63243	0.634225	0.636021	0.63696	0.637899	0.638673	0.639448	0.640329	0.641209	0.640344	0.639479	0.639415	0.639351	0.642008	0.644664	0.645642	0.646619	0.64531	0.644	0.642995	0.641989	0.641611	0.641234	0.641281	0.641329	0.641519	0.641708	0.641937	0.642167	0.642337	0.642507	0.642604	0.642701	0.642746	0.642791	0.642763	0.642734	0.642706	
0.642792	0.642756	0.642714	0.642672	0.642635	0.642597	0.642583	0.642568	0.64256	0.642553	0.642594	0.642635	0.642669	0.642704	0.642865	0.643027	0.643077	0.643127	0.642476	0.641825	0.639707	0.637588	0.636052	0.634516	0.633816	0.633117	0.632115	0.631112	0.632488	0.633864	0.635175	0.636486	0.636659	0.636831	0.636865	0.636899	0.637054	0.637208	0.636404	0.6356	0.639397	0.643194	0.645275	0.647356	0.646335	0.645314	0.643936	0.642558	0.642031	0.641504	0.641469	0.641434	0.641603	0.641773	0.641998	0.642224	0.64239	0.642556	0.642662	0.642769	0.642808	0.642847	0.642838	0.642829	0.642792	
0.642642	0.642613	0.642543	0.642473	0.642443	0.642414	0.642362	0.64231	0.642303	0.642296	0.642291	0.642286	0.6423	0.642313	0.642384	0.642456	0.642351	0.642246	0.641677	0.641109	0.639129	0.63715	0.635395	0.633641	0.633677	0.633712	0.633863	0.634015	0.634061	0.634108	0.63413	0.634152	0.633987	0.633822	0.633344	0.632866	0.634535	0.636203	0.635314	0.634426	0.637404	0.640382	0.643457	0.646533	0.645387	0.644242	0.643152	0.642062	0.641639	0.641217	0.641242	0.641267	0.641453	0.64164	0.641881	0.642122	0.642285	0.642447	0.642548	0.642649	0.642688	0.642728	0.642699	0.642671	0.642642	
0.642492	0.642471	0.642372	0.642273	0.642252	0.64223	0.642141	0.642053	0.642046	0.642039	0.641989	0.641938	0.64193	0.641922	0.641903	0.641884	0.641624	0.641365	0.640879	0.640393	0.638552	0.636712	0.634739	0.632766	0.633537	0.634308	0.635612	0.636917	0.635634	0.634351	0.633084	0.631817	0.631315	0.630812	0.629822	0.628833	0.632015	0.635199	0.634225	0.633251	0.63541	0.63757	0.64164	0.64571	0.64444	0.64317	0.642368	0.641566	0.641248	0.64093	0.641014	0.641099	0.641303	0.641507	0.641763	0.642019	0.642179	0.642339	0.642434	0.642529	0.642569	0.642609	0.642561	0.642514	0.642492	
0.642681	0.642658	0.642592	0.642526	0.642504	0.642482	0.642431	0.64238	0.642371	0.642361	0.642323	0.642284	0.642266	0.642248	0.642156	0.642063	0.641835	0.641607	0.641031	0.640456	0.63883	0.637205	0.635779	0.634353	0.634079	0.633805	0.635271	0.636738	0.636257	0.635777	0.635397	0.635017	0.633534	0.632051	0.631019	0.629987	0.631348	0.63271	0.633374	0.634038	0.637076	0.640114	0.643045	0.645977	0.645014	0.644052	0.64312	0.642189	0.641717	0.641246	0.641257	0.641269	0.641455	0.641641	0.641885	0.64213	0.642297	0.642464	0.642568	0.642671	0.642714	0.642757	0.642731	0.642704	0.642681	
0.64287	0.642846	0.642812	0.642779	0.642756	0.642733	0.642721	0.642708	0.642696	0.642683	0.642657	0.642631	0.642603	0.642575	0.642409	0.642243	0.642046	0.641849	0.641184	0.640519	0.639109	0.637699	0.63682	0.635941	0.634621	0.633302	0.63493	0.636558	0.636881	0.637203	0.63771	0.638217	0.635754	0.633291	0.632216	0.631141	0.630681	0.630222	0.632524	0.634826	0.638742	0.642658	0.644451	0.646245	0.645589	0.644933	0.643872	0.642812	0.642187	0.641562	0.6415	0.641438	0.641607	0.641776	0.642008	0.64224	0.642414	0.642589	0.642701	0.642813	0.642859	0.642906	0.6429	0.642895	0.64287	
0.642768	0.642743	0.642676	0.64261	0.642588	0.642566	0.642501	0.642435	0.642417	0.642399	0.64229	0.642181	0.642113	0.642046	0.641782	0.641518	0.641211	0.640905	0.640276	0.639648	0.638352	0.637057	0.637209	0.637361	0.636698	0.636034	0.637742	0.639449	0.640278	0.641107	0.640862	0.640616	0.639141	0.637666	0.636054	0.634443	0.633211	0.631979	0.634001	0.636024	0.639146	0.642267	0.644025	0.645783	0.645209	0.644635	0.643556	0.642476	0.641927	0.641377	0.641382	0.641387	0.641557	0.641727	0.641976	0.642226	0.642387	0.642549	0.642657	0.642765	0.642803	0.642842	0.642817	0.642793	0.642768	
0.642665	0.64264	0.64254	0.642441	0.64242	0.642399	0.642281	0.642163	0.642139	0.642115	0.641923	0.641732	0.641624	0.641517	0.641155	0.640793	0.640376	0.63996	0.639368	0.638777	0.637596	0.636416	0.637599	0.638782	0.638774	0.638767	0.640554	0.642341	0.643676	0.645011	0.644013	0.643015	0.642528	0.64204	0.639892	0.637744	0.63574	0.633735	0.635478	0.637222	0.639549	0.641877	0.6436	0.645322	0.644829	0.644336	0.643239	0.642141	0.641666	0.641192	0.641263	0.641335	0.641507	0.641678	0.641945	0.642211	0.64236	0.64251	0.642614	0.642718	0.642747	0.642777	0.642734	0.64269	0.642665	
0.642936	0.642918	0.642853	0.642789	0.642777	0.642765	0.642692	0.642619	0.642603	0.642587	0.642422	0.642258	0.64211	0.641962	0.641456	0.640951	0.640326	0.6397	0.639163	0.638626	0.638279	0.637931	0.639063	0.640194	0.640518	0.640841	0.641418	0.641994	0.642332	0.642669	0.642366	0.642063	0.642152	0.642242	0.639706	0.637169	0.634877	0.632584	0.633886	0.635188	0.638464	0.64174	0.64422	0.646701	0.645682	0.644663	0.643263	0.641862	0.641497	0.641132	0.641227	0.641322	0.641545	0.641768	0.642049	0.64233	0.642508	0.642686	0.6428	0.642914	0.642958	0.643002	0.642978	0.642955	0.642936	
0.643207	0.643196	0.643166	0.643137	0.643134	0.643132	0.643104	0.643075	0.643067	0.643058	0.642921	0.642783	0.642595	0.642406	0.641758	0.64111	0.640275	0.63944	0.638958	0.638476	0.638961	0.639446	0.640527	0.641607	0.642261	0.642915	0.642282	0.641648	0.640988	0.640327	0.640719	0.641111	0.641777	0.642443	0.639519	0.636594	0.634013	0.631432	0.632293	0.633154	0.637378	0.641603	0.644841	0.648079	0.646535	0.64499	0.643287	0.641584	0.641328	0.641073	0.641191	0.641309	0.641583	0.641857	0.642152	0.642448	0.642655	0.642863	0.642987	0.643111	0.643169	0.643226	0.643223	0.643219	0.643207	
0.643122	0.643102	0.643036	0.642969	0.642957	0.642945	0.642853	0.642762	0.642736	0.64271	0.642469	0.642228	0.641958	0.641688	0.640864	0.64004	0.639404	0.638768	0.637903	0.637038	0.63698	0.636922	0.638793	0.640663	0.641912	0.643161	0.642802	0.642443	0.641277	0.640111	0.640536	0.64096	0.640841	0.640722	0.637899	0.635076	0.633744	0.632411	0.634881	0.637352	0.642619	0.647886	0.647896	0.647906	0.645736	0.643567	0.642223	0.640879	0.640717	0.640555	0.640817	0.641079	0.641404	0.641729	0.642073	0.642417	0.642626	0.642835	0.642963	0.643092	0.643138	0.643185	0.643163	0.643142	0.643122	
0.643037	0.643009	0.642905	0.642802	0.64278	0.642759	0.642603	0.642448	0.642404	0.642361	0.642017	0.641673	0.641321	0.64097	0.63997	0.63897	0.638533	0.638096	0.636847	0.635599	0.634999	0.634399	0.637059	0.639718	0.641563	0.643407	0.643322	0.643238	0.641567	0.639896	0.640352	0.640809	0.639904	0.639	0.636279	0.633559	0.633474	0.63339	0.63747	0.64155	0.64786	0.65417	0.650951	0.647732	0.644938	0.642143	0.641159	0.640174	0.640106	0.640037	0.640443	0.640848	0.641225	0.641601	0.641993	0.642386	0.642596	0.642807	0.64294	0.643073	0.643108	0.643143	0.643104	0.643065	0.643037	
0.643336	0.643321	0.64325	0.643179	0.643168	0.643157	0.643049	0.642941	0.642888	0.642835	0.642464	0.642093	0.641507	0.640921	0.639661	0.638402	0.637716	0.637029	0.636331	0.635633	0.635553	0.635473	0.638072	0.64067	0.64214	0.64361	0.643481	0.643352	0.641881	0.640409	0.639957	0.639506	0.638416	0.637327	0.635661	0.633995	0.635257	0.636519	0.639026	0.641532	0.648654	0.655776	0.651809	0.64784	0.645148	0.642456	0.641449	0.640442	0.64015	0.639858	0.640208	0.640558	0.64106	0.641562	0.64201	0.642459	0.642716	0.642973	0.643125	0.643278	0.643334	0.64339	0.643371	0.643352	0.643336	
0.643635	0.643632	0.643594	0.643556	0.643555	0.643554	0.643495	0.643435	0.643372	0.643309	0.642911	0.642513	0.641692	0.640872	0.639353	0.637834	0.636898	0.635963	0.635815	0.635668	0.636107	0.636547	0.639085	0.641622	0.642718	0.643813	0.64364	0.643467	0.642195	0.640922	0.639562	0.638649	0.637521	0.636295	0.63525	0.635252	0.636639	0.638861	0.639185	0.640722	0.649902	0.658771	0.655324	0.647949	0.645358	0.642768	0.641739	0.640709	0.640194	0.639678	0.639972	0.640267	0.640895	0.641523	0.642027	0.642532	0.642836	0.643139	0.64331	0.643482	0.64356	0.643638	0.643638	0.643638	0.643635	
0.643543	0.643527	0.643454	0.643381	0.643369	0.643357	0.643244	0.643131	0.643082	0.643033	0.642679	0.642325	0.641775	0.641225	0.640117	0.639008	0.638144	0.637279	0.636737	0.636194	0.636491	0.636787	0.63893	0.641073	0.641874	0.642675	0.64329	0.643905	0.643242	0.642579	0.640881	0.639317	0.637319	0.635531	0.634622	0.635215	0.637823	0.640785	0.64208	0.642684	0.645648	0.649699	0.649694	0.646593	0.645242	0.64389	0.642723	0.641557	0.640664	0.639772	0.639868	0.639964	0.640617	0.641271	0.641869	0.642468	0.642791	0.643115	0.643291	0.643468	0.643531	0.643594	0.643577	0.643559	0.643543	
0.643451	0.643422	0.643314	0.643206	0.643183	0.643159	0.642993	0.642827	0.642792	0.642756	0.642447	0.642138	0.641858	0.641579	0.640881	0.640183	0.639389	0.638595	0.637658	0.636721	0.636874	0.637026	0.638775	0.640525	0.64103	0.641536	0.642939	0.644342	0.644289	0.644236	0.642201	0.640601	0.637795	0.635686	0.635098	0.635891	0.638814	0.641897	0.643415	0.644741	0.646767	0.647476	0.646646	0.645238	0.645125	0.645012	0.643708	0.642404	0.641135	0.639865	0.639763	0.639661	0.64034	0.641019	0.641711	0.642404	0.642747	0.64309	0.643272	0.643454	0.643502	0.643551	0.643516	0.643481	0.643451	
0.643715	0.643697	0.643617	0.643537	0.643522	0.643507	0.643382	0.643257	0.643212	0.643168	0.642881	0.642594	0.642256	0.641917	0.64113	0.640343	0.639369	0.638395	0.637187	0.635978	0.636202	0.636426	0.638017	0.639608	0.64038	0.641153	0.642121	0.643088	0.642964	0.64284	0.642319	0.642512	0.640202	0.638024	0.637635	0.638291	0.639958	0.641644	0.642962	0.644505	0.646062	0.646104	0.645125	0.644522	0.644352	0.644183	0.643267	0.64235	0.641204	0.640057	0.63976	0.639464	0.640175	0.640885	0.641658	0.64243	0.642827	0.643224	0.643427	0.643629	0.643701	0.643772	0.643752	0.643732	0.643715	
0.643978	0.643973	0.64392	0.643868	0.643861	0.643855	0.64377	0.643686	0.643633	0.643579	0.643315	0.64305	0.642653	0.642255	0.641379	0.640503	0.639349	0.638195	0.636715	0.635235	0.63553	0.635825	0.637258	0.638691	0.639731	0.640771	0.641302	0.641834	0.641638	0.641443	0.642437	0.643818	0.64241	0.640502	0.640023	0.640449	0.641138	0.64163	0.642727	0.644009	0.644554	0.644228	0.643819	0.643806	0.64358	0.643354	0.642825	0.642296	0.641273	0.640249	0.639758	0.639266	0.640009	0.640752	0.641604	0.642457	0.642908	0.643358	0.643582	0.643805	0.643899	0.643993	0.643988	0.643983	0.643978	
0.643876	0.643857	0.643781	0.643705	0.643693	0.643682	0.643573	0.643464	0.643434	0.643403	0.643155	0.642908	0.642634	0.64236	0.641625	0.640889	0.639813	0.638737	0.637223	0.63571	0.635828	0.635946	0.636978	0.638009	0.638999	0.639989	0.640559	0.641129	0.640719	0.640309	0.641139	0.642397	0.642005	0.641367	0.640805	0.640827	0.641937	0.642758	0.643449	0.643823	0.643568	0.643113	0.642837	0.642966	0.642761	0.642557	0.641934	0.641311	0.640433	0.639556	0.639523	0.63949	0.64031	0.641129	0.641898	0.642667	0.643063	0.643459	0.643641	0.643823	0.643887	0.643952	0.643923	0.643895	0.643876	
0.643775	0.643742	0.643642	0.643541	0.643526	0.64351	0.643376	0.643243	0.643235	0.643227	0.642996	0.642765	0.642615	0.642465	0.64187	0.641276	0.640277	0.639278	0.637732	0.636186	0.636127	0.636068	0.636698	0.637328	0.638268	0.639207	0.639816	0.640425	0.6398	0.639175	0.639841	0.640507	0.641031	0.64165	0.64083	0.640207	0.641754	0.643031	0.643052	0.642666	0.642282	0.641154	0.64164	0.642125	0.641942	0.64176	0.641043	0.640325	0.639594	0.638863	0.639288	0.639713	0.64061	0.641507	0.642192	0.642877	0.643218	0.643559	0.6437	0.643841	0.643876	0.643911	0.643859	0.643808	0.643775	
0.643972	0.64395	0.643872	0.643795	0.643787	0.64378	0.643683	0.643585	0.643577	0.643568	0.64338	0.643191	0.64305	0.642908	0.642385	0.641862	0.640985	0.640107	0.638735	0.637362	0.637144	0.636925	0.636987	0.637048	0.637322	0.637596	0.638291	0.638987	0.63903	0.639074	0.639107	0.639139	0.639468	0.64054	0.640432	0.640445	0.641492	0.642282	0.642049	0.641487	0.641063	0.63988	0.640361	0.640843	0.640866	0.640889	0.64035	0.639811	0.639496	0.63918	0.639696	0.640213	0.641052	0.64189	0.642496	0.643101	0.643417	0.643733	0.643863	0.643993	0.644037	0.644082	0.644038	0.643994	0.643972	
0.64417	0.644159	0.644103	0.644048	0.644049	0.644051	0.643989	0.643927	0.643918	0.64391	0.643764	0.643618	0.643484	0.643351	0.6429	0.642449	0.641693	0.640936	0.639738	0.638539	0.638161	0.637782	0.637276	0.636769	0.636377	0.635984	0.636766	0.637548	0.638261	0.638973	0.638372	0.637771	0.637905	0.638039	0.63941	0.640782	0.640968	0.641153	0.640616	0.640078	0.639342	0.638606	0.639083	0.639561	0.63979	0.640019	0.639658	0.639297	0.639397	0.639498	0.640105	0.640712	0.641493	0.642274	0.642799	0.643324	0.643615	0.643906	0.644026	0.644145	0.644199	0.644253	0.644217	0.644181	0.64417	
0.644054	0.644034	0.643967	0.6439	0.643901	0.643902	0.643833	0.643764	0.64377	0.643776	0.643648	0.643519	0.643434	0.643348	0.642981	0.642615	0.642012	0.64141	0.640411	0.639412	0.639047	0.638682	0.638185	0.637688	0.637105	0.636523	0.636842	0.637161	0.638079	0.638997	0.638456	0.637914	0.63786	0.637807	0.638707	0.639607	0.639838	0.640069	0.639761	0.639453	0.639109	0.638764	0.639181	0.639599	0.639791	0.639983	0.639856	0.639729	0.639906	0.640082	0.640695	0.641309	0.641966	0.642623	0.643056	0.643489	0.643722	0.643956	0.64404	0.644123	0.644151	0.644178	0.644126	0.644074	0.644054	
0.643938	0.643909	0.64383	0.643751	0.643753	0.643754	0.643678	0.643601	0.643622	0.643642	0.643532	0.643421	0.643383	0.643345	0.643063	0.64278	0.642331	0.641883	0.641084	0.640285	0.639933	0.639581	0.639095	0.638608	0.637834	0.637061	0.636917	0.636773	0.637897	0.639021	0.638539	0.638056	0.637816	0.637575	0.638004	0.638433	0.638708	0.638984	0.638906	0.638828	0.638875	0.638922	0.63928	0.639637	0.639792	0.639947	0.640054	0.640162	0.640414	0.640667	0.641286	0.641906	0.642439	0.642973	0.643313	0.643654	0.64383	0.644006	0.644054	0.644102	0.644103	0.644103	0.644035	0.643967	0.643938	
0.644069	0.644051	0.64399	0.643929	0.643939	0.643949	0.643897	0.643846	0.643868	0.64389	0.643809	0.643728	0.643694	0.64366	0.643433	0.643206	0.642817	0.642428	0.641747	0.641065	0.640729	0.640393	0.640085	0.639778	0.63911	0.638441	0.63784	0.637238	0.638192	0.639145	0.638938	0.638731	0.638326	0.637921	0.638139	0.638356	0.63843	0.638503	0.638718	0.638932	0.639151	0.63937	0.639735	0.640099	0.640243	0.640386	0.64054	0.640695	0.640992	0.641288	0.64181	0.642333	0.642786	0.64324	0.643518	0.643796	0.64396	0.644125	0.644157	0.644189	0.644201	0.644213	0.644149	0.644086	0.644069	
0.644199	0.644194	0.644151	0.644108	0.644126	0.644144	0.644117	0.644091	0.644114	0.644137	0.644086	0.644035	0.644005	0.643974	0.643804	0.643633	0.643303	0.642974	0.64241	0.641846	0.641525	0.641204	0.641076	0.640948	0.640385	0.639822	0.638762	0.637703	0.638486	0.639269	0.639338	0.639406	0.638837	0.638267	0.638274	0.63828	0.638151	0.638022	0.638529	0.639036	0.639427	0.639818	0.640189	0.640561	0.640693	0.640825	0.641027	0.641228	0.641569	0.64191	0.642335	0.64276	0.643133	0.643507	0.643722	0.643938	0.644091	0.644245	0.644261	0.644277	0.6443	0.644322	0.644264	0.644205	0.644199	
0.64408	0.644072	0.644025	0.643978	0.643999	0.644021	0.643995	0.64397	0.644002	0.644034	0.643994	0.643954	0.643947	0.64394	0.643812	0.643684	0.643453	0.643221	0.642783	0.642344	0.642069	0.641793	0.641742	0.64169	0.641243	0.640795	0.63983	0.638864	0.639575	0.640286	0.640326	0.640367	0.639798	0.63923	0.639143	0.639057	0.638965	0.638872	0.639302	0.639731	0.640058	0.640384	0.640709	0.641034	0.641171	0.641308	0.641522	0.641735	0.642031	0.642328	0.642683	0.643038	0.64334	0.643643	0.643811	0.643979	0.644096	0.644214	0.644209	0.644205	0.644212	0.64422	0.644154	0.644088	0.64408	
0.643961	0.64395	0.643899	0.643848	0.643873	0.643897	0.643873	0.643849	0.64389	0.643932	0.643902	0.643872	0.643889	0.643906	0.643821	0.643735	0.643602	0.643469	0.643156	0.642843	0.642612	0.642381	0.642407	0.642433	0.642101	0.641769	0.640897	0.640025	0.640664	0.641302	0.641315	0.641329	0.64076	0.640192	0.640013	0.639834	0.639778	0.639722	0.640074	0.640426	0.640688	0.640951	0.641229	0.641507	0.641649	0.641791	0.642017	0.642242	0.642494	0.642746	0.643031	0.643316	0.643547	0.643778	0.643899	0.64402	0.644101	0.644182	0.644157	0.644132	0.644125	0.644118	0.644045	0.643971	0.643961	
0.644053	0.644055	0.644018	0.643982	0.644013	0.644044	0.644035	0.644026	0.644066	0.644106	0.644091	0.644075	0.644085	0.644096	0.64403	0.643965	0.64385	0.643735	0.643497	0.643259	0.64303	0.642802	0.642843	0.642884	0.642619	0.642355	0.641893	0.641431	0.641755	0.642078	0.641934	0.641789	0.641311	0.640833	0.640674	0.640516	0.64046	0.640405	0.640657	0.640909	0.641131	0.641352	0.641577	0.641802	0.641964	0.642126	0.642314	0.642502	0.64275	0.642997	0.643221	0.643446	0.643664	0.643882	0.643971	0.644059	0.644147	0.644235	0.644202	0.644169	0.644177	0.644185	0.644118	0.644052	0.644053	
0.644146	0.64416	0.644137	0.644115	0.644153	0.64419	0.644197	0.644203	0.644242	0.644281	0.644279	0.644278	0.644281	0.644285	0.644239	0.644194	0.644098	0.644001	0.643838	0.643674	0.643448	0.643222	0.643279	0.643335	0.643138	0.642941	0.642889	0.642837	0.642845	0.642854	0.642552	0.64225	0.641861	0.641473	0.641336	0.641198	0.641142	0.641087	0.64124	0.641392	0.641573	0.641754	0.641925	0.642096	0.642279	0.642461	0.642611	0.642762	0.643005	0.643248	0.643412	0.643576	0.643781	0.643986	0.644042	0.644098	0.644194	0.644289	0.644247	0.644205	0.644228	0.644252	0.644192	0.644132	0.644146	
0.644047	0.644062	0.644039	0.644016	0.644057	0.644097	0.644107	0.644116	0.644159	0.644203	0.644208	0.644213	0.644223	0.644233	0.644202	0.644172	0.644093	0.644015	0.6439	0.643785	0.643589	0.643394	0.643428	0.643463	0.643287	0.64311	0.64321	0.643311	0.643176	0.643041	0.642746	0.642451	0.642157	0.641862	0.641734	0.641605	0.641585	0.641564	0.641671	0.641779	0.641938	0.642097	0.642235	0.642372	0.642534	0.642696	0.642827	0.642959	0.643167	0.643375	0.643505	0.643635	0.643807	0.643978	0.644014	0.64405	0.64413	0.644209	0.644162	0.644114	0.644133	0.644153	0.644092	0.644031	0.644047	
0.643948	0.643964	0.643941	0.643917	0.643961	0.644004	0.644016	0.644028	0.644076	0.644125	0.644136	0.644148	0.644165	0.644181	0.644165	0.644149	0.644089	0.644029	0.643962	0.643895	0.64373	0.643565	0.643578	0.643591	0.643435	0.643279	0.643532	0.643784	0.643506	0.643228	0.64294	0.642652	0.642452	0.642251	0.642132	0.642013	0.642027	0.642042	0.642103	0.642165	0.642303	0.642441	0.642545	0.642648	0.64279	0.642932	0.643044	0.643155	0.643328	0.643501	0.643598	0.643695	0.643833	0.643971	0.643986	0.644001	0.644066	0.64413	0.644076	0.644022	0.644038	0.644054	0.643992	0.643931	0.643948	
0.644036	0.644063	0.64405	0.644036	0.644083	0.644129	0.644149	0.644168	0.644214	0.644261	0.644277	0.644293	0.644305	0.644317	0.644302	0.644287	0.644226	0.644165	0.644101	0.644037	0.643881	0.643724	0.643705	0.643685	0.64351	0.643335	0.643508	0.64368	0.643433	0.643186	0.642988	0.642791	0.642654	0.642516	0.642417	0.642318	0.642332	0.642346	0.642374	0.642401	0.642524	0.642646	0.642714	0.642781	0.642924	0.643068	0.643148	0.643229	0.643402	0.643575	0.643643	0.643711	0.643854	0.643997	0.643998	0.643998	0.644078	0.644157	0.644104	0.644051	0.644082	0.644114	0.644061	0.644009	0.644036	
0.644124	0.644161	0.644158	0.644155	0.644205	0.644254	0.644281	0.644307	0.644352	0.644397	0.644417	0.644437	0.644445	0.644453	0.644439	0.644425	0.644363	0.6443	0.64424	0.644179	0.644031	0.643884	0.643831	0.643779	0.643585	0.643391	0.643484	0.643576	0.64336	0.643144	0.643037	0.642929	0.642855	0.642781	0.642702	0.642622	0.642636	0.64265	0.642644	0.642638	0.642745	0.642851	0.642883	0.642914	0.643059	0.643203	0.643254	0.643303	0.643477	0.64365	0.643689	0.643728	0.643876	0.644024	0.64401	0.643996	0.64409	0.644184	0.644131	0.644079	0.644126	0.644174	0.64413	0.644087	0.644124	
0.644064	0.644103	0.6441	0.644097	0.644145	0.644193	0.64422	0.644247	0.64429	0.644333	0.644357	0.644381	0.644388	0.644396	0.644389	0.644382	0.644324	0.644266	0.644216	0.644165	0.644028	0.643892	0.643829	0.643767	0.643582	0.643397	0.643429	0.643462	0.643312	0.643163	0.643099	0.643035	0.642983	0.64293	0.642853	0.642775	0.642789	0.642804	0.642785	0.642766	0.642856	0.642946	0.642963	0.64298	0.643107	0.643234	0.643269	0.643305	0.64346	0.643616	0.643642	0.643669	0.643808	0.643946	0.64393	0.643913	0.644006	0.644099	0.644051	0.644002	0.644053	0.644104	0.644064	0.644024	0.644064	
0.644003	0.644044	0.644041	0.644038	0.644085	0.644132	0.644159	0.644186	0.644227	0.644268	0.644296	0.644324	0.644332	0.644339	0.644339	0.644339	0.644286	0.644232	0.644192	0.644151	0.644025	0.6439	0.643828	0.643756	0.643579	0.643402	0.643375	0.643348	0.643265	0.643181	0.643161	0.643141	0.64311	0.64308	0.643003	0.642927	0.642942	0.642958	0.642926	0.642895	0.642968	0.643042	0.643044	0.643046	0.643155	0.643264	0.643285	0.643306	0.643444	0.643581	0.643596	0.643611	0.643739	0.643868	0.643849	0.643831	0.643922	0.644014	0.64397	0.643926	0.64398	0.644034	0.643998	0.643962	0.644003	
0.644103	0.64415	0.644151	0.644152	0.644199	0.644246	0.644271	0.644296	0.644335	0.644373	0.644396	0.644418	0.644425	0.644431	0.644424	0.644417	0.644369	0.64432	0.644274	0.644227	0.644118	0.644008	0.643934	0.643859	0.643709	0.64356	0.643515	0.64347	0.643402	0.643335	0.643298	0.643261	0.643228	0.643195	0.643113	0.643032	0.643043	0.643054	0.643007	0.64296	0.643029	0.643098	0.643085	0.643072	0.643182	0.643291	0.6433	0.643308	0.643449	0.643591	0.643597	0.643604	0.643741	0.643879	0.643861	0.643843	0.643947	0.644052	0.644016	0.643979	0.644046	0.644112	0.644084	0.644056	0.644103	
0.644204	0.644257	0.644262	0.644267	0.644313	0.64436	0.644383	0.644407	0.644442	0.644478	0.644495	0.644512	0.644518	0.644524	0.64451	0.644496	0.644452	0.644409	0.644356	0.644304	0.644211	0.644117	0.644039	0.643962	0.64384	0.643718	0.643654	0.643591	0.64354	0.643489	0.643435	0.643382	0.643346	0.64331	0.643224	0.643137	0.643144	0.643151	0.643089	0.643026	0.64309	0.643154	0.643126	0.643097	0.643208	0.643319	0.643314	0.64331	0.643455	0.6436	0.643598	0.643597	0.643743	0.64389	0.643872	0.643855	0.643973	0.644091	0.644062	0.644033	0.644111	0.644189	0.64417	0.64415	0.644204	
0.644177	0.644231	0.644235	0.644239	0.644278	0.644317	0.644338	0.644359	0.644385	0.64441	0.644428	0.644446	0.644443	0.644441	0.644433	0.644425	0.644378	0.644331	0.644287	0.644244	0.644153	0.644062	0.643994	0.643927	0.643816	0.643704	0.643646	0.643587	0.643529	0.64347	0.643408	0.643346	0.643307	0.643267	0.643178	0.643088	0.643091	0.643093	0.643024	0.642955	0.643013	0.64307	0.643034	0.642998	0.643106	0.643215	0.643206	0.643196	0.643343	0.64349	0.643489	0.643488	0.643641	0.643794	0.643782	0.643771	0.643898	0.644025	0.644005	0.643984	0.644069	0.644153	0.644139	0.644124	0.644177	
0.644151	0.644204	0.644207	0.644211	0.644243	0.644275	0.644293	0.644311	0.644327	0.644342	0.644361	0.644379	0.644369	0.644358	0.644356	0.644354	0.644303	0.644253	0.644218	0.644184	0.644095	0.644006	0.643949	0.643892	0.643791	0.643691	0.643637	0.643583	0.643517	0.643451	0.643381	0.643311	0.643267	0.643224	0.643132	0.643039	0.643038	0.643036	0.64296	0.642884	0.642935	0.642986	0.642943	0.642899	0.643005	0.64311	0.643097	0.643083	0.643231	0.643379	0.643379	0.643378	0.643538	0.643697	0.643692	0.643687	0.643824	0.64396	0.643947	0.643935	0.644027	0.644118	0.644108	0.644097	0.644151	
0.644251	0.644305	0.644305	0.644306	0.644335	0.644365	0.644373	0.644381	0.644393	0.644405	0.644409	0.644412	0.644402	0.644392	0.644373	0.644354	0.644312	0.644269	0.64422	0.644171	0.644097	0.644023	0.643952	0.64388	0.643799	0.643717	0.643644	0.643571	0.643516	0.64346	0.643372	0.643284	0.643248	0.643213	0.643108	0.643004	0.643007	0.643011	0.642926	0.642841	0.642897	0.642953	0.642907	0.64286	0.642972	0.643084	0.643074	0.643064	0.643219	0.643374	0.643382	0.64339	0.643556	0.643722	0.643729	0.643735	0.643877	0.64402	0.644018	0.644016	0.644112	0.644207	0.644202	0.644197	0.644251	
0.644351	0.644405	0.644403	0.644401	0.644428	0.644454	0.644452	0.64445	0.644459	0.644469	0.644457	0.644444	0.644435	0.644426	0.64439	0.644355	0.64432	0.644285	0.644221	0.644158	0.644099	0.64404	0.643955	0.643869	0.643806	0.643742	0.643651	0.64356	0.643515	0.643469	0.643363	0.643257	0.643229	0.643201	0.643085	0.642969	0.642977	0.642986	0.642892	0.642797	0.642859	0.64292	0.642871	0.642822	0.64294	0.643058	0.643052	0.643046	0.643207	0.643369	0.643385	0.643401	0.643574	0.643748	0.643765	0.643782	0.643931	0.644079	0.644088	0.644097	0.644197	0.644296	0.644297	0.644297	0.644351	
0.644327	0.644379	0.644375	0.644371	0.644388	0.644404	0.644398	0.644392	0.644387	0.644382	0.644369	0.644356	0.644332	0.644307	0.644276	0.644245	0.644198	0.644151	0.644096	0.644041	0.643973	0.643906	0.64383	0.643754	0.643682	0.643611	0.643521	0.643432	0.643375	0.643319	0.643207	0.643096	0.64306	0.643023	0.6429	0.642777	0.642781	0.642786	0.642683	0.64258	0.642646	0.642712	0.64266	0.642607	0.642739	0.64287	0.642867	0.642863	0.643042	0.643221	0.643244	0.643267	0.643458	0.643648	0.643674	0.643699	0.643862	0.644025	0.64404	0.644055	0.644162	0.644269	0.644272	0.644275	0.644327	
