x=90	y=200	z=200	n=65	len=1
b
0	0	0	0	0	0	0	0	0	0	0	0	0	0	0	0	0	0	0	0	0	0	0	0	0	0	0	0	0	0	0	0	0	0	0	0	0	0	0	0	0	0	0	0	0	0	0	0	0	0	0	0	0	0	0	0	0	0	0	0	0	0	0	0	0	
0.0234194	0.023904	0.0243816	0.0248593	0.0251686	0.0254779	0.0253959	0.0253139	0.0248342	0.0243545	0.0236523	0.0229502	0.0224809	0.0220117	0.0222124	0.0224132	0.0231	0.0237868	0.0244178	0.0250489	0.0247788	0.0245087	0.02362	0.0227313	0.0225896	0.022448	0.0230611	0.0236742	0.0238213	0.0239684	0.0236654	0.0233624	0.0231641	0.0229658	0.0230071	0.0230484	0.0232268	0.0234051	0.0237188	0.0240325	0.023955	0.0238775	0.0236374	0.0233972	0.0234744	0.0235517	0.0237583	0.0239649	0.0241749	0.0243848	0.0243083	0.0242318	0.0238781	0.0235243	0.023144	0.0227638	0.0224517	0.0221396	0.0220664	0.0219931	0.0221184	0.0222437	0.0225893	0.0229349	0.0234194	
0.0468367	0.0476747	0.0484949	0.0493151	0.049863	0.0504109	0.0503345	0.0502581	0.0494875	0.0487169	0.0475047	0.0462925	0.0453726	0.0444526	0.0446688	0.044885	0.0460096	0.0471342	0.0482897	0.0494451	0.0491736	0.0489021	0.0473673	0.0458324	0.0454445	0.0450565	0.0460152	0.046974	0.0473031	0.0476322	0.0471725	0.0467128	0.0462937	0.0458747	0.0460168	0.046159	0.0465607	0.0469624	0.0475055	0.0480486	0.0478626	0.0476766	0.0472332	0.0467899	0.046974	0.0471581	0.0475679	0.0479776	0.0483234	0.0486692	0.0484799	0.0482906	0.0476258	0.046961	0.0462772	0.0455934	0.0450492	0.0445051	0.0443939	0.0442827	0.0445253	0.044768	0.0453833	0.0459986	0.0468366	
0.070254	0.0714455	0.0726082	0.0737709	0.0745574	0.0753439	0.0752731	0.0752024	0.0741408	0.0730793	0.0713571	0.0696349	0.0682642	0.0668935	0.0671252	0.0673569	0.0689192	0.0704816	0.0721615	0.0738413	0.0735685	0.0732956	0.0711146	0.0689336	0.0682993	0.0676651	0.0689694	0.0702738	0.0707849	0.071296	0.0706796	0.0700632	0.0694234	0.0687836	0.0690266	0.0692696	0.0698946	0.0705197	0.0712922	0.0720647	0.0717702	0.0714756	0.0708291	0.0701825	0.0704735	0.0707646	0.0713775	0.0719904	0.072472	0.0729536	0.0726515	0.0723494	0.0713736	0.0703977	0.0694103	0.068423	0.0676468	0.0668706	0.0667214	0.0665723	0.0669322	0.0672922	0.0681773	0.0690623	0.0702539	
0.093685	0.0949242	0.0961411	0.097358	0.0982349	0.0991117	0.0991777	0.0992438	0.0982796	0.0973154	0.0955402	0.0937649	0.0921183	0.0904717	0.0903803	0.0902888	0.0917351	0.0931813	0.0950874	0.0969935	0.0971468	0.0973002	0.0950976	0.0928949	0.0919015	0.0909081	0.0919629	0.0930178	0.0936345	0.0942513	0.093778	0.0933047	0.092516	0.0917272	0.0922026	0.092678	0.093547	0.094416	0.0951854	0.0959547	0.0954912	0.0950276	0.0943105	0.0935933	0.0940454	0.0944976	0.0952454	0.0959933	0.0964292	0.0968651	0.09638	0.0958949	0.0947534	0.093612	0.092544	0.091476	0.0906855	0.0898951	0.0897939	0.0896927	0.090122	0.0905513	0.0914984	0.0924456	0.0936849	
0.117116	0.118403	0.119674	0.120945	0.121912	0.122879	0.123082	0.123285	0.122418	0.121552	0.119723	0.117895	0.115972	0.11405	0.113635	0.113221	0.114551	0.115881	0.118013	0.120146	0.120725	0.121305	0.119081	0.116856	0.115504	0.114151	0.114956	0.115762	0.116484	0.117207	0.116876	0.116546	0.115609	0.114671	0.115379	0.116086	0.117199	0.118312	0.119079	0.119845	0.119212	0.11858	0.117792	0.117004	0.117617	0.118231	0.119113	0.119996	0.120386	0.120776	0.120108	0.11944	0.118133	0.116826	0.115678	0.114529	0.113724	0.112919	0.112866	0.112813	0.113312	0.11381	0.11482	0.115829	0.117116	
0.140783	0.141811	0.142831	0.14385	0.14469	0.14553	0.145857	0.146185	0.145689	0.145193	0.143824	0.142455	0.140678	0.138901	0.138098	0.137296	0.137986	0.138676	0.140527	0.142379	0.143423	0.144467	0.142942	0.141417	0.139962	0.138506	0.138596	0.138686	0.139214	0.139742	0.139724	0.139705	0.138912	0.138119	0.139172	0.140225	0.141342	0.142458	0.142892	0.143327	0.142549	0.141772	0.141135	0.140498	0.141274	0.142049	0.14288	0.143711	0.143847	0.143982	0.143143	0.142303	0.141082	0.139861	0.138924	0.137988	0.137435	0.136882	0.136969	0.137056	0.137554	0.138052	0.138904	0.139755	0.140783	
0.164451	0.16522	0.165987	0.166755	0.167468	0.168181	0.168632	0.169084	0.168959	0.168835	0.167925	0.167015	0.165383	0.163752	0.162561	0.161371	0.161421	0.16147	0.163041	0.164612	0.166121	0.16763	0.166804	0.165978	0.16442	0.162861	0.162236	0.161611	0.161945	0.162278	0.162571	0.162864	0.162215	0.161567	0.162966	0.164364	0.165484	0.166603	0.166706	0.166808	0.165887	0.164965	0.164478	0.163992	0.16493	0.165868	0.166648	0.167427	0.167307	0.167188	0.166177	0.165166	0.164031	0.162896	0.162171	0.161446	0.161145	0.160845	0.161072	0.161299	0.161796	0.162294	0.162988	0.163682	0.164451	
0.188457	0.188853	0.189216	0.189579	0.189968	0.190358	0.190755	0.191152	0.191355	0.191558	0.191301	0.191044	0.190021	0.188998	0.187816	0.186635	0.186014	0.185393	0.18614	0.186887	0.188367	0.189846	0.189944	0.190042	0.189001	0.18796	0.186746	0.185532	0.185463	0.185394	0.185908	0.186422	0.186229	0.186035	0.187647	0.189259	0.189892	0.190525	0.190048	0.189571	0.188744	0.187917	0.187784	0.18765	0.188637	0.189625	0.19007	0.190515	0.190075	0.189636	0.188639	0.187642	0.186851	0.18606	0.185744	0.185429	0.185488	0.185548	0.185915	0.186283	0.186721	0.18716	0.187611	0.188062	0.188457	
0.212464	0.212486	0.212445	0.212403	0.212469	0.212534	0.212877	0.213219	0.21375	0.214281	0.214677	0.215073	0.214658	0.214243	0.213071	0.211898	0.210607	0.209316	0.209239	0.209162	0.210612	0.212062	0.213084	0.214106	0.213583	0.213059	0.211256	0.209452	0.208981	0.20851	0.209246	0.209981	0.210242	0.210503	0.212328	0.214154	0.2143	0.214446	0.21339	0.212333	0.211601	0.210868	0.211089	0.211309	0.212345	0.213381	0.213492	0.213602	0.212843	0.212084	0.211101	0.210119	0.209671	0.209224	0.209318	0.209412	0.209831	0.21025	0.210759	0.211267	0.211646	0.212026	0.212234	0.212442	0.212464	
0.236373	0.236174	0.235875	0.235576	0.23536	0.235143	0.235274	0.235404	0.235946	0.236488	0.237257	0.238025	0.238283	0.23854	0.237882	0.237223	0.23581	0.234397	0.233477	0.232557	0.233271	0.233985	0.235414	0.236843	0.23715	0.237457	0.235795	0.234134	0.233576	0.233017	0.233755	0.234492	0.23506	0.235629	0.237184	0.23874	0.238212	0.237683	0.236191	0.234698	0.234366	0.234034	0.234625	0.235216	0.235998	0.236781	0.236427	0.236073	0.235184	0.234295	0.23362	0.232944	0.232943	0.232942	0.23338	0.233817	0.234402	0.234986	0.23548	0.235974	0.236237	0.236501	0.236536	0.236571	0.236373	
0.260281	0.259862	0.259305	0.258749	0.258251	0.257752	0.257671	0.257589	0.258143	0.258696	0.259836	0.260977	0.261907	0.262837	0.262693	0.262549	0.261013	0.259477	0.257715	0.255952	0.25593	0.255909	0.257745	0.259581	0.260717	0.261854	0.260335	0.258816	0.25817	0.257524	0.258264	0.259003	0.259879	0.260754	0.26204	0.263325	0.262123	0.26092	0.258992	0.257064	0.257131	0.257199	0.258161	0.259123	0.259652	0.260181	0.259363	0.258544	0.257526	0.256507	0.256138	0.25577	0.256215	0.25666	0.257441	0.258223	0.258973	0.259722	0.260201	0.26068	0.260828	0.260975	0.260838	0.2607	0.260281	
0.283602	0.283206	0.282681	0.282155	0.281637	0.281119	0.280909	0.280699	0.281066	0.281433	0.28246	0.283488	0.284676	0.285864	0.286307	0.28675	0.285717	0.284683	0.282681	0.280679	0.279751	0.278823	0.280102	0.28138	0.28292	0.284461	0.283804	0.283147	0.282842	0.282536	0.282988	0.283439	0.284166	0.284894	0.285531	0.286168	0.284966	0.283764	0.282027	0.280289	0.280678	0.281066	0.282015	0.282964	0.283	0.283036	0.282024	0.281012	0.280251	0.279491	0.279564	0.279637	0.280326	0.281014	0.281803	0.282591	0.283175	0.283758	0.28404	0.284322	0.284346	0.28437	0.284184	0.283998	0.283602	
0.306924	0.306551	0.306056	0.305562	0.305024	0.304486	0.304147	0.303808	0.303989	0.30417	0.305084	0.305998	0.307445	0.308891	0.309921	0.310952	0.31042	0.309888	0.307647	0.305406	0.303572	0.301738	0.302459	0.30318	0.305123	0.307067	0.307273	0.307478	0.307513	0.307549	0.307712	0.307875	0.308454	0.309033	0.309022	0.309011	0.30781	0.306608	0.305061	0.303514	0.304224	0.304934	0.305869	0.306804	0.306348	0.305891	0.304685	0.303479	0.302977	0.302475	0.30299	0.303505	0.304437	0.305369	0.306164	0.30696	0.307377	0.307795	0.307879	0.307964	0.307864	0.307764	0.30753	0.307296	0.306924	
0.32982	0.329554	0.329211	0.328867	0.328489	0.32811	0.327835	0.327559	0.327635	0.32771	0.328327	0.328944	0.330171	0.331397	0.332641	0.333885	0.334094	0.334303	0.332631	0.33096	0.328618	0.326276	0.32589	0.325505	0.327111	0.328717	0.329593	0.330468	0.330921	0.331374	0.331273	0.331171	0.331345	0.331518	0.331084	0.33065	0.33014	0.329631	0.328773	0.327915	0.32852	0.329126	0.329583	0.330041	0.329307	0.328573	0.327688	0.326802	0.326746	0.326689	0.327443	0.328196	0.328998	0.329799	0.330304	0.330809	0.330958	0.331106	0.331	0.330894	0.330723	0.330551	0.330319	0.330086	0.32982	
0.352717	0.352557	0.352365	0.352173	0.351954	0.351735	0.351523	0.351311	0.351281	0.35125	0.35157	0.35189	0.352897	0.353903	0.35536	0.356818	0.357767	0.358717	0.357615	0.356513	0.353664	0.350815	0.349322	0.34783	0.349099	0.350368	0.351913	0.353458	0.354329	0.355199	0.354833	0.354467	0.354235	0.354003	0.353146	0.352288	0.352471	0.352654	0.352485	0.352316	0.352817	0.353317	0.353298	0.353278	0.352266	0.351254	0.35069	0.350125	0.350515	0.350904	0.351896	0.352888	0.353558	0.354229	0.354444	0.354659	0.354538	0.354417	0.354121	0.353825	0.353581	0.353338	0.353107	0.352876	0.352717	
0.376036	0.375884	0.375704	0.375525	0.375359	0.375193	0.375034	0.374874	0.374822	0.37477	0.374915	0.375059	0.375739	0.376419	0.377675	0.37893	0.380327	0.381725	0.381557	0.38139	0.378926	0.376461	0.37438	0.372299	0.372665	0.373031	0.374213	0.375395	0.376524	0.377653	0.377433	0.377212	0.376672	0.376131	0.375225	0.374319	0.374817	0.375315	0.375922	0.376529	0.376716	0.376904	0.376538	0.376172	0.375336	0.3745	0.374367	0.374234	0.374814	0.375394	0.376256	0.377119	0.377544	0.37797	0.378004	0.378039	0.377875	0.377711	0.377407	0.377102	0.376885	0.376668	0.376428	0.376188	0.376036	
0.399356	0.399211	0.399044	0.398877	0.398764	0.398651	0.398545	0.398438	0.398364	0.39829	0.398259	0.398229	0.398582	0.398936	0.399989	0.401041	0.402887	0.404732	0.4055	0.406267	0.404187	0.402108	0.399438	0.396769	0.396232	0.395695	0.396513	0.397332	0.398719	0.400107	0.400032	0.399957	0.399108	0.398259	0.397304	0.396349	0.397163	0.397976	0.399359	0.400742	0.400616	0.40049	0.399778	0.399066	0.398405	0.397745	0.398044	0.398342	0.399113	0.399884	0.400617	0.401349	0.40153	0.401712	0.401565	0.401419	0.401212	0.401005	0.400692	0.400379	0.400188	0.399998	0.399749	0.3995	0.399356	
0.423493	0.423312	0.42308	0.422849	0.422662	0.422474	0.422284	0.422093	0.421921	0.421748	0.421575	0.421402	0.421471	0.421539	0.42217	0.4228	0.424473	0.426146	0.427508	0.42887	0.428051	0.427231	0.425082	0.422933	0.422098	0.421262	0.42118	0.421098	0.421709	0.42232	0.42213	0.42194	0.421446	0.420951	0.42038	0.419808	0.420573	0.421338	0.423029	0.424719	0.424135	0.423552	0.422521	0.421491	0.421137	0.420783	0.421425	0.422067	0.422864	0.423662	0.424264	0.424865	0.425062	0.42526	0.425168	0.425076	0.424994	0.424911	0.424681	0.42445	0.424318	0.424186	0.42393	0.423675	0.423493	
0.447631	0.447412	0.447117	0.446821	0.446559	0.446297	0.446023	0.445749	0.445477	0.445206	0.444891	0.444576	0.444359	0.444143	0.44435	0.444558	0.446059	0.447559	0.449516	0.451474	0.451914	0.452355	0.450726	0.449097	0.447963	0.446829	0.445847	0.444865	0.444699	0.444532	0.444227	0.443922	0.443783	0.443644	0.443455	0.443267	0.443984	0.444701	0.446698	0.448696	0.447655	0.446614	0.445265	0.443916	0.443868	0.44382	0.444806	0.445791	0.446615	0.44744	0.44791	0.448381	0.448594	0.448808	0.448771	0.448734	0.448775	0.448817	0.448669	0.448521	0.448448	0.448374	0.448112	0.44785	0.447631	
0.471399	0.471245	0.471043	0.47084	0.470672	0.470504	0.47029	0.470076	0.469821	0.469566	0.469188	0.46881	0.468405	0.468	0.467806	0.467611	0.468487	0.469364	0.471133	0.472901	0.474233	0.475565	0.474862	0.47416	0.473477	0.472794	0.471524	0.470253	0.469273	0.468294	0.467504	0.466714	0.467157	0.4676	0.468112	0.468625	0.469225	0.469825	0.470626	0.471426	0.470016	0.468606	0.467471	0.466335	0.466782	0.467229	0.468524	0.469819	0.470722	0.471624	0.472036	0.472447	0.472583	0.472718	0.472626	0.472534	0.472516	0.472499	0.47233	0.472161	0.472075	0.471989	0.47177	0.471552	0.471399	
0.495166	0.495078	0.494968	0.494858	0.494785	0.494711	0.494557	0.494403	0.494164	0.493926	0.493485	0.493044	0.492451	0.491858	0.491261	0.490665	0.490916	0.491168	0.492749	0.494329	0.496552	0.498775	0.498999	0.499222	0.498991	0.49876	0.4972	0.49564	0.493848	0.492056	0.490781	0.489506	0.490531	0.491556	0.49277	0.493983	0.494466	0.494949	0.494553	0.494157	0.492377	0.490598	0.489676	0.488755	0.489696	0.490637	0.492242	0.493847	0.494828	0.495808	0.496161	0.496514	0.496571	0.496628	0.496481	0.496335	0.496257	0.49618	0.49599	0.4958	0.495701	0.495603	0.495429	0.495254	0.495166	
0.51773	0.517733	0.517764	0.517794	0.517925	0.518056	0.518142	0.518229	0.518275	0.518321	0.518131	0.517941	0.51753	0.517118	0.516529	0.515939	0.515692	0.515444	0.51634	0.517236	0.519322	0.521409	0.522224	0.523038	0.523385	0.523733	0.522529	0.521325	0.519661	0.517997	0.516727	0.515456	0.516431	0.517406	0.518163	0.51892	0.518116	0.517312	0.516082	0.514853	0.514194	0.513535	0.513875	0.514214	0.51554	0.516867	0.518224	0.519581	0.520105	0.520628	0.520539	0.52045	0.520163	0.519875	0.519523	0.51917	0.51894	0.51871	0.518466	0.518221	0.518099	0.517978	0.517852	0.517727	0.51773	
0.540294	0.540388	0.540559	0.54073	0.541066	0.541401	0.541728	0.542055	0.542386	0.542716	0.542777	0.542838	0.542608	0.542379	0.541797	0.541214	0.540467	0.53972	0.539932	0.540143	0.542093	0.544043	0.545448	0.546854	0.54778	0.548705	0.547857	0.547009	0.545474	0.543939	0.542673	0.541406	0.542331	0.543256	0.543556	0.543857	0.541766	0.539674	0.537611	0.535549	0.53601	0.536472	0.538073	0.539674	0.541385	0.543096	0.544206	0.545316	0.545382	0.545448	0.544917	0.544385	0.543754	0.543123	0.542564	0.542005	0.541623	0.54124	0.540941	0.540642	0.540497	0.540353	0.540276	0.540199	0.540294	
0.56357	0.563639	0.563732	0.563825	0.564086	0.564347	0.564583	0.56482	0.565154	0.565489	0.565636	0.565783	0.565778	0.565774	0.565489	0.565203	0.564592	0.56398	0.563898	0.563816	0.565112	0.566408	0.568605	0.570802	0.572233	0.573663	0.573742	0.57382	0.572322	0.570824	0.569848	0.568871	0.569156	0.569441	0.568756	0.568072	0.565428	0.562783	0.561354	0.559924	0.561516	0.563109	0.564747	0.566386	0.56754	0.568694	0.568861	0.569028	0.568441	0.567853	0.567145	0.566437	0.565878	0.565319	0.564949	0.564578	0.564345	0.564112	0.563947	0.563782	0.5637	0.563617	0.563558	0.5635	0.56357	
0.586846	0.58689	0.586905	0.58692	0.587106	0.587292	0.587438	0.587584	0.587923	0.588261	0.588495	0.588728	0.588949	0.589169	0.58918	0.589192	0.588716	0.58824	0.587864	0.587489	0.588131	0.588773	0.591761	0.59475	0.596686	0.598622	0.599627	0.600631	0.59917	0.597709	0.597023	0.596337	0.595981	0.595626	0.593957	0.592288	0.58909	0.585892	0.585096	0.5843	0.587022	0.589745	0.591421	0.593098	0.593695	0.594292	0.593516	0.592741	0.5915	0.590259	0.589373	0.588488	0.588001	0.587515	0.587333	0.587151	0.587067	0.586984	0.586953	0.586923	0.586902	0.586881	0.586841	0.586801	0.586846	
0.612323	0.61233	0.612285	0.61224	0.612316	0.612391	0.6124	0.61241	0.612557	0.612705	0.612723	0.612742	0.612792	0.612842	0.612681	0.61252	0.612077	0.611635	0.611132	0.61063	0.610362	0.610095	0.612292	0.614489	0.615585	0.616681	0.618146	0.619611	0.619398	0.619185	0.618505	0.617824	0.617329	0.616833	0.614987	0.61314	0.610323	0.607506	0.607577	0.607648	0.610377	0.613105	0.614903	0.6167	0.616789	0.616878	0.615935	0.614992	0.614105	0.613218	0.612799	0.61238	0.612229	0.612079	0.612135	0.612191	0.612236	0.61228	0.612327	0.612374	0.612384	0.612394	0.612355	0.612316	0.612323	
0.6378	0.63777	0.637665	0.637559	0.637525	0.63749	0.637363	0.637235	0.637192	0.637149	0.636952	0.636755	0.636635	0.636515	0.636181	0.635847	0.635439	0.63503	0.6344	0.63377	0.632594	0.631418	0.632823	0.634228	0.634484	0.63474	0.636665	0.638591	0.639626	0.640661	0.639986	0.639311	0.638676	0.63804	0.636017	0.633993	0.631556	0.62912	0.630058	0.630997	0.633731	0.636466	0.638384	0.640302	0.639883	0.639464	0.638353	0.637243	0.63671	0.636177	0.636225	0.636273	0.636458	0.636643	0.636937	0.637232	0.637404	0.637576	0.637701	0.637826	0.637866	0.637907	0.637868	0.63783	0.6378	
0.662225	0.662219	0.662175	0.662132	0.662166	0.6622	0.662172	0.662144	0.662202	0.662261	0.662172	0.662083	0.662066	0.662048	0.661672	0.661296	0.66096	0.660623	0.660147	0.65967	0.658359	0.657048	0.656311	0.655575	0.653858	0.652141	0.653294	0.654448	0.656477	0.658506	0.656967	0.655429	0.654546	0.653664	0.651555	0.649446	0.649941	0.650437	0.655678	0.66092	0.662414	0.663908	0.664886	0.665863	0.664992	0.664122	0.663094	0.662066	0.661749	0.661431	0.661532	0.661633	0.661749	0.661865	0.662003	0.662141	0.662211	0.66228	0.662304	0.662329	0.662325	0.66232	0.662276	0.662231	0.662225	
0.68665	0.686667	0.686686	0.686704	0.686807	0.686909	0.686981	0.687054	0.687213	0.687373	0.687392	0.687411	0.687496	0.68758	0.687163	0.686746	0.686481	0.686216	0.685893	0.685571	0.684124	0.682678	0.6798	0.676922	0.673232	0.669541	0.669923	0.670304	0.673327	0.6781	0.676589	0.673119	0.670881	0.66995	0.667946	0.665639	0.66811	0.671753	0.681298	0.690843	0.691097	0.691351	0.691388	0.691424	0.690102	0.68878	0.687835	0.68689	0.686788	0.686686	0.68684	0.686994	0.68704	0.687087	0.687069	0.687051	0.687017	0.686983	0.686908	0.686833	0.686783	0.686734	0.686683	0.686632	0.68665	
0.707856	0.707862	0.707882	0.707902	0.707972	0.708042	0.7081	0.708158	0.708279	0.708399	0.708453	0.708506	0.708615	0.708724	0.708608	0.708492	0.708507	0.708522	0.708045	0.707568	0.707327	0.707085	0.706241	0.705396	0.702708	0.70002	0.699957	0.699894	0.703133	0.705769	0.703958	0.698874	0.695907	0.695209	0.691387	0.685689	0.691069	0.701708	0.710632	0.719557	0.718202	0.716847	0.71383	0.710814	0.71037	0.709927	0.709392	0.708857	0.708679	0.708501	0.708496	0.708491	0.708439	0.708387	0.708339	0.708291	0.708213	0.708136	0.708079	0.708022	0.707964	0.707907	0.707878	0.707849	0.707856	
0.729061	0.729057	0.729078	0.729099	0.729137	0.729174	0.729219	0.729263	0.729345	0.729426	0.729513	0.729601	0.729734	0.729868	0.730053	0.730238	0.730533	0.730828	0.730197	0.729565	0.730529	0.731493	0.732681	0.73387	0.732184	0.730499	0.729991	0.729484	0.732939	0.73693	0.736754	0.731719	0.729003	0.730484	0.729928	0.725411	0.726308	0.731663	0.739967	0.748271	0.745307	0.742342	0.736273	0.730203	0.730639	0.731075	0.730949	0.730824	0.73057	0.730316	0.730152	0.729988	0.729837	0.729687	0.729609	0.729531	0.729409	0.729287	0.729249	0.72921	0.729145	0.729081	0.729073	0.729066	0.729061	
0.751254	0.751269	0.751315	0.751362	0.751397	0.751433	0.75147	0.751507	0.751535	0.751563	0.751608	0.751654	0.7517	0.751745	0.751939	0.752132	0.752315	0.752498	0.752271	0.752045	0.753298	0.754551	0.755948	0.757345	0.756717	0.75609	0.756999	0.757908	0.758965	0.763174	0.763755	0.760903	0.76048	0.764519	0.768916	0.769593	0.765973	0.764977	0.764646	0.764315	0.759058	0.7538	0.750136	0.746471	0.748777	0.751083	0.75159	0.752097	0.752069	0.752042	0.75189	0.751739	0.751623	0.751508	0.751466	0.751425	0.751328	0.751231	0.751238	0.751246	0.751206	0.751167	0.751203	0.75124	0.751254	
0.773447	0.773481	0.773553	0.773624	0.773658	0.773692	0.773722	0.773752	0.773725	0.773699	0.773703	0.773707	0.773665	0.773623	0.773824	0.774026	0.774097	0.774167	0.774346	0.774525	0.776067	0.77761	0.779215	0.78082	0.78125	0.78168	0.784006	0.786332	0.78499	0.783227	0.782766	0.782366	0.784807	0.789508	0.79381	0.795861	0.794577	0.798291	0.789325	0.780358	0.772808	0.765258	0.763998	0.762739	0.766915	0.771091	0.772231	0.77337	0.773569	0.773768	0.773629	0.77349	0.77341	0.77333	0.773324	0.773319	0.773247	0.773175	0.773228	0.773281	0.773267	0.773252	0.773333	0.773414	0.773447	
0.798537	0.798556	0.798611	0.798665	0.798671	0.798677	0.798666	0.798656	0.798582	0.798507	0.798425	0.798342	0.798252	0.798162	0.798191	0.79822	0.798355	0.79849	0.798845	0.799201	0.801191	0.80318	0.804575	0.80597	0.804569	0.803168	0.802774	0.802379	0.80051	0.800095	0.799697	0.80037	0.802825	0.806298	0.80949	0.811973	0.813407	0.814923	0.810239	0.805554	0.799624	0.793695	0.792042	0.790389	0.793081	0.795773	0.797016	0.798258	0.79859	0.798922	0.798869	0.798816	0.798756	0.798697	0.798632	0.798568	0.798493	0.798418	0.798428	0.798439	0.798416	0.798394	0.798456	0.798518	0.798537	
0.823627	0.823632	0.823669	0.823706	0.823684	0.823661	0.823611	0.823561	0.823438	0.823315	0.823146	0.822977	0.822839	0.822701	0.822558	0.822414	0.822613	0.822812	0.823345	0.823877	0.826314	0.828751	0.829936	0.831121	0.827888	0.824655	0.821541	0.818427	0.816028	0.81363	0.814329	0.815028	0.816387	0.817746	0.821308	0.82487	0.828213	0.831555	0.831152	0.83075	0.826441	0.822132	0.820086	0.81804	0.819248	0.820455	0.821801	0.823147	0.823611	0.824076	0.824109	0.824141	0.824103	0.824064	0.823941	0.823817	0.823739	0.823662	0.823629	0.823596	0.823566	0.823535	0.823579	0.823623	0.823627	
0.848121	0.84807	0.848014	0.847958	0.847838	0.847717	0.847571	0.847425	0.847256	0.847088	0.84691	0.846732	0.846659	0.846587	0.846568	0.84655	0.84697	0.84739	0.848303	0.849217	0.850664	0.852111	0.851154	0.850197	0.846411	0.842624	0.84041	0.838197	0.838223	0.838249	0.83962	0.840992	0.84124	0.841489	0.843626	0.845763	0.848216	0.850668	0.852068	0.853467	0.850815	0.848163	0.845647	0.843131	0.843449	0.843768	0.84481	0.845852	0.846599	0.847346	0.847666	0.847987	0.84809	0.848194	0.848192	0.848191	0.848192	0.848193	0.848193	0.848192	0.848179	0.848167	0.848169	0.848172	0.848121	
0.872615	0.872509	0.87236	0.872211	0.871992	0.871773	0.871531	0.871289	0.871075	0.87086	0.870674	0.870487	0.87048	0.870473	0.870579	0.870685	0.871326	0.871967	0.873262	0.874556	0.875014	0.875472	0.872372	0.869273	0.864933	0.860593	0.85928	0.857967	0.860417	0.862868	0.864912	0.866956	0.866094	0.865232	0.865944	0.866656	0.868219	0.869782	0.872983	0.876185	0.875189	0.874193	0.871208	0.868222	0.867651	0.867081	0.867819	0.868557	0.869587	0.870616	0.871224	0.871832	0.872078	0.872324	0.872444	0.872564	0.872644	0.872724	0.872756	0.872788	0.872793	0.872798	0.87276	0.872721	0.872615	
0.89565	0.89557	0.895444	0.895318	0.895171	0.895024	0.894868	0.894713	0.894619	0.894525	0.894485	0.894446	0.894565	0.894683	0.895064	0.895444	0.896129	0.896814	0.897797	0.898781	0.89791	0.897038	0.893841	0.890643	0.888246	0.885849	0.886114	0.886379	0.888741	0.891103	0.891748	0.892393	0.890794	0.889194	0.889109	0.889024	0.890675	0.892327	0.895823	0.899319	0.899403	0.899488	0.897209	0.89493	0.893719	0.892508	0.892286	0.892064	0.892738	0.893412	0.894062	0.894712	0.894999	0.895285	0.89544	0.895594	0.895673	0.895752	0.895776	0.8958	0.89581	0.89582	0.895775	0.89573	0.89565	
0.918686	0.918632	0.918529	0.918426	0.91835	0.918274	0.918205	0.918137	0.918163	0.91819	0.918297	0.918404	0.918649	0.918894	0.919549	0.920203	0.920931	0.92166	0.922333	0.923006	0.920805	0.918605	0.915309	0.912014	0.91156	0.911105	0.912948	0.914791	0.917065	0.919339	0.918585	0.91783	0.915493	0.913156	0.912274	0.911392	0.913132	0.914871	0.918662	0.922453	0.923617	0.924782	0.92321	0.921638	0.919787	0.917936	0.916753	0.915571	0.91589	0.916209	0.916901	0.917593	0.91792	0.918247	0.918435	0.918624	0.918702	0.918779	0.918796	0.918813	0.918828	0.918842	0.918791	0.918739	0.918686	
0.942159	0.942168	0.942158	0.942148	0.942168	0.942187	0.942221	0.942254	0.942337	0.942421	0.942637	0.942853	0.943154	0.943456	0.944185	0.944914	0.945367	0.945819	0.945495	0.945171	0.942453	0.939734	0.93726	0.934786	0.936034	0.937283	0.939922	0.942561	0.944129	0.945697	0.944565	0.943433	0.941339	0.939245	0.937726	0.936208	0.936834	0.93746	0.940427	0.943394	0.945157	0.946921	0.946494	0.946068	0.944812	0.943556	0.942014	0.940471	0.940283	0.940095	0.940578	0.941061	0.941356	0.941651	0.941859	0.942067	0.942106	0.942144	0.942158	0.942173	0.942174	0.942175	0.942163	0.942151	0.942159	
0.965633	0.965704	0.965787	0.965871	0.965985	0.9661	0.966236	0.966372	0.966512	0.966652	0.966976	0.967301	0.967659	0.968017	0.968821	0.969625	0.969802	0.969979	0.968657	0.967335	0.9641	0.960864	0.959211	0.957557	0.960509	0.963461	0.966896	0.970331	0.971193	0.972055	0.970545	0.969035	0.967184	0.965333	0.963178	0.961024	0.960536	0.960049	0.962192	0.964335	0.966697	0.969059	0.969778	0.970497	0.969836	0.969175	0.967274	0.965372	0.964677	0.963981	0.964255	0.964529	0.964792	0.965055	0.965283	0.96551	0.96551	0.965509	0.965521	0.965532	0.96552	0.965508	0.965535	0.965562	0.965633	
0.989897	0.989936	0.989977	0.990018	0.990044	0.99007	0.990142	0.990213	0.99029	0.990367	0.990701	0.991034	0.991368	0.991701	0.9922	0.992699	0.992355	0.99201	0.990201	0.988392	0.985753	0.983115	0.982859	0.982604	0.986261	0.989919	0.992933	0.995946	0.995879	0.995811	0.994224	0.992637	0.991477	0.990317	0.988798	0.987279	0.986218	0.985157	0.986024	0.98689	0.988499	0.990108	0.991341	0.992574	0.992776	0.992978	0.991265	0.989551	0.988627	0.987703	0.987711	0.987719	0.988013	0.988308	0.98868	0.989051	0.989205	0.989358	0.989505	0.989651	0.989693	0.989734	0.989796	0.989857	0.989897	
1.01416	1.01417	1.01417	1.01416	1.0141	1.01404	1.01405	1.01406	1.01407	1.01408	1.01442	1.01477	1.01508	1.01539	1.01558	1.01577	1.01491	1.01404	1.01174	1.00945	1.00741	1.00537	1.00651	1.00765	1.01201	1.01638	1.01897	1.02156	1.02056	1.01957	1.0179	1.01624	1.01577	1.0153	1.01442	1.01354	1.0119	1.01027	1.00986	1.00945	1.0103	1.01116	1.0129	1.01465	1.01572	1.01678	1.01526	1.01373	1.01258	1.01143	1.01117	1.01091	1.01123	1.01156	1.01208	1.01259	1.0129	1.01321	1.01349	1.01377	1.01386	1.01396	1.01406	1.01415	1.01416	
1.03787	1.03783	1.03778	1.03774	1.03761	1.03749	1.03752	1.03755	1.03761	1.03768	1.038	1.03831	1.03847	1.03863	1.03834	1.03805	1.03686	1.03567	1.03379	1.03192	1.03129	1.03066	1.03279	1.03492	1.03833	1.04175	1.04265	1.04356	1.04188	1.0402	1.03912	1.03804	1.03857	1.0391	1.03909	1.03909	1.03757	1.03605	1.03478	1.03351	1.03354	1.03358	1.03528	1.03698	1.03842	1.03987	1.03891	1.03796	1.03686	1.03577	1.03514	1.03452	1.03464	1.03477	1.03522	1.03568	1.03609	1.0365	1.03691	1.03731	1.03748	1.03766	1.03779	1.03792	1.03787	
1.06159	1.06148	1.0614	1.06131	1.06113	1.06094	1.06099	1.06104	1.06116	1.06128	1.06157	1.06185	1.06187	1.06188	1.0611	1.06033	1.05881	1.05729	1.05584	1.0544	1.05517	1.05595	1.05907	1.06218	1.06465	1.06712	1.06634	1.06556	1.0632	1.06084	1.06034	1.05985	1.06137	1.0629	1.06377	1.06464	1.06323	1.06182	1.0597	1.05757	1.05679	1.05601	1.05766	1.0593	1.06113	1.06295	1.06257	1.06218	1.06115	1.06011	1.05912	1.05812	1.05805	1.05797	1.05836	1.05876	1.05928	1.0598	1.06033	1.06085	1.0611	1.06135	1.06152	1.06169	1.06159	
1.08449	1.08447	1.08453	1.0846	1.08458	1.08456	1.08475	1.08494	1.0851	1.08526	1.08535	1.08543	1.08513	1.08483	1.08379	1.08275	1.08146	1.08017	1.07962	1.07907	1.08068	1.08228	1.08493	1.08758	1.08833	1.08908	1.08735	1.08562	1.08376	1.0819	1.08212	1.08235	1.08402	1.08568	1.08704	1.0884	1.08759	1.08678	1.08444	1.08209	1.08069	1.07928	1.08055	1.08182	1.0838	1.08577	1.08609	1.08641	1.08571	1.08502	1.08391	1.08281	1.08239	1.08197	1.082	1.08203	1.08236	1.08268	1.08312	1.08356	1.08381	1.08406	1.08429	1.08451	1.08449	
1.10739	1.10745	1.10767	1.10789	1.10803	1.10817	1.1085	1.10883	1.10904	1.10925	1.10913	1.10902	1.1084	1.10778	1.10647	1.10517	1.10411	1.10306	1.1034	1.10375	1.10618	1.10861	1.11079	1.11298	1.11202	1.11105	1.10837	1.10569	1.10432	1.10295	1.1039	1.10486	1.10666	1.10847	1.11031	1.11216	1.11194	1.11173	1.10917	1.10662	1.10459	1.10256	1.10345	1.10433	1.10646	1.1086	1.10961	1.11063	1.11028	1.10993	1.10871	1.1075	1.10673	1.10597	1.10564	1.1053	1.10543	1.10557	1.10592	1.10627	1.10652	1.10677	1.10705	1.10734	1.10739	
1.13035	1.13059	1.13104	1.13148	1.1318	1.13212	1.13247	1.13283	1.13288	1.13294	1.1325	1.13207	1.1312	1.13034	1.1292	1.12807	1.12762	1.12717	1.12817	1.12917	1.13135	1.13353	1.13452	1.13552	1.13361	1.1317	1.12927	1.12684	1.12647	1.1261	1.12733	1.12856	1.12967	1.13078	1.13261	1.13444	1.13495	1.13547	1.13354	1.13161	1.12941	1.12721	1.12732	1.12744	1.12911	1.13078	1.13216	1.13354	1.13372	1.13391	1.13301	1.13211	1.13127	1.13044	1.12979	1.12915	1.12898	1.12881	1.12893	1.12905	1.12923	1.12942	1.12977	1.13012	1.13035	
1.15332	1.15374	1.1544	1.15507	1.15557	1.15607	1.15645	1.15683	1.15672	1.15662	1.15588	1.15513	1.15401	1.15289	1.15193	1.15096	1.15112	1.15128	1.15293	1.15458	1.15652	1.15846	1.15825	1.15805	1.1552	1.15235	1.15017	1.14799	1.14862	1.14925	1.15076	1.15227	1.15268	1.15308	1.1549	1.15672	1.15797	1.15921	1.15791	1.1566	1.15423	1.15186	1.1512	1.15054	1.15175	1.15296	1.1547	1.15644	1.15716	1.15788	1.1573	1.15672	1.15582	1.15491	1.15395	1.153	1.15253	1.15206	1.15194	1.15183	1.15195	1.15207	1.15248	1.15289	1.15332	
1.17691	1.17741	1.1781	1.17878	1.17925	1.17971	1.1799	1.18009	1.17975	1.1794	1.17851	1.17762	1.17666	1.1757	1.17527	1.17485	1.17555	1.17625	1.17784	1.17944	1.18048	1.18153	1.18048	1.17943	1.1768	1.17417	1.1728	1.17143	1.17273	1.17403	1.17542	1.17681	1.17644	1.17606	1.17729	1.17853	1.18004	1.18155	1.18133	1.18112	1.17935	1.17757	1.17634	1.17511	1.17544	1.17576	1.17719	1.17863	1.17959	1.18054	1.18042	1.18029	1.17964	1.17899	1.17808	1.17717	1.17659	1.17601	1.17574	1.17547	1.17554	1.1756	1.176	1.17641	1.17691	
1.2005	1.20108	1.20179	1.2025	1.20292	1.20335	1.20335	1.20336	1.20277	1.20218	1.20115	1.20012	1.19931	1.1985	1.19862	1.19873	1.19997	1.20122	1.20276	1.2043	1.20445	1.2046	1.20271	1.20081	1.1984	1.19599	1.19543	1.19487	1.19684	1.19881	1.20008	1.20136	1.2002	1.19904	1.19969	1.20034	1.20211	1.20388	1.20476	1.20563	1.20446	1.20329	1.20149	1.19969	1.19912	1.19856	1.19969	1.20082	1.20201	1.2032	1.20353	1.20386	1.20346	1.20307	1.2022	1.20133	1.20065	1.19996	1.19954	1.19912	1.19913	1.19913	1.19953	1.19992	1.2005	
1.22449	1.22493	1.2254	1.22587	1.22606	1.22626	1.22605	1.22584	1.22519	1.22455	1.22376	1.22297	1.22262	1.22227	1.22286	1.22345	1.22474	1.22602	1.22696	1.2279	1.22726	1.22662	1.2247	1.22277	1.22141	1.22004	1.22035	1.22067	1.2223	1.22394	1.22466	1.22537	1.22412	1.22286	1.22305	1.22325	1.22462	1.22599	1.22736	1.22873	1.22829	1.22785	1.2262	1.22456	1.22355	1.22255	1.2231	1.22365	1.22463	1.2256	1.22616	1.22672	1.22666	1.2266	1.22605	1.2255	1.22497	1.22443	1.22402	1.22362	1.22358	1.22355	1.2238	1.22405	1.22449	
1.24848	1.24877	1.249	1.24924	1.24921	1.24917	1.24874	1.24831	1.24762	1.24692	1.24637	1.24581	1.24593	1.24604	1.2471	1.24817	1.2495	1.25083	1.25117	1.25151	1.25007	1.24864	1.24669	1.24474	1.24442	1.24409	1.24528	1.24646	1.24777	1.24908	1.24923	1.24939	1.24804	1.24668	1.24642	1.24616	1.24713	1.2481	1.24997	1.25184	1.25213	1.25241	1.25092	1.24943	1.24798	1.24654	1.24651	1.24648	1.24724	1.248	1.24879	1.24958	1.24986	1.25014	1.24991	1.24968	1.24929	1.2489	1.24851	1.24812	1.24804	1.24796	1.24808	1.24819	1.24848	
1.2723	1.27231	1.27222	1.27212	1.27188	1.27163	1.27117	1.27071	1.27025	1.26979	1.26968	1.26957	1.27007	1.27056	1.27163	1.27271	1.27357	1.27443	1.27415	1.27387	1.27237	1.27087	1.26959	1.26832	1.26895	1.26959	1.27103	1.27247	1.27297	1.27347	1.27312	1.27278	1.27185	1.27093	1.27054	1.27015	1.2706	1.27106	1.2726	1.27415	1.27475	1.27536	1.27442	1.27348	1.27221	1.27094	1.27056	1.27018	1.27061	1.27105	1.2718	1.27255	1.27302	1.27348	1.27358	1.27367	1.27351	1.27335	1.27307	1.27279	1.27265	1.27251	1.2724	1.27229	1.2723	
1.29612	1.29586	1.29543	1.295	1.29455	1.2941	1.29361	1.29311	1.29289	1.29267	1.293	1.29334	1.29421	1.29508	1.29616	1.29724	1.29764	1.29803	1.29713	1.29623	1.29467	1.29311	1.2925	1.29189	1.29349	1.29508	1.29678	1.29849	1.29817	1.29786	1.29701	1.29616	1.29567	1.29517	1.29466	1.29414	1.29408	1.29401	1.29524	1.29646	1.29738	1.29831	1.29792	1.29753	1.29644	1.29535	1.29461	1.29388	1.29399	1.2941	1.29481	1.29552	1.29617	1.29683	1.29725	1.29767	1.29774	1.29781	1.29764	1.29747	1.29726	1.29706	1.29672	1.29639	1.29612	
1.31953	1.31903	1.31838	1.31774	1.31726	1.31677	1.31645	1.31613	1.31624	1.31635	1.31701	1.31766	1.31858	1.3195	1.32019	1.32089	1.32075	1.3206	1.31951	1.31842	1.31741	1.3164	1.31661	1.31681	1.31852	1.32023	1.32149	1.32274	1.32196	1.32118	1.32034	1.3195	1.31937	1.31924	1.31866	1.31808	1.31783	1.31758	1.31834	1.31909	1.31994	1.3208	1.32082	1.32085	1.32011	1.31937	1.31865	1.31793	1.31789	1.31784	1.3184	1.31897	1.31964	1.32032	1.32088	1.32145	1.32166	1.32187	1.32177	1.32166	1.32138	1.32111	1.32057	1.32003	1.31953	
1.34293	1.34219	1.34134	1.34049	1.33997	1.33945	1.3393	1.33914	1.33959	1.34003	1.34101	1.34199	1.34295	1.34391	1.34422	1.34454	1.34385	1.34317	1.34189	1.34061	1.34016	1.3397	1.34071	1.34172	1.34355	1.34538	1.34619	1.34699	1.34575	1.3445	1.34367	1.34284	1.34307	1.34331	1.34266	1.34201	1.34159	1.34116	1.34144	1.34172	1.3425	1.34328	1.34372	1.34416	1.34378	1.34339	1.34269	1.34199	1.34178	1.34158	1.342	1.34242	1.34311	1.3438	1.34452	1.34523	1.34558	1.34593	1.3459	1.34586	1.34551	1.34516	1.34441	1.34367	1.34293	
1.36617	1.36535	1.36448	1.36362	1.36319	1.36277	1.36282	1.36286	1.3635	1.36415	1.36517	1.36619	1.36694	1.3677	1.36762	1.36754	1.36664	1.36573	1.36466	1.3636	1.36373	1.36385	1.36523	1.36661	1.368	1.36939	1.36961	1.36983	1.36869	1.36755	1.36702	1.3665	1.36675	1.36701	1.36631	1.3656	1.36524	1.36488	1.36489	1.3649	1.36552	1.36615	1.36669	1.36724	1.36711	1.36697	1.36645	1.36592	1.36573	1.36554	1.36585	1.36615	1.36676	1.36738	1.36806	1.36875	1.36911	1.36947	1.36945	1.36942	1.36902	1.36862	1.3678	1.36698	1.36617	
1.3894	1.38851	1.38763	1.38675	1.38642	1.38609	1.38634	1.38658	1.38742	1.38827	1.38932	1.39038	1.39093	1.39149	1.39102	1.39055	1.38942	1.38828	1.38744	1.38659	1.3873	1.38801	1.38975	1.39149	1.39244	1.39339	1.39303	1.39266	1.39163	1.39059	1.39038	1.39016	1.39043	1.39071	1.38995	1.3892	1.3889	1.38861	1.38835	1.38808	1.38855	1.38901	1.38967	1.39033	1.39044	1.39056	1.39021	1.38986	1.38968	1.3895	1.38969	1.38987	1.39042	1.39096	1.39161	1.39227	1.39264	1.39302	1.393	1.39297	1.39253	1.39208	1.39119	1.3903	1.3894	
1.41282	1.41202	1.41127	1.41053	1.41031	1.41008	1.41039	1.4107	1.41151	1.41231	1.4132	1.41408	1.41443	1.41478	1.4142	1.41362	1.4126	1.41158	1.41102	1.41047	1.41134	1.4122	1.41377	1.41534	1.41589	1.41643	1.41587	1.4153	1.41458	1.41387	1.41384	1.41381	1.41398	1.41414	1.41345	1.41275	1.41256	1.41236	1.41204	1.41173	1.41208	1.41243	1.41301	1.41359	1.41377	1.41395	1.41374	1.41354	1.41341	1.41329	1.41341	1.41354	1.41398	1.41442	1.41496	1.41549	1.4158	1.41611	1.41608	1.41605	1.41563	1.41521	1.41441	1.41361	1.41282	
1.43623	1.43554	1.43492	1.4343	1.43419	1.43407	1.43445	1.43483	1.4356	1.43636	1.43707	1.43779	1.43793	1.43807	1.43739	1.4367	1.43578	1.43487	1.4346	1.43434	1.43537	1.4364	1.4378	1.4392	1.43933	1.43947	1.4387	1.43794	1.43754	1.43714	1.4373	1.43746	1.43752	1.43758	1.43694	1.43631	1.43621	1.43611	1.43574	1.43538	1.43561	1.43585	1.43635	1.43685	1.4371	1.43734	1.43728	1.43722	1.43714	1.43707	1.43714	1.4372	1.43754	1.43788	1.4383	1.43872	1.43897	1.43921	1.43916	1.43912	1.43873	1.43834	1.43764	1.43693	1.43623	
1.45994	1.45947	1.45905	1.45863	1.45857	1.4585	1.45878	1.45906	1.45959	1.46012	1.4606	1.46108	1.46115	1.46122	1.46072	1.46022	1.45959	1.45896	1.45883	1.4587	1.45944	1.46018	1.46114	1.46209	1.46213	1.46216	1.4616	1.46104	1.46081	1.46059	1.46072	1.46085	1.46088	1.4609	1.46046	1.46002	1.45996	1.4599	1.45964	1.45937	1.45953	1.45969	1.46003	1.46037	1.46054	1.46072	1.4607	1.46067	1.46063	1.46059	1.46063	1.46067	1.4609	1.46112	1.4614	1.46169	1.46185	1.46201	1.46198	1.46194	1.46167	1.4614	1.46091	1.46042	1.45994	
1.48365	1.48339	1.48318	1.48296	1.48295	1.48293	1.48311	1.48329	1.48359	1.48389	1.48413	1.48437	1.48437	1.48437	1.48406	1.48375	1.48341	1.48306	1.48306	1.48305	1.48351	1.48397	1.48447	1.48498	1.48492	1.48486	1.4845	1.48414	1.48409	1.48403	1.48414	1.48425	1.48423	1.48422	1.48397	1.48373	1.48371	1.48369	1.48353	1.48337	1.48345	1.48352	1.4837	1.48388	1.48399	1.48411	1.48412	1.48413	1.48412	1.48411	1.48412	1.48414	1.48425	1.48437	1.48451	1.48465	1.48473	1.48482	1.48479	1.48476	1.48461	1.48445	1.48418	1.48391	1.48365	
1.50751	1.50751	1.50751	1.50751	1.50751	1.50751	1.50751	1.50751	1.50751	1.50751	1.50751	1.50751	1.50751	1.50751	1.50751	1.50751	1.50751	1.50751	1.50751	1.50751	1.50751	1.50751	1.50751	1.50751	1.50751	1.50751	1.50751	1.50751	1.50751	1.50751	1.50751	1.50751	1.50751	1.50751	1.50751	1.50751	1.50751	1.50751	1.50751	1.50751	1.50751	1.50751	1.50751	1.50751	1.50751	1.50751	1.50751	1.50751	1.50751	1.50751	1.50751	1.50751	1.50751	1.50751	1.50751	1.50751	1.50751	1.50751	1.50751	1.50751	1.50751	1.50751	1.50751	1.50751	1.50751	
