x=105	y=200	z=200	n=65	len=1
b
0	0	0	0	0	0	0	0	0	0	0	0	0	0	0	0	0	0	0	0	0	0	0	0	0	0	0	0	0	0	0	0	0	0	0	0	0	0	0	0	0	0	0	0	0	0	0	0	0	0	0	0	0	0	0	0	0	0	0	0	0	0	0	0	0	
0.0235614	0.0235674	0.0235731	0.0235787	0.0235874	0.0235961	0.0236022	0.0236083	0.0236156	0.0236229	0.0236254	0.0236279	0.0236272	0.0236265	0.0236218	0.0236171	0.0236062	0.0235953	0.0235878	0.0235802	0.023569	0.0235577	0.0235581	0.0235585	0.0235564	0.0235544	0.0235576	0.0235609	0.0235589	0.023557	0.0235566	0.0235562	0.0235565	0.0235567	0.0235517	0.0235466	0.0235473	0.0235479	0.0235414	0.0235349	0.0235351	0.0235352	0.0235308	0.0235263	0.0235267	0.0235271	0.0235259	0.0235247	0.0235256	0.0235265	0.0235274	0.0235284	0.0235294	0.0235305	0.0235322	0.023534	0.0235354	0.0235369	0.0235393	0.0235417	0.0235447	0.0235478	0.0235515	0.0235553	0.0235614	
0.0471203	0.0471319	0.0471428	0.0471537	0.047171	0.0471883	0.0472005	0.0472128	0.0472283	0.0472438	0.0472493	0.0472548	0.0472549	0.047255	0.0472458	0.0472367	0.0472154	0.0471942	0.0471781	0.0471619	0.0471385	0.0471151	0.0471152	0.0471153	0.0471115	0.0471076	0.0471148	0.047122	0.0471179	0.0471139	0.0471129	0.0471119	0.0471124	0.0471129	0.0471025	0.0470922	0.0470934	0.0470945	0.0470818	0.047069	0.0470691	0.0470693	0.047061	0.0470528	0.0470536	0.0470543	0.0470526	0.0470509	0.0470527	0.0470544	0.0470567	0.047059	0.0470608	0.0470627	0.0470663	0.0470699	0.0470723	0.0470747	0.0470792	0.0470837	0.0470892	0.0470947	0.0471017	0.0471088	0.0471203	
0.0706793	0.0706964	0.0707125	0.0707287	0.0707546	0.0707805	0.0707989	0.0708173	0.070841	0.0708646	0.0708732	0.0708818	0.0708826	0.0708834	0.0708698	0.0708563	0.0708246	0.070793	0.0707683	0.0707437	0.0707081	0.0706725	0.0706724	0.0706722	0.0706665	0.0706608	0.0706719	0.0706831	0.0706769	0.0706708	0.0706692	0.0706676	0.0706683	0.0706691	0.0706534	0.0706378	0.0706394	0.0706411	0.0706221	0.0706031	0.0706032	0.0706033	0.0705912	0.0705792	0.0705804	0.0705815	0.0705793	0.0705771	0.0705797	0.0705823	0.070586	0.0705896	0.0705923	0.070595	0.0706003	0.0706057	0.0706091	0.0706125	0.0706191	0.0706257	0.0706336	0.0706416	0.0706519	0.0706622	0.0706793	
0.0942308	0.0942516	0.0942719	0.0942923	0.0943262	0.0943602	0.0943853	0.0944105	0.0944443	0.0944781	0.0944925	0.094507	0.0945125	0.094518	0.0945025	0.094487	0.0944463	0.0944057	0.0943705	0.0943354	0.0942838	0.0942321	0.0942296	0.094227	0.0942187	0.0942104	0.0942282	0.0942459	0.0942376	0.0942293	0.0942262	0.0942231	0.0942254	0.0942276	0.0942058	0.0941839	0.0941869	0.0941899	0.0941644	0.094139	0.0941395	0.09414	0.0941249	0.0941099	0.0941119	0.0941141	0.0941122	0.0941103	0.0941141	0.0941179	0.0941231	0.0941283	0.0941314	0.0941344	0.094141	0.0941476	0.0941507	0.0941538	0.0941613	0.0941687	0.0941773	0.0941858	0.0941979	0.0942101	0.0942308	
0.117782	0.117807	0.117831	0.117856	0.117898	0.11794	0.117972	0.118004	0.118048	0.118092	0.118112	0.118132	0.118142	0.118153	0.118135	0.118118	0.118068	0.118018	0.117973	0.117927	0.117859	0.117792	0.117787	0.117782	0.117771	0.11776	0.117784	0.117809	0.117798	0.117788	0.117783	0.117779	0.117782	0.117786	0.117758	0.11773	0.117734	0.117739	0.117707	0.117675	0.117676	0.117677	0.117659	0.11764	0.117644	0.117647	0.117645	0.117644	0.117649	0.117653	0.11766	0.117667	0.11767	0.117674	0.117682	0.11769	0.117692	0.117695	0.117703	0.117712	0.117721	0.11773	0.117744	0.117758	0.117782	
0.141323	0.141348	0.141374	0.141401	0.141449	0.141498	0.141536	0.141575	0.141632	0.141689	0.141719	0.141748	0.141771	0.141793	0.141778	0.141763	0.141709	0.141655	0.141596	0.141537	0.141447	0.141357	0.141344	0.141331	0.141316	0.141301	0.141338	0.141374	0.141362	0.141349	0.141341	0.141332	0.141339	0.141345	0.14131	0.141275	0.14128	0.141286	0.141248	0.141211	0.141212	0.141213	0.141194	0.141176	0.14118	0.141185	0.141186	0.141188	0.141194	0.1412	0.14121	0.141219	0.141222	0.141225	0.141233	0.141242	0.141242	0.141243	0.14125	0.141258	0.141264	0.141271	0.141285	0.141298	0.141323	
0.164863	0.164889	0.164917	0.164946	0.165001	0.165056	0.165101	0.165147	0.165216	0.165286	0.165325	0.165365	0.165399	0.165434	0.165421	0.165409	0.16535	0.165292	0.165219	0.165146	0.165034	0.164923	0.164901	0.16488	0.164861	0.164842	0.164891	0.16494	0.164925	0.16491	0.164898	0.164886	0.164895	0.164903	0.164861	0.164819	0.164826	0.164832	0.164789	0.164746	0.164748	0.164749	0.16473	0.164711	0.164717	0.164723	0.164727	0.164732	0.164739	0.164747	0.164759	0.164771	0.164773	0.164776	0.164785	0.164794	0.164792	0.16479	0.164797	0.164804	0.164808	0.164812	0.164825	0.164838	0.164863	
0.18839	0.188412	0.188439	0.188466	0.188524	0.188581	0.188632	0.188683	0.188768	0.188852	0.188906	0.18896	0.189017	0.189073	0.189073	0.189074	0.189021	0.188969	0.188881	0.188793	0.188651	0.18851	0.188466	0.188423	0.188394	0.188365	0.188436	0.188508	0.188493	0.188479	0.188459	0.188439	0.188452	0.188466	0.188416	0.188367	0.188374	0.188382	0.188335	0.188287	0.188288	0.18829	0.188274	0.188257	0.188266	0.188275	0.188284	0.188294	0.188303	0.188313	0.188328	0.188342	0.188343	0.188344	0.188353	0.188361	0.188355	0.188348	0.188351	0.188355	0.188353	0.188351	0.18836	0.188369	0.18839	
0.211917	0.211934	0.21196	0.211986	0.212046	0.212107	0.212164	0.21222	0.212319	0.212418	0.212487	0.212555	0.212634	0.212713	0.212726	0.212738	0.212692	0.212646	0.212543	0.212441	0.212269	0.212097	0.212031	0.211965	0.211927	0.211888	0.211981	0.212075	0.212061	0.212048	0.21202	0.211992	0.21201	0.212028	0.211971	0.211914	0.211923	0.211932	0.21188	0.211828	0.211829	0.211831	0.211817	0.211804	0.211815	0.211827	0.211841	0.211856	0.211867	0.211878	0.211896	0.211914	0.211913	0.211912	0.21192	0.211929	0.211917	0.211905	0.211906	0.211906	0.211898	0.21189	0.211895	0.2119	0.211917	
0.235433	0.235441	0.23546	0.235479	0.235536	0.235593	0.235651	0.235709	0.235821	0.235932	0.236018	0.236105	0.236218	0.236331	0.23637	0.23641	0.236391	0.236373	0.236261	0.236149	0.235941	0.235734	0.235618	0.235503	0.235441	0.235379	0.23551	0.235642	0.235636	0.235629	0.235587	0.235544	0.235566	0.235587	0.235525	0.235463	0.235469	0.235475	0.235422	0.23537	0.23537	0.235371	0.235367	0.235362	0.235378	0.235394	0.235417	0.235441	0.235454	0.235467	0.235489	0.235511	0.235506	0.235502	0.235509	0.235515	0.235496	0.235477	0.235472	0.235467	0.235449	0.235432	0.235429	0.235426	0.235433	
0.258949	0.258947	0.25896	0.258972	0.259026	0.259079	0.259138	0.259197	0.259322	0.259446	0.25955	0.259654	0.259801	0.259948	0.260014	0.260081	0.26009	0.2601	0.259978	0.259856	0.259614	0.259371	0.259206	0.25904	0.258955	0.25887	0.259039	0.259209	0.25921	0.259211	0.259154	0.259097	0.259121	0.259145	0.259078	0.259011	0.259014	0.259017	0.258965	0.258912	0.258912	0.258911	0.258916	0.258921	0.258941	0.258961	0.258994	0.259026	0.259041	0.259057	0.259082	0.259107	0.2591	0.259092	0.259097	0.259102	0.259076	0.259049	0.259039	0.259028	0.259	0.258973	0.258962	0.258952	0.258949	
0.282462	0.282444	0.282444	0.282444	0.282484	0.282524	0.282576	0.282628	0.282756	0.282883	0.283003	0.283123	0.283311	0.283498	0.283614	0.28373	0.283802	0.283875	0.28377	0.283665	0.283396	0.283127	0.282861	0.282595	0.282449	0.282303	0.282527	0.28275	0.282784	0.282819	0.282739	0.282659	0.282685	0.28271	0.282643	0.282577	0.28257	0.282563	0.282515	0.282466	0.282464	0.282462	0.282482	0.282503	0.282529	0.282555	0.282599	0.282644	0.28266	0.282677	0.282704	0.282732	0.282719	0.282707	0.282708	0.28271	0.282674	0.282638	0.282621	0.282603	0.282562	0.282522	0.282501	0.28248	0.282462	
0.305974	0.30594	0.305928	0.305915	0.305941	0.305968	0.306013	0.306058	0.306189	0.306321	0.306456	0.306592	0.30682	0.307049	0.307214	0.307379	0.307514	0.307649	0.307561	0.307474	0.307178	0.306882	0.306515	0.306149	0.305943	0.305737	0.306014	0.306292	0.306359	0.306426	0.306324	0.306221	0.306248	0.306275	0.306209	0.306143	0.306126	0.306109	0.306065	0.30602	0.306016	0.306012	0.306049	0.306086	0.306118	0.30615	0.306205	0.306261	0.306279	0.306296	0.306327	0.306357	0.306339	0.306322	0.30632	0.306318	0.306273	0.306228	0.306203	0.306177	0.306124	0.306071	0.306039	0.306007	0.305974	
0.329498	0.329445	0.329415	0.329385	0.329386	0.329388	0.329413	0.329438	0.329554	0.329669	0.329805	0.329941	0.330202	0.330463	0.330691	0.330919	0.331162	0.331405	0.331399	0.331394	0.33112	0.330845	0.330313	0.32978	0.329449	0.329119	0.329445	0.329772	0.329911	0.33005	0.329928	0.329805	0.329815	0.329824	0.329771	0.329717	0.329675	0.329632	0.329603	0.329575	0.329571	0.329566	0.329631	0.329695	0.329736	0.329778	0.329846	0.329913	0.329931	0.329949	0.329979	0.330008	0.329984	0.32996	0.329952	0.329945	0.32989	0.329836	0.329803	0.32977	0.329704	0.329637	0.329594	0.329551	0.329498	
0.353023	0.352951	0.352903	0.352854	0.352831	0.352808	0.352813	0.352818	0.352918	0.353018	0.353155	0.353291	0.353584	0.353878	0.354169	0.35446	0.35481	0.35516	0.355237	0.355315	0.355062	0.354808	0.35411	0.353411	0.352956	0.352501	0.352876	0.353251	0.353463	0.353674	0.353531	0.353389	0.353381	0.353374	0.353333	0.353292	0.353223	0.353155	0.353142	0.353129	0.353125	0.353121	0.353212	0.353304	0.353355	0.353406	0.353486	0.353566	0.353584	0.353601	0.353631	0.35366	0.353629	0.353598	0.353585	0.353572	0.353508	0.353444	0.353403	0.353362	0.353283	0.353204	0.353149	0.353094	0.353023	
0.376579	0.376489	0.376422	0.376355	0.376298	0.376241	0.376212	0.376183	0.376238	0.376294	0.376399	0.376505	0.376792	0.377078	0.377421	0.377764	0.378248	0.378732	0.379012	0.379292	0.37919	0.379088	0.378189	0.37729	0.376581	0.375871	0.376213	0.376554	0.376931	0.377309	0.37717	0.377032	0.376995	0.376957	0.376939	0.376922	0.376802	0.376682	0.37669	0.376697	0.376702	0.376707	0.376833	0.376959	0.37702	0.377082	0.377169	0.377257	0.377269	0.377281	0.377305	0.377328	0.377288	0.377248	0.377228	0.377208	0.377136	0.377065	0.377018	0.376972	0.376884	0.376796	0.376732	0.376668	0.376579	
0.400135	0.400028	0.399941	0.399855	0.399764	0.399673	0.39961	0.399547	0.399558	0.399569	0.399644	0.39972	0.399999	0.400278	0.400673	0.401069	0.401687	0.402304	0.402786	0.403268	0.403318	0.403368	0.402269	0.401169	0.400205	0.399241	0.399549	0.399857	0.4004	0.400943	0.400809	0.400675	0.400608	0.400541	0.400546	0.400551	0.400381	0.40021	0.400238	0.400266	0.400279	0.400292	0.400453	0.400614	0.400686	0.400758	0.400853	0.400947	0.400954	0.400961	0.400979	0.400996	0.400947	0.400898	0.400871	0.400844	0.400765	0.400686	0.400634	0.400581	0.400484	0.400388	0.400315	0.400242	0.400135	
0.423746	0.42363	0.423532	0.423434	0.423311	0.423188	0.423086	0.422984	0.422924	0.422865	0.422866	0.422867	0.423064	0.423261	0.423624	0.423987	0.424681	0.425375	0.426166	0.426956	0.42739	0.427823	0.426731	0.42564	0.424291	0.422943	0.422952	0.422961	0.423688	0.424416	0.424365	0.424315	0.424204	0.424093	0.424134	0.424175	0.423934	0.423692	0.423756	0.42382	0.423869	0.423918	0.42412	0.424323	0.424406	0.424489	0.424577	0.424666	0.42466	0.424654	0.424657	0.424661	0.424602	0.424543	0.424508	0.424473	0.424392	0.42431	0.424256	0.424203	0.424105	0.424008	0.423935	0.423861	0.423746	
0.447356	0.447232	0.447122	0.447012	0.446858	0.446704	0.446562	0.44642	0.446291	0.446161	0.446088	0.446015	0.44613	0.446244	0.446575	0.446905	0.447675	0.448445	0.449545	0.450644	0.451461	0.452278	0.451194	0.45011	0.448377	0.446645	0.446355	0.446065	0.446977	0.447889	0.447922	0.447955	0.4478	0.447646	0.447723	0.4478	0.447487	0.447173	0.447274	0.447374	0.447459	0.447544	0.447788	0.448031	0.448125	0.448219	0.448302	0.448384	0.448366	0.448347	0.448336	0.448325	0.448256	0.448187	0.448145	0.448103	0.448018	0.447934	0.447879	0.447824	0.447727	0.447629	0.447554	0.44748	0.447356	
0.471027	0.470912	0.470807	0.470701	0.470535	0.470368	0.4702	0.470033	0.469833	0.469632	0.469457	0.469281	0.469228	0.469174	0.469325	0.469477	0.470117	0.470758	0.472053	0.473347	0.474759	0.47617	0.475862	0.475554	0.473439	0.471324	0.470108	0.468891	0.469982	0.471072	0.471467	0.471862	0.471731	0.4716	0.471567	0.471535	0.471091	0.470646	0.470776	0.470905	0.471075	0.471245	0.471534	0.471822	0.471905	0.471987	0.472046	0.472105	0.47206	0.472015	0.471984	0.471953	0.471874	0.471796	0.471748	0.4717	0.471621	0.471541	0.471492	0.471442	0.471356	0.47127	0.471206	0.471142	0.471027	
0.494698	0.494592	0.494491	0.494391	0.494211	0.494032	0.493839	0.493646	0.493375	0.493103	0.492826	0.492548	0.492325	0.492103	0.492076	0.492048	0.49256	0.493072	0.494561	0.496051	0.498057	0.500063	0.50053	0.500997	0.4985	0.496004	0.493861	0.491717	0.492987	0.494256	0.495012	0.495768	0.495661	0.495554	0.495412	0.49527	0.494695	0.494119	0.494278	0.494436	0.494691	0.494946	0.49528	0.495613	0.495684	0.495756	0.49579	0.495825	0.495754	0.495683	0.495632	0.49558	0.495492	0.495404	0.495351	0.495298	0.495223	0.495148	0.495104	0.49506	0.494986	0.494912	0.494858	0.494803	0.494698	
0.518407	0.51833	0.518258	0.518186	0.518033	0.517879	0.517706	0.517532	0.517244	0.516957	0.516622	0.516288	0.515902	0.515516	0.515185	0.514854	0.514931	0.515008	0.516072	0.517137	0.519591	0.522044	0.523978	0.525913	0.524237	0.522561	0.519079	0.515596	0.516133	0.516671	0.517929	0.519188	0.519215	0.519241	0.518952	0.518663	0.518042	0.517421	0.517721	0.518021	0.518374	0.518727	0.519103	0.519479	0.519516	0.519552	0.519534	0.519516	0.519405	0.519295	0.519219	0.519144	0.51905	0.518955	0.518901	0.518846	0.518783	0.51872	0.518687	0.518654	0.518602	0.51855	0.518517	0.518484	0.518407	
0.542116	0.542069	0.542025	0.541982	0.541854	0.541726	0.541572	0.541419	0.541114	0.54081	0.540419	0.540029	0.539479	0.538928	0.538294	0.537659	0.537301	0.536944	0.537584	0.538224	0.541124	0.544025	0.547427	0.550829	0.549974	0.549119	0.544297	0.539475	0.53928	0.539086	0.540847	0.542608	0.542768	0.542929	0.542493	0.542057	0.54139	0.540723	0.541164	0.541606	0.542057	0.542508	0.542926	0.543345	0.543347	0.543349	0.543278	0.543208	0.543057	0.542906	0.542807	0.542708	0.542607	0.542507	0.54245	0.542394	0.542343	0.542292	0.54227	0.542248	0.542219	0.542189	0.542177	0.542164	0.542116	
0.565801	0.565794	0.565792	0.565791	0.565726	0.565661	0.565578	0.565495	0.565267	0.56504	0.564719	0.564399	0.563846	0.563292	0.562508	0.561723	0.560883	0.560043	0.559683	0.559323	0.561621	0.56392	0.567831	0.571743	0.572143	0.572544	0.568396	0.564248	0.563087	0.561927	0.563497	0.565067	0.565348	0.565628	0.565082	0.564535	0.564027	0.563519	0.564375	0.565231	0.565824	0.566417	0.566906	0.567396	0.567246	0.567095	0.566958	0.566822	0.566618	0.566413	0.5663	0.566187	0.566087	0.565986	0.565935	0.565884	0.565849	0.565814	0.565806	0.565797	0.565792	0.565788	0.565799	0.565809	0.565801	
0.589486	0.589519	0.589559	0.5896	0.589598	0.589597	0.589584	0.589571	0.589421	0.58927	0.589019	0.588768	0.588212	0.587657	0.586722	0.585787	0.584465	0.583142	0.581782	0.580422	0.582118	0.583814	0.588235	0.592657	0.594313	0.595969	0.592495	0.589021	0.586895	0.584768	0.586147	0.587527	0.587928	0.588328	0.587671	0.587013	0.586664	0.586315	0.587586	0.588857	0.589591	0.590325	0.590886	0.591447	0.591145	0.590842	0.590639	0.590436	0.590178	0.589921	0.589794	0.589666	0.589566	0.589466	0.58942	0.589375	0.589356	0.589337	0.589341	0.589345	0.589366	0.589387	0.58942	0.589454	0.589486	
0.613056	0.613116	0.613186	0.613255	0.613317	0.61338	0.613447	0.613515	0.613509	0.613503	0.613448	0.613392	0.613102	0.612813	0.612208	0.611604	0.610516	0.609428	0.60761	0.605792	0.60596	0.606128	0.608923	0.611717	0.613285	0.614852	0.61315	0.611447	0.609879	0.608311	0.60883	0.609349	0.609481	0.609614	0.608694	0.607775	0.60808	0.608384	0.610706	0.613028	0.61399	0.614952	0.61538	0.615807	0.615133	0.61446	0.614199	0.613939	0.613636	0.613333	0.61321	0.613086	0.612991	0.612895	0.61286	0.612824	0.612817	0.61281	0.612823	0.612836	0.612871	0.612906	0.612952	0.612997	0.613056	
0.636626	0.636713	0.636812	0.636911	0.637037	0.637163	0.637311	0.637459	0.637597	0.637735	0.637876	0.638016	0.637993	0.637969	0.637695	0.637421	0.636568	0.635714	0.633438	0.631161	0.629802	0.628443	0.62961	0.630776	0.632256	0.633735	0.633804	0.633872	0.632863	0.631854	0.631513	0.631171	0.631035	0.630899	0.629718	0.628537	0.629496	0.630454	0.633827	0.6372	0.638389	0.639579	0.639873	0.640166	0.639122	0.638077	0.63776	0.637443	0.637094	0.636745	0.636626	0.636506	0.636416	0.636325	0.6363	0.636274	0.636279	0.636283	0.636304	0.636326	0.636376	0.636426	0.636483	0.636539	0.636626	
0.660034	0.660114	0.660197	0.660281	0.660408	0.660535	0.660677	0.66082	0.661003	0.661186	0.661389	0.661592	0.661773	0.661953	0.662039	0.662124	0.661806	0.661488	0.659728	0.657968	0.65598	0.653993	0.654236	0.65448	0.655246	0.656013	0.655811	0.655609	0.654707	0.653805	0.652871	0.651937	0.650325	0.648713	0.647156	0.645599	0.651213	0.656827	0.662001	0.667174	0.666645	0.666116	0.665015	0.663914	0.662575	0.661237	0.660926	0.660615	0.660326	0.660037	0.659956	0.659876	0.659807	0.659737	0.659725	0.659714	0.659722	0.659729	0.65975	0.65977	0.659816	0.659861	0.659907	0.659954	0.660034	
0.683441	0.683514	0.683583	0.683652	0.683779	0.683907	0.684044	0.684182	0.684409	0.684637	0.684902	0.685168	0.685553	0.685938	0.686382	0.686826	0.687044	0.687263	0.686019	0.684775	0.682158	0.679542	0.678863	0.678184	0.678237	0.67829	0.677818	0.677345	0.676551	0.675579	0.674195	0.67224	0.669219	0.665496	0.662214	0.661382	0.669933	0.6832	0.690175	0.697149	0.694901	0.692652	0.690157	0.687662	0.686029	0.684396	0.684091	0.683787	0.683558	0.683329	0.683287	0.683246	0.683198	0.68315	0.683151	0.683153	0.683165	0.683176	0.683195	0.683215	0.683255	0.683296	0.683332	0.683369	0.683441	
0.706731	0.706763	0.706778	0.706793	0.706844	0.706895	0.706926	0.706956	0.707036	0.707115	0.707174	0.707232	0.707339	0.707446	0.707519	0.707593	0.707504	0.707416	0.706903	0.70639	0.705486	0.704581	0.705529	0.706477	0.705646	0.704815	0.703581	0.702348	0.702984	0.701011	0.698781	0.695595	0.689215	0.682327	0.678423	0.679494	0.693266	0.711158	0.713536	0.715915	0.713722	0.711528	0.709667	0.707805	0.707284	0.706763	0.706741	0.706719	0.706648	0.706578	0.706595	0.706612	0.706596	0.70658	0.706593	0.706607	0.706614	0.70662	0.706631	0.706641	0.70666	0.706679	0.706689	0.706699	0.706731	
0.730021	0.730012	0.729974	0.729935	0.729909	0.729884	0.729807	0.729729	0.729662	0.729594	0.729445	0.729297	0.729125	0.728954	0.728657	0.728359	0.727964	0.727569	0.727787	0.728005	0.728813	0.72962	0.732195	0.734769	0.733054	0.731339	0.729345	0.727351	0.729417	0.731566	0.731337	0.729364	0.725023	0.700852	0.695552	0.714601	0.735505	0.744983	0.739886	0.73468	0.732542	0.730404	0.729176	0.727948	0.728539	0.729131	0.729391	0.729651	0.729739	0.729827	0.729902	0.729977	0.729994	0.730009	0.730035	0.730061	0.730063	0.730065	0.730066	0.730068	0.730065	0.730063	0.730046	0.73003	0.730021	
0.75337	0.753327	0.753255	0.753183	0.753105	0.753027	0.752895	0.752763	0.752618	0.752473	0.752252	0.752031	0.751783	0.751535	0.751261	0.750988	0.7508	0.750613	0.75125	0.751887	0.753194	0.754502	0.756309	0.758116	0.756703	0.755291	0.754561	0.753831	0.75586	0.76085	0.763656	0.769169	0.792393	0.778017	0.736978	0.781299	0.781715	0.774713	0.761556	0.752611	0.752233	0.751854	0.751378	0.750902	0.751657	0.752412	0.752688	0.752963	0.753123	0.753283	0.753374	0.753465	0.753491	0.753517	0.753542	0.753567	0.753558	0.753549	0.75354	0.753531	0.753508	0.753484	0.753448	0.753412	0.75337	
0.776718	0.776642	0.776537	0.776431	0.7763	0.77617	0.775983	0.775797	0.775575	0.775352	0.775059	0.774765	0.77444	0.774116	0.773866	0.773617	0.773636	0.773656	0.774712	0.775768	0.777576	0.779383	0.780423	0.781462	0.780352	0.779243	0.779777	0.780311	0.782303	0.784699	0.787335	0.790389	0.793932	0.797936	0.797624	0.799832	0.798543	0.791542	0.780523	0.770543	0.771923	0.773305	0.773581	0.773856	0.774775	0.775693	0.775984	0.776275	0.776507	0.776739	0.776846	0.776953	0.776988	0.777024	0.777048	0.777073	0.777053	0.777033	0.777014	0.776995	0.77695	0.776905	0.776849	0.776794	0.776718	
0.800224	0.800143	0.800057	0.799971	0.799852	0.799733	0.799612	0.799491	0.799336	0.79918	0.799076	0.798972	0.798867	0.798763	0.798948	0.799133	0.799551	0.799969	0.801442	0.802915	0.804904	0.806893	0.8071	0.807307	0.80423	0.801153	0.800592	0.800031	0.801976	0.804476	0.805805	0.806674	0.807745	0.809497	0.811518	0.814136	0.813763	0.810117	0.803802	0.797599	0.797952	0.798305	0.798227	0.79815	0.798781	0.799413	0.799644	0.799876	0.800084	0.800292	0.800388	0.800485	0.800519	0.800552	0.800575	0.800597	0.800573	0.800549	0.80053	0.800511	0.800459	0.800407	0.800355	0.800304	0.800224	
0.823729	0.823645	0.823578	0.823511	0.823403	0.823296	0.823241	0.823186	0.823097	0.823008	0.823093	0.823179	0.823294	0.82341	0.82403	0.82465	0.825466	0.826281	0.828172	0.830063	0.832233	0.834402	0.833778	0.833153	0.828108	0.823064	0.821408	0.819752	0.821649	0.824246	0.825542	0.826319	0.826121	0.826252	0.82774	0.829921	0.830417	0.830178	0.827417	0.824656	0.823981	0.823305	0.822874	0.822443	0.822788	0.823132	0.823305	0.823477	0.823661	0.823845	0.823931	0.824018	0.824049	0.824081	0.824101	0.824122	0.824093	0.824064	0.824045	0.824026	0.823967	0.823908	0.823861	0.823814	0.823729	
0.847378	0.847314	0.847294	0.847273	0.847214	0.847155	0.847192	0.847228	0.847237	0.847246	0.847479	0.847712	0.847972	0.848231	0.848962	0.849693	0.850512	0.85133	0.852768	0.854205	0.855258	0.856312	0.853986	0.85166	0.847534	0.843407	0.843059	0.842712	0.845507	0.847744	0.849035	0.849511	0.849045	0.848517	0.848868	0.849644	0.850211	0.850518	0.848998	0.847478	0.847174	0.84687	0.846509	0.846148	0.84644	0.846731	0.846857	0.846982	0.847157	0.847333	0.847413	0.847493	0.847537	0.847581	0.847607	0.847634	0.847616	0.847599	0.847592	0.847584	0.847537	0.84749	0.847465	0.847441	0.847378	
0.871026	0.870984	0.87101	0.871036	0.871025	0.871014	0.871142	0.87127	0.871377	0.871485	0.871865	0.872245	0.872649	0.873053	0.873894	0.874735	0.875558	0.87638	0.877363	0.878347	0.878284	0.87822	0.874193	0.870166	0.866959	0.863751	0.864711	0.865671	0.869366	0.873061	0.873401	0.873741	0.872798	0.871855	0.871368	0.870882	0.87087	0.870859	0.870579	0.870299	0.870367	0.870435	0.870144	0.869852	0.870091	0.870331	0.870409	0.870487	0.870654	0.870821	0.870895	0.870968	0.871025	0.871081	0.871114	0.871146	0.87114	0.871133	0.871138	0.871142	0.871107	0.871071	0.87107	0.871068	0.871026	
0.894735	0.894724	0.894789	0.894854	0.894888	0.894921	0.895093	0.895264	0.89542	0.895575	0.895953	0.896331	0.896711	0.89709	0.897708	0.898326	0.898839	0.899351	0.899516	0.899682	0.898708	0.897734	0.894525	0.891317	0.890307	0.889297	0.891267	0.893238	0.895563	0.897889	0.897252	0.896615	0.895898	0.895181	0.894855	0.894529	0.894448	0.894368	0.894068	0.893769	0.893799	0.89383	0.893615	0.8934	0.893605	0.89381	0.893872	0.893934	0.894102	0.89427	0.894345	0.89442	0.894493	0.894567	0.89461	0.894653	0.894666	0.894679	0.894701	0.894724	0.89471	0.894697	0.894721	0.894746	0.894735	
0.918444	0.918464	0.918568	0.918671	0.91875	0.918829	0.919044	0.919259	0.919462	0.919666	0.920041	0.920417	0.920772	0.921127	0.921522	0.921918	0.92212	0.922321	0.921669	0.921017	0.919132	0.917247	0.914857	0.912467	0.913655	0.914844	0.917824	0.920805	0.921761	0.922717	0.921103	0.919488	0.918998	0.918507	0.918342	0.918176	0.918026	0.917877	0.917558	0.917239	0.917232	0.917225	0.917087	0.916948	0.917118	0.917289	0.917335	0.917382	0.91755	0.917719	0.917796	0.917872	0.917962	0.918052	0.918106	0.91816	0.918193	0.918225	0.918265	0.918305	0.918313	0.918322	0.918373	0.918424	0.918444	
0.942132	0.942175	0.942293	0.942411	0.942506	0.942601	0.942804	0.943008	0.943193	0.943379	0.943661	0.943944	0.944183	0.944422	0.944563	0.944704	0.944652	0.944601	0.943709	0.942817	0.941201	0.939585	0.938389	0.937192	0.939008	0.940824	0.942965	0.945105	0.945322	0.945538	0.944137	0.942737	0.942443	0.94215	0.942119	0.942088	0.94198	0.941872	0.941571	0.941271	0.941146	0.941021	0.940852	0.940683	0.940787	0.94089	0.940916	0.940941	0.941087	0.941234	0.941304	0.941374	0.94147	0.941566	0.941627	0.941688	0.941736	0.941785	0.941839	0.941893	0.941922	0.941951	0.942021	0.94209	0.942132	
0.96582	0.965885	0.966018	0.96615	0.966262	0.966373	0.966565	0.966757	0.966924	0.967091	0.967281	0.967472	0.967594	0.967717	0.967603	0.96749	0.967185	0.96688	0.965749	0.964618	0.963271	0.961923	0.96192	0.961917	0.964361	0.966804	0.968105	0.969406	0.968882	0.968358	0.967171	0.965985	0.965889	0.965792	0.965897	0.966001	0.965934	0.965866	0.965585	0.965303	0.96506	0.964818	0.964618	0.964417	0.964455	0.964492	0.964496	0.9645	0.964624	0.964749	0.964813	0.964877	0.964978	0.965079	0.965147	0.965215	0.96528	0.965345	0.965414	0.965482	0.965531	0.965581	0.965668	0.965756	0.96582	
0.989453	0.989527	0.989652	0.989777	0.989883	0.989988	0.99014	0.990293	0.990417	0.990541	0.990636	0.990731	0.990758	0.990786	0.990559	0.990333	0.989963	0.989593	0.988657	0.987722	0.986826	0.98593	0.986304	0.986678	0.98872	0.990762	0.991479	0.992195	0.991702	0.991209	0.99032	0.989431	0.989366	0.989301	0.989406	0.98951	0.989528	0.989546	0.989342	0.989137	0.988906	0.988675	0.988476	0.988278	0.988258	0.988238	0.988214	0.988191	0.988279	0.988367	0.988416	0.988465	0.988557	0.98865	0.988716	0.988782	0.988854	0.988925	0.988999	0.989073	0.989134	0.989195	0.989287	0.989379	0.989453	
1.01309	1.01317	1.01329	1.0134	1.0135	1.0136	1.01372	1.01383	1.01391	1.01399	1.01399	1.01399	1.01392	1.01385	1.01351	1.01318	1.01274	1.01231	1.01157	1.01083	1.01038	1.00994	1.01069	1.01144	1.01308	1.01472	1.01485	1.01498	1.01452	1.01406	1.01347	1.01288	1.01284	1.01281	1.01291	1.01302	1.01312	1.01323	1.0131	1.01297	1.01275	1.01253	1.01234	1.01214	1.01206	1.01198	1.01193	1.01188	1.01193	1.01198	1.01202	1.01205	1.01214	1.01222	1.01228	1.01235	1.01243	1.01251	1.01258	1.01266	1.01274	1.01281	1.01291	1.013	1.01309	
1.03666	1.03674	1.03683	1.03693	1.03701	1.03709	1.03717	1.03724	1.03728	1.03732	1.03726	1.03721	1.0371	1.03699	1.03666	1.03632	1.03595	1.03558	1.03507	1.03456	1.03437	1.03418	1.03491	1.03563	1.03686	1.0381	1.03801	1.03793	1.03756	1.03719	1.0368	1.03641	1.03639	1.03637	1.03646	1.03655	1.03666	1.03676	1.0367	1.03663	1.03645	1.03628	1.03611	1.03594	1.03584	1.03575	1.03568	1.03562	1.03564	1.03566	1.03568	1.0357	1.03577	1.03584	1.03589	1.03595	1.03603	1.0361	1.03617	1.03625	1.03632	1.0364	1.03649	1.03658	1.03666	
1.06023	1.0603	1.06038	1.06046	1.06052	1.06058	1.06061	1.06064	1.06064	1.06064	1.06053	1.06042	1.06028	1.06013	1.0598	1.05947	1.05917	1.05886	1.05857	1.05828	1.05836	1.05843	1.05912	1.05982	1.06065	1.06148	1.06117	1.06087	1.0606	1.06033	1.06013	1.05993	1.05994	1.05994	1.06001	1.06008	1.06019	1.0603	1.06029	1.06028	1.06015	1.06003	1.05989	1.05974	1.05963	1.05951	1.05944	1.05936	1.05935	1.05934	1.05935	1.05935	1.0594	1.05945	1.0595	1.05955	1.05962	1.05969	1.05977	1.05984	1.05991	1.05999	1.06007	1.06015	1.06023	
1.08376	1.08383	1.08388	1.08394	1.08398	1.08403	1.08403	1.08403	1.08401	1.08398	1.08386	1.08373	1.08359	1.08344	1.08316	1.08288	1.08266	1.08243	1.08227	1.08211	1.08226	1.0824	1.08297	1.08353	1.08412	1.08471	1.08441	1.08411	1.08391	1.08372	1.08361	1.0835	1.08351	1.08352	1.08357	1.08362	1.08372	1.08382	1.08383	1.08384	1.08376	1.08367	1.08356	1.08345	1.08334	1.08323	1.08316	1.08309	1.08306	1.08304	1.08303	1.08303	1.08306	1.0831	1.08314	1.08318	1.08324	1.0833	1.08336	1.08342	1.08349	1.08356	1.08363	1.0837	1.08376	
1.10729	1.10735	1.10738	1.10742	1.10744	1.10747	1.10744	1.10741	1.10737	1.10732	1.10718	1.10704	1.10689	1.10675	1.10652	1.1063	1.10615	1.10601	1.10597	1.10594	1.10616	1.10638	1.10681	1.10724	1.10759	1.10794	1.10764	1.10735	1.10723	1.10711	1.10709	1.10707	1.10708	1.1071	1.10713	1.10716	1.10724	1.10733	1.10737	1.1074	1.10736	1.10732	1.10724	1.10716	1.10706	1.10696	1.10689	1.10682	1.10678	1.10673	1.10672	1.1067	1.10672	1.10674	1.10677	1.1068	1.10685	1.1069	1.10695	1.107	1.10706	1.10712	1.10718	1.10724	1.10729	
1.13081	1.13085	1.13087	1.13089	1.1309	1.13091	1.13086	1.13082	1.13077	1.13072	1.13059	1.13045	1.13033	1.13021	1.13004	1.12986	1.12978	1.12969	1.12971	1.12973	1.12994	1.13016	1.13049	1.13082	1.13105	1.13129	1.13103	1.13078	1.13069	1.13061	1.13061	1.13062	1.13064	1.13066	1.13069	1.13072	1.13078	1.13085	1.1309	1.13094	1.13092	1.13089	1.13084	1.13079	1.1307	1.13062	1.13056	1.1305	1.13045	1.13041	1.13039	1.13037	1.13037	1.13038	1.1304	1.13042	1.13046	1.1305	1.13054	1.13058	1.13063	1.13068	1.13072	1.13076	1.13081	
1.15432	1.15435	1.15435	1.15435	1.15435	1.15434	1.15429	1.15423	1.15417	1.15411	1.15399	1.15387	1.15377	1.15367	1.15355	1.15343	1.1534	1.15338	1.15345	1.15352	1.15373	1.15394	1.15417	1.1544	1.15451	1.15463	1.15442	1.15421	1.15416	1.15411	1.15414	1.15417	1.15419	1.15421	1.15424	1.15427	1.15432	1.15437	1.15443	1.15448	1.15448	1.15447	1.15444	1.15442	1.15435	1.15428	1.15423	1.15418	1.15413	1.15408	1.15405	1.15403	1.15403	1.15402	1.15403	1.15404	1.15407	1.15409	1.15412	1.15415	1.15419	1.15423	1.15426	1.15429	1.15432	
1.17783	1.17785	1.17784	1.17783	1.17782	1.17781	1.17775	1.17769	1.17764	1.17758	1.17747	1.17737	1.17729	1.17722	1.17713	1.17705	1.17705	1.17706	1.17714	1.17722	1.1774	1.17758	1.17775	1.17791	1.17798	1.17805	1.17789	1.17773	1.1777	1.17766	1.1777	1.17773	1.17775	1.17777	1.1778	1.17783	1.17787	1.17791	1.17797	1.17802	1.17802	1.17802	1.17801	1.178	1.17794	1.17789	1.17785	1.17781	1.17776	1.17772	1.17769	1.17767	1.17766	1.17764	1.17765	1.17765	1.17767	1.17769	1.1777	1.17772	1.17775	1.17778	1.1778	1.17781	1.17783	
1.20135	1.20135	1.20133	1.20131	1.20129	1.20127	1.20121	1.20115	1.2011	1.20105	1.20096	1.20087	1.20082	1.20076	1.20072	1.20067	1.2007	1.20074	1.20082	1.20091	1.20106	1.20121	1.20132	1.20143	1.20145	1.20147	1.20136	1.20125	1.20123	1.20122	1.20125	1.20129	1.20131	1.20133	1.20136	1.20139	1.20142	1.20145	1.2015	1.20156	1.20157	1.20158	1.20158	1.20158	1.20154	1.2015	1.20147	1.20144	1.2014	1.20135	1.20133	1.20131	1.20129	1.20127	1.20127	1.20126	1.20127	1.20128	1.20129	1.20129	1.20131	1.20133	1.20133	1.20134	1.20135	
1.22487	1.22487	1.22484	1.22482	1.22479	1.22477	1.22471	1.22466	1.22461	1.22457	1.2245	1.22442	1.22439	1.22436	1.22433	1.22431	1.22435	1.22439	1.22447	1.22455	1.22468	1.2248	1.22488	1.22496	1.22496	1.22497	1.22489	1.2248	1.22479	1.22478	1.22481	1.22484	1.22486	1.22488	1.22491	1.22494	1.22497	1.22499	1.22504	1.22509	1.2251	1.22512	1.22513	1.22514	1.22511	1.22508	1.22505	1.22503	1.22499	1.22495	1.22493	1.22491	1.22489	1.22487	1.22486	1.22485	1.22485	1.22485	1.22486	1.22486	1.22487	1.22487	1.22487	1.22487	1.22487	
1.24839	1.24838	1.24835	1.24832	1.24829	1.24827	1.24822	1.24816	1.24813	1.24809	1.24803	1.24798	1.24796	1.24795	1.24794	1.24794	1.24799	1.24805	1.24812	1.2482	1.24829	1.24839	1.24844	1.24849	1.24848	1.24847	1.24841	1.24835	1.24835	1.24835	1.24837	1.2484	1.24842	1.24844	1.24847	1.2485	1.24851	1.24853	1.24858	1.24863	1.24864	1.24865	1.24867	1.24869	1.24867	1.24865	1.24864	1.24862	1.24859	1.24856	1.24854	1.24852	1.24849	1.24847	1.24846	1.24845	1.24844	1.24843	1.24843	1.24842	1.24842	1.24842	1.24841	1.2484	1.24839	
1.27192	1.27191	1.27188	1.27185	1.27183	1.2718	1.27175	1.27171	1.27168	1.27165	1.2716	1.27156	1.27156	1.27155	1.27156	1.27156	1.27161	1.27166	1.27173	1.2718	1.27187	1.27195	1.27198	1.27202	1.27201	1.27199	1.27196	1.27192	1.27192	1.27191	1.27194	1.27196	1.27198	1.27199	1.27202	1.27205	1.27206	1.27208	1.27212	1.27217	1.27218	1.27219	1.27221	1.27223	1.27222	1.2722	1.2722	1.27219	1.27216	1.27213	1.27211	1.2721	1.27207	1.27205	1.27204	1.27202	1.27201	1.272	1.27199	1.27198	1.27197	1.27197	1.27195	1.27194	1.27192	
1.29546	1.29545	1.29541	1.29538	1.29536	1.29533	1.29529	1.29525	1.29523	1.2952	1.29517	1.29515	1.29515	1.29515	1.29517	1.29518	1.29523	1.29528	1.29534	1.2954	1.29545	1.2955	1.29553	1.29555	1.29554	1.29552	1.2955	1.29548	1.29548	1.29548	1.2955	1.29552	1.29553	1.29555	1.29557	1.2956	1.29561	1.29563	1.29566	1.2957	1.29571	1.29573	1.29575	1.29577	1.29576	1.29576	1.29575	1.29575	1.29573	1.2957	1.29569	1.29567	1.29565	1.29563	1.29561	1.2956	1.29558	1.29557	1.29555	1.29554	1.29553	1.29552	1.2955	1.29548	1.29546	
1.31901	1.31899	1.31896	1.31893	1.31891	1.31889	1.31885	1.31882	1.3188	1.31878	1.31876	1.31874	1.31875	1.31876	1.31878	1.31879	1.31884	1.31888	1.31893	1.31898	1.31902	1.31906	1.31908	1.3191	1.31908	1.31907	1.31905	1.31904	1.31904	1.31904	1.31906	1.31908	1.31909	1.3191	1.31912	1.31915	1.31916	1.31917	1.3192	1.31924	1.31925	1.31926	1.31928	1.3193	1.3193	1.31929	1.31929	1.31929	1.31927	1.31925	1.31924	1.31923	1.31921	1.31919	1.31917	1.31916	1.31914	1.31913	1.31911	1.31909	1.31908	1.31907	1.31905	1.31902	1.31901	
1.34256	1.34254	1.34251	1.34248	1.34246	1.34244	1.34241	1.34238	1.34237	1.34236	1.34235	1.34234	1.34235	1.34236	1.34238	1.3424	1.34244	1.34248	1.34252	1.34256	1.34259	1.34262	1.34263	1.34264	1.34263	1.34262	1.34261	1.3426	1.34261	1.34261	1.34262	1.34263	1.34264	1.34265	1.34267	1.3427	1.3427	1.34271	1.34274	1.34277	1.34278	1.34279	1.34281	1.34284	1.34283	1.34283	1.34283	1.34284	1.34282	1.34281	1.3428	1.34279	1.34277	1.34275	1.34273	1.34272	1.3427	1.34268	1.34267	1.34265	1.34263	1.34262	1.3426	1.34257	1.34256	
1.36612	1.3661	1.36607	1.36605	1.36603	1.36602	1.36599	1.36597	1.36596	1.36595	1.36594	1.36593	1.36595	1.36596	1.36598	1.366	1.36603	1.36606	1.36609	1.36613	1.36615	1.36617	1.36618	1.36619	1.36618	1.36617	1.36617	1.36617	1.36617	1.36617	1.36618	1.36619	1.3662	1.3662	1.36622	1.36624	1.36625	1.36626	1.36628	1.36631	1.36632	1.36633	1.36634	1.36636	1.36636	1.36636	1.36637	1.36637	1.36636	1.36634	1.36634	1.36633	1.36631	1.36629	1.36628	1.36627	1.36625	1.36624	1.36622	1.3662	1.36619	1.36617	1.36615	1.36613	1.36612	
1.38967	1.38966	1.38964	1.38961	1.3896	1.38959	1.38957	1.38955	1.38954	1.38954	1.38954	1.38953	1.38954	1.38956	1.38957	1.38959	1.38962	1.38965	1.38967	1.3897	1.38971	1.38973	1.38973	1.38974	1.38973	1.38972	1.38972	1.38973	1.38973	1.38972	1.38973	1.38975	1.38975	1.38976	1.38977	1.38979	1.3898	1.3898	1.38982	1.38984	1.38985	1.38986	1.38988	1.38989	1.38989	1.38989	1.3899	1.3899	1.38989	1.38988	1.38988	1.38987	1.38986	1.38984	1.38983	1.38982	1.3898	1.38979	1.38977	1.38976	1.38974	1.38973	1.38971	1.38969	1.38967	
1.41324	1.41323	1.41321	1.41319	1.41318	1.41317	1.41315	1.41314	1.41314	1.41313	1.41313	1.41313	1.41314	1.41315	1.41317	1.41318	1.4132	1.41322	1.41324	1.41326	1.41327	1.41328	1.41329	1.41329	1.41329	1.41328	1.41328	1.41328	1.41328	1.41328	1.41329	1.4133	1.4133	1.41331	1.41332	1.41333	1.41334	1.41334	1.41336	1.41338	1.41338	1.41339	1.4134	1.41342	1.41342	1.41342	1.41342	1.41343	1.41342	1.41341	1.41341	1.4134	1.41339	1.41338	1.41337	1.41336	1.41335	1.41333	1.41332	1.41331	1.4133	1.41328	1.41327	1.41325	1.41324	
1.4368	1.43679	1.43678	1.43677	1.43676	1.43675	1.43674	1.43673	1.43673	1.43673	1.43673	1.43673	1.43674	1.43675	1.43676	1.43677	1.43678	1.4368	1.43681	1.43683	1.43683	1.43684	1.43685	1.43685	1.43684	1.43684	1.43684	1.43684	1.43684	1.43684	1.43685	1.43685	1.43686	1.43686	1.43687	1.43688	1.43688	1.43689	1.4369	1.43691	1.43692	1.43692	1.43693	1.43694	1.43694	1.43694	1.43695	1.43695	1.43695	1.43694	1.43694	1.43693	1.43692	1.43692	1.43691	1.4369	1.43689	1.43688	1.43687	1.43686	1.43685	1.43684	1.43683	1.43681	1.4368	
1.46037	1.46037	1.46036	1.46035	1.46034	1.46034	1.46033	1.46032	1.46032	1.46032	1.46032	1.46032	1.46033	1.46033	1.46034	1.46035	1.46036	1.46037	1.46038	1.46039	1.46039	1.4604	1.4604	1.4604	1.4604	1.4604	1.4604	1.4604	1.4604	1.4604	1.4604	1.46041	1.46041	1.46041	1.46042	1.46042	1.46043	1.46043	1.46044	1.46045	1.46045	1.46045	1.46046	1.46047	1.46047	1.46047	1.46047	1.46047	1.46047	1.46047	1.46046	1.46046	1.46046	1.46045	1.46044	1.46044	1.46043	1.46043	1.46042	1.46041	1.4604	1.4604	1.46039	1.46038	1.46037	
1.48394	1.48394	1.48393	1.48393	1.48393	1.48392	1.48392	1.48392	1.48392	1.48392	1.48392	1.48392	1.48392	1.48392	1.48393	1.48393	1.48394	1.48394	1.48395	1.48395	1.48395	1.48395	1.48396	1.48396	1.48396	1.48395	1.48395	1.48396	1.48396	1.48396	1.48396	1.48396	1.48396	1.48396	1.48397	1.48397	1.48397	1.48397	1.48398	1.48398	1.48398	1.48398	1.48399	1.48399	1.48399	1.48399	1.48399	1.48399	1.48399	1.48399	1.48399	1.48399	1.48399	1.48398	1.48398	1.48398	1.48397	1.48397	1.48397	1.48396	1.48396	1.48396	1.48395	1.48395	1.48394	
1.50751	1.50751	1.50751	1.50751	1.50751	1.50751	1.50751	1.50751	1.50751	1.50751	1.50751	1.50751	1.50751	1.50751	1.50751	1.50751	1.50751	1.50751	1.50751	1.50751	1.50751	1.50751	1.50751	1.50751	1.50751	1.50751	1.50751	1.50751	1.50751	1.50751	1.50751	1.50751	1.50751	1.50751	1.50751	1.50751	1.50751	1.50751	1.50751	1.50751	1.50751	1.50751	1.50751	1.50751	1.50751	1.50751	1.50751	1.50751	1.50751	1.50751	1.50751	1.50751	1.50751	1.50751	1.50751	1.50751	1.50751	1.50751	1.50751	1.50751	1.50751	1.50751	1.50751	1.50751	1.50751	
