x=200	y=200	z=100	n=65	len=1
b
0	0.0236689	0.0473143	0.0709598	0.0945275	0.118095	0.141564	0.165033	0.188428	0.211824	0.235245	0.258666	0.282254	0.305841	0.329663	0.353484	0.377348	0.401211	0.424761	0.448311	0.471432	0.494553	0.517724	0.540896	0.564919	0.588942	0.61356	0.638177	0.661779	0.685382	0.707403	0.729425	0.752008	0.774592	0.798899	0.823206	0.847725	0.872244	0.895825	0.919407	0.942419	0.965431	0.988704	1.01198	1.03572	1.05945	1.08338	1.10731	1.13106	1.15481	1.1783	1.20178	1.22511	1.24844	1.27178	1.29511	1.31855	1.34198	1.36553	1.38908	1.41273	1.43638	1.46008	1.48379	1.50751	
0	0.0236253	0.0472209	0.0708164	0.0943193	0.117822	0.141224	0.164625	0.187986	0.211346	0.234805	0.258263	0.28197	0.305677	0.329651	0.353625	0.377583	0.401541	0.425069	0.448597	0.471631	0.494666	0.517789	0.540913	0.564953	0.588993	0.613616	0.63824	0.661822	0.685404	0.707432	0.729461	0.752029	0.774597	0.798899	0.823201	0.847757	0.872312	0.895893	0.919473	0.94239	0.965307	0.988472	1.01164	1.03536	1.05909	1.08312	1.10715	1.13105	1.15494	1.17853	1.20211	1.22546	1.24881	1.27211	1.29541	1.31878	1.34215	1.36565	1.38915	1.41277	1.43639	1.46009	1.48379	1.50751	
0	0.0235718	0.0471096	0.0706473	0.0940873	0.117527	0.140873	0.164218	0.187554	0.210889	0.234379	0.257868	0.281666	0.305464	0.329559	0.353653	0.377704	0.401755	0.425293	0.448831	0.471802	0.494772	0.517823	0.540874	0.564893	0.588912	0.61357	0.638229	0.661838	0.685446	0.707453	0.72946	0.75201	0.774559	0.798887	0.823214	0.847792	0.872369	0.895917	0.919465	0.942313	0.96516	0.988278	1.0114	1.03515	1.0589	1.08302	1.10714	1.13113	1.15513	1.17879	1.20244	1.22582	1.2492	1.27248	1.29576	1.31909	1.34242	1.36587	1.38932	1.4129	1.43648	1.46015	1.48381	1.50751	
0	0.0235183	0.0469983	0.0704782	0.0938553	0.117232	0.140522	0.163811	0.187122	0.210432	0.233952	0.257473	0.281362	0.305251	0.329467	0.353682	0.377825	0.401968	0.425517	0.449066	0.471973	0.494879	0.517857	0.540836	0.564833	0.58883	0.613525	0.638219	0.661854	0.685488	0.707474	0.729459	0.751991	0.774522	0.798875	0.823227	0.847827	0.872427	0.895942	0.919457	0.942235	0.965013	0.988084	1.01116	1.03493	1.05871	1.08291	1.10712	1.13122	1.15532	1.17905	1.20278	1.22618	1.24959	1.27285	1.29611	1.3194	1.34269	1.36609	1.3895	1.41303	1.43657	1.46021	1.48384	1.50751	
0	0.0234938	0.0469477	0.0704016	0.0937493	0.117097	0.140357	0.163618	0.186902	0.210186	0.233693	0.257201	0.281102	0.305003	0.329269	0.353536	0.377772	0.402008	0.425649	0.449291	0.472218	0.495144	0.518053	0.540961	0.564896	0.588831	0.613548	0.638264	0.661942	0.685619	0.707541	0.729463	0.751965	0.774468	0.798881	0.823293	0.847878	0.872463	0.895893	0.919322	0.942039	0.964756	0.987851	1.01095	1.03479	1.05864	1.08291	1.10719	1.13132	1.15546	1.17921	1.20295	1.22636	1.24977	1.27302	1.29628	1.31955	1.34282	1.3662	1.38959	1.41311	1.43663	1.46024	1.48386	1.50751	
0	0.0234694	0.0468972	0.070325	0.0936434	0.116962	0.140193	0.163424	0.186682	0.20994	0.233435	0.256929	0.280842	0.304754	0.329072	0.35339	0.377719	0.402047	0.425782	0.449516	0.472462	0.495409	0.518248	0.541087	0.564959	0.588831	0.61357	0.63831	0.66203	0.685749	0.707608	0.729466	0.75194	0.774414	0.798886	0.823359	0.84793	0.8725	0.895843	0.919186	0.941842	0.964498	0.987618	1.01074	1.03466	1.05858	1.08292	1.10725	1.13143	1.1556	1.17937	1.20313	1.22654	1.24995	1.27319	1.29644	1.3197	1.34295	1.36632	1.38968	1.41318	1.43668	1.46028	1.48388	1.50751	
0	0.0234648	0.0468875	0.0703102	0.0936236	0.116937	0.140157	0.163377	0.186608	0.209838	0.233282	0.256727	0.280585	0.304443	0.328752	0.35306	0.377471	0.401881	0.42577	0.449658	0.472684	0.49571	0.518463	0.541215	0.564954	0.588693	0.613472	0.638252	0.662066	0.685881	0.707645	0.729409	0.751863	0.774317	0.798899	0.823481	0.848015	0.872549	0.895742	0.918935	0.941557	0.96418	0.987415	1.01065	1.03471	1.05877	1.08315	1.10754	1.1317	1.15585	1.17958	1.20331	1.2267	1.2501	1.27334	1.29658	1.31984	1.34309	1.36645	1.3898	1.41328	1.43676	1.46034	1.48391	1.50751	
0	0.0234601	0.0468777	0.0702953	0.0936038	0.116912	0.140122	0.163331	0.186534	0.209736	0.23313	0.256524	0.280328	0.304132	0.328431	0.35273	0.377223	0.401715	0.425758	0.4498	0.472905	0.496011	0.518677	0.541344	0.564949	0.588555	0.613374	0.638194	0.662103	0.686013	0.707682	0.729352	0.751786	0.774219	0.798911	0.823603	0.8481	0.872598	0.895641	0.918683	0.941272	0.963861	0.987213	1.01057	1.03476	1.05895	1.08339	1.10783	1.13197	1.15611	1.1798	1.2035	1.22687	1.25024	1.27348	1.29672	1.31998	1.34323	1.36658	1.38993	1.41339	1.43685	1.46039	1.48394	1.50751	
0	0.023485	0.0469333	0.0703816	0.0937285	0.117075	0.140318	0.163561	0.186757	0.209954	0.233269	0.256584	0.280237	0.303889	0.328048	0.352206	0.376703	0.4012	0.425447	0.449694	0.473027	0.496359	0.51902	0.541681	0.565131	0.588582	0.613418	0.638254	0.662271	0.686289	0.707804	0.729319	0.751706	0.774092	0.798899	0.823705	0.848092	0.872478	0.895354	0.91823	0.940887	0.963545	0.987133	1.01072	1.03505	1.05939	1.08378	1.10818	1.1322	1.15621	1.17981	1.20341	1.22676	1.2501	1.27337	1.29663	1.31992	1.34321	1.36659	1.38996	1.41343	1.43689	1.46042	1.48395	1.50751	
0	0.0235098	0.0469889	0.0704679	0.0938532	0.117239	0.140515	0.163791	0.186981	0.210171	0.233408	0.256645	0.280146	0.303647	0.327664	0.351682	0.376183	0.400684	0.425136	0.449588	0.473148	0.496708	0.519363	0.542018	0.565313	0.588608	0.613461	0.638313	0.66244	0.686566	0.707926	0.729286	0.751626	0.773966	0.798887	0.823808	0.848083	0.872358	0.895067	0.917776	0.940502	0.963228	0.987052	1.01088	1.03535	1.05983	1.08418	1.10854	1.13243	1.15632	1.17982	1.20332	1.22664	1.24997	1.27325	1.29653	1.31987	1.3432	1.36659	1.38999	1.41346	1.43693	1.46045	1.48397	1.50751	
0	0.0235375	0.0470525	0.0705675	0.0940075	0.117447	0.140785	0.164122	0.187343	0.210563	0.23374	0.256918	0.280245	0.303572	0.327359	0.351147	0.375545	0.399944	0.424576	0.449207	0.473092	0.496977	0.519702	0.542426	0.565474	0.588521	0.613376	0.638231	0.662525	0.686819	0.707999	0.72918	0.751498	0.773817	0.798895	0.823974	0.848088	0.872202	0.89471	0.917217	0.940131	0.963045	0.987195	1.01135	1.03593	1.06052	1.08474	1.10897	1.13268	1.15638	1.17978	1.20317	1.22647	1.24978	1.27311	1.29643	1.31981	1.34319	1.36661	1.39004	1.41351	1.43699	1.46049	1.48399	1.50751	
0	0.0235651	0.0471161	0.0706671	0.0941618	0.117656	0.141055	0.164454	0.187704	0.210954	0.234073	0.257192	0.280344	0.303496	0.327054	0.350612	0.374907	0.399203	0.424015	0.448826	0.473037	0.497247	0.520041	0.542835	0.565634	0.588434	0.613291	0.638148	0.66261	0.687072	0.708073	0.729074	0.751371	0.773668	0.798904	0.82414	0.848093	0.872046	0.894352	0.916659	0.93976	0.962862	0.987338	1.01181	1.03651	1.06121	1.08531	1.10941	1.13293	1.15645	1.17973	1.20301	1.22631	1.2496	1.27296	1.29633	1.31975	1.34318	1.36663	1.39008	1.41356	1.43704	1.46053	1.48402	1.50751	
0	0.0235757	0.047153	0.0707303	0.0942861	0.117842	0.141341	0.16484	0.188194	0.211547	0.234694	0.257841	0.280848	0.303854	0.327079	0.350304	0.374264	0.398225	0.423028	0.44783	0.472442	0.497054	0.52018	0.543306	0.565963	0.588619	0.613483	0.638348	0.662982	0.687617	0.708317	0.729017	0.751219	0.77342	0.798771	0.824122	0.847843	0.871563	0.893811	0.91606	0.939591	0.963122	0.987922	1.01272	1.03734	1.06196	1.08575	1.10955	1.13284	1.15613	1.17935	1.20256	1.22591	1.24926	1.27271	1.29616	1.31966	1.34315	1.36664	1.39013	1.41361	1.43709	1.46056	1.48404	1.50751	
0	0.0235864	0.0471899	0.0707934	0.0944104	0.118027	0.141627	0.165227	0.188683	0.21214	0.235316	0.258491	0.281352	0.304212	0.327104	0.349996	0.373621	0.397247	0.42204	0.446834	0.471847	0.49686	0.520319	0.543777	0.566291	0.588804	0.613676	0.638547	0.663354	0.688161	0.708561	0.728961	0.751067	0.773172	0.798638	0.824104	0.847592	0.87108	0.89327	0.915461	0.939421	0.963382	0.988505	1.01363	1.03816	1.0627	1.0862	1.10969	1.13275	1.15581	1.17897	1.20212	1.22552	1.24892	1.27246	1.29599	1.31956	1.34312	1.36664	1.39017	1.41365	1.43714	1.4606	1.48406	1.50751	
0	0.0235668	0.0471617	0.0707567	0.0944014	0.118046	0.141728	0.165409	0.189005	0.212601	0.23592	0.259239	0.282121	0.305002	0.327647	0.350293	0.37346	0.396627	0.421126	0.445625	0.470895	0.496166	0.520103	0.544041	0.566407	0.588773	0.613683	0.638593	0.663624	0.688655	0.708674	0.728693	0.750786	0.772878	0.798464	0.82405	0.847304	0.870557	0.892868	0.91518	0.939729	0.964278	0.989549	1.01482	1.03902	1.06321	1.08632	1.10942	1.13233	1.15524	1.17844	1.20164	1.22516	1.24867	1.2723	1.29592	1.31953	1.34314	1.36668	1.39021	1.41369	1.43718	1.46062	1.48407	1.50751	
0	0.0235472	0.0471336	0.07072	0.0943924	0.118065	0.141828	0.165592	0.189327	0.213061	0.236524	0.259987	0.282889	0.305792	0.328191	0.350589	0.373298	0.396007	0.420211	0.444416	0.469943	0.495471	0.519888	0.544305	0.566524	0.588742	0.61369	0.638638	0.663894	0.689149	0.708787	0.728425	0.750505	0.772584	0.79829	0.823997	0.847015	0.870033	0.892466	0.9149	0.940036	0.965173	0.990593	1.01601	1.03987	1.06372	1.08643	1.10914	1.13191	1.15467	1.17792	1.20117	1.2248	1.24843	1.27214	1.29585	1.3195	1.34316	1.36671	1.39025	1.41373	1.43721	1.46065	1.48408	1.50751	
0	0.0234988	0.0470423	0.0705859	0.0942332	0.117881	0.141674	0.165467	0.189329	0.213192	0.236901	0.26061	0.283774	0.306938	0.329356	0.351773	0.374021	0.396269	0.419731	0.443194	0.468483	0.493773	0.518695	0.543617	0.566188	0.588758	0.613937	0.639117	0.66469	0.690264	0.709013	0.727761	0.749672	0.771583	0.797616	0.823649	0.846623	0.869596	0.892517	0.915438	0.941047	0.966656	0.991777	1.0169	1.04013	1.06337	1.08581	1.10824	1.13111	1.15398	1.17745	1.20091	1.22467	1.24844	1.2722	1.29596	1.31961	1.34326	1.36679	1.39032	1.41378	1.43725	1.46067	1.48409	1.50751	
0	0.0234504	0.046951	0.0704517	0.0940741	0.117696	0.141519	0.165342	0.189332	0.213323	0.237277	0.261232	0.284659	0.308085	0.330521	0.352956	0.374744	0.396531	0.419251	0.441971	0.467023	0.492076	0.517502	0.542929	0.565851	0.588773	0.614184	0.639595	0.665486	0.691378	0.709238	0.727097	0.74884	0.770583	0.796942	0.823302	0.84623	0.869158	0.892567	0.915976	0.942058	0.968139	0.992962	1.01778	1.0404	1.06301	1.08518	1.10734	1.13032	1.1533	1.17697	1.20064	1.22455	1.24845	1.27226	1.29606	1.31971	1.34336	1.36687	1.39038	1.41383	1.43728	1.46069	1.4841	1.50751	
0	0.0234129	0.0468672	0.0703214	0.093881	0.11744	0.141193	0.164945	0.188914	0.212883	0.23697	0.261057	0.284852	0.308647	0.331569	0.354491	0.376395	0.398299	0.420298	0.442297	0.466568	0.49084	0.516246	0.541652	0.564495	0.587337	0.611902	0.636467	0.66266	0.688854	0.707787	0.726719	0.748274	0.769828	0.797233	0.824637	0.847236	0.869834	0.893711	0.917588	0.943537	0.969487	0.993428	1.01737	1.03944	1.0615	1.08384	1.10619	1.12956	1.15294	1.17685	1.20077	1.22472	1.24867	1.27243	1.29619	1.31978	1.34337	1.36685	1.39033	1.41378	1.43723	1.46065	1.48408	1.50751	
0	0.0233753	0.0467833	0.0701912	0.0936878	0.117184	0.140867	0.164549	0.188496	0.212442	0.236662	0.260882	0.285045	0.309209	0.332617	0.356025	0.378046	0.400068	0.421345	0.442622	0.466114	0.489605	0.51499	0.540375	0.563138	0.585901	0.609619	0.633338	0.659834	0.68633	0.706336	0.726341	0.747707	0.769074	0.797523	0.825972	0.848241	0.87051	0.894855	0.9192	0.945017	0.970834	0.993895	1.01696	1.03847	1.05999	1.08251	1.10503	1.1288	1.15257	1.17674	1.2009	1.2249	1.2489	1.2726	1.29631	1.31984	1.34338	1.36683	1.39029	1.41373	1.43717	1.46062	1.48406	1.50751	
0	0.0233828	0.0467841	0.0701855	0.0936282	0.117071	0.140634	0.164197	0.187972	0.211748	0.235857	0.259967	0.284302	0.308638	0.332676	0.356715	0.3794	0.402086	0.423433	0.44478	0.467265	0.489751	0.514564	0.539378	0.56236	0.585342	0.607607	0.629872	0.655968	0.682064	0.705429	0.728793	0.750375	0.771958	0.799897	0.827836	0.84912	0.870404	0.895322	0.92024	0.945361	0.970483	0.992612	1.01474	1.03661	1.05847	1.08177	1.10507	1.12923	1.15339	1.17751	1.20163	1.22545	1.24928	1.27283	1.29639	1.31985	1.3433	1.36674	1.39017	1.41363	1.43709	1.46056	1.48403	1.50751	
0	0.0233902	0.046785	0.0701798	0.0935685	0.116957	0.140401	0.163846	0.187449	0.211053	0.235053	0.259053	0.283559	0.308066	0.332735	0.357404	0.380754	0.404105	0.425521	0.446938	0.468417	0.489896	0.514139	0.538381	0.561583	0.584784	0.605594	0.626405	0.652101	0.677798	0.704521	0.731245	0.753043	0.774842	0.802271	0.829701	0.849999	0.870298	0.895789	0.921279	0.945706	0.970132	0.991329	1.01253	1.03474	1.05696	1.08104	1.10512	1.12966	1.15421	1.17829	1.20236	1.22601	1.24966	1.27306	1.29647	1.31985	1.34323	1.36664	1.39006	1.41353	1.43701	1.4605	1.484	1.50751	
0	0.0234437	0.0468872	0.0703307	0.0937486	0.117166	0.140577	0.163987	0.187429	0.210872	0.234532	0.258193	0.282277	0.306361	0.330906	0.35545	0.379509	0.403567	0.426256	0.448944	0.470522	0.4921	0.515543	0.538986	0.562413	0.58584	0.605494	0.625149	0.650459	0.67577	0.704653	0.733537	0.755362	0.777187	0.803216	0.829244	0.849887	0.870529	0.895972	0.921416	0.944785	0.968154	0.989393	1.01063	1.03382	1.057	1.0817	1.10639	1.13084	1.15529	1.17903	1.20276	1.22615	1.24953	1.27284	1.29614	1.31952	1.34291	1.36637	1.38983	1.41335	1.43688	1.46042	1.48396	1.50751	
0	0.0234973	0.0469894	0.0704816	0.0939286	0.117376	0.140752	0.164129	0.18741	0.210691	0.234012	0.257333	0.280994	0.304655	0.329076	0.353496	0.378263	0.40303	0.42699	0.45095	0.472627	0.494304	0.516947	0.539591	0.563243	0.586896	0.605394	0.623893	0.648817	0.673742	0.704785	0.735828	0.75768	0.779532	0.80416	0.828788	0.849775	0.870761	0.896156	0.921552	0.943864	0.966175	0.987457	1.00874	1.03289	1.05704	1.08236	1.10767	1.13202	1.15636	1.17976	1.20316	1.22628	1.2494	1.27261	1.29581	1.3192	1.34258	1.36609	1.3896	1.41317	1.43674	1.46033	1.48392	1.50751	
0	0.0235409	0.0470848	0.0706287	0.0941419	0.117655	0.141106	0.164557	0.187867	0.211176	0.23438	0.257584	0.280858	0.304132	0.327994	0.351856	0.376539	0.401221	0.426077	0.450932	0.473537	0.496142	0.51869	0.541237	0.565041	0.588844	0.606316	0.623787	0.648069	0.672351	0.703619	0.734888	0.758642	0.782396	0.805571	0.828746	0.849816	0.870885	0.895736	0.920586	0.942448	0.964311	0.987175	1.01004	1.03484	1.05965	1.08431	1.10897	1.13269	1.15641	1.17955	1.20269	1.22579	1.2489	1.27217	1.29544	1.3189	1.34235	1.36592	1.38948	1.41308	1.43669	1.4603	1.4839	1.50751	
0	0.0235845	0.0471801	0.0707758	0.0943551	0.117935	0.14146	0.164986	0.188324	0.211662	0.234749	0.257836	0.280722	0.303609	0.326912	0.350215	0.374814	0.399413	0.425163	0.450913	0.474446	0.49798	0.520432	0.542884	0.566838	0.590793	0.607237	0.623682	0.64732	0.670959	0.702454	0.733948	0.759604	0.785259	0.806981	0.828703	0.849857	0.87101	0.895315	0.919619	0.941033	0.962447	0.986892	1.01134	1.0368	1.06226	1.08627	1.11028	1.13337	1.15646	1.17934	1.20222	1.22531	1.24839	1.27173	1.29507	1.3186	1.34213	1.36574	1.38935	1.41299	1.43663	1.46026	1.48389	1.50751	
0	0.0235744	0.0471632	0.070752	0.0943486	0.117945	0.141548	0.165151	0.188675	0.212199	0.235564	0.258929	0.282011	0.305094	0.328128	0.351162	0.374842	0.398522	0.423465	0.448408	0.472682	0.496957	0.520559	0.54416	0.568954	0.593747	0.611778	0.629809	0.650915	0.67202	0.704435	0.736851	0.763468	0.790086	0.808621	0.827155	0.848007	0.86886	0.892988	0.917117	0.939567	0.962017	0.987646	1.01328	1.03861	1.06395	1.08716	1.11037	1.133	1.15563	1.17852	1.20141	1.22464	1.24788	1.27136	1.29484	1.31845	1.34206	1.3657	1.38935	1.413	1.43664	1.46027	1.48389	1.50751	
0	0.0235642	0.0471462	0.0707282	0.0943421	0.117956	0.141636	0.165316	0.189026	0.212736	0.236379	0.260021	0.2833	0.306578	0.329344	0.352109	0.37487	0.397631	0.421767	0.445903	0.470918	0.495934	0.520685	0.545437	0.571069	0.596701	0.616319	0.635937	0.654509	0.673081	0.706417	0.739753	0.767333	0.794913	0.81026	0.825607	0.846158	0.866709	0.890662	0.914615	0.938101	0.961588	0.988401	1.01521	1.04042	1.06563	1.08804	1.11045	1.13263	1.15481	1.1777	1.20059	1.22398	1.24737	1.27099	1.29461	1.3183	1.34198	1.36566	1.38935	1.413	1.43665	1.46027	1.4839	1.50751	
0	0.0235427	0.0471016	0.0706605	0.0942534	0.117846	0.141527	0.165208	0.188978	0.212749	0.236548	0.260348	0.283919	0.307491	0.330571	0.353651	0.37625	0.398849	0.421939	0.44503	0.469275	0.49352	0.518719	0.543918	0.569782	0.595646	0.616534	0.637422	0.655156	0.67289	0.704861	0.736831	0.763341	0.789851	0.805065	0.820278	0.843925	0.867573	0.891783	0.915994	0.940168	0.964341	0.990213	1.01609	1.04038	1.06468	1.08726	1.10983	1.13236	1.1549	1.17791	1.20092	1.22427	1.24762	1.27118	1.29474	1.31839	1.34203	1.36569	1.38935	1.413	1.43664	1.46027	1.48389	1.50751	
0	0.0235211	0.0470569	0.0705927	0.0941647	0.117737	0.141419	0.1651	0.188931	0.212761	0.236718	0.260675	0.284539	0.308403	0.331798	0.355193	0.37763	0.400067	0.422112	0.444156	0.467631	0.491106	0.516752	0.542398	0.568494	0.594591	0.616749	0.638906	0.655802	0.672922	0.698286	0.732535	0.762837	0.785135	0.802315	0.814949	0.841692	0.868437	0.892905	0.917374	0.942234	0.967094	0.992026	1.01696	1.04035	1.06373	1.08647	1.1092	1.1321	1.15499	1.17812	1.20124	1.22456	1.24788	1.27138	1.29487	1.31848	1.34208	1.36572	1.38935	1.41299	1.43663	1.46026	1.48389	1.50751	
0	0.0235695	0.047152	0.0707344	0.094342	0.11795	0.141626	0.165301	0.189046	0.21279	0.236581	0.260373	0.284104	0.307835	0.331281	0.354727	0.377452	0.400178	0.422327	0.444476	0.468005	0.491533	0.516901	0.542268	0.567412	0.592556	0.61465	0.636743	0.653582	0.670845	0.694628	0.733313	0.765435	0.784285	0.799182	0.81665	0.843963	0.871277	0.894972	0.918667	0.94307	0.967473	0.991336	1.0152	1.03847	1.06175	1.08517	1.10859	1.13183	1.15507	1.17825	1.20142	1.22469	1.24795	1.27142	1.29489	1.31848	1.34208	1.36572	1.38936	1.413	1.43664	1.46026	1.48389	1.50751	
0	0.023618	0.0472471	0.0708762	0.0945193	0.118162	0.141832	0.165502	0.18916	0.212818	0.236444	0.260071	0.283668	0.307266	0.330763	0.35426	0.377275	0.400289	0.422543	0.444796	0.468379	0.491961	0.517049	0.542138	0.566329	0.590521	0.612551	0.63458	0.651361	0.668989	0.688376	0.725672	0.773423	0.787217	0.799483	0.818899	0.846152	0.874117	0.897039	0.919961	0.943906	0.967851	0.990646	1.01344	1.0366	1.05976	1.08387	1.10798	1.13157	1.15516	1.17838	1.2016	1.22481	1.24803	1.27147	1.29491	1.31849	1.34208	1.36572	1.38936	1.413	1.43664	1.46027	1.48389	1.50751	
0	0.0236439	0.0472911	0.0709382	0.0945788	0.118219	0.141853	0.165487	0.189075	0.212663	0.236177	0.259691	0.283019	0.306347	0.32948	0.352613	0.375868	0.399122	0.422342	0.445562	0.469632	0.493701	0.518413	0.543125	0.566602	0.59008	0.611534	0.632989	0.650316	0.667537	0.683811	0.702799	0.771725	0.798687	0.80389	0.823819	0.849426	0.874488	0.895953	0.917417	0.941039	0.964661	0.988246	1.01183	1.0359	1.05996	1.08436	1.10875	1.13219	1.15562	1.17872	1.20181	1.22498	1.24815	1.27158	1.29501	1.31858	1.34215	1.36577	1.38939	1.41302	1.43665	1.46027	1.48389	1.50751	
0	0.0236699	0.0473351	0.0710003	0.0946383	0.118276	0.141874	0.165471	0.188989	0.212507	0.235909	0.259311	0.282369	0.305427	0.328197	0.350966	0.374461	0.397955	0.422142	0.446328	0.470885	0.495441	0.519777	0.544112	0.566875	0.589638	0.610518	0.631398	0.649271	0.666505	0.68627	0.714132	0.795256	0.798708	0.807669	0.825586	0.850139	0.87486	0.894867	0.914874	0.938172	0.961471	0.985846	1.01022	1.03519	1.06016	1.08484	1.10952	1.13281	1.15609	1.17905	1.20202	1.22515	1.24828	1.2717	1.29511	1.31867	1.34222	1.36583	1.38943	1.41304	1.43666	1.46028	1.48389	1.50751	
0	0.0236439	0.0472931	0.0709424	0.0945969	0.118251	0.141908	0.165565	0.189142	0.212719	0.236061	0.259404	0.282287	0.30517	0.327941	0.350711	0.374611	0.398511	0.423106	0.447701	0.472276	0.496852	0.520516	0.54418	0.566504	0.588829	0.610403	0.631978	0.650479	0.667929	0.691414	0.722511	0.791261	0.795129	0.809946	0.828101	0.851531	0.876084	0.896055	0.916026	0.938352	0.960679	0.985082	1.00948	1.03457	1.05967	1.08427	1.10887	1.13222	1.15557	1.17865	1.20173	1.22499	1.24825	1.27173	1.2952	1.31876	1.34232	1.36591	1.3895	1.4131	1.4367	1.4603	1.48391	1.50751	
0	0.0236179	0.0472512	0.0708845	0.0945555	0.118226	0.141942	0.165658	0.189294	0.21293	0.236213	0.259497	0.282205	0.304912	0.327685	0.350457	0.374762	0.399067	0.42407	0.449073	0.473668	0.498263	0.521256	0.544248	0.566133	0.588019	0.610288	0.632356	0.65154	0.670908	0.696002	0.735911	0.777803	0.790031	0.809034	0.829824	0.853109	0.877308	0.897243	0.917178	0.938532	0.959887	0.984317	1.00875	1.03396	1.05917	1.0837	1.10822	1.13163	1.15504	1.17825	1.20145	1.22484	1.24823	1.27176	1.29528	1.31885	1.34242	1.366	1.38958	1.41316	1.43674	1.46033	1.48392	1.50751	
0	0.0236455	0.0472916	0.0709377	0.0945809	0.118224	0.14184	0.165455	0.188943	0.21243	0.235648	0.258866	0.281955	0.305045	0.32855	0.352056	0.376143	0.40023	0.424285	0.448339	0.47262	0.496901	0.520007	0.543112	0.566274	0.589435	0.612052	0.634896	0.653498	0.673043	0.700532	0.732461	0.756736	0.783876	0.804471	0.826284	0.851392	0.876465	0.89878	0.921094	0.942007	0.962921	0.98647	1.01002	1.03408	1.05814	1.08236	1.10658	1.13037	1.15417	1.17774	1.20132	1.22484	1.24837	1.2719	1.29542	1.31895	1.34248	1.36602	1.38957	1.41315	1.43672	1.46031	1.48391	1.50751	
0	0.0236731	0.047332	0.0709909	0.0946063	0.118222	0.141737	0.165253	0.188591	0.21193	0.235082	0.258234	0.281706	0.305178	0.329416	0.353654	0.377524	0.401394	0.4245	0.447605	0.471572	0.495539	0.518758	0.541976	0.566414	0.590852	0.613816	0.636833	0.655088	0.675079	0.703461	0.732184	0.753808	0.780146	0.801363	0.822559	0.848489	0.875622	0.900316	0.92501	0.945482	0.965954	0.988623	1.01129	1.03421	1.05712	1.08103	1.10494	1.12912	1.1533	1.17724	1.20118	1.22485	1.24851	1.27204	1.29556	1.31905	1.34253	1.36605	1.38957	1.41313	1.4367	1.4603	1.4839	1.50751	
0	0.0236173	0.0472027	0.0707881	0.0942969	0.117806	0.141232	0.164658	0.188095	0.211532	0.235167	0.258802	0.28284	0.306878	0.330848	0.354817	0.377704	0.40059	0.423131	0.445673	0.469543	0.493414	0.517622	0.54183	0.566603	0.591376	0.613325	0.635642	0.654926	0.675437	0.703311	0.729281	0.752916	0.77819	0.799986	0.821311	0.846182	0.871766	0.897497	0.923227	0.945118	0.96701	0.989959	1.01291	1.03581	1.0587	1.08188	1.10505	1.12886	1.15267	1.17668	1.2007	1.2245	1.2483	1.27191	1.29551	1.31904	1.34256	1.36608	1.38961	1.41317	1.43673	1.46032	1.48391	1.50751	
0	0.0235614	0.0470734	0.0705854	0.0939876	0.11739	0.140727	0.164064	0.187599	0.211134	0.235252	0.25937	0.283975	0.308579	0.33228	0.35598	0.377883	0.399785	0.421763	0.44374	0.467514	0.491289	0.516486	0.541683	0.566792	0.591901	0.612833	0.63372	0.654148	0.675718	0.7023	0.728518	0.752896	0.77731	0.799253	0.820595	0.844299	0.86791	0.894677	0.921444	0.944755	0.968066	0.991295	1.01452	1.03741	1.06029	1.08273	1.10516	1.1286	1.15204	1.17613	1.20021	1.22416	1.2481	1.27178	1.29547	1.31903	1.34259	1.36612	1.38965	1.41321	1.43676	1.46034	1.48392	1.50751	
0	0.0235657	0.0470979	0.0706301	0.0941051	0.11758	0.14105	0.164519	0.188187	0.211854	0.235902	0.259951	0.284029	0.308106	0.331142	0.354178	0.376142	0.398106	0.420966	0.443827	0.468257	0.492688	0.518059	0.543431	0.568037	0.592642	0.612483	0.631871	0.653247	0.676281	0.702827	0.729394	0.754096	0.778111	0.8	0.821235	0.843838	0.866618	0.892624	0.91863	0.942595	0.966559	0.990609	1.01466	1.03808	1.0615	1.08379	1.10608	1.12901	1.15194	1.17577	1.19961	1.2236	1.24758	1.27139	1.2952	1.31884	1.34248	1.36605	1.38962	1.41319	1.43675	1.46034	1.48392	1.50751	
0	0.0235699	0.0471223	0.0706748	0.0942226	0.11777	0.141372	0.164975	0.188774	0.212574	0.236553	0.260531	0.284082	0.307634	0.330005	0.352376	0.374401	0.396427	0.42017	0.443914	0.469	0.494086	0.519633	0.545179	0.569281	0.593383	0.612134	0.630694	0.652873	0.677143	0.703881	0.730792	0.755654	0.779372	0.801426	0.822746	0.844417	0.865325	0.89057	0.915816	0.940434	0.965053	0.989923	1.01479	1.03876	1.06272	1.08486	1.10699	1.12942	1.15185	1.17542	1.199	1.22303	1.24707	1.27101	1.29494	1.31866	1.34237	1.36598	1.38959	1.41316	1.43674	1.46033	1.48392	1.50751	
0	0.0236237	0.0472543	0.0708849	0.0945614	0.118238	0.141974	0.16571	0.18946	0.21321	0.236731	0.260253	0.283128	0.306003	0.328244	0.350485	0.373401	0.396317	0.421081	0.445845	0.471312	0.49678	0.521817	0.546854	0.569648	0.592442	0.61161	0.631336	0.654256	0.679016	0.70487	0.730724	0.755523	0.779527	0.802423	0.824428	0.845755	0.86659	0.890827	0.915065	0.939554	0.964044	0.988685	1.01333	1.03763	1.06194	1.0849	1.10786	1.13044	1.15303	1.17623	1.19944	1.22316	1.24688	1.27072	1.29455	1.3183	1.34205	1.36572	1.38939	1.41302	1.43665	1.46027	1.48389	1.50751	
0	0.0236776	0.0473863	0.0710951	0.0949002	0.118705	0.142575	0.166445	0.190146	0.213846	0.23691	0.259974	0.282173	0.304373	0.326483	0.348594	0.372401	0.396207	0.421992	0.447776	0.473625	0.499474	0.524002	0.548529	0.570015	0.5915	0.611087	0.630675	0.655753	0.680832	0.705763	0.730694	0.755328	0.779962	0.803648	0.827335	0.847595	0.867856	0.891085	0.914313	0.938674	0.963035	0.987448	1.01186	1.03651	1.06115	1.08494	1.10873	1.13147	1.1542	1.17704	1.19988	1.22329	1.2467	1.27043	1.29416	1.31794	1.34172	1.36546	1.38919	1.41287	1.43656	1.46021	1.48387	1.50751	
0	0.0237419	0.0474943	0.0712466	0.0950295	0.118812	0.14254	0.166268	0.189715	0.213162	0.236006	0.258849	0.281191	0.303532	0.326345	0.349158	0.373718	0.398278	0.424066	0.449855	0.475079	0.500304	0.523869	0.547434	0.568311	0.589189	0.610287	0.631385	0.656678	0.681971	0.706073	0.730174	0.754719	0.779263	0.803554	0.827845	0.848873	0.869901	0.892437	0.914972	0.938772	0.962571	0.986583	1.0106	1.03527	1.05994	1.08431	1.10868	1.13187	1.15507	1.17791	1.20074	1.22392	1.24709	1.27063	1.29416	1.31785	1.34155	1.36527	1.389	1.41271	1.43642	1.46012	1.48382	1.50751	
0	0.0238062	0.0476022	0.0713982	0.0951588	0.118919	0.142505	0.16609	0.189284	0.212477	0.235101	0.257724	0.280208	0.302692	0.326208	0.349723	0.375036	0.400349	0.426141	0.451934	0.476534	0.501135	0.523737	0.546339	0.566608	0.586877	0.609486	0.632096	0.657603	0.68311	0.706383	0.729655	0.754109	0.778564	0.80346	0.828356	0.850151	0.871946	0.893789	0.915631	0.938869	0.962107	0.985718	1.00933	1.03403	1.05873	1.08367	1.10862	1.13228	1.15595	1.17878	1.20161	1.22455	1.24749	1.27083	1.29416	1.31776	1.34137	1.36508	1.3888	1.41255	1.43629	1.46003	1.48378	1.50751	
0	0.0238154	0.0475932	0.0713711	0.0950369	0.118703	0.142116	0.165529	0.188587	0.211645	0.234416	0.257188	0.280248	0.303308	0.327448	0.351589	0.376897	0.402205	0.427237	0.452269	0.47601	0.499752	0.52201	0.544269	0.565169	0.586069	0.609561	0.633052	0.658318	0.683585	0.706344	0.729103	0.7534	0.777698	0.802832	0.827967	0.850435	0.872904	0.894963	0.917021	0.94004	0.963058	0.986259	1.00946	1.03362	1.05777	1.08259	1.1074	1.13145	1.1555	1.17873	1.20196	1.22501	1.24806	1.27131	1.29457	1.31806	1.34155	1.3652	1.38884	1.41256	1.43628	1.46002	1.48376	1.50751	
0	0.0238245	0.0475842	0.071344	0.094915	0.118486	0.141727	0.164968	0.187891	0.210813	0.233732	0.256651	0.280287	0.303923	0.328689	0.353454	0.378758	0.404062	0.428333	0.452605	0.475487	0.498369	0.520284	0.542198	0.56373	0.585261	0.609635	0.634009	0.659034	0.684059	0.706305	0.728552	0.752692	0.776831	0.802204	0.827577	0.850719	0.873861	0.896136	0.918411	0.94121	0.964008	0.9868	1.00959	1.03321	1.05682	1.0815	1.10617	1.13062	1.15506	1.17869	1.20232	1.22547	1.24863	1.2718	1.29497	1.31835	1.34173	1.36531	1.38888	1.41257	1.43626	1.46001	1.48375	1.50751	
0	0.0237202	0.0473757	0.0710312	0.0945174	0.118004	0.14124	0.164477	0.187565	0.210653	0.233945	0.257237	0.281277	0.305318	0.33014	0.354962	0.379731	0.4045	0.428045	0.45159	0.474166	0.496743	0.51901	0.541278	0.563473	0.585668	0.610211	0.634754	0.659611	0.684469	0.706545	0.728622	0.752509	0.776396	0.801647	0.826898	0.850264	0.87363	0.896364	0.919097	0.942052	0.965007	0.98764	1.01027	1.03344	1.05661	1.08089	1.10518	1.12965	1.15412	1.17804	1.20195	1.22536	1.24877	1.27205	1.29532	1.31869	1.34206	1.36558	1.3891	1.41274	1.43638	1.46008	1.48379	1.50751	
0	0.0236159	0.0471671	0.0707183	0.0941199	0.117521	0.140753	0.163985	0.187239	0.210492	0.234157	0.257822	0.282268	0.306714	0.331592	0.35647	0.380705	0.404939	0.427757	0.450575	0.472846	0.495117	0.517737	0.540357	0.563216	0.586075	0.610787	0.635499	0.660189	0.684878	0.706785	0.728692	0.752327	0.775961	0.80109	0.82622	0.84981	0.873399	0.896591	0.919782	0.942893	0.966005	0.98848	1.01095	1.03368	1.0564	1.08029	1.10418	1.12869	1.15319	1.17739	1.20159	1.22525	1.24892	1.27229	1.29567	1.31903	1.34239	1.36586	1.38933	1.41291	1.43649	1.46016	1.48382	1.50751	
0	0.0235255	0.0470065	0.0704874	0.0938848	0.117282	0.140634	0.163985	0.187496	0.211006	0.23495	0.258893	0.283368	0.307844	0.332321	0.356798	0.380414	0.40403	0.426582	0.449133	0.47167	0.494207	0.517288	0.540369	0.563516	0.586662	0.611315	0.635968	0.66052	0.685071	0.706842	0.728613	0.752137	0.775661	0.800691	0.82572	0.849352	0.872984	0.896437	0.91989	0.943362	0.966835	0.989488	1.01214	1.03466	1.05717	1.08059	1.10401	1.1282	1.15238	1.17659	1.20081	1.22467	1.24852	1.27208	1.29564	1.3191	1.34255	1.36604	1.38952	1.41308	1.43663	1.46025	1.48387	1.50751	
0	0.023435	0.0468458	0.0702565	0.0936498	0.117043	0.140514	0.163985	0.187753	0.21152	0.235742	0.259964	0.284469	0.308973	0.333049	0.357125	0.380123	0.403122	0.425406	0.447691	0.470494	0.493297	0.516839	0.540381	0.563815	0.58725	0.611843	0.636437	0.660851	0.685265	0.7069	0.728535	0.751948	0.775361	0.800291	0.82522	0.848894	0.872569	0.896283	0.919998	0.943831	0.967665	0.990495	1.01333	1.03563	1.05794	1.08089	1.10384	1.1277	1.15157	1.1758	1.20003	1.22408	1.24813	1.27187	1.29562	1.31916	1.34271	1.36621	1.38971	1.41324	1.43677	1.46035	1.48392	1.50751	
0	0.023414	0.0468294	0.0702448	0.0937096	0.117174	0.140791	0.164407	0.188329	0.21225	0.2365	0.26075	0.285033	0.309317	0.332989	0.356661	0.379403	0.402145	0.424577	0.447009	0.470132	0.493256	0.516949	0.540642	0.564069	0.587497	0.612086	0.636676	0.661119	0.685561	0.707064	0.728567	0.75184	0.775114	0.800068	0.825023	0.848697	0.872371	0.896021	0.919672	0.943656	0.967641	0.990775	1.01391	1.03634	1.05876	1.0815	1.10424	1.12779	1.15134	1.17541	1.19948	1.22356	1.24763	1.2715	1.29536	1.31902	1.34268	1.36624	1.3898	1.41333	1.43687	1.46041	1.48396	1.50751	
0	0.023393	0.0468131	0.0702332	0.0937695	0.117306	0.141067	0.164829	0.188905	0.21298	0.237258	0.261535	0.285598	0.309661	0.332929	0.356197	0.378683	0.401169	0.423748	0.446327	0.469771	0.493214	0.517059	0.540903	0.564323	0.587744	0.61233	0.636916	0.661387	0.685858	0.707228	0.728599	0.751732	0.774866	0.799846	0.824825	0.848499	0.872173	0.89576	0.919346	0.943481	0.967616	0.991056	1.01449	1.03704	1.05958	1.08211	1.10464	1.12788	1.15112	1.17502	1.19892	1.22303	1.24714	1.27112	1.2951	1.31887	1.34265	1.36626	1.38988	1.41342	1.43696	1.46048	1.484	1.50751	
0	0.0234304	0.0469038	0.0703773	0.0939978	0.117618	0.141471	0.165325	0.189422	0.213518	0.237661	0.261804	0.28558	0.309355	0.332384	0.355413	0.377918	0.400424	0.423263	0.446102	0.469748	0.493394	0.517222	0.54105	0.564507	0.587965	0.612536	0.637108	0.661468	0.685828	0.707253	0.728678	0.751703	0.774729	0.799624	0.824519	0.848276	0.872033	0.895577	0.919121	0.943262	0.967404	0.99107	1.01474	1.03751	1.06029	1.08282	1.10535	1.12838	1.15142	1.17509	1.19877	1.22277	1.24676	1.27076	1.29475	1.31859	1.34242	1.3661	1.38979	1.41336	1.43694	1.46047	1.484	1.50751	
0	0.0234678	0.0469946	0.0705214	0.094226	0.117931	0.141875	0.16582	0.189938	0.214056	0.238065	0.262073	0.285562	0.30905	0.33184	0.354629	0.377154	0.399678	0.422778	0.445877	0.469726	0.493575	0.517386	0.541197	0.564692	0.588186	0.612743	0.637301	0.66155	0.685799	0.707278	0.728757	0.751674	0.774592	0.799402	0.824212	0.848052	0.871892	0.895394	0.918896	0.943044	0.967191	0.991085	1.01498	1.03798	1.06099	1.08353	1.10606	1.12889	1.15171	1.17516	1.19861	1.2225	1.24639	1.27039	1.2944	1.3183	1.3422	1.36595	1.38969	1.4133	1.43692	1.46046	1.484	1.50751	
0	0.023546	0.0471482	0.0707503	0.0945116	0.118273	0.142224	0.166176	0.190212	0.214249	0.238092	0.261935	0.285263	0.308592	0.331369	0.354146	0.376836	0.399526	0.422807	0.446089	0.469941	0.493793	0.517503	0.541213	0.56477	0.588327	0.612906	0.637486	0.661628	0.685769	0.707315	0.728861	0.7517	0.77454	0.799309	0.824078	0.848023	0.871967	0.895407	0.918846	0.942833	0.96682	0.990759	1.0147	1.03792	1.06113	1.08383	1.10652	1.12934	1.15215	1.17547	1.19878	1.22254	1.24629	1.27023	1.29416	1.31807	1.34197	1.36575	1.38952	1.41317	1.43683	1.4604	1.48397	1.50751	
0	0.0236242	0.0473017	0.0709792	0.0947973	0.118615	0.142573	0.166531	0.190486	0.214442	0.238119	0.261797	0.284965	0.308134	0.330898	0.353662	0.376517	0.399373	0.422837	0.446301	0.470156	0.494012	0.51762	0.541229	0.564848	0.588467	0.613069	0.637671	0.661705	0.685739	0.707352	0.728965	0.751726	0.774487	0.799216	0.823945	0.847994	0.872043	0.895419	0.918796	0.942622	0.966449	0.990434	1.01442	1.03785	1.06128	1.08413	1.10699	1.12979	1.15259	1.17577	1.19895	1.22257	1.24619	1.27006	1.29393	1.31783	1.34174	1.36555	1.38935	1.41304	1.43673	1.46034	1.48394	1.50751	
0	0.0236756	0.0473941	0.0711127	0.0949364	0.11876	0.142666	0.166572	0.190417	0.214262	0.237818	0.261374	0.284502	0.307631	0.330501	0.353372	0.376414	0.399457	0.423011	0.446564	0.470342	0.49412	0.517649	0.541179	0.564875	0.588571	0.613165	0.637759	0.661698	0.685636	0.707347	0.729059	0.751779	0.7745	0.799123	0.823747	0.847881	0.872016	0.895429	0.918841	0.942544	0.966246	0.990182	1.01412	1.03767	1.06122	1.08426	1.1073	1.13019	1.15308	1.17621	1.19935	1.22286	1.24637	1.27015	1.29392	1.31777	1.34162	1.36542	1.38922	1.41293	1.43664	1.46027	1.48391	1.50751	
0	0.023727	0.0474865	0.0712461	0.0950755	0.118905	0.142759	0.166613	0.190348	0.214082	0.237516	0.260951	0.28404	0.307129	0.330105	0.353082	0.376312	0.399541	0.423185	0.446828	0.470528	0.494227	0.517679	0.54113	0.564902	0.588675	0.613261	0.637848	0.66169	0.685532	0.707342	0.729152	0.751833	0.774513	0.799031	0.823549	0.847769	0.871989	0.895438	0.918887	0.942465	0.966043	0.989929	1.01382	1.03749	1.06117	1.08439	1.10761	1.13058	1.15356	1.17665	1.19975	1.22315	1.24656	1.27023	1.29391	1.31771	1.3415	1.36529	1.38909	1.41281	1.43654	1.46021	1.48387	1.50751	
0	0.0237489	0.047516	0.0712832	0.0950797	0.118876	0.142653	0.16643	0.190073	0.213716	0.237109	0.260503	0.283662	0.306822	0.329967	0.353112	0.376493	0.399875	0.423519	0.447163	0.470743	0.494323	0.51771	0.541097	0.564936	0.588775	0.613362	0.63795	0.661717	0.685485	0.707354	0.729222	0.75188	0.774537	0.799004	0.823472	0.847772	0.872072	0.895543	0.919014	0.942442	0.96587	0.989624	1.01338	1.03709	1.06081	1.0842	1.1076	1.13073	1.15387	1.17701	1.20016	1.22352	1.24687	1.27046	1.29404	1.31776	1.34148	1.36524	1.38899	1.41272	1.43645	1.46014	1.48384	1.50751	
0	0.0237709	0.0475456	0.0713203	0.0950839	0.118848	0.142548	0.166248	0.189798	0.213349	0.236702	0.260056	0.283285	0.306515	0.329828	0.353141	0.376675	0.400208	0.423853	0.447497	0.470958	0.494418	0.517741	0.541065	0.56497	0.588875	0.613464	0.638052	0.661745	0.685438	0.707365	0.729293	0.751926	0.77456	0.798977	0.823395	0.847775	0.872156	0.895648	0.919141	0.942419	0.965697	0.989319	1.01294	1.0367	1.06045	1.08402	1.10758	1.13088	1.15417	1.17738	1.20058	1.22388	1.24719	1.27068	1.29418	1.31782	1.34146	1.36518	1.3889	1.41263	1.43636	1.46008	1.4838	1.50751	
0	0.0237417	0.0474767	0.0712117	0.0949098	0.118608	0.142226	0.165844	0.189335	0.212825	0.236194	0.259562	0.282911	0.30626	0.329751	0.353242	0.376894	0.400545	0.424153	0.447762	0.471095	0.494429	0.517701	0.540972	0.564928	0.588883	0.613483	0.638083	0.661741	0.685398	0.70737	0.729341	0.751957	0.774574	0.798938	0.823303	0.847734	0.872166	0.895703	0.919241	0.942433	0.965625	0.989128	1.01263	1.03638	1.06013	1.08383	1.10752	1.13098	1.15443	1.17772	1.20102	1.22432	1.24763	1.27106	1.2945	1.31807	1.34163	1.36529	1.38895	1.41266	1.43636	1.46008	1.48379	1.50751	
0	0.0237125	0.0474078	0.0711031	0.0947357	0.118368	0.141904	0.16544	0.188871	0.212301	0.235685	0.259069	0.282537	0.306005	0.329674	0.353343	0.377112	0.400882	0.424454	0.448026	0.471233	0.49444	0.51766	0.54088	0.564886	0.588892	0.613503	0.638114	0.661737	0.685359	0.707375	0.72939	0.751988	0.774587	0.798899	0.823211	0.847693	0.872175	0.895758	0.919341	0.942448	0.965554	0.988936	1.01232	1.03607	1.05981	1.08364	1.10746	1.13107	1.15468	1.17807	1.20145	1.22476	1.24807	1.27144	1.29482	1.31831	1.34181	1.36541	1.38901	1.41269	1.43637	1.46008	1.48379	1.50751	
0	0.0236689	0.0473143	0.0709598	0.0945275	0.118095	0.141564	0.165033	0.188428	0.211824	0.235245	0.258666	0.282254	0.305841	0.329663	0.353484	0.377348	0.401211	0.424761	0.448311	0.471432	0.494553	0.517724	0.540896	0.564919	0.588942	0.61356	0.638177	0.661779	0.685382	0.707403	0.729425	0.752008	0.774592	0.798899	0.823206	0.847725	0.872244	0.895825	0.919407	0.942419	0.965431	0.988704	1.01198	1.03572	1.05945	1.08338	1.10731	1.13106	1.15481	1.1783	1.20178	1.22511	1.24844	1.27178	1.29511	1.31855	1.34198	1.36553	1.38908	1.41273	1.43638	1.46008	1.48379	1.50751	
