x=125	y=200	z=200	n=65	len=1
b
0	0	0	0	0	0	0	0	0	0	0	0	0	0	0	0	0	0	0	0	0	0	0	0	0	0	0	0	0	0	0	0	0	0	0	0	0	0	0	0	0	0	0	0	0	0	0	0	0	0	0	0	0	0	0	0	0	0	0	0	0	0	0	0	0	
0.0238966	0.024306	0.0245916	0.0248772	0.0249129	0.0249486	0.0246248	0.0243011	0.0237095	0.023118	0.0225824	0.0220468	0.0220394	0.022032	0.0227862	0.0235404	0.02445	0.0253596	0.0255899	0.0258202	0.0252106	0.0246009	0.0235783	0.0225557	0.0221009	0.0216462	0.0221178	0.0225895	0.0232981	0.0240066	0.0239475	0.0238885	0.0235768	0.0232651	0.0235713	0.0238776	0.0241563	0.024435	0.023765	0.023095	0.0221466	0.0211981	0.0215214	0.0218447	0.0229531	0.0240615	0.0244364	0.0248113	0.0246773	0.0245434	0.0240526	0.0235618	0.0228886	0.0222154	0.0217125	0.0212096	0.0211367	0.0210639	0.0213044	0.0215449	0.0220013	0.0224578	0.0229725	0.0234872	0.0238966	
0.0478647	0.0486896	0.0492699	0.0498502	0.0499479	0.0500456	0.0494884	0.0489311	0.0478807	0.0468303	0.0458138	0.0447974	0.0446712	0.044545	0.045651	0.046757	0.0481346	0.0495121	0.0499419	0.0503716	0.0494716	0.0485716	0.0469728	0.0453739	0.0445639	0.0437538	0.0444222	0.0450906	0.0462354	0.0473802	0.0474029	0.0474255	0.0470796	0.0467336	0.0471228	0.047512	0.0476805	0.0478489	0.046838	0.045827	0.0444756	0.0431242	0.0436865	0.044249	0.0459049	0.0475609	0.0482382	0.0489155	0.0488218	0.0487281	0.0480472	0.0473663	0.0462743	0.0451822	0.0441916	0.043201	0.0429329	0.0426649	0.0430418	0.0434187	0.0442448	0.0450709	0.0460553	0.0470398	0.0478647	
0.0718328	0.0730732	0.0739482	0.0748231	0.0749828	0.0751425	0.0743519	0.0735612	0.0720519	0.0705425	0.0690452	0.0675479	0.067303	0.0670581	0.0685158	0.0699736	0.0718191	0.0736646	0.0742938	0.074923	0.0737327	0.0725424	0.0703673	0.0681922	0.0670268	0.0658614	0.0667265	0.0675916	0.0691727	0.0707539	0.0708582	0.0709626	0.0705824	0.0702021	0.0706743	0.0711464	0.0712046	0.0712629	0.069911	0.0685591	0.0668047	0.0650502	0.0658517	0.0666532	0.0688567	0.0710602	0.0720401	0.0730198	0.0729663	0.0729128	0.0720419	0.0711709	0.06966	0.0681491	0.0666708	0.0651925	0.0647291	0.0642658	0.0647792	0.0652926	0.0664883	0.067684	0.0691382	0.0705923	0.0718327	
0.0954326	0.0969485	0.0980645	0.0991805	0.0994245	0.0996686	0.0988421	0.0980155	0.0964103	0.0948052	0.0931751	0.091545	0.0911477	0.0907505	0.0919381	0.0931257	0.0946938	0.0962619	0.0969329	0.0976038	0.0968057	0.0960076	0.094224	0.0924403	0.091288	0.0901357	0.0906505	0.0911654	0.0926386	0.0941117	0.0944375	0.0947633	0.0943869	0.0940105	0.0939217	0.0938329	0.0937063	0.0935797	0.0927668	0.0919538	0.0906579	0.089362	0.0900261	0.0906904	0.0925625	0.0944348	0.0952744	0.0961139	0.0961681	0.0962222	0.095543	0.0948638	0.093433	0.0920022	0.0903581	0.0887141	0.0880236	0.0873331	0.0877483	0.0881635	0.0894024	0.0906413	0.0922789	0.0939166	0.0954325	
0.119032	0.120824	0.122181	0.123538	0.123866	0.124195	0.123332	0.12247	0.120769	0.119068	0.117305	0.115542	0.114992	0.114443	0.11536	0.116278	0.117569	0.118859	0.119572	0.120285	0.119879	0.119473	0.118081	0.116689	0.115549	0.11441	0.114575	0.114739	0.116104	0.11747	0.118017	0.118564	0.118191	0.117819	0.117169	0.116519	0.116208	0.115897	0.115623	0.115349	0.114511	0.113674	0.114201	0.114727	0.116268	0.117809	0.118509	0.119208	0.11937	0.119532	0.119044	0.118557	0.117206	0.115855	0.114046	0.112236	0.111318	0.1104	0.110717	0.111034	0.112317	0.113599	0.11542	0.117241	0.119032	
0.142403	0.144024	0.145245	0.146466	0.146761	0.147056	0.146371	0.145687	0.14437	0.143053	0.141744	0.140435	0.139914	0.139394	0.139734	0.140074	0.140638	0.141202	0.14173	0.142258	0.142533	0.142808	0.142565	0.142322	0.141523	0.140725	0.14025	0.139775	0.140577	0.141378	0.141941	0.142503	0.142005	0.141506	0.140318	0.139131	0.138923	0.138716	0.139318	0.139921	0.139762	0.139602	0.139968	0.140334	0.141122	0.141909	0.141928	0.141947	0.141871	0.141794	0.141474	0.141154	0.140269	0.139383	0.138029	0.136675	0.13593	0.135186	0.135383	0.135581	0.136623	0.137665	0.139223	0.140781	0.142403	
0.165773	0.167225	0.16831	0.169394	0.169656	0.169918	0.169411	0.168903	0.167971	0.167039	0.166183	0.165328	0.164836	0.164345	0.164107	0.163869	0.163707	0.163545	0.163888	0.164231	0.165187	0.166143	0.167049	0.167956	0.167498	0.16704	0.165926	0.164811	0.165049	0.165287	0.165865	0.166443	0.165818	0.165192	0.163467	0.161742	0.161638	0.161535	0.163014	0.164493	0.165012	0.165531	0.165736	0.165941	0.165975	0.166009	0.165348	0.164687	0.164371	0.164056	0.163903	0.163751	0.163331	0.162912	0.162012	0.161113	0.160542	0.159971	0.160049	0.160127	0.16093	0.161732	0.163026	0.164321	0.165773	
0.189026	0.189876	0.190511	0.191146	0.191324	0.191502	0.191359	0.191216	0.191037	0.190858	0.190705	0.190553	0.190192	0.189831	0.189041	0.188251	0.18738	0.18651	0.186502	0.186494	0.187831	0.189169	0.19082	0.192472	0.192269	0.192067	0.190727	0.189388	0.189155	0.188921	0.189303	0.189684	0.18912	0.188556	0.186983	0.18541	0.185357	0.185304	0.187028	0.188751	0.189746	0.190741	0.190958	0.191176	0.190587	0.189999	0.188622	0.187245	0.186561	0.185878	0.185822	0.185765	0.185854	0.185944	0.185802	0.18566	0.185577	0.185493	0.185619	0.185744	0.186208	0.186671	0.187423	0.188175	0.189026	
0.212278	0.212528	0.212713	0.212897	0.212992	0.213087	0.213307	0.213528	0.214102	0.214677	0.215227	0.215778	0.215548	0.215318	0.213975	0.212632	0.211054	0.209476	0.209116	0.208757	0.210476	0.212195	0.214592	0.216988	0.217041	0.217093	0.215529	0.213965	0.21326	0.212555	0.21274	0.212925	0.212423	0.21192	0.210499	0.209078	0.209076	0.209074	0.211042	0.21301	0.21448	0.215951	0.21618	0.21641	0.215199	0.213988	0.211896	0.209804	0.208752	0.2077	0.20774	0.20778	0.208378	0.208976	0.209591	0.210207	0.210611	0.211015	0.211188	0.21136	0.211486	0.211611	0.21182	0.212028	0.212278	
0.234868	0.23462	0.234476	0.234331	0.234479	0.234627	0.235243	0.235859	0.237031	0.238204	0.239231	0.240258	0.240151	0.240044	0.238554	0.237064	0.23525	0.233437	0.232754	0.232071	0.233578	0.235085	0.237404	0.239723	0.239797	0.239872	0.23854	0.237209	0.236713	0.236217	0.236468	0.236719	0.236135	0.23555	0.234445	0.233341	0.233352	0.233362	0.235083	0.236804	0.238292	0.239779	0.239772	0.239764	0.238197	0.23663	0.234482	0.232335	0.231302	0.230269	0.230429	0.230589	0.23153	0.232471	0.23354	0.234609	0.235284	0.23596	0.236049	0.236138	0.23594	0.235741	0.235429	0.235116	0.234868	
0.257458	0.256713	0.256239	0.255766	0.255966	0.256167	0.257178	0.25819	0.259961	0.261732	0.263235	0.264738	0.264754	0.264769	0.263132	0.261495	0.259447	0.257399	0.256392	0.255385	0.25668	0.257975	0.260216	0.262458	0.262554	0.26265	0.261552	0.260454	0.260166	0.259878	0.260196	0.260513	0.259846	0.259179	0.258392	0.257605	0.257628	0.257651	0.259125	0.260599	0.262104	0.263608	0.263363	0.263118	0.261195	0.259272	0.257069	0.254866	0.253852	0.252839	0.253118	0.253398	0.254682	0.255967	0.257489	0.259011	0.259958	0.260905	0.26091	0.260916	0.260394	0.259872	0.259037	0.258203	0.257458	
0.2802	0.279287	0.278699	0.278111	0.278369	0.278627	0.279788	0.28095	0.282794	0.284639	0.286118	0.287597	0.287811	0.288025	0.286922	0.285819	0.284247	0.282676	0.281535	0.280395	0.280852	0.281309	0.282822	0.284336	0.284417	0.284498	0.283983	0.283469	0.283471	0.283473	0.283958	0.284444	0.283851	0.283259	0.282715	0.282171	0.282235	0.282299	0.283376	0.284452	0.285221	0.285991	0.285218	0.284444	0.282766	0.281089	0.279693	0.278297	0.277789	0.27728	0.277694	0.278108	0.279319	0.28053	0.281825	0.283121	0.283894	0.284667	0.284582	0.284497	0.283836	0.283174	0.282144	0.281114	0.2802	
0.302943	0.301861	0.301159	0.300457	0.300772	0.301088	0.302398	0.303709	0.305628	0.307547	0.309002	0.310457	0.310869	0.311282	0.310712	0.310142	0.309048	0.307953	0.306678	0.305404	0.305023	0.304643	0.305428	0.306214	0.30628	0.306346	0.306415	0.306484	0.306776	0.307067	0.307721	0.308375	0.307857	0.307339	0.307038	0.306738	0.306843	0.306948	0.307626	0.308304	0.308339	0.308375	0.307072	0.30577	0.304338	0.302907	0.302318	0.301729	0.301725	0.301721	0.30227	0.302819	0.303956	0.305093	0.306162	0.307232	0.307831	0.30843	0.308255	0.308079	0.307278	0.306476	0.30525	0.304024	0.302943	
0.327194	0.32616	0.325472	0.324784	0.325005	0.325226	0.326231	0.327236	0.328645	0.330054	0.331111	0.332169	0.332756	0.333342	0.333558	0.333773	0.333596	0.333418	0.332384	0.331349	0.330163	0.328977	0.328643	0.328309	0.328204	0.328099	0.32909	0.33008	0.33056	0.331041	0.33149	0.331939	0.331791	0.331643	0.331666	0.331689	0.331667	0.331644	0.331591	0.331538	0.330522	0.329505	0.328146	0.326786	0.326247	0.325707	0.326135	0.326562	0.327062	0.327563	0.328018	0.328474	0.329075	0.329676	0.330195	0.330714	0.331101	0.331487	0.33147	0.331453	0.330902	0.330352	0.32929	0.328228	0.327194	
0.351445	0.350459	0.349785	0.349112	0.349238	0.349364	0.350064	0.350764	0.351662	0.35256	0.353221	0.353882	0.354642	0.355402	0.356403	0.357404	0.358144	0.358883	0.358089	0.357294	0.355303	0.353311	0.351858	0.350405	0.350129	0.349853	0.351765	0.353676	0.354345	0.355014	0.355258	0.355503	0.355725	0.355947	0.356294	0.356641	0.356491	0.35634	0.355556	0.354772	0.352704	0.350635	0.349219	0.347803	0.348155	0.348508	0.349952	0.351396	0.3524	0.353404	0.353767	0.35413	0.354194	0.354259	0.354228	0.354197	0.354371	0.354544	0.354685	0.354826	0.354527	0.354229	0.353331	0.352433	0.351446	
0.37598	0.375282	0.374838	0.374393	0.374458	0.374523	0.374863	0.375204	0.375518	0.375833	0.376006	0.376179	0.376813	0.377448	0.37881	0.380172	0.381615	0.383057	0.382784	0.38251	0.380432	0.378353	0.37618	0.374008	0.373523	0.373037	0.375127	0.377217	0.3778	0.378382	0.378389	0.378396	0.378863	0.37933	0.379905	0.38048	0.380059	0.379638	0.37825	0.376861	0.374763	0.372664	0.37198	0.371297	0.372416	0.373535	0.375224	0.376913	0.377851	0.37879	0.378795	0.378801	0.37846	0.378119	0.377843	0.377568	0.377715	0.377862	0.378044	0.378225	0.378081	0.377936	0.377307	0.376678	0.37598	
0.400514	0.400105	0.39989	0.399675	0.399678	0.399682	0.399663	0.399644	0.399375	0.399105	0.398791	0.398477	0.398985	0.399493	0.401216	0.40294	0.405085	0.40723	0.407478	0.407726	0.405561	0.403395	0.400503	0.39761	0.396916	0.396222	0.39849	0.400758	0.401254	0.401751	0.40152	0.401289	0.402001	0.402712	0.403516	0.40432	0.403628	0.402936	0.400943	0.39895	0.396821	0.394692	0.394741	0.39479	0.396676	0.398562	0.400497	0.402431	0.403303	0.404175	0.403823	0.403472	0.402726	0.401979	0.401459	0.400939	0.40106	0.40118	0.401402	0.401624	0.401634	0.401643	0.401284	0.400924	0.400514	
0.423765	0.423672	0.423754	0.423837	0.423937	0.424037	0.423978	0.423919	0.423447	0.422975	0.422474	0.421972	0.422287	0.422601	0.424067	0.425532	0.427502	0.429472	0.430002	0.430532	0.429209	0.427886	0.425521	0.423156	0.422383	0.421609	0.423123	0.424637	0.424623	0.424609	0.424153	0.423697	0.424635	0.425572	0.426508	0.427443	0.426369	0.425296	0.423475	0.421655	0.420314	0.418972	0.419719	0.420467	0.422278	0.424089	0.425473	0.426858	0.427426	0.427994	0.42766	0.427326	0.426725	0.426124	0.425531	0.424938	0.424708	0.424479	0.424375	0.424271	0.424228	0.424185	0.424022	0.423859	0.423765	
0.447016	0.447238	0.447618	0.447998	0.448196	0.448393	0.448293	0.448194	0.447519	0.446845	0.446156	0.445468	0.445588	0.445709	0.446917	0.448125	0.449919	0.451713	0.452525	0.453337	0.452857	0.452377	0.450539	0.448702	0.447849	0.446997	0.447756	0.448515	0.447991	0.447466	0.446786	0.446105	0.447269	0.448433	0.449499	0.450566	0.449111	0.447655	0.446007	0.44436	0.443806	0.443252	0.444698	0.446144	0.447879	0.449615	0.45045	0.451284	0.451549	0.451814	0.451497	0.45118	0.450725	0.45027	0.449603	0.448937	0.448357	0.447777	0.447347	0.446917	0.446822	0.446727	0.44676	0.446793	0.447016	
0.471217	0.471623	0.471979	0.472334	0.472337	0.472341	0.472	0.471659	0.47093	0.470201	0.469599	0.468997	0.468979	0.468961	0.46979	0.470618	0.471747	0.472875	0.4735	0.474125	0.47454	0.474954	0.474114	0.473274	0.472268	0.471262	0.471319	0.471376	0.47049	0.469605	0.468792	0.467979	0.46906	0.470142	0.470814	0.471487	0.470122	0.468757	0.468109	0.467461	0.467986	0.468511	0.46992	0.47133	0.472487	0.473644	0.474041	0.474438	0.474689	0.47494	0.4748	0.474659	0.47427	0.47388	0.473159	0.472439	0.47175	0.471062	0.47066	0.470257	0.470268	0.470279	0.470545	0.470811	0.471217	
0.495419	0.496008	0.496339	0.49667	0.496479	0.496288	0.495706	0.495124	0.49434	0.493557	0.493041	0.492526	0.49237	0.492214	0.492663	0.493112	0.493575	0.494038	0.494475	0.494913	0.496222	0.497532	0.497689	0.497845	0.496686	0.495527	0.494882	0.494237	0.49299	0.491743	0.490798	0.489853	0.490852	0.491851	0.492129	0.492408	0.491133	0.489858	0.49021	0.490562	0.492166	0.49377	0.495143	0.496516	0.497094	0.497672	0.497632	0.497592	0.497829	0.498067	0.498102	0.498138	0.497814	0.49749	0.496715	0.49594	0.495144	0.494347	0.493972	0.493598	0.493715	0.493832	0.494331	0.494829	0.495419	
0.520097	0.520634	0.520774	0.520914	0.520581	0.520249	0.519532	0.518815	0.518012	0.51721	0.516726	0.516241	0.515973	0.515706	0.515821	0.515936	0.515931	0.515925	0.516253	0.51658	0.518014	0.519448	0.520139	0.52083	0.52038	0.51993	0.51887	0.51781	0.516282	0.514753	0.513752	0.512751	0.513325	0.513899	0.514212	0.514524	0.513534	0.512544	0.513507	0.514471	0.516527	0.518584	0.51976	0.520937	0.521096	0.521256	0.520984	0.520713	0.520735	0.520757	0.520712	0.520668	0.520469	0.520271	0.519832	0.519393	0.518883	0.518372	0.518211	0.51805	0.518288	0.518527	0.519043	0.51956	0.520097	
0.544776	0.54526	0.545209	0.545158	0.544684	0.544209	0.543357	0.542505	0.541685	0.540864	0.54041	0.539956	0.539577	0.539199	0.538979	0.538759	0.538286	0.537813	0.538031	0.538248	0.539806	0.541363	0.542589	0.543814	0.544074	0.544334	0.542859	0.541384	0.539573	0.537763	0.536706	0.535649	0.535798	0.535947	0.536294	0.53664	0.535935	0.535229	0.536805	0.53838	0.540888	0.543397	0.544378	0.545359	0.545099	0.544839	0.544336	0.543834	0.54364	0.543447	0.543322	0.543197	0.543124	0.543051	0.542948	0.542845	0.542621	0.542398	0.54245	0.542502	0.542861	0.543221	0.543756	0.544291	0.544776	
0.568032	0.5684	0.568284	0.568169	0.567782	0.567396	0.566762	0.566127	0.565602	0.565077	0.564759	0.56444	0.564022	0.563604	0.563142	0.562681	0.561862	0.561043	0.560974	0.560906	0.562246	0.563586	0.565727	0.567868	0.569082	0.570297	0.569209	0.56812	0.566319	0.564517	0.563378	0.562239	0.562055	0.561871	0.562486	0.563102	0.562889	0.562675	0.56402	0.565365	0.567203	0.569041	0.569289	0.569536	0.568686	0.567835	0.567123	0.566412	0.566197	0.565982	0.56604	0.566097	0.566275	0.566453	0.566478	0.566503	0.566351	0.566198	0.566234	0.566271	0.566568	0.566865	0.567264	0.567664	0.568032	
0.591289	0.59154	0.591359	0.591178	0.59088	0.590582	0.590166	0.58975	0.58952	0.58929	0.589108	0.588925	0.588467	0.588009	0.587306	0.586603	0.585438	0.584272	0.583918	0.583564	0.584686	0.585808	0.588865	0.591921	0.59409	0.596259	0.595558	0.594857	0.593064	0.591272	0.590051	0.588829	0.588312	0.587794	0.588679	0.589565	0.589843	0.590122	0.591236	0.59235	0.593518	0.594685	0.5942	0.593714	0.592273	0.590832	0.589911	0.58899	0.588753	0.588517	0.588757	0.588997	0.589426	0.589854	0.590008	0.590161	0.59008	0.589999	0.590019	0.59004	0.590274	0.590509	0.590773	0.591037	0.591289	
0.615838	0.615938	0.615688	0.615439	0.615177	0.614915	0.614655	0.614395	0.614378	0.614362	0.614298	0.614234	0.613789	0.613344	0.612515	0.611685	0.610429	0.609172	0.608433	0.607694	0.607738	0.607781	0.609973	0.612166	0.614184	0.616202	0.615843	0.615483	0.613927	0.612372	0.611889	0.611406	0.611196	0.610986	0.611869	0.612752	0.613707	0.614662	0.615652	0.616642	0.617358	0.618073	0.617376	0.616679	0.615543	0.614406	0.613921	0.613436	0.613583	0.613731	0.613945	0.614159	0.614466	0.614773	0.61473	0.614688	0.614669	0.61465	0.614753	0.614855	0.615114	0.615372	0.615555	0.615739	0.615838	
0.640387	0.640335	0.640017	0.639699	0.639474	0.639248	0.639144	0.63904	0.639237	0.639434	0.639488	0.639543	0.639111	0.63868	0.637723	0.636766	0.635419	0.634073	0.632949	0.631825	0.630789	0.629754	0.631082	0.63241	0.634277	0.636145	0.636127	0.636109	0.63479	0.633471	0.633727	0.633983	0.634081	0.634198	0.635007	0.63629	0.638606	0.639937	0.640114	0.640693	0.641138	0.64131	0.640613	0.639644	0.638812	0.63798	0.637931	0.637882	0.638413	0.638944	0.639133	0.639321	0.639506	0.639691	0.639453	0.639215	0.639258	0.639302	0.639486	0.639671	0.639953	0.640236	0.640338	0.64044	0.640388	
0.6654	0.6652	0.664893	0.664587	0.664412	0.664238	0.664264	0.664289	0.66452	0.664752	0.664838	0.664925	0.664481	0.664036	0.663038	0.662039	0.660774	0.659509	0.658473	0.657437	0.656109	0.654781	0.655115	0.655449	0.656497	0.657545	0.657658	0.657771	0.656535	0.655299	0.654874	0.65445	0.654908	0.654613	0.656047	0.658745	0.669192	0.673487	0.666962	0.664979	0.664867	0.664369	0.6635	0.662534	0.662316	0.662097	0.662304	0.662512	0.662751	0.662989	0.663164	0.663338	0.663661	0.663985	0.664165	0.664344	0.664631	0.664917	0.665153	0.665388	0.665536	0.665684	0.665641	0.665599	0.6654	
0.690412	0.690066	0.68977	0.689474	0.689351	0.689229	0.689384	0.689539	0.689804	0.690069	0.690189	0.690308	0.68985	0.689391	0.688352	0.687312	0.686129	0.684945	0.683997	0.683048	0.681429	0.679809	0.679148	0.678488	0.678717	0.678946	0.67919	0.679433	0.67828	0.677126	0.676021	0.674782	0.675331	0.676354	0.677777	0.682228	0.707788	0.736626	0.690684	0.689676	0.688848	0.686619	0.685755	0.685425	0.68582	0.686214	0.686678	0.687141	0.687088	0.687035	0.687194	0.687354	0.687816	0.688279	0.688876	0.689474	0.690003	0.690532	0.690819	0.691106	0.691119	0.691131	0.690944	0.690758	0.690412	
0.710041	0.709764	0.70957	0.709376	0.709272	0.709169	0.709307	0.709445	0.70967	0.709895	0.710072	0.710249	0.71004	0.709832	0.709145	0.708458	0.707667	0.706875	0.706294	0.705713	0.704881	0.704049	0.703767	0.703484	0.704167	0.70485	0.705014	0.705178	0.703777	0.702375	0.701812	0.700648	0.701635	0.702922	0.704621	0.707319	0.734897	0.746331	0.715264	0.717742	0.710541	0.707676	0.707144	0.706732	0.707022	0.707312	0.707615	0.707919	0.707961	0.708002	0.708121	0.708239	0.708562	0.708886	0.709221	0.709556	0.709872	0.710188	0.710372	0.710557	0.710554	0.710551	0.710434	0.710318	0.710041	
0.72967	0.729461	0.72937	0.729278	0.729194	0.729109	0.72923	0.729351	0.729535	0.72972	0.729954	0.730189	0.730231	0.730273	0.729939	0.729604	0.729205	0.728805	0.728591	0.728378	0.728334	0.728289	0.728385	0.72848	0.729617	0.730754	0.730839	0.730923	0.729274	0.727624	0.727603	0.727483	0.728285	0.728782	0.727086	0.724372	0.740079	0.75582	0.727249	0.729422	0.728075	0.728148	0.728508	0.728039	0.728224	0.728409	0.728553	0.728696	0.728833	0.72897	0.729047	0.729125	0.729309	0.729492	0.729566	0.729639	0.729741	0.729843	0.729925	0.730007	0.729988	0.72997	0.729924	0.729878	0.72967	
0.749718	0.749557	0.749573	0.749589	0.749547	0.749505	0.749669	0.749833	0.749946	0.75006	0.750226	0.750392	0.750473	0.750555	0.750533	0.750511	0.750515	0.750519	0.750682	0.750845	0.751573	0.752301	0.752866	0.75343	0.754319	0.755208	0.754991	0.754774	0.753426	0.752077	0.752166	0.75276	0.752992	0.752684	0.750766	0.747768	0.748189	0.74537	0.742928	0.744179	0.747935	0.750159	0.750877	0.750793	0.750587	0.750381	0.750154	0.749928	0.750038	0.750148	0.750221	0.750294	0.750348	0.750402	0.750266	0.750129	0.750043	0.749957	0.749963	0.749968	0.749936	0.749904	0.749891	0.749878	0.749718	
0.769766	0.769654	0.769777	0.7699	0.769901	0.769902	0.770108	0.770315	0.770357	0.770399	0.770497	0.770594	0.770716	0.770837	0.771127	0.771418	0.771825	0.772233	0.772773	0.773312	0.774813	0.776313	0.777347	0.778381	0.779021	0.779661	0.779143	0.778625	0.777577	0.77653	0.776728	0.776995	0.777043	0.776773	0.775983	0.774584	0.768946	0.767031	0.769351	0.770286	0.772321	0.774114	0.774452	0.773547	0.77295	0.772353	0.771756	0.771159	0.771242	0.771325	0.771394	0.771463	0.771388	0.771312	0.770966	0.77062	0.770346	0.770072	0.770001	0.769929	0.769884	0.769838	0.769858	0.769878	0.769766	
0.795599	0.795516	0.795694	0.795873	0.795866	0.79586	0.796001	0.796142	0.796056	0.795971	0.796008	0.796044	0.796134	0.796223	0.796529	0.796835	0.797423	0.798012	0.798771	0.799531	0.800638	0.801746	0.802162	0.802578	0.802762	0.802945	0.802785	0.802624	0.801571	0.800519	0.799901	0.799212	0.799398	0.799586	0.799596	0.798924	0.796441	0.794828	0.795155	0.795761	0.797128	0.798532	0.798995	0.799116	0.79863	0.798143	0.79758	0.797016	0.796845	0.796673	0.7967	0.796726	0.796778	0.796831	0.796712	0.796592	0.796425	0.796258	0.796117	0.795975	0.795828	0.795681	0.795681	0.795681	0.795599	
0.821431	0.821379	0.821612	0.821846	0.821832	0.821818	0.821893	0.821968	0.821756	0.821543	0.821519	0.821495	0.821552	0.821609	0.82193	0.822252	0.823021	0.823791	0.82477	0.82575	0.826464	0.827179	0.826977	0.826776	0.826502	0.826229	0.826426	0.826624	0.825565	0.824507	0.823074	0.821641	0.822151	0.822661	0.823073	0.823484	0.822218	0.820952	0.820627	0.820302	0.821976	0.82365	0.824168	0.824686	0.82431	0.823934	0.823403	0.822872	0.822447	0.822022	0.822005	0.821989	0.822169	0.822349	0.822457	0.822564	0.822504	0.822444	0.822233	0.822022	0.821773	0.821524	0.821504	0.821484	0.821431	
0.845882	0.845877	0.846117	0.846357	0.846357	0.846357	0.846362	0.846367	0.846134	0.845902	0.845848	0.845794	0.846034	0.846274	0.846985	0.847696	0.848878	0.85006	0.850907	0.851754	0.851493	0.851233	0.849769	0.848306	0.84792	0.847533	0.847724	0.847914	0.847262	0.84661	0.84643	0.84625	0.847165	0.848081	0.848121	0.84816	0.846676	0.845192	0.844319	0.843446	0.844083	0.844721	0.845739	0.846758	0.847228	0.847699	0.847707	0.847716	0.847516	0.847317	0.847275	0.847234	0.847199	0.847165	0.847018	0.846871	0.846765	0.84666	0.846466	0.846272	0.846079	0.845886	0.845886	0.845886	0.845882	
0.870332	0.870376	0.870623	0.870869	0.870882	0.870895	0.870831	0.870766	0.870513	0.87026	0.870177	0.870094	0.870517	0.87094	0.87204	0.87314	0.874734	0.876329	0.877043	0.877758	0.876522	0.875286	0.872561	0.869836	0.869337	0.868838	0.869021	0.869205	0.868959	0.868712	0.869785	0.870859	0.87218	0.873501	0.873169	0.872837	0.871134	0.869432	0.868011	0.86659	0.866191	0.865792	0.867311	0.86883	0.870146	0.871463	0.872011	0.872559	0.872585	0.872611	0.872545	0.872479	0.87223	0.871981	0.871579	0.871177	0.871026	0.870876	0.870699	0.870522	0.870385	0.870248	0.870268	0.870288	0.870332	
0.893494	0.89353	0.893752	0.893974	0.894102	0.894231	0.894277	0.894323	0.894274	0.894226	0.894301	0.894377	0.894969	0.895562	0.896661	0.89776	0.899073	0.900387	0.900501	0.900614	0.899093	0.897573	0.895204	0.892835	0.892874	0.892913	0.894177	0.895441	0.895879	0.896317	0.897388	0.898459	0.899326	0.900194	0.899683	0.899173	0.897938	0.896703	0.895178	0.893654	0.892013	0.890373	0.890808	0.891243	0.892245	0.893247	0.893952	0.894657	0.89484	0.895023	0.895298	0.895572	0.895556	0.895539	0.895252	0.894966	0.894729	0.894493	0.894234	0.893974	0.893779	0.893584	0.893521	0.893457	0.893494	
0.916655	0.916684	0.916882	0.91708	0.917323	0.917566	0.917723	0.91788	0.918036	0.918192	0.918426	0.918659	0.919422	0.920184	0.921282	0.92238	0.923413	0.924446	0.923958	0.92347	0.921665	0.91986	0.917847	0.915834	0.916411	0.916989	0.919333	0.921677	0.9228	0.923922	0.924991	0.926059	0.926473	0.926886	0.926198	0.925509	0.924742	0.923974	0.922346	0.920717	0.917835	0.914953	0.914305	0.913656	0.914344	0.915031	0.915893	0.916756	0.917096	0.917435	0.918051	0.918666	0.918882	0.919098	0.918926	0.918754	0.918432	0.91811	0.917768	0.917427	0.917173	0.91692	0.916773	0.916625	0.916655	
0.940298	0.940238	0.940357	0.940475	0.940796	0.941117	0.941417	0.941716	0.942034	0.942352	0.942658	0.942965	0.94355	0.944135	0.944846	0.945558	0.946057	0.946556	0.94562	0.944683	0.942913	0.941142	0.939961	0.938779	0.939944	0.941109	0.943597	0.946085	0.946911	0.947737	0.948218	0.948699	0.948971	0.949244	0.949013	0.948782	0.948603	0.948425	0.947557	0.946689	0.943937	0.941185	0.939567	0.937948	0.93803	0.938112	0.938838	0.939565	0.939839	0.940113	0.940662	0.941211	0.941492	0.941772	0.94188	0.941988	0.941903	0.941819	0.941614	0.94141	0.94115	0.940891	0.940625	0.940358	0.940298	
0.963942	0.963793	0.963832	0.963871	0.964269	0.964668	0.965111	0.965553	0.966032	0.966512	0.966891	0.96727	0.967678	0.968085	0.968411	0.968736	0.968702	0.968667	0.967282	0.965896	0.964161	0.962425	0.962075	0.961725	0.963477	0.965229	0.967861	0.970493	0.971022	0.971551	0.971445	0.971338	0.971469	0.971601	0.971827	0.972054	0.972465	0.972876	0.972768	0.972661	0.970039	0.967418	0.964829	0.96224	0.961717	0.961194	0.961784	0.962373	0.962582	0.962792	0.963274	0.963757	0.964102	0.964447	0.964834	0.965221	0.965375	0.965528	0.965461	0.965393	0.965128	0.964862	0.964477	0.964091	0.963942	
0.987476	0.987255	0.987246	0.987237	0.987631	0.988025	0.988595	0.989166	0.989776	0.990386	0.990788	0.991189	0.991306	0.991422	0.991182	0.990941	0.990451	0.989961	0.988728	0.987495	0.986506	0.985517	0.985974	0.98643	0.988211	0.989993	0.992105	0.994217	0.994155	0.994093	0.993547	0.993002	0.993193	0.993384	0.993869	0.994354	0.994763	0.995173	0.995634	0.996096	0.994366	0.992637	0.99031	0.987983	0.986856	0.98573	0.985734	0.985738	0.985929	0.98612	0.986596	0.987072	0.987358	0.987645	0.987998	0.98835	0.988566	0.988781	0.988838	0.988896	0.988679	0.988463	0.98808	0.987697	0.987476	
1.01101	1.01072	1.01066	1.0106	1.01099	1.01138	1.01208	1.01278	1.01352	1.01426	1.01468	1.01511	1.01493	1.01476	1.01395	1.01315	1.0122	1.01126	1.01017	1.00909	1.00885	1.00861	1.00987	1.01113	1.01295	1.01476	1.01635	1.01794	1.01729	1.01663	1.01565	1.01467	1.01492	1.01517	1.01591	1.01665	1.01706	1.01747	1.0185	1.01953	1.01869	1.01786	1.01579	1.01373	1.012	1.01027	1.00968	1.0091	1.00927	1.00945	1.00992	1.01039	1.01061	1.01084	1.01116	1.01148	1.01176	1.01203	1.01222	1.0124	1.01223	1.01206	1.01168	1.0113	1.01101	
1.03495	1.03464	1.03455	1.03446	1.0348	1.03514	1.03585	1.03656	1.03736	1.03816	1.03857	1.03897	1.03858	1.03819	1.03698	1.03577	1.03457	1.03337	1.03284	1.03231	1.03303	1.03376	1.03551	1.03726	1.03844	1.03963	1.04007	1.04051	1.03937	1.03824	1.03715	1.03607	1.03636	1.03665	1.03759	1.03853	1.03916	1.03979	1.04087	1.04194	1.04195	1.04196	1.04069	1.03943	1.03753	1.03562	1.03434	1.03305	1.0328	1.03256	1.03293	1.0333	1.03378	1.03425	1.03477	1.03529	1.03558	1.03588	1.03608	1.03628	1.03611	1.03593	1.0356	1.03526	1.03495	
1.05889	1.05856	1.05844	1.05832	1.0586	1.05889	1.05961	1.06033	1.0612	1.06206	1.06245	1.06284	1.06223	1.06162	1.06001	1.05839	1.05693	1.05547	1.0555	1.05552	1.05721	1.05891	1.06115	1.06339	1.06394	1.0645	1.06379	1.06308	1.06146	1.05984	1.05866	1.05748	1.05781	1.05813	1.05927	1.06041	1.06126	1.0621	1.06323	1.06436	1.06521	1.06606	1.0656	1.06513	1.06306	1.06098	1.05899	1.05699	1.05633	1.05567	1.05594	1.05621	1.05694	1.05766	1.05838	1.0591	1.05941	1.05972	1.05995	1.06017	1.05999	1.05981	1.05951	1.05922	1.05889	
1.08368	1.08344	1.08328	1.08312	1.08324	1.08336	1.08381	1.08426	1.08489	1.08551	1.08569	1.08587	1.08505	1.08424	1.08262	1.08099	1.07974	1.07848	1.079	1.07952	1.0815	1.08348	1.08545	1.08742	1.08727	1.08712	1.0857	1.08429	1.083	1.0817	1.081	1.0803	1.0805	1.0807	1.08156	1.08242	1.08315	1.08387	1.08474	1.08561	1.08688	1.08815	1.08862	1.08909	1.0876	1.08611	1.08402	1.08193	1.08085	1.07978	1.07969	1.0796	1.08022	1.08084	1.08168	1.08251	1.08302	1.08352	1.0839	1.08429	1.08425	1.08422	1.08407	1.08391	1.08368	
1.10846	1.10832	1.10812	1.10792	1.10787	1.10782	1.108	1.10819	1.10857	1.10896	1.10893	1.1089	1.10788	1.10686	1.10523	1.10359	1.10254	1.10148	1.1025	1.10352	1.10579	1.10806	1.10976	1.11146	1.1106	1.10974	1.10762	1.1055	1.10453	1.10357	1.10334	1.10311	1.10319	1.10327	1.10385	1.10443	1.10504	1.10564	1.10625	1.10686	1.10855	1.11025	1.11165	1.11305	1.11214	1.11124	1.10905	1.10686	1.10537	1.10388	1.10344	1.10299	1.1035	1.10401	1.10497	1.10593	1.10663	1.10732	1.10786	1.1084	1.10852	1.10864	1.10862	1.10861	1.10846	
1.13253	1.13267	1.13262	1.13257	1.13242	1.13226	1.13207	1.13189	1.13179	1.13169	1.13141	1.13114	1.13025	1.12935	1.12821	1.12707	1.1265	1.12593	1.12685	1.12778	1.12952	1.13126	1.13231	1.13335	1.13228	1.13121	1.1291	1.12699	1.12649	1.126	1.12639	1.12677	1.12697	1.12716	1.12736	1.12756	1.1277	1.12784	1.12809	1.12833	1.12984	1.13135	1.13313	1.13491	1.13492	1.13493	1.13344	1.13194	1.13066	1.12937	1.12874	1.12811	1.12825	1.12839	1.12891	1.12943	1.12987	1.1303	1.13079	1.13127	1.13158	1.1319	1.13214	1.13239	1.13253	
1.15661	1.15703	1.15713	1.15723	1.15696	1.1567	1.15614	1.15559	1.155	1.15441	1.15389	1.15338	1.15261	1.15184	1.1512	1.15056	1.15046	1.15037	1.1512	1.15204	1.15326	1.15447	1.15485	1.15523	1.15396	1.15269	1.15058	1.14847	1.14845	1.14843	1.14943	1.15043	1.15074	1.15105	1.15087	1.15069	1.15037	1.15005	1.14993	1.14981	1.15113	1.15245	1.15461	1.15677	1.1577	1.15862	1.15782	1.15702	1.15594	1.15486	1.15405	1.15323	1.153	1.15277	1.15285	1.15293	1.15311	1.15328	1.15371	1.15414	1.15465	1.15515	1.15567	1.15618	1.15661	
1.17984	1.18061	1.18096	1.18132	1.181	1.18069	1.17982	1.17896	1.17794	1.17693	1.17623	1.17554	1.17517	1.17479	1.17488	1.17497	1.17533	1.17569	1.17605	1.17641	1.17664	1.17687	1.17673	1.17658	1.17558	1.17459	1.17308	1.17157	1.17195	1.17232	1.17369	1.17506	1.17536	1.17567	1.17532	1.17497	1.17445	1.17393	1.17355	1.17316	1.17373	1.17429	1.17602	1.17775	1.17921	1.18067	1.18079	1.18091	1.18052	1.18013	1.1796	1.17906	1.17855	1.17803	1.17752	1.177	1.17662	1.17625	1.17637	1.17648	1.177	1.17752	1.1783	1.17907	1.17984	
1.20308	1.20419	1.2048	1.20541	1.20505	1.20469	1.20351	1.20232	1.20088	1.19944	1.19857	1.1977	1.19772	1.19774	1.19857	1.19939	1.2002	1.201	1.20089	1.20078	1.20003	1.19928	1.1986	1.19793	1.19721	1.19648	1.19558	1.19467	1.19544	1.19621	1.19794	1.19968	1.19999	1.2003	1.19977	1.19925	1.19853	1.19782	1.19716	1.19651	1.19632	1.19614	1.19743	1.19872	1.20072	1.20272	1.20376	1.2048	1.2051	1.20539	1.20515	1.2049	1.2041	1.2033	1.20218	1.20106	1.20014	1.19922	1.19902	1.19882	1.19936	1.19989	1.20093	1.20196	1.20308	
1.22654	1.22768	1.22828	1.22887	1.22843	1.22799	1.22664	1.2253	1.22371	1.22213	1.22126	1.22039	1.22074	1.22109	1.22231	1.22354	1.22442	1.2253	1.2248	1.2243	1.22298	1.22166	1.22086	1.22005	1.2199	1.21974	1.21978	1.21981	1.22091	1.22201	1.22336	1.22472	1.22465	1.22458	1.22426	1.22394	1.22347	1.22299	1.22229	1.22159	1.22076	1.21993	1.22035	1.22076	1.22253	1.2243	1.22574	1.22717	1.228	1.22883	1.229	1.22918	1.22854	1.2279	1.2267	1.2255	1.22435	1.2232	1.22277	1.22234	1.22281	1.22328	1.22433	1.22539	1.22654	
1.25	1.25118	1.25175	1.25233	1.25181	1.25128	1.24978	1.24827	1.24654	1.24481	1.24394	1.24308	1.24376	1.24443	1.24606	1.24769	1.24864	1.24959	1.24871	1.24783	1.24593	1.24404	1.24311	1.24218	1.24259	1.243	1.24397	1.24495	1.24638	1.2478	1.24878	1.24976	1.24931	1.24887	1.24875	1.24864	1.2484	1.24817	1.24742	1.24668	1.2452	1.24373	1.24326	1.2428	1.24434	1.24589	1.24771	1.24953	1.25089	1.25226	1.25286	1.25346	1.25298	1.25251	1.25122	1.24994	1.24857	1.24719	1.24653	1.24586	1.24626	1.24666	1.24774	1.24882	1.25	
1.27342	1.27414	1.27442	1.27469	1.27417	1.27366	1.2724	1.27114	1.26982	1.2685	1.26792	1.26735	1.26808	1.26881	1.2702	1.2716	1.27221	1.27281	1.27191	1.27101	1.26931	1.26761	1.26678	1.26596	1.26659	1.26723	1.26868	1.27012	1.27147	1.27283	1.27318	1.27352	1.27295	1.27238	1.27259	1.2728	1.27276	1.27271	1.27205	1.27138	1.26992	1.26846	1.26767	1.26688	1.26802	1.26916	1.2708	1.27243	1.27376	1.27509	1.27575	1.27642	1.2762	1.27598	1.27509	1.2742	1.27315	1.27209	1.27154	1.27098	1.27118	1.27138	1.27204	1.27269	1.27342	
1.29684	1.29711	1.29708	1.29704	1.29654	1.29604	1.29503	1.29401	1.2931	1.29219	1.2919	1.29162	1.2924	1.29318	1.29434	1.2955	1.29577	1.29603	1.29511	1.29419	1.29268	1.29117	1.29046	1.28974	1.2906	1.29146	1.29338	1.2953	1.29657	1.29785	1.29757	1.29729	1.29659	1.29589	1.29643	1.29696	1.29711	1.29725	1.29667	1.29609	1.29464	1.2932	1.29208	1.29097	1.2917	1.29244	1.29388	1.29533	1.29662	1.29791	1.29865	1.29939	1.29942	1.29945	1.29896	1.29846	1.29773	1.29699	1.29655	1.2961	1.2961	1.29611	1.29634	1.29657	1.29684	
1.31963	1.31931	1.31895	1.31859	1.31831	1.31803	1.31766	1.3173	1.31717	1.31705	1.31709	1.31714	1.3176	1.31806	1.31844	1.31882	1.31866	1.31851	1.31799	1.31748	1.3168	1.31613	1.3158	1.31548	1.31604	1.31661	1.31799	1.31937	1.32013	1.32088	1.32038	1.31988	1.31951	1.31915	1.31964	1.32012	1.32025	1.32037	1.3201	1.31983	1.31898	1.31813	1.3172	1.31628	1.31677	1.31725	1.31833	1.31941	1.32028	1.32115	1.32157	1.32198	1.32205	1.32213	1.32213	1.32214	1.32195	1.32175	1.32152	1.32128	1.32099	1.32069	1.32032	1.31996	1.31963	
1.34243	1.34151	1.34082	1.34013	1.34007	1.34001	1.3403	1.34058	1.34124	1.3419	1.34229	1.34267	1.34281	1.34295	1.34254	1.34213	1.34156	1.34098	1.34087	1.34076	1.34092	1.34109	1.34115	1.34122	1.34149	1.34176	1.3426	1.34344	1.34368	1.34392	1.34319	1.34247	1.34244	1.3424	1.34284	1.34328	1.34338	1.34349	1.34353	1.34357	1.34332	1.34306	1.34233	1.34159	1.34183	1.34207	1.34279	1.3435	1.34395	1.3444	1.34449	1.34458	1.34469	1.3448	1.34531	1.34582	1.34617	1.34651	1.34649	1.34647	1.34587	1.34527	1.34431	1.34335	1.34243	
1.36508	1.36381	1.363	1.3622	1.36238	1.36257	1.36339	1.36422	1.36542	1.36662	1.36715	1.36767	1.36733	1.36698	1.3659	1.36482	1.36404	1.36326	1.3637	1.36413	1.36521	1.36628	1.36685	1.36742	1.36733	1.36724	1.36711	1.36699	1.36664	1.3663	1.36565	1.36501	1.36546	1.36591	1.36592	1.36594	1.36581	1.36569	1.36633	1.36697	1.36752	1.36806	1.36754	1.36701	1.36695	1.36689	1.36717	1.36745	1.36754	1.36762	1.36745	1.36728	1.36737	1.36745	1.36825	1.36904	1.36971	1.37038	1.37049	1.3706	1.3698	1.369	1.36767	1.36634	1.36508	
1.38773	1.38611	1.38519	1.38426	1.3847	1.38513	1.38649	1.38785	1.3896	1.39135	1.39201	1.39267	1.39184	1.39102	1.38926	1.3875	1.38652	1.38555	1.38653	1.38751	1.38949	1.39147	1.39255	1.39363	1.39317	1.39271	1.39162	1.39053	1.3896	1.38868	1.38811	1.38755	1.38848	1.38941	1.389	1.38859	1.38824	1.38789	1.38913	1.39037	1.39172	1.39306	1.39275	1.39243	1.39207	1.39171	1.39155	1.3914	1.39112	1.39085	1.39042	1.38999	1.39004	1.3901	1.39118	1.39226	1.39325	1.39424	1.39449	1.39474	1.39373	1.39273	1.39104	1.38934	1.38773	
1.41116	1.4096	1.40875	1.4079	1.40841	1.40893	1.41031	1.41168	1.41335	1.41502	1.4156	1.41618	1.41526	1.41434	1.41259	1.41083	1.40995	1.40907	1.41023	1.4114	1.41347	1.41554	1.41665	1.41776	1.4171	1.41643	1.41495	1.41347	1.41241	1.41135	1.41114	1.41092	1.41215	1.41338	1.41261	1.41185	1.41114	1.41043	1.41189	1.41334	1.41513	1.41692	1.41679	1.41666	1.41615	1.41563	1.41522	1.4148	1.41437	1.41394	1.41351	1.41309	1.41316	1.41323	1.41427	1.41531	1.41631	1.41732	1.41758	1.41785	1.41693	1.41601	1.41436	1.41271	1.41116	
1.43459	1.43309	1.43231	1.43154	1.43213	1.43272	1.43412	1.43552	1.4371	1.43869	1.43919	1.4397	1.43868	1.43767	1.43592	1.43417	1.43338	1.43258	1.43394	1.4353	1.43745	1.43961	1.44075	1.44189	1.44102	1.44016	1.43828	1.4364	1.43521	1.43402	1.43416	1.4343	1.43582	1.43735	1.43623	1.4351	1.43404	1.43297	1.43465	1.43632	1.43854	1.44077	1.44083	1.44089	1.44023	1.43956	1.43888	1.4382	1.43761	1.43702	1.43661	1.43619	1.43628	1.43637	1.43736	1.43836	1.43938	1.44039	1.44067	1.44095	1.44012	1.43929	1.43769	1.43608	1.43459	
1.4588	1.45775	1.45721	1.45668	1.45712	1.45756	1.45854	1.45952	1.4606	1.46169	1.46203	1.46238	1.46166	1.46095	1.45973	1.45852	1.45798	1.45745	1.45842	1.4594	1.4609	1.4624	1.46318	1.46396	1.46328	1.46261	1.46121	1.45982	1.45897	1.45813	1.45834	1.45855	1.45974	1.46092	1.46004	1.45915	1.45826	1.45736	1.45856	1.45975	1.46145	1.46315	1.46325	1.46336	1.46288	1.4624	1.46187	1.46134	1.4609	1.46047	1.46018	1.4599	1.45996	1.46002	1.46072	1.46141	1.46214	1.46287	1.46307	1.46327	1.46269	1.46211	1.46098	1.45985	1.4588	
1.48302	1.48241	1.48211	1.48182	1.48211	1.4824	1.48296	1.48351	1.4841	1.48469	1.48488	1.48506	1.48464	1.48422	1.48354	1.48286	1.48259	1.48231	1.48291	1.4835	1.48435	1.48519	1.48561	1.48602	1.48554	1.48505	1.48415	1.48324	1.48274	1.48223	1.48252	1.48281	1.48365	1.4845	1.48385	1.4832	1.48247	1.48175	1.48247	1.48319	1.48436	1.48553	1.48568	1.48583	1.48554	1.48524	1.48486	1.48447	1.48419	1.48391	1.48376	1.48361	1.48364	1.48368	1.48407	1.48446	1.4849	1.48535	1.48546	1.48558	1.48526	1.48494	1.48428	1.48362	1.48302	
1.50751	1.50751	1.50751	1.50751	1.50751	1.50751	1.50751	1.50751	1.50751	1.50751	1.50751	1.50751	1.50751	1.50751	1.50751	1.50751	1.50751	1.50751	1.50751	1.50751	1.50751	1.50751	1.50751	1.50751	1.50751	1.50751	1.50751	1.50751	1.50751	1.50751	1.50751	1.50751	1.50751	1.50751	1.50751	1.50751	1.50751	1.50751	1.50751	1.50751	1.50751	1.50751	1.50751	1.50751	1.50751	1.50751	1.50751	1.50751	1.50751	1.50751	1.50751	1.50751	1.50751	1.50751	1.50751	1.50751	1.50751	1.50751	1.50751	1.50751	1.50751	1.50751	1.50751	1.50751	1.50751	
