x=90	y=200	z=200	n=65	len=1
b
0	0	0	0	0	0	0	0	0	0	0	0	0	0	0	0	0	0	0	0	0	0	0	0	0	0	0	0	0	0	0	0	0	0	0	0	0	0	0	0	0	0	0	0	0	0	0	0	0	0	0	0	0	0	0	0	0	0	0	0	0	0	0	0	0	
0.023291	0.024019	0.0247871	0.0255551	0.0260057	0.0264562	0.0263839	0.0263116	0.0255159	0.0247202	0.0235997	0.0224792	0.0219097	0.0213402	0.0218402	0.0223402	0.023597	0.0248538	0.0253262	0.0257985	0.0248785	0.0239586	0.0229809	0.0220033	0.0222816	0.0225599	0.0239132	0.0252665	0.0255535	0.0258404	0.0252138	0.0245872	0.0242359	0.0238846	0.0231404	0.0223962	0.0224037	0.0224112	0.0228661	0.0233211	0.023353	0.0233848	0.0232601	0.0231353	0.0229527	0.0227701	0.0233065	0.023843	0.0246397	0.0254365	0.025768	0.0260995	0.0256665	0.0252335	0.0243719	0.0235103	0.022811	0.0221117	0.0218433	0.0215748	0.0216653	0.0217558	0.0221594	0.0225631	0.023291	
0.0468983	0.0480791	0.0492475	0.0504158	0.0510832	0.0517506	0.0516057	0.0514607	0.050218	0.0489752	0.0471855	0.0453958	0.0444088	0.0434218	0.0441964	0.0449709	0.0469702	0.0489694	0.0497922	0.0506149	0.0492499	0.0478849	0.0462585	0.0446322	0.0449977	0.0453632	0.0474683	0.0495734	0.0500487	0.050524	0.0495564	0.0485887	0.0479753	0.047362	0.0461395	0.0449171	0.0450783	0.0452395	0.0461814	0.0471233	0.0471185	0.0471137	0.0468578	0.046602	0.0462972	0.0459924	0.0468506	0.047709	0.0489221	0.0501353	0.0505626	0.0509898	0.0502366	0.0494834	0.0481056	0.0467278	0.0456307	0.0445336	0.0441084	0.0436833	0.0439264	0.0441695	0.0449435	0.0457175	0.0468982	
0.0705056	0.0721392	0.0737078	0.0752765	0.0761608	0.077045	0.0768274	0.0766098	0.07492	0.0732302	0.0707713	0.0683124	0.0669079	0.0655034	0.0665525	0.0676017	0.0703433	0.073085	0.0742582	0.0754314	0.0736213	0.0718112	0.0695361	0.0672611	0.0677137	0.0681665	0.0710234	0.0738803	0.074544	0.0752077	0.0738989	0.0725901	0.0717147	0.0708394	0.0691387	0.067438	0.0677528	0.0680678	0.0694966	0.0709255	0.070884	0.0708426	0.0704556	0.0700686	0.0696416	0.0692147	0.0703947	0.0715749	0.0732045	0.0748341	0.0753571	0.0758801	0.0748068	0.0737334	0.0718394	0.0699453	0.0684504	0.0669554	0.0663736	0.0657919	0.0661875	0.0665832	0.0677275	0.068872	0.0705055	
0.0943946	0.0959892	0.0974279	0.0988667	0.0996462	0.100426	0.100159	0.0998932	0.0983466	0.0968	0.0945585	0.0923171	0.0909705	0.089624	0.0904967	0.0913694	0.0938095	0.0962496	0.097354	0.0984583	0.0970385	0.0956187	0.093599	0.0915793	0.0918783	0.0921774	0.0946004	0.0970234	0.0975363	0.0980491	0.0968642	0.0956792	0.0948643	0.0940494	0.0923755	0.0907015	0.0910829	0.0914643	0.0932308	0.0949973	0.0948903	0.0947832	0.0943717	0.0939602	0.0936008	0.0932414	0.0943085	0.0953756	0.0967475	0.0981194	0.0983782	0.0986369	0.0975008	0.0963648	0.0945909	0.092817	0.0914762	0.0901354	0.0896791	0.0892227	0.0897518	0.0902809	0.0915404	0.0928	0.0943945	
0.118284	0.119839	0.121148	0.122457	0.123132	0.123806	0.123491	0.123176	0.121773	0.12037	0.118346	0.116322	0.115033	0.113745	0.114441	0.115137	0.117276	0.119414	0.12045	0.121485	0.120456	0.119426	0.117662	0.115898	0.116043	0.116188	0.118177	0.120167	0.120529	0.120891	0.119829	0.118768	0.118014	0.11726	0.115612	0.113965	0.114413	0.114861	0.116965	0.119069	0.118897	0.118724	0.118288	0.117852	0.11756	0.117268	0.118222	0.119176	0.12029	0.121405	0.121399	0.121394	0.120195	0.118996	0.117342	0.115689	0.114502	0.113315	0.112985	0.112654	0.113316	0.113979	0.115353	0.116728	0.118284	
0.142016	0.143265	0.144247	0.145229	0.145667	0.146105	0.145828	0.145551	0.144686	0.143821	0.142606	0.141392	0.140553	0.139715	0.139889	0.140063	0.141124	0.142185	0.142796	0.143406	0.143094	0.142782	0.142064	0.141346	0.141368	0.14139	0.142299	0.143208	0.143079	0.14295	0.142284	0.141618	0.14127	0.140922	0.139631	0.138341	0.13848	0.13862	0.14051	0.1424	0.142338	0.142276	0.142076	0.141877	0.141759	0.141642	0.142156	0.14267	0.143134	0.143597	0.143272	0.142946	0.141991	0.141036	0.139892	0.138749	0.138001	0.137253	0.13719	0.137127	0.137756	0.138385	0.139577	0.140768	0.142016	
0.165749	0.166691	0.167346	0.168	0.168202	0.168405	0.168165	0.167926	0.167599	0.167272	0.166867	0.166462	0.166074	0.165685	0.165337	0.164989	0.164972	0.164956	0.165142	0.165327	0.165732	0.166137	0.166466	0.166795	0.166693	0.166591	0.166421	0.16625	0.165629	0.165009	0.164738	0.164467	0.164526	0.164585	0.16365	0.162716	0.162548	0.16238	0.164055	0.165731	0.165779	0.165827	0.165864	0.165901	0.165959	0.166016	0.16609	0.166164	0.165977	0.16579	0.165144	0.164498	0.163787	0.163076	0.162442	0.161809	0.161499	0.16119	0.161396	0.161601	0.162197	0.162792	0.1638	0.164808	0.165749	
0.189191	0.189798	0.190159	0.19052	0.190578	0.190636	0.190578	0.19052	0.19076	0.191	0.191296	0.191591	0.191591	0.191591	0.190816	0.190042	0.189007	0.187973	0.187548	0.187123	0.187978	0.188833	0.189996	0.191159	0.191203	0.191247	0.190493	0.18974	0.188626	0.187511	0.187488	0.187465	0.188016	0.188567	0.188084	0.187602	0.187159	0.186717	0.187633	0.188549	0.188882	0.189214	0.189563	0.189912	0.18995	0.189988	0.189588	0.189188	0.188509	0.18783	0.187109	0.186388	0.18606	0.185732	0.185619	0.185505	0.185529	0.185553	0.185856	0.18616	0.186622	0.187085	0.187834	0.188584	0.189191	
0.212633	0.212906	0.212973	0.21304	0.212954	0.212867	0.212991	0.213115	0.213921	0.214728	0.215725	0.216721	0.217109	0.217497	0.216296	0.215095	0.213042	0.210989	0.209954	0.208919	0.210224	0.211528	0.213526	0.215524	0.215713	0.215902	0.214566	0.21323	0.211622	0.210014	0.210239	0.210464	0.211506	0.212549	0.212518	0.212487	0.211771	0.211054	0.211211	0.211368	0.211984	0.2126	0.213261	0.213922	0.213941	0.21396	0.213086	0.212212	0.211041	0.20987	0.209074	0.208278	0.208334	0.208389	0.208795	0.209201	0.209559	0.209916	0.210317	0.210718	0.211048	0.211378	0.211869	0.21236	0.212633	
0.236131	0.236073	0.235894	0.235715	0.235557	0.235399	0.235703	0.236006	0.237067	0.238127	0.239396	0.240665	0.241273	0.241881	0.240699	0.239518	0.237186	0.234854	0.233394	0.231933	0.232988	0.234042	0.236066	0.23809	0.238392	0.238695	0.237765	0.236834	0.235313	0.233792	0.234049	0.234306	0.235476	0.236646	0.236814	0.236981	0.236185	0.235389	0.234811	0.234233	0.235111	0.235988	0.236903	0.237818	0.237563	0.237308	0.236116	0.234924	0.233635	0.232345	0.231753	0.23116	0.231558	0.231956	0.232676	0.233397	0.233979	0.234561	0.235008	0.235454	0.235656	0.235857	0.236023	0.23619	0.236131	
0.25963	0.25924	0.258815	0.25839	0.258161	0.257932	0.258415	0.258898	0.260212	0.261526	0.263068	0.264609	0.265437	0.266265	0.265103	0.263941	0.26133	0.258719	0.256833	0.254948	0.255752	0.256556	0.258606	0.260655	0.261071	0.261487	0.260963	0.260439	0.259004	0.25757	0.257859	0.258149	0.259447	0.260744	0.26111	0.261475	0.260599	0.259724	0.258411	0.257098	0.258237	0.259376	0.260545	0.261713	0.261185	0.260657	0.259147	0.257637	0.256229	0.25482	0.254431	0.254042	0.254783	0.255524	0.256558	0.257593	0.2584	0.259207	0.259699	0.26019	0.260263	0.260335	0.260178	0.26002	0.25963	
0.283518	0.28286	0.282248	0.281636	0.281299	0.280962	0.281409	0.281855	0.283054	0.284253	0.285706	0.28716	0.288067	0.288974	0.28824	0.287506	0.285456	0.283406	0.281685	0.279964	0.280207	0.280451	0.281734	0.283017	0.283166	0.283315	0.283284	0.283253	0.282593	0.281933	0.282364	0.282796	0.283646	0.284496	0.284571	0.284646	0.283642	0.282637	0.281603	0.280568	0.281862	0.283155	0.284236	0.285317	0.284412	0.283508	0.281877	0.280246	0.279019	0.277793	0.277743	0.277693	0.278646	0.279599	0.280809	0.282019	0.282998	0.283978	0.284477	0.284977	0.284956	0.284936	0.284556	0.284177	0.283518	
0.307407	0.30648	0.305681	0.304882	0.304437	0.303992	0.304403	0.304813	0.305896	0.30698	0.308345	0.30971	0.310696	0.311683	0.311377	0.311072	0.309583	0.308094	0.306538	0.304981	0.304663	0.304345	0.304861	0.305378	0.30526	0.305142	0.305604	0.306066	0.306181	0.306295	0.306869	0.307443	0.307846	0.308249	0.308033	0.307816	0.306684	0.305551	0.304795	0.304039	0.305486	0.306934	0.307927	0.30892	0.30764	0.30636	0.304607	0.302854	0.30181	0.300766	0.301055	0.301344	0.302509	0.303674	0.30506	0.306445	0.307597	0.308749	0.309256	0.309764	0.30965	0.309536	0.308935	0.308334	0.307407	
0.330862	0.329951	0.329204	0.328458	0.328017	0.327577	0.32788	0.328183	0.328968	0.329754	0.330735	0.331717	0.332538	0.333359	0.333489	0.333619	0.33307	0.332522	0.331716	0.330909	0.330529	0.33015	0.329778	0.329406	0.32863	0.327854	0.328226	0.328599	0.329163	0.329727	0.330317	0.330906	0.330894	0.330882	0.330407	0.329932	0.329347	0.328762	0.329111	0.329459	0.33042	0.331381	0.331505	0.331629	0.330075	0.32852	0.327078	0.325636	0.325074	0.324513	0.325151	0.325788	0.327033	0.328279	0.329557	0.330834	0.331799	0.332763	0.3331	0.333436	0.333231	0.333026	0.332399	0.331772	0.330862	
0.354316	0.353422	0.352728	0.352033	0.351597	0.351161	0.351357	0.351552	0.35204	0.352528	0.353126	0.353724	0.35438	0.355036	0.355601	0.356166	0.356558	0.356949	0.356893	0.356837	0.356396	0.355955	0.354694	0.353434	0.352	0.350566	0.350848	0.351131	0.352145	0.353159	0.353764	0.354369	0.353942	0.353515	0.352781	0.352048	0.352011	0.351974	0.353427	0.35488	0.355354	0.355828	0.355083	0.354339	0.352509	0.35068	0.349549	0.348417	0.348339	0.34826	0.349246	0.350232	0.351558	0.352884	0.354053	0.355223	0.356	0.356778	0.356943	0.357108	0.356812	0.356516	0.355863	0.355211	0.354317	
0.376817	0.376168	0.375761	0.375354	0.375156	0.374958	0.375174	0.37539	0.375681	0.375972	0.376201	0.376429	0.376746	0.377062	0.377621	0.37818	0.379171	0.380161	0.380848	0.381535	0.381538	0.381541	0.379922	0.378303	0.376308	0.374313	0.374082	0.373851	0.37501	0.37617	0.376616	0.377062	0.376473	0.375884	0.375395	0.374906	0.375816	0.376727	0.378446	0.380165	0.379613	0.37906	0.37767	0.376279	0.374773	0.373268	0.372866	0.372464	0.372956	0.373448	0.374511	0.375575	0.376541	0.377507	0.378178	0.37885	0.379167	0.379483	0.379399	0.379315	0.378941	0.378567	0.378016	0.377466	0.376817	
0.399317	0.398913	0.398794	0.398675	0.398715	0.398756	0.398991	0.399227	0.399321	0.399415	0.399275	0.399135	0.399112	0.399089	0.399641	0.400194	0.401784	0.403374	0.404803	0.406233	0.40668	0.407127	0.405149	0.403171	0.400616	0.39806	0.397315	0.39657	0.397875	0.39918	0.399468	0.399755	0.399004	0.398253	0.398008	0.397763	0.399622	0.401481	0.403466	0.40545	0.403872	0.402293	0.400256	0.398218	0.397037	0.395855	0.396183	0.39651	0.397573	0.398636	0.399777	0.400917	0.401523	0.402129	0.402304	0.402478	0.402333	0.402189	0.401855	0.401522	0.40107	0.400618	0.40017	0.399721	0.399317	
0.422482	0.422262	0.422253	0.422243	0.422351	0.422459	0.42261	0.422762	0.422724	0.422686	0.422348	0.422009	0.421763	0.421517	0.421856	0.422194	0.423608	0.425022	0.426738	0.428453	0.429595	0.430737	0.429364	0.427991	0.425473	0.422956	0.421809	0.420663	0.421715	0.422767	0.423005	0.423243	0.422514	0.421785	0.421781	0.421777	0.423605	0.425433	0.426789	0.428144	0.426284	0.424424	0.422464	0.420504	0.42012	0.419735	0.420681	0.421627	0.422743	0.423859	0.424593	0.425327	0.425446	0.425565	0.425413	0.42526	0.424939	0.424617	0.4243	0.423982	0.423632	0.423282	0.422991	0.422701	0.422482	
0.445646	0.445612	0.445712	0.445812	0.445988	0.446163	0.44623	0.446296	0.446127	0.445957	0.445421	0.444884	0.444415	0.443946	0.44407	0.444194	0.445432	0.44667	0.448672	0.450673	0.45251	0.454347	0.453578	0.45281	0.450331	0.447851	0.446304	0.444756	0.445555	0.446354	0.446543	0.446732	0.446025	0.445318	0.445555	0.445792	0.447588	0.449385	0.450112	0.450838	0.448696	0.446554	0.444672	0.44279	0.443203	0.443615	0.445179	0.446743	0.447912	0.449081	0.449409	0.449736	0.449369	0.449001	0.448522	0.448043	0.447544	0.447045	0.446744	0.446443	0.446195	0.445946	0.445813	0.44568	0.445646	
0.470462	0.47048	0.470523	0.470567	0.470593	0.470619	0.470417	0.470215	0.469776	0.469337	0.468605	0.467873	0.46722	0.466567	0.466422	0.466277	0.467077	0.467878	0.469634	0.47139	0.473907	0.476424	0.476988	0.477552	0.475385	0.473217	0.471446	0.469674	0.4698	0.469925	0.470116	0.470306	0.470324	0.470342	0.470738	0.471135	0.471773	0.472411	0.472082	0.471753	0.470294	0.468834	0.467528	0.466223	0.467148	0.468074	0.469645	0.471215	0.472052	0.472889	0.472987	0.473085	0.472689	0.472292	0.471965	0.471639	0.471329	0.471019	0.470878	0.470738	0.47062	0.470502	0.470472	0.470443	0.470462	
0.495277	0.495348	0.495335	0.495321	0.495198	0.495075	0.494604	0.494134	0.493426	0.492717	0.49179	0.490863	0.490025	0.489188	0.488774	0.488359	0.488723	0.489087	0.490597	0.492107	0.495304	0.498502	0.500398	0.502294	0.500439	0.498584	0.496588	0.494593	0.494045	0.493497	0.493688	0.49388	0.494623	0.495366	0.495922	0.496478	0.495958	0.495437	0.494053	0.492669	0.491891	0.491113	0.490384	0.489655	0.491094	0.492533	0.49411	0.495688	0.496193	0.496697	0.496566	0.496434	0.496009	0.495583	0.495409	0.495234	0.495114	0.494994	0.495013	0.495033	0.495045	0.495057	0.495132	0.495206	0.495277	
0.518957	0.519077	0.519138	0.519199	0.519163	0.519126	0.518788	0.51845	0.517851	0.517252	0.516404	0.515555	0.514714	0.513872	0.513265	0.512658	0.512484	0.512309	0.513056	0.513802	0.51679	0.519778	0.522875	0.525971	0.525111	0.524252	0.522054	0.519856	0.519202	0.518548	0.518579	0.51861	0.519451	0.520293	0.520433	0.520573	0.518985	0.517396	0.515842	0.514287	0.514244	0.514202	0.514422	0.514643	0.51635	0.518057	0.519311	0.520566	0.520726	0.520887	0.520673	0.520459	0.520055	0.519652	0.519413	0.519175	0.518975	0.518776	0.518718	0.518661	0.518659	0.518658	0.518748	0.518837	0.518957	
0.542636	0.542805	0.542941	0.543077	0.543127	0.543178	0.542972	0.542767	0.542277	0.541787	0.541017	0.540248	0.539402	0.538556	0.537757	0.536957	0.536244	0.535531	0.535514	0.535497	0.538276	0.541055	0.545352	0.549648	0.549784	0.54992	0.54752	0.54512	0.544359	0.543599	0.543469	0.54334	0.54428	0.545219	0.544944	0.544668	0.542012	0.539355	0.53763	0.535905	0.536598	0.537291	0.53846	0.53963	0.541605	0.54358	0.544512	0.545444	0.54526	0.545076	0.54478	0.544484	0.544102	0.543721	0.543418	0.543115	0.542837	0.542558	0.542423	0.542289	0.542274	0.542259	0.542364	0.542468	0.542636	
0.565031	0.565235	0.56542	0.565606	0.565715	0.565825	0.565782	0.56574	0.565577	0.565414	0.565138	0.564862	0.564479	0.564097	0.563545	0.562993	0.56206	0.561126	0.560286	0.559446	0.561161	0.562877	0.567696	0.572515	0.574234	0.575953	0.574279	0.572604	0.572135	0.571667	0.571637	0.571607	0.571413	0.57122	0.569924	0.568628	0.566208	0.563788	0.562443	0.561098	0.562117	0.563136	0.564598	0.566059	0.567629	0.5692	0.569588	0.569976	0.569426	0.568877	0.568327	0.567776	0.567229	0.566682	0.566206	0.565731	0.565356	0.564982	0.564796	0.56461	0.56458	0.564551	0.564689	0.564827	0.565031	
0.587425	0.587664	0.5879	0.588135	0.588304	0.588472	0.588592	0.588713	0.588877	0.589042	0.589259	0.589476	0.589556	0.589637	0.589333	0.58903	0.587875	0.586721	0.585058	0.583395	0.584046	0.584698	0.59004	0.595382	0.598684	0.601987	0.601037	0.600087	0.599911	0.599735	0.599804	0.599874	0.598547	0.597221	0.594905	0.592589	0.590405	0.588221	0.587256	0.58629	0.587636	0.588982	0.590735	0.592487	0.593654	0.59482	0.594664	0.594507	0.593592	0.592677	0.591873	0.591069	0.590356	0.589643	0.588994	0.588346	0.587876	0.587406	0.587169	0.586931	0.586887	0.586842	0.587014	0.587187	0.587425	
0.612489	0.612671	0.61279	0.612909	0.612907	0.612906	0.612861	0.612816	0.61279	0.612765	0.612929	0.613093	0.613283	0.613474	0.613576	0.613679	0.613134	0.612588	0.61095	0.609312	0.608884	0.608455	0.611523	0.614591	0.617667	0.620743	0.620149	0.619556	0.619507	0.619459	0.619764	0.620069	0.619288	0.618507	0.616379	0.614251	0.611231	0.608211	0.607759	0.607307	0.610022	0.612738	0.614725	0.616712	0.61805	0.619388	0.618853	0.618319	0.617055	0.615791	0.615128	0.614464	0.613944	0.613423	0.613035	0.612647	0.612345	0.612042	0.611953	0.611864	0.611893	0.611922	0.612115	0.612307	0.612489	
0.637552	0.637677	0.63768	0.637683	0.637511	0.63734	0.637129	0.636919	0.636704	0.636488	0.636599	0.636709	0.63701	0.637311	0.63782	0.638329	0.638392	0.638456	0.636843	0.63523	0.633721	0.632213	0.633006	0.6338	0.636649	0.639499	0.639262	0.639024	0.639103	0.639183	0.639724	0.640265	0.640029	0.639794	0.637854	0.635914	0.632057	0.628201	0.628262	0.628323	0.632408	0.636494	0.638715	0.640936	0.642446	0.643956	0.643043	0.64213	0.640518	0.638905	0.638382	0.637859	0.637531	0.637204	0.637075	0.636947	0.636813	0.636678	0.636738	0.636797	0.636899	0.637002	0.637215	0.637428	0.637552	
0.662972	0.663077	0.663041	0.663005	0.662858	0.662712	0.662482	0.662251	0.662027	0.661802	0.661775	0.661748	0.661873	0.661999	0.662384	0.662769	0.663085	0.6634	0.662144	0.660888	0.658689	0.656491	0.65604	0.65559	0.65662	0.657649	0.656431	0.655213	0.654963	0.654713	0.654929	0.655144	0.654681	0.654217	0.652943	0.65167	0.647922	0.644173	0.648863	0.653554	0.658291	0.663028	0.665547	0.668067	0.669556	0.671046	0.668724	0.666402	0.664994	0.663587	0.663354	0.66312	0.66287	0.662619	0.662551	0.662482	0.662372	0.662263	0.662318	0.662373	0.662464	0.662556	0.662712	0.662867	0.662972	
0.688392	0.688477	0.688402	0.688326	0.688205	0.688084	0.687834	0.687584	0.68735	0.687116	0.686951	0.686786	0.686736	0.686687	0.686948	0.687209	0.687777	0.688345	0.687445	0.686546	0.683657	0.680769	0.679075	0.677381	0.67659	0.675798	0.6736	0.671401	0.670822	0.670821	0.669713	0.670699	0.670576	0.669295	0.668617	0.667758	0.666707	0.660145	0.669464	0.678784	0.684173	0.689561	0.692379	0.695197	0.696667	0.698137	0.694405	0.690673	0.689471	0.688269	0.688325	0.688382	0.688208	0.688035	0.688026	0.688017	0.687932	0.687847	0.687898	0.687948	0.68803	0.688111	0.688209	0.688307	0.688392	
0.708998	0.709084	0.709043	0.709002	0.70895	0.708898	0.708743	0.708589	0.708475	0.70836	0.708253	0.708146	0.708112	0.708077	0.708154	0.708231	0.708137	0.708042	0.707096	0.706151	0.705222	0.704294	0.705643	0.706992	0.706379	0.705766	0.704533	0.7033	0.703884	0.701729	0.699921	0.698758	0.697275	0.696417	0.69597	0.696458	0.695926	0.692159	0.699616	0.707073	0.709874	0.712674	0.713841	0.715008	0.714937	0.714866	0.712364	0.709861	0.709487	0.709113	0.709115	0.709117	0.708996	0.708875	0.708811	0.708748	0.708685	0.708622	0.708629	0.708636	0.708707	0.708778	0.708845	0.708912	0.708998	
0.729604	0.72969	0.729684	0.729677	0.729695	0.729712	0.729653	0.729594	0.7296	0.729605	0.729555	0.729506	0.729487	0.729468	0.729361	0.729253	0.728496	0.72774	0.726747	0.725755	0.726788	0.72782	0.732212	0.736603	0.736169	0.735734	0.735467	0.7352	0.736946	0.739153	0.738633	0.736822	0.735815	0.735486	0.735276	0.736097	0.732122	0.724174	0.729768	0.735362	0.735575	0.735787	0.735303	0.73482	0.733208	0.731596	0.730322	0.729048	0.729502	0.729956	0.729905	0.729853	0.729784	0.729715	0.729597	0.729478	0.729437	0.729396	0.729359	0.729323	0.729384	0.729445	0.729481	0.729517	0.729604	
0.750865	0.750954	0.750976	0.750999	0.751046	0.751093	0.751072	0.75105	0.751094	0.751137	0.751117	0.751096	0.751107	0.751118	0.750935	0.750753	0.750121	0.74949	0.749136	0.748783	0.750193	0.751604	0.755091	0.758578	0.758681	0.758784	0.759258	0.759732	0.760806	0.766263	0.768434	0.769591	0.770521	0.770796	0.770694	0.769811	0.764756	0.759077	0.760269	0.761461	0.757387	0.753314	0.752058	0.750803	0.749882	0.748961	0.749077	0.749193	0.750095	0.750997	0.750901	0.750806	0.750773	0.75074	0.750645	0.75055	0.750549	0.750548	0.750541	0.750533	0.750605	0.750677	0.750727	0.750776	0.750865	
0.772126	0.772218	0.772269	0.77232	0.772397	0.772475	0.77249	0.772506	0.772588	0.77267	0.772678	0.772686	0.772727	0.772768	0.77251	0.772252	0.771746	0.77124	0.771526	0.771811	0.773599	0.775387	0.77797	0.780552	0.781193	0.781835	0.783049	0.784264	0.784665	0.784732	0.787004	0.788493	0.789006	0.790181	0.792389	0.793206	0.791284	0.793981	0.79077	0.787559	0.7792	0.770841	0.768813	0.766786	0.766556	0.766326	0.767832	0.769338	0.770688	0.772037	0.771898	0.771758	0.771762	0.771765	0.771694	0.771622	0.771661	0.7717	0.771722	0.771743	0.771827	0.77191	0.771973	0.772035	0.772126	
0.797602	0.797633	0.797663	0.797692	0.797739	0.797785	0.797806	0.797827	0.797848	0.797869	0.797814	0.797759	0.797647	0.797534	0.797312	0.79709	0.796946	0.796802	0.797691	0.79858	0.800929	0.803278	0.805176	0.807075	0.805885	0.804695	0.803026	0.801356	0.800215	0.798597	0.800304	0.801748	0.801526	0.802137	0.805779	0.809502	0.810701	0.811899	0.810454	0.80901	0.803356	0.797703	0.795483	0.793263	0.793009	0.792756	0.793941	0.795125	0.796199	0.797272	0.797365	0.797458	0.797505	0.797552	0.797532	0.797512	0.797514	0.797515	0.797515	0.797515	0.797532	0.79755	0.79756	0.79757	0.797602	
0.823077	0.823049	0.823057	0.823064	0.82308	0.823097	0.823123	0.823149	0.823109	0.823068	0.822951	0.822833	0.822567	0.822301	0.822115	0.821928	0.822146	0.822364	0.823856	0.825348	0.828258	0.831169	0.832383	0.833598	0.830577	0.827556	0.823002	0.818448	0.815765	0.812761	0.814969	0.817186	0.816276	0.815329	0.819743	0.823705	0.826761	0.829817	0.830139	0.83046	0.827513	0.824565	0.822152	0.81974	0.819464	0.819187	0.82005	0.820913	0.82171	0.822507	0.822833	0.823159	0.823249	0.823338	0.82337	0.823403	0.823366	0.82333	0.823308	0.823287	0.823238	0.82319	0.823148	0.823106	0.823077	
0.847604	0.847535	0.847542	0.847549	0.847537	0.847526	0.847575	0.847625	0.847557	0.84749	0.847436	0.847383	0.847195	0.847008	0.847087	0.847165	0.847487	0.847809	0.849222	0.850634	0.852266	0.853898	0.853046	0.852194	0.84867	0.845147	0.841524	0.837901	0.83747	0.835946	0.838265	0.84044	0.839935	0.839138	0.841928	0.845402	0.84748	0.849559	0.849949	0.850338	0.848978	0.847618	0.845798	0.843978	0.843559	0.84314	0.843859	0.844578	0.84534	0.846102	0.846542	0.846981	0.847192	0.847402	0.847578	0.847754	0.84778	0.847805	0.847843	0.84788	0.847817	0.847754	0.847714	0.847673	0.847604	
0.87213	0.87202	0.872027	0.872033	0.871994	0.871955	0.872027	0.8721	0.872006	0.871911	0.871922	0.871932	0.871824	0.871715	0.872059	0.872402	0.872828	0.873255	0.874588	0.875921	0.876274	0.876628	0.873708	0.870789	0.866763	0.862738	0.860045	0.857353	0.859175	0.860997	0.864808	0.868619	0.868014	0.867409	0.867254	0.867099	0.8682	0.869302	0.869759	0.870216	0.870443	0.870671	0.869443	0.868216	0.867654	0.867092	0.867668	0.868243	0.86897	0.869697	0.870251	0.870804	0.871135	0.871467	0.871786	0.872105	0.872193	0.872281	0.872378	0.872474	0.872396	0.872318	0.872279	0.87224	0.87213	
0.895382	0.895281	0.89532	0.895359	0.895343	0.895327	0.895461	0.895594	0.89558	0.895565	0.895683	0.895801	0.89586	0.89592	0.896317	0.896715	0.897221	0.897727	0.898533	0.899338	0.89903	0.898722	0.896199	0.893676	0.891169	0.888661	0.887495	0.886329	0.888541	0.890753	0.892938	0.895123	0.893635	0.892148	0.89097	0.889793	0.891591	0.893389	0.894761	0.896132	0.896437	0.896742	0.895519	0.894296	0.89284	0.891384	0.891313	0.891242	0.891961	0.892681	0.893215	0.893748	0.894142	0.894536	0.894853	0.89517	0.895315	0.89546	0.895557	0.895654	0.895597	0.895539	0.895511	0.895482	0.895382	
0.918633	0.918541	0.918613	0.918685	0.918692	0.918699	0.918894	0.919088	0.919154	0.91922	0.919445	0.91967	0.919897	0.920124	0.920576	0.921028	0.921613	0.922199	0.922477	0.922756	0.921786	0.920817	0.91869	0.916564	0.915574	0.914585	0.914945	0.915305	0.917907	0.92051	0.921069	0.921628	0.919257	0.916886	0.914687	0.912487	0.914982	0.917477	0.919762	0.922048	0.922431	0.922814	0.921596	0.920377	0.918026	0.915675	0.914957	0.91424	0.914953	0.915665	0.916179	0.916693	0.917149	0.917605	0.91792	0.918234	0.918437	0.91864	0.918737	0.918835	0.918797	0.91876	0.918742	0.918725	0.918633	
0.942521	0.942389	0.942382	0.942376	0.942345	0.942315	0.94249	0.942664	0.942812	0.94296	0.943277	0.943594	0.943942	0.94429	0.944732	0.945174	0.945483	0.945791	0.945412	0.945033	0.943769	0.942505	0.941137	0.939769	0.939918	0.940066	0.941157	0.942248	0.944116	0.945983	0.946033	0.946082	0.944109	0.942136	0.939446	0.936755	0.938157	0.93956	0.941908	0.944256	0.945325	0.946394	0.945459	0.944523	0.942499	0.940475	0.939523	0.93857	0.938909	0.939248	0.939712	0.940176	0.940708	0.941239	0.941621	0.942002	0.94228	0.942558	0.942676	0.942793	0.942785	0.942777	0.942715	0.942654	0.942521	
0.966409	0.966236	0.966151	0.966066	0.965999	0.965932	0.966085	0.966239	0.96647	0.9667	0.967109	0.967517	0.967987	0.968457	0.968888	0.96932	0.969352	0.969384	0.968347	0.967309	0.965751	0.964193	0.963584	0.962975	0.964261	0.965546	0.967369	0.969191	0.970324	0.971456	0.970996	0.970536	0.968961	0.967386	0.964205	0.961024	0.961333	0.961643	0.964053	0.966464	0.968219	0.969973	0.969321	0.968669	0.966972	0.965275	0.964088	0.962901	0.962866	0.962831	0.963245	0.963659	0.964266	0.964873	0.965322	0.96577	0.966123	0.966477	0.966614	0.966751	0.966773	0.966794	0.966688	0.966582	0.966409	
0.990066	0.989898	0.989749	0.989601	0.989548	0.989495	0.98965	0.989806	0.990141	0.990476	0.990973	0.991469	0.991896	0.992323	0.992527	0.992731	0.992213	0.991694	0.990284	0.988873	0.987736	0.986599	0.986859	0.987119	0.988891	0.990662	0.99229	0.993917	0.994044	0.994171	0.99323	0.992289	0.99189	0.991491	0.98953	0.987569	0.98703	0.98649	0.987317	0.988143	0.989716	0.99129	0.991641	0.991992	0.991029	0.990066	0.988815	0.987563	0.987113	0.986662	0.986843	0.987023	0.987565	0.988108	0.988616	0.989124	0.989553	0.989982	0.99017	0.990359	0.990424	0.990489	0.990361	0.990233	0.990066	
1.01372	1.01356	1.01335	1.01314	1.0131	1.01306	1.01322	1.01337	1.01381	1.01425	1.01484	1.01542	1.0158	1.01619	1.01617	1.01614	1.01507	1.014	1.01222	1.01044	1.00972	1.00901	1.01013	1.01126	1.01352	1.01578	1.01721	1.01864	1.01777	1.01689	1.01546	1.01404	1.01482	1.0156	1.01485	1.01411	1.01273	1.01134	1.01058	1.00982	1.01121	1.01261	1.01396	1.01532	1.01509	1.01486	1.01354	1.01223	1.01136	1.01049	1.01044	1.01039	1.01087	1.01134	1.01191	1.01248	1.01298	1.01349	1.01373	1.01397	1.01407	1.01418	1.01403	1.01388	1.01372	
1.03671	1.03668	1.03658	1.03649	1.0366	1.03671	1.03697	1.03723	1.0377	1.03818	1.03872	1.03927	1.03942	1.03958	1.03914	1.03869	1.03732	1.03594	1.03457	1.0332	1.03354	1.03388	1.03545	1.03702	1.03846	1.0399	1.04029	1.04068	1.03949	1.03831	1.03737	1.03644	1.0379	1.03937	1.0396	1.03983	1.03848	1.03714	1.03549	1.03384	1.03447	1.03511	1.03652	1.03793	1.03834	1.03876	1.03792	1.03707	1.03612	1.03517	1.03476	1.03434	1.03452	1.03469	1.03506	1.03543	1.03582	1.03622	1.03642	1.03662	1.03676	1.03689	1.03681	1.03673	1.03671	
1.05969	1.0598	1.05982	1.05984	1.0601	1.06036	1.06072	1.06108	1.06159	1.06211	1.06261	1.06311	1.06304	1.06297	1.06211	1.06125	1.05956	1.05788	1.05692	1.05595	1.05736	1.05876	1.06077	1.06279	1.0634	1.06402	1.06337	1.06271	1.06122	1.05973	1.05928	1.05883	1.06099	1.06315	1.06434	1.06554	1.06424	1.06295	1.0604	1.05786	1.05773	1.05761	1.05907	1.06054	1.0616	1.06266	1.06229	1.06192	1.06088	1.05984	1.05907	1.0583	1.05817	1.05804	1.05821	1.05838	1.05867	1.05895	1.05911	1.05928	1.05944	1.05961	1.05959	1.05958	1.05969	
1.08327	1.08352	1.08365	1.08379	1.08405	1.08432	1.0846	1.08488	1.08521	1.08554	1.08581	1.08609	1.08577	1.08545	1.08442	1.08339	1.08212	1.08085	1.08072	1.08059	1.08243	1.08427	1.0858	1.08733	1.08678	1.08624	1.08507	1.0839	1.08298	1.08206	1.08244	1.08282	1.08454	1.08627	1.08759	1.08892	1.08823	1.08755	1.08557	1.08359	1.08293	1.08226	1.08292	1.08358	1.0846	1.08562	1.08574	1.08587	1.08512	1.08437	1.08347	1.08258	1.08218	1.08178	1.0817	1.08162	1.08179	1.08196	1.08211	1.08226	1.0825	1.08275	1.08288	1.08301	1.08327	
1.10684	1.10724	1.10749	1.10773	1.10801	1.10828	1.10849	1.10869	1.10883	1.10898	1.10902	1.10906	1.1085	1.10793	1.10673	1.10553	1.10468	1.10383	1.10453	1.10523	1.1075	1.10978	1.11082	1.11187	1.11016	1.10845	1.10677	1.10508	1.10473	1.10438	1.10559	1.10681	1.1081	1.10938	1.11084	1.11229	1.11222	1.11215	1.11073	1.10932	1.10812	1.10692	1.10677	1.10662	1.1076	1.10858	1.1092	1.10982	1.10935	1.10889	1.10787	1.10686	1.10619	1.10552	1.10519	1.10485	1.10491	1.10496	1.10511	1.10525	1.10557	1.10589	1.10617	1.10644	1.10684	
1.13088	1.13133	1.13158	1.13184	1.13197	1.1321	1.13207	1.13205	1.13191	1.13177	1.1315	1.13123	1.1306	1.12996	1.12911	1.12826	1.12824	1.12822	1.12951	1.1308	1.13258	1.13436	1.13442	1.13448	1.13231	1.13013	1.12871	1.12728	1.12749	1.12769	1.12908	1.13047	1.1312	1.13194	1.1331	1.13426	1.1347	1.13513	1.13467	1.13421	1.13323	1.13225	1.13149	1.13074	1.13112	1.1315	1.13225	1.13299	1.13299	1.13299	1.13217	1.13135	1.13059	1.12982	1.12925	1.12868	1.12863	1.12858	1.1287	1.12883	1.12923	1.12964	1.13004	1.13044	1.13088	
1.15492	1.15542	1.15568	1.15595	1.15593	1.15591	1.15566	1.15541	1.15498	1.15456	1.15398	1.15341	1.1527	1.152	1.1515	1.151	1.15181	1.15261	1.15449	1.15637	1.15765	1.15894	1.15801	1.15709	1.15445	1.15182	1.15065	1.14947	1.15024	1.15101	1.15257	1.15413	1.15431	1.1545	1.15536	1.15623	1.15717	1.15811	1.15861	1.15911	1.15834	1.15757	1.15622	1.15486	1.15464	1.15442	1.15529	1.15617	1.15663	1.1571	1.15647	1.15585	1.15498	1.15412	1.15331	1.15251	1.15235	1.15219	1.1523	1.15241	1.1529	1.15339	1.15391	1.15443	1.15492	
1.1783	1.17881	1.17914	1.17946	1.17942	1.17937	1.17896	1.17855	1.1779	1.17725	1.17646	1.17568	1.17517	1.17467	1.17483	1.17499	1.17642	1.17784	1.17951	1.18118	1.18134	1.1815	1.17984	1.17818	1.17608	1.17399	1.17367	1.17335	1.17444	1.17553	1.17668	1.17784	1.17759	1.17733	1.17773	1.17812	1.17903	1.17993	1.18103	1.18212	1.18186	1.18159	1.18028	1.17897	1.17843	1.17789	1.17868	1.17948	1.18024	1.181	1.18083	1.18065	1.17987	1.1791	1.17809	1.17708	1.17664	1.17621	1.17611	1.176	1.17637	1.17675	1.17727	1.1778	1.1783	
1.20169	1.20221	1.2026	1.20298	1.2029	1.20283	1.20226	1.2017	1.20081	1.19993	1.19894	1.19795	1.19765	1.19734	1.19816	1.19898	1.20103	1.20307	1.20453	1.20599	1.20503	1.20407	1.20167	1.19927	1.19771	1.19615	1.19669	1.19722	1.19863	1.20004	1.2008	1.20156	1.20086	1.20017	1.20009	1.20001	1.20088	1.20175	1.20344	1.20514	1.20538	1.20561	1.20435	1.20308	1.20222	1.20137	1.20208	1.20278	1.20385	1.20491	1.20518	1.20545	1.20476	1.20408	1.20286	1.20164	1.20094	1.20024	1.19991	1.19959	1.19985	1.20011	1.20063	1.20116	1.20169	
1.22448	1.22498	1.22545	1.22592	1.22594	1.22596	1.22537	1.22479	1.22383	1.22288	1.22191	1.22094	1.22093	1.22091	1.22219	1.22347	1.22552	1.22758	1.22825	1.22893	1.22712	1.22532	1.22303	1.22074	1.22029	1.21984	1.22127	1.2227	1.22392	1.22515	1.22516	1.22518	1.22426	1.22334	1.22308	1.22283	1.22329	1.22375	1.22552	1.22728	1.22791	1.22854	1.22762	1.22671	1.22587	1.22503	1.22548	1.22592	1.22701	1.22809	1.22875	1.22941	1.22905	1.22869	1.22755	1.22642	1.2255	1.22458	1.22394	1.2233	1.22328	1.22326	1.22362	1.22398	1.22448	
1.24728	1.24776	1.24831	1.24886	1.24897	1.24908	1.24848	1.24788	1.24685	1.24582	1.24488	1.24393	1.24421	1.24448	1.24622	1.24795	1.25002	1.25209	1.25198	1.25187	1.24922	1.24656	1.24439	1.24222	1.24288	1.24353	1.24585	1.24817	1.24921	1.25025	1.24953	1.2488	1.24766	1.24651	1.24608	1.24565	1.2457	1.24576	1.24759	1.24942	1.25044	1.25146	1.2509	1.25034	1.24951	1.24868	1.24887	1.24907	1.25017	1.25127	1.25232	1.25338	1.25334	1.2533	1.25224	1.25119	1.25006	1.24892	1.24796	1.247	1.24671	1.24642	1.24661	1.2468	1.24728	
1.27049	1.27076	1.27116	1.27156	1.27165	1.27174	1.27123	1.27073	1.2699	1.26907	1.26842	1.26777	1.26823	1.2687	1.27032	1.27195	1.27346	1.27497	1.27435	1.27373	1.27128	1.26882	1.26741	1.266	1.26738	1.26875	1.27105	1.27334	1.27376	1.27417	1.27309	1.27202	1.2712	1.27038	1.27	1.26961	1.26922	1.26883	1.27023	1.27163	1.27278	1.27392	1.27385	1.27378	1.27322	1.27267	1.27252	1.27236	1.27308	1.2738	1.27482	1.27585	1.27613	1.27641	1.27579	1.27518	1.27424	1.2733	1.27233	1.27135	1.27084	1.27034	1.27028	1.27021	1.27049	
1.29369	1.29376	1.29401	1.29425	1.29433	1.2944	1.29399	1.29358	1.29295	1.29233	1.29197	1.2916	1.29226	1.29292	1.29443	1.29594	1.2969	1.29785	1.29672	1.29559	1.29334	1.29108	1.29043	1.28978	1.29188	1.29398	1.29625	1.29851	1.2983	1.29809	1.29666	1.29524	1.29475	1.29426	1.29391	1.29357	1.29274	1.29191	1.29287	1.29384	1.29511	1.29639	1.2968	1.29722	1.29694	1.29665	1.29616	1.29566	1.29599	1.29633	1.29732	1.29832	1.29892	1.29953	1.29934	1.29916	1.29842	1.29768	1.29669	1.2957	1.29498	1.29426	1.29394	1.29362	1.29369	
1.31763	1.31728	1.31711	1.31694	1.31685	1.31676	1.31654	1.31631	1.31615	1.31599	1.31607	1.31614	1.31677	1.3174	1.31829	1.31918	1.31946	1.31975	1.31878	1.3178	1.31667	1.31553	1.31581	1.31609	1.31779	1.31949	1.32078	1.32207	1.32143	1.32078	1.31957	1.31836	1.31841	1.31847	1.31832	1.31818	1.31719	1.31619	1.31637	1.31654	1.31748	1.31842	1.31936	1.3203	1.32055	1.3208	1.32023	1.31966	1.31939	1.31912	1.31961	1.32011	1.32079	1.32148	1.32181	1.32214	1.32197	1.3218	1.32121	1.32062	1.31992	1.31922	1.3186	1.31798	1.31763	
1.34156	1.34079	1.34021	1.33963	1.33937	1.33911	1.33908	1.33905	1.33935	1.33966	1.34017	1.34068	1.34128	1.34188	1.34215	1.34241	1.34203	1.34164	1.34083	1.34002	1.34	1.33998	1.34119	1.34239	1.34369	1.34499	1.34531	1.34563	1.34455	1.34348	1.34248	1.34149	1.34208	1.34268	1.34273	1.34279	1.34163	1.34048	1.33986	1.33925	1.33985	1.34045	1.34192	1.34339	1.34416	1.34494	1.3443	1.34366	1.34279	1.34191	1.3419	1.3419	1.34267	1.34344	1.34428	1.34511	1.34552	1.34593	1.34574	1.34555	1.34487	1.34419	1.34326	1.34234	1.34156	
1.36567	1.36451	1.36353	1.36255	1.36217	1.36179	1.362	1.36222	1.363	1.36379	1.36464	1.3655	1.36585	1.3662	1.3657	1.36521	1.36434	1.36348	1.36319	1.36291	1.36409	1.36528	1.36701	1.36873	1.36905	1.36937	1.36862	1.36787	1.36697	1.36607	1.36561	1.36515	1.36584	1.36653	1.36675	1.36697	1.36608	1.36519	1.36393	1.36268	1.36272	1.36277	1.36441	1.36604	1.36733	1.36862	1.36821	1.36779	1.36665	1.36552	1.36495	1.36437	1.36492	1.36547	1.36658	1.36769	1.36859	1.36949	1.36978	1.37006	1.36955	1.36904	1.36794	1.36684	1.36567	
1.38978	1.38822	1.38684	1.38546	1.38496	1.38447	1.38493	1.38539	1.38666	1.38792	1.38912	1.39032	1.39042	1.39052	1.38926	1.388	1.38666	1.38532	1.38555	1.38579	1.38819	1.39059	1.39283	1.39506	1.39441	1.39375	1.39193	1.39011	1.38938	1.38866	1.38873	1.38881	1.3896	1.39039	1.39077	1.39116	1.39053	1.3899	1.388	1.3861	1.3856	1.38509	1.38689	1.3887	1.39051	1.39231	1.39211	1.39191	1.39052	1.38912	1.38799	1.38685	1.38718	1.38751	1.38889	1.39027	1.39166	1.39305	1.39381	1.39458	1.39424	1.39389	1.39261	1.39134	1.38978	
1.41351	1.41195	1.41055	1.40915	1.40869	1.40823	1.4088	1.40938	1.41077	1.41216	1.41334	1.41452	1.4144	1.41428	1.41272	1.41117	1.40973	1.40829	1.40883	1.40936	1.41207	1.41477	1.4169	1.41903	1.41784	1.41665	1.41455	1.41244	1.41216	1.41188	1.41239	1.4129	1.41343	1.41395	1.41422	1.41449	1.41423	1.41397	1.41211	1.41025	1.40946	1.40866	1.41021	1.41176	1.41355	1.41534	1.41543	1.41552	1.41429	1.41305	1.41177	1.41049	1.41057	1.41065	1.41194	1.41322	1.41468	1.41613	1.41703	1.41793	1.41771	1.4175	1.41629	1.41507	1.41351	
1.43724	1.43568	1.43426	1.43284	1.43241	1.43198	1.43267	1.43336	1.43488	1.43641	1.43756	1.43872	1.43837	1.43803	1.43618	1.43433	1.4328	1.43127	1.4321	1.43294	1.43595	1.43896	1.44098	1.443	1.44128	1.43956	1.43717	1.43478	1.43494	1.4351	1.43604	1.43699	1.43725	1.43751	1.43766	1.43781	1.43793	1.43804	1.43622	1.4344	1.43332	1.43224	1.43353	1.43483	1.4366	1.43836	1.43875	1.43913	1.43806	1.43698	1.43556	1.43414	1.43397	1.4338	1.43499	1.43617	1.43769	1.43921	1.44024	1.44127	1.44119	1.44111	1.43996	1.43881	1.43724	
1.46068	1.45957	1.45857	1.45756	1.45726	1.45697	1.45748	1.45799	1.45911	1.46022	1.46102	1.46183	1.46155	1.46126	1.4599	1.45853	1.45741	1.45629	1.45693	1.45758	1.45974	1.4619	1.46332	1.46474	1.46343	1.46213	1.46039	1.45865	1.45889	1.45913	1.45988	1.46064	1.46076	1.46089	1.46094	1.461	1.46115	1.46131	1.46005	1.45879	1.45798	1.45716	1.45802	1.45889	1.46012	1.46136	1.46169	1.46202	1.46131	1.4606	1.45955	1.45851	1.45835	1.45818	1.45901	1.45983	1.46092	1.46201	1.46276	1.4635	1.46346	1.46342	1.46261	1.46179	1.46068	
1.48412	1.48347	1.48287	1.48228	1.48212	1.48195	1.48229	1.48262	1.48333	1.48403	1.48449	1.48494	1.48472	1.4845	1.48361	1.48272	1.48202	1.48131	1.48177	1.48222	1.48353	1.48485	1.48566	1.48647	1.48558	1.4847	1.48361	1.48253	1.48284	1.48316	1.48372	1.48428	1.48427	1.48427	1.48422	1.48418	1.48438	1.48459	1.48389	1.48319	1.48263	1.48207	1.48251	1.48295	1.48365	1.48435	1.48463	1.48491	1.48456	1.48421	1.48355	1.48289	1.48273	1.48257	1.48303	1.48349	1.48415	1.48481	1.48527	1.48573	1.48573	1.48573	1.48525	1.48478	1.48412	
1.50751	1.50751	1.50751	1.50751	1.50751	1.50751	1.50751	1.50751	1.50751	1.50751	1.50751	1.50751	1.50751	1.50751	1.50751	1.50751	1.50751	1.50751	1.50751	1.50751	1.50751	1.50751	1.50751	1.50751	1.50751	1.50751	1.50751	1.50751	1.50751	1.50751	1.50751	1.50751	1.50751	1.50751	1.50751	1.50751	1.50751	1.50751	1.50751	1.50751	1.50751	1.50751	1.50751	1.50751	1.50751	1.50751	1.50751	1.50751	1.50751	1.50751	1.50751	1.50751	1.50751	1.50751	1.50751	1.50751	1.50751	1.50751	1.50751	1.50751	1.50751	1.50751	1.50751	1.50751	1.50751	
