y	b	bdiff	u.x	u.y	u.z	Ri	
0.0976562	0.00337952	0.00029814	8.40325e-06	7.76825e-06	1.97466e-06	949.569
1.66016	0.00656549	1.75561e-05	0.00016638	-8.19456e-06	4.70773e-06	35916.6
3.22266	0.012645	-6.57334e-05	0.00036582	8.86747e-06	9.38746e-06	36693.9
4.78516	0.018943	6.95483e-05	0.000670726	-9.39617e-06	3.36716e-05	12001.5
6.34766	0.0251293	9.3069e-05	0.00105709	1.03991e-05	5.54619e-05	6762.68
7.91016	0.0312842	8.51941e-05	0.00144731	-1.10403e-05	8.28311e-05	22685.6
9.47266	0.0374273	6.56091e-05	0.00179061	1.2333e-05	0.00010687	17516.5
11.0352	0.0435623	3.77983e-05	0.00207176	-1.3118e-05	0.00013421	1953.66
12.5977	0.0496933	6.0716e-06	0.00225318	1.46298e-05	0.000144075	2622.97
14.1602	0.0558246	-2.53616e-05	0.00225258	-1.5639e-05	0.000138108	3566.68
15.7227	0.0619696	-4.32156e-05	0.00207313	1.72749e-05	0.000120631	1825.54
17.2852	0.0681698	-5.72334e-06	0.00193478	-1.86423e-05	5.52041e-05	487.479
18.8477	0.0744957	0.000157448	0.00180997	2.08815e-05	-0.000142783	558.94
20.4102	0.0810409	0.000539887	0.00189262	-2.14682e-05	-0.000361727	758.567
21.9727	0.0879401	0.00127625	0.00344633	2.29602e-05	-7.82241e-05	834.631
23.5323	0.0952827	0.00246739	0.0101853	-8.92839e-06	0.000490756	904.059
25.0713	0.102694	0.0038085	0.0247506	1.52627e-05	8.98524e-05	1106.74
26.577	0.109773	0.00494907	0.0432958	-3.41001e-05	-0.00184236	920.046
28.049	0.116483	0.00585309	0.0643193	4.72955e-05	-2.56667e-05	526.552
29.5201	0.12266	0.00622765	0.0882645	-1.21936e-05	0.00852564	328.161
30.9793	0.128163	0.00597499	0.11249	8.75744e-05	0.0104055	188.735
32.4285	0.132985	0.00508208	0.131589	-8.37248e-05	0.00408373	230.396
33.8654	0.136978	0.00340699	0.146083	0.000104141	-0.00240074	1383.73
35.2875	0.140613	0.00143303	0.165351	-4.65028e-06	-0.00465483	5935.41
36.6566	0.144039	-0.000540822	0.183026	-4.57986e-05	-0.0026148	3759.31
38.0409	0.147793	-0.00224676	0.19237	0.00019015	-0.0040936	2308.85
39.3941	0.151695	-0.00368177	0.18195	-2.73265e-06	-0.00297646	878.213
40.7496	0.155775	-0.00494797	0.158379	6.06618e-05	-0.000242672	280.247
42.1241	0.160384	-0.00576087	0.122325	4.05228e-05	-0.00257897	192.06
43.4855	0.165694	-0.00582017	0.0870456	-2.08014e-05	-0.00682495	1111.46
44.8489	0.171587	-0.00530461	0.059788	3.90072e-05	-0.00393157	17615.3
46.2624	0.177966	-0.00450049	0.0378142	-0.00012518	0.000163174	66949.4
47.6932	0.184523	-0.00358696	0.023683	5.2752e-05	0.00199442	554.558
49.1301	0.191116	-0.00266173	0.0155244	-0.000108083	0.00155871	1221.18
50.5752	0.197595	-0.00188145	0.00886928	-8.40886e-05	0.000503229	2318.86
52.0757	0.204187	-0.00120824	0.00644197	-1.21188e-05	-0.000270958	730.713
53.6258	0.21082	-0.000689426	0.00556442	1.33206e-05	-0.000563552	392.029
55.1883	0.217333	-0.000339266	0.0044111	-1.64608e-05	-0.000508566	543.362
56.7508	0.223687	-0.000147321	0.00311665	1.47409e-05	-0.000364393	886.795
58.3133	0.229925	-7.26528e-05	0.00203782	-1.29022e-05	-0.00023963	2218.04
59.8758	0.236108	-5.21811e-05	0.00134889	1.21419e-05	-0.000178658	2994.11
61.4383	0.242281	-4.17141e-05	0.00105973	-1.06615e-05	-0.000156899	5791.44
63.0008	0.248455	-3.06947e-05	0.000948741	1.03399e-05	-0.000147401	5710.29
64.5633	0.254627	-2.16859e-05	0.000876805	-8.927e-06	-0.000130958	8211.97
66.1258	0.260794	-1.6731e-05	0.000788547	8.98557e-06	-0.000111973	6557.94
67.6883	0.266959	-1.51714e-05	0.000708655	-7.70882e-06	-9.08724e-05	5290.09
69.2508	0.273121	-1.52642e-05	0.00064174	7.91258e-06	-7.40049e-05	7915.66
70.8133	0.279284	-1.50991e-05	0.000591787	-6.80053e-06	-5.81342e-05	11290.7
72.3758	0.285448	-1.43703e-05	0.000549732	7.05784e-06	-4.67217e-05	8835.29
73.9383	0.291612	-1.31099e-05	0.000514962	-6.08768e-06	-3.6736e-05	12707.9
75.5008	0.297776	-1.17728e-05	0.00048029	6.35769e-06	-2.9765e-05	11717.4
77.0633	0.30394	-1.054e-05	0.000447337	-5.51016e-06	-2.39578e-05	16580.4
78.6258	0.310104	-9.67532e-06	0.000411387	5.76553e-06	-1.97065e-05	13305.7
80.1883	0.316267	-9.13161e-06	0.000375277	-5.03133e-06	-1.62232e-05	12624.5
81.7508	0.32243	-8.92418e-06	0.000336	5.2552e-06	-1.34087e-05	32747.4
83.3133	0.328593	-8.87526e-06	0.000296662	-4.63079e-06	-1.10784e-05	29205.9
84.8758	0.334755	-8.91251e-06	0.00025541	4.81604e-06	-9.02788e-06	33771.8
86.4383	0.340918	-8.87144e-06	0.000215241	-4.30097e-06	-7.29262e-06	39891.2
88.0008	0.347081	-8.69816e-06	0.000175126	4.44712e-06	-5.72605e-06	38852.8
89.5633	0.353244	-8.29751e-06	0.000137747	-4.04289e-06	-4.3812e-06	61678.4
91.1258	0.359408	-7.65881e-06	0.000102628	4.1525e-06	-3.20641e-06	60098.4
92.6883	0.365571	-6.8031e-06	7.19518e-05	-3.86163e-06	-2.20961e-06	110774
94.2508	0.371735	-6.07593e-06	4.56046e-05	3.93771e-06	-1.40504e-06	207974
95.8133	0.377901	-2.47599e-06	2.49068e-05	-3.76253e-06	-7.77894e-07	913111
97.3758	0.384117	5.04695e-05	1.18724e-05	3.80686e-06	-4.58316e-07	732598
98.9383	0.390185	-4.39492e-05	2.94327e-06	-3.74796e-06	1.55283e-07	1.04213e+06
