y	b	u.x	u.y	u.z	
3.125	0.00699247	3.33086e-05	5.87899e-06	-4.26282e-07
5.08207	0.0220786	1.10413e-05	1.54472e-05	-1.01227e-07
7.03914	0.0371648	9.4157e-07	1.13004e-05	4.55374e-08
8.99621	0.0522509	9.19671e-07	-4.20609e-06	4.46302e-08
10.9533	0.0673371	5.89393e-07	-1.48706e-05	-4.65266e-07
12.9104	0.0824232	3.62587e-07	-1.31217e-05	-8.0663e-07
14.8674	0.0975094	3.55208e-07	2.53746e-06	-7.88605e-07
16.8245	0.112596	1.42055e-06	1.48109e-05	-2.92502e-07
18.7816	0.127682	2.53779e-06	1.58087e-05	2.26513e-07
20.7386	0.142768	2.47958e-06	-3.61195e-07	2.2126e-07
22.6957	0.157854	1.79195e-06	-1.39185e-05	-3.19035e-07
24.6528	0.17294	6.15265e-07	-1.72867e-05	-1.27496e-06
26.6098	0.188026	6.01012e-07	-6.80111e-07	-1.24242e-06
28.5669	0.203112	1.27913e-06	1.47661e-05	-8.17067e-07
30.524	0.218198	3.86608e-06	2.19544e-05	6.90554e-07
32.4811	0.233285	3.77071e-06	4.45811e-06	6.72269e-07
34.4381	0.248371	3.585e-06	-1.28351e-05	5.92714e-07
36.3952	0.263457	8.27405e-07	-2.26288e-05	-1.23148e-06
38.3523	0.278543	8.13766e-07	-4.48018e-06	-1.19716e-06
40.3093	0.293629	8.00128e-07	1.36685e-05	-1.16283e-06
42.2664	0.308715	4.75095e-06	2.81407e-05	1.47287e-06
44.2235	0.323801	4.90971e-06	1.04636e-05	1.58946e-06
46.1806	0.338888	4.81936e-06	-8.93336e-06	1.54089e-06
48.1376	0.353974	2.09746e-06	-2.45943e-05	-5.91915e-08
50.0947	0.368184	-5.20283e-06	-3.04151e-05	-1.28333e-05
52.0518	0.383122	3.5538e-06	8.20886e-06	-3.17367e-07
54.0088	0.39825	3.78849e-06	2.80098e-05	2.35327e-07
55.9659	0.413378	4.01691e-06	1.67512e-05	5.39204e-07
57.923	0.428506	4.13506e-06	-4.78148e-06	5.28656e-07
59.88	0.443634	4.28275e-06	-2.59587e-05	4.34454e-07
61.8371	0.458766	1.86284e-05	-2.08098e-05	-5.99398e-06
63.7942	0.473892	2.69908e-05	3.63395e-06	-1.92691e-05
65.7513	0.489026	4.16582e-05	2.18955e-05	-2.79548e-05
67.7083	0.504166	8.04565e-05	3.6459e-05	-5.02856e-05
69.6654	0.519369	0.000709173	1.77882e-05	2.29101e-06
71.6225	0.534542	0.00162607	-2.61794e-05	-0.000123579
73.5795	0.549696	0.00208629	-6.99051e-05	0.000120558
75.5366	0.564737	0.00443266	-2.87789e-05	0.000257311
77.4937	0.579955	0.00735198	3.01892e-05	-0.000565104
79.4507	0.595047	0.00774027	7.58133e-05	-6.40483e-06
81.4078	0.610047	0.00528561	8.46176e-07	-0.000435814
83.3649	0.625032	0.00318705	8.66607e-05	-9.27136e-05
85.322	0.640096	0.00247492	-4.69249e-06	0.000291511
87.279	0.655207	0.00227758	2.40499e-05	0.000287549
89.2361	0.670352	0.00255611	9.08608e-06	0.000191954
91.1932	0.68547	0.00215786	-1.48104e-05	0.000106477
93.1502	0.700593	0.00170458	1.13031e-05	-2.96462e-05
95.1073	0.715732	0.00128398	1.13732e-05	0.000135298
97.0644	0.730888	0.00117745	4.01031e-05	9.7655e-05
99.0215	0.746063	0.00112138	1.76425e-06	5.39702e-05
100.979	0.761258	-1.02258e-05	-3.10153e-05	1.58005e-05
102.936	0.776439	1.67543e-05	-6.61919e-05	6.825e-06
104.893	0.791596	1.48434e-05	-1.15336e-05	1.06862e-05
106.85	0.806744	1.16989e-05	-3.44469e-06	5.43709e-06
108.807	0.821892	-4.90112e-06	-4.40005e-06	3.23643e-06
110.764	0.837034	-7.52748e-06	1.65435e-05	2.81181e-06
112.721	0.852178	-2.49942e-06	-1.05004e-05	1.85227e-06
114.678	0.867321	1.00666e-06	-1.32345e-05	1.65012e-06
116.635	0.882463	1.63777e-06	-7.65983e-06	1.52138e-06
118.592	0.897604	2.38208e-06	1.50218e-06	1.68703e-06
120.549	0.912738	1.72737e-06	1.17193e-05	1.87632e-06
122.506	0.927879	2.26771e-07	9.67714e-06	8.56628e-07
124.463	0.943	1.67202e-05	-2.84233e-06	6.51328e-06
126.42	0.957984	-2.2204e-07	-7.48671e-06	9.52326e-07
128.378	0.973112	-3.12971e-08	-8.56597e-06	9.93944e-07
130.335	0.98824	-4.70673e-08	4.55891e-07	1.06186e-06
132.292	1.00337	-6.28376e-08	9.47775e-06	1.12978e-06
134.249	1.0185	-1.04106e-06	1.13473e-05	1.84946e-07
136.206	1.03362	-1.24803e-06	3.10288e-06	4.66548e-08
138.163	1.04875	-1.32102e-06	-5.23876e-06	4.90016e-08
140.12	1.06388	-9.92541e-07	-9.17882e-06	2.09621e-07
142.077	1.07901	-7.43531e-07	-1.86392e-06	3.38097e-07
144.034	1.09414	-7.80068e-07	6.53829e-06	3.53717e-07
145.991	1.10926	-1.05389e-06	1.13176e-05	7.81833e-08
147.948	1.12439	-1.53121e-06	4.26347e-06	-4.47719e-07
149.905	1.13933	7.33763e-06	4.04893e-06	3.66416e-06
151.862	1.15354	-2.91325e-06	-1.01727e-05	-1.56102e-06
153.819	1.16863	-2.32247e-06	-5.5195e-06	-5.99378e-07
155.776	1.18371	-2.4074e-06	2.28548e-06	-6.21192e-07
157.734	1.1988	-2.4557e-06	9.51749e-06	-6.77038e-07
159.691	1.21388	-1.94475e-06	5.58618e-06	-1.25246e-06
161.648	1.22897	-2.00854e-06	-1.9123e-06	-1.29354e-06
163.605	1.24406	-2.07234e-06	-9.41079e-06	-1.33461e-06
165.562	1.25914	-1.5036e-06	-7.0103e-06	-4.03719e-07
167.519	1.27423	-1.52724e-06	2.03525e-07	-3.82851e-07
169.476	1.28932	-1.57168e-06	7.56121e-06	-3.93958e-07
171.433	1.3044	-1.28563e-06	6.04256e-06	-7.45768e-07
173.39	1.31949	-1.23353e-06	-1.72227e-07	-8.5623e-07
175.347	1.33457	-1.26639e-06	-7.30791e-06	-8.79067e-07
177.304	1.34966	-9.91376e-07	-6.89454e-06	-4.41957e-07
179.261	1.36475	-8.45729e-07	-1.59888e-06	-1.98027e-07
181.218	1.37983	-8.6668e-07	5.42913e-06	-2.0292e-07
183.175	1.39492	-7.30198e-07	5.93586e-06	-3.22962e-07
185.133	1.41	-6.00527e-07	1.45106e-06	-4.38e-07
187.09	1.42509	-6.14321e-07	-5.44136e-06	-4.48071e-07
189.047	1.44018	-4.82435e-07	-6.90871e-06	-2.93467e-07
191.004	1.45526	-2.82221e-07	-3.22709e-06	-6.16194e-08
192.961	1.47035	-2.88307e-07	3.62451e-06	-6.29454e-08
194.918	1.48544	-2.00723e-07	6.04054e-06	-4.38186e-08
196.875	1.50052	-4.58681e-11	3.10111e-06	2.75801e-12
