y	b	Ri	bdiff	u.x	u.y	u.z	
0	0.0570753	62773	0.000908325	3.17017e-05	0	1.15536e-05
6.25	0.107507	42868.9	-0.00012683	-0.00106309	-0.00022784	-0.000430744
11.3267	0.199605	23632.4	-9.2478e-06	0.00203587	-0.000977369	-0.000826471
15.712	0.257832	3155.36	0.0013251	0.00168115	-0.000696622	0.000494196
17.9304	0.289757	26305.4	0.00335622	0.0511689	0.000899109	-0.000611664
19.447	0.29736	46717.5	0.00303712	0.115309	0.00437457	0.00128639
20.5072	0.301729	57813.4	0.00194525	0.161857	0.00202203	-0.000566299
21.4052	0.299821	66458.9	0.000860525	0.175861	0.00225215	0.0014995
22.172	0.315631	31643.6	-0.000198193	0.184006	0.00169475	-0.00163183
22.8406	0.241096	46464.5	-0.000744856	0.149833	0.00202614	0.000224028
23.4732	0.259508	16297	-0.000881926	0.151874	0.00112132	-0.000312445
24.0739	0.296684	43979.2	-0.0010279	0.150631	0.00085204	-0.00388734
24.6883	0.28767	38774.3	-0.000918066	0.143553	0.00239658	0.000632595
25.3	0.406063	44381.3	-0.00130313	0.189436	0.000138584	-0.00337246
25.9508	0.417286	37254.9	-0.00191223	0.153821	-0.000258769	1.36239e-05
26.6438	0.424679	27231.8	-0.00220551	0.106601	0.00166391	0.00307571
27.5316	0.449885	23887.9	-0.00273294	0.0644497	0.000477469	0.00294394
28.817	0.490562	23514.5	-0.00199431	0.0167145	0.000615693	0.000956279
30.7797	0.544919	38367.1	-0.00111386	-0.0020162	-3.24169e-05	-6.28388e-05
33.4794	0.601384	58615.2	-4.9364e-05	9.25433e-05	-0.00224764	0.000395688
37.4699	0.65994	88538.4	-0.000110074	0.00042375	0.000150084	-2.96966e-05
41.4603	0.744879	154047	-4.74803e-05	0.000158079	0.00115485	-7.62159e-06
47.7103	0.857203	178663	-1.204e-05	2.44564e-05	-0.00100718	4.62667e-05
