x=105	y=200	z=200	n=65	len=1
b
0	0	0	0	0	0	0	0	0	0	0	0	0	0	0	0	0	0	0	0	0	0	0	0	0	0	0	0	0	0	0	0	0	0	0	0	0	0	0	0	0	0	0	0	0	0	0	0	0	0	0	0	0	0	0	0	0	0	0	0	0	0	0	0	0	
0.0235505	0.0235508	0.0235508	0.0235508	0.0235525	0.0235541	0.0235546	0.0235551	0.0235581	0.0235611	0.0235618	0.0235624	0.0235661	0.0235697	0.0235697	0.0235697	0.0235724	0.0235751	0.0235735	0.0235718	0.023572	0.0235721	0.0235692	0.0235663	0.0235643	0.0235623	0.0235608	0.0235593	0.0235576	0.0235559	0.0235568	0.0235576	0.0235575	0.0235574	0.0235568	0.0235562	0.0235582	0.0235602	0.0235603	0.0235603	0.0235644	0.0235685	0.0235681	0.0235678	0.0235713	0.0235747	0.0235725	0.0235702	0.0235714	0.0235726	0.0235693	0.023566	0.0235654	0.0235648	0.0235619	0.0235591	0.0235579	0.0235567	0.0235549	0.0235532	0.0235524	0.0235517	0.023551	0.0235502	0.0235505	
0.0471014	0.0471018	0.0471019	0.0471019	0.047105	0.0471082	0.0471091	0.04711	0.0471159	0.0471217	0.0471229	0.0471242	0.0471315	0.0471387	0.0471388	0.0471388	0.0471445	0.0471502	0.0471471	0.047144	0.0471448	0.0471455	0.0471397	0.0471338	0.0471301	0.0471263	0.047123	0.0471196	0.0471164	0.0471131	0.0471146	0.0471161	0.0471161	0.0471161	0.0471146	0.047113	0.0471175	0.0471219	0.0471219	0.0471218	0.0471302	0.0471387	0.0471376	0.0471365	0.0471434	0.0471502	0.0471454	0.0471406	0.0471428	0.0471449	0.0471383	0.0471317	0.0471303	0.047129	0.0471234	0.0471179	0.0471155	0.0471131	0.0471098	0.0471065	0.047105	0.0471035	0.0471022	0.0471009	0.0471014	
0.0706522	0.0706529	0.0706529	0.0706529	0.0706576	0.0706623	0.0706636	0.0706649	0.0706736	0.0706823	0.0706841	0.0706859	0.0706968	0.0707078	0.0707079	0.070708	0.0707166	0.0707253	0.0707207	0.0707161	0.0707175	0.0707189	0.0707101	0.0707013	0.0706959	0.0706904	0.0706852	0.0706799	0.0706751	0.0706704	0.0706724	0.0706745	0.0706746	0.0706747	0.0706723	0.0706699	0.0706768	0.0706837	0.0706835	0.0706833	0.0706961	0.0707089	0.070707	0.0707052	0.0707155	0.0707257	0.0707183	0.0707109	0.0707141	0.0707173	0.0707073	0.0706973	0.0706952	0.0706931	0.0706849	0.0706768	0.0706731	0.0706695	0.0706647	0.0706599	0.0706576	0.0706553	0.0706534	0.0706515	0.0706522	
0.0942031	0.0942039	0.0942039	0.0942038	0.0942097	0.0942156	0.094217	0.0942184	0.0942297	0.094241	0.0942431	0.0942451	0.0942598	0.0942745	0.0942748	0.0942751	0.0942875	0.0942999	0.0942944	0.094289	0.0942921	0.0942953	0.0942838	0.0942723	0.0942658	0.0942592	0.094251	0.0942428	0.0942366	0.0942305	0.0942321	0.0942337	0.0942347	0.0942358	0.0942319	0.0942279	0.0942385	0.0942491	0.0942484	0.0942477	0.0942655	0.0942832	0.0942796	0.094276	0.0942891	0.0943022	0.0942915	0.0942807	0.0942841	0.0942875	0.0942743	0.0942612	0.0942579	0.0942547	0.0942444	0.0942342	0.0942293	0.0942243	0.0942186	0.0942129	0.0942098	0.0942068	0.0942045	0.0942023	0.0942031	
0.117754	0.117755	0.117755	0.117755	0.117762	0.117769	0.11777	0.117772	0.117786	0.1178	0.117802	0.117804	0.117823	0.117841	0.117842	0.117842	0.117858	0.117874	0.117868	0.117862	0.117867	0.117872	0.117857	0.117843	0.117836	0.117828	0.117817	0.117806	0.117798	0.117791	0.117792	0.117793	0.117795	0.117797	0.117791	0.117786	0.1178	0.117815	0.117813	0.117812	0.117835	0.117857	0.117852	0.117847	0.117863	0.117879	0.117865	0.117851	0.117854	0.117858	0.117841	0.117825	0.117821	0.117816	0.117804	0.117792	0.117785	0.117779	0.117773	0.117766	0.117762	0.117758	0.117756	0.117753	0.117754	
0.141306	0.141307	0.141307	0.141306	0.141314	0.141322	0.141323	0.141324	0.14134	0.141356	0.141358	0.14136	0.141382	0.141404	0.141404	0.141405	0.141426	0.141446	0.14144	0.141434	0.141443	0.141451	0.141435	0.141419	0.141412	0.141406	0.14139	0.141374	0.141366	0.141358	0.141357	0.141356	0.14136	0.141364	0.141356	0.141348	0.141368	0.141388	0.141385	0.141383	0.141411	0.141439	0.141429	0.14142	0.141438	0.141455	0.141437	0.141419	0.141421	0.141424	0.141405	0.141386	0.14138	0.141374	0.141361	0.141347	0.14134	0.141333	0.141326	0.141319	0.141315	0.14131	0.141308	0.141305	0.141306	
0.164858	0.164859	0.164859	0.164858	0.164867	0.164875	0.164876	0.164876	0.164894	0.164912	0.164913	0.164915	0.164941	0.164966	0.164967	0.164968	0.164993	0.165018	0.165012	0.165006	0.165019	0.165031	0.165013	0.164995	0.164989	0.164983	0.164963	0.164943	0.164935	0.164926	0.164922	0.164918	0.164925	0.164931	0.164921	0.16491	0.164936	0.164962	0.164957	0.164953	0.164986	0.16502	0.165007	0.164994	0.165013	0.165032	0.165009	0.164987	0.164988	0.16499	0.164968	0.164947	0.164939	0.164931	0.164917	0.164903	0.164895	0.164886	0.164879	0.164873	0.164868	0.164862	0.16486	0.164858	0.164858	
0.188412	0.188413	0.188412	0.188411	0.18842	0.188429	0.188428	0.188427	0.188446	0.188465	0.188465	0.188465	0.188493	0.188522	0.188522	0.188523	0.188554	0.188584	0.188579	0.188574	0.188593	0.188612	0.188594	0.188576	0.188574	0.188572	0.188547	0.188523	0.188515	0.188508	0.188498	0.188488	0.1885	0.188512	0.188496	0.188481	0.188516	0.18855	0.188541	0.188532	0.18857	0.188607	0.188588	0.188568	0.188587	0.188605	0.188578	0.18855	0.188549	0.188548	0.188525	0.188502	0.188493	0.188483	0.18847	0.188457	0.188447	0.188437	0.188432	0.188426	0.188421	0.188415	0.188413	0.188412	0.188412	
0.211966	0.211967	0.211965	0.211963	0.211973	0.211982	0.21198	0.211977	0.211997	0.212017	0.212016	0.212015	0.212046	0.212077	0.212078	0.212078	0.212114	0.21215	0.212146	0.212142	0.212168	0.212193	0.212175	0.212157	0.212159	0.212161	0.212131	0.212102	0.212096	0.21209	0.212074	0.212058	0.212075	0.212092	0.212072	0.212052	0.212095	0.212138	0.212124	0.212111	0.212153	0.212195	0.212169	0.212143	0.212161	0.212178	0.212146	0.212114	0.21211	0.212106	0.212082	0.212058	0.212046	0.212035	0.212022	0.21201	0.211999	0.211989	0.211984	0.21198	0.211974	0.211968	0.211967	0.211966	0.211966	
0.235524	0.235524	0.235522	0.235519	0.235528	0.235537	0.235533	0.235528	0.235548	0.235567	0.235564	0.23556	0.235592	0.235625	0.235623	0.235622	0.235663	0.235704	0.235701	0.235698	0.235733	0.235767	0.235752	0.235736	0.235747	0.235758	0.235726	0.235695	0.235694	0.235693	0.235668	0.235642	0.235666	0.235691	0.235665	0.235639	0.235691	0.235743	0.23572	0.235698	0.235741	0.235784	0.235749	0.235713	0.235726	0.235739	0.235704	0.235668	0.235661	0.235653	0.23563	0.235608	0.235594	0.235581	0.235571	0.235562	0.235551	0.23554	0.235538	0.235536	0.23553	0.235524	0.235524	0.235523	0.235524	
0.259081	0.259082	0.259079	0.259075	0.259084	0.259092	0.259086	0.259079	0.259099	0.259118	0.259111	0.259105	0.259139	0.259172	0.259169	0.259166	0.259212	0.259257	0.259256	0.259254	0.259298	0.259341	0.259328	0.259316	0.259336	0.259356	0.259322	0.259288	0.259292	0.259296	0.259261	0.259227	0.259258	0.25929	0.259257	0.259225	0.259287	0.259348	0.259317	0.259285	0.259329	0.259373	0.259328	0.259283	0.259292	0.259301	0.259262	0.259223	0.259211	0.2592	0.259179	0.259158	0.259142	0.259127	0.25912	0.259114	0.259103	0.259091	0.259092	0.259092	0.259086	0.25908	0.259081	0.259081	0.259081	
0.282643	0.282643	0.282639	0.282635	0.282642	0.282649	0.282641	0.282632	0.28265	0.282667	0.282657	0.282647	0.282679	0.282711	0.282704	0.282698	0.282746	0.282794	0.282792	0.28279	0.282843	0.282896	0.282888	0.28288	0.282915	0.28295	0.28292	0.28289	0.282907	0.282923	0.28288	0.282837	0.282879	0.282922	0.282878	0.282834	0.2829	0.282966	0.282921	0.282876	0.282911	0.282947	0.282894	0.282841	0.28284	0.28284	0.282802	0.282765	0.282748	0.282732	0.282716	0.282701	0.282685	0.282668	0.282667	0.282666	0.282655	0.282644	0.282647	0.28265	0.282645	0.28264	0.282641	0.282642	0.282643	
0.306204	0.306204	0.3062	0.306195	0.306201	0.306207	0.306196	0.306186	0.306201	0.306216	0.306202	0.306189	0.30622	0.30625	0.30624	0.306229	0.30628	0.30633	0.306328	0.306325	0.306388	0.30645	0.306448	0.306445	0.306495	0.306544	0.306518	0.306492	0.306521	0.30655	0.306499	0.306447	0.3065	0.306554	0.306498	0.306443	0.306513	0.306583	0.306525	0.306467	0.306494	0.306521	0.306459	0.306398	0.306389	0.30638	0.306343	0.306306	0.306285	0.306264	0.306254	0.306244	0.306227	0.30621	0.306213	0.306217	0.306207	0.306197	0.306203	0.306209	0.306204	0.3062	0.306202	0.306204	0.306204	
0.32977	0.329771	0.329765	0.32976	0.329765	0.329769	0.329757	0.329745	0.329756	0.329768	0.329751	0.329734	0.32976	0.329785	0.329769	0.329753	0.329801	0.329848	0.329841	0.329834	0.329901	0.329968	0.329968	0.329968	0.330035	0.330102	0.330088	0.330074	0.330125	0.330177	0.330126	0.330075	0.330136	0.330196	0.330134	0.330072	0.330128	0.330184	0.33011	0.330035	0.330044	0.330053	0.32999	0.329927	0.329908	0.329889	0.329861	0.329834	0.32981	0.329786	0.329786	0.329785	0.329769	0.329753	0.329762	0.329771	0.329763	0.329755	0.329763	0.32977	0.329768	0.329765	0.329767	0.329769	0.32977	
0.353336	0.353337	0.353331	0.353325	0.353328	0.353331	0.353317	0.353304	0.353312	0.35332	0.353299	0.353279	0.3533	0.35332	0.353299	0.353278	0.353322	0.353366	0.353354	0.353342	0.353414	0.353486	0.353489	0.353492	0.353576	0.353659	0.353657	0.353655	0.35373	0.353804	0.353754	0.353704	0.353771	0.353838	0.35377	0.353701	0.353743	0.353786	0.353694	0.353602	0.353594	0.353585	0.353521	0.353456	0.353427	0.353398	0.35338	0.353361	0.353335	0.353308	0.353317	0.353325	0.35331	0.353296	0.35331	0.353324	0.353319	0.353313	0.353323	0.353332	0.353331	0.353331	0.353333	0.353335	0.353336	
0.376903	0.376905	0.376899	0.376894	0.376895	0.376896	0.376883	0.376869	0.376873	0.376876	0.376855	0.376834	0.376846	0.376859	0.376833	0.376806	0.376841	0.376875	0.376853	0.376832	0.376898	0.376964	0.376961	0.376958	0.37705	0.377142	0.377153	0.377163	0.377272	0.377381	0.377351	0.377321	0.377385	0.377448	0.377386	0.377323	0.377315	0.377307	0.377209	0.377112	0.37708	0.377049	0.377001	0.376953	0.376917	0.376881	0.376881	0.376881	0.376856	0.376831	0.376849	0.376867	0.376857	0.376847	0.376863	0.37688	0.376879	0.376878	0.376886	0.376895	0.376897	0.376899	0.3769	0.376902	0.376903	
0.400471	0.400473	0.400467	0.400462	0.400461	0.400461	0.400448	0.400435	0.400434	0.400433	0.400411	0.400388	0.400393	0.400398	0.400366	0.400335	0.400359	0.400383	0.400353	0.400323	0.400382	0.400441	0.400433	0.400424	0.400524	0.400624	0.400648	0.400672	0.400815	0.400958	0.400948	0.400939	0.400998	0.401058	0.401002	0.400945	0.400887	0.400828	0.400725	0.400621	0.400567	0.400513	0.400482	0.40045	0.400407	0.400364	0.400382	0.400401	0.400377	0.400354	0.400382	0.400409	0.400404	0.400398	0.400417	0.400436	0.400439	0.400442	0.40045	0.400459	0.400463	0.400468	0.400468	0.400468	0.400471	
0.424036	0.42404	0.424035	0.42403	0.424028	0.424026	0.424017	0.424008	0.424002	0.423996	0.423978	0.42396	0.423955	0.42395	0.42392	0.42389	0.423897	0.423905	0.423866	0.423828	0.423865	0.423901	0.423875	0.423849	0.423927	0.424005	0.424028	0.424051	0.424214	0.424377	0.42444	0.424502	0.424572	0.424642	0.424551	0.424461	0.424331	0.4242	0.424113	0.424026	0.423971	0.423916	0.423924	0.423931	0.423892	0.423853	0.423891	0.423928	0.423913	0.423898	0.423929	0.42396	0.423962	0.423965	0.42398	0.423995	0.424004	0.424013	0.424017	0.424021	0.424029	0.424036	0.424035	0.424033	0.424036	
0.447602	0.447607	0.447602	0.447598	0.447595	0.447592	0.447586	0.44758	0.447569	0.447559	0.447545	0.447532	0.447517	0.447503	0.447473	0.447444	0.447435	0.447426	0.44738	0.447334	0.447347	0.447361	0.447318	0.447274	0.44733	0.447385	0.447408	0.447431	0.447614	0.447797	0.447931	0.448065	0.448145	0.448226	0.448101	0.447976	0.447775	0.447573	0.447501	0.44743	0.447375	0.44732	0.447366	0.447412	0.447377	0.447341	0.447399	0.447456	0.44745	0.447443	0.447477	0.447511	0.447521	0.447532	0.447543	0.447555	0.447569	0.447584	0.447583	0.447583	0.447594	0.447605	0.447601	0.447597	0.447602	
0.471159	0.471165	0.471162	0.471159	0.471155	0.471151	0.47115	0.47115	0.471136	0.471122	0.471118	0.471114	0.471091	0.471068	0.471051	0.471033	0.471008	0.470982	0.470941	0.470901	0.470884	0.470867	0.470809	0.47075	0.470743	0.470736	0.470726	0.470717	0.470858	0.470998	0.471238	0.471479	0.471523	0.471568	0.471374	0.471181	0.470981	0.47078	0.47079	0.4708	0.470773	0.470747	0.470834	0.470922	0.470904	0.470886	0.470945	0.471004	0.471014	0.471023	0.471045	0.471067	0.47109	0.471112	0.471112	0.471111	0.471133	0.471154	0.471146	0.471138	0.471152	0.471167	0.47116	0.471153	0.471159	
0.494716	0.494723	0.494721	0.494719	0.494714	0.49471	0.494715	0.49472	0.494702	0.494685	0.494691	0.494697	0.494665	0.494634	0.494628	0.494623	0.49458	0.494538	0.494503	0.494468	0.494421	0.494374	0.494299	0.494225	0.494156	0.494086	0.494045	0.494003	0.494101	0.4942	0.494546	0.494892	0.494901	0.49491	0.494648	0.494386	0.494187	0.493987	0.494078	0.494169	0.494172	0.494174	0.494303	0.494432	0.494431	0.49443	0.494491	0.494552	0.494578	0.494604	0.494614	0.494624	0.494658	0.494692	0.49468	0.494667	0.494696	0.494724	0.494708	0.494693	0.494711	0.494729	0.494719	0.494709	0.494716	
0.518261	0.518269	0.518268	0.518268	0.518262	0.518257	0.518268	0.518279	0.518259	0.51824	0.518258	0.518276	0.51824	0.518204	0.518219	0.518234	0.518182	0.518129	0.518122	0.518115	0.518049	0.517983	0.517926	0.517868	0.517753	0.517637	0.517509	0.517381	0.517347	0.517313	0.517709	0.518106	0.51805	0.517994	0.517692	0.51739	0.517324	0.517259	0.517493	0.517728	0.51775	0.517773	0.517895	0.518017	0.51804	0.518063	0.518092	0.518122	0.518167	0.518212	0.518197	0.518181	0.518226	0.518271	0.518244	0.518216	0.51825	0.518284	0.518261	0.518237	0.518258	0.518278	0.518266	0.518253	0.518261	
0.541806	0.541814	0.541815	0.541816	0.54181	0.541805	0.541821	0.541837	0.541816	0.541795	0.541825	0.541855	0.541814	0.541774	0.54181	0.541846	0.541783	0.541721	0.541741	0.541762	0.541678	0.541593	0.541552	0.541511	0.54135	0.541188	0.540974	0.540759	0.540593	0.540426	0.540873	0.541319	0.541198	0.541077	0.540735	0.540393	0.540461	0.54053	0.540908	0.541286	0.541329	0.541372	0.541487	0.541602	0.541649	0.541696	0.541694	0.541691	0.541756	0.541821	0.54178	0.541739	0.541795	0.541851	0.541808	0.541765	0.541804	0.541844	0.541813	0.541782	0.541805	0.541828	0.541813	0.541797	0.541806	
0.565339	0.565347	0.565348	0.565349	0.565343	0.565338	0.565356	0.565373	0.565352	0.565331	0.565366	0.565402	0.565361	0.56532	0.565373	0.565425	0.565361	0.565298	0.565356	0.565414	0.565334	0.565254	0.565281	0.565307	0.565214	0.56512	0.564945	0.564769	0.564344	0.56392	0.564099	0.564278	0.564151	0.564024	0.56394	0.563857	0.564182	0.564508	0.564818	0.565128	0.565152	0.565175	0.565195	0.565215	0.565288	0.56536	0.565305	0.56525	0.56533	0.56541	0.565345	0.56528	0.565342	0.565404	0.565352	0.565301	0.565342	0.565382	0.565349	0.565316	0.565339	0.565362	0.565346	0.56533	0.565339	
0.588871	0.58888	0.588881	0.588882	0.588876	0.588871	0.58889	0.588909	0.588888	0.588867	0.588908	0.588949	0.588908	0.588867	0.588936	0.589004	0.58894	0.588875	0.58897	0.589065	0.58899	0.588915	0.589009	0.589104	0.589078	0.589053	0.588915	0.588778	0.588096	0.587414	0.587326	0.587238	0.587104	0.58697	0.587145	0.58732	0.587903	0.588486	0.588728	0.58897	0.588974	0.588978	0.588903	0.588828	0.588926	0.589025	0.588917	0.588809	0.588904	0.588999	0.58891	0.588822	0.58889	0.588957	0.588897	0.588836	0.588879	0.588921	0.588885	0.588849	0.588872	0.588896	0.58888	0.588863	0.588871	
0.612401	0.612408	0.612408	0.612408	0.612403	0.612399	0.612413	0.612428	0.61241	0.612393	0.612426	0.61246	0.612425	0.612391	0.612452	0.612512	0.612458	0.612405	0.612502	0.612599	0.612538	0.612477	0.612614	0.61275	0.612762	0.612774	0.612927	0.613081	0.612606	0.612132	0.611746	0.611359	0.611156	0.610952	0.611471	0.611989	0.612404	0.612818	0.612756	0.612695	0.612683	0.612672	0.612539	0.612406	0.612496	0.612586	0.612469	0.612353	0.612437	0.612521	0.612439	0.612357	0.612415	0.612474	0.612422	0.61237	0.612406	0.612442	0.612412	0.612382	0.612401	0.612421	0.612407	0.612394	0.612401	
0.63593	0.635936	0.635934	0.635933	0.63593	0.635927	0.635936	0.635946	0.635933	0.635919	0.635944	0.63597	0.635943	0.635915	0.635968	0.63602	0.635977	0.635934	0.636034	0.636133	0.636087	0.63604	0.636218	0.636396	0.636446	0.636495	0.636939	0.637383	0.637117	0.636876	0.636194	0.635539	0.635307	0.635366	0.635805	0.636746	0.636981	0.63715	0.636785	0.63642	0.636392	0.636365	0.636174	0.635983	0.636065	0.636146	0.636022	0.635897	0.63597	0.636043	0.635968	0.635892	0.635941	0.63599	0.635947	0.635903	0.635933	0.635962	0.635938	0.635914	0.63593	0.635946	0.635935	0.635924	0.63593	
0.659466	0.65947	0.659467	0.659465	0.659464	0.659464	0.659464	0.659465	0.65946	0.659454	0.659461	0.659467	0.659456	0.659444	0.659461	0.659479	0.659459	0.659439	0.659481	0.659523	0.659494	0.659466	0.659562	0.659657	0.659637	0.659617	0.659924	0.660232	0.66034	0.66187	0.662093	0.660949	0.659296	0.659696	0.661247	0.661734	0.660974	0.660265	0.659962	0.659659	0.659688	0.659718	0.659597	0.659476	0.659525	0.659574	0.659506	0.659438	0.659477	0.659517	0.659478	0.65944	0.659467	0.659493	0.659471	0.65945	0.659466	0.659482	0.65947	0.659458	0.659467	0.659476	0.659469	0.659463	0.659466	
0.683003	0.683005	0.683001	0.682996	0.682998	0.683	0.682992	0.682984	0.682987	0.68299	0.682977	0.682965	0.682968	0.682972	0.682955	0.682938	0.682941	0.682943	0.682928	0.682912	0.682902	0.682892	0.682905	0.682919	0.682828	0.682738	0.682909	0.683081	0.683563	0.684158	0.684877	0.684499	0.686583	0.684923	0.685221	0.684498	0.683758	0.683379	0.683138	0.682897	0.682984	0.683071	0.68302	0.682969	0.682985	0.683002	0.68299	0.682979	0.682985	0.68299	0.682989	0.682988	0.682992	0.682996	0.682996	0.682996	0.682999	0.683002	0.683002	0.683001	0.683003	0.683005	0.683003	0.683001	0.683003	
0.706557	0.706557	0.706552	0.706546	0.706553	0.706559	0.706544	0.70653	0.706545	0.70656	0.706532	0.706505	0.706533	0.706561	0.706515	0.706468	0.706515	0.706562	0.706492	0.706421	0.706486	0.706551	0.706461	0.706372	0.706401	0.706429	0.706286	0.706143	0.706323	0.70519	0.705046	0.703612	0.712937	0.706582	0.705903	0.705871	0.706175	0.706437	0.706455	0.706473	0.706506	0.70654	0.706567	0.706595	0.706556	0.706517	0.706556	0.706595	0.706559	0.706522	0.706552	0.706582	0.706558	0.706534	0.706553	0.706572	0.706559	0.706545	0.706555	0.706565	0.706559	0.706553	0.706555	0.706557	0.706557	
0.730111	0.730109	0.730103	0.730096	0.730107	0.730118	0.730097	0.730075	0.730103	0.73013	0.730087	0.730044	0.730097	0.73015	0.730074	0.729998	0.73009	0.730182	0.730056	0.72993	0.73007	0.730209	0.730018	0.729826	0.729973	0.730121	0.729663	0.729206	0.729083	0.728915	0.728626	0.728374	0.762962	0.727539	0.728544	0.728917	0.729371	0.729494	0.729771	0.730048	0.730029	0.730009	0.730115	0.730221	0.730127	0.730033	0.730123	0.730212	0.730133	0.730053	0.730115	0.730176	0.730125	0.730073	0.73011	0.730148	0.730118	0.730089	0.730108	0.730128	0.730114	0.7301	0.730106	0.730112	0.730111	
0.753681	0.753678	0.753673	0.753667	0.753681	0.753696	0.753674	0.753652	0.753689	0.753726	0.753683	0.75364	0.75371	0.75378	0.753707	0.753634	0.753753	0.753872	0.753756	0.753639	0.753823	0.754006	0.753827	0.753647	0.753887	0.754127	0.75386	0.753593	0.753415	0.75398	0.753756	0.754622	0.755851	0.753638	0.753447	0.753457	0.753533	0.753683	0.753824	0.753964	0.753855	0.753745	0.75386	0.753974	0.753838	0.753703	0.753794	0.753885	0.753778	0.75367	0.753736	0.753801	0.75373	0.753659	0.753702	0.753744	0.753702	0.753661	0.753684	0.753708	0.753687	0.753667	0.753676	0.753684	0.753681	
0.777252	0.777247	0.777242	0.777238	0.777256	0.777274	0.777252	0.77723	0.777276	0.777322	0.777279	0.777237	0.777323	0.77741	0.77734	0.77727	0.777416	0.777563	0.777456	0.777348	0.777575	0.777803	0.777636	0.777469	0.777801	0.778134	0.778057	0.77798	0.777748	0.777452	0.777237	0.77749	0.778283	0.778129	0.777298	0.777353	0.777497	0.777872	0.777876	0.77788	0.777681	0.777482	0.777604	0.777727	0.77755	0.777372	0.777465	0.777557	0.777422	0.777288	0.777356	0.777425	0.777336	0.777246	0.777293	0.777339	0.777286	0.777233	0.77726	0.777287	0.777261	0.777234	0.777245	0.777256	0.777252	
0.800826	0.800821	0.800818	0.800815	0.800833	0.80085	0.800833	0.800815	0.800859	0.800903	0.800869	0.800835	0.800911	0.800987	0.800935	0.800883	0.800992	0.801102	0.801028	0.800954	0.801078	0.801202	0.801089	0.800977	0.801046	0.801114	0.800883	0.800652	0.800473	0.799823	0.800022	0.801079	0.801538	0.80123	0.800353	0.799996	0.800317	0.80059	0.8008	0.80101	0.800979	0.800947	0.801049	0.801151	0.801048	0.800946	0.801019	0.801092	0.800987	0.800882	0.800939	0.800996	0.800915	0.800835	0.800876	0.800916	0.800864	0.800812	0.800838	0.800863	0.800836	0.800809	0.80082	0.800831	0.800826	
0.824401	0.824395	0.824394	0.824393	0.82441	0.824427	0.824414	0.824401	0.824442	0.824483	0.824458	0.824434	0.824498	0.824563	0.824529	0.824495	0.824568	0.824641	0.8246	0.824559	0.82458	0.824601	0.824543	0.824486	0.82429	0.824095	0.823709	0.823324	0.823198	0.823037	0.82347	0.82365	0.823951	0.823879	0.823508	0.822982	0.823068	0.823309	0.823724	0.82414	0.824276	0.824413	0.824493	0.824574	0.824547	0.82452	0.824574	0.824628	0.824552	0.824476	0.824521	0.824566	0.824495	0.824423	0.824458	0.824494	0.824443	0.824392	0.824416	0.824439	0.824412	0.824384	0.824395	0.824407	0.824401	
0.847969	0.847963	0.847964	0.847966	0.847978	0.84799	0.847982	0.847974	0.848003	0.848031	0.848016	0.848001	0.848036	0.848072	0.848053	0.848033	0.848046	0.848059	0.848039	0.848018	0.847932	0.847845	0.847822	0.847799	0.847472	0.847145	0.847073	0.847001	0.847258	0.847458	0.848041	0.848494	0.848947	0.84871	0.848049	0.847284	0.84695	0.847004	0.847111	0.847218	0.847473	0.847728	0.847782	0.847837	0.847901	0.847965	0.848007	0.848048	0.848025	0.848002	0.848037	0.848073	0.848027	0.847981	0.84801	0.848039	0.848	0.84796	0.84798	0.848001	0.847977	0.847953	0.847964	0.847975	0.847969	
0.871537	0.871531	0.871534	0.871538	0.871545	0.871552	0.87155	0.871547	0.871563	0.871579	0.871573	0.871567	0.871574	0.871581	0.871576	0.871571	0.871524	0.871477	0.871477	0.871477	0.871283	0.87109	0.871101	0.871112	0.870654	0.870196	0.870437	0.870679	0.871317	0.871956	0.872732	0.873508	0.87353	0.873551	0.872641	0.871731	0.871215	0.870699	0.870498	0.870296	0.870669	0.871043	0.871071	0.8711	0.871256	0.871411	0.87144	0.871469	0.871498	0.871527	0.871553	0.871579	0.871559	0.871539	0.871562	0.871584	0.871556	0.871528	0.871545	0.871562	0.871542	0.871523	0.871533	0.871543	0.871537	
0.895092	0.895085	0.89509	0.895095	0.895096	0.895097	0.895098	0.895099	0.8951	0.895101	0.895102	0.895102	0.895084	0.895065	0.895069	0.895073	0.894996	0.894919	0.894934	0.894948	0.894764	0.89458	0.894632	0.894684	0.894434	0.894183	0.894519	0.894854	0.895427	0.896	0.896358	0.896715	0.896659	0.896602	0.89623	0.895857	0.895359	0.894861	0.894552	0.894243	0.894433	0.894623	0.894612	0.894602	0.894744	0.894886	0.894903	0.89492	0.894974	0.895027	0.895046	0.895065	0.895068	0.895071	0.895088	0.895106	0.895092	0.895078	0.895092	0.895106	0.895092	0.895079	0.895088	0.895098	0.895092	
0.918646	0.918639	0.918646	0.918652	0.918647	0.918641	0.918646	0.918651	0.918637	0.918623	0.91863	0.918637	0.918593	0.918549	0.918561	0.918574	0.918468	0.918361	0.918391	0.91842	0.918245	0.918069	0.918163	0.918256	0.918213	0.91817	0.9186	0.919029	0.919537	0.920044	0.919983	0.919922	0.919788	0.919653	0.919818	0.919983	0.919503	0.919024	0.918607	0.918191	0.918197	0.918204	0.918153	0.918103	0.918232	0.918361	0.918367	0.918372	0.918449	0.918527	0.918539	0.918552	0.918577	0.918602	0.918615	0.918628	0.918628	0.918627	0.918638	0.91865	0.918642	0.918635	0.918644	0.918652	0.918646	
0.94219	0.942183	0.942191	0.942198	0.942187	0.942176	0.942184	0.942191	0.942167	0.942143	0.942154	0.942165	0.942111	0.942057	0.942076	0.942095	0.941995	0.941895	0.941937	0.94198	0.941862	0.941745	0.94186	0.941976	0.942055	0.942133	0.942456	0.942778	0.943052	0.943326	0.943145	0.942963	0.942838	0.942714	0.943004	0.943295	0.94302	0.942745	0.942449	0.942152	0.942042	0.941931	0.941857	0.941782	0.941855	0.941928	0.94192	0.941912	0.941981	0.942051	0.942057	0.942064	0.942097	0.94213	0.94214	0.94215	0.942158	0.942166	0.942176	0.942185	0.942182	0.94218	0.942188	0.942197	0.94219	
0.965734	0.965727	0.965735	0.965744	0.965728	0.965711	0.965721	0.965731	0.965697	0.965664	0.965678	0.965693	0.965629	0.965566	0.965591	0.965616	0.965523	0.965429	0.965484	0.965539	0.96548	0.965421	0.965558	0.965696	0.965896	0.966096	0.966312	0.966527	0.966568	0.966609	0.966306	0.966003	0.965889	0.965774	0.96619	0.966606	0.966536	0.966466	0.96629	0.966114	0.965886	0.965659	0.96556	0.965462	0.965478	0.965495	0.965474	0.965453	0.965514	0.965574	0.965576	0.965577	0.965618	0.965658	0.965665	0.965671	0.965688	0.965705	0.965713	0.965721	0.965723	0.965725	0.965733	0.965741	0.965734	
0.989273	0.989266	0.989275	0.989284	0.989265	0.989246	0.989258	0.989269	0.989233	0.989197	0.989214	0.989232	0.989173	0.989113	0.989144	0.989174	0.989103	0.989033	0.989093	0.989154	0.98914	0.989126	0.98925	0.989374	0.989553	0.989731	0.989861	0.98999	0.989937	0.989884	0.989613	0.989341	0.989258	0.989175	0.989536	0.989897	0.989909	0.989921	0.989836	0.989751	0.989545	0.989339	0.989253	0.989166	0.989141	0.989116	0.989089	0.989061	0.989099	0.989136	0.989133	0.989129	0.989164	0.9892	0.989203	0.989207	0.989226	0.989244	0.98925	0.989257	0.989261	0.989265	0.989272	0.98928	0.989273	
1.01281	1.0128	1.01281	1.01282	1.0128	1.01278	1.01279	1.01281	1.01277	1.01273	1.01275	1.01277	1.01272	1.01266	1.0127	1.01273	1.01268	1.01264	1.0127	1.01277	1.0128	1.01283	1.01294	1.01305	1.01321	1.01337	1.01341	1.01345	1.01331	1.01316	1.01292	1.01268	1.01263	1.01258	1.01288	1.01319	1.01328	1.01338	1.01338	1.01339	1.0132	1.01302	1.01295	1.01287	1.0128	1.01274	1.0127	1.01267	1.01268	1.0127	1.01269	1.01268	1.01271	1.01274	1.01274	1.01274	1.01276	1.01278	1.01279	1.01279	1.0128	1.0128	1.01281	1.01282	1.01281	
1.03635	1.03635	1.03636	1.03636	1.03634	1.03632	1.03634	1.03635	1.03632	1.03628	1.0363	1.03632	1.03628	1.03624	1.03627	1.03631	1.03628	1.03626	1.03632	1.03638	1.03642	1.03647	1.03655	1.03664	1.03675	1.03687	1.03687	1.03686	1.03674	1.03661	1.03643	1.03626	1.03622	1.03618	1.03641	1.03664	1.03672	1.0368	1.03684	1.03689	1.03675	1.03661	1.03656	1.03651	1.03643	1.03635	1.03632	1.03629	1.03629	1.03628	1.03627	1.03626	1.03628	1.0363	1.0363	1.0363	1.03631	1.03633	1.03633	1.03634	1.03634	1.03635	1.03635	1.03636	1.03635	
1.05989	1.05989	1.0599	1.05991	1.05989	1.05987	1.05988	1.0599	1.05986	1.05983	1.05986	1.05988	1.05985	1.05981	1.05985	1.05989	1.05988	1.05988	1.05993	1.05999	1.06005	1.06011	1.06017	1.06023	1.0603	1.06037	1.06032	1.06028	1.06016	1.06005	1.05994	1.05984	1.05981	1.05979	1.05994	1.06009	1.06016	1.06023	1.0603	1.06038	1.06029	1.0602	1.06017	1.06014	1.06005	1.05997	1.05994	1.05991	1.05989	1.05986	1.05985	1.05984	1.05985	1.05985	1.05985	1.05985	1.05986	1.05987	1.05988	1.05988	1.05988	1.05989	1.05989	1.0599	1.05989	
1.08344	1.08343	1.08344	1.08345	1.08343	1.08342	1.08343	1.08345	1.08342	1.0834	1.08342	1.08344	1.08342	1.0834	1.08344	1.08347	1.08348	1.08348	1.08353	1.08358	1.08364	1.08369	1.08373	1.08377	1.08381	1.08385	1.0838	1.08375	1.08365	1.08356	1.08349	1.08342	1.08341	1.08339	1.08349	1.08359	1.08365	1.08371	1.08379	1.08386	1.0838	1.08375	1.08373	1.08372	1.08364	1.08356	1.08354	1.08351	1.08348	1.08345	1.08344	1.08342	1.08342	1.08342	1.08342	1.08341	1.08342	1.08343	1.08343	1.08343	1.08343	1.08344	1.08344	1.08345	1.08344	
1.10699	1.10698	1.10699	1.107	1.10698	1.10697	1.10698	1.107	1.10698	1.10696	1.10698	1.10701	1.107	1.10698	1.10702	1.10706	1.10707	1.10709	1.10713	1.10717	1.10722	1.10727	1.10729	1.10731	1.10732	1.10733	1.10727	1.10722	1.10715	1.10707	1.10704	1.107	1.107	1.10699	1.10705	1.1071	1.10714	1.10719	1.10727	1.10734	1.10732	1.10729	1.10729	1.10729	1.10722	1.10716	1.10714	1.10712	1.10708	1.10704	1.10702	1.10701	1.107	1.10699	1.10698	1.10698	1.10698	1.10698	1.10698	1.10698	1.10698	1.10698	1.10699	1.10699	1.10699	
1.13054	1.13053	1.13054	1.13055	1.13054	1.13053	1.13054	1.13056	1.13054	1.13053	1.13055	1.13058	1.13057	1.13057	1.1306	1.13063	1.13065	1.13067	1.13071	1.13074	1.13078	1.13082	1.13083	1.13084	1.13084	1.13084	1.13079	1.13073	1.13068	1.13063	1.13061	1.13059	1.13058	1.13058	1.13061	1.13065	1.13068	1.13072	1.13078	1.13085	1.13083	1.13082	1.13083	1.13084	1.13078	1.13073	1.13071	1.1307	1.13066	1.13062	1.1306	1.13059	1.13058	1.13056	1.13055	1.13055	1.13055	1.13054	1.13054	1.13054	1.13054	1.13054	1.13054	1.13055	1.13054	
1.15409	1.15409	1.1541	1.15411	1.1541	1.15408	1.1541	1.15412	1.15411	1.1541	1.15412	1.15415	1.15415	1.15415	1.15418	1.15421	1.15423	1.15426	1.15428	1.15431	1.15434	1.15437	1.15437	1.15436	1.15435	1.15435	1.1543	1.15425	1.15422	1.15418	1.15417	1.15417	1.15417	1.15417	1.15418	1.1542	1.15422	1.15424	1.1543	1.15435	1.15435	1.15435	1.15437	1.15438	1.15434	1.1543	1.15429	1.15428	1.15424	1.1542	1.15419	1.15418	1.15415	1.15413	1.15413	1.15412	1.15411	1.1541	1.1541	1.1541	1.1541	1.15409	1.1541	1.1541	1.15409	
1.17765	1.17764	1.17765	1.17766	1.17766	1.17765	1.17766	1.17768	1.17768	1.17767	1.17769	1.17771	1.17772	1.17773	1.17775	1.17778	1.1778	1.17782	1.17784	1.17786	1.17788	1.17791	1.1779	1.17789	1.17788	1.17787	1.17783	1.17779	1.17776	1.17774	1.17773	1.17773	1.17773	1.17773	1.17774	1.17775	1.17777	1.17778	1.17783	1.17788	1.17788	1.17788	1.1779	1.17792	1.17789	1.17785	1.17785	1.17784	1.1778	1.17777	1.17776	1.17775	1.17773	1.1777	1.1777	1.17769	1.17768	1.17767	1.17767	1.17766	1.17766	1.17765	1.17765	1.17766	1.17765	
1.20121	1.2012	1.20121	1.20122	1.20122	1.20121	1.20123	1.20124	1.20124	1.20124	1.20126	1.20128	1.20129	1.2013	1.20132	1.20135	1.20137	1.20139	1.2014	1.20141	1.20143	1.20145	1.20143	1.20142	1.20141	1.20139	1.20136	1.20133	1.20131	1.20129	1.20129	1.20129	1.2013	1.2013	1.2013	1.2013	1.20131	1.20133	1.20136	1.2014	1.2014	1.20141	1.20143	1.20145	1.20143	1.20141	1.20141	1.20141	1.20137	1.20134	1.20133	1.20132	1.2013	1.20127	1.20127	1.20126	1.20124	1.20123	1.20123	1.20123	1.20122	1.20121	1.20121	1.20122	1.20121	
1.22477	1.22477	1.22478	1.22478	1.22478	1.22478	1.22479	1.22481	1.22481	1.22481	1.22483	1.22485	1.22486	1.22487	1.22489	1.22491	1.22492	1.22494	1.22495	1.22496	1.22497	1.22498	1.22497	1.22496	1.22494	1.22493	1.2249	1.22488	1.22487	1.22485	1.22486	1.22486	1.22486	1.22486	1.22486	1.22486	1.22487	1.22488	1.22491	1.22493	1.22494	1.22495	1.22497	1.22499	1.22497	1.22495	1.22496	1.22496	1.22493	1.2249	1.22489	1.22489	1.22486	1.22484	1.22483	1.22483	1.22481	1.22479	1.22479	1.22479	1.22478	1.22477	1.22478	1.22478	1.22477	
1.24834	1.24833	1.24834	1.24835	1.24834	1.24834	1.24836	1.24837	1.24837	1.24838	1.24839	1.24841	1.24842	1.24844	1.24845	1.24847	1.24848	1.2485	1.2485	1.24851	1.24851	1.24852	1.24851	1.24849	1.24848	1.24847	1.24845	1.24843	1.24842	1.24842	1.24842	1.24842	1.24842	1.24842	1.24842	1.24842	1.24842	1.24843	1.24845	1.24847	1.24848	1.24849	1.24851	1.24853	1.24851	1.2485	1.24851	1.24851	1.24848	1.24846	1.24846	1.24845	1.24843	1.2484	1.2484	1.24839	1.24838	1.24836	1.24836	1.24836	1.24835	1.24834	1.24834	1.24834	1.24834	
1.2719	1.27189	1.2719	1.27191	1.27191	1.27191	1.27192	1.27193	1.27194	1.27194	1.27196	1.27197	1.27198	1.272	1.27201	1.27202	1.27203	1.27205	1.27205	1.27205	1.27206	1.27206	1.27205	1.27203	1.27202	1.27201	1.272	1.27198	1.27198	1.27197	1.27197	1.27197	1.27197	1.27198	1.27197	1.27197	1.27198	1.27198	1.272	1.27202	1.27202	1.27203	1.27205	1.27206	1.27206	1.27205	1.27205	1.27206	1.27204	1.27201	1.27201	1.27201	1.27199	1.27196	1.27196	1.27196	1.27194	1.27192	1.27192	1.27192	1.27191	1.2719	1.2719	1.27191	1.2719	
1.29546	1.29546	1.29546	1.29547	1.29547	1.29547	1.29548	1.29549	1.2955	1.29551	1.29552	1.29553	1.29554	1.29556	1.29556	1.29557	1.29558	1.2956	1.2956	1.2956	1.2956	1.2956	1.29559	1.29557	1.29557	1.29556	1.29555	1.29553	1.29553	1.29553	1.29553	1.29553	1.29553	1.29553	1.29553	1.29553	1.29553	1.29554	1.29555	1.29556	1.29557	1.29557	1.29559	1.2956	1.2956	1.29559	1.2956	1.2956	1.29559	1.29557	1.29557	1.29557	1.29555	1.29553	1.29552	1.29552	1.2955	1.29549	1.29549	1.29548	1.29547	1.29546	1.29547	1.29547	1.29546	
1.31903	1.31902	1.31903	1.31903	1.31903	1.31904	1.31905	1.31905	1.31906	1.31907	1.31908	1.31909	1.3191	1.31911	1.31912	1.31912	1.31913	1.31914	1.31914	1.31914	1.31914	1.31914	1.31913	1.31912	1.31911	1.31911	1.3191	1.31909	1.31909	1.31908	1.31908	1.31908	1.31908	1.31909	1.31908	1.31908	1.31909	1.31909	1.3191	1.31911	1.31911	1.31912	1.31913	1.31914	1.31914	1.31914	1.31914	1.31915	1.31914	1.31912	1.31912	1.31912	1.3191	1.31908	1.31908	1.31908	1.31906	1.31905	1.31905	1.31905	1.31904	1.31903	1.31903	1.31903	1.31903	
1.34259	1.34259	1.34259	1.3426	1.3426	1.3426	1.34261	1.34262	1.34262	1.34263	1.34264	1.34265	1.34266	1.34266	1.34267	1.34267	1.34268	1.34269	1.34269	1.34269	1.34269	1.34268	1.34268	1.34267	1.34266	1.34266	1.34265	1.34264	1.34264	1.34264	1.34264	1.34264	1.34264	1.34264	1.34264	1.34264	1.34264	1.34264	1.34265	1.34266	1.34266	1.34267	1.34268	1.34269	1.34269	1.34268	1.34269	1.3427	1.34268	1.34267	1.34267	1.34267	1.34266	1.34264	1.34264	1.34264	1.34262	1.34261	1.34261	1.34261	1.3426	1.34259	1.34259	1.34259	1.34259	
1.36615	1.36615	1.36615	1.36616	1.36616	1.36616	1.36617	1.36617	1.36618	1.36619	1.36619	1.3662	1.36621	1.36622	1.36622	1.36622	1.36623	1.36624	1.36623	1.36623	1.36623	1.36623	1.36622	1.36622	1.36621	1.36621	1.3662	1.3662	1.36619	1.36619	1.36619	1.36619	1.36619	1.3662	1.36619	1.36619	1.36619	1.3662	1.3662	1.36621	1.36621	1.36622	1.36622	1.36623	1.36623	1.36623	1.36623	1.36624	1.36623	1.36622	1.36622	1.36622	1.36621	1.3662	1.3662	1.36619	1.36618	1.36617	1.36617	1.36617	1.36616	1.36615	1.36615	1.36616	1.36615	
1.38971	1.38971	1.38971	1.38972	1.38972	1.38972	1.38973	1.38973	1.38974	1.38974	1.38975	1.38975	1.38976	1.38977	1.38977	1.38977	1.38978	1.38978	1.38978	1.38978	1.38978	1.38978	1.38977	1.38976	1.38976	1.38976	1.38975	1.38975	1.38975	1.38975	1.38975	1.38975	1.38975	1.38975	1.38975	1.38975	1.38975	1.38975	1.38975	1.38976	1.38976	1.38976	1.38977	1.38978	1.38978	1.38978	1.38978	1.38978	1.38978	1.38977	1.38977	1.38977	1.38976	1.38975	1.38975	1.38975	1.38974	1.38973	1.38973	1.38973	1.38972	1.38971	1.38971	1.38972	1.38971	
1.41327	1.41327	1.41327	1.41328	1.41328	1.41328	1.41328	1.41329	1.41329	1.4133	1.4133	1.41331	1.41331	1.41332	1.41332	1.41332	1.41332	1.41333	1.41333	1.41332	1.41332	1.41332	1.41332	1.41331	1.41331	1.41331	1.41331	1.4133	1.4133	1.4133	1.4133	1.4133	1.4133	1.4133	1.4133	1.4133	1.4133	1.4133	1.41331	1.41331	1.41331	1.41331	1.41332	1.41332	1.41332	1.41332	1.41333	1.41333	1.41332	1.41332	1.41332	1.41332	1.41331	1.4133	1.4133	1.4133	1.41329	1.41329	1.41329	1.41329	1.41328	1.41327	1.41328	1.41328	1.41327	
1.43683	1.43683	1.43684	1.43684	1.43684	1.43684	1.43684	1.43685	1.43685	1.43685	1.43686	1.43686	1.43686	1.43687	1.43687	1.43687	1.43687	1.43687	1.43687	1.43687	1.43687	1.43687	1.43687	1.43686	1.43686	1.43686	1.43686	1.43686	1.43686	1.43686	1.43685	1.43685	1.43685	1.43686	1.43685	1.43685	1.43686	1.43686	1.43686	1.43686	1.43686	1.43686	1.43687	1.43687	1.43687	1.43687	1.43687	1.43688	1.43687	1.43687	1.43687	1.43687	1.43686	1.43686	1.43686	1.43686	1.43685	1.43684	1.43684	1.43684	1.43684	1.43683	1.43684	1.43684	1.43683	
1.46039	1.46039	1.46039	1.4604	1.4604	1.4604	1.4604	1.4604	1.4604	1.46041	1.46041	1.46041	1.46041	1.46042	1.46042	1.46042	1.46042	1.46042	1.46042	1.46042	1.46042	1.46042	1.46041	1.46041	1.46041	1.46041	1.46041	1.46041	1.46041	1.46041	1.46041	1.46041	1.46041	1.46041	1.46041	1.46041	1.46041	1.46041	1.46041	1.46041	1.46041	1.46041	1.46042	1.46042	1.46042	1.46042	1.46042	1.46042	1.46042	1.46042	1.46042	1.46042	1.46041	1.46041	1.46041	1.46041	1.4604	1.4604	1.4604	1.4604	1.4604	1.46039	1.46039	1.4604	1.46039	
1.48395	1.48395	1.48395	1.48395	1.48396	1.48396	1.48396	1.48396	1.48396	1.48396	1.48396	1.48396	1.48396	1.48396	1.48396	1.48396	1.48397	1.48397	1.48397	1.48397	1.48396	1.48396	1.48396	1.48396	1.48396	1.48396	1.48396	1.48396	1.48396	1.48396	1.48396	1.48396	1.48396	1.48396	1.48396	1.48396	1.48396	1.48396	1.48396	1.48396	1.48396	1.48396	1.48396	1.48396	1.48396	1.48396	1.48397	1.48397	1.48397	1.48396	1.48396	1.48397	1.48396	1.48396	1.48396	1.48396	1.48396	1.48396	1.48396	1.48396	1.48396	1.48395	1.48395	1.48395	1.48395	
1.50751	1.50751	1.50751	1.50751	1.50751	1.50751	1.50751	1.50751	1.50751	1.50751	1.50751	1.50751	1.50751	1.50751	1.50751	1.50751	1.50751	1.50751	1.50751	1.50751	1.50751	1.50751	1.50751	1.50751	1.50751	1.50751	1.50751	1.50751	1.50751	1.50751	1.50751	1.50751	1.50751	1.50751	1.50751	1.50751	1.50751	1.50751	1.50751	1.50751	1.50751	1.50751	1.50751	1.50751	1.50751	1.50751	1.50751	1.50751	1.50751	1.50751	1.50751	1.50751	1.50751	1.50751	1.50751	1.50751	1.50751	1.50751	1.50751	1.50751	1.50751	1.50751	1.50751	1.50751	1.50751	
