x=200	y=85	z=200	n=65	len=1
b
0.641618	0.641631	0.641631	0.641631	0.641683	0.641734	0.641784	0.641833	0.641929	0.642026	0.642142	0.642258	0.642421	0.642584	0.642795	0.643005	0.643267	0.64353	0.643864	0.644198	0.644574	0.64495	0.645417	0.645884	0.646273	0.646661	0.646736	0.646811	0.645936	0.645061	0.643535	0.642009	0.640788	0.639567	0.641368	0.64317	0.644513	0.645856	0.645153	0.644451	0.64474	0.64503	0.645006	0.644981	0.644811	0.64464	0.64429	0.643939	0.64363	0.643321	0.643055	0.642788	0.642608	0.642427	0.642267	0.642107	0.642017	0.641928	0.641837	0.641747	0.641717	0.641688	0.641646	0.641604	0.641618	
0.641582	0.641592	0.641593	0.641594	0.641643	0.641691	0.641739	0.641787	0.64188	0.641973	0.642086	0.642198	0.642355	0.642511	0.642715	0.642919	0.643169	0.643419	0.643739	0.644059	0.644415	0.644771	0.645181	0.645591	0.645981	0.646372	0.646429	0.646485	0.646032	0.645578	0.643938	0.642299	0.6408	0.639301	0.641842	0.644383	0.645159	0.645934	0.645551	0.645167	0.645412	0.645656	0.645507	0.645359	0.645069	0.64478	0.644384	0.643988	0.643649	0.643311	0.643042	0.642773	0.642582	0.642391	0.642235	0.642079	0.641984	0.641889	0.641803	0.641716	0.641683	0.64165	0.641611	0.641571	0.641582	
0.641562	0.641575	0.641573	0.64157	0.641621	0.641671	0.641715	0.641758	0.641851	0.641944	0.64205	0.642155	0.64231	0.642464	0.642656	0.642848	0.643093	0.643338	0.643642	0.643947	0.644296	0.644646	0.645044	0.645441	0.645759	0.646076	0.646298	0.646521	0.646289	0.646056	0.644452	0.642848	0.642915	0.642983	0.643867	0.644751	0.645635	0.646519	0.646277	0.646034	0.646123	0.646211	0.645905	0.6456	0.645226	0.644852	0.644416	0.643979	0.64364	0.643301	0.643022	0.642743	0.642558	0.642374	0.642212	0.642051	0.641962	0.641873	0.641782	0.641692	0.641663	0.641634	0.641591	0.641548	0.641562	
0.641541	0.641557	0.641552	0.641547	0.641598	0.64165	0.64169	0.64173	0.641823	0.641916	0.642014	0.642112	0.642265	0.642417	0.642597	0.642776	0.643017	0.643257	0.643546	0.643835	0.644178	0.644521	0.644906	0.645292	0.645536	0.645779	0.646168	0.646557	0.646546	0.646535	0.644966	0.643397	0.645031	0.646665	0.645892	0.64512	0.646112	0.647104	0.647003	0.646901	0.646833	0.646766	0.646304	0.645841	0.645383	0.644924	0.644448	0.643971	0.643632	0.643292	0.643003	0.642713	0.642535	0.642357	0.64219	0.642022	0.64194	0.641857	0.641762	0.641667	0.641642	0.641617	0.641571	0.641525	0.641541	
0.641498	0.641511	0.641507	0.641502	0.64155	0.641599	0.641637	0.641675	0.641763	0.641851	0.641945	0.642039	0.642183	0.642326	0.642498	0.642669	0.642897	0.643124	0.643402	0.643681	0.644015	0.64435	0.644739	0.645129	0.645427	0.645725	0.646053	0.646381	0.646773	0.647165	0.645654	0.644143	0.646128	0.648114	0.64721	0.646306	0.647214	0.648123	0.647823	0.647522	0.64727	0.647018	0.646426	0.645834	0.645328	0.644822	0.644346	0.64387	0.643532	0.643194	0.642916	0.642638	0.642462	0.642285	0.642127	0.641968	0.641885	0.641802	0.641713	0.641623	0.641597	0.641571	0.641527	0.641484	0.641498	
0.641454	0.641465	0.641461	0.641457	0.641503	0.641548	0.641584	0.641621	0.641704	0.641787	0.641876	0.641965	0.6421	0.642236	0.642399	0.642562	0.642777	0.642991	0.643259	0.643527	0.643853	0.644179	0.644572	0.644965	0.645318	0.64567	0.645937	0.646205	0.647	0.647795	0.646342	0.644888	0.647225	0.649563	0.648528	0.647493	0.648317	0.649142	0.648643	0.648144	0.647707	0.647271	0.646549	0.645827	0.645274	0.64472	0.644244	0.643768	0.643432	0.643096	0.642829	0.642563	0.642388	0.642214	0.642064	0.641914	0.641831	0.641748	0.641663	0.641579	0.641552	0.641524	0.641483	0.641442	0.641454	
0.641427	0.641441	0.641434	0.641427	0.641473	0.64152	0.641552	0.641584	0.641665	0.641747	0.641829	0.641911	0.642042	0.642173	0.642324	0.642475	0.642683	0.642892	0.643143	0.643395	0.643724	0.644053	0.644448	0.644843	0.645307	0.64577	0.646141	0.646511	0.647769	0.649026	0.648266	0.647506	0.648664	0.649822	0.64926	0.648699	0.649119	0.64954	0.648867	0.648194	0.64765	0.647106	0.646355	0.645604	0.64507	0.644536	0.644076	0.643616	0.643307	0.642999	0.642738	0.642478	0.64232	0.642161	0.642012	0.641862	0.641788	0.641715	0.641629	0.641543	0.641521	0.641498	0.641455	0.641412	0.641427	
0.641399	0.641417	0.641406	0.641396	0.641444	0.641491	0.641519	0.641547	0.641627	0.641708	0.641782	0.641857	0.641984	0.642111	0.642249	0.642388	0.64259	0.642792	0.643028	0.643263	0.643595	0.643926	0.644324	0.644721	0.645296	0.645871	0.646345	0.646818	0.648538	0.650257	0.650191	0.650124	0.650102	0.650081	0.649993	0.649905	0.649921	0.649938	0.649091	0.648245	0.647593	0.646942	0.646161	0.645381	0.644866	0.644351	0.643908	0.643464	0.643183	0.642901	0.642647	0.642394	0.642251	0.642108	0.641959	0.64181	0.641746	0.641682	0.641594	0.641506	0.64149	0.641473	0.641427	0.641382	0.641399	
0.641354	0.641369	0.64136	0.641351	0.641395	0.641439	0.641465	0.641491	0.641566	0.641641	0.641711	0.641781	0.641899	0.642017	0.642147	0.642277	0.642463	0.64265	0.642872	0.643093	0.643402	0.643711	0.644095	0.644479	0.645048	0.645617	0.64622	0.646822	0.648385	0.649947	0.650482	0.651016	0.650568	0.65012	0.65006	0.649999	0.649707	0.649415	0.648596	0.647776	0.647086	0.646396	0.645706	0.645017	0.644546	0.644075	0.643672	0.64327	0.643011	0.642752	0.642519	0.642286	0.642153	0.642019	0.641881	0.641743	0.641682	0.641621	0.641539	0.641457	0.64144	0.641423	0.641381	0.641338	0.641354	
0.641308	0.641322	0.641314	0.641305	0.641346	0.641386	0.641411	0.641436	0.641505	0.641575	0.64164	0.641706	0.641815	0.641923	0.642044	0.642165	0.642337	0.642508	0.642716	0.642923	0.64321	0.643496	0.643866	0.644236	0.6448	0.645363	0.646095	0.646827	0.648232	0.649638	0.650773	0.651908	0.651034	0.65016	0.650127	0.650093	0.649493	0.648893	0.6481	0.647306	0.646578	0.645849	0.645251	0.644653	0.644226	0.643798	0.643437	0.643076	0.642839	0.642602	0.64239	0.642178	0.642054	0.64193	0.641803	0.641676	0.641618	0.64156	0.641483	0.641407	0.641391	0.641374	0.641334	0.641294	0.641308	
0.641282	0.641299	0.641288	0.641276	0.641318	0.641359	0.64138	0.641401	0.641468	0.641535	0.641595	0.641654	0.641756	0.641859	0.641969	0.642079	0.642239	0.642399	0.642586	0.642773	0.643039	0.643305	0.643633	0.643961	0.644472	0.644983	0.645644	0.646305	0.647516	0.648727	0.649813	0.650898	0.65098	0.651061	0.650197	0.649332	0.648775	0.648218	0.647394	0.64657	0.645971	0.645371	0.644828	0.644284	0.64392	0.643555	0.643223	0.64289	0.642687	0.642483	0.642282	0.64208	0.641974	0.641868	0.641744	0.641619	0.641571	0.641523	0.641447	0.64137	0.641359	0.641349	0.641307	0.641265	0.641282	
0.641256	0.641276	0.641262	0.641248	0.64129	0.641332	0.641349	0.641365	0.641431	0.641496	0.641549	0.641601	0.641698	0.641796	0.641894	0.641992	0.642142	0.642291	0.642456	0.642622	0.642868	0.643114	0.6434	0.643685	0.644145	0.644604	0.645193	0.645782	0.6468	0.647817	0.648852	0.649888	0.650925	0.651963	0.650267	0.64857	0.648057	0.647544	0.646689	0.645834	0.645363	0.644893	0.644404	0.643915	0.643613	0.643312	0.643008	0.642705	0.642534	0.642363	0.642173	0.641983	0.641895	0.641807	0.641685	0.641563	0.641525	0.641487	0.64141	0.641333	0.641328	0.641323	0.641279	0.641236	0.641256	
0.641215	0.641234	0.64122	0.641207	0.641246	0.641285	0.6413	0.641316	0.641376	0.641437	0.641486	0.641535	0.641624	0.641713	0.641803	0.641894	0.642029	0.642164	0.642314	0.642464	0.642682	0.6429	0.643152	0.643404	0.643797	0.64419	0.644668	0.645146	0.645985	0.646824	0.647597	0.64837	0.649363	0.650356	0.648917	0.647478	0.647035	0.646593	0.645891	0.64519	0.6448	0.644409	0.643993	0.643576	0.643318	0.643059	0.642792	0.642525	0.642375	0.642225	0.642053	0.641881	0.641803	0.641724	0.641611	0.641499	0.641465	0.641431	0.641359	0.641287	0.641282	0.641278	0.641237	0.641196	0.641215	
0.641174	0.641191	0.641179	0.641166	0.641202	0.641238	0.641252	0.641267	0.641322	0.641377	0.641423	0.641468	0.641549	0.64163	0.641713	0.641796	0.641916	0.642037	0.642172	0.642307	0.642496	0.642686	0.642904	0.643123	0.643449	0.643775	0.644142	0.64451	0.645171	0.645832	0.646343	0.646853	0.647801	0.648749	0.647567	0.646385	0.646013	0.645641	0.645094	0.644546	0.644236	0.643926	0.643581	0.643237	0.643022	0.642806	0.642576	0.642345	0.642216	0.642087	0.641933	0.64178	0.64171	0.641641	0.641538	0.641435	0.641405	0.641374	0.641307	0.64124	0.641237	0.641233	0.641195	0.641157	0.641174	
0.641155	0.641176	0.641161	0.641146	0.641182	0.641218	0.64123	0.641241	0.641294	0.641346	0.641387	0.641427	0.641502	0.641577	0.641652	0.641726	0.641836	0.641945	0.642064	0.642183	0.642352	0.642521	0.642705	0.642889	0.64317	0.643451	0.643735	0.644018	0.644538	0.645057	0.645409	0.645762	0.646487	0.647213	0.646326	0.645439	0.645199	0.644958	0.644504	0.644049	0.643812	0.643574	0.643271	0.642967	0.642794	0.642621	0.642411	0.6422	0.642095	0.641991	0.641845	0.6417	0.641645	0.64159	0.641489	0.641389	0.641367	0.641346	0.641279	0.641211	0.641213	0.641215	0.641175	0.641135	0.641155	
0.641137	0.64116	0.641143	0.641126	0.641162	0.641198	0.641207	0.641215	0.641265	0.641315	0.641351	0.641387	0.641456	0.641524	0.641591	0.641657	0.641756	0.641854	0.641957	0.642059	0.642208	0.642357	0.642506	0.642655	0.642891	0.643127	0.643327	0.643527	0.643905	0.644282	0.644476	0.64467	0.645174	0.645677	0.645085	0.644493	0.644384	0.644274	0.643914	0.643553	0.643388	0.643223	0.64296	0.642696	0.642566	0.642436	0.642246	0.642055	0.641975	0.641894	0.641757	0.641619	0.641579	0.641539	0.64144	0.641342	0.64133	0.641318	0.64125	0.641182	0.64119	0.641198	0.641156	0.641114	0.641137	
0.641105	0.641127	0.64111	0.641094	0.641128	0.641161	0.641169	0.641177	0.641223	0.641269	0.641302	0.641336	0.641399	0.641462	0.641524	0.641585	0.641674	0.641763	0.641857	0.64195	0.642081	0.642212	0.642343	0.642474	0.642672	0.642871	0.643037	0.643203	0.643501	0.643799	0.643934	0.644069	0.644426	0.644783	0.644365	0.643947	0.643869	0.643791	0.643501	0.643211	0.643075	0.642938	0.642714	0.642491	0.64238	0.64227	0.642101	0.641932	0.641863	0.641794	0.641669	0.641544	0.641509	0.641474	0.641383	0.641292	0.641282	0.641273	0.641209	0.641146	0.641154	0.641162	0.641123	0.641083	0.641105	
0.641073	0.641093	0.641078	0.641062	0.641093	0.641125	0.641131	0.641138	0.641181	0.641223	0.641254	0.641285	0.641342	0.6414	0.641456	0.641513	0.641593	0.641673	0.641757	0.641841	0.641954	0.642067	0.642179	0.642292	0.642454	0.642616	0.642747	0.642879	0.643097	0.643315	0.643392	0.643469	0.643679	0.643888	0.643645	0.643401	0.643355	0.643308	0.643089	0.642869	0.642761	0.642653	0.642469	0.642285	0.642194	0.642103	0.641957	0.64181	0.641752	0.641693	0.641581	0.641468	0.641439	0.64141	0.641326	0.641242	0.641235	0.641227	0.641168	0.641109	0.641118	0.641126	0.641089	0.641052	0.641073	
0.641066	0.641089	0.641072	0.641055	0.641086	0.641116	0.641121	0.641126	0.641166	0.641205	0.641233	0.641261	0.641313	0.641365	0.641416	0.641467	0.641538	0.64161	0.641684	0.641758	0.641859	0.641961	0.642054	0.642148	0.64229	0.642433	0.642532	0.642632	0.642817	0.643003	0.643045	0.643088	0.643262	0.643436	0.643239	0.643043	0.643021	0.642999	0.64281	0.642621	0.642541	0.642461	0.642296	0.642131	0.642061	0.641992	0.641855	0.641719	0.641675	0.641632	0.641523	0.641415	0.641397	0.641378	0.641295	0.641212	0.641213	0.641213	0.641153	0.641093	0.641107	0.64112	0.641082	0.641043	0.641066	
0.64106	0.641085	0.641066	0.641047	0.641078	0.641108	0.641111	0.641114	0.64115	0.641187	0.641212	0.641237	0.641283	0.641329	0.641375	0.641421	0.641484	0.641548	0.641612	0.641676	0.641765	0.641854	0.641929	0.642004	0.642127	0.64225	0.642318	0.642385	0.642537	0.64269	0.642698	0.642707	0.642845	0.642983	0.642833	0.642684	0.642687	0.64269	0.642531	0.642372	0.642321	0.64227	0.642124	0.641977	0.641929	0.64188	0.641753	0.641627	0.641599	0.64157	0.641466	0.641362	0.641354	0.641346	0.641264	0.641182	0.64119	0.641198	0.641138	0.641077	0.641095	0.641114	0.641074	0.641034	0.64106	
0.641038	0.641063	0.641045	0.641026	0.641055	0.641084	0.641086	0.641089	0.641123	0.641157	0.64118	0.641203	0.641247	0.64129	0.641334	0.641377	0.641436	0.641494	0.641554	0.641615	0.641695	0.641774	0.641845	0.641915	0.642019	0.642122	0.642187	0.642252	0.642369	0.642486	0.642507	0.642529	0.642618	0.642708	0.642607	0.642506	0.642492	0.642478	0.642351	0.642224	0.642175	0.642125	0.641999	0.641873	0.641828	0.641784	0.64167	0.641556	0.641531	0.641506	0.64141	0.641314	0.641308	0.641303	0.641226	0.64115	0.641158	0.641167	0.64111	0.641053	0.641071	0.64109	0.641052	0.641014	0.641038	
0.641017	0.64104	0.641023	0.641005	0.641032	0.641059	0.641061	0.641063	0.641095	0.641127	0.641149	0.64117	0.641211	0.641251	0.641292	0.641333	0.641387	0.641441	0.641497	0.641554	0.641624	0.641695	0.64176	0.641826	0.64191	0.641994	0.642057	0.642119	0.642201	0.642282	0.642317	0.642351	0.642392	0.642432	0.64238	0.642327	0.642297	0.642267	0.642172	0.642076	0.642029	0.641981	0.641874	0.641768	0.641728	0.641688	0.641587	0.641486	0.641464	0.641442	0.641354	0.641267	0.641263	0.641259	0.641188	0.641117	0.641126	0.641136	0.641083	0.641029	0.641047	0.641065	0.64103	0.640994	0.641017	
0.641023	0.641048	0.64103	0.641011	0.641037	0.641063	0.641064	0.641065	0.641094	0.641122	0.641143	0.641163	0.641198	0.641234	0.641271	0.641308	0.641357	0.641405	0.641454	0.641503	0.641569	0.641636	0.641688	0.64174	0.641821	0.641902	0.641944	0.641985	0.642066	0.642147	0.642156	0.642165	0.642217	0.64227	0.642213	0.642156	0.642145	0.642133	0.642045	0.641956	0.641922	0.641887	0.641789	0.64169	0.64166	0.64163	0.641534	0.641438	0.641425	0.641411	0.641326	0.64124	0.641244	0.641247	0.641176	0.641105	0.641121	0.641137	0.641082	0.641027	0.64105	0.641072	0.641035	0.640998	0.641023	
0.641029	0.641056	0.641036	0.641017	0.641042	0.641067	0.641067	0.641068	0.641093	0.641118	0.641137	0.641155	0.641186	0.641216	0.64125	0.641283	0.641326	0.64137	0.641411	0.641453	0.641515	0.641577	0.641615	0.641653	0.641732	0.641811	0.641831	0.641851	0.641931	0.642012	0.641995	0.641979	0.642043	0.642108	0.642046	0.641984	0.641992	0.642	0.641918	0.641836	0.641815	0.641793	0.641703	0.641612	0.641592	0.641572	0.641481	0.64139	0.641385	0.641381	0.641297	0.641213	0.641225	0.641236	0.641165	0.641093	0.641115	0.641137	0.641081	0.641025	0.641052	0.641079	0.641041	0.641002	0.641029	
0.641018	0.641044	0.641025	0.641007	0.641031	0.641055	0.641055	0.641055	0.641079	0.641103	0.641121	0.641139	0.641167	0.641196	0.641229	0.641262	0.641301	0.64134	0.641382	0.641423	0.641475	0.641528	0.641568	0.641609	0.641667	0.641726	0.641755	0.641785	0.641833	0.641882	0.641911	0.64194	0.641947	0.641955	0.641942	0.641929	0.641901	0.641872	0.641813	0.641754	0.641731	0.641708	0.641629	0.64155	0.641532	0.641513	0.641431	0.641348	0.641345	0.641341	0.641264	0.641186	0.641198	0.641209	0.641142	0.641075	0.641097	0.641119	0.641066	0.641014	0.641039	0.641065	0.641029	0.640993	0.641018	
0.641007	0.641032	0.641014	0.640996	0.641019	0.641042	0.641042	0.641042	0.641065	0.641087	0.641105	0.641122	0.641149	0.641176	0.641208	0.641241	0.641276	0.641311	0.641352	0.641393	0.641436	0.641479	0.641521	0.641564	0.641602	0.64164	0.64168	0.64172	0.641736	0.641752	0.641826	0.6419	0.641852	0.641803	0.641839	0.641875	0.641809	0.641744	0.641708	0.641672	0.641647	0.641623	0.641555	0.641488	0.641472	0.641455	0.641381	0.641307	0.641304	0.641302	0.64123	0.641159	0.641171	0.641183	0.64112	0.641058	0.641079	0.641101	0.641051	0.641002	0.641027	0.641052	0.641017	0.640983	0.641007	
0.641025	0.641051	0.641033	0.641015	0.641036	0.641057	0.641057	0.641057	0.641076	0.641095	0.641112	0.641128	0.641151	0.641173	0.641202	0.641231	0.641262	0.641293	0.641326	0.641359	0.641401	0.641442	0.641471	0.6415	0.64154	0.64158	0.6416	0.641621	0.64158	0.641539	0.6415	0.641461	0.641442	0.641423	0.641476	0.641529	0.641603	0.641676	0.641635	0.641593	0.641583	0.641572	0.641509	0.641446	0.641437	0.641429	0.641358	0.641286	0.641291	0.641295	0.641224	0.641153	0.641171	0.641189	0.641126	0.641062	0.641089	0.641115	0.641064	0.641013	0.641042	0.641071	0.641035	0.640999	0.641025	
0.641043	0.641069	0.641051	0.641033	0.641053	0.641072	0.641072	0.641072	0.641088	0.641103	0.641119	0.641135	0.641152	0.641169	0.641195	0.641221	0.641248	0.641275	0.6413	0.641325	0.641365	0.641405	0.64142	0.641436	0.641477	0.641519	0.64152	0.641521	0.641423	0.641326	0.641173	0.641021	0.641032	0.641044	0.641114	0.641184	0.641396	0.641608	0.641562	0.641515	0.641518	0.641521	0.641462	0.641404	0.641403	0.641403	0.641334	0.641266	0.641277	0.641288	0.641217	0.641147	0.641171	0.641196	0.641131	0.641066	0.641098	0.64113	0.641077	0.641025	0.641057	0.641089	0.641053	0.641016	0.641043	
0.641041	0.641067	0.641049	0.641031	0.641051	0.64107	0.64107	0.64107	0.641085	0.641099	0.641115	0.641131	0.641146	0.641161	0.641187	0.641213	0.641233	0.641252	0.641278	0.641304	0.641328	0.641352	0.641365	0.641377	0.6414	0.641423	0.641372	0.641322	0.64118	0.641038	0.640882	0.640726	0.640691	0.640655	0.640767	0.640879	0.641087	0.641294	0.641343	0.641392	0.64141	0.641427	0.641378	0.641329	0.641339	0.64135	0.641289	0.641227	0.641243	0.641259	0.641194	0.641129	0.641154	0.641179	0.641119	0.641059	0.64109	0.641121	0.641072	0.641022	0.641053	0.641084	0.64105	0.641015	0.641041	
0.641039	0.641064	0.641047	0.64103	0.641049	0.641068	0.641068	0.641068	0.641082	0.641096	0.641112	0.641128	0.64114	0.641152	0.641179	0.641206	0.641218	0.64123	0.641256	0.641283	0.641291	0.641299	0.641309	0.641319	0.641322	0.641326	0.641225	0.641123	0.640936	0.64075	0.64059	0.640431	0.640349	0.640267	0.640421	0.640575	0.640777	0.64098	0.641125	0.64127	0.641301	0.641332	0.641293	0.641254	0.641275	0.641297	0.641243	0.641188	0.641209	0.64123	0.641171	0.641112	0.641137	0.641163	0.641108	0.641052	0.641082	0.641112	0.641066	0.64102	0.64105	0.64108	0.641047	0.641013	0.641039	
0.641066	0.641092	0.641075	0.641059	0.641076	0.641093	0.641093	0.641094	0.641104	0.641114	0.64113	0.641146	0.641153	0.64116	0.641183	0.641206	0.641211	0.641217	0.641235	0.641253	0.641252	0.641251	0.641249	0.641246	0.64124	0.641234	0.641051	0.640869	0.640605	0.640341	0.640181	0.640022	0.640017	0.640012	0.640115	0.640217	0.640479	0.640742	0.64097	0.641197	0.641237	0.641277	0.641244	0.641211	0.641248	0.641285	0.641232	0.641179	0.641209	0.64124	0.64118	0.64112	0.641152	0.641185	0.641127	0.641069	0.641105	0.64114	0.641091	0.641043	0.641076	0.641109	0.641075	0.641041	0.641066	
0.641094	0.641121	0.641104	0.641088	0.641103	0.641118	0.641119	0.64112	0.641127	0.641133	0.641148	0.641163	0.641165	0.641167	0.641186	0.641205	0.641204	0.641203	0.641213	0.641224	0.641213	0.641202	0.641188	0.641174	0.641158	0.641141	0.640878	0.640614	0.640273	0.639932	0.639773	0.639613	0.639685	0.639758	0.639808	0.639858	0.640181	0.640504	0.640814	0.641124	0.641174	0.641223	0.641196	0.641169	0.641221	0.641273	0.641221	0.64117	0.64121	0.64125	0.641189	0.641127	0.641167	0.641208	0.641147	0.641086	0.641127	0.641168	0.641117	0.641066	0.641102	0.641139	0.641103	0.641068	0.641094	
0.641099	0.641124	0.641109	0.641093	0.641108	0.641123	0.641125	0.641127	0.641132	0.641138	0.641154	0.64117	0.641168	0.641165	0.641186	0.641206	0.641193	0.641181	0.641188	0.641195	0.641164	0.641133	0.641104	0.641076	0.641044	0.641012	0.640661	0.64031	0.640128	0.639946	0.640105	0.640265	0.640413	0.640562	0.640356	0.64015	0.640194	0.640239	0.640602	0.640965	0.641033	0.6411	0.641079	0.641058	0.641131	0.641205	0.641162	0.641119	0.641169	0.64122	0.641165	0.641111	0.641153	0.641196	0.641141	0.641085	0.641125	0.641164	0.641117	0.64107	0.641105	0.64114	0.641106	0.641073	0.641099	
0.641103	0.641128	0.641113	0.641098	0.641113	0.641128	0.641131	0.641133	0.641138	0.641142	0.64116	0.641177	0.641171	0.641164	0.641185	0.641206	0.641182	0.641158	0.641163	0.641167	0.641115	0.641064	0.641021	0.640977	0.64093	0.640883	0.640444	0.640006	0.639983	0.639692	0.639916	0.640877	0.642152	0.641455	0.640354	0.64022	0.640205	0.639974	0.64039	0.640806	0.640892	0.640977	0.640962	0.640946	0.641042	0.641138	0.641102	0.641067	0.641128	0.64119	0.641142	0.641095	0.641139	0.641184	0.641134	0.641084	0.641123	0.641161	0.641118	0.641074	0.641108	0.641141	0.64111	0.641078	0.641103	
0.64114	0.641166	0.641151	0.641137	0.64115	0.641163	0.641166	0.64117	0.641171	0.641172	0.64119	0.641207	0.641194	0.641182	0.6412	0.641217	0.641181	0.641145	0.641142	0.64114	0.641061	0.640983	0.640934	0.640886	0.640793	0.6407	0.640323	0.639946	0.639985	0.639689	0.640019	0.640715	0.641438	0.641058	0.640424	0.640203	0.640181	0.639911	0.640284	0.640657	0.640784	0.64091	0.640897	0.640885	0.64101	0.641135	0.641099	0.641062	0.64114	0.641218	0.641166	0.641114	0.641169	0.641223	0.641168	0.641113	0.641158	0.641203	0.641155	0.641108	0.641144	0.641181	0.641148	0.641115	0.64114	
0.641177	0.641203	0.641189	0.641175	0.641186	0.641197	0.641202	0.641207	0.641205	0.641203	0.641219	0.641236	0.641218	0.6412	0.641214	0.641227	0.641179	0.641131	0.641122	0.641112	0.641007	0.640902	0.640848	0.640794	0.640656	0.640517	0.640202	0.639886	0.639988	0.639651	0.640106	0.640518	0.638889	0.640564	0.640372	0.640225	0.640147	0.639848	0.640178	0.640508	0.640675	0.640842	0.640833	0.640824	0.640978	0.641132	0.641095	0.641058	0.641152	0.641246	0.64119	0.641134	0.641198	0.641263	0.641203	0.641142	0.641193	0.641244	0.641192	0.641141	0.641181	0.64122	0.641186	0.641151	0.641177	
0.641186	0.641211	0.641198	0.641185	0.641197	0.641208	0.641214	0.641221	0.641218	0.641215	0.641234	0.641253	0.641231	0.641208	0.641222	0.641237	0.641177	0.641117	0.641097	0.641078	0.640948	0.640819	0.640741	0.640664	0.640446	0.640229	0.640034	0.63984	0.639945	0.639772	0.640413	0.641089	0.633699	0.639714	0.64058	0.640279	0.640021	0.639875	0.640001	0.640128	0.640399	0.640669	0.640664	0.64066	0.640847	0.641034	0.641015	0.640996	0.641102	0.641207	0.641163	0.64112	0.641185	0.641251	0.641199	0.641146	0.641195	0.641243	0.641197	0.64115	0.641187	0.641225	0.641193	0.641161	0.641186	
0.641195	0.641219	0.641208	0.641196	0.641207	0.641219	0.641227	0.641235	0.641231	0.641227	0.641248	0.64127	0.641243	0.641216	0.641231	0.641246	0.641174	0.641103	0.641073	0.641044	0.64089	0.640737	0.640635	0.640533	0.640237	0.63994	0.639867	0.639794	0.639902	0.64008	0.641183	0.640386	0.630051	0.638021	0.640625	0.640137	0.639817	0.639901	0.639825	0.639748	0.640122	0.640496	0.640496	0.640496	0.640717	0.640937	0.640936	0.640935	0.641051	0.641168	0.641136	0.641105	0.641172	0.641239	0.641194	0.641149	0.641196	0.641243	0.641201	0.641158	0.641194	0.64123	0.6412	0.64117	0.641195	
0.641239	0.641265	0.641253	0.641241	0.641252	0.641263	0.641273	0.641283	0.641278	0.641273	0.641295	0.641317	0.641287	0.641257	0.64127	0.641283	0.641198	0.641112	0.64108	0.641048	0.640849	0.64065	0.640561	0.640473	0.640095	0.639717	0.639606	0.639495	0.639582	0.639973	0.641519	0.640836	0.647441	0.640461	0.64024	0.640217	0.639805	0.639791	0.639734	0.639678	0.640055	0.640432	0.640455	0.640477	0.640717	0.640957	0.640955	0.640953	0.641088	0.641223	0.641184	0.641144	0.641222	0.6413	0.641246	0.641192	0.641245	0.641298	0.641249	0.641201	0.64124	0.641279	0.641246	0.641214	0.641239	
0.641284	0.641311	0.641299	0.641287	0.641297	0.641307	0.641319	0.641331	0.641324	0.641318	0.641341	0.641364	0.641331	0.641297	0.641308	0.64132	0.641221	0.641122	0.641087	0.641052	0.640808	0.640563	0.640488	0.640413	0.639953	0.639493	0.639345	0.639197	0.639262	0.639448	0.643123	0.645474	0.655747	0.647014	0.6413	0.640513	0.639854	0.63968	0.639644	0.639607	0.639988	0.640368	0.640413	0.640458	0.640718	0.640978	0.640975	0.640972	0.641125	0.641279	0.641231	0.641183	0.641272	0.64136	0.641298	0.641236	0.641294	0.641352	0.641298	0.641244	0.641286	0.641327	0.641292	0.641257	0.641284	
0.641296	0.641322	0.641312	0.641301	0.641312	0.641323	0.641337	0.641351	0.641346	0.64134	0.641367	0.641394	0.641359	0.641324	0.641337	0.641349	0.641248	0.641146	0.641092	0.641037	0.640791	0.640546	0.640413	0.64028	0.639808	0.639336	0.63874	0.638144	0.638665	0.638874	0.649518	0.687485	0.690961	0.668664	0.643568	0.640648	0.6399	0.63943	0.639386	0.639343	0.639735	0.640127	0.640229	0.640332	0.64059	0.640848	0.640892	0.640937	0.641085	0.641234	0.641208	0.641182	0.641266	0.641351	0.641299	0.641247	0.6413	0.641354	0.641306	0.641257	0.641296	0.641334	0.641302	0.64127	0.641296	
0.641308	0.641333	0.641324	0.641316	0.641328	0.641339	0.641356	0.641372	0.641367	0.641362	0.641393	0.641424	0.641388	0.641352	0.641365	0.641379	0.641274	0.64117	0.641096	0.641022	0.640775	0.640528	0.640337	0.640146	0.639663	0.639179	0.638135	0.63709	0.638068	0.63888	0.650355	0.710561	0.69844	0.675781	0.644891	0.640526	0.639912	0.639179	0.639128	0.639078	0.639481	0.639885	0.640046	0.640206	0.640462	0.640717	0.64081	0.640902	0.641045	0.641189	0.641185	0.64118	0.641261	0.641341	0.641299	0.641257	0.641307	0.641357	0.641313	0.64127	0.641306	0.641341	0.641312	0.641284	0.641308	
0.641357	0.641383	0.641374	0.641366	0.64138	0.641393	0.641411	0.641429	0.641427	0.641425	0.64146	0.641495	0.641461	0.641427	0.641445	0.641463	0.641349	0.641235	0.641171	0.641108	0.640795	0.640482	0.6403	0.640118	0.63945	0.638781	0.63771	0.636639	0.637543	0.639113	0.648371	0.669677	0.658316	0.67028	0.642326	0.639884	0.640008	0.639438	0.639051	0.638663	0.639212	0.639761	0.639962	0.640162	0.640469	0.640775	0.640859	0.640943	0.641113	0.641282	0.641263	0.641243	0.641334	0.641424	0.64137	0.641315	0.641369	0.641423	0.641371	0.64132	0.641358	0.641396	0.641363	0.641331	0.641357	
0.641406	0.641433	0.641424	0.641416	0.641432	0.641447	0.641467	0.641487	0.641488	0.641489	0.641527	0.641565	0.641534	0.641503	0.641525	0.641547	0.641424	0.641301	0.641247	0.641193	0.640815	0.640436	0.640263	0.64009	0.639237	0.638384	0.637286	0.636188	0.637019	0.637764	0.648961	0.683682	0.676396	0.656589	0.639275	0.638639	0.639304	0.639698	0.638973	0.638247	0.638942	0.639638	0.639878	0.640118	0.640476	0.640833	0.640909	0.640984	0.64118	0.641375	0.64134	0.641306	0.641406	0.641507	0.64144	0.641372	0.64143	0.641488	0.641429	0.641371	0.64141	0.64145	0.641414	0.641378	0.641406	
0.641419	0.641444	0.641438	0.641432	0.641449	0.641466	0.641489	0.641512	0.641516	0.641521	0.641564	0.641608	0.641582	0.641557	0.641583	0.641609	0.641494	0.641379	0.641296	0.641213	0.640832	0.64045	0.640088	0.639726	0.638803	0.63788	0.636814	0.635749	0.636655	0.635375	0.64411	0.672157	0.674397	0.660274	0.643477	0.638283	0.637262	0.639061	0.638566	0.638071	0.638652	0.639234	0.639634	0.640035	0.640378	0.640721	0.640852	0.640983	0.641165	0.641347	0.641336	0.641324	0.641415	0.641506	0.641449	0.641393	0.641443	0.641493	0.641441	0.641388	0.641423	0.641457	0.641425	0.641393	0.641419	
0.641432	0.641455	0.641452	0.641448	0.641466	0.641484	0.64151	0.641536	0.641545	0.641553	0.641602	0.64165	0.641631	0.641612	0.641641	0.64167	0.641563	0.641456	0.641344	0.641233	0.640849	0.640465	0.639913	0.639361	0.638369	0.637376	0.636343	0.635309	0.636291	0.63611	0.646596	0.662246	0.680421	0.678355	0.651623	0.637396	0.635387	0.638424	0.638159	0.637895	0.638363	0.638831	0.639391	0.639951	0.64028	0.640609	0.640795	0.640981	0.641151	0.64132	0.641331	0.641343	0.641424	0.641505	0.641459	0.641414	0.641456	0.641498	0.641452	0.641406	0.641435	0.641465	0.641437	0.641409	0.641432	
0.641481	0.641506	0.641502	0.641499	0.64152	0.641542	0.64157	0.641599	0.641615	0.641632	0.641685	0.641739	0.641735	0.641731	0.64177	0.641808	0.641725	0.641641	0.641536	0.641432	0.641066	0.6407	0.640031	0.639363	0.638561	0.637759	0.637331	0.636903	0.635215	0.63652	0.650275	0.663206	0.686303	0.680074	0.646527	0.63499	0.634748	0.638911	0.638183	0.637456	0.63811	0.638764	0.639345	0.639925	0.640363	0.640801	0.640938	0.641075	0.641276	0.641477	0.641456	0.641436	0.641523	0.641611	0.641548	0.641484	0.641527	0.64157	0.641515	0.641459	0.64149	0.64152	0.641488	0.641456	0.641481	
0.64153	0.641557	0.641553	0.641549	0.641574	0.641599	0.64163	0.641662	0.641686	0.64171	0.641769	0.641828	0.64184	0.641851	0.641899	0.641947	0.641886	0.641826	0.641728	0.641631	0.641283	0.640935	0.64015	0.639365	0.638753	0.638141	0.638319	0.638498	0.634139	0.62978	0.639989	0.654545	0.669318	0.649435	0.632584	0.627369	0.633383	0.639398	0.638207	0.637017	0.637857	0.638698	0.639298	0.639899	0.640446	0.640994	0.641081	0.641169	0.641401	0.641634	0.641581	0.641529	0.641623	0.641717	0.641636	0.641555	0.641599	0.641643	0.641578	0.641513	0.641544	0.641575	0.641539	0.641502	0.64153	
0.64154	0.641565	0.641564	0.641563	0.641589	0.641616	0.641651	0.641686	0.641715	0.641745	0.641812	0.641878	0.641902	0.641925	0.641985	0.642046	0.642005	0.641964	0.641874	0.641784	0.641406	0.641028	0.6402	0.639373	0.638741	0.63811	0.637847	0.637585	0.632868	0.628151	0.633102	0.636851	0.636297	0.62785	0.62803	0.630461	0.634736	0.639011	0.637876	0.63674	0.637431	0.638121	0.638917	0.639712	0.640321	0.640929	0.641066	0.641203	0.64142	0.641638	0.641605	0.641573	0.64165	0.641726	0.641655	0.641584	0.641617	0.641649	0.64159	0.641532	0.641556	0.64158	0.641548	0.641516	0.64154	
0.641551	0.641573	0.641574	0.641576	0.641604	0.641632	0.641671	0.64171	0.641744	0.641779	0.641854	0.641929	0.641964	0.641999	0.642072	0.642145	0.642124	0.642103	0.64202	0.641937	0.641529	0.641121	0.640251	0.639381	0.63873	0.638079	0.637375	0.636672	0.631597	0.626523	0.626216	0.625623	0.626208	0.627695	0.63114	0.633553	0.636089	0.638625	0.637544	0.636464	0.637004	0.637544	0.638535	0.639526	0.640195	0.640864	0.64105	0.641237	0.641439	0.641641	0.641629	0.641617	0.641676	0.641735	0.641675	0.641614	0.641635	0.641655	0.641603	0.641551	0.641568	0.641585	0.641557	0.641529	0.641551	
0.641594	0.641618	0.641619	0.64162	0.641652	0.641685	0.641727	0.641768	0.641812	0.641857	0.64194	0.642022	0.642076	0.642129	0.642223	0.642317	0.64233	0.642343	0.642306	0.64227	0.641884	0.641499	0.640801	0.640103	0.639688	0.639273	0.638103	0.636932	0.633995	0.631058	0.629674	0.62754	0.629217	0.63181	0.634698	0.637151	0.637965	0.638779	0.637718	0.636658	0.637222	0.637787	0.638734	0.639681	0.640428	0.641175	0.641302	0.641428	0.641633	0.641838	0.641792	0.641745	0.641798	0.64185	0.641771	0.641692	0.641709	0.641725	0.641664	0.641602	0.641619	0.641635	0.641602	0.64157	0.641594	
0.641637	0.641662	0.641663	0.641663	0.641701	0.641738	0.641782	0.641827	0.64188	0.641934	0.642025	0.642116	0.642188	0.642259	0.642374	0.642489	0.642536	0.642582	0.642592	0.642603	0.64224	0.641877	0.641351	0.640826	0.640647	0.640468	0.63883	0.637192	0.636393	0.635594	0.633132	0.63067	0.634095	0.63752	0.639134	0.640749	0.639841	0.638933	0.637892	0.636852	0.637441	0.63803	0.638933	0.639835	0.64066	0.641485	0.641553	0.64162	0.641827	0.642034	0.641954	0.641873	0.641919	0.641965	0.641867	0.64177	0.641783	0.641796	0.641725	0.641654	0.641669	0.641685	0.641648	0.641611	0.641637	
0.64164	0.641662	0.641665	0.641667	0.641706	0.641744	0.641791	0.641839	0.641898	0.641958	0.642055	0.642153	0.642239	0.642326	0.642458	0.642589	0.642676	0.642762	0.642801	0.64284	0.642568	0.642295	0.641889	0.641483	0.641659	0.641834	0.639567	0.6373	0.636972	0.636645	0.63508	0.633515	0.636966	0.640417	0.640523	0.64063	0.639565	0.6385	0.637815	0.63713	0.637645	0.63816	0.639055	0.63995	0.640749	0.641547	0.64165	0.641752	0.641916	0.642078	0.642012	0.641945	0.641963	0.641982	0.641893	0.641804	0.641802	0.641799	0.641734	0.641669	0.641676	0.641683	0.64165	0.641617	0.64164	
0.641643	0.641662	0.641667	0.641672	0.641711	0.64175	0.641801	0.641851	0.641916	0.641982	0.642085	0.642189	0.642291	0.642393	0.642541	0.64269	0.642816	0.642942	0.64301	0.643078	0.642896	0.642714	0.642427	0.64214	0.64267	0.6432	0.640304	0.637407	0.637552	0.637696	0.637028	0.636359	0.639837	0.643314	0.641912	0.64051	0.639289	0.638067	0.637738	0.637409	0.637849	0.638289	0.639177	0.640065	0.640837	0.641609	0.641747	0.641885	0.642004	0.642123	0.642069	0.642016	0.642008	0.642	0.641919	0.641838	0.64182	0.641802	0.641743	0.641684	0.641683	0.641682	0.641653	0.641623	0.641643	
0.641673	0.641694	0.641698	0.641702	0.641746	0.641789	0.641841	0.641893	0.641967	0.642041	0.642152	0.642263	0.64238	0.642498	0.642668	0.642839	0.643003	0.643167	0.643289	0.643411	0.643307	0.643202	0.64309	0.642977	0.643777	0.644577	0.641917	0.639257	0.63961	0.639962	0.639503	0.639045	0.641219	0.643393	0.641435	0.639478	0.6392	0.638921	0.638481	0.63804	0.638391	0.638742	0.639542	0.640343	0.641161	0.641978	0.642064	0.64215	0.642239	0.642328	0.64224	0.642152	0.642129	0.642106	0.642007	0.641908	0.641884	0.641861	0.641793	0.641724	0.641722	0.64172	0.641686	0.641652	0.641673	
0.641704	0.641726	0.641729	0.641732	0.64178	0.641828	0.641882	0.641936	0.642018	0.6421	0.642218	0.642336	0.642469	0.642602	0.642796	0.642989	0.64319	0.643392	0.643569	0.643745	0.643718	0.64369	0.643752	0.643814	0.644883	0.645953	0.64353	0.641107	0.641668	0.642229	0.641979	0.64173	0.6426	0.643471	0.640958	0.638445	0.639111	0.639776	0.639224	0.638671	0.638933	0.639194	0.639908	0.640621	0.641484	0.642347	0.642382	0.642416	0.642475	0.642534	0.642411	0.642288	0.64225	0.642212	0.642094	0.641977	0.641949	0.64192	0.641842	0.641764	0.64176	0.641757	0.641719	0.641681	0.641704	
0.641694	0.641713	0.641718	0.641723	0.64177	0.641818	0.641873	0.641928	0.642013	0.642098	0.64222	0.642341	0.642483	0.642624	0.642829	0.643034	0.643266	0.643497	0.643721	0.643945	0.644	0.644056	0.644111	0.644166	0.645245	0.646325	0.644356	0.642387	0.642464	0.642541	0.642118	0.641695	0.641297	0.640899	0.639281	0.637662	0.638934	0.640206	0.639591	0.638976	0.639198	0.63942	0.640178	0.640935	0.641735	0.642534	0.642569	0.642605	0.642609	0.642613	0.642485	0.642358	0.642293	0.642228	0.642115	0.642001	0.641958	0.641915	0.641841	0.641767	0.641756	0.641746	0.641711	0.641676	0.641694	
0.641685	0.641701	0.641707	0.641713	0.64176	0.641807	0.641864	0.641921	0.642009	0.642096	0.642221	0.642347	0.642496	0.642646	0.642863	0.643079	0.643341	0.643602	0.643873	0.644144	0.644283	0.644421	0.64447	0.644518	0.645607	0.646696	0.645182	0.643668	0.643261	0.642854	0.642257	0.64166	0.639994	0.638328	0.637604	0.636879	0.638757	0.640635	0.639958	0.639281	0.639464	0.639646	0.640447	0.641249	0.641985	0.642721	0.642757	0.642793	0.642743	0.642693	0.64256	0.642428	0.642336	0.642244	0.642135	0.642025	0.641968	0.64191	0.641841	0.641771	0.641752	0.641734	0.641702	0.64167	0.641685	
0.641698	0.641715	0.64172	0.641724	0.641775	0.641825	0.641882	0.641938	0.642031	0.642124	0.642252	0.642379	0.642538	0.642698	0.642922	0.643146	0.643425	0.643704	0.644017	0.644331	0.64455	0.644768	0.644888	0.645007	0.64592	0.646834	0.645836	0.644837	0.644084	0.643332	0.642632	0.641932	0.639091	0.63625	0.636562	0.636874	0.639255	0.641636	0.640769	0.639902	0.640159	0.640416	0.641149	0.641881	0.64249	0.643098	0.643075	0.643053	0.64296	0.642867	0.642701	0.642535	0.642429	0.642324	0.642197	0.64207	0.642009	0.641949	0.64187	0.641791	0.641773	0.641754	0.641718	0.641681	0.641698	
0.641711	0.64173	0.641733	0.641736	0.641789	0.641843	0.641899	0.641956	0.642054	0.642153	0.642282	0.642411	0.64258	0.642749	0.642981	0.643213	0.643509	0.643806	0.644162	0.644518	0.644817	0.645116	0.645306	0.645495	0.646234	0.646972	0.646489	0.646006	0.644908	0.643809	0.643006	0.642203	0.638188	0.634172	0.63552	0.636868	0.639752	0.642637	0.64158	0.640522	0.640855	0.641187	0.64185	0.642514	0.642995	0.643476	0.643394	0.643312	0.643177	0.643042	0.642842	0.642641	0.642522	0.642403	0.64226	0.642116	0.642051	0.641987	0.641899	0.641812	0.641793	0.641775	0.641734	0.641693	0.641711	
0.641688	0.641703	0.641707	0.641711	0.641763	0.641814	0.641871	0.641927	0.642024	0.642122	0.64225	0.642379	0.642547	0.642715	0.642946	0.643178	0.643468	0.643759	0.644125	0.64449	0.644847	0.645204	0.645507	0.645811	0.646433	0.647054	0.646774	0.646493	0.645207	0.643921	0.64257	0.641219	0.637868	0.634517	0.636215	0.637914	0.640701	0.643489	0.642377	0.641265	0.64161	0.641954	0.642509	0.643063	0.64339	0.643716	0.643588	0.64346	0.643277	0.643095	0.642887	0.642679	0.642539	0.6424	0.642258	0.642117	0.642042	0.641966	0.641882	0.641798	0.641774	0.64175	0.641711	0.641673	0.641688	
0.641665	0.641677	0.641681	0.641686	0.641736	0.641786	0.641842	0.641898	0.641994	0.64209	0.642218	0.642347	0.642513	0.64268	0.642911	0.643142	0.643427	0.643713	0.644088	0.644463	0.644877	0.645292	0.645709	0.646127	0.646632	0.647137	0.647059	0.64698	0.645506	0.644032	0.642133	0.640234	0.637548	0.634861	0.63691	0.63896	0.64165	0.644341	0.643175	0.642008	0.642365	0.642721	0.643167	0.643613	0.643785	0.643957	0.643782	0.643607	0.643378	0.643148	0.642932	0.642716	0.642556	0.642396	0.642257	0.642118	0.642032	0.641946	0.641866	0.641785	0.641755	0.641725	0.641689	0.641652	0.641665	
0.641659	0.641673	0.641675	0.641677	0.641729	0.641782	0.641835	0.641888	0.641986	0.642085	0.642208	0.642332	0.642501	0.642669	0.642892	0.643116	0.643396	0.643676	0.644038	0.6444	0.644805	0.64521	0.645681	0.646152	0.646598	0.647043	0.647051	0.647058	0.645673	0.644288	0.642632	0.640976	0.639162	0.637347	0.638903	0.640458	0.642759	0.645059	0.643965	0.642871	0.643217	0.643563	0.643835	0.644108	0.644168	0.644229	0.643989	0.643749	0.643495	0.64324	0.643	0.64276	0.642595	0.64243	0.642278	0.642127	0.642041	0.641956	0.641869	0.641782	0.641753	0.641725	0.641685	0.641645	0.641659	
0.641653	0.64167	0.641669	0.641669	0.641723	0.641777	0.641828	0.641878	0.641979	0.642079	0.642199	0.642318	0.642488	0.642658	0.642874	0.64309	0.643365	0.64364	0.643989	0.644337	0.644733	0.645129	0.645653	0.646178	0.646564	0.64695	0.647043	0.647136	0.64584	0.644544	0.643131	0.641719	0.640776	0.639832	0.640895	0.641957	0.643867	0.645778	0.644756	0.643734	0.644069	0.644404	0.644504	0.644604	0.644552	0.6445	0.644195	0.64389	0.643611	0.643332	0.643068	0.642803	0.642634	0.642464	0.6423	0.642135	0.642051	0.641967	0.641872	0.641778	0.641752	0.641726	0.641681	0.641637	0.641653	
0.641618	0.641631	0.641631	0.641631	0.641683	0.641734	0.641784	0.641833	0.641929	0.642026	0.642142	0.642258	0.642421	0.642584	0.642795	0.643005	0.643267	0.64353	0.643864	0.644198	0.644574	0.64495	0.645417	0.645884	0.646273	0.646661	0.646736	0.646811	0.645936	0.645061	0.643535	0.642009	0.640788	0.639567	0.641368	0.64317	0.644513	0.645856	0.645153	0.644451	0.64474	0.64503	0.645006	0.644981	0.644811	0.64464	0.64429	0.643939	0.64363	0.643321	0.643055	0.642788	0.642608	0.642427	0.642267	0.642107	0.642017	0.641928	0.641837	0.641747	0.641717	0.641688	0.641646	0.641604	0.641618	
