x=200	y=100	z=200	n=65	len=1
b
0.752558	0.75256	0.752536	0.752513	0.75249	0.752468	0.752414	0.75236	0.75233	0.7523	0.752247	0.752194	0.75221	0.752226	0.752265	0.752304	0.752575	0.752845	0.75331	0.753774	0.754456	0.755137	0.755751	0.756366	0.75604	0.755715	0.755584	0.755453	0.75861	0.761768	0.763307	0.764847	0.761637	0.758426	0.756594	0.754762	0.755466	0.75617	0.755071	0.753972	0.753967	0.753963	0.753956	0.753949	0.753549	0.753148	0.752877	0.752605	0.752465	0.752326	0.752291	0.752255	0.752258	0.75226	0.752295	0.75233	0.752367	0.752403	0.752441	0.752479	0.752506	0.752533	0.752544	0.752556	0.752558	
0.752518	0.752517	0.752494	0.752472	0.752443	0.752415	0.752358	0.7523	0.75226	0.752219	0.752155	0.752092	0.752092	0.752092	0.752116	0.75214	0.752404	0.752667	0.753125	0.753584	0.754288	0.754993	0.755576	0.756159	0.755817	0.755476	0.754961	0.754447	0.75739	0.760333	0.762736	0.76514	0.763849	0.762558	0.759616	0.756673	0.755897	0.755121	0.754269	0.753416	0.753406	0.753395	0.753523	0.753651	0.753261	0.752871	0.752651	0.752431	0.752304	0.752176	0.752165	0.752154	0.752163	0.752171	0.75222	0.752269	0.752308	0.752346	0.752392	0.752438	0.752463	0.752489	0.752504	0.75252	0.752518	
0.752495	0.752496	0.752468	0.752441	0.752411	0.752382	0.752316	0.75225	0.752202	0.752153	0.752074	0.751996	0.751979	0.751962	0.751963	0.751964	0.752203	0.752442	0.752865	0.753288	0.754008	0.754728	0.755285	0.755843	0.755563	0.755283	0.754708	0.754132	0.755674	0.757217	0.76119	0.765163	0.764475	0.763788	0.76026	0.756733	0.755409	0.754086	0.75389	0.753694	0.753719	0.753743	0.753645	0.753546	0.753159	0.752772	0.752541	0.752311	0.752201	0.75209	0.752081	0.752071	0.752093	0.752115	0.752166	0.752218	0.752266	0.752315	0.75236	0.752405	0.752437	0.752468	0.752481	0.752493	0.752495	
0.752471	0.752475	0.752442	0.752409	0.752379	0.752348	0.752274	0.7522	0.752144	0.752087	0.751993	0.7519	0.751866	0.751831	0.75181	0.751789	0.752002	0.752216	0.752604	0.752992	0.753728	0.754464	0.754995	0.755526	0.755309	0.755091	0.754454	0.753817	0.753959	0.754101	0.759643	0.765186	0.765102	0.765017	0.760905	0.756793	0.754922	0.753051	0.753511	0.753972	0.754032	0.754091	0.753767	0.753442	0.753057	0.752672	0.752432	0.752192	0.752098	0.752003	0.751996	0.751988	0.752024	0.752059	0.752113	0.752167	0.752225	0.752284	0.752328	0.752372	0.75241	0.752448	0.752457	0.752466	0.752471	
0.752446	0.752446	0.752415	0.752384	0.752348	0.752311	0.752235	0.75216	0.752092	0.752025	0.751921	0.751818	0.751763	0.751709	0.751668	0.751628	0.75181	0.751992	0.752348	0.752704	0.753381	0.754057	0.754622	0.755187	0.755202	0.755216	0.75469	0.754163	0.75197	0.749777	0.755407	0.761037	0.76128	0.761523	0.758224	0.754926	0.753656	0.752386	0.753253	0.75412	0.754024	0.753928	0.753623	0.753319	0.752897	0.752476	0.752259	0.752043	0.751958	0.751872	0.75189	0.751907	0.751947	0.751988	0.752056	0.752125	0.752184	0.752242	0.752295	0.752348	0.752383	0.752417	0.752431	0.752446	0.752446	
0.752421	0.752417	0.752388	0.75236	0.752317	0.752274	0.752197	0.752119	0.752041	0.751964	0.75185	0.751735	0.751661	0.751587	0.751527	0.751467	0.751617	0.751768	0.752092	0.752416	0.753033	0.753651	0.754249	0.754848	0.755094	0.755341	0.754926	0.75451	0.749982	0.746035	0.751611	0.758477	0.760291	0.759102	0.757308	0.753059	0.752391	0.751722	0.752995	0.754268	0.754016	0.753764	0.75348	0.753197	0.752738	0.752279	0.752086	0.751894	0.751818	0.751742	0.751783	0.751825	0.751871	0.751917	0.752	0.752084	0.752142	0.7522	0.752262	0.752324	0.752355	0.752386	0.752406	0.752425	0.752421	
0.752408	0.752409	0.752375	0.752341	0.7523	0.752259	0.752173	0.752088	0.752006	0.751924	0.751794	0.751664	0.751572	0.75148	0.751389	0.751298	0.75141	0.751521	0.751786	0.75205	0.752586	0.753122	0.753658	0.754193	0.754655	0.755117	0.75487	0.754622	0.749746	0.745354	0.75063	0.755911	0.756919	0.755794	0.754734	0.751575	0.751863	0.752152	0.753407	0.754662	0.754257	0.753851	0.753498	0.753145	0.752639	0.752134	0.75194	0.751747	0.751695	0.751642	0.751691	0.75174	0.751806	0.751872	0.751956	0.752041	0.752111	0.752182	0.752241	0.752299	0.752338	0.752378	0.752392	0.752407	0.752408	
0.752395	0.7524	0.752361	0.752322	0.752282	0.752243	0.75215	0.752057	0.751971	0.751884	0.751738	0.751593	0.751483	0.751374	0.751252	0.75113	0.751202	0.751274	0.75148	0.751685	0.752139	0.752594	0.753066	0.753538	0.754215	0.754893	0.754813	0.754734	0.749511	0.745276	0.748549	0.752244	0.753712	0.752972	0.752325	0.75009	0.751336	0.752582	0.753819	0.755056	0.754497	0.753939	0.753516	0.753092	0.752541	0.751989	0.751795	0.7516	0.751572	0.751543	0.751599	0.751655	0.751741	0.751827	0.751912	0.751998	0.752081	0.752164	0.752219	0.752274	0.752322	0.752369	0.752379	0.752389	0.752395	
0.752386	0.752386	0.752351	0.752316	0.752271	0.752227	0.752135	0.752043	0.75195	0.751856	0.751704	0.751552	0.751423	0.751295	0.751141	0.750988	0.751014	0.751039	0.751179	0.751319	0.751697	0.752074	0.752381	0.752687	0.753442	0.754196	0.754324	0.754451	0.751446	0.747501	0.747567	0.749719	0.751751	0.751449	0.751567	0.75231	0.753198	0.754086	0.754779	0.755471	0.75464	0.753809	0.753299	0.752789	0.752263	0.751737	0.751586	0.751435	0.751426	0.751417	0.751504	0.751591	0.751682	0.751773	0.751876	0.751979	0.752058	0.752138	0.752203	0.752269	0.75231	0.752352	0.752369	0.752385	0.752386	
0.752377	0.752372	0.752341	0.75231	0.75226	0.752211	0.75212	0.75203	0.751929	0.751827	0.751669	0.751511	0.751363	0.751216	0.751031	0.750845	0.750825	0.750804	0.750879	0.750953	0.751254	0.751555	0.751696	0.751837	0.752668	0.753499	0.753834	0.754168	0.753382	0.75469	0.751654	0.748827	0.74966	0.750952	0.752613	0.754529	0.75506	0.755591	0.755738	0.755886	0.754782	0.753679	0.753082	0.752485	0.751986	0.751486	0.751378	0.75127	0.75128	0.75129	0.751409	0.751527	0.751623	0.751719	0.751839	0.75196	0.752036	0.752112	0.752188	0.752263	0.752299	0.752335	0.752358	0.752381	0.752377	
0.752376	0.752379	0.752343	0.752307	0.752261	0.752216	0.752121	0.752025	0.751924	0.751823	0.751656	0.751489	0.751331	0.751173	0.750959	0.750745	0.750678	0.75061	0.750631	0.750652	0.750883	0.751115	0.751179	0.751244	0.751796	0.752349	0.752927	0.753506	0.755018	0.760818	0.757946	0.75081	0.747676	0.750347	0.753804	0.755249	0.755746	0.756244	0.756045	0.755845	0.754709	0.753573	0.752912	0.752251	0.751771	0.751291	0.751189	0.751087	0.751137	0.751186	0.751315	0.751443	0.751565	0.751688	0.751806	0.751924	0.752016	0.752108	0.752177	0.752247	0.752293	0.75234	0.752357	0.752374	0.752376	
0.752376	0.752386	0.752345	0.752303	0.752262	0.752221	0.752121	0.75202	0.751919	0.751819	0.751643	0.751467	0.751299	0.751131	0.750887	0.750644	0.75053	0.750417	0.750384	0.750351	0.750512	0.750674	0.750663	0.750651	0.750925	0.751198	0.752021	0.752844	0.756654	0.760465	0.754984	0.753008	0.74695	0.749825	0.754251	0.755969	0.756433	0.756897	0.756351	0.755805	0.754636	0.753467	0.752742	0.752017	0.751556	0.751096	0.751	0.750904	0.750993	0.751083	0.75122	0.751358	0.751507	0.751656	0.751773	0.751889	0.751996	0.752103	0.752167	0.75223	0.752288	0.752345	0.752356	0.752367	0.752376	
0.752383	0.752386	0.75235	0.752315	0.75227	0.752225	0.752128	0.752032	0.751928	0.751825	0.75165	0.751475	0.7513	0.751126	0.750866	0.750606	0.750444	0.750281	0.750182	0.750083	0.750199	0.750316	0.750318	0.750319	0.750433	0.750546	0.751081	0.751615	0.754687	0.75776	0.753941	0.753918	0.747002	0.749431	0.753818	0.753591	0.755476	0.757362	0.756766	0.756169	0.754791	0.753412	0.752663	0.751915	0.751387	0.750859	0.750816	0.750772	0.750875	0.750979	0.751154	0.75133	0.751477	0.751623	0.751759	0.751895	0.751994	0.752092	0.752168	0.752244	0.752292	0.75234	0.75236	0.752379	0.752383	
0.752389	0.752385	0.752356	0.752327	0.752278	0.752229	0.752136	0.752044	0.751937	0.751831	0.751657	0.751483	0.751301	0.75112	0.750844	0.750569	0.750357	0.750146	0.74998	0.749815	0.749886	0.749958	0.749973	0.749988	0.749941	0.749895	0.75014	0.750386	0.75272	0.755054	0.752897	0.753505	0.746905	0.74938	0.7536	0.751213	0.75452	0.757827	0.757181	0.756534	0.754945	0.753356	0.752585	0.751813	0.751218	0.750623	0.750631	0.75064	0.750757	0.750875	0.751089	0.751302	0.751446	0.75159	0.751746	0.751901	0.751991	0.752081	0.752169	0.752257	0.752296	0.752336	0.752364	0.752392	0.752389	
0.752402	0.752407	0.752374	0.75234	0.752297	0.752254	0.752159	0.752064	0.751962	0.75186	0.751684	0.751507	0.751326	0.751145	0.75086	0.750575	0.750332	0.75009	0.749864	0.749638	0.749649	0.74966	0.74972	0.74978	0.749666	0.749553	0.749965	0.750377	0.750919	0.751462	0.750938	0.753135	0.749384	0.751681	0.754914	0.75235	0.754704	0.757057	0.756897	0.756737	0.75501	0.753284	0.752388	0.751493	0.750914	0.750336	0.750384	0.750432	0.750609	0.750786	0.751007	0.751228	0.751403	0.751578	0.751728	0.751877	0.751985	0.752093	0.752172	0.752252	0.752304	0.752356	0.752376	0.752397	0.752402	
0.752416	0.75243	0.752391	0.752353	0.752316	0.75228	0.752182	0.752085	0.751987	0.751889	0.75171	0.751531	0.75135	0.751169	0.750875	0.75058	0.750307	0.750034	0.749748	0.749461	0.749412	0.749362	0.749467	0.749571	0.749391	0.749211	0.74979	0.750368	0.749119	0.74787	0.748979	0.75286	0.752531	0.754972	0.756565	0.753487	0.754887	0.756288	0.756614	0.756939	0.755076	0.753212	0.752192	0.751172	0.750611	0.750049	0.750136	0.750223	0.75046	0.750697	0.750926	0.751154	0.75136	0.751566	0.751709	0.751852	0.751979	0.752106	0.752176	0.752246	0.752311	0.752376	0.752389	0.752402	0.752416	
0.752435	0.752441	0.75241	0.752379	0.752339	0.7523	0.752208	0.752116	0.752019	0.751922	0.751748	0.751573	0.751394	0.751216	0.750922	0.750629	0.750344	0.750058	0.749707	0.749356	0.749224	0.749093	0.749168	0.749244	0.749253	0.749261	0.749556	0.749851	0.748876	0.747901	0.748885	0.751842	0.753224	0.756432	0.757522	0.755477	0.755967	0.756457	0.756864	0.757272	0.755069	0.752866	0.751845	0.750825	0.75029	0.749756	0.749937	0.750118	0.75037	0.750623	0.750895	0.751168	0.751362	0.751556	0.751721	0.751886	0.751998	0.75211	0.752194	0.752278	0.75233	0.752383	0.752406	0.752429	0.752435	
0.752454	0.752453	0.752429	0.752405	0.752362	0.75232	0.752234	0.752147	0.752051	0.751955	0.751785	0.751615	0.751438	0.751262	0.75097	0.750677	0.75038	0.750083	0.749667	0.749251	0.749037	0.748824	0.74887	0.748917	0.749114	0.749312	0.749323	0.749334	0.748634	0.747933	0.748791	0.751271	0.753164	0.756666	0.758028	0.757467	0.757046	0.756625	0.757115	0.757605	0.755063	0.752521	0.751499	0.750477	0.74997	0.749464	0.749738	0.750013	0.750281	0.750548	0.750865	0.751181	0.751364	0.751546	0.751733	0.751919	0.752017	0.752114	0.752212	0.752309	0.75235	0.752391	0.752423	0.752456	0.752454	
0.75248	0.752488	0.75246	0.752432	0.752396	0.752361	0.752274	0.752187	0.752097	0.752007	0.751839	0.751671	0.751499	0.751326	0.751034	0.750742	0.750443	0.750143	0.74971	0.749277	0.749013	0.74875	0.748694	0.748637	0.748718	0.748798	0.74863	0.748462	0.748391	0.74832	0.749611	0.753123	0.754804	0.756823	0.757864	0.75731	0.757288	0.757266	0.757334	0.757401	0.754827	0.752252	0.751165	0.750078	0.749659	0.749241	0.749533	0.749826	0.750162	0.750497	0.750813	0.751128	0.751345	0.751561	0.751736	0.751912	0.752028	0.752145	0.752231	0.752317	0.752371	0.752424	0.752448	0.752473	0.75248	
0.752506	0.752523	0.752491	0.752459	0.75243	0.752401	0.752314	0.752228	0.752143	0.752059	0.751893	0.751727	0.751559	0.751391	0.751099	0.750807	0.750505	0.750202	0.749752	0.749302	0.748989	0.748676	0.748517	0.748357	0.748321	0.748284	0.747937	0.74759	0.748148	0.748706	0.750432	0.752159	0.752165	0.752172	0.754662	0.757153	0.75753	0.757907	0.757552	0.757197	0.75459	0.751983	0.750831	0.74968	0.749349	0.749018	0.749329	0.74964	0.750043	0.750446	0.75076	0.751075	0.751326	0.751577	0.75174	0.751904	0.75204	0.752176	0.752251	0.752325	0.752391	0.752458	0.752474	0.752489	0.752506	
0.752536	0.752545	0.75252	0.752495	0.752464	0.752434	0.752353	0.752272	0.752193	0.752113	0.751953	0.751792	0.751635	0.751478	0.751191	0.750904	0.750609	0.750314	0.749817	0.74932	0.748941	0.748562	0.748311	0.748059	0.747947	0.747835	0.747122	0.746408	0.746529	0.74665	0.748691	0.750732	0.750765	0.750797	0.753172	0.755546	0.756505	0.757463	0.756783	0.756102	0.753685	0.751268	0.750277	0.749287	0.74904	0.748793	0.749207	0.749621	0.750026	0.750431	0.750786	0.751142	0.75137	0.751598	0.751782	0.751966	0.752082	0.752198	0.752285	0.752372	0.752424	0.752476	0.752501	0.752527	0.752536	
0.752565	0.752566	0.752548	0.75253	0.752498	0.752467	0.752391	0.752316	0.752242	0.752167	0.752012	0.751858	0.751711	0.751564	0.751282	0.751001	0.750714	0.750427	0.749882	0.749338	0.748893	0.748449	0.748105	0.74776	0.747573	0.747386	0.746306	0.745227	0.74491	0.744593	0.74695	0.749306	0.749364	0.749422	0.751681	0.75394	0.75548	0.757019	0.756013	0.755006	0.752779	0.750552	0.749723	0.748894	0.748732	0.748569	0.749085	0.749602	0.750009	0.750415	0.750812	0.75121	0.751415	0.75162	0.751825	0.752029	0.752124	0.752219	0.752319	0.75242	0.752457	0.752495	0.752529	0.752564	0.752565	
0.752601	0.752611	0.752589	0.752568	0.752543	0.752518	0.752444	0.75237	0.752303	0.752235	0.752085	0.751936	0.751797	0.751658	0.751381	0.751103	0.750815	0.750526	0.749958	0.74939	0.748946	0.748503	0.748222	0.747941	0.747809	0.747678	0.746977	0.746276	0.744716	0.743157	0.744789	0.746421	0.747843	0.749266	0.750619	0.751971	0.753349	0.754727	0.753636	0.752545	0.75101	0.749476	0.748874	0.748272	0.748304	0.748336	0.748855	0.749375	0.749889	0.750403	0.750799	0.751196	0.751433	0.751671	0.751857	0.752043	0.752156	0.752269	0.752355	0.75244	0.75249	0.75254	0.752566	0.752591	0.752601	
0.752637	0.752656	0.752631	0.752606	0.752587	0.752569	0.752497	0.752425	0.752364	0.752302	0.752158	0.752014	0.751884	0.751753	0.751479	0.751206	0.750916	0.750626	0.750034	0.749441	0.748999	0.748556	0.748339	0.748121	0.748045	0.74797	0.747647	0.747325	0.744523	0.74172	0.742628	0.743535	0.746323	0.749111	0.749557	0.750003	0.751219	0.752435	0.751259	0.750083	0.749241	0.748399	0.748025	0.74765	0.747876	0.748103	0.748626	0.749148	0.749769	0.75039	0.750786	0.751182	0.751451	0.751721	0.751889	0.752057	0.752188	0.752319	0.75239	0.752461	0.752523	0.752585	0.752602	0.752618	0.752637	
0.752672	0.752683	0.752664	0.752646	0.752627	0.752609	0.752542	0.752476	0.752423	0.752371	0.752234	0.752097	0.751988	0.751879	0.75162	0.751362	0.751119	0.750876	0.750325	0.749775	0.749387	0.748999	0.748881	0.748763	0.749067	0.74937	0.749333	0.749295	0.747105	0.744915	0.744125	0.743334	0.746606	0.749878	0.749939	0.75	0.749925	0.74985	0.749009	0.748168	0.747764	0.74736	0.747268	0.747178	0.74752	0.747862	0.748545	0.749229	0.749852	0.750475	0.750899	0.751322	0.751553	0.751784	0.751966	0.752149	0.752253	0.752357	0.752439	0.752521	0.752566	0.752612	0.752637	0.752661	0.752672	
0.752708	0.75271	0.752698	0.752686	0.752667	0.752649	0.752587	0.752526	0.752483	0.75244	0.75231	0.75218	0.752093	0.752006	0.751762	0.751518	0.751321	0.751125	0.750616	0.750108	0.749775	0.749442	0.749424	0.749406	0.750088	0.750771	0.751019	0.751266	0.749688	0.74811	0.745622	0.743134	0.746889	0.750645	0.750321	0.749996	0.748631	0.747266	0.746759	0.746253	0.746286	0.74632	0.746512	0.746705	0.747163	0.747622	0.748465	0.749309	0.749934	0.75056	0.751012	0.751463	0.751655	0.751846	0.752044	0.752241	0.752318	0.752395	0.752488	0.75258	0.752609	0.752639	0.752672	0.752705	0.752708	
0.752749	0.75276	0.752745	0.752729	0.752717	0.752705	0.752647	0.752589	0.752552	0.752516	0.752397	0.752278	0.752203	0.752129	0.751909	0.751689	0.751532	0.751376	0.750947	0.750519	0.750312	0.750105	0.750272	0.750438	0.750956	0.751474	0.750633	0.749791	0.748014	0.746237	0.746486	0.746735	0.747791	0.748846	0.748102	0.747358	0.746295	0.745233	0.745545	0.745858	0.746014	0.74617	0.746374	0.746578	0.747162	0.747747	0.748622	0.749498	0.750116	0.750733	0.751133	0.751533	0.751739	0.751945	0.752112	0.752279	0.75237	0.752462	0.752536	0.752611	0.752651	0.752691	0.752715	0.752738	0.752749	
0.752791	0.752809	0.752791	0.752773	0.752767	0.752761	0.752707	0.752652	0.752622	0.752592	0.752483	0.752375	0.752314	0.752252	0.752057	0.751861	0.751744	0.751626	0.751278	0.75093	0.750849	0.750768	0.751119	0.751471	0.751824	0.752178	0.750246	0.748315	0.746339	0.744363	0.747349	0.750335	0.748692	0.747048	0.745884	0.74472	0.74396	0.7432	0.744331	0.745463	0.745742	0.746021	0.746236	0.74645	0.747161	0.747872	0.748779	0.749686	0.750297	0.750907	0.751254	0.751602	0.751823	0.752043	0.75218	0.752316	0.752422	0.752529	0.752585	0.752641	0.752692	0.752744	0.752758	0.752772	0.752791	
0.752826	0.752837	0.752824	0.752811	0.752806	0.7528	0.75275	0.7527	0.75268	0.75266	0.752557	0.752455	0.752417	0.75238	0.752196	0.752012	0.751946	0.75188	0.751579	0.751277	0.751268	0.751259	0.751458	0.751658	0.752019	0.752381	0.749815	0.747248	0.744596	0.741943	0.746965	0.751987	0.749381	0.746775	0.743556	0.740338	0.740646	0.740956	0.743064	0.745173	0.746078	0.746984	0.747254	0.747524	0.748094	0.748664	0.749455	0.750246	0.75071	0.751173	0.751498	0.751823	0.751984	0.752145	0.752286	0.752427	0.752502	0.752577	0.75264	0.752704	0.752739	0.752773	0.752794	0.752814	0.752826	
0.75286	0.752864	0.752857	0.752849	0.752844	0.752839	0.752794	0.752748	0.752738	0.752728	0.752631	0.752534	0.752521	0.752508	0.752336	0.752164	0.752149	0.752134	0.751879	0.751625	0.751687	0.75175	0.751797	0.751845	0.752214	0.752584	0.749383	0.746182	0.742852	0.739523	0.746581	0.751455	0.750151	0.744294	0.739248	0.735955	0.737333	0.738711	0.741797	0.744883	0.746415	0.747947	0.748273	0.748598	0.749027	0.749455	0.750131	0.750806	0.751123	0.751439	0.751742	0.752044	0.752145	0.752246	0.752392	0.752538	0.752581	0.752625	0.752696	0.752767	0.752785	0.752803	0.75283	0.752857	0.75286	
0.752903	0.752913	0.752903	0.752893	0.752893	0.752893	0.752852	0.752811	0.752805	0.752799	0.752713	0.752627	0.75262	0.752613	0.752462	0.752311	0.752307	0.752304	0.752081	0.751858	0.751914	0.75197	0.751885	0.751801	0.751975	0.752149	0.749461	0.746774	0.743669	0.740564	0.745102	0.747851	0.748487	0.741296	0.734255	0.734338	0.737352	0.740366	0.743265	0.746164	0.74745	0.748735	0.749032	0.749329	0.749712	0.750095	0.750608	0.751122	0.751392	0.751662	0.751898	0.752134	0.752245	0.752356	0.75247	0.752583	0.752638	0.752694	0.752747	0.752801	0.752828	0.752856	0.752874	0.752892	0.752903	
0.752945	0.752963	0.75295	0.752938	0.752943	0.752948	0.75291	0.752873	0.752871	0.75287	0.752795	0.752721	0.75272	0.752719	0.752588	0.752458	0.752465	0.752473	0.752282	0.752091	0.752141	0.75219	0.751974	0.751757	0.751735	0.751713	0.74954	0.747366	0.744485	0.738035	0.73676	0.741449	0.744951	0.736292	0.729346	0.72794	0.734148	0.74202	0.744733	0.747446	0.748485	0.749523	0.749791	0.75006	0.750397	0.750734	0.751085	0.751437	0.751661	0.751886	0.752055	0.752224	0.752346	0.752467	0.752547	0.752627	0.752695	0.752764	0.752799	0.752834	0.752872	0.752909	0.752918	0.752927	0.752945	
0.752972	0.752983	0.752975	0.752967	0.752973	0.752978	0.752945	0.752912	0.752917	0.752923	0.752855	0.752786	0.752802	0.752818	0.752695	0.752572	0.75261	0.752648	0.752455	0.752261	0.752328	0.752395	0.752139	0.751882	0.751773	0.751664	0.750051	0.748438	0.745517	0.7391	0.736988	0.737752	0.741223	0.727132	0.726723	0.7288	0.73603	0.744212	0.746298	0.748383	0.749201	0.750019	0.750369	0.750718	0.750927	0.751135	0.751473	0.751811	0.75194	0.75207	0.75224	0.75241	0.752482	0.752554	0.752639	0.752724	0.752765	0.752806	0.752847	0.752888	0.75291	0.752933	0.752947	0.752961	0.752972	
0.753	0.753004	0.753001	0.752997	0.753002	0.753007	0.752979	0.752951	0.752964	0.752977	0.752914	0.752851	0.752885	0.752918	0.752802	0.752685	0.752754	0.752823	0.752627	0.752432	0.752516	0.7526	0.752303	0.752006	0.751811	0.751615	0.750562	0.74951	0.746549	0.73988	0.736482	0.736637	0.738464	0.727019	0.731558	0.734694	0.740676	0.746404	0.747862	0.749321	0.749918	0.750516	0.750946	0.751376	0.751456	0.751536	0.75186	0.752184	0.752219	0.752255	0.752425	0.752596	0.752618	0.75264	0.75273	0.752821	0.752835	0.752848	0.752895	0.752941	0.752949	0.752957	0.752976	0.752995	0.753	
0.753037	0.753048	0.753042	0.753037	0.753046	0.753056	0.753031	0.753006	0.753023	0.75304	0.752987	0.752934	0.752973	0.753011	0.752913	0.752815	0.752895	0.752975	0.752805	0.752634	0.752754	0.752875	0.75258	0.752286	0.75229	0.752295	0.751294	0.750293	0.747544	0.740025	0.733631	0.727898	0.732971	0.749112	0.743211	0.74273	0.745696	0.748299	0.749443	0.750587	0.750837	0.751087	0.751454	0.751821	0.751847	0.751873	0.752116	0.75236	0.752392	0.752424	0.752548	0.752672	0.752703	0.752735	0.752798	0.752861	0.752885	0.75291	0.752941	0.752972	0.752988	0.753004	0.753016	0.753027	0.753037	
0.753075	0.753091	0.753084	0.753077	0.75309	0.753104	0.753083	0.753061	0.753082	0.753102	0.75306	0.753017	0.75306	0.753104	0.753025	0.752945	0.753036	0.753127	0.752982	0.752836	0.752993	0.753149	0.752858	0.752566	0.75277	0.752975	0.752026	0.751077	0.748539	0.742259	0.732179	0.721196	0.734115	0.754207	0.752212	0.747739	0.749103	0.750194	0.751023	0.751852	0.751755	0.751659	0.751962	0.752266	0.752238	0.75221	0.752373	0.752535	0.752564	0.752593	0.75267	0.752747	0.752789	0.75283	0.752866	0.752901	0.752936	0.752971	0.752987	0.753002	0.753027	0.753051	0.753055	0.753059	0.753075	
0.75309	0.753101	0.753097	0.753093	0.753106	0.753119	0.753102	0.753085	0.753111	0.753137	0.753101	0.753065	0.753122	0.753179	0.753111	0.753042	0.75316	0.753278	0.753146	0.753014	0.753232	0.75345	0.75317	0.752891	0.753255	0.75362	0.752647	0.751674	0.750154	0.746783	0.738434	0.725738	0.736116	0.753438	0.753229	0.750047	0.751331	0.751376	0.752126	0.752876	0.752529	0.752182	0.752454	0.752727	0.752605	0.752482	0.752632	0.752782	0.752755	0.752728	0.752805	0.752881	0.752888	0.752894	0.752932	0.752971	0.752985	0.753	0.753019	0.753038	0.753051	0.753065	0.753071	0.753078	0.75309	
0.753104	0.75311	0.753109	0.753108	0.753121	0.753134	0.753121	0.753108	0.75314	0.753171	0.753142	0.753112	0.753183	0.753254	0.753197	0.753139	0.753284	0.753429	0.753311	0.753192	0.753471	0.75375	0.753483	0.753216	0.753741	0.754266	0.753268	0.752271	0.751769	0.750748	0.747299	0.746334	0.732072	0.754242	0.750512	0.751955	0.752948	0.752559	0.753229	0.7539	0.753302	0.752705	0.752946	0.753187	0.752971	0.752754	0.752891	0.753028	0.752946	0.752863	0.752939	0.753015	0.752986	0.752958	0.752999	0.75304	0.753034	0.753028	0.753051	0.753073	0.753075	0.753078	0.753088	0.753098	0.753104	
0.753133	0.753143	0.753141	0.753139	0.753155	0.753172	0.753161	0.75315	0.753186	0.753222	0.753199	0.753175	0.753255	0.753334	0.753286	0.753239	0.753404	0.75357	0.753466	0.753362	0.753682	0.754002	0.753773	0.753544	0.754168	0.754792	0.753918	0.753044	0.753027	0.754089	0.753022	0.748858	0.762541	0.753551	0.750448	0.754438	0.754232	0.753075	0.753792	0.754508	0.753779	0.75305	0.753251	0.753452	0.753203	0.752955	0.753052	0.75315	0.753064	0.752978	0.753024	0.753069	0.753048	0.753027	0.753048	0.753069	0.753072	0.753074	0.753085	0.753096	0.753105	0.753113	0.753118	0.753122	0.753133	
0.753162	0.753177	0.753173	0.753169	0.753189	0.75321	0.753201	0.753192	0.753233	0.753273	0.753256	0.753238	0.753326	0.753414	0.753376	0.753339	0.753524	0.75371	0.753621	0.753531	0.753893	0.754254	0.754064	0.753873	0.754596	0.755318	0.754567	0.753816	0.754286	0.756943	0.757577	0.757443	0.758231	0.750991	0.754196	0.756279	0.755331	0.753591	0.754354	0.755117	0.754256	0.753395	0.753556	0.753717	0.753436	0.753155	0.753214	0.753272	0.753183	0.753094	0.753109	0.753124	0.75311	0.753096	0.753097	0.753099	0.753109	0.75312	0.753119	0.753119	0.753134	0.753149	0.753148	0.753147	0.753162	
0.75316	0.753172	0.75317	0.753168	0.753188	0.753208	0.753203	0.753197	0.753241	0.753284	0.753274	0.753264	0.753362	0.753459	0.753436	0.753413	0.753619	0.753825	0.753762	0.753699	0.754103	0.754506	0.754348	0.754191	0.754963	0.755735	0.755265	0.754795	0.754484	0.756798	0.757793	0.761811	0.753994	0.755668	0.757239	0.757193	0.755982	0.754639	0.755072	0.755504	0.754651	0.753798	0.753876	0.753953	0.75366	0.753367	0.753393	0.753419	0.753307	0.753194	0.753198	0.753202	0.75317	0.753137	0.753136	0.753135	0.753133	0.753132	0.753132	0.753132	0.75314	0.753148	0.753148	0.753148	0.75316	
0.753158	0.753167	0.753167	0.753167	0.753186	0.753206	0.753204	0.753202	0.753249	0.753296	0.753293	0.753291	0.753397	0.753504	0.753496	0.753488	0.753714	0.75394	0.753903	0.753867	0.754312	0.754758	0.754633	0.754508	0.75533	0.756152	0.755963	0.755775	0.754682	0.754647	0.754187	0.75747	0.760706	0.762735	0.758967	0.757923	0.756214	0.755688	0.755789	0.755891	0.755046	0.754202	0.754195	0.754189	0.753884	0.75358	0.753572	0.753565	0.75343	0.753295	0.753287	0.75328	0.753229	0.753178	0.753174	0.75317	0.753157	0.753144	0.753144	0.753144	0.753146	0.753147	0.753148	0.75315	0.753158	
0.753175	0.753187	0.753185	0.753184	0.753206	0.753229	0.753227	0.753225	0.753276	0.753326	0.753326	0.753326	0.753441	0.753555	0.753551	0.753547	0.753791	0.754034	0.753997	0.753959	0.754434	0.754909	0.754748	0.754586	0.755392	0.756198	0.756262	0.756325	0.754769	0.753984	0.74578	0.751195	0.758678	0.759194	0.757211	0.758192	0.756258	0.755937	0.756132	0.756326	0.755343	0.75436	0.754367	0.754374	0.754029	0.753683	0.753667	0.753652	0.753505	0.753359	0.753337	0.753314	0.753265	0.753216	0.753201	0.753186	0.753178	0.753169	0.753162	0.753156	0.753162	0.753167	0.753165	0.753163	0.753175	
0.753191	0.753207	0.753204	0.7532	0.753226	0.753251	0.75325	0.753249	0.753303	0.753357	0.753359	0.753362	0.753484	0.753606	0.753606	0.753607	0.753868	0.754129	0.75409	0.754051	0.754556	0.755061	0.754863	0.754665	0.755455	0.756245	0.75656	0.756875	0.754856	0.753836	0.74611	0.743934	0.759948	0.758012	0.755297	0.756949	0.755983	0.756187	0.756474	0.756761	0.75564	0.754518	0.754539	0.75456	0.754173	0.753786	0.753762	0.753739	0.753581	0.753423	0.753386	0.753349	0.753301	0.753254	0.753228	0.753202	0.753198	0.753194	0.753181	0.753168	0.753178	0.753188	0.753182	0.753176	0.753191	
0.753172	0.753185	0.753183	0.753182	0.753206	0.75323	0.753231	0.753232	0.753287	0.753342	0.753351	0.75336	0.753487	0.753614	0.75363	0.753647	0.753921	0.754196	0.754188	0.75418	0.754714	0.755248	0.755052	0.754855	0.755851	0.756847	0.757134	0.757421	0.755648	0.754998	0.744293	0.741325	0.762973	0.755886	0.757581	0.753956	0.755459	0.756571	0.756653	0.756736	0.755758	0.754781	0.754718	0.754656	0.754301	0.753947	0.753874	0.753801	0.753644	0.753488	0.75343	0.753373	0.75332	0.753267	0.753235	0.753202	0.753194	0.753185	0.753171	0.753157	0.753163	0.75317	0.753165	0.75316	0.753172	
0.753153	0.753164	0.753163	0.753163	0.753185	0.753208	0.753212	0.753216	0.753272	0.753327	0.753343	0.753359	0.75349	0.753621	0.753654	0.753687	0.753974	0.754262	0.754286	0.75431	0.754873	0.755435	0.755241	0.755046	0.756248	0.75745	0.757708	0.757966	0.75644	0.756359	0.749334	0.747613	0.757067	0.751555	0.750838	0.751354	0.754945	0.756955	0.756832	0.75671	0.755877	0.755044	0.754897	0.754751	0.75443	0.754109	0.753986	0.753863	0.753708	0.753552	0.753475	0.753397	0.753339	0.753281	0.753242	0.753203	0.75319	0.753177	0.753161	0.753146	0.753149	0.753152	0.753148	0.753143	0.753153	
0.753156	0.753168	0.753166	0.753164	0.753188	0.753213	0.753216	0.753219	0.753275	0.753332	0.753349	0.753366	0.753498	0.75363	0.753671	0.753711	0.753991	0.754271	0.754323	0.754375	0.754883	0.755392	0.755302	0.755211	0.75616	0.757108	0.756954	0.756799	0.755977	0.75554	0.751461	0.749605	0.747617	0.743937	0.745444	0.752054	0.755332	0.756531	0.756333	0.756135	0.7557	0.755265	0.755026	0.754788	0.754489	0.75419	0.754045	0.7539	0.753738	0.753577	0.753492	0.753407	0.753347	0.753287	0.753244	0.753201	0.75319	0.753179	0.753162	0.753144	0.75315	0.753155	0.753149	0.753143	0.753156	
0.753158	0.753172	0.753169	0.753165	0.753191	0.753217	0.753219	0.753222	0.753279	0.753337	0.753355	0.753373	0.753506	0.753638	0.753687	0.753735	0.754008	0.75428	0.75436	0.754439	0.754894	0.755349	0.755363	0.755376	0.756072	0.756767	0.756199	0.755632	0.755514	0.756083	0.752932	0.749106	0.743893	0.746735	0.753105	0.757425	0.756778	0.756108	0.755834	0.75556	0.755523	0.755487	0.755155	0.754824	0.754548	0.754272	0.754104	0.753937	0.753769	0.753601	0.753509	0.753417	0.753356	0.753294	0.753247	0.7532	0.753191	0.753182	0.753162	0.753142	0.75315	0.753159	0.753151	0.753143	0.753158	
0.753123	0.753136	0.753133	0.75313	0.753154	0.753177	0.75318	0.753183	0.75324	0.753296	0.753318	0.75334	0.753473	0.753605	0.753663	0.753722	0.753995	0.754269	0.754361	0.754453	0.754898	0.755343	0.755328	0.755312	0.755832	0.756351	0.755626	0.754901	0.754786	0.756829	0.754794	0.7505	0.746175	0.759033	0.767638	0.761096	0.757466	0.755425	0.75536	0.755296	0.755541	0.755787	0.75533	0.754873	0.754639	0.754404	0.754169	0.753934	0.753779	0.753625	0.753509	0.753393	0.753334	0.753275	0.753222	0.753169	0.75316	0.75315	0.75313	0.75311	0.753117	0.753124	0.753117	0.75311	0.753123	
0.753088	0.753099	0.753096	0.753094	0.753116	0.753138	0.753142	0.753145	0.7532	0.753255	0.753281	0.753307	0.753439	0.753572	0.75364	0.753709	0.753983	0.754258	0.754362	0.754466	0.754902	0.755338	0.755293	0.755248	0.755592	0.755936	0.755053	0.75417	0.754057	0.755846	0.755138	0.752956	0.752544	0.766794	0.770218	0.760005	0.756852	0.754742	0.754887	0.755032	0.75556	0.756087	0.755505	0.754923	0.75473	0.754536	0.754234	0.753931	0.75379	0.753649	0.753509	0.753368	0.753313	0.753257	0.753197	0.753137	0.753128	0.753119	0.753098	0.753077	0.753084	0.75309	0.753083	0.753077	0.753088	
0.753075	0.753088	0.753083	0.753079	0.753101	0.753123	0.753125	0.753126	0.75318	0.753233	0.75326	0.753287	0.753412	0.753538	0.753619	0.753701	0.753952	0.754202	0.754358	0.754514	0.754877	0.75524	0.755356	0.755472	0.755525	0.755578	0.755542	0.755506	0.753954	0.753859	0.752349	0.753224	0.756467	0.765931	0.7643	0.756247	0.754925	0.754544	0.754981	0.755417	0.755763	0.756109	0.75561	0.755112	0.75484	0.754567	0.754273	0.753978	0.753807	0.753637	0.753498	0.753359	0.753296	0.753233	0.753176	0.753118	0.753109	0.753099	0.75308	0.753061	0.753068	0.753076	0.75307	0.753063	0.753075	
0.753063	0.753076	0.75307	0.753065	0.753087	0.753109	0.753108	0.753108	0.753159	0.753211	0.753239	0.753267	0.753385	0.753503	0.753598	0.753693	0.75392	0.754147	0.754354	0.754562	0.754852	0.755142	0.755419	0.755695	0.755458	0.755221	0.756031	0.756842	0.753851	0.751939	0.747974	0.750748	0.757983	0.761937	0.756762	0.750639	0.752493	0.754347	0.755074	0.755801	0.755966	0.756131	0.755716	0.7553	0.75495	0.754599	0.754312	0.754024	0.753824	0.753624	0.753487	0.75335	0.75328	0.753209	0.753154	0.753099	0.753089	0.753079	0.753062	0.753044	0.753053	0.753063	0.753056	0.75305	0.753063	
0.753017	0.753028	0.753022	0.753016	0.753036	0.753056	0.753053	0.753051	0.753101	0.753152	0.753177	0.753203	0.753325	0.753448	0.753542	0.753637	0.753883	0.754129	0.754345	0.754561	0.754912	0.755263	0.755551	0.755839	0.755818	0.755797	0.75648	0.757163	0.75544	0.75212	0.745226	0.748084	0.755809	0.756754	0.752124	0.750008	0.753182	0.756357	0.756152	0.755948	0.756186	0.756424	0.755876	0.755327	0.755001	0.754674	0.754323	0.753972	0.753787	0.753602	0.753444	0.753285	0.753223	0.753161	0.753102	0.753043	0.753036	0.753029	0.753013	0.752996	0.753005	0.753015	0.75301	0.753005	0.753017	
0.75297	0.75298	0.752974	0.752968	0.752986	0.753003	0.752999	0.752994	0.753044	0.753094	0.753116	0.753139	0.753265	0.753392	0.753486	0.75358	0.753846	0.754112	0.754336	0.754561	0.754972	0.755383	0.755683	0.755984	0.756178	0.756373	0.756929	0.757484	0.75703	0.756836	0.746813	0.746936	0.753076	0.752311	0.749734	0.749377	0.753872	0.758367	0.757231	0.756095	0.756406	0.756718	0.756036	0.755354	0.755051	0.754749	0.754334	0.75392	0.75375	0.75358	0.7534	0.753221	0.753167	0.753113	0.75305	0.752986	0.752983	0.752979	0.752963	0.752948	0.752958	0.752968	0.752964	0.75296	0.75297	
0.752946	0.752956	0.752948	0.75294	0.752956	0.752972	0.752964	0.752955	0.753	0.753045	0.753066	0.753086	0.753204	0.753322	0.753425	0.753527	0.753784	0.754041	0.754309	0.754577	0.755017	0.755457	0.75581	0.756163	0.756285	0.756407	0.756786	0.757164	0.75946	0.764125	0.754257	0.750409	0.75263	0.750924	0.750008	0.752301	0.755191	0.758081	0.757155	0.756229	0.756436	0.756643	0.756062	0.75548	0.755094	0.754708	0.754312	0.753917	0.753716	0.753515	0.753347	0.753178	0.753118	0.753058	0.753003	0.752947	0.752944	0.752942	0.752929	0.752917	0.752929	0.752941	0.752938	0.752935	0.752946	
0.752921	0.752932	0.752922	0.752911	0.752926	0.75294	0.752929	0.752917	0.752957	0.752997	0.753015	0.753033	0.753143	0.753253	0.753363	0.753473	0.753721	0.753969	0.754281	0.754593	0.755061	0.75553	0.755936	0.756342	0.756391	0.756441	0.756643	0.756844	0.76189	0.768312	0.762514	0.756803	0.756461	0.750965	0.752406	0.755226	0.756511	0.757795	0.75708	0.756364	0.756466	0.756567	0.756087	0.755607	0.755137	0.754667	0.754291	0.753914	0.753682	0.75345	0.753293	0.753136	0.75307	0.753004	0.752956	0.752908	0.752906	0.752904	0.752895	0.752887	0.752901	0.752914	0.752912	0.75291	0.752921	
0.75287	0.752879	0.752868	0.752857	0.752868	0.752879	0.752864	0.752848	0.752886	0.752923	0.752933	0.752943	0.753057	0.753171	0.753269	0.753367	0.753647	0.753927	0.754239	0.754552	0.755131	0.75571	0.756045	0.756379	0.756667	0.756954	0.756655	0.756356	0.76207	0.77023	0.766852	0.760555	0.757755	0.755294	0.755583	0.75721	0.75762	0.75803	0.757535	0.757039	0.756761	0.756484	0.755985	0.755487	0.755049	0.754611	0.754195	0.753778	0.753565	0.753351	0.753192	0.753032	0.752977	0.752921	0.752878	0.752836	0.752837	0.752839	0.752836	0.752832	0.752846	0.75286	0.75286	0.75286	0.75287	
0.752818	0.752825	0.752814	0.752803	0.752811	0.752818	0.752799	0.752779	0.752814	0.752849	0.752851	0.752853	0.752971	0.753089	0.753175	0.753261	0.753573	0.753885	0.754198	0.754511	0.755201	0.755891	0.756153	0.756416	0.756942	0.757468	0.756668	0.755869	0.76225	0.770252	0.768609	0.763671	0.761235	0.757326	0.757695	0.759194	0.758729	0.758264	0.757989	0.757715	0.757057	0.7564	0.755884	0.755367	0.754961	0.754554	0.754098	0.753643	0.753447	0.753251	0.75309	0.752929	0.752883	0.752837	0.7528	0.752763	0.752768	0.752774	0.752776	0.752778	0.752791	0.752805	0.752808	0.752811	0.752818	
0.752787	0.752795	0.752781	0.752767	0.752771	0.752776	0.752751	0.752727	0.752753	0.752779	0.752777	0.752774	0.752877	0.75298	0.753069	0.753158	0.753454	0.75375	0.75411	0.754469	0.755156	0.755844	0.756255	0.756667	0.757035	0.757404	0.756868	0.756333	0.762062	0.768814	0.770374	0.76781	0.762269	0.756713	0.757873	0.759014	0.758708	0.758403	0.758034	0.757665	0.756888	0.75611	0.755698	0.755286	0.75486	0.754433	0.753989	0.753544	0.753342	0.75314	0.752995	0.752849	0.752807	0.752764	0.752736	0.752708	0.752718	0.752727	0.752733	0.752739	0.752756	0.752773	0.752776	0.752779	0.752787	
0.752756	0.752764	0.752748	0.752731	0.752732	0.752733	0.752704	0.752674	0.752692	0.752709	0.752702	0.752694	0.752782	0.752871	0.752962	0.753054	0.753335	0.753616	0.754021	0.754427	0.755112	0.755796	0.756357	0.756918	0.757129	0.75734	0.757068	0.756797	0.761875	0.768031	0.771825	0.770286	0.763015	0.756848	0.757469	0.758833	0.758688	0.758542	0.758079	0.757615	0.756718	0.75582	0.755513	0.755205	0.754758	0.754312	0.753879	0.753446	0.753238	0.753029	0.752899	0.752769	0.75273	0.752691	0.752672	0.752654	0.752667	0.752681	0.752691	0.752701	0.752721	0.752742	0.752744	0.752747	0.752756	
0.752707	0.752713	0.752696	0.752679	0.752675	0.752671	0.752638	0.752604	0.752614	0.752623	0.752607	0.75259	0.752671	0.752751	0.75283	0.752909	0.753199	0.75349	0.753908	0.754327	0.755033	0.755739	0.756303	0.756867	0.756993	0.757118	0.757215	0.757312	0.761599	0.766748	0.77139	0.771149	0.764648	0.758831	0.757471	0.756824	0.757495	0.758165	0.757486	0.756807	0.756189	0.755571	0.755243	0.754915	0.754513	0.754111	0.753686	0.753261	0.753071	0.752881	0.752767	0.752653	0.752623	0.752593	0.752586	0.75258	0.752597	0.752613	0.752631	0.752649	0.752669	0.752688	0.752695	0.752701	0.752707	
0.752658	0.752661	0.752644	0.752628	0.752618	0.752609	0.752572	0.752534	0.752536	0.752538	0.752512	0.752487	0.752559	0.75263	0.752697	0.752763	0.753063	0.753363	0.753795	0.754227	0.754954	0.755681	0.756248	0.756815	0.756856	0.756897	0.757362	0.757828	0.761324	0.76482	0.765627	0.770714	0.765895	0.75936	0.756785	0.754815	0.756302	0.757789	0.756894	0.755999	0.75566	0.755321	0.754973	0.754624	0.754268	0.753911	0.753493	0.753076	0.752905	0.752733	0.752635	0.752537	0.752516	0.752495	0.7525	0.752506	0.752526	0.752546	0.752571	0.752597	0.752616	0.752635	0.752645	0.752655	0.752658	
0.752627	0.752632	0.752611	0.752591	0.752578	0.752565	0.752521	0.752478	0.752469	0.75246	0.752425	0.752391	0.752443	0.752495	0.752555	0.752615	0.752904	0.753194	0.753645	0.754096	0.754789	0.755481	0.756087	0.756693	0.756559	0.756425	0.756784	0.757143	0.760577	0.764011	0.764752	0.769181	0.765129	0.75917	0.755884	0.753833	0.755669	0.757504	0.756384	0.755263	0.755095	0.754926	0.754681	0.754435	0.754052	0.753668	0.753298	0.752928	0.752766	0.752604	0.752525	0.752447	0.752435	0.752422	0.752435	0.752448	0.752476	0.752503	0.752531	0.752558	0.752582	0.752606	0.752615	0.752623	0.752627	
0.752597	0.752602	0.752578	0.752554	0.752538	0.752522	0.752471	0.752421	0.752401	0.752382	0.752339	0.752295	0.752328	0.75236	0.752414	0.752467	0.752745	0.753024	0.753494	0.753964	0.754623	0.755282	0.755927	0.756572	0.756263	0.755954	0.756206	0.756458	0.75983	0.763202	0.763878	0.767873	0.764246	0.7594	0.755937	0.752851	0.755035	0.757219	0.755873	0.754527	0.754529	0.754531	0.754389	0.754247	0.753836	0.753426	0.753102	0.752779	0.752627	0.752475	0.752416	0.752357	0.752353	0.75235	0.75237	0.752391	0.752426	0.75246	0.75249	0.752519	0.752548	0.752577	0.752584	0.752591	0.752597	
0.752558	0.75256	0.752536	0.752513	0.75249	0.752468	0.752414	0.75236	0.75233	0.7523	0.752247	0.752194	0.75221	0.752226	0.752265	0.752304	0.752575	0.752845	0.75331	0.753774	0.754456	0.755137	0.755751	0.756366	0.75604	0.755715	0.755584	0.755453	0.75861	0.761768	0.763307	0.766646	0.764099	0.760157	0.757263	0.754762	0.755466	0.75617	0.755071	0.753972	0.753967	0.753963	0.753956	0.753949	0.753549	0.753148	0.752877	0.752605	0.752465	0.752326	0.752291	0.752255	0.752258	0.75226	0.752295	0.75233	0.752367	0.752403	0.752441	0.752479	0.752506	0.752533	0.752544	0.752556	0.752558	
