y	b	u.x	u.y	u.z	
0.390625	-0.11409	-0.275485	0.000385965	0.00601952
2.40294	0.428215	-1.52616	-2.50334e-05	0.00678928
4.41525	0.781935	-1.83392	0.000347697	-0.00937512
6.42756	1.0459	-1.95589	0.000150245	-0.00584347
8.43987	1.24877	-2.04909	-8.26174e-05	-0.00363566
10.4522	1.41288	-2.15532	-0.000232687	0.0023901
12.4645	1.55543	-2.29071	-4.13968e-05	0.000438594
14.4768	1.6892	-2.41645	-8.07716e-05	0.003956
16.4891	1.80985	-2.52879	-0.000338426	0.00713109
18.5014	1.91691	-2.5906	-0.000103807	0.00794326
20.5137	2.01628	-2.62823	0.000511831	0.00974446
22.526	2.10964	-2.67339	-0.000176324	0.0102453
24.5383	2.18581	-2.71157	-6.26346e-05	0.00538362
26.5507	2.26072	-2.74978	0.000126739	0.000487122
28.563	2.3328	-2.78528	0.000560326	-0.00352057
30.5753	2.39351	-2.81115	9.29294e-05	-0.00352737
32.5876	2.45407	-2.83748	-0.000849561	-0.00308908
34.5999	2.51355	-2.8636	-0.00113243	-0.00285986
36.6122	2.56401	-2.8894	-0.000238264	-0.00126945
38.6245	2.61446	-2.91511	0.000664966	0.000307354
40.6368	2.66488	-2.94087	0.00155698	0.00189155
42.6491	2.70856	-2.96455	0.000480611	0.00367492
44.6615	2.75224	-2.98823	-0.000581182	0.00546936
46.6738	2.79592	-3.01193	-0.0016663	0.00724246
48.6861	2.83503	-3.03254	-0.000626618	0.00625408
50.6984	2.87363	-3.0528	0.000556755	0.00496558
52.7107	2.91222	-3.07307	0.00187482	0.0036651
54.723	2.94757	-3.09106	0.00108086	0.00188116
56.7353	2.98209	-3.10843	-0.000360165	-9.42854e-05
58.7476	3.0166	-3.12581	-0.00175619	-0.00204013
60.7599	3.04883	-3.1412	-0.00119339	-0.00316577
62.7722	3.08001	-3.15568	0.000256764	-0.00391984
64.7846	3.1112	-3.17016	0.00170692	-0.00467392
66.7969	3.14075	-3.18415	0.00141694	-0.00438313
68.8092	3.16914	-3.19779	-0.000121017	-0.00334298
70.8215	3.19752	-3.21144	-0.00165898	-0.00230282
72.8338	3.22478	-3.22409	-0.00169642	-0.00152091
74.8461	3.25081	-3.23567	-8.51169e-05	-0.00102273
76.8584	3.27684	-3.24724	0.00152618	-0.000524551
78.8707	3.30213	-3.25886	0.0019156	-0.000160741
80.883	3.32618	-3.27057	0.000229712	-2.51475e-05
82.8954	3.35022	-3.28227	-0.00145617	0.000110446
84.9077	3.37383	-3.29356	-0.00223098	0.000187917
86.92	3.3962	-3.30369	-0.000474928	0.000103932
88.9323	3.41857	-3.31382	0.00128112	1.9946e-05
90.9446	3.44071	-3.32401	0.00246903	-4.61225e-05
92.9569	3.46162	-3.33455	0.000647849	-1.72933e-05
94.9692	3.48254	-3.34508	-0.00117334	1.15358e-05
96.9815	3.50338	-3.35552	-0.00279853	3.77053e-05
98.9938	3.52302	-3.36443	-0.000917231	1.62921e-05
101.006	3.54267	-3.37333	0.000964065	-5.12111e-06
103.018	3.56231	-3.38223	0.00284536	-2.65343e-05
105.031	3.58088	-3.39171	0.00111107	-1.34575e-05
107.043	3.59939	-3.40122	-0.000825348	1.54759e-06
109.055	3.61791	-3.41073	-0.00276177	1.65526e-05
111.068	3.63558	-3.41919	-0.00139661	1.07084e-05
113.08	3.6531	-3.42745	0.000591955	9.27481e-07
115.092	3.67061	-3.43572	0.00258052	-8.85347e-06
117.105	3.68746	-3.44419	0.00161036	-6.84708e-06
119.117	3.70408	-3.45273	-0.000424975	-5.97131e-07
121.129	3.72069	-3.46127	-0.00246031	5.65282e-06
123.142	3.73679	-3.4692	-0.00190572	5.40383e-06
125.154	3.7526	-3.47675	0.000173807	1.32827e-06
127.166	3.7684	-3.48431	0.00225334	-2.7473e-06
129.178	3.78382	-3.49197	0.00213542	-3.34683e-06
131.191	3.79889	-3.49974	1.75168e-05	-7.8271e-07
133.203	3.81395	-3.50751	-0.00210038	1.78141e-06
135.215	3.82874	-3.51494	-0.00243408	2.58006e-06
137.228	3.84314	-3.52188	-0.000279893	9.1693e-07
139.24	3.85754	-3.52883	0.0018743	-7.46203e-07
141.252	3.87174	-3.53582	0.00267579	-1.56837e-06
143.265	3.88553	-3.54291	0.000491045	-5.34004e-07
145.277	3.89931	-3.54999	-0.0016937	5.00361e-07
147.289	3.91298	-3.55694	-0.00297294	1.18531e-06
149.302	3.9262	-3.56336	-0.000759359	5.22456e-07
151.314	3.93942	-3.56978	0.00145422	-1.40399e-07
153.326	3.95259	-3.57621	0.00322279	-6.96732e-07
155.339	3.96529	-3.5827	0.000985871	-2.94288e-07
157.351	3.97799	-3.58919	-0.00125105	1.08156e-07
159.363	3.99069	-3.59567	-0.00348797	5.10599e-07
161.375	4.00291	-3.60164	-0.00125571	2.61973e-07
163.388	4.01513	-3.60761	0.00100303	9.48864e-09
165.4	4.02735	-3.61357	0.00326178	-2.42996e-07
167.412	4.03918	-3.61954	0.00149324	-1.41395e-07
169.425	4.05095	-3.6255	-0.000782074	4.7634e-09
171.437	4.06273	-3.63146	-0.00305739	1.50922e-07
173.449	4.07418	-3.63712	-0.0017607	1.1555e-07
175.462	4.08554	-3.64269	0.000529751	2.96746e-08
177.474	4.0969	-3.64825	0.0028202	-5.62005e-08
179.486	4.108	-3.65378	0.00200502	-5.54266e-08
181.499	4.11897	-3.65928	-0.000295519	-1.32103e-08
183.511	4.12995	-3.66478	-0.00259606	2.90061e-08
185.523	4.14071	-3.67012	-0.00226637	3.53292e-08
187.535	4.15133	-3.67534	4.28385e-05	1.46388e-08
189.548	4.16194	-3.68056	0.00235205	-6.05151e-09
191.56	4.17239	-3.68574	0.00251335	-1.40423e-08
193.572	4.18267	-3.69085	0.000200381	-7.40397e-09
195.585	4.19294	-3.69596	-0.00211259	-7.65632e-10
197.597	4.20313	-3.69924	-0.00276485	3.49078e-09
199.609	4.21317	-3.69924	-0.000449477	3.49078e-09
