y	b	u.x	u.y	u.z	
0.390625	-0.217151	-0.494438	0.000178793	0.00520977
2.40294	0.398485	-1.53083	-0.000409094	0.00458658
4.41525	0.769229	-1.80389	0.00024411	0.00567932
6.42756	1.03312	-1.95069	0.000392378	-0.00204862
8.43987	1.24242	-2.09653	-0.00035913	-0.00902361
10.4522	1.41373	-2.23816	0.000684417	-0.00327706
12.4645	1.56443	-2.3503	-4.55135e-05	7.16587e-05
14.4768	1.70124	-2.43812	-0.000332862	-6.01999e-05
16.4891	1.81759	-2.50788	0.000375151	0.000142601
18.5014	1.91869	-2.56059	6.59891e-05	-0.000129976
20.5137	2.01221	-2.60735	-0.000593867	-0.000129485
22.526	2.10402	-2.65455	-0.000547501	-0.00015783
24.5383	2.17889	-2.69255	-0.00011247	-0.000180779
26.5507	2.25353	-2.73032	0.000282989	-0.000199102
28.563	2.32525	-2.76673	0.000518393	-0.000209887
30.5753	2.38589	-2.79762	0.000119124	-0.000181841
32.5876	2.44654	-2.82851	-0.000280145	-0.000153796
34.5999	2.50611	-2.85881	-0.000589767	-0.000124987
36.6122	2.55721	-2.88444	-0.000186921	-9.01073e-05
38.6245	2.6083	-2.91006	0.000215926	-5.52277e-05
40.6368	2.65935	-2.93566	0.000614022	-2.05438e-05
42.6491	2.70343	-2.95785	0.000208973	-1.89437e-05
44.6615	2.74751	-2.98005	-0.000196076	-1.73437e-05
46.6738	2.79158	-3.00224	-0.000601125	-1.57436e-05
48.6861	2.83089	-3.02167	-0.000275617	-1.10471e-05
50.6984	2.86967	-3.04079	0.000131067	-6.00645e-06
52.7107	2.90844	-3.05991	0.000537751	-9.65825e-07
54.723	2.94391	-3.07762	0.000298828	-7.58779e-07
56.7353	2.97852	-3.09496	-0.000107476	-1.8049e-06
58.7476	3.01313	-3.11231	-0.00051378	-2.85103e-06
60.7599	3.04541	-3.12825	-0.000361508	-2.33518e-06
62.7722	3.07664	-3.14356	4.37979e-05	-1.11177e-06
64.7846	3.10787	-3.15887	0.000449104	1.11651e-07
66.7969	3.13748	-3.17357	0.000384079	3.65177e-07
68.8092	3.16594	-3.18784	-1.82594e-05	-7.6883e-08
70.8215	3.1944	-3.20211	-0.000420598	-5.18943e-07
72.8338	3.22176	-3.21569	-0.000441159	-5.95769e-07
74.8461	3.24791	-3.22851	-4.22307e-05	-2.71283e-07
76.8584	3.27405	-3.24132	0.000356697	5.32035e-08
78.8707	3.29947	-3.25389	0.000461797	2.03378e-07
80.883	3.32365	-3.26602	6.78453e-05	5.74955e-08
82.8954	3.34783	-3.27816	-0.000326106	-8.83874e-08
84.9077	3.37156	-3.29	-0.000512871	-1.72497e-07
86.92	3.39405	-3.30104	-0.000124103	-8.50117e-08
88.9323	3.41654	-3.31207	0.000264665	2.47389e-09
90.9446	3.4388	-3.32303	0.000530956	6.97147e-08
92.9569	3.45982	-3.3336	0.000148556	2.97297e-08
94.9692	3.48084	-3.34416	-0.000233844	-1.02553e-08
96.9815	3.50179	-3.35467	-0.000576096	-4.70217e-08
98.9938	3.52152	-3.36434	-0.00020006	-2.62055e-08
101.006	3.54125	-3.374	0.000175976	-5.38921e-09
103.018	3.56098	-3.38366	0.000552012	1.5427e-08
105.031	3.57963	-3.39302	0.000222572	8.66809e-09
107.043	3.59823	-3.40236	-0.000146307	3.6751e-10
109.055	3.61682	-3.4117	-0.000515187	-7.93307e-09
111.068	3.63456	-3.42045	-0.000268991	-6.54098e-09
113.08	3.65213	-3.42909	9.33443e-05	-3.31874e-09
115.092	3.66971	-3.43773	0.000455679	-9.64994e-11
117.105	3.68662	-3.44616	0.000290329	5.26431e-10
119.117	3.70329	-3.45451	-6.49925e-05	2.13581e-10
121.129	3.71995	-3.46285	-0.000420314	-9.92681e-11
123.142	3.7361	-3.47085	-0.000332303	-5.19878e-10
125.154	3.75195	-3.47865	1.6742e-05	-1.00394e-09
127.166	3.7678	-3.48644	0.000365787	-1.48799e-09
129.178	3.78325	-3.49411	0.0003528	-1.2724e-09
131.191	3.79836	-3.50166	1.03142e-05	-4.20024e-10
133.203	3.81346	-3.50921	-0.000332172	4.32351e-10
135.215	3.82828	-3.51657	-0.000390956	6.38819e-10
137.228	3.84271	-3.52367	-5.41451e-05	-5.53664e-11
139.24	3.85714	-3.53077	0.000282666	-7.49552e-10
141.252	3.87137	-3.5378	0.000411279	-1.04283e-09
143.265	3.88518	-3.54469	8.02717e-05	-4.51067e-10
145.277	3.89898	-3.55158	-0.000250736	1.40699e-10
147.289	3.91268	-3.55839	-0.000446441	5.32214e-10
149.302	3.92592	-3.56491	-0.000120242	1.513e-10
151.314	3.93916	-3.57142	0.000205956	-2.29615e-10
153.326	3.95234	-3.57792	0.000467403	-5.46423e-10
155.339	3.96506	-3.58425	0.000146036	-2.86224e-10
157.351	3.97778	-3.59058	-0.000175332	-2.60256e-11
159.363	3.9905	-3.59691	-0.000496699	2.34173e-10
161.375	4.00273	-3.60294	-0.000182853	1.03996e-10
163.388	4.01497	-3.60896	0.000134757	-2.8495e-11
165.4	4.0272	-3.61499	0.000452367	-1.60986e-10
167.412	4.03904	-3.62086	0.000209054	-1.12692e-10
169.425	4.05082	-3.62671	-0.000104844	-4.16488e-11
171.437	4.06261	-3.63257	-0.000418742	2.93945e-11
173.449	4.07407	-3.63822	-0.000243511	3.76071e-11
175.462	4.08544	-3.64383	6.78016e-05	2.83397e-11
177.474	4.09681	-3.64943	0.000379114	1.90722e-11
179.486	4.10792	-3.65492	0.000270935	1.02244e-13
181.499	4.1189	-3.66036	-3.7878e-05	-2.35083e-11
183.511	4.12988	-3.6658	-0.000346691	-4.71188e-11
185.523	4.14066	-3.67113	-0.000303866	-3.2195e-11
187.535	4.15128	-3.67637	3.60393e-06	1.173e-11
189.548	4.1619	-3.68161	0.000311074	5.5655e-11
191.56	4.17236	-3.68677	0.000333359	6.21675e-11
193.572	4.18264	-3.69186	2.71273e-05	2.55828e-11
195.585	4.19292	-3.69694	-0.000279104	-1.10019e-11
197.597	4.20312	-3.7002	-0.0003656	-3.44595e-11
199.609	4.21317	-3.7002	-5.9435e-05	-3.44595e-11
