x=200	y=90	z=200	n=65	len=1
b
0.678179	0.67818	0.678183	0.678186	0.678188	0.678189	0.678191	0.678192	0.678193	0.678194	0.678193	0.678193	0.678193	0.678193	0.678191	0.678189	0.678187	0.678185	0.678181	0.678178	0.678172	0.678166	0.678163	0.67816	0.678148	0.678136	0.678135	0.678133	0.678114	0.678094	0.678098	0.678103	0.678076	0.67805	0.678063	0.678077	0.678049	0.678022	0.678044	0.678067	0.678046	0.678026	0.678052	0.678078	0.678066	0.678054	0.678077	0.6781	0.678095	0.67809	0.678108	0.678126	0.678124	0.678122	0.678135	0.678148	0.678148	0.678148	0.678156	0.678165	0.678166	0.678167	0.678172	0.678178	0.678179	
0.678179	0.678179	0.678184	0.678189	0.678189	0.678189	0.678192	0.678195	0.678194	0.678193	0.678195	0.678197	0.678195	0.678192	0.678193	0.678194	0.678189	0.678183	0.678183	0.678183	0.678172	0.678162	0.678162	0.678162	0.678145	0.678127	0.678129	0.67813	0.678104	0.678079	0.678085	0.678092	0.678059	0.678026	0.678042	0.678059	0.678026	0.677992	0.678019	0.678046	0.678022	0.677999	0.678029	0.67806	0.678047	0.678034	0.678061	0.678088	0.678082	0.678076	0.678097	0.678119	0.678116	0.678114	0.678129	0.678145	0.678144	0.678143	0.678154	0.678165	0.678164	0.678164	0.678171	0.678179	0.678179	
0.678178	0.67818	0.678183	0.678187	0.678189	0.678191	0.678192	0.678193	0.678194	0.678196	0.678195	0.678194	0.678195	0.678195	0.678192	0.678189	0.678187	0.678185	0.67818	0.678175	0.678168	0.678162	0.678156	0.67815	0.678136	0.678121	0.678116	0.678112	0.678087	0.678062	0.678063	0.678064	0.67803	0.677996	0.678009	0.678022	0.677987	0.677953	0.677979	0.678006	0.677985	0.677964	0.677995	0.678027	0.678018	0.67801	0.678037	0.678065	0.678064	0.678062	0.678083	0.678104	0.678105	0.678106	0.678121	0.678136	0.678138	0.67814	0.67815	0.67816	0.678162	0.678164	0.67817	0.678176	0.678178	
0.678177	0.678181	0.678183	0.678184	0.678189	0.678193	0.678192	0.67819	0.678194	0.678199	0.678195	0.678191	0.678194	0.678197	0.678191	0.678185	0.678185	0.678186	0.678177	0.678168	0.678164	0.678161	0.67815	0.678139	0.678127	0.678114	0.678104	0.678093	0.67807	0.678046	0.678041	0.678036	0.678001	0.677966	0.677975	0.677985	0.677949	0.677913	0.67794	0.677966	0.677948	0.677929	0.677961	0.677994	0.67799	0.677985	0.678014	0.678043	0.678045	0.678047	0.678069	0.67809	0.678095	0.678099	0.678113	0.678128	0.678132	0.678137	0.678146	0.678155	0.678159	0.678164	0.678168	0.678173	0.678177	
0.678175	0.678178	0.678182	0.678186	0.678188	0.678191	0.678192	0.678193	0.678195	0.678197	0.678195	0.678194	0.678194	0.678195	0.678191	0.678187	0.678184	0.678182	0.678175	0.678168	0.678159	0.678151	0.678141	0.678132	0.678113	0.678094	0.678084	0.678074	0.678041	0.678008	0.678003	0.677998	0.677951	0.677904	0.677916	0.677928	0.677881	0.677833	0.677868	0.677903	0.677881	0.677858	0.677901	0.677944	0.67794	0.677936	0.677973	0.678009	0.678013	0.678016	0.678044	0.678071	0.678076	0.678081	0.6781	0.678118	0.678123	0.678127	0.678139	0.678151	0.678154	0.678158	0.678165	0.678172	0.678175	
0.678173	0.678176	0.678181	0.678187	0.678188	0.678189	0.678192	0.678195	0.678195	0.678195	0.678196	0.678196	0.678194	0.678193	0.678191	0.678189	0.678183	0.678177	0.678172	0.678167	0.678154	0.678141	0.678133	0.678126	0.6781	0.678074	0.678065	0.678055	0.678013	0.67797	0.677965	0.67796	0.677901	0.677842	0.677857	0.677872	0.677813	0.677753	0.677796	0.677839	0.677814	0.677788	0.677841	0.677893	0.67789	0.677887	0.677931	0.677976	0.677981	0.677986	0.678019	0.678052	0.678057	0.678063	0.678086	0.678108	0.678113	0.678117	0.678132	0.678147	0.67815	0.678153	0.678162	0.678171	0.678173	
0.678172	0.678176	0.67818	0.678183	0.678187	0.678191	0.678191	0.678191	0.678194	0.678197	0.678194	0.678192	0.678193	0.678194	0.678188	0.678181	0.678179	0.678177	0.678166	0.678156	0.678146	0.678136	0.678121	0.678106	0.678082	0.678058	0.678039	0.67802	0.677976	0.677931	0.677916	0.677901	0.677833	0.677765	0.677777	0.677788	0.677717	0.677646	0.677696	0.677746	0.677724	0.677702	0.677763	0.677824	0.677828	0.677832	0.677883	0.677934	0.677945	0.677956	0.677992	0.678028	0.678038	0.678049	0.678072	0.678095	0.678103	0.678111	0.678125	0.67814	0.678145	0.678151	0.678159	0.678167	0.678172	
0.67817	0.678177	0.678178	0.67818	0.678186	0.678192	0.67819	0.678188	0.678194	0.678199	0.678193	0.678187	0.678191	0.678196	0.678185	0.678174	0.678175	0.678176	0.67816	0.678144	0.678137	0.678131	0.678108	0.678085	0.678063	0.678041	0.678013	0.677985	0.677938	0.677892	0.677867	0.677841	0.677765	0.677689	0.677696	0.677704	0.677621	0.677539	0.677596	0.677653	0.677634	0.677616	0.677685	0.677755	0.677766	0.677778	0.677835	0.677891	0.677908	0.677926	0.677965	0.678004	0.678019	0.678034	0.678058	0.678083	0.678094	0.678105	0.678119	0.678132	0.678141	0.67815	0.678156	0.678163	0.67817	
0.678166	0.678172	0.678176	0.67818	0.678185	0.678189	0.678189	0.678189	0.678193	0.678196	0.678192	0.678188	0.67819	0.678192	0.678183	0.678175	0.678172	0.678169	0.678155	0.678141	0.678128	0.678114	0.678093	0.678072	0.678039	0.678006	0.677976	0.677946	0.677882	0.677818	0.677785	0.677752	0.677651	0.677549	0.677555	0.677561	0.677447	0.677334	0.677411	0.677488	0.677473	0.677459	0.677549	0.677639	0.677658	0.677678	0.67775	0.677822	0.677845	0.677868	0.677918	0.677967	0.677985	0.678002	0.678033	0.678064	0.678076	0.678088	0.678106	0.678124	0.678133	0.678141	0.678151	0.67816	0.678166	
0.678162	0.678167	0.678174	0.67818	0.678183	0.678186	0.678189	0.678191	0.678192	0.678194	0.678192	0.67819	0.678189	0.678187	0.678181	0.678176	0.678168	0.678161	0.678149	0.678138	0.678118	0.678098	0.678078	0.678058	0.678015	0.677971	0.677939	0.677907	0.677825	0.677743	0.677703	0.677663	0.677537	0.67741	0.677414	0.677417	0.677273	0.677129	0.677226	0.677322	0.677312	0.677302	0.677412	0.677522	0.677551	0.677579	0.677666	0.677754	0.677782	0.677811	0.67787	0.67793	0.67795	0.677971	0.678008	0.678046	0.678059	0.678072	0.678094	0.678116	0.678124	0.678132	0.678145	0.678157	0.678162	
0.67816	0.678167	0.678172	0.678176	0.678182	0.678188	0.678187	0.678186	0.67819	0.678195	0.678189	0.678183	0.678186	0.678188	0.678176	0.678164	0.678162	0.678159	0.678139	0.678118	0.678104	0.678089	0.678056	0.678023	0.677983	0.677942	0.677891	0.67784	0.677752	0.677664	0.677593	0.677521	0.67736	0.677199	0.677193	0.677187	0.676968	0.676749	0.676904	0.677059	0.677081	0.677103	0.677237	0.677371	0.677421	0.67747	0.677573	0.677676	0.677717	0.677758	0.677825	0.677892	0.67792	0.677947	0.677987	0.678027	0.678045	0.678063	0.678085	0.678107	0.678118	0.678129	0.678141	0.678152	0.67816	
0.678157	0.678167	0.678169	0.678171	0.67818	0.678189	0.678185	0.678181	0.678188	0.678196	0.678186	0.678176	0.678182	0.678189	0.678171	0.678153	0.678155	0.678157	0.678128	0.678099	0.678089	0.67808	0.678034	0.677988	0.677951	0.677913	0.677843	0.677773	0.677679	0.677584	0.677482	0.677379	0.677183	0.676987	0.676972	0.676957	0.676663	0.676368	0.676582	0.676796	0.67685	0.676904	0.677062	0.67722	0.677291	0.677362	0.677481	0.677599	0.677652	0.677705	0.67778	0.677854	0.677889	0.677924	0.677966	0.678009	0.678031	0.678053	0.678075	0.678097	0.678112	0.678127	0.678136	0.678146	0.678157	
0.678151	0.678161	0.678166	0.67817	0.678177	0.678184	0.678183	0.678182	0.678187	0.678192	0.678185	0.678177	0.67818	0.678183	0.678168	0.678154	0.678151	0.678147	0.678122	0.678096	0.678077	0.678058	0.678015	0.677972	0.677916	0.67786	0.677787	0.677713	0.677581	0.677449	0.67729	0.677131	0.676851	0.676572	0.676522	0.676473	0.676082	0.67569	0.675941	0.676192	0.676359	0.676526	0.676751	0.676976	0.677079	0.677183	0.67733	0.677477	0.677544	0.677611	0.677702	0.677793	0.677834	0.677875	0.677927	0.677979	0.678004	0.678029	0.678057	0.678084	0.678099	0.678114	0.678128	0.678141	0.678151	
0.678146	0.678154	0.678162	0.67817	0.678175	0.67818	0.678181	0.678183	0.678185	0.678188	0.678183	0.678179	0.678178	0.678177	0.678166	0.678155	0.678146	0.678137	0.678116	0.678094	0.678065	0.678037	0.677996	0.677956	0.677882	0.677808	0.67773	0.677653	0.677483	0.677314	0.677098	0.676882	0.676519	0.676157	0.676073	0.675989	0.675501	0.675012	0.6753	0.675589	0.675869	0.676148	0.67644	0.676732	0.676868	0.677003	0.677179	0.677355	0.677435	0.677516	0.677624	0.677732	0.677779	0.677826	0.677888	0.67795	0.677977	0.678004	0.678038	0.678072	0.678087	0.678102	0.678119	0.678137	0.678146	
0.678142	0.678154	0.678159	0.678164	0.678172	0.678181	0.678178	0.678176	0.678182	0.678188	0.678179	0.678169	0.678173	0.678177	0.678158	0.678138	0.678136	0.678134	0.678099	0.678065	0.678045	0.678025	0.677963	0.677901	0.677836	0.677771	0.677658	0.677545	0.677354	0.677163	0.676853	0.676542	0.676175	0.675808	0.675674	0.67554	0.675145	0.67475	0.674789	0.674828	0.675193	0.675557	0.675981	0.676404	0.676612	0.676819	0.677029	0.67724	0.67734	0.677441	0.677562	0.677683	0.67774	0.677796	0.677863	0.677929	0.677961	0.677993	0.678027	0.678061	0.67808	0.678099	0.678115	0.67813	0.678142	
0.678139	0.678154	0.678156	0.678158	0.67817	0.678181	0.678175	0.678169	0.678179	0.678189	0.678174	0.678159	0.678168	0.678176	0.678149	0.678122	0.678126	0.67813	0.678083	0.678035	0.678024	0.678013	0.677929	0.677846	0.67779	0.677733	0.677586	0.677438	0.677225	0.677013	0.676608	0.676203	0.675832	0.67546	0.675275	0.675091	0.674789	0.674487	0.674277	0.674066	0.674517	0.674967	0.675522	0.676077	0.676356	0.676635	0.67688	0.677125	0.677245	0.677366	0.6775	0.677634	0.6777	0.677767	0.677837	0.677907	0.677945	0.677983	0.678017	0.678051	0.678073	0.678096	0.67811	0.678124	0.678139	
0.678132	0.678146	0.678151	0.678157	0.678167	0.678176	0.678173	0.67817	0.678177	0.678184	0.678172	0.678161	0.678165	0.678169	0.678147	0.678124	0.678121	0.678118	0.678077	0.678036	0.678011	0.677986	0.677911	0.677837	0.677751	0.677665	0.677515	0.677366	0.6771	0.676834	0.676514	0.676194	0.675994	0.675795	0.675631	0.675466	0.675591	0.675717	0.674964	0.674212	0.674387	0.674562	0.675076	0.675589	0.675971	0.676354	0.676655	0.676956	0.677097	0.677238	0.677393	0.677548	0.677625	0.677701	0.677784	0.677867	0.677909	0.677951	0.677993	0.678034	0.678057	0.67808	0.678099	0.678118	0.678132	
0.678125	0.678138	0.678147	0.678156	0.678163	0.678171	0.678171	0.678171	0.678175	0.678178	0.678171	0.678163	0.678163	0.678162	0.678144	0.678127	0.678116	0.678106	0.678072	0.678038	0.677998	0.677959	0.677893	0.677828	0.677712	0.677596	0.677445	0.677294	0.676975	0.676655	0.676419	0.676184	0.676157	0.676131	0.675986	0.675841	0.676394	0.676947	0.675652	0.674357	0.674257	0.674158	0.67463	0.675101	0.675587	0.676072	0.67643	0.676787	0.676949	0.677111	0.677287	0.677463	0.677549	0.677636	0.677732	0.677828	0.677873	0.677919	0.677968	0.678018	0.678041	0.678065	0.678089	0.678112	0.678125	
0.678122	0.678138	0.678144	0.67815	0.67816	0.678171	0.678167	0.678162	0.67817	0.678178	0.678164	0.67815	0.678154	0.678159	0.678131	0.678104	0.678101	0.678098	0.678047	0.677997	0.677969	0.677941	0.677845	0.67775	0.677649	0.677548	0.677341	0.677133	0.676984	0.676834	0.676929	0.677025	0.677372	0.677719	0.677498	0.677277	0.678371	0.679466	0.677815	0.676165	0.67537	0.674575	0.674763	0.67495	0.675403	0.675857	0.67627	0.676684	0.676864	0.677044	0.677235	0.677426	0.67752	0.677613	0.677713	0.677813	0.677863	0.677913	0.677961	0.67801	0.678037	0.678064	0.678085	0.678106	0.678122	
0.67812	0.678139	0.678141	0.678143	0.678157	0.678171	0.678162	0.678153	0.678165	0.678177	0.678156	0.678136	0.678146	0.678156	0.678119	0.678081	0.678085	0.678089	0.678023	0.677956	0.67794	0.677923	0.677797	0.677672	0.677586	0.677499	0.677236	0.676972	0.676993	0.677014	0.677439	0.677865	0.678586	0.679306	0.67901	0.678714	0.680349	0.681985	0.679979	0.677973	0.676482	0.674992	0.674895	0.674799	0.67522	0.675641	0.676111	0.67658	0.676778	0.676977	0.677183	0.67739	0.67749	0.67759	0.677694	0.677798	0.677852	0.677907	0.677954	0.678002	0.678033	0.678064	0.678082	0.6781	0.67812	
0.678113	0.67813	0.678137	0.678143	0.678154	0.678165	0.67816	0.678155	0.678163	0.67817	0.678154	0.678138	0.678143	0.678147	0.678114	0.678082	0.678077	0.678072	0.678011	0.67795	0.677914	0.677878	0.677745	0.677612	0.677486	0.67736	0.677104	0.676848	0.676897	0.676946	0.677622	0.678297	0.67909	0.679883	0.679733	0.679582	0.681341	0.6831	0.681289	0.679478	0.677695	0.675911	0.675481	0.675052	0.675302	0.675552	0.67598	0.676408	0.676625	0.676842	0.677066	0.677289	0.677403	0.677517	0.677634	0.677751	0.677812	0.677872	0.677928	0.677984	0.678016	0.678047	0.678071	0.678095	0.678113	
0.678105	0.678121	0.678132	0.678143	0.678151	0.678159	0.678158	0.678157	0.678161	0.678164	0.678153	0.678141	0.678139	0.678138	0.67811	0.678083	0.678068	0.678054	0.677999	0.677944	0.677888	0.677832	0.677692	0.677552	0.677387	0.677221	0.676972	0.676723	0.676801	0.676879	0.677804	0.678729	0.679594	0.680459	0.680455	0.680451	0.682333	0.684216	0.6826	0.680984	0.678907	0.67683	0.676067	0.675305	0.675384	0.675463	0.67585	0.676236	0.676472	0.676708	0.676948	0.677189	0.677316	0.677444	0.677575	0.677705	0.677771	0.677838	0.677902	0.677966	0.677999	0.678031	0.67806	0.67809	0.678105	
0.678105	0.678124	0.67813	0.678136	0.678147	0.678159	0.678153	0.678146	0.678153	0.67816	0.678142	0.678123	0.678125	0.678126	0.678089	0.678052	0.678038	0.678023	0.677953	0.677882	0.677805	0.677727	0.677496	0.677265	0.677026	0.676787	0.67647	0.676152	0.676376	0.676599	0.677629	0.67866	0.678684	0.678708	0.679661	0.680615	0.682141	0.683667	0.68269	0.681713	0.679589	0.677465	0.67661	0.675755	0.675699	0.675643	0.675954	0.676265	0.676463	0.67666	0.676927	0.677194	0.677321	0.677448	0.67758	0.677712	0.677778	0.677844	0.677905	0.677966	0.678001	0.678036	0.678061	0.678086	0.678105	
0.678104	0.678126	0.678128	0.678129	0.678144	0.678159	0.678147	0.678136	0.678146	0.678156	0.678131	0.678106	0.67811	0.678114	0.678068	0.678022	0.678007	0.677993	0.677906	0.67782	0.677721	0.677575	0.6773	0.676992	0.676667	0.676248	0.675724	0.675405	0.675534	0.676054	0.677571	0.678677	0.677928	0.676956	0.678868	0.68078	0.681949	0.683118	0.68278	0.682442	0.680272	0.678101	0.677153	0.676205	0.676014	0.675823	0.676058	0.676293	0.676453	0.676613	0.676906	0.6772	0.677326	0.677453	0.677585	0.677718	0.677785	0.677851	0.677909	0.677966	0.678003	0.67804	0.678061	0.678082	0.678104	
0.678099	0.678119	0.678125	0.678131	0.678142	0.678153	0.678146	0.678139	0.678144	0.678149	0.678128	0.678107	0.678105	0.678103	0.678057	0.678012	0.677987	0.677963	0.677859	0.677755	0.677589	0.677401	0.677225	0.679033	0.680024	0.679859	0.674208	0.677634	0.677122	0.673832	0.676418	0.678274	0.677609	0.676653	0.677677	0.678701	0.680377	0.682053	0.682423	0.682793	0.68085	0.678906	0.677633	0.67636	0.676258	0.676156	0.676192	0.676227	0.676322	0.676417	0.676727	0.677037	0.677208	0.677379	0.677526	0.677674	0.677748	0.677823	0.677888	0.677953	0.67799	0.678027	0.678053	0.67808	0.678099	
0.678094	0.678111	0.678122	0.678133	0.67814	0.678147	0.678144	0.678142	0.678142	0.678142	0.678126	0.678109	0.6781	0.678091	0.678047	0.678002	0.677968	0.677933	0.677812	0.677691	0.677456	0.677175	0.678085	0.689999	0.691945	0.693519	0.696361	0.702671	0.709578	0.703601	0.675831	0.677569	0.677616	0.67671	0.676476	0.676914	0.678026	0.680987	0.682066	0.683144	0.681428	0.679712	0.678114	0.676516	0.676503	0.67649	0.676326	0.676161	0.676191	0.676222	0.676548	0.676874	0.67709	0.677306	0.677467	0.677629	0.677712	0.677794	0.677867	0.67794	0.677977	0.678015	0.678046	0.678078	0.678094	
0.678096	0.678115	0.67812	0.678126	0.678136	0.678146	0.678137	0.678129	0.678131	0.678133	0.67811	0.678086	0.678073	0.678059	0.678009	0.67796	0.677894	0.677829	0.677719	0.677609	0.677228	0.676734	0.67748	0.692774	0.696487	0.706504	0.708962	0.70167	0.701602	0.717463	0.713935	0.678496	0.678167	0.677632	0.676935	0.677169	0.677257	0.678487	0.68025	0.682012	0.681233	0.680455	0.678141	0.675828	0.675803	0.675778	0.675987	0.676196	0.676284	0.676372	0.676687	0.677002	0.677181	0.67736	0.677513	0.677665	0.677741	0.677818	0.677884	0.677949	0.677987	0.678025	0.678051	0.678076	0.678096	
0.678097	0.678119	0.678119	0.678118	0.678132	0.678145	0.67813	0.678116	0.67812	0.678124	0.678094	0.678063	0.678045	0.678027	0.677972	0.677917	0.677821	0.677726	0.677626	0.677526	0.676999	0.676324	0.675645	0.674701	0.675322	0.703317	0.718094	0.709715	0.708115	0.705579	0.721442	0.711853	0.679636	0.679049	0.678025	0.677634	0.676811	0.675986	0.678433	0.68088	0.681039	0.681197	0.678169	0.675141	0.675103	0.675065	0.675648	0.676232	0.676377	0.676523	0.676826	0.67713	0.677272	0.677414	0.677558	0.677701	0.677771	0.677841	0.6779	0.677958	0.677997	0.678036	0.678055	0.678074	0.678097	
0.678097	0.678116	0.67812	0.678124	0.678132	0.67814	0.678131	0.678121	0.67812	0.678118	0.678092	0.678065	0.678042	0.67802	0.677955	0.67789	0.677805	0.67772	0.677508	0.677296	0.67706	0.676925	0.675798	0.675252	0.681769	0.708026	0.712548	0.710937	0.713178	0.712951	0.690973	0.704235	0.690372	0.681331	0.679391	0.67807	0.676922	0.676568	0.678411	0.680254	0.681115	0.681976	0.678322	0.674668	0.674545	0.674421	0.6752	0.675979	0.676257	0.676535	0.676831	0.677127	0.677278	0.67743	0.677566	0.677703	0.677773	0.677843	0.677903	0.677963	0.677998	0.678033	0.678056	0.678079	0.678097	
0.678098	0.678112	0.67812	0.678129	0.678133	0.678136	0.678132	0.678127	0.67812	0.678113	0.67809	0.678067	0.67804	0.678013	0.677938	0.677863	0.677788	0.677713	0.67739	0.677066	0.677121	0.677176	0.677999	0.67961	0.688256	0.699632	0.707835	0.710061	0.711723	0.712178	0.716349	0.680111	0.686576	0.682731	0.679866	0.678072	0.677054	0.67715	0.678388	0.679627	0.68119	0.682754	0.678475	0.674196	0.673987	0.673778	0.674752	0.675725	0.676136	0.676548	0.676835	0.677123	0.677284	0.677446	0.677575	0.677705	0.677775	0.677845	0.677906	0.677967	0.677999	0.67803	0.678057	0.678085	0.678098	
0.6781	0.678116	0.678119	0.678121	0.678128	0.678134	0.678123	0.678111	0.678105	0.6781	0.678068	0.678036	0.677995	0.677954	0.677874	0.677793	0.677607	0.677421	0.677067	0.676713	0.677668	0.678624	0.683678	0.690388	0.691507	0.694473	0.702485	0.711587	0.710356	0.69387	0.671538	0.675987	0.682217	0.682705	0.68055	0.678341	0.677273	0.67716	0.679002	0.680845	0.683045	0.685245	0.680612	0.675978	0.674734	0.673489	0.674489	0.67549	0.676062	0.676635	0.676927	0.67722	0.677359	0.677498	0.677617	0.677736	0.677803	0.677871	0.677923	0.677976	0.678009	0.678043	0.678063	0.678083	0.6781	
0.678101	0.678121	0.678117	0.678113	0.678123	0.678133	0.678114	0.678095	0.678091	0.678087	0.678046	0.678005	0.67795	0.677895	0.67781	0.677724	0.677427	0.67713	0.676744	0.676359	0.678216	0.680073	0.689358	0.700215	0.698917	0.69537	0.692997	0.70342	0.71318	0.698946	0.673823	0.676253	0.681004	0.682845	0.681459	0.679296	0.678169	0.677169	0.679616	0.682063	0.6849	0.687737	0.682749	0.677761	0.67548	0.6732	0.674227	0.675255	0.675988	0.676722	0.677019	0.677317	0.677434	0.677551	0.677659	0.677767	0.677832	0.677896	0.67794	0.677984	0.678019	0.678055	0.678068	0.678081	0.678101	
0.678107	0.678121	0.678122	0.678123	0.678126	0.67813	0.678118	0.678107	0.678094	0.678081	0.67805	0.678018	0.677953	0.677887	0.677802	0.677718	0.677418	0.677118	0.676681	0.676243	0.677442	0.678641	0.688025	0.700498	0.704661	0.697374	0.687778	0.685019	0.692838	0.694899	0.683401	0.679735	0.683393	0.685089	0.684428	0.681875	0.680174	0.679663	0.681719	0.683776	0.685484	0.687192	0.682465	0.677738	0.675878	0.674017	0.674878	0.675739	0.67639	0.677041	0.677268	0.677495	0.677578	0.677662	0.677741	0.67782	0.677873	0.677926	0.677966	0.678006	0.678034	0.678061	0.678077	0.678093	0.678107	
0.678113	0.67812	0.678127	0.678133	0.67813	0.678127	0.678123	0.678119	0.678097	0.678076	0.678054	0.678032	0.677955	0.677879	0.677795	0.677711	0.677409	0.677107	0.676617	0.676127	0.676668	0.67721	0.686692	0.69599	0.696365	0.68993	0.681049	0.673649	0.676723	0.686283	0.68704	0.684469	0.687279	0.689466	0.687034	0.683036	0.681667	0.682157	0.683823	0.685488	0.686068	0.686648	0.682181	0.677715	0.676275	0.674835	0.675529	0.676224	0.676792	0.67736	0.677517	0.677673	0.677723	0.677773	0.677823	0.677874	0.677915	0.677956	0.677992	0.678028	0.678048	0.678068	0.678087	0.678105	0.678113	
0.678113	0.678125	0.678124	0.678123	0.678125	0.678128	0.678114	0.678099	0.678086	0.678073	0.678034	0.677995	0.677934	0.677874	0.677768	0.677662	0.677425	0.677188	0.676795	0.676403	0.676237	0.676071	0.682359	0.688976	0.687956	0.683106	0.678113	0.676123	0.681097	0.690017	0.69019	0.685491	0.686657	0.685849	0.680837	0.679409	0.681507	0.684072	0.683451	0.682829	0.683015	0.683201	0.680482	0.677762	0.676913	0.676064	0.676464	0.676864	0.677179	0.677494	0.677593	0.677692	0.677745	0.677797	0.677844	0.677891	0.677933	0.677974	0.678003	0.678031	0.678055	0.678078	0.67809	0.678101	0.678113	
0.678113	0.67813	0.678121	0.678113	0.678121	0.678128	0.678104	0.67808	0.678075	0.678069	0.678014	0.677958	0.677914	0.67787	0.677741	0.677613	0.677441	0.677268	0.676974	0.676679	0.675806	0.674933	0.678026	0.681119	0.682559	0.683999	0.682187	0.680375	0.684636	0.689638	0.688191	0.6831	0.683067	0.679422	0.674178	0.675966	0.680728	0.685987	0.683078	0.68017	0.679962	0.679755	0.678782	0.677809	0.677552	0.677294	0.6774	0.677505	0.677566	0.677628	0.67767	0.677712	0.677766	0.677821	0.677864	0.677907	0.67795	0.677993	0.678013	0.678034	0.678061	0.678088	0.678093	0.678097	0.678113	
0.678122	0.678131	0.678129	0.678127	0.678127	0.678127	0.678114	0.6781	0.678083	0.678066	0.67803	0.677995	0.677924	0.677853	0.677762	0.677671	0.677415	0.677159	0.676773	0.676387	0.675565	0.674742	0.676652	0.678561	0.67993	0.6813	0.68352	0.685741	0.688326	0.687676	0.686053	0.683245	0.682396	0.679476	0.676247	0.676862	0.679926	0.684029	0.680856	0.677682	0.677634	0.677586	0.677409	0.677232	0.677323	0.677415	0.677544	0.677673	0.677772	0.67787	0.67787	0.677869	0.67789	0.677912	0.677937	0.677962	0.677992	0.678023	0.678041	0.67806	0.678078	0.678097	0.678105	0.678113	0.678122	
0.67813	0.678132	0.678137	0.678141	0.678134	0.678126	0.678123	0.67812	0.678091	0.678062	0.678047	0.678031	0.677934	0.677837	0.677783	0.677729	0.677389	0.67705	0.676572	0.676095	0.675323	0.674552	0.675278	0.676004	0.677302	0.678601	0.684854	0.691107	0.692016	0.692924	0.689082	0.685239	0.685155	0.685071	0.682131	0.67919	0.680631	0.682072	0.678634	0.675195	0.675306	0.675418	0.676036	0.676655	0.677095	0.677536	0.677688	0.677841	0.677977	0.678113	0.678069	0.678026	0.678015	0.678003	0.67801	0.678017	0.678035	0.678052	0.678069	0.678086	0.678096	0.678105	0.678117	0.678128	0.67813	
0.678129	0.678136	0.678133	0.678129	0.678129	0.678128	0.678112	0.678096	0.678079	0.678062	0.678015	0.677968	0.677897	0.677826	0.677667	0.677509	0.677202	0.676895	0.676	0.675105	0.674481	0.673857	0.674168	0.674479	0.6764	0.67832	0.683476	0.688632	0.69105	0.693468	0.690027	0.686587	0.683964	0.681342	0.679461	0.67758	0.678638	0.679697	0.677185	0.674674	0.67469	0.674706	0.675295	0.675883	0.676674	0.677465	0.677734	0.678003	0.678036	0.678069	0.678032	0.677995	0.677991	0.677987	0.678001	0.678014	0.678035	0.678056	0.67807	0.678083	0.678097	0.678111	0.678116	0.678122	0.678129	
0.678128	0.67814	0.678129	0.678118	0.678124	0.67813	0.678101	0.678073	0.678067	0.678062	0.677983	0.677904	0.677859	0.677815	0.677552	0.67729	0.677015	0.676741	0.675428	0.674115	0.673638	0.673162	0.673059	0.672955	0.675497	0.67804	0.682099	0.686157	0.690084	0.694011	0.690973	0.687934	0.682773	0.677612	0.67679	0.675969	0.676645	0.677321	0.675737	0.674154	0.674074	0.673995	0.674553	0.675111	0.676253	0.677395	0.67778	0.678165	0.678096	0.678026	0.677995	0.677964	0.677967	0.677971	0.677991	0.678011	0.678036	0.678061	0.67807	0.678079	0.678098	0.678117	0.678116	0.678116	0.678128	
0.678136	0.678141	0.678138	0.678135	0.678133	0.678132	0.678117	0.678101	0.678087	0.678072	0.678026	0.677979	0.677922	0.677864	0.677705	0.677545	0.677303	0.677061	0.676265	0.67547	0.674767	0.674063	0.673634	0.673205	0.675191	0.677176	0.679513	0.681849	0.684767	0.687686	0.685363	0.68304	0.67781	0.67258	0.673582	0.674585	0.675369	0.676152	0.675198	0.674243	0.673886	0.673529	0.674146	0.674762	0.675925	0.677087	0.677581	0.678075	0.678042	0.678009	0.677994	0.677979	0.677991	0.678003	0.678023	0.678043	0.67806	0.678077	0.678089	0.6781	0.678111	0.678122	0.678127	0.678131	0.678136	
0.678145	0.678143	0.678147	0.678151	0.678143	0.678134	0.678132	0.67813	0.678106	0.678082	0.678068	0.678054	0.677984	0.677914	0.677857	0.677801	0.677591	0.677382	0.677103	0.676825	0.675895	0.674965	0.67421	0.673455	0.674884	0.676312	0.676926	0.677541	0.679451	0.681361	0.679753	0.678145	0.672846	0.667547	0.670374	0.673202	0.674093	0.674984	0.674658	0.674332	0.673698	0.673063	0.673739	0.674414	0.675596	0.676778	0.677382	0.677985	0.677989	0.677992	0.677993	0.677993	0.678014	0.678035	0.678055	0.678074	0.678083	0.678093	0.678107	0.678122	0.678125	0.678128	0.678137	0.678146	0.678145	
0.678143	0.678147	0.678144	0.678141	0.678139	0.678138	0.678125	0.678113	0.678101	0.678089	0.678054	0.678019	0.677979	0.677938	0.677837	0.677735	0.677612	0.677489	0.677167	0.676845	0.67635	0.675855	0.674898	0.673941	0.674547	0.675153	0.675275	0.675397	0.676221	0.677046	0.674937	0.672828	0.67005	0.667273	0.670682	0.674091	0.675032	0.675973	0.675631	0.675288	0.674558	0.673829	0.674335	0.674841	0.675805	0.676769	0.677296	0.677823	0.677864	0.677906	0.677935	0.677964	0.677993	0.678022	0.678043	0.678064	0.678079	0.678094	0.678104	0.678115	0.678123	0.678132	0.678135	0.678139	0.678143	
0.678141	0.67815	0.67814	0.678131	0.678136	0.678142	0.678118	0.678095	0.678096	0.678096	0.67804	0.677984	0.677973	0.677963	0.677816	0.67767	0.677633	0.677595	0.677231	0.676866	0.676806	0.676746	0.675587	0.674427	0.674211	0.673994	0.673624	0.673253	0.672992	0.672731	0.670121	0.667511	0.667255	0.666998	0.670989	0.674981	0.675972	0.676963	0.676603	0.676243	0.675419	0.674595	0.674931	0.675267	0.676014	0.67676	0.67721	0.67766	0.67774	0.677819	0.677877	0.677935	0.677972	0.678009	0.678032	0.678054	0.678074	0.678094	0.678102	0.678109	0.678122	0.678135	0.678134	0.678132	0.678141	
0.678149	0.678151	0.678149	0.678146	0.678145	0.678144	0.678133	0.678121	0.678114	0.678106	0.678075	0.678043	0.67802	0.677996	0.677911	0.677826	0.677766	0.677705	0.677485	0.677265	0.677163	0.677062	0.676387	0.675711	0.675263	0.674815	0.674288	0.673761	0.67358	0.6734	0.671469	0.669538	0.669468	0.669399	0.672979	0.676559	0.677111	0.677663	0.67755	0.677436	0.676521	0.675605	0.675744	0.675884	0.676431	0.676978	0.677343	0.677707	0.677783	0.677858	0.677919	0.67798	0.678006	0.678032	0.678057	0.678082	0.678093	0.678104	0.678115	0.678127	0.678133	0.678139	0.678142	0.678146	0.678149	
0.678156	0.678153	0.678157	0.678161	0.678154	0.678147	0.678147	0.678147	0.678131	0.678115	0.678109	0.678103	0.678066	0.678029	0.678005	0.677982	0.677899	0.677815	0.677739	0.677663	0.677521	0.677379	0.677187	0.676996	0.676316	0.675636	0.674952	0.674268	0.674169	0.67407	0.672817	0.671565	0.671682	0.671799	0.674969	0.678138	0.678251	0.678363	0.678497	0.67863	0.677623	0.676616	0.676558	0.6765	0.676848	0.677196	0.677476	0.677755	0.677826	0.677896	0.67796	0.678025	0.678039	0.678054	0.678082	0.67811	0.678112	0.678114	0.678129	0.678145	0.678143	0.678142	0.678151	0.67816	0.678156	
0.678155	0.678156	0.678155	0.678154	0.678153	0.678151	0.678144	0.678136	0.67813	0.678124	0.678104	0.678085	0.678068	0.678051	0.678006	0.67796	0.677921	0.677882	0.677779	0.677677	0.677621	0.677566	0.67738	0.677195	0.676894	0.676593	0.676066	0.675538	0.675565	0.675592	0.674773	0.673955	0.67407	0.674186	0.676178	0.67817	0.678168	0.678166	0.678365	0.678564	0.677832	0.6771	0.677053	0.677006	0.677209	0.677411	0.67761	0.677809	0.677861	0.677914	0.677969	0.678025	0.678041	0.678057	0.678081	0.678104	0.678111	0.678117	0.678128	0.678139	0.678142	0.678145	0.67815	0.678154	0.678155	
0.678153	0.678159	0.678153	0.678146	0.678151	0.678156	0.67814	0.678125	0.678128	0.678132	0.6781	0.678068	0.67807	0.678073	0.678006	0.677939	0.677944	0.677948	0.67782	0.677691	0.677722	0.677753	0.677573	0.677394	0.677472	0.67755	0.677179	0.676808	0.676961	0.677114	0.676729	0.676345	0.676458	0.676572	0.677386	0.678201	0.678084	0.677968	0.678233	0.678498	0.678041	0.677584	0.677548	0.677513	0.67757	0.677627	0.677745	0.677863	0.677897	0.677932	0.677978	0.678025	0.678043	0.67806	0.678079	0.678098	0.678109	0.67812	0.678127	0.678133	0.678141	0.678149	0.678148	0.678148	0.678153	
0.678159	0.67816	0.67816	0.678159	0.678158	0.678158	0.678151	0.678145	0.678141	0.678138	0.678122	0.678105	0.678097	0.678089	0.678052	0.678016	0.678001	0.677986	0.677915	0.677843	0.677832	0.677821	0.677725	0.677628	0.67764	0.677653	0.677507	0.677361	0.677359	0.677356	0.677306	0.677256	0.677244	0.677232	0.677746	0.67826	0.678115	0.67797	0.678183	0.678396	0.678062	0.677728	0.677738	0.677748	0.677752	0.677756	0.677852	0.677947	0.677961	0.677974	0.67802	0.678065	0.678071	0.678077	0.678099	0.678121	0.678124	0.678127	0.678137	0.678147	0.678149	0.678151	0.678155	0.678159	0.678159	
0.678165	0.678161	0.678166	0.678171	0.678165	0.67816	0.678162	0.678164	0.678154	0.678144	0.678143	0.678142	0.678124	0.678105	0.678099	0.678093	0.678059	0.678024	0.678009	0.677995	0.677942	0.67789	0.677876	0.677861	0.677809	0.677756	0.677835	0.677914	0.677756	0.677598	0.677883	0.678168	0.67803	0.677892	0.678106	0.67832	0.678146	0.677972	0.678133	0.678295	0.678084	0.677873	0.677928	0.677984	0.677935	0.677886	0.677959	0.678031	0.678024	0.678017	0.678061	0.678105	0.678099	0.678094	0.678118	0.678143	0.678138	0.678133	0.678147	0.678161	0.678157	0.678153	0.678161	0.678169	0.678165	
0.678165	0.678164	0.678165	0.678166	0.678165	0.678164	0.67816	0.678157	0.678154	0.678151	0.678142	0.678133	0.678126	0.678119	0.678101	0.678084	0.67807	0.678056	0.678026	0.677995	0.677976	0.677957	0.677924	0.67789	0.677875	0.67786	0.677891	0.677923	0.677829	0.677734	0.677896	0.678058	0.677967	0.677876	0.678038	0.6782	0.678067	0.677934	0.678078	0.678222	0.678047	0.677872	0.677941	0.67801	0.677963	0.677915	0.677979	0.678044	0.678036	0.678029	0.678066	0.678103	0.678101	0.678099	0.678118	0.678138	0.678137	0.678136	0.678146	0.678156	0.678156	0.678156	0.67816	0.678165	0.678165	
0.678164	0.678168	0.678164	0.67816	0.678164	0.678168	0.678159	0.67815	0.678154	0.678158	0.678141	0.678124	0.678129	0.678133	0.678104	0.678074	0.678081	0.678088	0.678042	0.677996	0.67801	0.678025	0.677971	0.677918	0.677941	0.677964	0.677948	0.677932	0.677901	0.677871	0.67791	0.677949	0.677904	0.67786	0.67797	0.678079	0.677988	0.677896	0.678022	0.678149	0.67801	0.677871	0.677954	0.678037	0.677991	0.677944	0.678	0.678056	0.678049	0.678041	0.678071	0.678101	0.678103	0.678105	0.678119	0.678133	0.678136	0.67814	0.678146	0.678151	0.678155	0.678159	0.67816	0.67816	0.678164	
0.678168	0.678168	0.678169	0.67817	0.678169	0.678169	0.678166	0.678164	0.678162	0.678161	0.678154	0.678146	0.678143	0.67814	0.678126	0.678112	0.678107	0.678102	0.67808	0.678058	0.678052	0.678047	0.678025	0.678002	0.677996	0.67799	0.677999	0.678009	0.677963	0.677918	0.677977	0.678037	0.677983	0.677929	0.678032	0.678135	0.678045	0.677956	0.678062	0.678168	0.678053	0.677937	0.678012	0.678086	0.678038	0.67799	0.678042	0.678094	0.678079	0.678064	0.678094	0.678125	0.678119	0.678114	0.678131	0.678147	0.678145	0.678143	0.678152	0.678161	0.67816	0.67816	0.678164	0.678168	0.678168	
0.678172	0.678169	0.678174	0.678179	0.678174	0.67817	0.678174	0.678177	0.678171	0.678165	0.678167	0.678168	0.678158	0.678148	0.678149	0.67815	0.678133	0.678117	0.678118	0.678119	0.678094	0.678069	0.678078	0.678086	0.678051	0.678016	0.678051	0.678085	0.678025	0.677965	0.678044	0.678124	0.678061	0.677997	0.678094	0.67819	0.678103	0.678016	0.678102	0.678187	0.678096	0.678004	0.678069	0.678135	0.678086	0.678036	0.678084	0.678132	0.678109	0.678086	0.678118	0.678149	0.678136	0.678124	0.678143	0.678162	0.678154	0.678147	0.678159	0.678171	0.678166	0.678161	0.678169	0.678176	0.678172	
0.678172	0.678171	0.678173	0.678175	0.678174	0.678174	0.678173	0.678173	0.678171	0.67817	0.678167	0.678164	0.67816	0.678157	0.678151	0.678145	0.678138	0.678132	0.678124	0.678116	0.678106	0.678095	0.678091	0.678086	0.67807	0.678053	0.678068	0.678082	0.678046	0.678009	0.678055	0.678101	0.678058	0.678015	0.678083	0.678151	0.678086	0.678022	0.678092	0.678161	0.678089	0.678016	0.678072	0.678127	0.678088	0.678048	0.678088	0.678128	0.67811	0.678093	0.678118	0.678143	0.678135	0.678127	0.678142	0.678157	0.678153	0.67815	0.678158	0.678167	0.678165	0.678163	0.678168	0.678173	0.678172	
0.678172	0.678174	0.678173	0.678172	0.678174	0.678177	0.678173	0.678169	0.678172	0.678175	0.678167	0.678159	0.678162	0.678165	0.678152	0.678139	0.678143	0.678147	0.67813	0.678112	0.678117	0.678122	0.678104	0.678087	0.678089	0.678091	0.678085	0.678078	0.678066	0.678054	0.678065	0.678077	0.678054	0.678032	0.678071	0.678111	0.67807	0.678028	0.678082	0.678135	0.678082	0.678029	0.678074	0.67812	0.67809	0.678059	0.678091	0.678123	0.678111	0.6781	0.678119	0.678138	0.678135	0.678131	0.678142	0.678152	0.678152	0.678153	0.678158	0.678163	0.678164	0.678166	0.678168	0.678169	0.678172	
0.678174	0.678174	0.678176	0.678178	0.678178	0.678178	0.678178	0.678177	0.678177	0.678177	0.678174	0.678172	0.67817	0.678169	0.678164	0.678159	0.678156	0.678153	0.678146	0.67814	0.678135	0.67813	0.678125	0.678121	0.678111	0.678102	0.678108	0.678114	0.678093	0.678072	0.678094	0.678116	0.678087	0.678057	0.678099	0.67814	0.678097	0.678054	0.678102	0.678151	0.678102	0.678053	0.678096	0.678138	0.678107	0.678076	0.678108	0.678139	0.678123	0.678108	0.678129	0.678149	0.678142	0.678134	0.678147	0.67816	0.678157	0.678153	0.678161	0.678169	0.678167	0.678166	0.67817	0.678175	0.678174	
0.678177	0.678174	0.678179	0.678185	0.678182	0.678179	0.678182	0.678186	0.678182	0.678178	0.678181	0.678184	0.678178	0.678173	0.678175	0.678178	0.678169	0.678159	0.678163	0.678167	0.678153	0.678138	0.678147	0.678155	0.678134	0.678113	0.678132	0.67815	0.67812	0.678089	0.678123	0.678156	0.678119	0.678083	0.678126	0.678168	0.678124	0.67808	0.678123	0.678167	0.678123	0.678078	0.678117	0.678156	0.678124	0.678093	0.678124	0.678154	0.678135	0.678117	0.678138	0.67816	0.678149	0.678138	0.678153	0.678168	0.678161	0.678154	0.678164	0.678175	0.67817	0.678166	0.678173	0.67818	0.678177	
0.678177	0.678177	0.678179	0.678182	0.678182	0.678182	0.678183	0.678184	0.678183	0.678183	0.678182	0.678181	0.67818	0.678178	0.678176	0.678174	0.678171	0.678167	0.678165	0.678163	0.678156	0.678149	0.67815	0.67815	0.678138	0.678126	0.678134	0.678142	0.678122	0.678102	0.678121	0.67814	0.678114	0.678087	0.678117	0.678147	0.678113	0.67808	0.678114	0.678148	0.678114	0.678079	0.678111	0.678143	0.678119	0.678094	0.67812	0.678145	0.678131	0.678118	0.678136	0.678154	0.678146	0.678139	0.678151	0.678163	0.678159	0.678156	0.678163	0.678171	0.67817	0.678168	0.678173	0.678178	0.678177	
0.678177	0.678179	0.678179	0.678179	0.678182	0.678185	0.678183	0.678181	0.678184	0.678187	0.678182	0.678178	0.678181	0.678184	0.678177	0.678171	0.678173	0.678175	0.678167	0.678159	0.678159	0.67816	0.678152	0.678145	0.678142	0.678139	0.678136	0.678133	0.678124	0.678114	0.678119	0.678125	0.678108	0.678092	0.678109	0.678126	0.678103	0.67808	0.678105	0.67813	0.678105	0.67808	0.678105	0.67813	0.678113	0.678096	0.678116	0.678136	0.678127	0.678119	0.678133	0.678147	0.678143	0.67814	0.678149	0.678158	0.678158	0.678157	0.678162	0.678167	0.678169	0.67817	0.678172	0.678175	0.678177	
0.678178	0.678178	0.678181	0.678184	0.678184	0.678185	0.678186	0.678187	0.678187	0.678187	0.678187	0.678186	0.678185	0.678185	0.678183	0.678181	0.678179	0.678177	0.678174	0.678171	0.678166	0.678161	0.67816	0.678159	0.678149	0.67814	0.678143	0.678146	0.67813	0.678114	0.678125	0.678135	0.678113	0.678091	0.678112	0.678132	0.678105	0.678078	0.678104	0.678131	0.678104	0.678078	0.678105	0.678131	0.678112	0.678094	0.678116	0.678138	0.678127	0.678116	0.678133	0.678149	0.678143	0.678138	0.678149	0.67816	0.678158	0.678155	0.678163	0.67817	0.678169	0.678169	0.678173	0.678178	0.678178	
0.67818	0.678178	0.678183	0.678188	0.678186	0.678185	0.678189	0.678192	0.67819	0.678188	0.678191	0.678194	0.67819	0.678186	0.678188	0.678191	0.678185	0.678178	0.678181	0.678183	0.678173	0.678163	0.678167	0.678172	0.678156	0.678141	0.67815	0.678159	0.678137	0.678114	0.67813	0.678146	0.678119	0.678091	0.678114	0.678137	0.678107	0.678077	0.678104	0.678131	0.678104	0.678077	0.678104	0.678132	0.678112	0.678092	0.678116	0.678139	0.678127	0.678114	0.678132	0.678151	0.678143	0.678136	0.678149	0.678163	0.678158	0.678154	0.678163	0.678173	0.67817	0.678167	0.678175	0.678182	0.67818	
0.678179	0.67818	0.678183	0.678186	0.678187	0.678187	0.678189	0.67819	0.678191	0.678191	0.678191	0.678191	0.67819	0.67819	0.678189	0.678187	0.678185	0.678182	0.67818	0.678178	0.678173	0.678167	0.678166	0.678165	0.678154	0.678143	0.678145	0.678148	0.67813	0.678112	0.678121	0.67813	0.678106	0.678083	0.678099	0.678116	0.67809	0.678064	0.678087	0.67811	0.678087	0.678065	0.678089	0.678114	0.678099	0.678084	0.678105	0.678126	0.678118	0.678109	0.678125	0.678142	0.678138	0.678133	0.678145	0.678157	0.678155	0.678153	0.678161	0.678169	0.678169	0.678169	0.678174	0.678179	0.678179	
0.678179	0.678182	0.678183	0.678184	0.678187	0.67819	0.678189	0.678188	0.678191	0.678194	0.678191	0.678188	0.678191	0.678194	0.678189	0.678184	0.678185	0.678186	0.67818	0.678174	0.678172	0.67817	0.678164	0.678158	0.678151	0.678144	0.67814	0.678136	0.678123	0.67811	0.678111	0.678113	0.678094	0.678074	0.678084	0.678095	0.678073	0.678051	0.67807	0.678088	0.678071	0.678053	0.678075	0.678096	0.678086	0.678075	0.678094	0.678113	0.678108	0.678104	0.678118	0.678133	0.678132	0.678131	0.678141	0.678151	0.678152	0.678153	0.678159	0.678165	0.678168	0.67817	0.678173	0.678176	0.678179	
0.678179	0.67818	0.678183	0.678186	0.678188	0.678189	0.678191	0.678192	0.678193	0.678194	0.678193	0.678193	0.678193	0.678193	0.678191	0.678189	0.678187	0.678185	0.678181	0.678178	0.678172	0.678166	0.678163	0.67816	0.678148	0.678136	0.678135	0.678133	0.678114	0.678094	0.678098	0.678103	0.678076	0.67805	0.678063	0.678077	0.678049	0.678022	0.678044	0.678067	0.678046	0.678026	0.678052	0.678078	0.678066	0.678054	0.678077	0.6781	0.678095	0.67809	0.678108	0.678126	0.678124	0.678122	0.678135	0.678148	0.678148	0.678148	0.678156	0.678165	0.678166	0.678167	0.678172	0.678178	0.678179	
