y	b	
0.0976562	0.000737704
0.88352	0.00667419
1.66938	0.0126184
2.45525	0.0186113
3.24111	0.0246043
4.02697	0.0305972
4.81284	0.0365825
5.5987	0.0425274
6.38457	0.0484723
7.17043	0.0544173
7.95629	0.0603463
8.74216	0.0662044
9.52802	0.0720625
10.3139	0.0779206
11.0997	0.0837808
11.8856	0.0896492
12.6715	0.0955176
13.4573	0.101386
14.2432	0.107272
15.0291	0.11322
15.8149	0.119167
16.6008	0.125114
17.3867	0.131077
18.1725	0.137087
18.9584	0.143096
19.7442	0.149106
20.5301	0.155109
21.316	0.161094
22.1018	0.16708
22.8877	0.173065
23.6736	0.179058
24.4594	0.185069
25.2453	0.191079
26.0312	0.19709
26.817	0.203287
27.6029	0.209872
28.3887	0.216458
29.1746	0.223043
29.9605	0.229903
30.7463	0.237276
31.5322	0.244649
32.3181	0.252023
33.1039	0.259167
33.8898	0.265923
34.6757	0.272647
35.4615	0.279404
36.2474	0.285548
37.0332	0.290602
37.8191	0.295719
38.605	0.300741
39.3908	0.305429
40.1767	0.30974
40.9626	0.314016
41.7484	0.318313
42.5343	0.322699
43.3202	0.327142
44.106	0.331636
44.8919	0.33595
45.6777	0.340248
46.4636	0.344634
47.2495	0.34905
48.0353	0.353509
48.8212	0.358308
49.6071	0.363516
50.3929	0.368797
51.1788	0.374022
51.9647	0.379978
52.7505	0.386579
53.5364	0.393184
54.3223	0.399835
55.1081	0.406873
55.894	0.414194
56.6798	0.421498
57.4657	0.428823
58.2516	0.435748
59.0374	0.44237
59.8233	0.448992
60.6092	0.455611
61.395	0.461882
62.1809	0.467902
62.9668	0.473922
63.7526	0.479942
64.5385	0.485925
65.3243	0.491882
66.1102	0.497839
66.8961	0.503797
67.6819	0.509752
68.4678	0.515706
69.2537	0.52166
70.0395	0.527614
70.8254	0.533575
71.6113	0.539538
72.3971	0.545502
73.183	0.551466
73.9688	0.557437
74.7547	0.56341
75.5406	0.569383
76.3264	0.575357
77.1123	0.581314
77.8982	0.587264
78.684	0.593214
79.4699	0.599165
80.2558	0.605086
81.0416	0.610997
81.8275	0.616908
82.6133	0.622818
83.3992	0.628709
84.1851	0.634594
84.9709	0.640479
85.7568	0.646364
86.5427	0.652248
87.3285	0.658132
88.1144	0.664017
88.9003	0.669901
89.6861	0.675802
90.472	0.681708
91.2578	0.687613
92.0437	0.693519
92.8296	0.699449
93.6154	0.705384
94.4013	0.711319
95.1872	0.717254
95.973	0.723208
96.7589	0.729166
97.5448	0.735124
98.3306	0.741082
99.1165	0.747048
99.9023	0.753016
