x=200	y=95	z=200	n=65	len=1
b
0.715885	0.715896	0.715913	0.715931	0.715998	0.716065	0.716164	0.716263	0.716439	0.716615	0.716692	0.716768	0.716847	0.716927	0.716946	0.716966	0.717231	0.717497	0.717665	0.717833	0.718219	0.718605	0.718474	0.718343	0.717893	0.717442	0.716965	0.716488	0.717328	0.718167	0.718386	0.718606	0.717928	0.71725	0.716571	0.715892	0.715267	0.714641	0.714154	0.713666	0.713509	0.713352	0.71327	0.713189	0.713461	0.713733	0.713904	0.714074	0.714269	0.714463	0.714675	0.714887	0.715088	0.715289	0.715422	0.715556	0.715651	0.715747	0.715788	0.71583	0.715854	0.715877	0.715876	0.715874	0.715885	
0.715883	0.715882	0.715866	0.71585	0.715878	0.715907	0.715958	0.71601	0.71613	0.71625	0.716298	0.716345	0.716391	0.716437	0.716409	0.716381	0.716586	0.716792	0.716968	0.717144	0.7175	0.717857	0.717656	0.717455	0.716902	0.716349	0.716019	0.715689	0.71652	0.717351	0.717733	0.718115	0.717201	0.716286	0.716009	0.715732	0.715132	0.714533	0.713927	0.713322	0.71314	0.712958	0.71289	0.712823	0.713121	0.71342	0.713633	0.713847	0.714041	0.714236	0.714482	0.714728	0.714956	0.715183	0.715339	0.715494	0.715611	0.715728	0.715781	0.715834	0.715868	0.715902	0.715894	0.715885	0.715883	
0.715924	0.715898	0.715854	0.71581	0.715798	0.715786	0.715797	0.715808	0.715883	0.715958	0.715984	0.71601	0.716051	0.716092	0.716053	0.716015	0.716153	0.716291	0.71638	0.716469	0.71669	0.716911	0.716688	0.716465	0.716107	0.715749	0.715583	0.715416	0.71607	0.716724	0.716809	0.716893	0.716215	0.715536	0.715499	0.715461	0.71489	0.714318	0.713566	0.712813	0.712692	0.712571	0.712518	0.712465	0.712813	0.713162	0.713385	0.713609	0.713862	0.714115	0.714365	0.714616	0.714875	0.715134	0.715316	0.715497	0.71563	0.715763	0.715834	0.715905	0.715937	0.715969	0.71596	0.715951	0.715924	
0.715965	0.715914	0.715842	0.715771	0.715719	0.715666	0.715636	0.715606	0.715636	0.715666	0.71567	0.715674	0.715711	0.715747	0.715698	0.715649	0.71572	0.715791	0.715793	0.715794	0.71588	0.715965	0.71572	0.715474	0.715312	0.715149	0.715146	0.715143	0.71562	0.716097	0.715884	0.715671	0.715228	0.714785	0.714988	0.71519	0.714647	0.714103	0.713204	0.712305	0.712244	0.712183	0.712145	0.712107	0.712506	0.712904	0.713138	0.713371	0.713682	0.713994	0.714249	0.714504	0.714794	0.715085	0.715292	0.7155	0.715649	0.715797	0.715887	0.715977	0.716007	0.716036	0.716026	0.716016	0.715965	
0.715904	0.715836	0.715732	0.715628	0.715538	0.715448	0.715396	0.715344	0.715359	0.715374	0.715366	0.715359	0.715398	0.715438	0.715392	0.715347	0.715377	0.715408	0.715353	0.715299	0.715316	0.715334	0.715104	0.714874	0.714764	0.714654	0.714639	0.714624	0.71502	0.715415	0.715212	0.715009	0.714763	0.714518	0.714595	0.714673	0.714069	0.713465	0.712512	0.711559	0.711556	0.711553	0.711575	0.711597	0.712016	0.712434	0.712731	0.713028	0.713348	0.713669	0.71396	0.71425	0.71456	0.714869	0.715111	0.715353	0.715526	0.715699	0.715805	0.715912	0.715953	0.715994	0.715982	0.715971	0.715904	
0.715843	0.715759	0.715622	0.715484	0.715357	0.71523	0.715156	0.715082	0.715082	0.715081	0.715062	0.715043	0.715086	0.715128	0.715087	0.715045	0.715035	0.715024	0.714914	0.714803	0.714753	0.714702	0.714488	0.714273	0.714216	0.714159	0.714132	0.714105	0.714419	0.714733	0.71454	0.714346	0.714298	0.71425	0.714203	0.714155	0.71349	0.712826	0.71182	0.710813	0.710868	0.710923	0.711005	0.711088	0.711525	0.711964	0.712324	0.712685	0.713014	0.713344	0.71367	0.713996	0.714325	0.714654	0.71493	0.715206	0.715403	0.7156	0.715724	0.715848	0.715899	0.715951	0.715939	0.715927	0.715843	
0.715793	0.715673	0.71549	0.715307	0.715169	0.715031	0.71497	0.714909	0.714953	0.714997	0.715036	0.715075	0.71515	0.715224	0.715195	0.715166	0.715124	0.715081	0.714935	0.71479	0.714681	0.714572	0.714375	0.714178	0.714051	0.713924	0.713628	0.713331	0.71346	0.713588	0.713883	0.714177	0.714472	0.714766	0.714309	0.713853	0.713177	0.712501	0.711343	0.710185	0.710527	0.710868	0.7109	0.710931	0.711361	0.711792	0.712145	0.712498	0.712821	0.713145	0.713497	0.713849	0.714204	0.71456	0.714853	0.715146	0.715356	0.715567	0.715703	0.715838	0.715896	0.715954	0.715934	0.715914	0.715793	
0.715744	0.715587	0.715359	0.715131	0.714981	0.714832	0.714784	0.714736	0.714824	0.714912	0.71501	0.715108	0.715214	0.71532	0.715304	0.715288	0.715213	0.715138	0.714957	0.714776	0.714609	0.714442	0.714263	0.714083	0.713886	0.713689	0.713123	0.712558	0.7125	0.712443	0.713226	0.714009	0.714645	0.715281	0.714416	0.713552	0.712864	0.712176	0.710867	0.709557	0.710185	0.710814	0.710794	0.710774	0.711197	0.711621	0.711966	0.71231	0.712629	0.712947	0.713324	0.713701	0.714084	0.714467	0.714776	0.715085	0.71531	0.715534	0.715681	0.715829	0.715893	0.715957	0.715929	0.715901	0.715744	
0.715562	0.715387	0.71518	0.714973	0.714919	0.714865	0.714948	0.715032	0.715176	0.71532	0.715451	0.715582	0.715717	0.715852	0.715868	0.715883	0.715736	0.715589	0.715271	0.714953	0.714684	0.714415	0.714151	0.713887	0.713378	0.712868	0.712181	0.711494	0.711519	0.711543	0.713022	0.714502	0.715721	0.716941	0.715238	0.713535	0.712733	0.711931	0.710997	0.710062	0.71035	0.710638	0.710712	0.710785	0.711104	0.711422	0.71176	0.712098	0.712407	0.712717	0.713013	0.71331	0.713727	0.714143	0.714493	0.714843	0.715088	0.715333	0.715505	0.715677	0.715753	0.71583	0.715783	0.715737	0.715562	
0.715379	0.715187	0.715001	0.714815	0.714857	0.714898	0.715113	0.715327	0.715528	0.715728	0.715892	0.716056	0.71622	0.716384	0.716431	0.716478	0.716259	0.71604	0.715585	0.715129	0.714758	0.714387	0.714039	0.713692	0.71287	0.712048	0.71124	0.710431	0.710537	0.710643	0.712819	0.714995	0.716798	0.718601	0.71606	0.713519	0.712603	0.711686	0.711127	0.710567	0.710515	0.710462	0.710629	0.710796	0.71101	0.711224	0.711555	0.711885	0.712186	0.712487	0.712703	0.712919	0.713369	0.71382	0.71421	0.714601	0.714867	0.715132	0.715328	0.715524	0.715614	0.715703	0.715638	0.715572	0.715379	
0.715277	0.715107	0.715021	0.714935	0.715098	0.71526	0.715512	0.715763	0.715979	0.716194	0.716412	0.716629	0.716928	0.717226	0.71743	0.717634	0.717472	0.71731	0.716719	0.716128	0.715582	0.715037	0.714699	0.714361	0.713646	0.712931	0.712198	0.711464	0.711433	0.711402	0.713574	0.715746	0.717587	0.719428	0.717045	0.714663	0.713702	0.712741	0.712462	0.712182	0.711996	0.711811	0.711884	0.711957	0.71191	0.711863	0.71191	0.711957	0.712244	0.712532	0.712667	0.712802	0.713196	0.713591	0.714006	0.714422	0.714724	0.715025	0.715219	0.715412	0.715504	0.715595	0.715521	0.715446	0.715277	
0.715174	0.715028	0.715042	0.715056	0.715339	0.715622	0.715911	0.716199	0.71643	0.71666	0.716931	0.717203	0.717635	0.718067	0.718428	0.718789	0.718684	0.718579	0.717853	0.717126	0.716407	0.715688	0.715359	0.71503	0.714422	0.713815	0.713156	0.712496	0.712329	0.712162	0.71433	0.716498	0.718376	0.720255	0.71803	0.715806	0.714801	0.713797	0.713796	0.713796	0.713478	0.71316	0.713139	0.713118	0.71281	0.712502	0.712265	0.712028	0.712303	0.712578	0.712631	0.712684	0.713023	0.713362	0.713802	0.714243	0.714581	0.714918	0.715109	0.7153	0.715393	0.715487	0.715404	0.71532	0.715174	
0.715029	0.714903	0.715004	0.715106	0.715401	0.715696	0.715958	0.716219	0.716499	0.716778	0.717167	0.717557	0.718026	0.718495	0.718892	0.719289	0.71925	0.71921	0.718539	0.717869	0.717194	0.71652	0.716805	0.71709	0.716956	0.716821	0.715472	0.714123	0.7131	0.712078	0.71377	0.715461	0.716841	0.71822	0.717281	0.716343	0.715714	0.715086	0.715486	0.715887	0.715623	0.715359	0.715195	0.715031	0.714272	0.713513	0.712924	0.712334	0.712395	0.712457	0.712503	0.712549	0.712738	0.712928	0.713347	0.713766	0.714171	0.714577	0.714812	0.715047	0.715152	0.715257	0.715206	0.715155	0.715029	
0.714883	0.714777	0.714967	0.715157	0.715463	0.71577	0.716004	0.716239	0.716568	0.716896	0.717404	0.717911	0.718416	0.718922	0.719356	0.71979	0.719815	0.719841	0.719226	0.718611	0.717982	0.717352	0.718251	0.719151	0.719489	0.719828	0.717788	0.715749	0.713872	0.711995	0.71321	0.714425	0.715305	0.716185	0.716532	0.716879	0.716628	0.716376	0.717176	0.717977	0.717767	0.717558	0.717251	0.716945	0.715735	0.714525	0.713582	0.712639	0.712488	0.712337	0.712375	0.712414	0.712454	0.712493	0.712891	0.713289	0.713762	0.714236	0.714515	0.714795	0.714911	0.715026	0.715008	0.714989	0.714883	
0.714607	0.714395	0.714521	0.714646	0.715152	0.715658	0.716164	0.71667	0.717179	0.717688	0.718014	0.718341	0.718377	0.718413	0.718488	0.718564	0.718976	0.719387	0.719532	0.719676	0.719442	0.719208	0.719846	0.720484	0.720425	0.720365	0.718758	0.717151	0.714671	0.71219	0.712365	0.71254	0.714017	0.715493	0.716159	0.716825	0.717001	0.717178	0.717464	0.71775	0.718577	0.719405	0.719284	0.719163	0.718089	0.717014	0.715508	0.714001	0.713564	0.713127	0.713012	0.712897	0.712783	0.71267	0.712893	0.713117	0.713565	0.714013	0.714329	0.714645	0.714778	0.714911	0.714865	0.714819	0.714607	
0.714331	0.714013	0.714074	0.714136	0.714841	0.715546	0.716324	0.717102	0.717791	0.718479	0.718625	0.718772	0.718337	0.717903	0.71762	0.717338	0.718136	0.718934	0.719837	0.720741	0.720902	0.721063	0.72144	0.721818	0.72136	0.720902	0.719728	0.718553	0.715469	0.712386	0.711521	0.710656	0.712729	0.714801	0.715786	0.716771	0.717375	0.71798	0.717751	0.717522	0.719387	0.721252	0.721317	0.721382	0.720443	0.719504	0.717434	0.715364	0.714641	0.713918	0.713649	0.71338	0.713113	0.712846	0.712895	0.712944	0.713367	0.71379	0.714143	0.714495	0.714645	0.714795	0.714722	0.714649	0.714331	
0.71373	0.713284	0.713371	0.713458	0.714556	0.715655	0.716882	0.718109	0.718786	0.719463	0.719419	0.719376	0.71831	0.717244	0.716602	0.715959	0.71658	0.717201	0.718142	0.719084	0.719499	0.719914	0.719676	0.719437	0.717435	0.715432	0.714666	0.7139	0.712347	0.710794	0.710187	0.709579	0.712589	0.715599	0.715394	0.71519	0.715424	0.715659	0.714949	0.71424	0.718046	0.721851	0.721785	0.721718	0.720061	0.718403	0.716675	0.714947	0.714279	0.71361	0.713429	0.713247	0.713142	0.713037	0.712959	0.712881	0.713161	0.713441	0.713794	0.714146	0.714304	0.714462	0.71432	0.714177	0.71373	
0.713129	0.712554	0.712667	0.71278	0.714272	0.715765	0.71744	0.719116	0.719781	0.720446	0.720213	0.719981	0.718283	0.716586	0.715583	0.714581	0.715024	0.715468	0.716447	0.717427	0.718096	0.718765	0.717911	0.717057	0.71351	0.709962	0.709605	0.709248	0.709225	0.709203	0.708853	0.708502	0.712449	0.716396	0.715003	0.71361	0.713473	0.713337	0.712148	0.710958	0.716705	0.722451	0.722253	0.722054	0.719678	0.717302	0.715916	0.71453	0.713916	0.713302	0.713208	0.713114	0.713171	0.713228	0.713023	0.712818	0.712955	0.713093	0.713445	0.713798	0.713964	0.71413	0.713917	0.713704	0.713129	
0.712981	0.712415	0.712464	0.712514	0.713935	0.715357	0.717269	0.719182	0.720081	0.720979	0.720738	0.720497	0.718745	0.716992	0.715674	0.714357	0.714375	0.714394	0.715036	0.715678	0.716314	0.716951	0.715346	0.713741	0.708636	0.70353	0.703323	0.703116	0.706434	0.709752	0.70894	0.708127	0.710911	0.713695	0.711394	0.709094	0.707986	0.706877	0.708512	0.710147	0.71732	0.724493	0.724176	0.723858	0.720593	0.717328	0.716269	0.715211	0.714009	0.712806	0.712761	0.712716	0.713059	0.713402	0.713307	0.713212	0.713216	0.71322	0.713441	0.713661	0.71382	0.713978	0.713763	0.713548	0.712981	
0.712833	0.712276	0.712262	0.712248	0.713598	0.714949	0.717099	0.719249	0.72038	0.721512	0.721262	0.721013	0.719206	0.717399	0.715766	0.714132	0.713726	0.713319	0.713625	0.71393	0.714533	0.715136	0.712781	0.710425	0.703762	0.697099	0.697042	0.696985	0.703643	0.710301	0.709027	0.707752	0.709373	0.710994	0.707786	0.704579	0.702498	0.700417	0.704876	0.709335	0.717935	0.726535	0.726099	0.725662	0.721509	0.717354	0.716623	0.715891	0.714101	0.71231	0.712314	0.712318	0.712947	0.713576	0.713592	0.713607	0.713477	0.713346	0.713436	0.713525	0.713676	0.713826	0.713609	0.713391	0.712833	
0.712783	0.712314	0.712258	0.712201	0.713356	0.71451	0.716381	0.718252	0.719503	0.720754	0.720839	0.720924	0.719582	0.71824	0.716741	0.715241	0.715344	0.715447	0.715869	0.716291	0.716974	0.717657	0.71585	0.714042	0.711274	0.708507	0.708313	0.70812	0.712147	0.716174	0.713404	0.710633	0.710369	0.710105	0.707004	0.703903	0.704391	0.704879	0.711394	0.717909	0.722259	0.72661	0.725671	0.724731	0.72166	0.718589	0.718056	0.717522	0.715148	0.712774	0.712044	0.711315	0.712139	0.712963	0.713182	0.713401	0.713292	0.713183	0.713267	0.713352	0.713466	0.71358	0.713416	0.713253	0.712783	
0.712733	0.712352	0.712253	0.712154	0.713113	0.714072	0.715663	0.717255	0.718626	0.719997	0.720415	0.720834	0.719957	0.719081	0.717715	0.71635	0.716962	0.717574	0.718113	0.718653	0.719415	0.720178	0.718919	0.717659	0.718787	0.719915	0.719585	0.719256	0.720652	0.722047	0.717781	0.713515	0.711366	0.709216	0.706221	0.703227	0.706284	0.710671	0.722433	0.733891	0.730613	0.726684	0.725242	0.7238	0.721812	0.719824	0.719489	0.719153	0.716196	0.713238	0.711775	0.710312	0.711331	0.712349	0.712773	0.713196	0.713107	0.713019	0.713099	0.713178	0.713256	0.713333	0.713224	0.713114	0.712733	
0.712854	0.712561	0.712513	0.712465	0.713345	0.714225	0.715579	0.716933	0.718154	0.719376	0.719984	0.720593	0.72014	0.719687	0.718809	0.717932	0.719547	0.721162	0.721919	0.722676	0.721307	0.719938	0.716823	0.713708	0.718874	0.724041	0.724348	0.724654	0.724852	0.72505	0.721301	0.717551	0.715398	0.713245	0.712054	0.710864	0.717786	0.733728	0.743487	0.733138	0.716559	0.718898	0.720909	0.722919	0.721353	0.719787	0.719667	0.719547	0.717054	0.71456	0.713288	0.712016	0.712532	0.713048	0.713235	0.713422	0.713258	0.713094	0.713083	0.713073	0.713126	0.71318	0.713164	0.713148	0.712854	
0.712975	0.712769	0.712772	0.712775	0.713576	0.714377	0.715494	0.71661	0.717683	0.718755	0.719554	0.720353	0.720323	0.720293	0.719903	0.719514	0.722132	0.72475	0.725724	0.726699	0.723198	0.719698	0.714728	0.709757	0.718962	0.728167	0.72911	0.730052	0.729052	0.728052	0.72482	0.721588	0.719431	0.717273	0.717887	0.720969	0.737085	0.755939	0.748531	0.715766	0.697231	0.704956	0.714967	0.722039	0.720895	0.71975	0.719845	0.719941	0.717912	0.715882	0.714802	0.713721	0.713734	0.713747	0.713697	0.713648	0.713409	0.713169	0.713068	0.712967	0.712997	0.713027	0.713104	0.713182	0.712975	
0.713038	0.713014	0.713062	0.71311	0.713849	0.714588	0.715535	0.716483	0.717419	0.718355	0.718812	0.719268	0.719314	0.719359	0.71899	0.718621	0.721232	0.723843	0.725003	0.726163	0.723235	0.720308	0.714341	0.708374	0.716299	0.724224	0.724989	0.725754	0.725108	0.724462	0.721617	0.718773	0.719941	0.721109	0.72437	0.734241	0.751061	0.762049	0.742278	0.700416	0.691549	0.705644	0.716072	0.723548	0.722607	0.721665	0.720828	0.719991	0.717742	0.715494	0.71491	0.714326	0.713826	0.713327	0.713308	0.71329	0.713072	0.712854	0.712765	0.712676	0.712728	0.71278	0.712921	0.713063	0.713038	
0.713102	0.71326	0.713352	0.713445	0.714122	0.714798	0.715577	0.716355	0.717155	0.717956	0.71807	0.718184	0.718305	0.718426	0.718078	0.717729	0.720333	0.722937	0.724282	0.725627	0.723272	0.720917	0.713954	0.70699	0.713636	0.720281	0.720868	0.721455	0.721163	0.720871	0.718414	0.715957	0.720451	0.724945	0.730852	0.743078	0.753221	0.760198	0.737153	0.69791	0.686674	0.700277	0.713542	0.725057	0.724319	0.723581	0.721811	0.720041	0.717573	0.715105	0.715018	0.714931	0.713919	0.712907	0.712919	0.712932	0.712735	0.712539	0.712462	0.712385	0.712459	0.712533	0.712738	0.712944	0.713102	
0.71288	0.713134	0.713266	0.713398	0.714045	0.714693	0.715453	0.716213	0.716816	0.717419	0.717109	0.716798	0.716555	0.716312	0.716468	0.716623	0.718917	0.721211	0.722897	0.724584	0.722514	0.720444	0.717497	0.71455	0.718243	0.721936	0.721672	0.721407	0.720903	0.720398	0.718205	0.716011	0.71924	0.722469	0.726371	0.73621	0.743423	0.748584	0.738655	0.702584	0.676636	0.689723	0.707244	0.720267	0.721135	0.722004	0.720055	0.718106	0.717197	0.716288	0.716036	0.715784	0.714851	0.713917	0.713481	0.713045	0.712775	0.712504	0.712411	0.712318	0.712325	0.712332	0.712479	0.712626	0.71288	
0.712658	0.713009	0.71318	0.713351	0.713969	0.714587	0.715329	0.716072	0.716477	0.716883	0.716147	0.715412	0.714805	0.714198	0.714858	0.715517	0.717501	0.719485	0.721513	0.723541	0.721756	0.719972	0.721041	0.722109	0.722851	0.723592	0.722476	0.721359	0.720642	0.719925	0.717995	0.716065	0.718029	0.719992	0.72189	0.723788	0.731326	0.751564	0.746597	0.718254	0.691824	0.702391	0.711826	0.715476	0.717951	0.720427	0.718299	0.716171	0.716821	0.717471	0.717054	0.716637	0.715783	0.714928	0.714043	0.713158	0.712814	0.71247	0.71236	0.712251	0.712191	0.712131	0.712219	0.712308	0.712658	
0.712347	0.712625	0.71282	0.713014	0.713616	0.714217	0.714944	0.715671	0.716245	0.716819	0.71635	0.715881	0.716086	0.71629	0.716533	0.716775	0.717145	0.717514	0.719635	0.721755	0.722634	0.723512	0.724415	0.725318	0.721925	0.718532	0.717424	0.716315	0.717767	0.719218	0.71974	0.720263	0.717766	0.715268	0.717971	0.720673	0.729729	0.759069	0.758389	0.741592	0.728909	0.729625	0.732707	0.723158	0.722639	0.722119	0.720409	0.718699	0.718498	0.718298	0.717428	0.716558	0.715835	0.715111	0.714223	0.713334	0.712848	0.712362	0.71215	0.711938	0.711912	0.711887	0.711978	0.712069	0.712347	
0.712036	0.712242	0.71246	0.712678	0.713263	0.713848	0.714559	0.715271	0.716012	0.716754	0.716552	0.71635	0.717366	0.718382	0.718208	0.718034	0.716789	0.715544	0.717756	0.719969	0.723511	0.727053	0.72779	0.728526	0.720999	0.713472	0.712371	0.711271	0.714891	0.714846	0.717196	0.722688	0.719982	0.708748	0.703183	0.714542	0.73529	0.750288	0.748854	0.738412	0.720729	0.717861	0.73473	0.745897	0.741837	0.730259	0.722142	0.721097	0.721037	0.719125	0.717802	0.716479	0.715887	0.715295	0.714402	0.71351	0.712882	0.712254	0.711939	0.711624	0.711633	0.711642	0.711736	0.71183	0.712036	
0.711873	0.712022	0.712143	0.712264	0.712777	0.71329	0.713864	0.714438	0.714714	0.71499	0.715417	0.715844	0.718312	0.720781	0.721292	0.721803	0.72016	0.718518	0.719473	0.720428	0.723898	0.727368	0.72624	0.725111	0.718702	0.712293	0.710977	0.709661	0.71091	0.703061	0.694836	0.698388	0.70367	0.701516	0.70398	0.718274	0.72779	0.72832	0.72107	0.708406	0.69608	0.701734	0.734574	0.744681	0.745874	0.73869	0.728211	0.724912	0.725319	0.723413	0.720828	0.718242	0.716728	0.715215	0.714482	0.713748	0.713129	0.712511	0.712054	0.711598	0.711602	0.711606	0.711665	0.711724	0.711873	
0.71171	0.711802	0.711826	0.711849	0.712291	0.712732	0.713169	0.713606	0.713416	0.713225	0.714281	0.715337	0.719259	0.72318	0.724376	0.725571	0.723532	0.721493	0.721189	0.720886	0.724284	0.727682	0.724689	0.721696	0.716405	0.711114	0.709583	0.708052	0.706929	0.698744	0.683898	0.667639	0.673171	0.692317	0.716078	0.734408	0.732137	0.722207	0.723342	0.730183	0.709496	0.704158	0.731983	0.730965	0.730998	0.734244	0.731345	0.729	0.729006	0.729259	0.725194	0.720005	0.71757	0.715135	0.714561	0.713987	0.713377	0.712768	0.71217	0.711572	0.711571	0.71157	0.711594	0.711619	0.71171	
0.71128	0.71116	0.711215	0.711269	0.711733	0.712196	0.712673	0.71315	0.71302	0.71289	0.713475	0.714061	0.71801	0.721958	0.725	0.728041	0.726692	0.725342	0.720874	0.716407	0.719179	0.721952	0.720584	0.719216	0.716094	0.712972	0.710548	0.708124	0.70767	0.702456	0.692432	0.679302	0.667641	0.678293	0.722061	0.741525	0.743196	0.74469	0.764103	0.736567	0.720322	0.711524	0.72095	0.715798	0.710432	0.717375	0.722328	0.723535	0.725336	0.726786	0.72369	0.718743	0.716753	0.714763	0.714401	0.71404	0.713704	0.713368	0.712834	0.712301	0.7121	0.7119	0.711651	0.711401	0.71128	
0.71085	0.710517	0.710603	0.710689	0.711175	0.71166	0.712177	0.712695	0.712625	0.712555	0.71267	0.712785	0.716761	0.720736	0.725624	0.730512	0.729851	0.729191	0.720559	0.711928	0.714074	0.716221	0.716479	0.716736	0.715783	0.71483	0.711513	0.708196	0.708411	0.706936	0.705246	0.701103	0.685822	0.676418	0.696504	0.71687	0.740088	0.774769	0.760614	0.712377	0.707289	0.727836	0.727505	0.717696	0.705941	0.704266	0.71403	0.717296	0.720188	0.724166	0.720823	0.71748	0.715935	0.714391	0.714242	0.714093	0.714031	0.713968	0.713499	0.71303	0.71263	0.712231	0.711707	0.711183	0.71085	
0.710126	0.709925	0.710168	0.710411	0.710999	0.711587	0.712143	0.712698	0.712544	0.712389	0.712461	0.712532	0.715477	0.718423	0.723014	0.727606	0.728325	0.729044	0.722319	0.715594	0.713477	0.711361	0.714479	0.717597	0.718056	0.718516	0.714464	0.710413	0.709223	0.70784	0.711866	0.714876	0.702087	0.686377	0.69423	0.701057	0.696879	0.766852	0.750353	0.710472	0.706234	0.724471	0.720171	0.715234	0.709763	0.709283	0.714068	0.715702	0.717688	0.719266	0.717651	0.716035	0.715278	0.714521	0.714517	0.714512	0.714431	0.71435	0.713667	0.712985	0.712318	0.71165	0.710989	0.710328	0.710126	
0.709403	0.709333	0.709733	0.710133	0.710823	0.711514	0.712108	0.712702	0.712463	0.712224	0.712251	0.712279	0.714194	0.716109	0.720405	0.7247	0.726798	0.728896	0.724078	0.71926	0.712881	0.706502	0.71248	0.718457	0.72033	0.722202	0.717416	0.712629	0.710035	0.707673	0.713747	0.7224	0.711154	0.703049	0.703309	0.72362	0.708643	0.754013	0.740617	0.712227	0.703574	0.706718	0.70132	0.703058	0.711482	0.716398	0.716729	0.715088	0.715514	0.714367	0.714478	0.714589	0.714621	0.714652	0.714791	0.714931	0.714831	0.714731	0.713836	0.71294	0.712005	0.71107	0.710271	0.709472	0.709403	
0.709445	0.709303	0.709825	0.710346	0.711047	0.711748	0.712266	0.712784	0.712542	0.712299	0.71238	0.712461	0.71346	0.714459	0.717329	0.720198	0.722308	0.724417	0.723992	0.723567	0.718545	0.713524	0.716511	0.719499	0.721765	0.72403	0.719843	0.715655	0.711608	0.707449	0.713807	0.722057	0.705426	0.729153	0.682376	0.727855	0.728495	0.764496	0.706061	0.695613	0.707618	0.710301	0.704536	0.703419	0.710358	0.719944	0.722735	0.719146	0.715337	0.713739	0.713906	0.714072	0.714422	0.714772	0.714899	0.715027	0.714806	0.714585	0.71388	0.713174	0.712251	0.711327	0.710457	0.709587	0.709445	
0.709488	0.709273	0.709916	0.710559	0.711271	0.711983	0.712425	0.712866	0.71262	0.712374	0.712509	0.712644	0.712727	0.712809	0.714253	0.715697	0.717817	0.719938	0.723906	0.727874	0.72421	0.720546	0.720544	0.720541	0.723199	0.725858	0.72227	0.718681	0.713181	0.708385	0.713733	0.72568	0.711513	0.71451	0.700637	0.685974	0.710031	0.752447	0.69498	0.694228	0.719418	0.729546	0.714469	0.713996	0.709541	0.722816	0.729968	0.728458	0.721869	0.714056	0.712694	0.713554	0.714223	0.714891	0.715008	0.715124	0.714781	0.714439	0.713924	0.713408	0.712497	0.711585	0.710644	0.709703	0.709488	
0.709192	0.70859	0.709515	0.710441	0.71142	0.7124	0.712745	0.71309	0.712954	0.712819	0.713057	0.713296	0.712969	0.712642	0.713356	0.71407	0.715251	0.716433	0.719568	0.722703	0.722344	0.721984	0.720989	0.719995	0.721959	0.723924	0.721794	0.719663	0.714633	0.710252	0.712767	0.717961	0.747888	0.717459	0.729019	0.728315	0.736218	0.717203	0.700935	0.708088	0.735743	0.751119	0.731001	0.723126	0.714417	0.729384	0.735934	0.735667	0.729402	0.718966	0.714867	0.715584	0.716061	0.716539	0.715974	0.71541	0.714625	0.713839	0.7133	0.712762	0.712233	0.711705	0.710749	0.709793	0.709192	
0.708896	0.707908	0.709115	0.710322	0.711569	0.712817	0.713065	0.713314	0.713288	0.713263	0.713605	0.713948	0.713212	0.712475	0.712459	0.712443	0.712685	0.712927	0.71523	0.717532	0.720477	0.723421	0.721435	0.719449	0.720719	0.72199	0.721318	0.720645	0.716084	0.712053	0.71266	0.714168	0.722592	0.749049	0.746543	0.724758	0.751941	0.716649	0.713141	0.745255	0.749732	0.755858	0.741653	0.733257	0.734225	0.728576	0.738222	0.739974	0.732217	0.720103	0.716735	0.717615	0.7179	0.718186	0.716941	0.715697	0.714468	0.71324	0.712677	0.712115	0.71197	0.711826	0.710855	0.709884	0.708896	
0.708395	0.70768	0.70917	0.71066	0.711777	0.712895	0.713221	0.713547	0.713615	0.713683	0.713996	0.71431	0.713762	0.713214	0.713109	0.713005	0.712748	0.712492	0.713205	0.713919	0.716115	0.718311	0.717364	0.716418	0.717755	0.719092	0.718237	0.717383	0.71565	0.714542	0.714417	0.71454	0.726798	0.758672	0.741774	0.744511	0.754254	0.754733	0.724134	0.752265	0.754223	0.755075	0.751595	0.745581	0.734269	0.736264	0.736283	0.736256	0.725239	0.717665	0.717258	0.717333	0.717125	0.716917	0.715801	0.714684	0.713379	0.712073	0.711464	0.710855	0.710664	0.710473	0.709792	0.709111	0.708395	
0.707895	0.707452	0.709225	0.710998	0.711985	0.712973	0.713376	0.71378	0.713941	0.714102	0.714387	0.714672	0.714312	0.713952	0.713759	0.713567	0.712812	0.712056	0.711181	0.710306	0.711753	0.7132	0.713293	0.713387	0.71479	0.716194	0.715157	0.71412	0.715217	0.717019	0.716195	0.714943	0.715113	0.732083	0.762936	0.757258	0.757635	0.743473	0.752401	0.753136	0.755724	0.753434	0.757027	0.741757	0.733428	0.732583	0.727295	0.722386	0.718116	0.717769	0.717168	0.717051	0.716349	0.715648	0.71466	0.713671	0.712289	0.710907	0.710251	0.709596	0.709358	0.70912	0.708729	0.708338	0.707895	
0.710032	0.709797	0.710918	0.712039	0.712659	0.713279	0.713578	0.713877	0.714054	0.714231	0.714469	0.714707	0.714495	0.714283	0.713926	0.713569	0.712796	0.712024	0.711092	0.71016	0.711643	0.713126	0.713201	0.713276	0.713237	0.713199	0.713244	0.713289	0.715537	0.717659	0.716936	0.715144	0.713977	0.72462	0.734187	0.745167	0.743184	0.725115	0.74238	0.743286	0.744679	0.742459	0.728666	0.718992	0.720352	0.720149	0.717815	0.717266	0.717229	0.716877	0.716282	0.715919	0.715404	0.71489	0.714164	0.713438	0.712372	0.711306	0.710823	0.71034	0.710333	0.710326	0.710296	0.710266	0.710032	
0.712169	0.712142	0.712612	0.713081	0.713333	0.713586	0.71378	0.713974	0.714167	0.71436	0.714551	0.714741	0.714677	0.714613	0.714092	0.713571	0.712781	0.711991	0.711003	0.710015	0.711534	0.713053	0.713109	0.713165	0.711684	0.710203	0.71133	0.712457	0.715858	0.719259	0.717412	0.716157	0.714279	0.714862	0.719045	0.721023	0.720165	0.719218	0.719453	0.734341	0.733945	0.722444	0.716617	0.716227	0.716508	0.716419	0.715994	0.715891	0.71594	0.715169	0.714978	0.714788	0.714459	0.714131	0.713668	0.713205	0.712455	0.711705	0.711394	0.711084	0.711308	0.711532	0.711863	0.712195	0.712169	
0.712688	0.71293	0.71328	0.71363	0.713725	0.713821	0.713911	0.714002	0.714179	0.714357	0.714291	0.714226	0.714111	0.713996	0.713464	0.712931	0.712364	0.711797	0.711435	0.711074	0.712164	0.713255	0.712808	0.71236	0.711173	0.709986	0.711789	0.713591	0.716958	0.720325	0.718778	0.717345	0.715329	0.714772	0.7161	0.717624	0.718512	0.718492	0.71984	0.729598	0.739854	0.731132	0.715398	0.715795	0.716372	0.716516	0.716226	0.715885	0.715624	0.71525	0.715017	0.714784	0.714536	0.714289	0.713853	0.713416	0.712594	0.711772	0.711488	0.711204	0.711458	0.711713	0.71208	0.712447	0.712688	
0.713208	0.713718	0.713948	0.714178	0.714117	0.714055	0.714042	0.714029	0.714191	0.714353	0.714032	0.713711	0.713545	0.713379	0.712835	0.712291	0.711947	0.711604	0.711868	0.712133	0.712795	0.713457	0.712506	0.711555	0.710662	0.70977	0.712247	0.714725	0.718057	0.72139	0.720144	0.718898	0.716791	0.715501	0.715445	0.715588	0.716817	0.71781	0.720066	0.730407	0.734609	0.717294	0.714957	0.715771	0.716607	0.717352	0.716768	0.716185	0.715758	0.715331	0.715056	0.71478	0.714614	0.714447	0.714037	0.713628	0.712734	0.71184	0.711582	0.711324	0.711609	0.711893	0.712296	0.712698	0.713208	
0.713655	0.714174	0.714504	0.714833	0.714814	0.714794	0.71473	0.714665	0.714713	0.714762	0.71419	0.713619	0.71316	0.712701	0.712324	0.711947	0.712179	0.712412	0.713431	0.71445	0.714473	0.714495	0.714716	0.714938	0.713977	0.713015	0.714319	0.715623	0.718473	0.721323	0.720552	0.719781	0.717344	0.71558	0.714721	0.714469	0.715889	0.717206	0.71769	0.718564	0.71756	0.715109	0.715093	0.715588	0.716488	0.717651	0.717189	0.716727	0.715941	0.715154	0.714782	0.71441	0.714292	0.714174	0.713916	0.713658	0.712972	0.712286	0.712055	0.711825	0.712012	0.712199	0.712667	0.713135	0.713655	
0.714101	0.71463	0.71506	0.715489	0.715511	0.715533	0.715417	0.715301	0.715235	0.71517	0.714348	0.713527	0.712776	0.712024	0.711813	0.711603	0.712411	0.71322	0.714994	0.716768	0.71615	0.715532	0.716927	0.718322	0.717291	0.716261	0.716391	0.716521	0.718889	0.721257	0.72096	0.720664	0.717898	0.715131	0.714005	0.712878	0.714281	0.716392	0.716641	0.716699	0.715558	0.714554	0.714858	0.71535	0.716338	0.717951	0.71761	0.717269	0.716124	0.714978	0.714509	0.714039	0.713971	0.713902	0.713795	0.713687	0.713209	0.712731	0.712528	0.712326	0.712415	0.712505	0.713039	0.713572	0.714101	
0.714061	0.714499	0.714917	0.715336	0.715489	0.715642	0.715655	0.715667	0.715619	0.715571	0.714768	0.713965	0.713004	0.712042	0.711893	0.711744	0.713039	0.714334	0.716613	0.718893	0.718727	0.718561	0.72061	0.722659	0.720331	0.718003	0.717559	0.717115	0.718351	0.719587	0.718908	0.718228	0.716305	0.714381	0.713748	0.713116	0.714402	0.715843	0.716119	0.716091	0.715422	0.714847	0.715013	0.715426	0.716225	0.717294	0.717165	0.717037	0.716104	0.715172	0.714614	0.714056	0.713957	0.713858	0.713797	0.713735	0.713395	0.713056	0.712922	0.712788	0.712842	0.712896	0.71326	0.713624	0.714061	
0.714021	0.714367	0.714775	0.715183	0.715467	0.715752	0.715892	0.716033	0.716002	0.715972	0.715187	0.714403	0.713232	0.712061	0.711973	0.711886	0.713667	0.715448	0.718233	0.721018	0.721304	0.72159	0.724293	0.726996	0.723371	0.719745	0.718727	0.71771	0.717814	0.717918	0.716855	0.715792	0.714712	0.713631	0.713492	0.713353	0.714523	0.715693	0.715744	0.715795	0.715387	0.714979	0.715123	0.715267	0.715953	0.716638	0.716721	0.716804	0.716085	0.715366	0.714719	0.714072	0.713944	0.713815	0.713798	0.713782	0.713582	0.713381	0.713316	0.71325	0.713269	0.713287	0.713481	0.713676	0.714021	
0.714466	0.714754	0.715093	0.715433	0.715713	0.715993	0.716211	0.71643	0.716449	0.716467	0.71593	0.715393	0.714142	0.71289	0.712757	0.712623	0.714741	0.716859	0.719609	0.722359	0.723446	0.724533	0.725358	0.726182	0.722755	0.719327	0.718561	0.717796	0.717212	0.716629	0.715557	0.714484	0.713771	0.713058	0.71353	0.714002	0.714999	0.715995	0.715707	0.715418	0.715164	0.71491	0.714935	0.714961	0.715393	0.715826	0.71607	0.716315	0.715879	0.715444	0.714808	0.714172	0.714026	0.71388	0.713904	0.713928	0.713842	0.713756	0.713734	0.713712	0.713744	0.713777	0.713978	0.714179	0.714466	
0.714911	0.71514	0.715411	0.715682	0.715958	0.716234	0.716531	0.716828	0.716895	0.716963	0.716673	0.716383	0.715052	0.71372	0.71354	0.71336	0.715815	0.71827	0.720985	0.723701	0.725588	0.727476	0.726422	0.725368	0.722138	0.718908	0.718396	0.717883	0.716611	0.715339	0.714258	0.713177	0.712831	0.712485	0.713568	0.714652	0.715475	0.716298	0.715669	0.71504	0.714941	0.714842	0.714748	0.714654	0.714834	0.715014	0.71542	0.715826	0.715674	0.715523	0.714897	0.714272	0.714108	0.713944	0.714009	0.714075	0.714103	0.714131	0.714152	0.714173	0.71422	0.714267	0.714475	0.714682	0.714911	
0.714967	0.715172	0.715418	0.715663	0.715945	0.716228	0.716597	0.716966	0.717076	0.717186	0.71704	0.716895	0.715907	0.714918	0.714662	0.714405	0.716686	0.718967	0.721656	0.724345	0.725425	0.726505	0.724644	0.722784	0.720619	0.718455	0.718285	0.718115	0.716257	0.714399	0.713502	0.712605	0.712431	0.712256	0.713355	0.714453	0.715202	0.715951	0.715506	0.715062	0.714999	0.714935	0.714731	0.714527	0.714683	0.714839	0.715177	0.715514	0.715415	0.715316	0.71479	0.714264	0.71413	0.713996	0.714082	0.714168	0.714217	0.714265	0.714294	0.714322	0.714376	0.71443	0.714596	0.714762	0.714967	
0.715023	0.715204	0.715424	0.715644	0.715933	0.716222	0.716663	0.717104	0.717257	0.717409	0.717408	0.717407	0.716762	0.716117	0.715784	0.715451	0.717557	0.719663	0.722326	0.72499	0.725261	0.725533	0.722866	0.720199	0.7191	0.718002	0.718174	0.718346	0.715902	0.713458	0.712746	0.712034	0.712031	0.712028	0.713142	0.714255	0.714929	0.715603	0.715344	0.715084	0.715056	0.715029	0.714714	0.714399	0.714532	0.714664	0.714934	0.715203	0.715156	0.715109	0.714683	0.714257	0.714152	0.714047	0.714154	0.714261	0.71433	0.7144	0.714435	0.714471	0.714532	0.714593	0.714717	0.714841	0.715023	
0.71521	0.715364	0.715544	0.715724	0.716002	0.716281	0.716723	0.717165	0.717369	0.717573	0.717651	0.717728	0.717357	0.716986	0.716686	0.716386	0.7181	0.719814	0.722097	0.724381	0.72361	0.722839	0.721147	0.719455	0.718765	0.718076	0.718488	0.7189	0.716375	0.71385	0.71273	0.711609	0.711681	0.711752	0.712968	0.714184	0.714742	0.715299	0.715107	0.714914	0.715071	0.715228	0.714747	0.714267	0.714363	0.71446	0.714655	0.71485	0.714788	0.714725	0.714518	0.714312	0.71427	0.714229	0.714337	0.714446	0.714534	0.714621	0.714672	0.714722	0.714777	0.714832	0.714944	0.715056	0.71521	
0.715397	0.715524	0.715664	0.715804	0.716072	0.71634	0.716783	0.717225	0.717481	0.717737	0.717893	0.718049	0.717953	0.717856	0.717589	0.717321	0.718643	0.719964	0.721869	0.723773	0.721959	0.720145	0.719427	0.71871	0.71843	0.71815	0.718802	0.719454	0.716848	0.714243	0.712714	0.711185	0.711331	0.711476	0.712794	0.714112	0.714554	0.714996	0.71487	0.714745	0.715086	0.715428	0.714781	0.714134	0.714195	0.714257	0.714377	0.714497	0.714419	0.714341	0.714354	0.714367	0.714388	0.71441	0.71452	0.714631	0.714737	0.714843	0.714908	0.714974	0.715023	0.715072	0.715171	0.71527	0.715397	
0.71543	0.715551	0.71567	0.71579	0.71604	0.716291	0.716712	0.717132	0.717428	0.717725	0.717942	0.718159	0.718235	0.718311	0.718099	0.717888	0.718774	0.719661	0.720907	0.722153	0.72093	0.719706	0.71908	0.718453	0.718377	0.7183	0.71886	0.719419	0.717321	0.715222	0.713277	0.711332	0.711568	0.711804	0.713066	0.714327	0.714725	0.715122	0.714945	0.714768	0.715071	0.715373	0.714783	0.714192	0.714205	0.714218	0.714262	0.714305	0.714279	0.714254	0.714327	0.7144	0.714466	0.714532	0.71464	0.714749	0.714854	0.714959	0.715011	0.715063	0.715109	0.715155	0.715232	0.715309	0.71543	
0.715464	0.715579	0.715677	0.715776	0.716009	0.716242	0.71664	0.717039	0.717376	0.717712	0.717991	0.718269	0.718518	0.718766	0.71861	0.718454	0.718906	0.719358	0.719945	0.720533	0.7199	0.719268	0.718733	0.718197	0.718324	0.718451	0.718918	0.719385	0.717793	0.716202	0.713841	0.71148	0.711806	0.712131	0.713337	0.714543	0.714896	0.715249	0.715021	0.714792	0.715055	0.715319	0.714785	0.714251	0.714215	0.71418	0.714146	0.714113	0.71414	0.714166	0.7143	0.714433	0.714543	0.714653	0.71476	0.714868	0.714971	0.715075	0.715113	0.715151	0.715194	0.715237	0.715293	0.715349	0.715464	
0.715584	0.715688	0.715794	0.7159	0.7161	0.716299	0.71662	0.71694	0.71731	0.71768	0.71795	0.718219	0.718498	0.718778	0.718786	0.718794	0.719045	0.719296	0.71966	0.720024	0.719743	0.719462	0.718994	0.718526	0.718903	0.71928	0.719339	0.719398	0.718301	0.717204	0.71503	0.712856	0.713247	0.713637	0.714425	0.715214	0.715282	0.71535	0.71509	0.71483	0.714964	0.715099	0.714662	0.714226	0.714213	0.7142	0.714195	0.714191	0.714269	0.714346	0.714498	0.71465	0.714783	0.714917	0.715011	0.715106	0.715188	0.71527	0.715296	0.715322	0.715351	0.715381	0.71543	0.715479	0.715584	
0.715704	0.715797	0.715911	0.716025	0.71619	0.716356	0.716599	0.716842	0.717245	0.717648	0.717908	0.718169	0.718479	0.71879	0.718962	0.719135	0.719184	0.719233	0.719374	0.719516	0.719586	0.719656	0.719255	0.718854	0.719481	0.720109	0.719759	0.71941	0.718808	0.718206	0.716219	0.714233	0.714688	0.715143	0.715514	0.715884	0.715668	0.715451	0.715159	0.714867	0.714873	0.714879	0.71454	0.714201	0.71421	0.71422	0.714244	0.714269	0.714398	0.714527	0.714697	0.714867	0.715024	0.715181	0.715262	0.715344	0.715405	0.715466	0.71548	0.715493	0.715509	0.715524	0.715567	0.71561	0.715704	
0.715723	0.715805	0.715913	0.716021	0.716188	0.716355	0.716574	0.716793	0.717162	0.717531	0.717758	0.717986	0.718254	0.718523	0.71869	0.718856	0.719	0.719143	0.719267	0.719391	0.719568	0.719744	0.719476	0.719208	0.719576	0.719944	0.719479	0.719014	0.718884	0.718755	0.71734	0.715925	0.716258	0.716591	0.716301	0.716011	0.71559	0.715168	0.714941	0.714715	0.714656	0.714597	0.714371	0.714146	0.714185	0.714225	0.714274	0.714324	0.714464	0.714603	0.714774	0.714944	0.715078	0.715212	0.715298	0.715383	0.715448	0.715512	0.715524	0.715536	0.715559	0.715581	0.715611	0.715641	0.715723	
0.715741	0.715812	0.715914	0.716017	0.716186	0.716354	0.716549	0.716743	0.717079	0.717414	0.717608	0.717803	0.718029	0.718255	0.718417	0.718578	0.718816	0.719054	0.71916	0.719267	0.719549	0.719831	0.719697	0.719562	0.719671	0.71978	0.719199	0.718617	0.71896	0.719304	0.718461	0.717617	0.717828	0.718039	0.717089	0.716139	0.715512	0.714885	0.714724	0.714562	0.714438	0.714314	0.714202	0.714091	0.714161	0.714231	0.714305	0.714379	0.714529	0.71468	0.714851	0.715021	0.715132	0.715244	0.715333	0.715423	0.715491	0.715558	0.715568	0.715579	0.715609	0.715639	0.715655	0.715671	0.715741	
0.715814	0.715861	0.715938	0.716014	0.716152	0.716289	0.716459	0.716629	0.716913	0.717197	0.717347	0.717497	0.717666	0.717836	0.71795	0.718064	0.718346	0.718628	0.718761	0.718894	0.719243	0.719593	0.719495	0.719397	0.719277	0.719158	0.718555	0.717952	0.718548	0.719144	0.71875	0.718356	0.718242	0.718127	0.717111	0.716096	0.715456	0.714817	0.714552	0.714286	0.714158	0.71403	0.713926	0.713823	0.713981	0.714139	0.714239	0.71434	0.714513	0.714685	0.71486	0.715034	0.715176	0.715319	0.71542	0.71552	0.715591	0.715662	0.715682	0.715702	0.715724	0.715745	0.715756	0.715767	0.715814	
0.715886	0.71591	0.715961	0.716012	0.716118	0.716224	0.716369	0.716515	0.716748	0.71698	0.717086	0.717191	0.717304	0.717416	0.717483	0.717551	0.717876	0.718202	0.718361	0.718521	0.718938	0.719354	0.719292	0.719231	0.718883	0.718535	0.717911	0.717287	0.718135	0.718984	0.71904	0.719096	0.718655	0.718214	0.717134	0.716053	0.715401	0.714749	0.71438	0.71401	0.713878	0.713746	0.71365	0.713555	0.713801	0.714046	0.714174	0.714301	0.714496	0.714691	0.714869	0.715047	0.71522	0.715394	0.715506	0.715618	0.715692	0.715765	0.715796	0.715826	0.715839	0.715852	0.715857	0.715863	0.715886	
0.715885	0.715896	0.715913	0.715931	0.715998	0.716065	0.716164	0.716263	0.716439	0.716615	0.716692	0.716768	0.716847	0.716927	0.716946	0.716966	0.717231	0.717497	0.717665	0.717833	0.718219	0.718605	0.718474	0.718343	0.717893	0.717442	0.716965	0.716488	0.717328	0.718167	0.718386	0.718606	0.717928	0.717251	0.716571	0.715892	0.715267	0.714641	0.714154	0.713666	0.713509	0.713352	0.71327	0.713189	0.713461	0.713733	0.713904	0.714074	0.714269	0.714463	0.714675	0.714887	0.715088	0.715289	0.715422	0.715556	0.715651	0.715747	0.715788	0.71583	0.715854	0.715877	0.715876	0.715874	0.715885	
