x=200	y=110	z=200	n=65	len=1
b
0.817024	0.816508	0.81616	0.815811	0.81542	0.815028	0.814814	0.8146	0.814388	0.814176	0.814303	0.81443	0.814388	0.814345	0.814529	0.814713	0.814677	0.81464	0.814864	0.815087	0.815015	0.814943	0.815344	0.815746	0.815782	0.815818	0.816472	0.817125	0.81753	0.817934	0.818765	0.819597	0.819621	0.819644	0.82133	0.823016	0.824428	0.825839	0.826761	0.827683	0.828067	0.828451	0.828371	0.828291	0.828199	0.828107	0.827671	0.827235	0.826686	0.826137	0.825531	0.824926	0.824267	0.823608	0.822955	0.822301	0.821616	0.820931	0.820333	0.819734	0.819123	0.818512	0.818026	0.81754	0.817024	
0.817347	0.816892	0.816593	0.816294	0.815972	0.815651	0.815458	0.815266	0.815036	0.814806	0.81485	0.814894	0.814843	0.814793	0.814997	0.815201	0.815315	0.81543	0.815574	0.815719	0.815515	0.815311	0.815508	0.815706	0.815702	0.815698	0.816042	0.816386	0.816273	0.81616	0.81652	0.81688	0.817366	0.817853	0.819615	0.821377	0.823213	0.825049	0.826129	0.827209	0.827736	0.828263	0.828162	0.828061	0.828059	0.828057	0.827636	0.827216	0.826682	0.826147	0.825541	0.824935	0.824284	0.823633	0.822974	0.822315	0.821653	0.820992	0.820413	0.819835	0.819266	0.818697	0.818249	0.817801	0.817347	
0.817716	0.817284	0.817018	0.816753	0.816447	0.816141	0.815966	0.815791	0.815573	0.815356	0.815364	0.815372	0.815321	0.81527	0.815452	0.815633	0.815781	0.81593	0.816073	0.816217	0.815992	0.815767	0.815778	0.815789	0.815727	0.815664	0.815671	0.815678	0.815445	0.815212	0.815838	0.816465	0.817025	0.817586	0.818873	0.82016	0.822138	0.824117	0.825383	0.826649	0.827366	0.828084	0.827959	0.827834	0.827915	0.827996	0.827627	0.827257	0.82678	0.826302	0.82568	0.825057	0.824431	0.823804	0.823157	0.822511	0.821866	0.821222	0.820665	0.820107	0.819544	0.818981	0.818565	0.818149	0.817716	
0.818086	0.817676	0.817443	0.817211	0.816921	0.816632	0.816474	0.816316	0.816111	0.815905	0.815878	0.81585	0.815799	0.815747	0.815906	0.816065	0.816248	0.81643	0.816573	0.816716	0.81647	0.816224	0.816049	0.815873	0.815752	0.815631	0.815301	0.814971	0.814617	0.814263	0.815157	0.81605	0.816685	0.817319	0.818131	0.818943	0.821063	0.823184	0.824636	0.826088	0.826996	0.827904	0.827756	0.827607	0.827771	0.827935	0.827617	0.827298	0.826878	0.826457	0.825818	0.82518	0.824578	0.823975	0.823341	0.822706	0.822079	0.821453	0.820916	0.820379	0.819822	0.819266	0.818881	0.818497	0.818086	
0.818462	0.818082	0.817846	0.817611	0.817331	0.81705	0.816868	0.816686	0.816435	0.816183	0.816085	0.815987	0.815862	0.815737	0.815835	0.815933	0.816064	0.816195	0.816312	0.816429	0.816237	0.816045	0.815801	0.815557	0.815307	0.815058	0.814592	0.814127	0.814038	0.813949	0.815335	0.816722	0.817269	0.817816	0.81805	0.818284	0.820273	0.822262	0.8237	0.825137	0.826192	0.827246	0.82712	0.826994	0.827229	0.827463	0.827254	0.827045	0.826799	0.826552	0.825922	0.825291	0.824738	0.824184	0.823559	0.822933	0.822337	0.821741	0.8212	0.820658	0.820141	0.819623	0.819232	0.818842	0.818462	
0.818837	0.818488	0.81825	0.818011	0.81774	0.817469	0.817262	0.817056	0.816759	0.816461	0.816293	0.816124	0.815925	0.815727	0.815763	0.8158	0.81588	0.81596	0.816051	0.816142	0.816004	0.815866	0.815553	0.815241	0.814863	0.814485	0.813884	0.813284	0.813459	0.813634	0.815514	0.817393	0.817853	0.818313	0.817969	0.817624	0.819482	0.821341	0.822764	0.824187	0.825387	0.826588	0.826485	0.826382	0.826686	0.826991	0.826892	0.826792	0.82672	0.826648	0.826025	0.825402	0.824898	0.824393	0.823776	0.82316	0.822595	0.82203	0.821483	0.820937	0.820459	0.819981	0.819584	0.819187	0.818837	
0.819255	0.818863	0.818627	0.818392	0.818098	0.817805	0.817552	0.817299	0.816913	0.816526	0.816233	0.815939	0.815653	0.815368	0.81531	0.815253	0.815321	0.81539	0.815438	0.815487	0.8154	0.815314	0.814926	0.814538	0.814142	0.813746	0.813165	0.812583	0.813024	0.813464	0.815677	0.81789	0.818213	0.818535	0.817824	0.817114	0.818782	0.82045	0.821569	0.822689	0.824066	0.825443	0.825299	0.825155	0.825548	0.825941	0.826051	0.82616	0.826376	0.826593	0.826157	0.82572	0.825248	0.824775	0.824207	0.823639	0.823078	0.822516	0.821982	0.821447	0.820944	0.82044	0.820043	0.819647	0.819255	
0.819672	0.819237	0.819005	0.818773	0.818457	0.81814	0.817842	0.817543	0.817067	0.816591	0.816173	0.815754	0.815381	0.815009	0.814857	0.814705	0.814762	0.81482	0.814826	0.814831	0.814797	0.814762	0.814299	0.813836	0.813422	0.813008	0.812445	0.811883	0.812588	0.813294	0.815841	0.818387	0.818572	0.818756	0.81768	0.816604	0.818081	0.819559	0.820375	0.821191	0.822744	0.824298	0.824114	0.823929	0.824411	0.824892	0.825209	0.825527	0.826032	0.826538	0.826288	0.826039	0.825597	0.825156	0.824637	0.824119	0.823561	0.823003	0.82248	0.821958	0.821429	0.820899	0.820503	0.820107	0.819672	
0.820082	0.819692	0.819422	0.819152	0.818756	0.818361	0.817866	0.817372	0.816651	0.81593	0.815245	0.81456	0.813951	0.813342	0.813119	0.812896	0.813102	0.813309	0.813519	0.813729	0.81379	0.813851	0.813314	0.812777	0.812338	0.8119	0.811432	0.810964	0.811847	0.81273	0.815182	0.817634	0.817471	0.817308	0.816503	0.815698	0.817034	0.81837	0.81887	0.81937	0.820821	0.822272	0.822042	0.821811	0.82247	0.823129	0.823673	0.824217	0.825017	0.825817	0.825941	0.826065	0.825786	0.825507	0.825015	0.824524	0.824021	0.823517	0.822987	0.822456	0.821925	0.821393	0.820933	0.820473	0.820082	
0.820493	0.820147	0.819838	0.81953	0.819056	0.818582	0.817891	0.817201	0.816234	0.815268	0.814317	0.813365	0.812521	0.811676	0.811382	0.811087	0.811442	0.811797	0.812212	0.812627	0.812784	0.812941	0.812329	0.811718	0.811255	0.810793	0.810419	0.810045	0.811106	0.812167	0.814523	0.81688	0.81637	0.815861	0.815326	0.814792	0.815987	0.817182	0.817365	0.817549	0.818898	0.820247	0.81997	0.819693	0.820529	0.821366	0.822137	0.822908	0.824002	0.825096	0.825593	0.82609	0.825974	0.825857	0.825393	0.824929	0.824481	0.824032	0.823493	0.822954	0.82242	0.821886	0.821363	0.82084	0.820493	
0.821093	0.820702	0.820272	0.819842	0.819089	0.818336	0.817395	0.816454	0.815228	0.814001	0.812836	0.811672	0.810709	0.809745	0.809621	0.809496	0.810125	0.810754	0.811286	0.811818	0.811935	0.812053	0.811344	0.810636	0.810475	0.810315	0.810415	0.810515	0.811669	0.812823	0.814159	0.815494	0.814	0.812505	0.8129	0.813295	0.814609	0.815924	0.815827	0.81573	0.816826	0.817922	0.817669	0.817417	0.81842	0.819423	0.820505	0.821587	0.822854	0.824121	0.82504	0.825959	0.826125	0.826291	0.825928	0.825565	0.825117	0.824669	0.824155	0.82364	0.823068	0.822497	0.821991	0.821485	0.821093	
0.821693	0.821257	0.820705	0.820153	0.819121	0.81809	0.816899	0.815708	0.814221	0.812734	0.811356	0.809978	0.808896	0.807815	0.80786	0.807905	0.808808	0.809711	0.81036	0.811009	0.811087	0.811164	0.810359	0.809554	0.809695	0.809837	0.810411	0.810985	0.812232	0.81348	0.813794	0.814109	0.811629	0.80915	0.810474	0.811797	0.813231	0.814665	0.814288	0.813911	0.814754	0.815596	0.815369	0.815141	0.816311	0.81748	0.818873	0.820266	0.821706	0.823146	0.824487	0.825828	0.826276	0.826724	0.826463	0.826201	0.825754	0.825307	0.824817	0.824327	0.823717	0.823107	0.822618	0.822129	0.821693	
0.822283	0.821773	0.820977	0.820182	0.818957	0.817733	0.816422	0.81511	0.813512	0.811914	0.810474	0.809033	0.808146	0.807258	0.807925	0.808591	0.810168	0.811745	0.812312	0.812878	0.812318	0.811757	0.810762	0.809766	0.809817	0.809868	0.810948	0.812029	0.812886	0.813743	0.813597	0.813452	0.811519	0.809586	0.810484	0.811383	0.812612	0.813841	0.812748	0.811656	0.812268	0.812881	0.812472	0.812063	0.813478	0.814894	0.816566	0.818238	0.819961	0.821684	0.823281	0.824878	0.825852	0.826826	0.826732	0.826638	0.826267	0.825897	0.825378	0.82486	0.824276	0.823692	0.823243	0.822793	0.822283	
0.822873	0.822289	0.82125	0.82021	0.818793	0.817376	0.815944	0.814512	0.812804	0.811095	0.809592	0.808089	0.807395	0.806702	0.80799	0.809277	0.811528	0.813779	0.814263	0.814748	0.813549	0.812351	0.811165	0.809979	0.809938	0.809898	0.811486	0.813073	0.81354	0.814007	0.813401	0.812794	0.811408	0.810022	0.810495	0.810969	0.811993	0.813016	0.811209	0.809401	0.809783	0.810165	0.809575	0.808985	0.810646	0.812308	0.814259	0.816211	0.818216	0.820221	0.822074	0.823927	0.825428	0.826928	0.827001	0.827074	0.82678	0.826486	0.82594	0.825394	0.824836	0.824278	0.823868	0.823457	0.822873	
0.823398	0.82259	0.82143	0.82027	0.818876	0.817482	0.816132	0.814782	0.812971	0.811159	0.809686	0.808213	0.8079	0.807587	0.809514	0.81144	0.814265	0.817089	0.817718	0.818348	0.816394	0.81444	0.812635	0.81083	0.81069	0.810551	0.812701	0.814851	0.815661	0.816471	0.816335	0.8162	0.816232	0.816264	0.815039	0.813813	0.81282	0.811826	0.809944	0.808061	0.807692	0.807324	0.805234	0.803145	0.805347	0.80755	0.810464	0.813377	0.815796	0.818215	0.820374	0.822533	0.824434	0.826334	0.826907	0.82748	0.827268	0.827056	0.826563	0.826069	0.82551	0.82495	0.824578	0.824206	0.823398	
0.823923	0.822891	0.821611	0.820331	0.818959	0.817588	0.81632	0.815052	0.813137	0.811223	0.80978	0.808337	0.808404	0.808471	0.811037	0.813603	0.817001	0.820399	0.821173	0.821948	0.819239	0.81653	0.814106	0.811681	0.811442	0.811203	0.813916	0.816629	0.817782	0.818935	0.81927	0.819606	0.821056	0.822507	0.819582	0.816658	0.813647	0.810636	0.808679	0.806721	0.805602	0.804483	0.800894	0.797305	0.800049	0.802792	0.806668	0.810544	0.813377	0.816209	0.818674	0.821139	0.82344	0.82574	0.826813	0.827886	0.827756	0.827626	0.827185	0.826745	0.826183	0.825622	0.825288	0.824955	0.823923	
0.824331	0.823308	0.822031	0.820754	0.819439	0.818123	0.81686	0.815597	0.813529	0.811462	0.810067	0.808672	0.808926	0.809179	0.812214	0.815249	0.819122	0.822995	0.824605	0.826216	0.823753	0.821289	0.818648	0.816008	0.815106	0.814204	0.816624	0.819044	0.819781	0.820519	0.82151	0.822501	0.824167	0.825834	0.821803	0.817772	0.81474	0.811708	0.809953	0.808198	0.805244	0.802291	0.796354	0.790417	0.793596	0.796775	0.801871	0.806967	0.810638	0.814308	0.81686	0.819412	0.822019	0.824626	0.826145	0.827663	0.827889	0.828115	0.82763	0.827146	0.826614	0.826082	0.825718	0.825354	0.824331	
0.824739	0.823726	0.822451	0.821177	0.819918	0.818659	0.8174	0.816141	0.813921	0.811701	0.810354	0.809007	0.809447	0.809887	0.813391	0.816895	0.821243	0.825591	0.828038	0.830484	0.828266	0.826048	0.823191	0.820334	0.818769	0.817204	0.819331	0.821458	0.821781	0.822104	0.82375	0.825395	0.827279	0.829162	0.824024	0.818887	0.815833	0.81278	0.811227	0.809675	0.804887	0.800098	0.791814	0.78353	0.787143	0.790757	0.797074	0.803391	0.807899	0.812406	0.815045	0.817684	0.820598	0.823512	0.825476	0.827441	0.828023	0.828605	0.828076	0.827547	0.827044	0.826542	0.826147	0.825753	0.824739	
0.825064	0.82399	0.822595	0.821199	0.819746	0.818293	0.817057	0.815821	0.813688	0.811556	0.810399	0.809242	0.809614	0.809987	0.813407	0.816828	0.821988	0.827148	0.830531	0.833914	0.832724	0.831534	0.829185	0.826837	0.825638	0.824438	0.82474	0.825042	0.823638	0.822234	0.824841	0.827447	0.830036	0.832625	0.827865	0.823104	0.821206	0.819308	0.818733	0.818158	0.81158	0.805001	0.794561	0.784122	0.786914	0.789707	0.795965	0.802223	0.806687	0.81115	0.813895	0.816639	0.819506	0.822374	0.824768	0.827162	0.82797	0.828778	0.828413	0.828048	0.827452	0.826856	0.826497	0.826138	0.825064	
0.825389	0.824255	0.822738	0.821221	0.819574	0.817927	0.816714	0.8155	0.813456	0.811411	0.810444	0.809477	0.809781	0.810086	0.813424	0.816761	0.822733	0.828705	0.833025	0.837344	0.837182	0.83702	0.83518	0.833339	0.832506	0.831673	0.83015	0.828627	0.825496	0.822365	0.825932	0.829499	0.832794	0.836089	0.831705	0.827322	0.826579	0.825836	0.826239	0.826642	0.818273	0.809903	0.797309	0.784714	0.786685	0.788657	0.794856	0.801055	0.805475	0.809895	0.812745	0.815594	0.818415	0.821236	0.82406	0.826884	0.827918	0.828952	0.828751	0.82855	0.82786	0.827171	0.826847	0.826523	0.825389	
0.825512	0.824442	0.822981	0.821519	0.819804	0.818089	0.81683	0.815571	0.813625	0.811679	0.810853	0.810028	0.81053	0.811032	0.814155	0.817279	0.821976	0.826673	0.831436	0.836198	0.837931	0.839664	0.839296	0.838928	0.838433	0.837937	0.835373	0.832809	0.828874	0.824939	0.827018	0.829097	0.833258	0.83742	0.834741	0.832061	0.833391	0.83472	0.833802	0.832884	0.823804	0.814724	0.805038	0.795353	0.796579	0.797806	0.800443	0.803081	0.807416	0.811751	0.813674	0.815597	0.818483	0.821369	0.824159	0.826949	0.828146	0.829344	0.829106	0.828868	0.82823	0.827591	0.827087	0.826583	0.825513	
0.825636	0.824629	0.823223	0.821817	0.820034	0.818251	0.816947	0.815642	0.813794	0.811946	0.811263	0.81058	0.811279	0.811978	0.814887	0.817796	0.821219	0.824641	0.829846	0.835051	0.838679	0.842307	0.843412	0.844516	0.844359	0.844202	0.840597	0.836991	0.832252	0.827513	0.828104	0.828695	0.833723	0.83875	0.837776	0.836801	0.840203	0.843605	0.841365	0.839126	0.829335	0.819544	0.812768	0.805991	0.806473	0.806954	0.806031	0.805108	0.809358	0.813608	0.814604	0.815599	0.81855	0.821502	0.824258	0.827014	0.828375	0.829736	0.829462	0.829187	0.828599	0.828011	0.827327	0.826643	0.825636	
0.825973	0.824842	0.8234	0.821957	0.820152	0.818346	0.817075	0.815805	0.814184	0.812563	0.812384	0.812206	0.813784	0.815363	0.818637	0.821911	0.824184	0.826456	0.830005	0.833555	0.836397	0.839238	0.839476	0.839714	0.838872	0.838031	0.834757	0.831482	0.829432	0.827382	0.827841	0.828301	0.832857	0.837414	0.837207	0.837	0.840719	0.844437	0.844224	0.844011	0.835375	0.826739	0.819903	0.813068	0.810723	0.808379	0.806682	0.804986	0.807404	0.809823	0.812361	0.8149	0.817889	0.820879	0.823861	0.826843	0.828195	0.829547	0.829516	0.829486	0.828973	0.828461	0.827783	0.827105	0.825973	
0.826311	0.825054	0.823576	0.822098	0.820269	0.818441	0.817204	0.815967	0.814574	0.81318	0.813506	0.813832	0.81629	0.818748	0.822387	0.826026	0.827148	0.828271	0.830165	0.832059	0.834114	0.836169	0.83554	0.834912	0.833386	0.831859	0.828916	0.825973	0.826612	0.827251	0.827578	0.827906	0.831992	0.836078	0.836639	0.8372	0.841234	0.845269	0.847083	0.848897	0.841416	0.833934	0.827039	0.820144	0.814973	0.809803	0.807334	0.804864	0.805451	0.806038	0.810119	0.814201	0.817228	0.820256	0.823463	0.826671	0.828014	0.829357	0.829571	0.829785	0.829348	0.82891	0.828238	0.827567	0.826311	
0.827181	0.826027	0.824408	0.822789	0.820962	0.819135	0.817815	0.816494	0.815377	0.814261	0.815376	0.816492	0.819822	0.823151	0.827629	0.832106	0.831931	0.831755	0.831325	0.830896	0.832459	0.834022	0.832342	0.830662	0.82615	0.821637	0.820411	0.819185	0.820608	0.822031	0.824283	0.826535	0.829775	0.833015	0.833926	0.834837	0.838958	0.843078	0.845667	0.848255	0.841683	0.83511	0.827141	0.819173	0.813412	0.807652	0.807139	0.806627	0.80842	0.810214	0.812976	0.815739	0.818678	0.821616	0.824233	0.82685	0.82815	0.829449	0.829709	0.829969	0.829682	0.829395	0.828865	0.828336	0.827181	
0.828052	0.827	0.82524	0.823481	0.821655	0.819829	0.818425	0.817021	0.816181	0.815341	0.817247	0.819152	0.823353	0.827554	0.83287	0.838187	0.836713	0.835239	0.832486	0.829734	0.830804	0.831875	0.829144	0.826412	0.818914	0.811415	0.811905	0.812396	0.814604	0.816812	0.820988	0.825165	0.827559	0.829952	0.831214	0.832475	0.836681	0.840888	0.844251	0.847614	0.84195	0.836285	0.827243	0.818202	0.811851	0.8055	0.806945	0.808389	0.81139	0.81439	0.815834	0.817277	0.820127	0.822977	0.825003	0.827029	0.828285	0.82954	0.829846	0.830152	0.830016	0.82988	0.829492	0.829105	0.828052	
0.827852	0.827015	0.825552	0.824088	0.822143	0.820199	0.818818	0.817437	0.816675	0.815912	0.818086	0.820259	0.824565	0.82887	0.833695	0.83852	0.837362	0.836204	0.832611	0.829018	0.829593	0.830168	0.8256	0.821031	0.814867	0.808703	0.810618	0.812533	0.813669	0.814805	0.81815	0.821496	0.824225	0.826954	0.828569	0.830183	0.834723	0.839264	0.843759	0.848254	0.844425	0.840595	0.830945	0.821295	0.813834	0.806374	0.805462	0.804551	0.806681	0.808812	0.811873	0.814934	0.818346	0.821758	0.824157	0.826555	0.827618	0.828681	0.828934	0.829187	0.82908	0.828973	0.828831	0.828689	0.827852	
0.827651	0.82703	0.825863	0.824696	0.822632	0.820568	0.819211	0.817854	0.817169	0.816483	0.818925	0.821367	0.825776	0.830186	0.83452	0.838854	0.838012	0.83717	0.832736	0.828301	0.828382	0.828462	0.822056	0.81565	0.81082	0.80599	0.80933	0.81267	0.812734	0.812798	0.815312	0.817826	0.820891	0.823957	0.825924	0.82789	0.832765	0.83764	0.843267	0.848893	0.8469	0.844907	0.834648	0.824388	0.815818	0.807248	0.80398	0.800713	0.801973	0.803233	0.807912	0.812591	0.816566	0.82054	0.82331	0.826081	0.826952	0.827823	0.828022	0.828221	0.828143	0.828065	0.828169	0.828273	0.827651	
0.827697	0.82714	0.826092	0.825044	0.823203	0.821363	0.820083	0.818804	0.817945	0.817086	0.819204	0.821323	0.826376	0.83143	0.835899	0.840367	0.838693	0.837019	0.83275	0.828481	0.826742	0.825003	0.819367	0.813731	0.81098	0.808229	0.811709	0.815189	0.817156	0.819123	0.818775	0.818426	0.820438	0.822449	0.825638	0.828827	0.833661	0.838495	0.843218	0.847941	0.847472	0.847003	0.839797	0.832591	0.823458	0.814326	0.809931	0.805537	0.805438	0.80534	0.808764	0.812189	0.81547	0.818751	0.821236	0.823721	0.824963	0.826205	0.826846	0.827487	0.827738	0.82799	0.828122	0.828254	0.827697	
0.827743	0.82725	0.826322	0.825393	0.823775	0.822157	0.820955	0.819754	0.818721	0.817688	0.819483	0.821278	0.826977	0.832675	0.837278	0.841881	0.839375	0.836869	0.832764	0.82866	0.825102	0.821544	0.816678	0.811811	0.811139	0.810467	0.814087	0.817708	0.821578	0.825447	0.822237	0.819027	0.819984	0.820942	0.825353	0.829764	0.834557	0.839351	0.843169	0.846988	0.848044	0.8491	0.844947	0.840793	0.831099	0.821404	0.815882	0.81036	0.808904	0.807447	0.809617	0.811787	0.814375	0.816963	0.819161	0.82136	0.822974	0.824587	0.82567	0.826752	0.827333	0.827915	0.828075	0.828236	0.827743	
0.827094	0.82636	0.825462	0.824565	0.823181	0.821797	0.820849	0.819902	0.819221	0.81854	0.820518	0.822497	0.827493	0.832488	0.836328	0.840168	0.837952	0.835736	0.832778	0.82982	0.824905	0.81999	0.815275	0.81056	0.811485	0.81241	0.815299	0.818189	0.822954	0.827718	0.826123	0.824528	0.823595	0.822662	0.828345	0.834027	0.839082	0.844138	0.845914	0.847691	0.847256	0.846822	0.841904	0.836987	0.826908	0.81683	0.813241	0.809653	0.807386	0.805119	0.80745	0.809782	0.812174	0.814565	0.816694	0.818823	0.820887	0.822951	0.824624	0.826297	0.827059	0.827822	0.827825	0.827828	0.827094	
0.826445	0.825469	0.824603	0.823737	0.822586	0.821436	0.820743	0.820049	0.81972	0.819391	0.821553	0.823716	0.828009	0.832301	0.835378	0.838455	0.836529	0.834603	0.832792	0.83098	0.824709	0.818437	0.813873	0.809308	0.811831	0.814353	0.816512	0.81867	0.824329	0.82951	0.833624	0.829556	0.822596	0.823656	0.83063	0.838001	0.843515	0.848926	0.84866	0.848393	0.846468	0.844544	0.838862	0.83318	0.822718	0.812255	0.8106	0.808945	0.805867	0.80279	0.805283	0.807778	0.809973	0.812168	0.814227	0.816286	0.8188	0.821315	0.823579	0.825843	0.826786	0.827729	0.827575	0.827421	0.826445	
0.826282	0.825277	0.824424	0.823572	0.822786	0.822001	0.821665	0.821329	0.821367	0.821405	0.823326	0.825248	0.828726	0.832204	0.833817	0.83543	0.83307	0.830709	0.828885	0.827061	0.82189	0.816718	0.813353	0.809988	0.813656	0.817324	0.818048	0.818771	0.822962	0.826915	0.833879	0.835608	0.831012	0.83159	0.837279	0.842625	0.846535	0.849725	0.849284	0.848843	0.843482	0.838121	0.830532	0.822944	0.815076	0.807208	0.804258	0.801309	0.801933	0.802557	0.805859	0.809161	0.811588	0.814015	0.81577	0.817525	0.819802	0.822079	0.824097	0.826114	0.826928	0.827742	0.827515	0.827287	0.826282	
0.826119	0.825084	0.824245	0.823406	0.822986	0.822566	0.822587	0.822608	0.823013	0.823419	0.825099	0.82678	0.829443	0.832107	0.832256	0.832405	0.82961	0.826815	0.824978	0.823142	0.819071	0.815	0.812834	0.810669	0.815481	0.820294	0.819584	0.818873	0.821595	0.823643	0.831205	0.837912	0.838543	0.838915	0.841829	0.845178	0.848096	0.850524	0.849909	0.849293	0.840495	0.831698	0.822202	0.812707	0.807434	0.802161	0.797917	0.793673	0.797999	0.802325	0.806435	0.810545	0.813203	0.815861	0.817313	0.818765	0.820804	0.822842	0.824614	0.826386	0.827071	0.827756	0.827455	0.827153	0.826119	
0.825263	0.82393	0.82286	0.82179	0.821394	0.820999	0.821386	0.821773	0.822795	0.823817	0.825735	0.827652	0.830074	0.832496	0.831951	0.831407	0.828823	0.826239	0.823713	0.821187	0.818854	0.816521	0.817174	0.817828	0.820863	0.823898	0.821339	0.81878	0.819969	0.820694	0.827597	0.835258	0.839184	0.840891	0.843162	0.846164	0.848757	0.850526	0.848873	0.847221	0.835706	0.82419	0.81647	0.80875	0.805288	0.801826	0.80024	0.798654	0.802207	0.80576	0.809364	0.812968	0.815309	0.81765	0.81945	0.82125	0.822786	0.824322	0.8256	0.826878	0.827297	0.827716	0.827156	0.826595	0.825263	
0.824407	0.822776	0.821474	0.820173	0.819802	0.819432	0.820185	0.820938	0.822577	0.824216	0.82637	0.828525	0.830705	0.832884	0.831647	0.830409	0.828037	0.825664	0.822448	0.819232	0.818637	0.818042	0.821515	0.824987	0.826245	0.827503	0.823095	0.818686	0.818343	0.817307	0.823352	0.830312	0.835098	0.838761	0.842153	0.8456	0.848551	0.849933	0.848039	0.845149	0.830916	0.816682	0.810737	0.804602	0.80239	0.801324	0.801699	0.803009	0.805927	0.809196	0.812293	0.815391	0.817415	0.819438	0.821586	0.823734	0.824768	0.825801	0.826585	0.82737	0.827523	0.827677	0.826857	0.826038	0.824407	
0.82341	0.821509	0.820331	0.819153	0.818929	0.818704	0.819763	0.820821	0.823019	0.825217	0.827592	0.829967	0.831912	0.833857	0.832562	0.831267	0.829907	0.828547	0.82473	0.820913	0.820202	0.819491	0.822519	0.825547	0.826962	0.828378	0.823265	0.818152	0.817196	0.814124	0.819648	0.825676	0.829585	0.833787	0.838325	0.842544	0.845817	0.847086	0.844909	0.839369	0.82759	0.81581	0.807309	0.802543	0.797976	0.798	0.801489	0.804932	0.808045	0.810385	0.813051	0.815717	0.818311	0.820904	0.823019	0.825134	0.826001	0.826868	0.827246	0.827623	0.827434	0.827246	0.826278	0.825311	0.82341	
0.822413	0.820242	0.819187	0.818132	0.818055	0.817977	0.819341	0.820704	0.823461	0.826218	0.828814	0.83141	0.83312	0.83483	0.833478	0.832125	0.831778	0.83143	0.827013	0.822595	0.821768	0.82094	0.823523	0.826106	0.827679	0.829253	0.823436	0.817618	0.816048	0.813568	0.817845	0.821766	0.823622	0.826826	0.831662	0.836336	0.839441	0.840373	0.838174	0.833325	0.825728	0.81535	0.803079	0.791063	0.786782	0.793024	0.801672	0.806883	0.809574	0.811575	0.813809	0.816043	0.819207	0.82237	0.824451	0.826533	0.827234	0.827935	0.827906	0.827877	0.827346	0.826814	0.8257	0.824585	0.822413	
0.821601	0.819443	0.818403	0.817363	0.81717	0.816977	0.818327	0.819678	0.822448	0.825218	0.827886	0.830554	0.832637	0.83472	0.834095	0.833469	0.833421	0.833372	0.829563	0.825754	0.824123	0.822492	0.823112	0.823732	0.827061	0.83039	0.825505	0.82062	0.818593	0.815637	0.817356	0.818424	0.818344	0.820075	0.824243	0.828432	0.830632	0.830697	0.828242	0.82452	0.819527	0.809706	0.794996	0.781012	0.771217	0.794309	0.805406	0.809551	0.810924	0.812363	0.81487	0.817378	0.820431	0.823484	0.825561	0.827637	0.828118	0.828598	0.828174	0.827749	0.827042	0.826335	0.825047	0.823759	0.821601	
0.820789	0.818645	0.817619	0.816594	0.816285	0.815976	0.817314	0.818651	0.821434	0.824217	0.826958	0.829698	0.832154	0.834609	0.834712	0.834814	0.835063	0.835313	0.832113	0.828912	0.826478	0.824044	0.822701	0.821359	0.826443	0.831527	0.827575	0.823623	0.821139	0.818034	0.817605	0.816514	0.815034	0.81511	0.817659	0.820338	0.821185	0.820516	0.818461	0.815975	0.812655	0.805583	0.796923	0.78831	0.778926	0.801545	0.80945	0.811767	0.812598	0.81315	0.815931	0.818713	0.821656	0.824598	0.82667	0.828742	0.829002	0.829261	0.828441	0.827621	0.826738	0.825855	0.824394	0.822933	0.820789	
0.820032	0.817781	0.817356	0.816931	0.816589	0.816247	0.817082	0.817918	0.820288	0.822658	0.825317	0.827976	0.830698	0.833421	0.834253	0.835086	0.834621	0.834157	0.83117	0.828183	0.825861	0.823538	0.822025	0.820512	0.825751	0.83099	0.828213	0.825437	0.822757	0.820312	0.818396	0.815796	0.813136	0.811724	0.812621	0.813821	0.813621	0.812678	0.810915	0.808743	0.806145	0.802754	0.801343	0.799529	0.798622	0.803817	0.809996	0.813355	0.814621	0.8157	0.817904	0.820107	0.822627	0.825147	0.826849	0.828551	0.829064	0.829576	0.828895	0.828213	0.827391	0.826569	0.824426	0.822284	0.820033	
0.819276	0.816917	0.817092	0.817268	0.816893	0.816517	0.816851	0.817184	0.819142	0.8211	0.823677	0.826254	0.829243	0.832232	0.833795	0.835358	0.834179	0.833001	0.830227	0.827454	0.825243	0.823033	0.821349	0.819665	0.825059	0.830453	0.828852	0.82725	0.824374	0.821498	0.819103	0.816108	0.812883	0.810592	0.810237	0.810449	0.810155	0.809424	0.807635	0.805074	0.802642	0.802848	0.805915	0.807275	0.80573	0.807362	0.812634	0.816168	0.81756	0.81825	0.819876	0.821502	0.823599	0.825696	0.827028	0.828361	0.829126	0.829892	0.829348	0.828805	0.828044	0.827282	0.824459	0.821635	0.819276	
0.819376	0.817466	0.817127	0.816787	0.81618	0.815573	0.815876	0.816179	0.817645	0.819111	0.821478	0.823846	0.82708	0.830314	0.832008	0.833702	0.832433	0.831165	0.828877	0.82659	0.823829	0.821068	0.821706	0.822343	0.825908	0.829472	0.828192	0.826911	0.825159	0.823408	0.820885	0.818179	0.814727	0.811983	0.810892	0.810844	0.811665	0.811821	0.809991	0.807054	0.804163	0.805193	0.81057	0.813798	0.814408	0.817016	0.819309	0.820274	0.821509	0.822872	0.823448	0.824025	0.824765	0.825506	0.8263	0.827095	0.827517	0.827938	0.827419	0.8269	0.826162	0.825423	0.823355	0.821286	0.819376	
0.819476	0.818016	0.817161	0.816306	0.815467	0.814628	0.814901	0.815174	0.816148	0.817123	0.81928	0.821438	0.824917	0.828397	0.830221	0.832046	0.830687	0.829328	0.827527	0.825726	0.822415	0.819104	0.822063	0.825021	0.826757	0.828492	0.827532	0.826572	0.825944	0.825317	0.822667	0.820045	0.81663	0.814043	0.812916	0.812972	0.814544	0.815407	0.81419	0.811524	0.808405	0.808689	0.813205	0.817456	0.820988	0.824327	0.824416	0.826639	0.827066	0.827494	0.827021	0.826547	0.825932	0.825316	0.825572	0.825829	0.825907	0.825985	0.82549	0.824995	0.82428	0.823564	0.82225	0.820936	0.819476	
0.818885	0.817374	0.816652	0.81593	0.815327	0.814724	0.814894	0.815064	0.81572	0.816375	0.818186	0.819996	0.823184	0.826372	0.828251	0.830131	0.829742	0.829354	0.827509	0.825664	0.822545	0.819426	0.822161	0.824896	0.825269	0.825641	0.825446	0.82525	0.825327	0.825403	0.822899	0.820451	0.817792	0.815828	0.814953	0.814983	0.816255	0.817313	0.817617	0.816627	0.814814	0.815274	0.817505	0.819885	0.822307	0.824556	0.825576	0.827697	0.828398	0.8291	0.828806	0.828511	0.827711	0.826911	0.826508	0.826105	0.825984	0.825862	0.825139	0.824416	0.82368	0.822944	0.82167	0.820396	0.818885	
0.818294	0.816732	0.816143	0.815555	0.815187	0.81482	0.814887	0.814954	0.815291	0.815628	0.817091	0.818554	0.82145	0.824346	0.826281	0.828216	0.828798	0.82938	0.827491	0.825603	0.822675	0.819748	0.822259	0.82477	0.82378	0.822791	0.82336	0.823929	0.824709	0.825489	0.823132	0.820774	0.818948	0.817122	0.817062	0.817002	0.817614	0.818454	0.820265	0.821283	0.820954	0.821507	0.821927	0.822228	0.82257	0.824431	0.826593	0.828755	0.82973	0.830706	0.83059	0.830475	0.829491	0.828506	0.827444	0.826381	0.82606	0.82574	0.824789	0.823837	0.823081	0.822324	0.82109	0.819856	0.818294	
0.817641	0.816146	0.815358	0.81457	0.814258	0.813945	0.814197	0.814449	0.814833	0.815217	0.816506	0.817795	0.820394	0.822992	0.824982	0.826971	0.828258	0.829544	0.827631	0.825718	0.822756	0.819795	0.821317	0.822839	0.822541	0.822244	0.823342	0.82444	0.825285	0.826129	0.824061	0.821992	0.820795	0.819598	0.819313	0.819028	0.818725	0.818904	0.820842	0.822639	0.823247	0.823823	0.823882	0.823906	0.824056	0.825312	0.827272	0.829232	0.830314	0.831396	0.831216	0.831036	0.82995	0.828864	0.827729	0.826594	0.826015	0.825437	0.824435	0.823434	0.822553	0.821672	0.820404	0.819136	0.817641	
0.816988	0.81556	0.814573	0.813585	0.813328	0.813071	0.813508	0.813945	0.814376	0.814806	0.815922	0.817037	0.819338	0.821639	0.823683	0.825727	0.827717	0.829708	0.82777	0.825832	0.822837	0.819841	0.820374	0.820908	0.821302	0.821697	0.823324	0.824952	0.825861	0.82677	0.824989	0.823209	0.822641	0.822073	0.821564	0.821054	0.819835	0.818616	0.821655	0.824694	0.825804	0.826913	0.826765	0.826618	0.826405	0.826192	0.827951	0.829709	0.830897	0.832086	0.831842	0.831598	0.830409	0.829221	0.828014	0.826807	0.82597	0.825134	0.824082	0.82303	0.822025	0.82102	0.819718	0.818417	0.816988	
0.817311	0.815841	0.814787	0.813733	0.813253	0.812773	0.813126	0.81348	0.814025	0.814571	0.815668	0.816766	0.818912	0.821057	0.823449	0.82584	0.828128	0.830415	0.828827	0.827239	0.824289	0.821338	0.821937	0.822535	0.822896	0.823257	0.825472	0.827688	0.828013	0.828338	0.826286	0.824234	0.824762	0.825291	0.824216	0.823141	0.821658	0.820175	0.822953	0.825732	0.827373	0.829013	0.828747	0.828481	0.828058	0.827635	0.828847	0.83006	0.830985	0.831911	0.831566	0.831222	0.830203	0.829185	0.828003	0.826821	0.826052	0.825283	0.824264	0.823245	0.822258	0.82127	0.820026	0.818781	0.817311	
0.817634	0.816123	0.815002	0.81388	0.813178	0.812475	0.812745	0.813015	0.813675	0.814335	0.815415	0.816495	0.818486	0.820476	0.823215	0.825954	0.828538	0.831122	0.829884	0.828646	0.825741	0.822836	0.823499	0.824162	0.82449	0.824818	0.827621	0.830424	0.830165	0.829906	0.827582	0.825258	0.826883	0.828508	0.826868	0.825227	0.82348	0.821733	0.824252	0.82677	0.828942	0.831113	0.830729	0.830345	0.829711	0.829078	0.829744	0.83041	0.831073	0.831736	0.831291	0.830846	0.829998	0.829149	0.827992	0.826834	0.826134	0.825433	0.824447	0.82346	0.82249	0.82152	0.820333	0.819146	0.817635	
0.81693	0.815502	0.814403	0.813303	0.812493	0.811683	0.811862	0.812041	0.812681	0.813322	0.814474	0.815627	0.817658	0.819688	0.822699	0.82571	0.828291	0.830872	0.829998	0.829123	0.826913	0.824702	0.824755	0.824809	0.825502	0.826196	0.828728	0.831261	0.831087	0.830913	0.828476	0.82604	0.828026	0.830013	0.828716	0.827419	0.825874	0.824329	0.825955	0.82758	0.829787	0.831994	0.831674	0.831353	0.830845	0.830337	0.830596	0.830854	0.831061	0.831267	0.830627	0.829987	0.829191	0.828395	0.827355	0.826315	0.825534	0.824752	0.823767	0.822782	0.821758	0.820733	0.819546	0.818359	0.81693	
0.816226	0.814881	0.813804	0.812726	0.811809	0.810891	0.810979	0.811067	0.811687	0.812308	0.813533	0.814759	0.81683	0.8189	0.822183	0.825465	0.828043	0.830622	0.830112	0.829601	0.828084	0.826567	0.826012	0.825456	0.826515	0.827574	0.829836	0.832098	0.832009	0.83192	0.829371	0.826821	0.829169	0.831517	0.830564	0.82961	0.828268	0.826926	0.827658	0.82839	0.830632	0.832874	0.832618	0.832362	0.831979	0.831597	0.831447	0.831298	0.831048	0.830798	0.829963	0.829128	0.828385	0.827642	0.826719	0.825796	0.824933	0.82407	0.823088	0.822105	0.821025	0.819945	0.818758	0.817571	0.816226	
0.816322	0.815008	0.813918	0.812829	0.811956	0.811083	0.810969	0.810854	0.81136	0.811867	0.812993	0.814119	0.815968	0.817818	0.820988	0.824157	0.826787	0.829417	0.829138	0.828859	0.827773	0.826686	0.82592	0.825154	0.826562	0.82797	0.82937	0.83077	0.83078	0.830791	0.828909	0.827026	0.829297	0.831568	0.831366	0.831163	0.830394	0.829625	0.829772	0.829918	0.831404	0.83289	0.83246	0.83203	0.831749	0.831469	0.831205	0.830942	0.830438	0.829934	0.829179	0.828423	0.827784	0.827144	0.826324	0.825504	0.824698	0.823893	0.822952	0.822012	0.820955	0.819897	0.818766	0.817635	0.816322	
0.816418	0.815136	0.814033	0.812931	0.812103	0.811275	0.810958	0.810641	0.811033	0.811426	0.812452	0.813478	0.815107	0.816735	0.819793	0.82285	0.825531	0.828213	0.828165	0.828117	0.827461	0.826805	0.825828	0.824851	0.826609	0.828367	0.828904	0.829441	0.829551	0.829661	0.828447	0.827232	0.829425	0.831619	0.832168	0.832716	0.832521	0.832325	0.831886	0.831446	0.832176	0.832906	0.832302	0.831698	0.831519	0.83134	0.830963	0.830586	0.829828	0.82907	0.828394	0.827719	0.827183	0.826646	0.825929	0.825211	0.824463	0.823715	0.822817	0.821919	0.820884	0.81985	0.818775	0.8177	0.816418	
0.815988	0.814776	0.813729	0.812682	0.811913	0.811144	0.810769	0.810394	0.810599	0.810803	0.811631	0.812458	0.813688	0.814918	0.817435	0.819952	0.822654	0.825357	0.82603	0.826703	0.825919	0.825134	0.824143	0.823152	0.824921	0.82669	0.826976	0.827262	0.827845	0.828428	0.827456	0.826485	0.828527	0.830569	0.831782	0.832996	0.833121	0.833245	0.832665	0.832084	0.832071	0.832058	0.831463	0.830867	0.83061	0.830352	0.829975	0.829598	0.82882	0.828041	0.827576	0.82711	0.826548	0.825986	0.825306	0.824625	0.82385	0.823074	0.822197	0.82132	0.820296	0.819273	0.818236	0.8172	0.815988	
0.815559	0.814417	0.813425	0.812433	0.811722	0.811012	0.81058	0.810148	0.810164	0.81018	0.810809	0.811438	0.81227	0.813101	0.815078	0.817054	0.819777	0.822501	0.823895	0.82529	0.824377	0.823464	0.822458	0.821452	0.823233	0.825013	0.825048	0.825083	0.826139	0.827194	0.826466	0.825737	0.827628	0.829519	0.831397	0.833275	0.83372	0.834165	0.833443	0.832721	0.831966	0.831211	0.830624	0.830037	0.8297	0.829364	0.828987	0.82861	0.827811	0.827013	0.826757	0.826501	0.825914	0.825326	0.824683	0.824039	0.823236	0.822432	0.821577	0.820721	0.819709	0.818696	0.817698	0.8167	0.815559	
0.815709	0.814633	0.813698	0.812763	0.812088	0.811414	0.81102	0.810627	0.81053	0.810434	0.810852	0.811269	0.811703	0.812137	0.813444	0.814751	0.816915	0.81908	0.820922	0.822763	0.821623	0.820482	0.81977	0.819057	0.820606	0.822154	0.822978	0.823803	0.825373	0.826942	0.826913	0.826884	0.828328	0.829771	0.831223	0.832676	0.832953	0.833231	0.8327	0.83217	0.831192	0.830214	0.829696	0.829177	0.828791	0.828405	0.828154	0.827902	0.827263	0.826624	0.826405	0.826186	0.82558	0.824974	0.824358	0.823743	0.822984	0.822224	0.82141	0.820596	0.819627	0.818659	0.817722	0.816784	0.815709	
0.815859	0.81485	0.813972	0.813094	0.812455	0.811816	0.811461	0.811106	0.810897	0.810687	0.810894	0.8111	0.811137	0.811173	0.81181	0.812448	0.814053	0.815659	0.817948	0.820237	0.818869	0.817501	0.817081	0.816662	0.817978	0.819295	0.820909	0.822523	0.824606	0.82669	0.827361	0.828031	0.829027	0.830023	0.831049	0.832076	0.832186	0.832296	0.831957	0.831619	0.830418	0.829217	0.828767	0.828317	0.827882	0.827447	0.827321	0.827194	0.826715	0.826236	0.826053	0.825871	0.825246	0.824621	0.824034	0.823447	0.822732	0.822016	0.821243	0.82047	0.819546	0.818623	0.817746	0.816868	0.815859	
0.81581	0.814878	0.814085	0.813291	0.812657	0.812023	0.811743	0.811463	0.811249	0.811035	0.811201	0.811368	0.81123	0.811092	0.811436	0.81178	0.812707	0.813634	0.815652	0.817671	0.81673	0.815788	0.815675	0.815561	0.816777	0.817993	0.819884	0.821775	0.824253	0.826731	0.828093	0.829454	0.829702	0.829951	0.830372	0.830793	0.830821	0.830849	0.830781	0.830714	0.829816	0.828918	0.828604	0.828291	0.827831	0.827371	0.827204	0.827038	0.826571	0.826104	0.825818	0.825532	0.824875	0.824217	0.823645	0.823073	0.822345	0.821617	0.820871	0.820125	0.819252	0.818378	0.81756	0.816741	0.81581	
0.81576	0.814907	0.814198	0.813488	0.812859	0.81223	0.812025	0.81182	0.811601	0.811382	0.811508	0.811635	0.811323	0.81101	0.811061	0.811112	0.81136	0.811609	0.813357	0.815105	0.814591	0.814076	0.814269	0.814462	0.815576	0.816691	0.818859	0.821027	0.8239	0.826773	0.828824	0.830876	0.830377	0.829878	0.829695	0.829511	0.829457	0.829402	0.829605	0.829808	0.829214	0.828619	0.828441	0.828264	0.827779	0.827295	0.827088	0.826881	0.826427	0.825972	0.825583	0.825193	0.824503	0.823814	0.823256	0.822699	0.821958	0.821218	0.820499	0.81978	0.818957	0.818134	0.817374	0.816613	0.81576	
0.815995	0.815219	0.814588	0.813956	0.813344	0.812731	0.812518	0.812304	0.812105	0.811906	0.812093	0.81228	0.812013	0.811747	0.811783	0.811818	0.81175	0.811682	0.813052	0.814422	0.814157	0.813892	0.814301	0.814711	0.815616	0.816521	0.818336	0.820152	0.822719	0.825286	0.827638	0.82999	0.829002	0.828014	0.828204	0.828393	0.828499	0.828604	0.82896	0.829317	0.828981	0.828645	0.828521	0.828396	0.827979	0.827562	0.827266	0.826969	0.826503	0.826037	0.825576	0.825116	0.824431	0.823746	0.823164	0.822582	0.82185	0.821118	0.820426	0.819734	0.818953	0.818172	0.817472	0.816771	0.815995	
0.81623	0.815531	0.814978	0.814424	0.813828	0.813232	0.81301	0.812788	0.812609	0.81243	0.812678	0.812925	0.812704	0.812484	0.812504	0.812524	0.81214	0.811755	0.812747	0.81374	0.813724	0.813708	0.814334	0.81496	0.815655	0.816351	0.817814	0.819277	0.821538	0.823799	0.826452	0.829105	0.827628	0.82615	0.826713	0.827276	0.827541	0.827806	0.828315	0.828825	0.828748	0.828672	0.8286	0.828528	0.828178	0.827829	0.827443	0.827058	0.826579	0.826101	0.82557	0.825039	0.824358	0.823677	0.823071	0.822465	0.821742	0.821019	0.820353	0.819688	0.818949	0.81821	0.81757	0.816929	0.81623	
0.816466	0.815827	0.815352	0.814876	0.814348	0.813819	0.81359	0.813362	0.813175	0.812988	0.813217	0.813445	0.813318	0.813191	0.813283	0.813375	0.813089	0.812803	0.81345	0.814097	0.81412	0.814142	0.814757	0.815373	0.815759	0.816145	0.817358	0.818571	0.820162	0.821753	0.823732	0.82571	0.824751	0.823793	0.824879	0.825966	0.826592	0.827218	0.827854	0.828491	0.828573	0.828656	0.82859	0.828525	0.828259	0.827993	0.827574	0.827156	0.826635	0.826114	0.825546	0.824978	0.824304	0.82363	0.823003	0.822376	0.82166	0.820945	0.820303	0.819661	0.818965	0.818269	0.817687	0.817104	0.816466	
0.816701	0.816123	0.815726	0.815329	0.814867	0.814406	0.814171	0.813935	0.813741	0.813546	0.813756	0.813966	0.813932	0.813897	0.814061	0.814225	0.814038	0.81385	0.814153	0.814455	0.814515	0.814575	0.81518	0.815785	0.815862	0.815939	0.816902	0.817865	0.818786	0.819707	0.821011	0.822315	0.821875	0.821436	0.823045	0.824655	0.825642	0.82663	0.827394	0.828158	0.828399	0.82864	0.82858	0.828521	0.828339	0.828157	0.827705	0.827254	0.82669	0.826127	0.825522	0.824917	0.82425	0.823583	0.822935	0.822287	0.821579	0.820871	0.820252	0.819633	0.81898	0.818328	0.817804	0.81728	0.816701	
0.817024	0.816508	0.81616	0.815811	0.81542	0.815028	0.814814	0.8146	0.814388	0.814176	0.814303	0.81443	0.814388	0.814345	0.814529	0.814713	0.814677	0.81464	0.814863	0.815087	0.815015	0.814943	0.815344	0.815746	0.815782	0.815818	0.816472	0.817125	0.81753	0.817934	0.818766	0.819597	0.819621	0.819644	0.82133	0.823016	0.824428	0.82584	0.826761	0.827683	0.828067	0.828452	0.828371	0.828291	0.828199	0.828107	0.827671	0.827235	0.826686	0.826137	0.825531	0.824926	0.824267	0.823608	0.822955	0.822301	0.821616	0.820931	0.820333	0.819734	0.819123	0.818512	0.818026	0.81754	0.817024	
