x=200	y=110	z=200	n=65	len=1
b
0.821724	0.820725	0.819408	0.818092	0.817004	0.815915	0.81492	0.813924	0.813257	0.81259	0.811982	0.811375	0.811003	0.81063	0.810255	0.80988	0.809446	0.809013	0.808734	0.808455	0.808781	0.809107	0.809593	0.810079	0.811099	0.812119	0.813728	0.815338	0.816466	0.817595	0.818806	0.820017	0.821655	0.823293	0.824696	0.826099	0.82494	0.823782	0.822759	0.821737	0.822455	0.823173	0.823905	0.824637	0.824035	0.823433	0.823583	0.823734	0.823693	0.823652	0.823845	0.824037	0.824352	0.824666	0.824851	0.825036	0.825241	0.825445	0.825259	0.825073	0.824758	0.824442	0.823583	0.822724	0.821724	
0.822958	0.821871	0.820451	0.81903	0.81775	0.81647	0.8153	0.814129	0.813258	0.812387	0.811643	0.8109	0.810389	0.809878	0.809617	0.809357	0.809007	0.808657	0.808449	0.80824	0.808448	0.808655	0.809229	0.809804	0.810773	0.811742	0.813396	0.815051	0.816161	0.817271	0.81875	0.820229	0.8216	0.822971	0.824276	0.825581	0.824113	0.822645	0.821988	0.82133	0.82206	0.82279	0.823436	0.824081	0.823407	0.822732	0.823041	0.82335	0.823347	0.823344	0.823672	0.823999	0.824459	0.824918	0.82525	0.825582	0.825938	0.826293	0.826239	0.826185	0.825953	0.825721	0.824883	0.824045	0.822958	
0.823651	0.822477	0.820918	0.81936	0.817945	0.816531	0.815209	0.813887	0.812918	0.811948	0.811102	0.810255	0.809693	0.809131	0.808804	0.808477	0.808243	0.80801	0.807888	0.807767	0.808013	0.808259	0.808833	0.809407	0.810401	0.811395	0.812952	0.81451	0.815613	0.816715	0.818174	0.819633	0.820585	0.821538	0.822725	0.823912	0.822515	0.821117	0.820464	0.819811	0.821005	0.822198	0.822474	0.822749	0.822191	0.821633	0.822	0.822367	0.822565	0.822763	0.823237	0.82371	0.824341	0.824971	0.825457	0.825944	0.826413	0.826883	0.82693	0.826978	0.826781	0.826583	0.825704	0.824825	0.823651	
0.824343	0.823082	0.821386	0.819689	0.81814	0.816591	0.815118	0.813644	0.812577	0.811509	0.81056	0.80961	0.808997	0.808384	0.807991	0.807597	0.80748	0.807362	0.807328	0.807294	0.807579	0.807863	0.808437	0.809011	0.810029	0.811047	0.812508	0.813969	0.815064	0.816159	0.817598	0.819037	0.819571	0.820106	0.821174	0.822243	0.820916	0.819589	0.818941	0.818292	0.819949	0.821607	0.821512	0.821418	0.820976	0.820534	0.820959	0.821384	0.821783	0.822181	0.822801	0.823422	0.824223	0.825023	0.825664	0.826305	0.826889	0.827473	0.827622	0.827771	0.827608	0.827446	0.826525	0.825604	0.824343	
0.82465	0.823327	0.821579	0.81983	0.818183	0.816536	0.815026	0.813516	0.812374	0.811231	0.810307	0.809382	0.808736	0.808089	0.807726	0.807364	0.807227	0.80709	0.807123	0.807157	0.807423	0.807689	0.80836	0.809031	0.809927	0.810822	0.81224	0.813659	0.81451	0.815361	0.816816	0.81827	0.818496	0.818722	0.819739	0.820757	0.819586	0.818416	0.817908	0.817401	0.819354	0.821307	0.820933	0.82056	0.820316	0.820072	0.820171	0.82027	0.820845	0.821419	0.822197	0.822975	0.823971	0.824968	0.825723	0.826479	0.827176	0.827873	0.828068	0.828263	0.828084	0.827905	0.826939	0.825973	0.82465	
0.824958	0.823572	0.821772	0.819971	0.818226	0.816482	0.814935	0.813388	0.812171	0.810953	0.810054	0.809155	0.808474	0.807794	0.807462	0.80713	0.806974	0.806817	0.806918	0.80702	0.807268	0.807516	0.808283	0.809051	0.809824	0.810597	0.811973	0.813348	0.813955	0.814563	0.816033	0.817503	0.817421	0.817338	0.818304	0.81927	0.818256	0.817242	0.816876	0.81651	0.818758	0.821007	0.820355	0.819702	0.819656	0.819611	0.819384	0.819156	0.819907	0.820657	0.821592	0.822528	0.82372	0.824912	0.825783	0.826654	0.827464	0.828273	0.828514	0.828755	0.82856	0.828365	0.827354	0.826343	0.824958	
0.824736	0.823325	0.821479	0.819632	0.817908	0.816184	0.814644	0.813104	0.811958	0.810812	0.809997	0.809181	0.808622	0.808064	0.807692	0.80732	0.807105	0.806891	0.806916	0.806941	0.807169	0.807397	0.808131	0.808865	0.809619	0.810373	0.811525	0.812678	0.813366	0.814053	0.815551	0.817049	0.816799	0.816548	0.817415	0.818282	0.817295	0.816307	0.816316	0.816325	0.818519	0.820713	0.820129	0.819544	0.819562	0.81958	0.819189	0.818799	0.819284	0.819769	0.820825	0.821881	0.823214	0.824546	0.825533	0.826519	0.827366	0.828212	0.828459	0.828706	0.828455	0.828203	0.827175	0.826147	0.824736	
0.824515	0.823078	0.821186	0.819294	0.81759	0.815886	0.814353	0.81282	0.811746	0.810671	0.80994	0.809208	0.80877	0.808333	0.807921	0.80751	0.807237	0.806964	0.806913	0.806862	0.80707	0.807278	0.807979	0.80868	0.809414	0.810148	0.811078	0.812008	0.812776	0.813544	0.815069	0.816595	0.816176	0.815758	0.816525	0.817293	0.816333	0.815373	0.815757	0.816141	0.81828	0.82042	0.819903	0.819386	0.819468	0.819549	0.818995	0.818442	0.818661	0.818881	0.820058	0.821235	0.822707	0.82418	0.825283	0.826385	0.827268	0.82815	0.828403	0.828657	0.82835	0.828042	0.826997	0.825951	0.824515	
0.824101	0.822702	0.82088	0.819059	0.817318	0.815577	0.814024	0.81247	0.811402	0.810334	0.809778	0.809223	0.80893	0.808638	0.80839	0.808142	0.807821	0.8075	0.807414	0.807327	0.807413	0.807499	0.808151	0.808803	0.809519	0.810235	0.811361	0.812487	0.813416	0.814346	0.815816	0.817287	0.816886	0.816486	0.817025	0.817564	0.816604	0.815643	0.815694	0.815745	0.817888	0.820031	0.819467	0.818902	0.819194	0.819487	0.818823	0.818159	0.81844	0.81872	0.819525	0.820329	0.821957	0.823584	0.824712	0.825841	0.826807	0.827772	0.827991	0.82821	0.827902	0.827594	0.826548	0.825501	0.824101	
0.823688	0.822325	0.820574	0.818824	0.817046	0.815269	0.813695	0.812121	0.811059	0.809997	0.809617	0.809237	0.80909	0.808943	0.808858	0.808774	0.808405	0.808036	0.807914	0.807792	0.807755	0.807719	0.808322	0.808926	0.809623	0.810321	0.811643	0.812965	0.814057	0.815148	0.816563	0.817979	0.817596	0.817214	0.817524	0.817835	0.816874	0.815914	0.815632	0.815349	0.817496	0.819643	0.819031	0.818419	0.818921	0.819424	0.818651	0.817877	0.818218	0.818559	0.818992	0.819424	0.821206	0.822988	0.824142	0.825297	0.826346	0.827395	0.827579	0.827763	0.827454	0.827146	0.826099	0.825052	0.823688	
0.823106	0.821729	0.819883	0.818036	0.816174	0.814312	0.812728	0.811143	0.810355	0.809567	0.809405	0.809243	0.809265	0.809287	0.809206	0.809125	0.808837	0.808549	0.808422	0.808294	0.808139	0.807984	0.808628	0.809271	0.810123	0.810974	0.812378	0.813783	0.814696	0.815609	0.816819	0.818028	0.817373	0.816717	0.817185	0.817654	0.816006	0.814358	0.814407	0.814455	0.816453	0.818451	0.818172	0.817893	0.818069	0.818246	0.817803	0.817359	0.81783	0.8183	0.818738	0.819176	0.820712	0.822248	0.823423	0.824597	0.825601	0.826605	0.826811	0.827016	0.826708	0.8264	0.825442	0.824483	0.823106	
0.822524	0.821134	0.819191	0.817248	0.815302	0.813356	0.811761	0.810165	0.809652	0.809138	0.809193	0.809248	0.80944	0.809632	0.809554	0.809476	0.809269	0.809062	0.808929	0.808796	0.808523	0.808249	0.808933	0.809617	0.810622	0.811628	0.813114	0.8146	0.815335	0.816071	0.817074	0.818078	0.817149	0.81622	0.816847	0.817474	0.815138	0.812802	0.813182	0.813561	0.81541	0.817259	0.817313	0.817367	0.817217	0.817068	0.816955	0.816842	0.817442	0.818041	0.818485	0.818928	0.820218	0.821509	0.822703	0.823898	0.824857	0.825815	0.826042	0.826269	0.825962	0.825655	0.824785	0.823914	0.822524	
0.821789	0.820306	0.818195	0.816083	0.814166	0.812248	0.810985	0.809722	0.809444	0.809167	0.809303	0.809438	0.809538	0.809637	0.809672	0.809707	0.80969	0.809674	0.809692	0.80971	0.809575	0.809441	0.810392	0.811344	0.813094	0.814844	0.815948	0.817053	0.81731	0.817567	0.818151	0.818735	0.817383	0.816032	0.816601	0.817169	0.814995	0.812819	0.812682	0.812545	0.814849	0.817153	0.817037	0.816922	0.816236	0.81555	0.815313	0.815075	0.816282	0.817489	0.818044	0.818598	0.819904	0.82121	0.822106	0.823002	0.824022	0.825043	0.825237	0.825432	0.825221	0.825009	0.824141	0.823273	0.821789	
0.821055	0.819478	0.817198	0.814919	0.813029	0.81114	0.810209	0.809278	0.809237	0.809196	0.809412	0.809628	0.809635	0.809642	0.80979	0.809938	0.810112	0.810285	0.810455	0.810624	0.810628	0.810632	0.811852	0.813071	0.815566	0.81806	0.818783	0.819506	0.819285	0.819063	0.819228	0.819392	0.817618	0.815843	0.816354	0.816866	0.814851	0.812837	0.812183	0.811529	0.814288	0.817046	0.816761	0.816477	0.815254	0.814032	0.813671	0.813309	0.815123	0.816937	0.817603	0.818269	0.81959	0.820911	0.821508	0.822105	0.823188	0.824271	0.824433	0.824594	0.824479	0.824364	0.823498	0.822631	0.821055	
0.819527	0.817773	0.815508	0.813242	0.811746	0.81025	0.809756	0.809261	0.80969	0.810119	0.810645	0.81117	0.811305	0.81144	0.811413	0.811386	0.811702	0.812018	0.812202	0.812387	0.812496	0.812605	0.814779	0.816952	0.819727	0.822501	0.822159	0.821817	0.821364	0.82091	0.821208	0.821506	0.818231	0.814956	0.815576	0.816197	0.812609	0.809021	0.809494	0.809967	0.813336	0.816705	0.817406	0.818107	0.815458	0.812808	0.812069	0.811331	0.813472	0.815613	0.816944	0.818276	0.819589	0.820903	0.821326	0.821748	0.822544	0.82334	0.823471	0.823601	0.823459	0.823317	0.822299	0.821282	0.819527	
0.818	0.816067	0.813817	0.811566	0.810463	0.80936	0.809302	0.809244	0.810143	0.811042	0.811877	0.812712	0.812975	0.813237	0.813035	0.812834	0.813292	0.813751	0.81395	0.814149	0.814363	0.814578	0.817706	0.820833	0.823888	0.826942	0.825535	0.824128	0.823442	0.822757	0.823188	0.82362	0.818844	0.814068	0.814798	0.815529	0.810367	0.805205	0.806805	0.808405	0.812384	0.816363	0.818051	0.819738	0.815661	0.811584	0.810468	0.809352	0.81182	0.814288	0.816285	0.818282	0.819589	0.820896	0.821143	0.821391	0.821901	0.82241	0.822509	0.822607	0.822438	0.82227	0.821101	0.819933	0.818	
0.816872	0.814862	0.812722	0.810582	0.809633	0.808685	0.80885	0.809015	0.810186	0.811358	0.812392	0.813425	0.813607	0.813788	0.814146	0.814504	0.815365	0.816226	0.816656	0.817086	0.818142	0.819198	0.823152	0.827106	0.829905	0.832703	0.830531	0.828358	0.826857	0.825356	0.825977	0.826599	0.820937	0.815274	0.815272	0.81527	0.807588	0.799906	0.804324	0.808743	0.810987	0.813232	0.816386	0.819539	0.816017	0.812495	0.809607	0.806719	0.809197	0.811675	0.814074	0.816473	0.818444	0.820414	0.820713	0.821011	0.821377	0.821744	0.821755	0.821766	0.821561	0.821356	0.820119	0.818881	0.816872	
0.815743	0.813657	0.811627	0.809597	0.808803	0.808009	0.808398	0.808786	0.81023	0.811673	0.812906	0.814139	0.814239	0.814339	0.815257	0.816175	0.817439	0.818702	0.819363	0.820024	0.821921	0.823817	0.828598	0.833379	0.835922	0.838464	0.835526	0.832587	0.830271	0.827955	0.828766	0.829578	0.823029	0.816481	0.815745	0.81501	0.804809	0.794608	0.801844	0.80908	0.80959	0.8101	0.81472	0.81934	0.816373	0.813406	0.808746	0.804085	0.806573	0.809062	0.811863	0.814664	0.817299	0.819933	0.820282	0.820631	0.820854	0.821077	0.821001	0.820924	0.820684	0.820443	0.819136	0.817829	0.815743	
0.814123	0.812256	0.810332	0.808408	0.807694	0.806981	0.807484	0.807987	0.809943	0.811899	0.813876	0.815853	0.817055	0.818257	0.819014	0.81977	0.821163	0.822557	0.823279	0.824001	0.826049	0.828097	0.832445	0.836793	0.840044	0.843295	0.840445	0.837594	0.835149	0.832703	0.833648	0.834593	0.828423	0.822253	0.819659	0.817066	0.807432	0.797797	0.804348	0.8109	0.811355	0.811809	0.815882	0.819954	0.816129	0.812303	0.809158	0.806013	0.807431	0.808849	0.81141	0.81397	0.816568	0.819165	0.819819	0.820473	0.820396	0.820319	0.82001	0.8197	0.819277	0.818855	0.817423	0.81599	0.814123	
0.812503	0.810856	0.809037	0.807218	0.806585	0.805953	0.80657	0.807188	0.809656	0.812124	0.814846	0.817568	0.819872	0.822176	0.822771	0.823365	0.824888	0.826411	0.827194	0.827977	0.830177	0.832376	0.836291	0.840207	0.844166	0.848126	0.845364	0.842601	0.840027	0.837452	0.83853	0.839608	0.833816	0.828025	0.823573	0.819122	0.810054	0.800987	0.806853	0.81272	0.813119	0.813519	0.817043	0.820567	0.815884	0.8112	0.80957	0.807941	0.808289	0.808636	0.810956	0.813276	0.815837	0.818397	0.819356	0.820314	0.819938	0.819562	0.819018	0.818475	0.817871	0.817267	0.815709	0.81415	0.812503	
0.812392	0.810832	0.80927	0.807708	0.80749	0.807273	0.808454	0.809635	0.812005	0.814374	0.816731	0.819088	0.82058	0.822072	0.82304	0.824009	0.82507	0.826132	0.827471	0.82881	0.83064	0.83247	0.835108	0.837745	0.840698	0.84365	0.842035	0.84042	0.838589	0.836757	0.83751	0.838262	0.835939	0.833616	0.829625	0.825634	0.817702	0.80977	0.812628	0.815487	0.815762	0.816038	0.818692	0.821346	0.814415	0.807484	0.805367	0.803251	0.80525	0.807248	0.809753	0.812257	0.814893	0.81753	0.818449	0.819369	0.81918	0.818991	0.818472	0.817953	0.817357	0.816761	0.815357	0.813953	0.812392	
0.812282	0.810809	0.809503	0.808198	0.808395	0.808593	0.810338	0.812083	0.814354	0.816625	0.818616	0.820607	0.821287	0.821967	0.82331	0.824653	0.825253	0.825852	0.827748	0.829644	0.831104	0.832564	0.833924	0.835284	0.837229	0.839174	0.838706	0.838238	0.83715	0.836063	0.836489	0.836916	0.838062	0.839208	0.835677	0.832146	0.82535	0.818554	0.818403	0.818253	0.818405	0.818557	0.820341	0.822125	0.812946	0.803768	0.801164	0.798561	0.802211	0.80586	0.808549	0.811237	0.81395	0.816662	0.817543	0.818423	0.818422	0.818421	0.817926	0.817431	0.816843	0.816256	0.815005	0.813755	0.812282	
0.809579	0.808348	0.807881	0.807414	0.808594	0.809773	0.811328	0.812884	0.814865	0.816846	0.819717	0.822588	0.824274	0.825961	0.82709	0.828218	0.828902	0.829586	0.829744	0.829902	0.830863	0.831824	0.832176	0.832528	0.832274	0.83202	0.831107	0.830194	0.829304	0.828415	0.827979	0.827543	0.831216	0.834888	0.834908	0.834928	0.831319	0.82771	0.825148	0.822585	0.821195	0.819805	0.818752	0.817699	0.80757	0.79744	0.796363	0.795286	0.801026	0.806766	0.809598	0.812429	0.814615	0.8168	0.817459	0.818118	0.817976	0.817835	0.81715	0.816465	0.81562	0.814774	0.812792	0.81081	0.809579	
0.806876	0.805887	0.806259	0.80663	0.808792	0.810954	0.812319	0.813685	0.815376	0.817068	0.820818	0.824568	0.827262	0.829956	0.830869	0.831782	0.832551	0.83332	0.83174	0.830161	0.830622	0.831083	0.830427	0.829771	0.827318	0.824865	0.823507	0.822149	0.821458	0.820768	0.819469	0.818171	0.824369	0.830568	0.834139	0.837709	0.837288	0.836867	0.831892	0.826916	0.823984	0.821052	0.817163	0.813274	0.802193	0.791112	0.791561	0.79201	0.79984	0.807671	0.810646	0.813621	0.815279	0.816938	0.817375	0.817813	0.81753	0.817248	0.816373	0.815499	0.814396	0.813293	0.810579	0.807865	0.806876	
0.810297	0.809636	0.809785	0.809934	0.810936	0.811938	0.813038	0.814138	0.81663	0.819122	0.822529	0.825935	0.827838	0.829741	0.830782	0.831822	0.833293	0.834763	0.832784	0.830804	0.830413	0.830022	0.828577	0.827131	0.823842	0.820552	0.819297	0.818041	0.817264	0.816487	0.814568	0.81265	0.818305	0.82396	0.829893	0.835826	0.838113	0.840399	0.837744	0.835088	0.83262	0.830151	0.823494	0.816837	0.807484	0.798131	0.797164	0.796196	0.801047	0.805898	0.808613	0.811327	0.813771	0.816215	0.816918	0.81762	0.817552	0.817485	0.816801	0.816117	0.815342	0.814567	0.812763	0.810959	0.810297	
0.813719	0.813384	0.813311	0.813238	0.81308	0.812922	0.813756	0.814591	0.817884	0.821177	0.824239	0.827302	0.828414	0.829526	0.830694	0.831862	0.834034	0.836207	0.833827	0.831447	0.830204	0.828961	0.826726	0.824491	0.820365	0.81624	0.815087	0.813933	0.813069	0.812206	0.809667	0.807129	0.81224	0.817351	0.825647	0.833943	0.838937	0.84393	0.843595	0.84326	0.841255	0.83925	0.829826	0.8204	0.812775	0.805151	0.802767	0.800383	0.802254	0.804125	0.806579	0.809033	0.812263	0.815492	0.81646	0.817427	0.817574	0.817721	0.817228	0.816734	0.816287	0.81584	0.814947	0.814053	0.813719	
0.81391	0.813718	0.813705	0.813692	0.81379	0.813888	0.814167	0.814446	0.816445	0.818443	0.821064	0.823684	0.825408	0.827133	0.827693	0.828253	0.831174	0.834095	0.83302	0.831945	0.829891	0.827837	0.825428	0.823019	0.819764	0.816509	0.815375	0.814242	0.815327	0.816411	0.814755	0.813099	0.815487	0.817875	0.824579	0.831282	0.835485	0.839688	0.840722	0.841757	0.841717	0.841678	0.832413	0.823147	0.811643	0.800138	0.795011	0.789883	0.795396	0.800908	0.804171	0.807433	0.811098	0.814762	0.816236	0.817709	0.817974	0.818239	0.817622	0.817006	0.816462	0.815918	0.81501	0.814103	0.813911	
0.814102	0.814052	0.814099	0.814146	0.8145	0.814854	0.814578	0.814301	0.815005	0.815709	0.817888	0.820066	0.822403	0.82474	0.824692	0.824644	0.828314	0.831983	0.832213	0.832443	0.829578	0.826713	0.82413	0.821546	0.819162	0.816778	0.815664	0.814551	0.817584	0.820617	0.819843	0.819069	0.818734	0.8184	0.82351	0.828621	0.832033	0.835445	0.837849	0.840254	0.842179	0.844105	0.835	0.825894	0.81051	0.795126	0.787254	0.779383	0.788537	0.797692	0.801763	0.805833	0.809933	0.814032	0.816011	0.817991	0.818373	0.818756	0.818016	0.817277	0.816636	0.815995	0.815074	0.814153	0.814102	
0.814831	0.814723	0.814703	0.814683	0.81497	0.815258	0.81493	0.814602	0.815071	0.815539	0.817257	0.818976	0.821458	0.82394	0.825117	0.826294	0.829467	0.832641	0.832052	0.831464	0.828103	0.824743	0.821966	0.81919	0.817232	0.815275	0.814238	0.813201	0.816909	0.820617	0.822597	0.824578	0.823366	0.822154	0.82494	0.827727	0.830743	0.833759	0.835877	0.837995	0.839874	0.841753	0.836944	0.832134	0.819568	0.807001	0.798511	0.790021	0.794623	0.799226	0.802291	0.805357	0.808717	0.812078	0.814485	0.816893	0.818014	0.819134	0.818655	0.818175	0.81747	0.816766	0.815852	0.814938	0.814831	
0.815559	0.815395	0.815307	0.815219	0.81544	0.815661	0.815282	0.814903	0.815136	0.815369	0.816627	0.817885	0.820513	0.823141	0.825543	0.827944	0.830621	0.833298	0.831892	0.830485	0.826629	0.822773	0.819803	0.816834	0.815303	0.813772	0.812811	0.81185	0.816233	0.820617	0.825352	0.830086	0.827997	0.825908	0.82637	0.826832	0.829453	0.832074	0.833905	0.835736	0.837569	0.839401	0.838888	0.838374	0.828626	0.818877	0.809768	0.80066	0.80071	0.80076	0.80282	0.80488	0.807501	0.810123	0.812959	0.815796	0.817655	0.819513	0.819293	0.819073	0.818305	0.817536	0.81663	0.815723	0.815559	
0.815586	0.815295	0.815165	0.815035	0.815408	0.815781	0.815507	0.815233	0.815754	0.816275	0.818676	0.821077	0.824385	0.827692	0.829961	0.83223	0.833426	0.834621	0.832919	0.831218	0.828276	0.825333	0.821947	0.81856	0.816518	0.814477	0.813297	0.812116	0.817074	0.822031	0.827574	0.833118	0.830471	0.827824	0.827934	0.828045	0.830496	0.832946	0.834969	0.836991	0.838073	0.839154	0.83809	0.837025	0.827047	0.817068	0.808382	0.799696	0.799717	0.799738	0.802695	0.805653	0.807966	0.810279	0.81262	0.81496	0.817025	0.81909	0.819198	0.819307	0.818634	0.817961	0.816919	0.815877	0.815586	
0.815613	0.815195	0.815023	0.814851	0.815376	0.815901	0.815732	0.815562	0.816372	0.817182	0.820726	0.82427	0.828257	0.832244	0.83438	0.836517	0.83623	0.835943	0.833947	0.831951	0.829923	0.827894	0.82409	0.820285	0.817734	0.815183	0.813782	0.812382	0.817914	0.823129	0.831055	0.835536	0.832839	0.828989	0.828113	0.828834	0.831661	0.833819	0.836033	0.838247	0.838577	0.838907	0.837292	0.835677	0.825468	0.815258	0.806995	0.798733	0.798723	0.798715	0.80257	0.806426	0.808431	0.810436	0.81228	0.814124	0.816396	0.818667	0.819104	0.819541	0.818963	0.818386	0.817208	0.816031	0.815613	
0.815697	0.815298	0.815066	0.814833	0.815307	0.81578	0.815623	0.815467	0.817149	0.818832	0.823057	0.827282	0.831352	0.835422	0.836903	0.838383	0.836724	0.835065	0.832086	0.829108	0.827393	0.825678	0.822601	0.819524	0.818009	0.816494	0.814804	0.813114	0.817724	0.823368	0.829877	0.834982	0.835644	0.834035	0.834127	0.83471	0.83568	0.836731	0.837057	0.837384	0.83593	0.834476	0.831503	0.828529	0.819801	0.811072	0.80578	0.800487	0.802043	0.8036	0.806874	0.810149	0.812104	0.81406	0.814862	0.815664	0.817125	0.818586	0.818866	0.819145	0.81867	0.818195	0.817146	0.816097	0.815697	
0.815782	0.815401	0.815108	0.814815	0.815237	0.81566	0.815515	0.815371	0.817926	0.820482	0.825388	0.830294	0.834447	0.8386	0.839425	0.84025	0.837218	0.834186	0.830226	0.826265	0.824863	0.823462	0.821112	0.818762	0.818283	0.817804	0.815825	0.813846	0.817533	0.821546	0.825366	0.829717	0.833483	0.835129	0.836444	0.837669	0.838525	0.839643	0.838082	0.83652	0.833283	0.830045	0.825713	0.821381	0.814134	0.806886	0.804564	0.802242	0.805364	0.808485	0.811178	0.813872	0.815778	0.817684	0.817444	0.817204	0.817854	0.818505	0.818627	0.81875	0.818377	0.818003	0.817083	0.816163	0.815782	
0.815722	0.815442	0.815205	0.814969	0.815234	0.8155	0.815387	0.815274	0.818141	0.821007	0.825881	0.830755	0.8346	0.838445	0.83894	0.839435	0.836765	0.834096	0.830351	0.826607	0.823655	0.820704	0.819802	0.818901	0.818917	0.818933	0.816463	0.813993	0.816604	0.818707	0.819785	0.821279	0.825558	0.830582	0.834106	0.836774	0.838856	0.84014	0.838256	0.836372	0.831544	0.826716	0.821514	0.816312	0.809795	0.803278	0.803536	0.803794	0.807771	0.81175	0.814126	0.816502	0.817795	0.819089	0.818652	0.818215	0.818441	0.818667	0.818506	0.818345	0.817968	0.81759	0.816797	0.816003	0.815722	
0.815663	0.815484	0.815303	0.815122	0.815231	0.815339	0.815259	0.815178	0.818355	0.821532	0.826374	0.831216	0.834752	0.838289	0.838454	0.838619	0.836312	0.834005	0.830477	0.826948	0.822447	0.817946	0.818493	0.81904	0.819551	0.820062	0.817101	0.814141	0.815675	0.816033	0.815139	0.814912	0.818722	0.824752	0.829829	0.833551	0.836843	0.840638	0.838431	0.836224	0.829805	0.823387	0.817315	0.811024	0.804805	0.800455	0.801899	0.805967	0.80968	0.815014	0.817073	0.819132	0.819813	0.820494	0.81986	0.819226	0.819027	0.818829	0.818385	0.81794	0.817559	0.817177	0.81651	0.815843	0.815663	
0.816082	0.815992	0.815813	0.815633	0.815619	0.815605	0.815323	0.815041	0.817729	0.820417	0.82491	0.829403	0.832244	0.835085	0.835169	0.835252	0.834446	0.83364	0.831589	0.829538	0.825563	0.821587	0.821389	0.821191	0.820191	0.81919	0.816544	0.813899	0.815114	0.814075	0.813015	0.812628	0.815247	0.819868	0.824962	0.829159	0.83285	0.835964	0.834218	0.832472	0.826194	0.819915	0.814208	0.808082	0.802787	0.800858	0.803834	0.808421	0.811935	0.816297	0.817956	0.819616	0.820064	0.820511	0.820059	0.819607	0.819382	0.819158	0.818632	0.818106	0.817732	0.817358	0.816765	0.816172	0.816082	
0.816501	0.8165	0.816322	0.816145	0.816008	0.815871	0.815387	0.814903	0.817102	0.819301	0.823446	0.82759	0.829735	0.831881	0.831883	0.831885	0.83258	0.833275	0.832702	0.832129	0.828679	0.825229	0.824285	0.823342	0.82083	0.818318	0.815987	0.813657	0.814553	0.814065	0.813648	0.813161	0.813831	0.816301	0.820755	0.824841	0.827991	0.830652	0.831265	0.828487	0.822846	0.816264	0.810267	0.80561	0.802146	0.801416	0.804655	0.809912	0.813772	0.817579	0.81884	0.8201	0.820315	0.820529	0.820258	0.819988	0.819737	0.819486	0.818879	0.818271	0.817904	0.817538	0.81702	0.816502	0.816501	
0.816834	0.816778	0.816624	0.816471	0.816311	0.816151	0.815553	0.814955	0.81667	0.818384	0.822059	0.825733	0.827572	0.82941	0.829293	0.829176	0.830268	0.831361	0.829744	0.828128	0.826656	0.825184	0.824354	0.823524	0.820994	0.818465	0.817287	0.81611	0.817705	0.818217	0.817221	0.81512	0.813464	0.813871	0.817571	0.821051	0.823072	0.825088	0.825997	0.82343	0.817761	0.811044	0.805507	0.803786	0.80499	0.807166	0.810955	0.815189	0.817001	0.819766	0.820107	0.820448	0.820827	0.821206	0.820789	0.820371	0.820107	0.819843	0.819241	0.818639	0.818281	0.817924	0.817406	0.816889	0.816834	
0.817166	0.817057	0.816927	0.816797	0.816614	0.816431	0.815719	0.815007	0.816237	0.817467	0.820672	0.823876	0.825408	0.82694	0.826703	0.826466	0.827956	0.829447	0.826786	0.824126	0.824632	0.825138	0.824423	0.823707	0.821159	0.818611	0.818587	0.818564	0.820856	0.822801	0.82073	0.817354	0.814639	0.813769	0.816105	0.818238	0.818968	0.820076	0.82088	0.818976	0.813636	0.80567	0.798229	0.799135	0.806526	0.812504	0.817327	0.820228	0.819945	0.821953	0.821375	0.820797	0.82134	0.821884	0.821319	0.820754	0.820477	0.820199	0.819603	0.819007	0.818658	0.818309	0.817793	0.817276	0.817166	
0.817218	0.817068	0.816807	0.816545	0.816511	0.816476	0.816035	0.815593	0.816579	0.817564	0.820154	0.822743	0.824276	0.82581	0.826161	0.826512	0.827408	0.828303	0.825546	0.822789	0.822644	0.822498	0.822508	0.822517	0.821273	0.820028	0.820704	0.82138	0.823037	0.825062	0.82276	0.819364	0.81676	0.815239	0.815948	0.816548	0.816111	0.816441	0.817411	0.816363	0.809362	0.797353	0.784258	0.785492	0.805757	0.813571	0.81719	0.819341	0.820178	0.821865	0.822019	0.822173	0.822175	0.822177	0.821571	0.820964	0.820466	0.819967	0.819302	0.818637	0.81836	0.818084	0.817726	0.817368	0.817218	
0.81727	0.817079	0.816686	0.816294	0.816408	0.816522	0.81635	0.816179	0.81692	0.817661	0.819636	0.821611	0.823145	0.824679	0.825619	0.826558	0.826859	0.82716	0.824306	0.821452	0.820655	0.819858	0.820593	0.821328	0.821386	0.821445	0.822821	0.824197	0.825217	0.826431	0.823949	0.820432	0.81819	0.816468	0.815899	0.815359	0.814384	0.814372	0.815219	0.814178	0.80548	0.789994	0.771888	0.779521	0.805147	0.813653	0.816433	0.82006	0.820919	0.821778	0.822664	0.82355	0.82301	0.82247	0.821823	0.821175	0.820455	0.819735	0.819001	0.818266	0.818062	0.817858	0.817659	0.81746	0.81727	
0.816722	0.816655	0.816431	0.816206	0.816371	0.816536	0.816511	0.816486	0.81729	0.818094	0.819841	0.821588	0.82327	0.824952	0.825802	0.826652	0.827084	0.827517	0.825215	0.822912	0.822148	0.821383	0.821996	0.822608	0.823034	0.82346	0.824487	0.825514	0.825899	0.825854	0.823678	0.820914	0.819233	0.817787	0.816336	0.815138	0.814454	0.814199	0.814054	0.812173	0.804637	0.792399	0.779229	0.788118	0.806096	0.813187	0.816085	0.819111	0.820671	0.822231	0.823159	0.824088	0.823696	0.823305	0.82244	0.821574	0.820771	0.819968	0.819022	0.818075	0.817702	0.817329	0.817059	0.816789	0.816722	
0.816174	0.816231	0.816175	0.816119	0.816334	0.81655	0.816672	0.816794	0.81766	0.818527	0.820046	0.821565	0.823395	0.825225	0.825985	0.826745	0.82731	0.827874	0.826124	0.824373	0.823641	0.822909	0.823399	0.823889	0.824682	0.825474	0.826153	0.826832	0.826581	0.82633	0.823731	0.82117	0.81988	0.818685	0.817153	0.816052	0.815841	0.815369	0.814049	0.811475	0.806545	0.800854	0.798003	0.801865	0.808855	0.813237	0.815751	0.818163	0.820424	0.822684	0.823655	0.824625	0.824382	0.824139	0.823057	0.821974	0.821087	0.8202	0.819043	0.817885	0.817342	0.8168	0.816459	0.816118	0.816174	
0.816057	0.816091	0.816035	0.815979	0.816148	0.816316	0.816465	0.816613	0.817415	0.818218	0.819442	0.820667	0.822174	0.82368	0.824591	0.825501	0.826359	0.827216	0.826136	0.825055	0.824973	0.824891	0.824686	0.82448	0.824431	0.824381	0.824971	0.82556	0.824766	0.823971	0.82208	0.820562	0.819789	0.819207	0.818293	0.817715	0.817971	0.817963	0.815582	0.811897	0.808442	0.806051	0.805521	0.806576	0.809601	0.81308	0.815491	0.817819	0.820387	0.822955	0.824158	0.82536	0.824954	0.824547	0.823454	0.822361	0.821373	0.820384	0.819228	0.818071	0.817442	0.816812	0.816418	0.816023	0.816057	
0.81594	0.815952	0.815896	0.81584	0.815961	0.816082	0.816257	0.816433	0.817171	0.817908	0.818839	0.819769	0.820952	0.822135	0.823196	0.824257	0.825408	0.826558	0.826148	0.825737	0.826305	0.826873	0.825972	0.825071	0.824179	0.823288	0.823788	0.824289	0.822951	0.821612	0.820428	0.819245	0.819305	0.819712	0.819223	0.818946	0.819706	0.820431	0.817754	0.813613	0.810727	0.809113	0.808635	0.8085	0.810433	0.813251	0.815363	0.817475	0.82035	0.823226	0.82466	0.826095	0.825525	0.824956	0.823852	0.822749	0.821658	0.820567	0.819413	0.818258	0.817541	0.816824	0.816376	0.815928	0.81594	
0.815684	0.815679	0.815543	0.815407	0.815407	0.815408	0.815443	0.815478	0.815974	0.81647	0.817135	0.817799	0.81881	0.819821	0.821108	0.822395	0.824316	0.826237	0.826694	0.827151	0.828022	0.828892	0.827339	0.825786	0.82439	0.822994	0.82251	0.822026	0.820232	0.818438	0.817514	0.81659	0.817637	0.818718	0.818644	0.818688	0.81965	0.820309	0.818341	0.815448	0.813661	0.812626	0.811894	0.811563	0.812726	0.81465	0.816345	0.81804	0.820824	0.823608	0.824916	0.826224	0.825696	0.825168	0.823973	0.822777	0.82167	0.820563	0.81939	0.818217	0.817441	0.816665	0.816177	0.815688	0.815684	
0.815428	0.815407	0.81519	0.814974	0.814854	0.814734	0.814629	0.814524	0.814778	0.815032	0.815431	0.815829	0.816668	0.817506	0.81902	0.820534	0.823225	0.825915	0.827241	0.828566	0.829739	0.830912	0.828706	0.826501	0.8246	0.8227	0.821231	0.819763	0.817513	0.815263	0.814599	0.813934	0.815968	0.818002	0.818388	0.818774	0.820376	0.821977	0.819662	0.817347	0.816738	0.816128	0.815204	0.81428	0.815164	0.816049	0.817327	0.818604	0.821297	0.82399	0.825172	0.826354	0.825867	0.825381	0.824093	0.822805	0.821682	0.820559	0.819367	0.818176	0.817341	0.816507	0.815978	0.815449	0.815428	
0.814654	0.814517	0.814314	0.81411	0.814	0.813889	0.813697	0.813505	0.813477	0.813449	0.813434	0.813418	0.814045	0.814671	0.816238	0.817805	0.820913	0.824021	0.826215	0.82841	0.829723	0.831037	0.829088	0.827139	0.825307	0.823476	0.82144	0.819404	0.816571	0.813738	0.812945	0.812151	0.81508	0.818009	0.818869	0.819728	0.820563	0.821398	0.820088	0.818777	0.818738	0.818698	0.818024	0.81735	0.817808	0.818267	0.818992	0.819716	0.821865	0.824013	0.825142	0.826271	0.825824	0.825377	0.824138	0.822899	0.821713	0.820528	0.819289	0.818051	0.817089	0.816127	0.815459	0.814791	0.814654	
0.81388	0.813627	0.813437	0.813247	0.813145	0.813044	0.812765	0.812486	0.812176	0.811866	0.811437	0.811007	0.811421	0.811835	0.813456	0.815077	0.818601	0.822126	0.82519	0.828253	0.829708	0.831163	0.82947	0.827777	0.826015	0.824252	0.821648	0.819044	0.815629	0.812213	0.811291	0.810368	0.814192	0.818017	0.819349	0.820682	0.82075	0.820819	0.820513	0.820208	0.820738	0.821268	0.820844	0.82042	0.820453	0.820486	0.820657	0.820827	0.822432	0.824037	0.825113	0.826188	0.825781	0.825373	0.824183	0.822993	0.821745	0.820496	0.819211	0.817926	0.816837	0.815748	0.81494	0.814132	0.81388	
0.813444	0.813122	0.812848	0.812573	0.812538	0.812502	0.812316	0.812129	0.811783	0.811437	0.810598	0.809759	0.809852	0.809945	0.811357	0.81277	0.816438	0.820107	0.823558	0.827008	0.828245	0.829482	0.828218	0.826955	0.825308	0.823661	0.821539	0.819418	0.816461	0.813503	0.812588	0.811672	0.815498	0.819324	0.820896	0.822467	0.82243	0.822393	0.822522	0.822651	0.822838	0.823025	0.822543	0.822061	0.82201	0.821959	0.821881	0.821803	0.823018	0.824232	0.825032	0.825832	0.825514	0.825196	0.824064	0.822931	0.821701	0.820471	0.819165	0.817858	0.816745	0.815632	0.8147	0.813767	0.813444	
0.813009	0.812617	0.812258	0.811899	0.81193	0.811961	0.811867	0.811773	0.81139	0.811007	0.809759	0.80851	0.808282	0.808054	0.809258	0.810462	0.814276	0.818089	0.821926	0.825762	0.826782	0.827801	0.826967	0.826133	0.824601	0.823069	0.821431	0.819792	0.817293	0.814793	0.813885	0.812977	0.816804	0.820632	0.822442	0.824252	0.824109	0.823967	0.824531	0.825095	0.824938	0.824781	0.824242	0.823702	0.823567	0.823433	0.823106	0.822779	0.823604	0.824428	0.824952	0.825475	0.825247	0.825019	0.823944	0.822869	0.821657	0.820445	0.819118	0.817791	0.816654	0.815517	0.814459	0.813401	0.813009	
0.812769	0.81229	0.811918	0.811546	0.811666	0.811786	0.811786	0.811785	0.811534	0.811282	0.809935	0.808588	0.808048	0.807508	0.808258	0.809008	0.812477	0.815947	0.819666	0.823385	0.823988	0.824592	0.823834	0.823076	0.822001	0.820927	0.82028	0.819634	0.818177	0.81672	0.816254	0.815788	0.819177	0.822567	0.823901	0.825236	0.825412	0.825588	0.826171	0.826753	0.826133	0.825512	0.824903	0.824295	0.82397	0.823644	0.823466	0.823289	0.823879	0.82447	0.824796	0.825122	0.82479	0.824458	0.823538	0.822618	0.821498	0.820378	0.819064	0.817749	0.816607	0.815464	0.814356	0.813249	0.812769	
0.812529	0.811962	0.811578	0.811194	0.811403	0.811611	0.811704	0.811798	0.811677	0.811557	0.810111	0.808665	0.807813	0.806962	0.807258	0.807554	0.810679	0.813805	0.817406	0.821007	0.821195	0.821383	0.820701	0.820019	0.819402	0.818784	0.81913	0.819476	0.819062	0.818648	0.818624	0.8186	0.821551	0.824502	0.825361	0.82622	0.826715	0.827209	0.827811	0.828412	0.827327	0.826243	0.825565	0.824888	0.824372	0.823856	0.823827	0.823799	0.824155	0.824512	0.82464	0.824769	0.824333	0.823896	0.823132	0.822367	0.821339	0.820311	0.819009	0.817707	0.816559	0.815411	0.814254	0.813096	0.812529	
0.812623	0.81203	0.811629	0.811228	0.811457	0.811686	0.811849	0.812012	0.812012	0.812013	0.810694	0.809375	0.808417	0.807459	0.807427	0.807395	0.809772	0.812149	0.815256	0.818362	0.818386	0.818409	0.817638	0.816866	0.817011	0.817156	0.818097	0.819039	0.819519	0.82	0.820495	0.82099	0.823375	0.825761	0.825957	0.826153	0.826937	0.827721	0.828213	0.828704	0.82762	0.826536	0.825723	0.82491	0.824445	0.823979	0.823851	0.823723	0.824059	0.824394	0.82437	0.824346	0.823998	0.82365	0.822913	0.822175	0.821252	0.820328	0.819059	0.817789	0.816671	0.815554	0.814385	0.813216	0.812623	
0.812717	0.812099	0.811681	0.811263	0.811512	0.811761	0.811994	0.812227	0.812348	0.812469	0.811277	0.810085	0.80902	0.807956	0.807595	0.807235	0.808865	0.810494	0.813106	0.815718	0.815576	0.815435	0.814574	0.813714	0.81462	0.815527	0.817065	0.818603	0.819977	0.821351	0.822365	0.823379	0.8252	0.827021	0.826554	0.826086	0.82716	0.828233	0.828615	0.828996	0.827913	0.82683	0.825881	0.824932	0.824517	0.824103	0.823875	0.823648	0.823962	0.824277	0.8241	0.823923	0.823663	0.823404	0.822693	0.821983	0.821165	0.820346	0.819109	0.817872	0.816784	0.815696	0.814516	0.813335	0.812717	
0.813211	0.812559	0.812091	0.811622	0.811799	0.811976	0.812199	0.812422	0.812568	0.812713	0.811835	0.810957	0.809883	0.80881	0.808457	0.808103	0.808895	0.809687	0.811746	0.813804	0.813799	0.813794	0.81348	0.813166	0.814081	0.814995	0.816658	0.81832	0.820099	0.821877	0.823246	0.824615	0.82583	0.827046	0.826607	0.826169	0.827061	0.827953	0.828629	0.829305	0.827992	0.826679	0.826107	0.825536	0.824982	0.824429	0.82421	0.823991	0.824104	0.824217	0.824038	0.82386	0.823598	0.823335	0.822732	0.822128	0.82135	0.820572	0.819411	0.818249	0.817213	0.816176	0.815019	0.813862	0.813211	
0.813705	0.81302	0.812501	0.811981	0.812086	0.812191	0.812404	0.812618	0.812788	0.812958	0.812393	0.811829	0.810746	0.809664	0.809318	0.808972	0.808926	0.80888	0.810385	0.811891	0.812022	0.812153	0.812386	0.812618	0.813541	0.814464	0.81625	0.818037	0.82022	0.822403	0.824126	0.82585	0.826461	0.827072	0.826661	0.826251	0.826962	0.827673	0.828644	0.829615	0.828071	0.826527	0.826333	0.82614	0.825448	0.824756	0.824545	0.824335	0.824246	0.824157	0.823977	0.823797	0.823532	0.823267	0.82277	0.822272	0.821535	0.820798	0.819713	0.818627	0.817642	0.816656	0.815522	0.814389	0.813705	
0.814529	0.813829	0.813207	0.812585	0.812561	0.812537	0.812596	0.812655	0.812833	0.813012	0.812623	0.812235	0.811374	0.810514	0.809949	0.809384	0.80918	0.808977	0.809889	0.810801	0.811263	0.811724	0.812051	0.812378	0.813288	0.814199	0.815861	0.817524	0.819563	0.821602	0.823291	0.82498	0.825596	0.826212	0.826089	0.825967	0.826637	0.827308	0.828022	0.828735	0.827354	0.825974	0.82598	0.825987	0.825446	0.824904	0.824652	0.824399	0.824335	0.82427	0.82403	0.823789	0.823631	0.823473	0.82298	0.822487	0.821857	0.821227	0.820233	0.819238	0.818339	0.81744	0.816335	0.815229	0.814529	
0.815354	0.814638	0.813914	0.81319	0.813037	0.812884	0.812788	0.812692	0.812879	0.813066	0.812853	0.812641	0.812002	0.811363	0.81058	0.809797	0.809435	0.809073	0.809392	0.809711	0.810503	0.811295	0.811717	0.812138	0.813036	0.813934	0.815473	0.817011	0.818906	0.820801	0.822456	0.824111	0.824731	0.825351	0.825517	0.825682	0.826313	0.826943	0.827399	0.827855	0.826638	0.82542	0.825628	0.825835	0.825444	0.825053	0.824758	0.824464	0.824423	0.824383	0.824082	0.823781	0.82373	0.823679	0.823191	0.822703	0.822179	0.821656	0.820753	0.819849	0.819037	0.818225	0.817147	0.816069	0.815354	
0.816649	0.815871	0.815058	0.814244	0.813895	0.813547	0.813288	0.81303	0.813063	0.813095	0.812906	0.812717	0.812247	0.811777	0.810991	0.810204	0.809763	0.809321	0.809373	0.809426	0.810175	0.810924	0.811339	0.811754	0.81263	0.813506	0.815092	0.816678	0.818235	0.819792	0.821222	0.822652	0.823554	0.824456	0.825356	0.826257	0.826407	0.826558	0.826563	0.826569	0.825743	0.824918	0.825444	0.82597	0.825445	0.82492	0.824761	0.824601	0.82449	0.824378	0.824174	0.823969	0.823935	0.823901	0.823505	0.823109	0.822723	0.822336	0.821597	0.820857	0.820146	0.819434	0.81843	0.817427	0.816649	
0.817944	0.817104	0.816202	0.815299	0.814754	0.814209	0.813789	0.813368	0.813246	0.813124	0.812959	0.812793	0.812492	0.812191	0.811401	0.810612	0.81009	0.809568	0.809354	0.809141	0.809846	0.810552	0.810961	0.811369	0.812224	0.813079	0.814712	0.816345	0.817564	0.818783	0.819988	0.821194	0.822377	0.82356	0.825196	0.826832	0.826502	0.826172	0.825727	0.825282	0.824849	0.824416	0.82526	0.826105	0.825446	0.824787	0.824763	0.824739	0.824556	0.824373	0.824265	0.824157	0.82414	0.824123	0.82382	0.823516	0.823266	0.823016	0.822441	0.821866	0.821254	0.820643	0.819714	0.818784	0.817944	
0.819217	0.818341	0.817284	0.816227	0.815506	0.814785	0.814164	0.813544	0.813251	0.812959	0.81264	0.812322	0.812054	0.811787	0.811147	0.810507	0.809988	0.809469	0.809187	0.808906	0.809481	0.810056	0.810459	0.810861	0.811824	0.812787	0.814386	0.815985	0.817168	0.81835	0.819425	0.8205	0.822043	0.823587	0.825156	0.826724	0.826135	0.825545	0.824629	0.823713	0.823849	0.823986	0.824818	0.825649	0.825055	0.82446	0.824444	0.824428	0.824297	0.824167	0.824142	0.824116	0.824192	0.824268	0.824136	0.824003	0.823905	0.823807	0.82336	0.822914	0.822408	0.821903	0.820998	0.820093	0.819217	
0.82049	0.819578	0.818366	0.817154	0.816258	0.815361	0.81454	0.81372	0.813256	0.812793	0.812321	0.81185	0.811617	0.811383	0.810893	0.810403	0.809886	0.809369	0.80902	0.808671	0.809115	0.80956	0.809957	0.810354	0.811425	0.812495	0.81406	0.815626	0.816772	0.817918	0.818861	0.819805	0.82171	0.823614	0.825116	0.826617	0.825768	0.824918	0.823531	0.822143	0.82285	0.823556	0.824375	0.825194	0.824663	0.824133	0.824125	0.824117	0.824039	0.82396	0.824018	0.824075	0.824244	0.824414	0.824452	0.82449	0.824544	0.824598	0.824279	0.823961	0.823562	0.823163	0.822283	0.821403	0.82049	
0.821724	0.820725	0.819408	0.818092	0.817004	0.815915	0.81492	0.813924	0.813257	0.81259	0.811982	0.811375	0.811003	0.81063	0.810255	0.80988	0.809446	0.809013	0.808734	0.808455	0.808781	0.809107	0.809593	0.810079	0.811099	0.812119	0.813728	0.815338	0.816466	0.817595	0.818806	0.820017	0.821655	0.823293	0.824696	0.826099	0.82494	0.823782	0.822759	0.821737	0.822455	0.823173	0.823905	0.824637	0.824035	0.823433	0.823583	0.823734	0.823693	0.823652	0.823845	0.824037	0.824352	0.824666	0.824851	0.825036	0.825241	0.825445	0.825259	0.825073	0.824757	0.824442	0.823583	0.822724	0.821724	
