x=90	y=200	z=200	n=65	len=1
b
0	0	0	0	0	0	0	0	0	0	0	0	0	0	0	0	0	0	0	0	0	0	0	0	0	0	0	0	0	0	0	0	0	0	0	0	0	0	0	0	0	0	0	0	0	0	0	0	0	0	0	0	0	0	0	0	0	0	0	0	0	0	0	0	0	
0.0238375	0.0262551	0.0283582	0.0304612	0.030958	0.0314547	0.0302771	0.0290995	0.0272749	0.0254502	0.0242635	0.0230767	0.0227495	0.0224223	0.0225622	0.022702	0.0228172	0.0229323	0.022537	0.0221416	0.0215021	0.0208626	0.020705	0.0205474	0.0206084	0.0206695	0.0205983	0.0205272	0.0204523	0.0203775	0.0204376	0.0204977	0.0210109	0.0215241	0.0225375	0.0235509	0.024484	0.025417	0.0253513	0.0252856	0.0245258	0.0237661	0.0228658	0.0219655	0.0217317	0.0214979	0.0217922	0.0220866	0.0224191	0.0227516	0.0225112	0.0222708	0.0215351	0.0207994	0.0200007	0.019202	0.0187469	0.0182919	0.0181256	0.0179594	0.0182795	0.0185995	0.0200096	0.0214199	0.0238374	
0.0502304	0.0538244	0.0565293	0.0592342	0.0598128	0.0603914	0.0586849	0.0569784	0.0542672	0.0515559	0.0497167	0.0478775	0.0471863	0.0464952	0.0464791	0.0464629	0.0466125	0.0467621	0.0463422	0.0459222	0.045042	0.0441618	0.0437906	0.0434193	0.0434035	0.0433876	0.0431662	0.0429448	0.0428002	0.0426556	0.0428216	0.0429875	0.0438657	0.0447439	0.046243	0.0477422	0.0490287	0.0503151	0.050189	0.0500628	0.0490731	0.0480833	0.0468924	0.0457016	0.0452377	0.0447739	0.0451233	0.0454727	0.0459079	0.046343	0.0459128	0.0454825	0.0440292	0.0425759	0.0406604	0.0387448	0.0375499	0.0363551	0.0363464	0.0363378	0.0382751	0.0402125	0.0434243	0.0466361	0.0502301	
0.0766232	0.0813936	0.0847004	0.0880072	0.0886677	0.0893282	0.0870927	0.0848573	0.0812594	0.0776616	0.07517	0.0726783	0.0716232	0.070568	0.070396	0.0702239	0.0704079	0.0705919	0.0701474	0.0697028	0.0685819	0.067461	0.0668761	0.0662912	0.0661985	0.0661058	0.0657341	0.0653624	0.0651481	0.0649337	0.0652055	0.0654773	0.0667204	0.0679636	0.0699485	0.0719334	0.0735733	0.0752132	0.0750267	0.07484	0.0736203	0.0724005	0.0709191	0.0694377	0.0687438	0.0680499	0.0684544	0.0688589	0.0693966	0.0699344	0.0693143	0.0686942	0.0665234	0.0643525	0.06132	0.0582875	0.0563529	0.0544183	0.0545672	0.0547162	0.0582708	0.0618255	0.0668389	0.0718524	0.0766229	
0.100542	0.106029	0.109765	0.113502	0.114452	0.115402	0.113501	0.111599	0.10837	0.10514	0.102667	0.100193	0.0988489	0.0975045	0.0969466	0.0963887	0.096299	0.0962092	0.0958734	0.0955376	0.0948436	0.0941496	0.0936118	0.0930739	0.092601	0.0921282	0.0911255	0.0901228	0.0895425	0.0889623	0.0891983	0.0894344	0.090786	0.0921377	0.0939542	0.0957706	0.0971296	0.0984885	0.0983142	0.0981399	0.0972929	0.0964459	0.0953562	0.0942665	0.0935289	0.0927913	0.0931073	0.0934232	0.0938287	0.0942341	0.0932337	0.0922333	0.0895131	0.0867928	0.0830148	0.0792368	0.0765008	0.0737648	0.0741313	0.0744981	0.0789902	0.0834826	0.0892684	0.0950542	0.100541	
0.12446	0.130664	0.13483	0.138997	0.140237	0.141476	0.139909	0.138342	0.13548	0.132618	0.130163	0.127708	0.126075	0.124441	0.123497	0.122554	0.12219	0.121827	0.121599	0.121372	0.121105	0.120838	0.120347	0.119857	0.119004	0.118151	0.116517	0.114883	0.113937	0.112991	0.113191	0.113391	0.114852	0.116312	0.11796	0.119608	0.120686	0.121764	0.121602	0.12144	0.120966	0.120491	0.119793	0.119095	0.118314	0.117533	0.11776	0.117988	0.118261	0.118534	0.117153	0.115772	0.112503	0.109233	0.10471	0.100186	0.0966487	0.0931113	0.0936955	0.0942799	0.0997097	0.10514	0.111698	0.118256	0.12446	
0.145635	0.151544	0.155891	0.160238	0.162061	0.163883	0.163435	0.162988	0.161165	0.159342	0.157162	0.154982	0.153114	0.151246	0.149923	0.1486	0.147946	0.147292	0.147177	0.147063	0.147119	0.147176	0.146905	0.146635	0.145441	0.144246	0.142161	0.140076	0.138518	0.136961	0.136742	0.136524	0.137767	0.139011	0.140479	0.141947	0.142698	0.143449	0.143323	0.143198	0.143082	0.142967	0.142572	0.142177	0.141752	0.141326	0.141778	0.142229	0.142088	0.141946	0.139908	0.137869	0.13432	0.130772	0.12659	0.122407	0.119372	0.116337	0.117151	0.117965	0.122835	0.127706	0.133716	0.139725	0.145634	
0.166809	0.172424	0.176951	0.181478	0.183884	0.18629	0.186962	0.187634	0.18685	0.186065	0.184161	0.182256	0.180154	0.178052	0.176349	0.174646	0.173702	0.172757	0.172755	0.172753	0.173133	0.173513	0.173463	0.173414	0.171878	0.170342	0.167805	0.165268	0.163099	0.160931	0.160294	0.159656	0.160683	0.16171	0.162998	0.164286	0.16471	0.165134	0.165044	0.164955	0.165199	0.165443	0.165351	0.165259	0.165189	0.165119	0.165795	0.166471	0.165915	0.165358	0.162662	0.159966	0.156138	0.15231	0.14847	0.144629	0.142096	0.139564	0.140607	0.141651	0.145961	0.150272	0.155733	0.161195	0.166809	
0.18916	0.193356	0.196882	0.200408	0.202945	0.205482	0.207381	0.209281	0.209571	0.209862	0.208419	0.206976	0.204779	0.202583	0.200683	0.198783	0.197867	0.196951	0.196922	0.196894	0.197133	0.197372	0.196963	0.196553	0.194911	0.193268	0.190914	0.188559	0.186427	0.184294	0.183332	0.182369	0.182902	0.183435	0.184388	0.185341	0.185512	0.185682	0.185433	0.185184	0.185415	0.185645	0.185729	0.185813	0.186376	0.18694	0.187694	0.188449	0.187308	0.186168	0.183428	0.180688	0.177378	0.174067	0.171482	0.168897	0.167858	0.16682	0.168412	0.170005	0.173475	0.176945	0.180954	0.184963	0.18916	
0.21151	0.214289	0.216813	0.219337	0.222006	0.224674	0.227801	0.230928	0.232293	0.233658	0.232677	0.231696	0.229405	0.227114	0.225016	0.222919	0.222032	0.221145	0.22109	0.221035	0.221133	0.221232	0.220462	0.219692	0.217943	0.216194	0.214022	0.21185	0.209754	0.207658	0.206369	0.205081	0.205121	0.205161	0.205779	0.206397	0.206314	0.20623	0.205822	0.205413	0.20563	0.205847	0.206107	0.206367	0.207563	0.20876	0.209594	0.210427	0.208702	0.206977	0.204194	0.201411	0.198617	0.195824	0.194495	0.193166	0.193621	0.194076	0.196218	0.19836	0.200989	0.203619	0.206175	0.208732	0.21151	
0.235216	0.236437	0.237625	0.238814	0.240917	0.24302	0.246537	0.250055	0.252384	0.254714	0.254522	0.25433	0.252691	0.251052	0.249209	0.247365	0.246278	0.245191	0.244751	0.244311	0.2439	0.243489	0.242516	0.241543	0.240088	0.238633	0.236939	0.235245	0.233318	0.231391	0.229826	0.22826	0.227662	0.227064	0.227122	0.22718	0.226858	0.226535	0.225962	0.225388	0.225371	0.225353	0.225717	0.226082	0.227731	0.229381	0.22999	0.230599	0.229075	0.22755	0.225076	0.222601	0.220796	0.218991	0.218844	0.218697	0.220341	0.221986	0.224551	0.227117	0.229181	0.231245	0.23262	0.233995	0.235216	
0.258921	0.258584	0.258438	0.258291	0.259828	0.261366	0.265273	0.269181	0.272475	0.275769	0.276366	0.276964	0.275977	0.27499	0.273401	0.271812	0.270524	0.269237	0.268412	0.267586	0.266666	0.265746	0.264571	0.263395	0.262234	0.261072	0.259856	0.25864	0.256883	0.255125	0.253282	0.251438	0.250203	0.248967	0.248465	0.247964	0.247402	0.246841	0.246102	0.245362	0.245111	0.244859	0.245328	0.245796	0.247899	0.250001	0.250386	0.25077	0.249447	0.248123	0.245957	0.243792	0.242975	0.242158	0.243193	0.244228	0.247062	0.249896	0.252885	0.255874	0.257373	0.258871	0.259064	0.259258	0.258921	
0.281805	0.280805	0.28004	0.279275	0.28006	0.280846	0.284222	0.287598	0.291064	0.294529	0.296279	0.298028	0.298287	0.298546	0.29808	0.297613	0.296349	0.295085	0.293642	0.2922	0.290503	0.288807	0.287407	0.286007	0.285263	0.284519	0.28393	0.283342	0.281489	0.279637	0.277325	0.275014	0.273168	0.271323	0.270371	0.269418	0.268656	0.267895	0.266984	0.266073	0.265663	0.265253	0.265848	0.266444	0.26855	0.270656	0.271186	0.271717	0.271054	0.270391	0.269017	0.267644	0.267417	0.267191	0.268707	0.270223	0.273042	0.275861	0.278536	0.281211	0.28226	0.28331	0.283057	0.282805	0.281805	
0.304688	0.303025	0.301642	0.300258	0.300292	0.300326	0.30317	0.306015	0.309652	0.31329	0.31619	0.319091	0.320597	0.322102	0.322758	0.323415	0.322174	0.320933	0.318873	0.316813	0.31434	0.311867	0.310243	0.30862	0.308293	0.307966	0.308005	0.308043	0.306096	0.304149	0.301369	0.298589	0.296134	0.29368	0.292276	0.290873	0.289911	0.288949	0.287867	0.286784	0.286215	0.285646	0.286369	0.287091	0.289201	0.29131	0.291987	0.292663	0.292661	0.292659	0.292077	0.291496	0.29186	0.292224	0.294221	0.296218	0.299022	0.301825	0.304186	0.306547	0.307148	0.307748	0.30705	0.306352	0.304689	
0.326859	0.325199	0.323676	0.322152	0.321657	0.321161	0.323061	0.324961	0.328052	0.331143	0.334541	0.33794	0.34103	0.344119	0.346175	0.34823	0.348142	0.348054	0.346159	0.344263	0.341034	0.337805	0.33548	0.333154	0.332815	0.332475	0.333055	0.333634	0.331902	0.33017	0.327148	0.324126	0.321053	0.31798	0.316112	0.314244	0.31282	0.311396	0.310211	0.309026	0.308563	0.3081	0.308943	0.309786	0.311842	0.313898	0.31509	0.316281	0.31706	0.317839	0.318103	0.318367	0.318793	0.319219	0.32072	0.322221	0.324219	0.326218	0.327864	0.32951	0.329785	0.33006	0.32929	0.328519	0.326859	
0.34903	0.347373	0.34571	0.344047	0.343022	0.341996	0.342952	0.343908	0.346452	0.348995	0.352892	0.356789	0.361463	0.366137	0.369591	0.373045	0.37411	0.375176	0.373445	0.371713	0.367728	0.363744	0.360716	0.357689	0.357336	0.356984	0.358105	0.359225	0.357708	0.356191	0.352928	0.349664	0.345972	0.342281	0.339948	0.337615	0.335729	0.333843	0.332556	0.331268	0.330911	0.330554	0.331518	0.332482	0.334484	0.336487	0.338193	0.339899	0.341459	0.343019	0.344128	0.345237	0.345726	0.346213	0.347219	0.348224	0.349417	0.35061	0.351541	0.352472	0.352422	0.352372	0.351529	0.350686	0.34903	
0.371499	0.369855	0.368188	0.366521	0.365242	0.363964	0.364078	0.364191	0.365849	0.367508	0.371106	0.374704	0.379673	0.384641	0.389106	0.393571	0.395615	0.39766	0.397159	0.396658	0.393823	0.390988	0.388016	0.385044	0.383487	0.381931	0.382798	0.383664	0.382366	0.381068	0.378285	0.375501	0.372138	0.368776	0.366146	0.363517	0.361164	0.358811	0.357615	0.35642	0.356129	0.355837	0.356607	0.357376	0.359193	0.361009	0.362816	0.364623	0.366793	0.368963	0.370596	0.372229	0.373141	0.374054	0.375069	0.376083	0.376566	0.377049	0.376814	0.376579	0.375902	0.375226	0.374184	0.373143	0.371499	
0.393968	0.392337	0.390666	0.388994	0.387463	0.385932	0.385204	0.384475	0.385247	0.38602	0.38932	0.39262	0.397883	0.403145	0.408621	0.414097	0.41712	0.420143	0.420873	0.421603	0.419918	0.418233	0.415316	0.412399	0.409638	0.406878	0.407491	0.408103	0.407024	0.405946	0.403642	0.401337	0.398304	0.395271	0.392345	0.389419	0.386599	0.383778	0.382675	0.381572	0.381346	0.381121	0.381696	0.382271	0.383901	0.385531	0.38744	0.389348	0.392127	0.394906	0.397063	0.39922	0.400557	0.401894	0.402918	0.403942	0.403715	0.403488	0.402087	0.400686	0.399383	0.39808	0.39684	0.3956	0.393968	
0.418453	0.416807	0.415101	0.413395	0.411585	0.409775	0.408314	0.406853	0.406652	0.406451	0.408983	0.411514	0.416247	0.420979	0.42614	0.4313	0.434375	0.43745	0.439217	0.440985	0.441586	0.442187	0.440458	0.438729	0.435315	0.431901	0.43151	0.43112	0.430572	0.430024	0.428584	0.427143	0.424751	0.42236	0.419659	0.416958	0.414089	0.411221	0.410076	0.40893	0.408269	0.407609	0.407371	0.407134	0.408554	0.409973	0.412118	0.414262	0.417226	0.420191	0.422662	0.425133	0.427532	0.42993	0.431339	0.432747	0.432205	0.431663	0.429401	0.427139	0.425135	0.42313	0.421615	0.420099	0.418453	
0.442938	0.441278	0.439537	0.437797	0.435707	0.433618	0.431425	0.429232	0.428057	0.426883	0.428645	0.430408	0.434611	0.438813	0.443658	0.448503	0.451629	0.454756	0.457562	0.460367	0.463255	0.466142	0.465601	0.46506	0.460992	0.456923	0.45553	0.454136	0.454119	0.454103	0.453526	0.452949	0.451198	0.449448	0.446972	0.444496	0.44158	0.438664	0.437476	0.436289	0.435193	0.434097	0.433047	0.431998	0.433206	0.434414	0.436796	0.439177	0.442326	0.445475	0.44826	0.451046	0.454506	0.457966	0.45976	0.461553	0.460696	0.459839	0.456716	0.453593	0.450887	0.44818	0.44639	0.444599	0.442939	
0.468467	0.46697	0.465249	0.463527	0.46124	0.458954	0.456305	0.453656	0.451892	0.450127	0.45128	0.452433	0.455815	0.459198	0.463078	0.466958	0.469554	0.47215	0.475354	0.478558	0.48288	0.487202	0.488609	0.490016	0.486098	0.48218	0.480198	0.478216	0.478889	0.479562	0.480245	0.480929	0.479544	0.478158	0.475798	0.473437	0.470602	0.467767	0.465651	0.463536	0.461068	0.4586	0.457248	0.455897	0.458463	0.46103	0.464091	0.467152	0.470111	0.47307	0.475341	0.477611	0.480915	0.484219	0.485912	0.487604	0.486479	0.485353	0.482114	0.478874	0.476086	0.473298	0.471631	0.469964	0.468467	
0.493996	0.492663	0.49096	0.489257	0.486773	0.484289	0.481185	0.478081	0.475726	0.473371	0.473915	0.474458	0.47702	0.479582	0.482498	0.485414	0.487479	0.489544	0.493147	0.496749	0.502506	0.508263	0.511617	0.514971	0.511204	0.507436	0.504866	0.502296	0.503658	0.505021	0.506965	0.508909	0.507889	0.506869	0.504623	0.502377	0.499623	0.496869	0.493826	0.490784	0.486944	0.483103	0.481449	0.479795	0.483721	0.487646	0.491386	0.495127	0.497896	0.500666	0.502421	0.504176	0.507324	0.510472	0.512064	0.513656	0.512262	0.510868	0.507511	0.504154	0.501285	0.498415	0.496872	0.495329	0.493996	
0.52051	0.518892	0.517163	0.515433	0.513178	0.510923	0.507706	0.504489	0.501716	0.498944	0.499332	0.49972	0.501749	0.503778	0.505749	0.507719	0.50899	0.51026	0.514044	0.517829	0.523005	0.528182	0.533082	0.537982	0.536413	0.534845	0.532297	0.52975	0.530417	0.531084	0.533592	0.536099	0.536424	0.53675	0.534131	0.531512	0.528442	0.525372	0.521661	0.51795	0.514841	0.511731	0.510855	0.509979	0.512894	0.515809	0.519927	0.524046	0.527237	0.530429	0.530612	0.530796	0.532868	0.53494	0.536022	0.537103	0.536617	0.536131	0.533666	0.531202	0.528539	0.525876	0.524002	0.522129	0.52051	
0.547024	0.54512	0.543365	0.54161	0.539583	0.537557	0.534227	0.530897	0.527707	0.524516	0.524749	0.524982	0.526478	0.527975	0.529	0.530024	0.5305	0.530976	0.534942	0.538908	0.543504	0.548101	0.554546	0.560992	0.561623	0.562254	0.559729	0.557203	0.557176	0.557148	0.560218	0.563288	0.56496	0.566631	0.563639	0.560647	0.55726	0.553874	0.549495	0.545116	0.542738	0.54036	0.540261	0.540163	0.542068	0.543973	0.548469	0.552965	0.556579	0.560192	0.558804	0.557415	0.558411	0.559407	0.559979	0.560551	0.560973	0.561394	0.559822	0.558249	0.555793	0.553338	0.551133	0.548928	0.547024	
0.579314	0.577771	0.576163	0.574556	0.573173	0.571789	0.569013	0.566237	0.562209	0.55818	0.55661	0.555041	0.55556	0.556079	0.556741	0.557403	0.556664	0.555924	0.558019	0.560114	0.563219	0.566324	0.572966	0.579607	0.581949	0.584291	0.583436	0.582581	0.581099	0.579617	0.582228	0.584838	0.586527	0.588217	0.585293	0.582369	0.58001	0.577652	0.574695	0.571737	0.569824	0.56791	0.565701	0.563493	0.567495	0.571499	0.579043	0.586588	0.590245	0.593902	0.589603	0.585304	0.584624	0.583944	0.584653	0.585361	0.587088	0.588815	0.588416	0.588016	0.586212	0.584407	0.582632	0.580858	0.579314	
0.611604	0.610421	0.608962	0.607502	0.606762	0.606022	0.603799	0.601577	0.596711	0.591844	0.588472	0.5851	0.584642	0.584184	0.584483	0.584782	0.582828	0.580873	0.581096	0.58132	0.582933	0.584547	0.591385	0.598222	0.602276	0.606329	0.607143	0.607958	0.605022	0.602086	0.604237	0.606387	0.608095	0.609803	0.606947	0.604091	0.60276	0.601429	0.599894	0.598359	0.59691	0.595461	0.591141	0.586822	0.592923	0.599025	0.609617	0.62021	0.623911	0.627611	0.620403	0.613194	0.610837	0.608481	0.609326	0.610171	0.613203	0.616236	0.61701	0.617783	0.61663	0.615476	0.614132	0.612788	0.611604	
0.636829	0.635944	0.634829	0.633714	0.633992	0.634271	0.634032	0.633793	0.630035	0.626277	0.62288	0.619482	0.6173	0.615119	0.614636	0.614154	0.611447	0.60874	0.607639	0.606537	0.606222	0.605907	0.610654	0.615402	0.618523	0.621645	0.623915	0.626185	0.623581	0.620977	0.621861	0.622745	0.623062	0.62338	0.622342	0.621305	0.620284	0.619263	0.618056	0.616849	0.616774	0.616699	0.614533	0.612366	0.622267	0.632169	0.644044	0.655919	0.655828	0.655736	0.649162	0.642587	0.640337	0.638087	0.638277	0.638467	0.640215	0.641962	0.642221	0.64248	0.641332	0.640184	0.638949	0.637713	0.636829	
0.662053	0.661468	0.660696	0.659925	0.661222	0.66252	0.664264	0.666009	0.66336	0.660711	0.657287	0.653864	0.649959	0.646053	0.64479	0.643527	0.640067	0.636608	0.634181	0.631755	0.629511	0.627267	0.629924	0.632581	0.634771	0.636961	0.640687	0.644413	0.642141	0.639868	0.639485	0.639102	0.638029	0.636956	0.637737	0.638518	0.637808	0.637097	0.636218	0.63534	0.636638	0.637937	0.637924	0.63791	0.651612	0.665314	0.678471	0.691627	0.687745	0.683861	0.677921	0.67198	0.669837	0.667693	0.667228	0.666763	0.667226	0.667689	0.667433	0.667176	0.666034	0.664891	0.663765	0.662638	0.662053	
0.677998	0.677453	0.677197	0.67694	0.678331	0.679723	0.681662	0.683602	0.681955	0.680309	0.677161	0.674013	0.671629	0.669246	0.668043	0.666841	0.663851	0.660861	0.657582	0.654303	0.652532	0.650762	0.652541	0.654319	0.656345	0.658371	0.660714	0.663058	0.661779	0.660501	0.658807	0.657113	0.654179	0.651245	0.656826	0.662407	0.659287	0.656167	0.653084	0.650001	0.651494	0.652987	0.656817	0.660648	0.674282	0.687917	0.6964	0.704882	0.701871	0.69886	0.69448	0.690101	0.68866	0.68722	0.686815	0.686411	0.685936	0.685461	0.684611	0.68376	0.682385	0.68101	0.679777	0.678543	0.677998	
0.693943	0.693438	0.693697	0.693956	0.69544	0.696925	0.69906	0.701195	0.700551	0.699907	0.697035	0.694162	0.6933	0.692438	0.691296	0.690154	0.687634	0.685114	0.680982	0.67685	0.675554	0.674258	0.675158	0.676058	0.677919	0.679781	0.680742	0.681703	0.681418	0.682651	0.680584	0.676253	0.66812	0.665148	0.674649	0.685479	0.686915	0.675237	0.669949	0.664662	0.666349	0.668037	0.675711	0.683385	0.696953	0.71052	0.714328	0.718135	0.715997	0.713859	0.71104	0.708221	0.707483	0.706745	0.706402	0.706058	0.704645	0.703232	0.701788	0.700344	0.698736	0.697128	0.695788	0.694448	0.693943	
0.709002	0.708579	0.708956	0.709332	0.710043	0.710754	0.711605	0.712456	0.712072	0.711687	0.710165	0.708642	0.708656	0.708671	0.708557	0.708443	0.708666	0.708888	0.707811	0.706734	0.70527	0.703806	0.704985	0.706164	0.707307	0.70845	0.709367	0.710283	0.709277	0.709368	0.708875	0.705732	0.69644	0.692884	0.705004	0.720293	0.728445	0.719412	0.712116	0.704819	0.698697	0.692574	0.699074	0.705574	0.715514	0.725455	0.726004	0.726552	0.723072	0.719592	0.717341	0.71509	0.714627	0.714165	0.714139	0.714113	0.713698	0.713283	0.71303	0.712777	0.712026	0.711275	0.710351	0.709426	0.709003	
0.724062	0.723719	0.724214	0.724708	0.724646	0.724584	0.724151	0.723718	0.723593	0.723467	0.723295	0.723122	0.724013	0.724903	0.725818	0.726732	0.729697	0.732662	0.73464	0.736617	0.734985	0.733353	0.734812	0.736271	0.736696	0.73712	0.737992	0.738864	0.737136	0.735256	0.7354	0.734461	0.729696	0.728077	0.735465	0.746203	0.75928	0.763617	0.752078	0.744977	0.731045	0.717112	0.722437	0.727762	0.734076	0.74039	0.73768	0.734968	0.730147	0.725325	0.723642	0.721958	0.721771	0.721584	0.721876	0.722168	0.722751	0.723333	0.724272	0.72521	0.725316	0.725422	0.724913	0.724405	0.724062	
0.742335	0.742256	0.742464	0.742672	0.742295	0.741918	0.740724	0.739531	0.739092	0.738652	0.738942	0.739231	0.740645	0.742059	0.744363	0.746666	0.75059	0.754514	0.756007	0.7575	0.755921	0.754342	0.75538	0.756419	0.756908	0.757396	0.758246	0.759097	0.75755	0.757278	0.757508	0.758075	0.758133	0.759184	0.762265	0.766788	0.772784	0.775254	0.770462	0.763883	0.753088	0.742291	0.743246	0.744201	0.744089	0.743977	0.740463	0.73695	0.734511	0.732072	0.732268	0.732465	0.732299	0.732133	0.733014	0.733895	0.73546	0.737025	0.738819	0.740614	0.74144	0.742266	0.74234	0.742415	0.742335	
0.760609	0.760792	0.760714	0.760635	0.759944	0.759253	0.757298	0.755344	0.754591	0.753838	0.754589	0.75534	0.757277	0.759215	0.762908	0.7666	0.771483	0.776365	0.777374	0.778383	0.776856	0.77533	0.775948	0.776567	0.777119	0.777671	0.7785	0.779329	0.777963	0.776001	0.776197	0.777884	0.780872	0.783343	0.783252	0.783285	0.785124	0.786309	0.784549	0.782789	0.77513	0.767471	0.764055	0.76064	0.754101	0.747562	0.743247	0.738931	0.738875	0.73882	0.740895	0.742971	0.742826	0.742681	0.744151	0.745621	0.748169	0.750716	0.753367	0.756018	0.757564	0.759111	0.759768	0.760425	0.760609	
0.782792	0.782802	0.782806	0.78281	0.782392	0.781975	0.7808	0.779625	0.779745	0.779865	0.780965	0.782065	0.784671	0.787277	0.791069	0.79486	0.798012	0.801164	0.800564	0.799965	0.798064	0.796162	0.795581	0.794999	0.795074	0.795149	0.794338	0.793528	0.793471	0.794006	0.795887	0.798733	0.801578	0.802478	0.799892	0.797836	0.79931	0.801901	0.801846	0.801791	0.795834	0.789876	0.786612	0.783349	0.777332	0.771316	0.766083	0.760851	0.76205	0.763249	0.766695	0.770142	0.770892	0.771641	0.773502	0.775364	0.77695	0.778536	0.77966	0.780784	0.781496	0.782208	0.782495	0.782782	0.782792	
0.804975	0.804812	0.804898	0.804984	0.804841	0.804697	0.804302	0.803906	0.804899	0.805893	0.807342	0.80879	0.812065	0.81534	0.81923	0.82312	0.824541	0.825962	0.823754	0.821547	0.819271	0.816995	0.815213	0.813431	0.813029	0.812626	0.810176	0.807726	0.808978	0.81023	0.815994	0.821757	0.821127	0.820497	0.81527	0.810043	0.813768	0.817493	0.819143	0.820794	0.816537	0.812281	0.809169	0.806058	0.800564	0.795069	0.788921	0.782772	0.785225	0.787678	0.792495	0.797313	0.798958	0.800602	0.802854	0.805107	0.805732	0.806357	0.805954	0.80555	0.805428	0.805306	0.805222	0.805139	0.804975	
0.832236	0.832659	0.832959	0.833259	0.83329	0.83332	0.833315	0.833309	0.834614	0.835919	0.838025	0.84013	0.844038	0.847945	0.848953	0.84996	0.84875	0.847541	0.845549	0.843557	0.842056	0.840555	0.838557	0.83656	0.836491	0.836422	0.835954	0.835487	0.836431	0.837375	0.840171	0.842967	0.840785	0.838602	0.833583	0.828563	0.832004	0.835444	0.838631	0.841819	0.838936	0.836053	0.833601	0.831149	0.828695	0.826241	0.821594	0.816946	0.818244	0.819543	0.823427	0.827312	0.829432	0.831551	0.832757	0.833963	0.833306	0.832648	0.831861	0.831073	0.831096	0.831118	0.831465	0.831813	0.832236	
0.859497	0.860507	0.86102	0.861533	0.861738	0.861944	0.862328	0.862712	0.864329	0.865946	0.868708	0.871471	0.87601	0.88055	0.878675	0.8768	0.87296	0.869119	0.867343	0.865566	0.86484	0.864114	0.861901	0.859688	0.859953	0.860218	0.861733	0.863248	0.863884	0.86452	0.864349	0.864177	0.860442	0.856707	0.851896	0.847084	0.85024	0.853395	0.858119	0.862844	0.861335	0.859825	0.858032	0.856239	0.856826	0.857413	0.854267	0.85112	0.851264	0.851408	0.85436	0.857311	0.859906	0.8625	0.86266	0.86282	0.860879	0.858939	0.857768	0.856597	0.856763	0.85693	0.857708	0.858487	0.859497	
0.886539	0.888009	0.888803	0.889598	0.890309	0.891021	0.891822	0.892622	0.894283	0.895943	0.897996	0.900048	0.902681	0.905313	0.903184	0.901054	0.898443	0.895832	0.894795	0.893759	0.89353	0.893302	0.892412	0.891522	0.892326	0.893129	0.894686	0.896243	0.894842	0.89344	0.890778	0.888117	0.883327	0.878537	0.873974	0.86941	0.871886	0.874361	0.878665	0.882968	0.882993	0.883018	0.882689	0.882361	0.883673	0.884986	0.883124	0.881262	0.880767	0.880273	0.88102	0.881766	0.883047	0.884328	0.88457	0.884811	0.88327	0.881729	0.881178	0.880627	0.881469	0.88231	0.88369	0.885069	0.886539	
0.913582	0.915512	0.916587	0.917663	0.918881	0.920099	0.921315	0.922532	0.924236	0.925941	0.927283	0.928625	0.929351	0.930076	0.927692	0.925307	0.923926	0.922545	0.922248	0.921951	0.922221	0.92249	0.922923	0.923356	0.924699	0.926041	0.92764	0.929239	0.9258	0.92236	0.917208	0.912056	0.906212	0.900368	0.896052	0.891736	0.893532	0.895328	0.89921	0.903092	0.904651	0.90621	0.907346	0.908483	0.91052	0.912558	0.911981	0.911403	0.91027	0.909137	0.907679	0.906221	0.906188	0.906154	0.906479	0.906803	0.905661	0.90452	0.904589	0.904658	0.906174	0.90769	0.909671	0.911652	0.913582	
0.937197	0.939316	0.940838	0.94236	0.94417	0.945979	0.947488	0.948996	0.950205	0.951414	0.951601	0.951788	0.951376	0.950964	0.949115	0.947266	0.94662	0.945974	0.94609	0.946207	0.946646	0.947085	0.948285	0.949486	0.950864	0.952243	0.952361	0.952478	0.948469	0.94446	0.94011	0.935761	0.931237	0.926713	0.922021	0.917329	0.917853	0.918377	0.921105	0.923834	0.925692	0.927549	0.929621	0.931693	0.93497	0.938248	0.938792	0.939336	0.938073	0.93681	0.934122	0.931434	0.929823	0.928212	0.927732	0.927252	0.926477	0.925701	0.926289	0.926878	0.928789	0.930701	0.932889	0.935078	0.937197	
0.960812	0.963119	0.965088	0.967057	0.969459	0.97186	0.97366	0.975459	0.976173	0.976887	0.975919	0.974951	0.973402	0.971852	0.970539	0.969226	0.969314	0.969403	0.969933	0.970463	0.971071	0.97168	0.973647	0.975615	0.977029	0.978444	0.977081	0.975718	0.971138	0.966559	0.963012	0.959465	0.956262	0.953059	0.94799	0.942922	0.942173	0.941425	0.943001	0.944576	0.946732	0.948888	0.951895	0.954902	0.95942	0.963938	0.965603	0.967268	0.965876	0.964483	0.960565	0.956648	0.953459	0.95027	0.948986	0.947702	0.947292	0.946882	0.94799	0.949098	0.951405	0.953712	0.956108	0.958504	0.960811	
0.985761	0.988406	0.99065	0.992894	0.995129	0.997363	0.998537	0.99971	0.999405	0.999101	0.997371	0.995641	0.993732	0.991823	0.990649	0.989475	0.989682	0.98989	0.990921	0.991953	0.993304	0.994655	0.996766	0.998878	0.999421	0.999964	0.997143	0.994323	0.990001	0.985678	0.983916	0.982153	0.980165	0.978177	0.973577	0.968976	0.967488	0.965999	0.966834	0.96767	0.969307	0.970944	0.973774	0.976604	0.981215	0.985827	0.989031	0.992234	0.991746	0.991257	0.987219	0.983181	0.979264	0.975347	0.973298	0.97125	0.970804	0.970359	0.971579	0.972799	0.975279	0.97776	0.980438	0.983116	0.985761	
1.01071	1.01369	1.01621	1.01873	1.0208	1.02287	1.02341	1.02396	1.02264	1.02131	1.01882	1.01633	1.01406	1.01179	1.01076	1.00972	1.01005	1.01038	1.01191	1.01344	1.01554	1.01763	1.01988	1.02214	1.02181	1.02148	1.01721	1.01293	1.00886	1.0048	1.00482	1.00484	1.00407	1.0033	0.999163	0.995031	0.992802	0.990573	0.990668	0.990763	0.991882	0.993001	0.995653	0.998305	1.00301	1.00772	1.01246	1.0172	1.01762	1.01803	1.01387	1.00971	1.00507	1.00042	0.997611	0.994798	0.994317	0.993836	0.995168	0.996499	0.999154	1.00181	1.00477	1.00773	1.01071	
1.03764	1.0402	1.04227	1.04434	1.04567	1.04701	1.04675	1.0465	1.04457	1.04264	1.03994	1.03725	1.03502	1.03278	1.03193	1.03107	1.03189	1.03271	1.03487	1.03702	1.03931	1.04159	1.04332	1.04506	1.04383	1.04261	1.03818	1.03376	1.03109	1.02842	1.02939	1.03037	1.02993	1.02949	1.02614	1.02278	1.0208	1.01881	1.01863	1.01846	1.01918	1.01989	1.02176	1.02363	1.02706	1.03048	1.03466	1.03885	1.04034	1.04184	1.03901	1.03618	1.03246	1.02874	1.02631	1.02389	1.0233	1.02271	1.02392	1.02514	1.02752	1.0299	1.03249	1.03507	1.03764	
1.06456	1.0667	1.06832	1.06994	1.07055	1.07115	1.07009	1.06903	1.0665	1.06396	1.06106	1.05816	1.05597	1.05377	1.0531	1.05243	1.05373	1.05504	1.05782	1.0606	1.06307	1.06555	1.06676	1.06798	1.06585	1.06373	1.05916	1.0546	1.05332	1.05203	1.05396	1.05589	1.05579	1.05569	1.05311	1.05053	1.04879	1.04706	1.0466	1.04615	1.04647	1.04679	1.04787	1.04896	1.0511	1.05325	1.05687	1.06049	1.06307	1.06565	1.06415	1.06265	1.05985	1.05706	1.05502	1.05297	1.05228	1.05158	1.05268	1.05378	1.05588	1.05799	1.0602	1.06242	1.06456	
1.09058	1.09191	1.09266	1.0934	1.09319	1.09297	1.09159	1.0902	1.08784	1.08549	1.08303	1.08057	1.07886	1.07716	1.07698	1.07679	1.07848	1.08018	1.08283	1.08548	1.08736	1.08924	1.0897	1.09016	1.08801	1.08586	1.0828	1.07973	1.07936	1.07898	1.08079	1.08259	1.08288	1.08317	1.08178	1.0804	1.07943	1.07845	1.07843	1.0784	1.07847	1.07853	1.07845	1.07837	1.07878	1.0792	1.08119	1.08318	1.08542	1.08767	1.08762	1.08757	1.08626	1.08496	1.08392	1.08288	1.08261	1.08233	1.08306	1.08378	1.08509	1.0864	1.08783	1.08925	1.09058	
1.11661	1.11713	1.11699	1.11685	1.11583	1.1148	1.11308	1.11137	1.10919	1.10702	1.105	1.10298	1.10176	1.10055	1.10085	1.10116	1.10324	1.10531	1.10784	1.11037	1.11165	1.11294	1.11264	1.11233	1.11017	1.108	1.10643	1.10486	1.1054	1.10593	1.10761	1.1093	1.10997	1.11065	1.11046	1.11027	1.11006	1.10985	1.11025	1.11065	1.11046	1.11027	1.10903	1.10778	1.10646	1.10515	1.10551	1.10586	1.10778	1.10969	1.11109	1.11249	1.11267	1.11286	1.11282	1.11279	1.11294	1.11308	1.11343	1.11378	1.1143	1.11482	1.11545	1.11609	1.11661	
1.13994	1.13968	1.13876	1.13783	1.13631	1.1348	1.1331	1.13139	1.13005	1.1287	1.1276	1.12651	1.12608	1.12565	1.12639	1.12713	1.12879	1.13045	1.13206	1.13368	1.13396	1.13424	1.13345	1.13266	1.13125	1.12985	1.12993	1.13001	1.1308	1.13159	1.13255	1.13351	1.13441	1.13532	1.13611	1.13689	1.13752	1.13815	1.13878	1.13941	1.13931	1.13921	1.13764	1.13607	1.13406	1.13205	1.13108	1.13011	1.13112	1.13213	1.13377	1.13541	1.13659	1.13777	1.13846	1.13915	1.13949	1.13983	1.13988	1.13993	1.14004	1.14014	1.14017	1.1402	1.13994	
1.16328	1.16224	1.16053	1.15882	1.1568	1.15479	1.15311	1.15142	1.1509	1.15038	1.15021	1.15004	1.15039	1.15075	1.15192	1.1531	1.15434	1.15559	1.15629	1.15699	1.15627	1.15554	1.15426	1.15298	1.15234	1.1517	1.15343	1.15515	1.1562	1.15725	1.15748	1.15771	1.15885	1.15999	1.16175	1.16351	1.16498	1.16645	1.16731	1.16817	1.16816	1.16815	1.16626	1.16437	1.16166	1.15894	1.15666	1.15437	1.15447	1.15457	1.15645	1.15833	1.16051	1.16268	1.16409	1.1655	1.16604	1.16658	1.16633	1.16608	1.16578	1.16547	1.1649	1.16432	1.16328	
1.18496	1.18333	1.18111	1.17889	1.17667	1.17445	1.173	1.17154	1.1716	1.17165	1.17238	1.17311	1.17401	1.17491	1.17596	1.17702	1.17764	1.17826	1.17807	1.17788	1.17664	1.1754	1.17449	1.17358	1.17394	1.1743	1.17662	1.17895	1.18019	1.18143	1.18124	1.18106	1.18196	1.18287	1.18486	1.18685	1.18857	1.1903	1.19114	1.19197	1.19209	1.1922	1.19075	1.18929	1.18684	1.18439	1.18207	1.17975	1.17942	1.17908	1.18066	1.18223	1.18458	1.18694	1.18864	1.19035	1.19078	1.19121	1.19053	1.18985	1.18914	1.18844	1.18751	1.18659	1.18496	
1.20664	1.20442	1.20168	1.19895	1.19654	1.19412	1.19289	1.19166	1.19229	1.19291	1.19455	1.19618	1.19762	1.19907	1.2	1.20094	1.20093	1.20093	1.19984	1.19876	1.19701	1.19526	1.19472	1.19418	1.19554	1.19689	1.19982	1.20275	1.20418	1.20561	1.20501	1.2044	1.20507	1.20574	1.20796	1.21018	1.21217	1.21416	1.21496	1.21577	1.21602	1.21626	1.21523	1.21421	1.21202	1.20983	1.20748	1.20513	1.20436	1.20359	1.20486	1.20612	1.20866	1.21119	1.21319	1.2152	1.21552	1.21584	1.21473	1.21362	1.21251	1.21141	1.21013	1.20886	1.20664	
1.22809	1.22578	1.22304	1.2203	1.218	1.21569	1.21461	1.21353	1.21439	1.21524	1.2169	1.21856	1.21959	1.22062	1.22105	1.22149	1.22107	1.22066	1.21962	1.21858	1.21733	1.21609	1.21636	1.21664	1.21834	1.22005	1.22273	1.22541	1.22697	1.22853	1.22828	1.22803	1.22849	1.22896	1.23062	1.23229	1.23399	1.23569	1.23646	1.23724	1.23758	1.23793	1.23747	1.237	1.23556	1.23413	1.2326	1.23107	1.23062	1.23017	1.23121	1.23224	1.23411	1.23598	1.23742	1.23886	1.23879	1.23871	1.2372	1.23569	1.23437	1.23305	1.23172	1.23039	1.22809	
1.24954	1.24715	1.2444	1.24165	1.23945	1.23726	1.23633	1.2354	1.23649	1.23757	1.23925	1.24093	1.24155	1.24218	1.24211	1.24204	1.24122	1.2404	1.2394	1.2384	1.23766	1.23692	1.238	1.23909	1.24114	1.2432	1.24563	1.24807	1.24975	1.25144	1.25155	1.25166	1.25192	1.25218	1.25329	1.2544	1.25581	1.25722	1.25796	1.2587	1.25915	1.2596	1.2597	1.2598	1.25911	1.25842	1.25772	1.25701	1.25688	1.25675	1.25756	1.25836	1.25957	1.26078	1.26165	1.26252	1.26205	1.26158	1.25967	1.25776	1.25623	1.2547	1.25331	1.25193	1.24954	
1.27163	1.26965	1.26751	1.26537	1.26378	1.2622	1.2616	1.26101	1.26153	1.26205	1.26258	1.26312	1.26264	1.26216	1.26165	1.26114	1.26067	1.26019	1.2598	1.25941	1.25941	1.25941	1.26094	1.26247	1.26447	1.26647	1.26853	1.27059	1.27226	1.27393	1.27445	1.27496	1.2752	1.27545	1.27601	1.27657	1.27744	1.27831	1.27891	1.2795	1.28006	1.28062	1.28123	1.28184	1.28226	1.28269	1.28296	1.28324	1.28345	1.28365	1.28383	1.284	1.28439	1.28478	1.28479	1.2848	1.28379	1.28278	1.28088	1.27897	1.27751	1.27605	1.27483	1.27362	1.27163	
1.29373	1.29215	1.29062	1.28909	1.28811	1.28714	1.28688	1.28661	1.28657	1.28653	1.28591	1.2853	1.28372	1.28214	1.2812	1.28025	1.28011	1.27998	1.2802	1.28042	1.28116	1.28191	1.28387	1.28584	1.28779	1.28973	1.29142	1.29311	1.29477	1.29643	1.29735	1.29826	1.29849	1.29872	1.29873	1.29874	1.29907	1.29941	1.29985	1.30029	1.30097	1.30164	1.30276	1.30388	1.30541	1.30695	1.30821	1.30947	1.31001	1.31055	1.3101	1.30964	1.30921	1.30878	1.30793	1.30708	1.30553	1.30398	1.30208	1.30018	1.29879	1.2974	1.29635	1.29531	1.29373	
1.31648	1.31571	1.31523	1.31476	1.31457	1.31439	1.31438	1.31437	1.31337	1.31236	1.31019	1.30803	1.30546	1.30289	1.30198	1.30108	1.30158	1.30208	1.303	1.30392	1.30493	1.30594	1.30776	1.30958	1.31131	1.31305	1.31456	1.31607	1.31757	1.31907	1.32004	1.321	1.3211	1.3212	1.32096	1.32071	1.32086	1.321	1.32139	1.32178	1.32247	1.32316	1.32457	1.32598	1.32837	1.33076	1.33271	1.33466	1.33509	1.33551	1.33447	1.33343	1.3322	1.33097	1.32971	1.32844	1.32692	1.32539	1.32368	1.32197	1.32057	1.31918	1.31822	1.31726	1.31648	
1.33924	1.33927	1.33985	1.34044	1.34104	1.34164	1.34188	1.34213	1.34016	1.33819	1.33447	1.33076	1.32719	1.32363	1.32277	1.32191	1.32304	1.32418	1.3258	1.32741	1.3287	1.32998	1.33165	1.33332	1.33484	1.33636	1.3377	1.33904	1.34038	1.34172	1.34272	1.34373	1.34371	1.34368	1.34319	1.34269	1.34264	1.3426	1.34293	1.34327	1.34397	1.34468	1.34638	1.34807	1.35133	1.35458	1.35722	1.35985	1.36016	1.36047	1.35885	1.35722	1.35519	1.35316	1.35148	1.3498	1.3483	1.34679	1.34528	1.34377	1.34236	1.34095	1.34008	1.33921	1.33924	
1.36334	1.36385	1.36491	1.36597	1.36696	1.36795	1.36806	1.36817	1.3656	1.36302	1.35873	1.35443	1.35093	1.34743	1.34681	1.3462	1.34777	1.34934	1.35146	1.35357	1.35487	1.35616	1.35722	1.35828	1.35926	1.36024	1.36125	1.36226	1.36354	1.36482	1.36561	1.3664	1.36628	1.36615	1.36574	1.36534	1.36531	1.36528	1.36568	1.36609	1.36675	1.36742	1.36914	1.37086	1.37415	1.37743	1.38009	1.38276	1.38301	1.38327	1.38141	1.37956	1.37718	1.37479	1.37288	1.37097	1.36959	1.36822	1.36709	1.36597	1.36488	1.36378	1.3633	1.36283	1.36334	
1.38744	1.38843	1.38996	1.3915	1.39288	1.39427	1.39424	1.3942	1.39103	1.38786	1.38298	1.3781	1.37466	1.37123	1.37086	1.37049	1.3725	1.37451	1.37712	1.37973	1.38104	1.38234	1.38279	1.38325	1.38368	1.38411	1.38479	1.38547	1.3867	1.38793	1.3885	1.38907	1.38884	1.38862	1.3883	1.38798	1.38797	1.38796	1.38843	1.38891	1.38953	1.39016	1.3919	1.39365	1.39697	1.40029	1.40297	1.40566	1.40586	1.40607	1.40398	1.4019	1.39916	1.39643	1.39428	1.39213	1.39089	1.38964	1.38891	1.38818	1.38739	1.38661	1.38653	1.38644	1.38744	
1.41236	1.41333	1.4146	1.41588	1.41699	1.4181	1.41771	1.41733	1.41448	1.41163	1.40768	1.40372	1.401	1.39827	1.39802	1.39776	1.39966	1.40155	1.40406	1.40657	1.40778	1.409	1.4089	1.40881	1.40869	1.40858	1.40895	1.40931	1.41043	1.41155	1.41204	1.41253	1.41243	1.41234	1.41207	1.4118	1.41179	1.41179	1.41222	1.41264	1.41326	1.41387	1.41545	1.41704	1.4197	1.42236	1.42452	1.42668	1.42689	1.42709	1.42531	1.42353	1.42092	1.41831	1.41623	1.41414	1.41308	1.41203	1.41171	1.41139	1.41105	1.41071	1.41105	1.41139	1.41236	
1.43728	1.43823	1.43924	1.44026	1.44109	1.44193	1.44119	1.44045	1.43793	1.43541	1.43238	1.42935	1.42733	1.42531	1.42517	1.42503	1.42681	1.4286	1.431	1.43341	1.43453	1.43565	1.43501	1.43437	1.43371	1.43304	1.4331	1.43315	1.43416	1.43517	1.43559	1.436	1.43602	1.43605	1.43583	1.43561	1.43561	1.43562	1.436	1.43638	1.43698	1.43758	1.439	1.44043	1.44243	1.44443	1.44607	1.4477	1.44791	1.44812	1.44664	1.44516	1.44267	1.44019	1.43817	1.43615	1.43528	1.43441	1.43451	1.43461	1.43471	1.43481	1.43557	1.43633	1.43728	
1.46107	1.46176	1.46243	1.46311	1.46356	1.46402	1.46344	1.46287	1.46109	1.45931	1.4574	1.45549	1.45425	1.45301	1.45292	1.45283	1.45405	1.45526	1.4569	1.45855	1.45931	1.46008	1.45954	1.45899	1.45839	1.45779	1.45783	1.45788	1.45859	1.45931	1.45965	1.45999	1.46004	1.46008	1.4599	1.45972	1.4597	1.45968	1.45992	1.46017	1.46063	1.46108	1.46209	1.46309	1.46438	1.46568	1.46674	1.46781	1.46794	1.46806	1.46706	1.46606	1.46426	1.46246	1.46106	1.45966	1.4591	1.45854	1.45867	1.4588	1.45902	1.45924	1.45982	1.46039	1.46107	
1.48487	1.48529	1.48563	1.48596	1.48603	1.4861	1.48569	1.48528	1.48425	1.48322	1.48243	1.48164	1.48117	1.4807	1.48066	1.48063	1.48128	1.48193	1.4828	1.48368	1.48409	1.48451	1.48406	1.48361	1.48307	1.48254	1.48257	1.4826	1.48302	1.48345	1.48372	1.48399	1.48405	1.48411	1.48397	1.48383	1.48378	1.48374	1.48385	1.48397	1.48428	1.48459	1.48517	1.48574	1.48634	1.48693	1.48742	1.48791	1.48796	1.48801	1.48749	1.48696	1.48585	1.48473	1.48395	1.48316	1.48292	1.48267	1.48283	1.48299	1.48334	1.48368	1.48407	1.48445	1.48487	
1.50751	1.50751	1.50751	1.50751	1.50751	1.50751	1.50751	1.50751	1.50751	1.50751	1.50751	1.50751	1.50751	1.50751	1.50751	1.50751	1.50751	1.50751	1.50751	1.50751	1.50751	1.50751	1.50751	1.50751	1.50751	1.50751	1.50751	1.50751	1.50751	1.50751	1.50751	1.50751	1.50751	1.50751	1.50751	1.50751	1.50751	1.50751	1.50751	1.50751	1.50751	1.50751	1.50751	1.50751	1.50751	1.50751	1.50751	1.50751	1.50751	1.50751	1.50751	1.50751	1.50751	1.50751	1.50751	1.50751	1.50751	1.50751	1.50751	1.50751	1.50751	1.50751	1.50751	1.50751	1.50751	
