y	b	bdiff	u.x	u.y	u.z	Ri	
0.0976562	0.01318	0.000854462	2.16244e-05	2.49598e-05	-7.69391e-06	5343.6
6.34766	0.0251826	0.000146424	0.000987286	-1.86958e-05	-0.000472763	6221.45
12.5977	0.0495242	-0.000163012	-0.000366713	1.0138e-05	-0.000633926	4496.63
18.8477	0.0753082	0.000969869	-0.00652592	-1.88558e-05	-0.000323836	2278.48
24.3442	0.0984638	0.00244638	0.0186042	0.000115998	0.000632355	2403.9
29.5013	0.119099	0.00274087	0.0827856	0.000355302	0.00252938	8267.15
33.7537	0.133852	0.000721914	0.119948	-0.000124646	-0.0026071	26549.1
37.3883	0.146692	-0.000773146	0.108468	-2.64191e-05	0.000835565	19664.4
40.1029	0.155977	-0.00219493	0.0815212	0.000832466	0.0010639	11062.8
42.5507	0.165157	-0.00266937	0.0572869	0.000190528	0.00182086	8726.63
45.166	0.175296	-0.0028466	0.0335024	-0.000123277	0.000435109	7810.94
47.9556	0.186586	-0.00255933	0.016735	-0.000636187	-0.000950874	6312.13
51.0271	0.199803	-0.0014564	0.00673601	0.000149195	-0.000472671	3730.59
55.0175	0.216495	-0.000503483	0.00200502	0.000160806	-0.000425894	3676.43
60.3476	0.237931	-8.9592e-05	0.00135903	-0.000534144	-0.000278101	8912.69
66.1996	0.261068	-3.41137e-05	0.000570329	0.000602271	-6.17418e-05	15389.2
72.4496	0.285742	-1.12954e-05	0.000285603	-0.000571072	-3.38637e-05	23202.8
78.6996	0.3104	-4.31603e-06	0.000121082	0.00054713	-6.35834e-06	49212.1
84.9496	0.335063	7.82705e-06	6.39608e-05	-0.000529968	-4.28077e-06	88080
91.1996	0.359782	7.60637e-05	1.81968e-05	0.000519276	-8.8006e-07	327097
97.4496	0.381992	-9.85815e-05	3.77517e-06	-0.000513808	-9.86972e-08	1.74334e+06
