y	b	Ri	bdiff	u.x	u.y	u.z	
0	0	1.40834e+06	-0.000441144	0.00247572	0	-0.000293721
9.71286	0.192342	941173	0.00321397	0.00212353	0.00510562	0.000172845
19.4257	0.374659	67536.3	0.0111436	0.00158385	-0.00776618	-0.00168424
25.8276	0.361782	46170.5	0.0101043	0.000395568	0.00159486	-0.00263241
30.7905	0.422855	18592.2	0.00833331	-0.00168261	0.00631996	-0.00330847
35.2142	0.421582	38197.6	-0.000150489	4.01158e-05	0.00339291	-0.00182719
40.1771	0.544399	50378.9	-0.00944591	-0.000150895	-0.00183481	0.00182945
45.5072	0.65465	99879.4	-0.0150597	0.000653505	-0.00290098	0.00309305
50.9066	1.07505	193773	-0.0136633	-0.000917811	0.00048988	0.00203407
57.0151	1.19295	260681	-0.00251988	-0.00113229	-0.00355932	0.000519148
65.9954	1.42804	168010	-0.000429943	0.00148163	0.00408788	-2.79242e-08
77.4662	1.67675	255954	4.58779e-06	0.000818284	-0.0038416	-0.000100485
89.9662	1.85605	2.58211e+06	-1.39693e-05	-0.000240063	0.00326039	-5.48435e-05
