y	b	Ri	bdiff	u.x	u.y	u.z	
0	0	75592.4	-0.000647578	0.00239409	0	0.000107945
9.57826	0.175377	59770.1	0.0029674	0.00310404	0.00595727	0.000862412
19.1565	0.352625	261555	0.00928838	0.000755918	-0.00886379	0.000904719
26.1408	0.391571	107668	0.0101062	-0.00252425	0.00248609	-0.000151194
30.5135	0.376313	37027.9	0.008418	-0.00445558	0.00700912	-0.000825846
35.1609	0.480759	71259.2	-0.000444268	0.0023045	0.00352333	-0.00258641
40.1423	0.573398	167224	-0.00871639	0.000933605	-0.00268354	0.00213054
45.4274	0.731225	228244	-0.0149217	-0.00131589	-0.00240549	0.00275548
50.8507	1.02235	225565	-0.0125111	0.000202692	0.000103858	0.00129501
56.9592	1.21984	5.2403e+06	-0.00212412	-0.000603642	-0.00381172	0.000303331
65.9394	1.35442	6.88705e+07	-0.000500808	0.00277923	0.00439283	0.000190101
77.4102	1.62318	2.7773e+07	-3.01029e-05	0.00109965	-0.00354047	-9.41017e-05
89.9102	1.88523	4.08357e+07	8.24782e-06	0.00020954	0.00326873	4.50382e-05
