y	b	Ri	bdiff	u.x	u.y	u.z	
0	0	145021	0.000261453	0.0125323	0	0.00786466
9.44911	0.177756	108710	0.0050972	0.00747756	0.00433472	0.0063355
18.8982	0.281209	11636.6	0.0184102	0.00118193	-0.00535055	0.00376931
25.0762	0.337717	23083.6	0.0169861	-0.000485544	-0.000446683	-2.24669e-05
29.513	0.399633	822448	0.0136772	-0.000786919	0.00424869	0.000747701
34.1756	0.47793	24124.6	0.00197173	-0.00458407	0.00525229	0.00150636
38.9483	0.594781	380683	-0.01203	-0.00558748	-0.00348763	0.00896503
44.147	0.69666	21592.6	-0.0311752	-0.00579938	-0.00320591	0.0117136
49.6188	0.911418	33612.3	-0.0209315	-0.00327764	-0.000471583	0.00395779
54.9488	1.12614	54454.9	-0.0108888	-0.000122133	-0.00185554	-0.00043125
62.5737	1.33037	127859	-0.00280413	0.00320047	0.000768039	-0.0010443
74.0445	1.52143	150021	0.000265864	0.00402426	0.000779095	-0.000420808
85.5153	1.79316	383372	6.28558e-05	9.28783e-05	-0.00191693	-8.75557e-06
98.0153	2.05512	1.14342e+06	7.2868e-05	-9.50982e-05	0.00232484	-2.22065e-05
