y	b	Ri	bdiff	u.x	u.y	u.z	
0	0	3.57283e+08	1.38556e-06	5.30838e-05	0	-3.65662e-05
9.44911	0.158204	2.15565e+08	7.81826e-07	-0.000197183	9.31798e-06	-4.81929e-05
18.8982	0.316388	3.87207e+07	3.06795e-06	-5.64953e-06	-2.60536e-05	1.01688e-05
25.832	0.296689	1.68653e+07	2.96548e-06	-0.000882254	-4.86747e-05	-0.000146031
31.2315	0.38409	6.24332e+06	1.32453e-05	0.000427997	0.000155916	0.000669841
36.5166	0.446256	1.12468e+07	0.000243217	-5.84329e-05	-0.000146594	-0.000185078
41.9399	0.647659	2.05345e+07	-4.35767e-05	0.000193561	-4.00419e-05	-0.000311204
47.4117	0.832336	2.87006e+08	-0.000169846	-5.47456e-05	0.000391506	-0.000122415
52.7877	1.09898	8.5467e+08	-2.39998e-05	0.000136536	5.6356e-06	3.36247e-05
59.5297	1.21803	8.81136e+08	-6.04014e-07	9.92078e-05	5.72858e-06	-1.28521e-05
68.5099	1.43074	2.48306e+08	-1.88216e-06	3.49838e-05	-5.04008e-05	1.43019e-06
79.9807	1.70411	5.55296e+08	2.96969e-07	-3.76979e-06	-7.60372e-06	2.74522e-06
92.4807	1.87661	1.36321e+09	-5.44272e-07	7.27822e-06	-8.6014e-06	-9.8591e-07
