y	b	bdiff	u.x	u.y	u.z	Ri	
0	0.0247018	4.89145e-05	0	0	0	497396
12.5	0.0493027	6.55488e-07	9.98495e-06	-1.73348e-05	-1.33152e-08	384037
25	0.0985891	-1.44703e-05	6.49978e-06	-0.00056412	-0.000382307	155462
37.5	0.148051	0.000139661	7.54649e-05	-0.000135921	-0.00071093	91948.5
45.5582	0.18005	0.000355051	0.0480988	-2.76051e-05	-0.00137982	139377
48.5871	0.191675	3.18318e-05	0.110264	-0.00080976	-0.00127458	127877
50.2082	0.197991	-2.30391e-05	0.138356	0.000104643	-0.00372154	121629
51.7572	0.204033	-0.000103239	0.11179	0.000638185	-0.000974562	115658
53.6078	0.211202	-0.000225321	0.0702877	0.000854921	-0.0020741	108537
56.3075	0.221817	-0.000259758	0.0239288	-0.000220474	-0.00126112	98291.6
61.3264	0.241683	-0.00017984	-0.00216322	0.000483679	-0.000466735	84145.5
67.006	0.264252	-2.9795e-05	-7.59954e-05	-0.000523843	-0.000808588	70216.6
75.0642	0.296076	1.02332e-05	-0.000125792	-0.000533635	-0.000249902	133999
87.5642	0.345367	-1.08847e-06	9.1641e-06	9.90374e-06	3.79272e-07	1.35389e+06
