x=90	y=200	z=200	n=65	len=1
b
0	0	0	0	0	0	0	0	0	0	0	0	0	0	0	0	0	0	0	0	0	0	0	0	0	0	0	0	0	0	0	0	0	0	0	0	0	0	0	0	0	0	0	0	0	0	0	0	0	0	0	0	0	0	0	0	0	0	0	0	0	0	0	0	0	
0.0460511	0.0460546	0.0460544	0.0460543	0.0460568	0.0460593	0.0460582	0.0460571	0.0460552	0.0460532	0.046045	0.0460368	0.0460266	0.0460165	0.0459996	0.0459828	0.0459675	0.0459523	0.045937	0.0459217	0.0459131	0.0459046	0.0459059	0.0459072	0.0459098	0.0459123	0.0459264	0.0459404	0.0459373	0.0459342	0.0459439	0.0459535	0.045944	0.0459344	0.0459444	0.0459544	0.0459418	0.0459293	0.045931	0.0459326	0.0459197	0.0459068	0.0459113	0.0459158	0.0459179	0.0459201	0.0459326	0.0459451	0.0459597	0.0459743	0.0459852	0.0459962	0.0460108	0.0460255	0.0460284	0.0460312	0.0460401	0.0460489	0.0460462	0.0460436	0.0460481	0.0460527	0.0460502	0.0460477	0.0460511	
0.0920917	0.0920982	0.0920985	0.0920988	0.0921042	0.0921097	0.0921091	0.0921086	0.0921061	0.0921036	0.0920899	0.0920763	0.0920578	0.0920394	0.0920082	0.0919769	0.0919468	0.0919168	0.0918859	0.091855	0.0918356	0.0918161	0.0918159	0.0918156	0.0918186	0.0918217	0.0918486	0.0918755	0.0918703	0.0918651	0.0918838	0.0919026	0.0918841	0.0918655	0.0918845	0.0919035	0.0918795	0.0918555	0.0918579	0.0918604	0.0918379	0.0918155	0.0918254	0.0918352	0.0918431	0.0918509	0.0918755	0.0919	0.0919298	0.0919597	0.0919791	0.0919985	0.0920264	0.0920543	0.0920576	0.0920609	0.0920769	0.0920929	0.0920863	0.0920797	0.0920877	0.0920958	0.0920905	0.0920852	0.0920917	
0.138132	0.138142	0.138143	0.138143	0.138152	0.13816	0.13816	0.13816	0.138157	0.138154	0.138135	0.138116	0.138089	0.138062	0.138017	0.137971	0.137926	0.137881	0.137835	0.137788	0.137758	0.137728	0.137726	0.137724	0.137728	0.137731	0.137771	0.137811	0.137803	0.137796	0.137824	0.137852	0.137824	0.137797	0.137825	0.137853	0.137817	0.137782	0.137785	0.137788	0.137756	0.137724	0.137739	0.137755	0.137768	0.137782	0.137818	0.137855	0.1379	0.137945	0.137973	0.138001	0.138042	0.138083	0.138087	0.138091	0.138114	0.138137	0.138126	0.138116	0.138127	0.138139	0.138131	0.138123	0.138132	
0.184156	0.184168	0.18417	0.184173	0.184185	0.184198	0.184202	0.184206	0.184207	0.184208	0.18419	0.184172	0.184143	0.184115	0.184062	0.184008	0.183953	0.183897	0.183834	0.183771	0.183727	0.183682	0.183669	0.183656	0.183655	0.183654	0.1837	0.183746	0.183739	0.183732	0.183768	0.183803	0.183767	0.18373	0.183767	0.183803	0.183757	0.183711	0.183716	0.183721	0.183688	0.183655	0.18368	0.183704	0.183731	0.183758	0.183805	0.183852	0.183912	0.183971	0.184001	0.184031	0.18408	0.18413	0.184128	0.184126	0.184152	0.184177	0.18416	0.184143	0.184155	0.184167	0.184156	0.184145	0.184156	
0.23018	0.230194	0.230198	0.230202	0.230219	0.230235	0.230244	0.230253	0.230257	0.230261	0.230244	0.230228	0.230198	0.230168	0.230106	0.230045	0.229979	0.229913	0.229834	0.229754	0.229696	0.229637	0.229612	0.229588	0.229583	0.229577	0.22963	0.229682	0.229675	0.229668	0.229711	0.229754	0.229709	0.229664	0.229709	0.229754	0.229698	0.229641	0.229648	0.229655	0.22962	0.229586	0.22962	0.229654	0.229694	0.229734	0.229791	0.229848	0.229923	0.229998	0.230029	0.230061	0.230119	0.230176	0.230169	0.230162	0.23019	0.230218	0.230194	0.23017	0.230183	0.230196	0.230181	0.230167	0.23018	
0.276173	0.276187	0.276194	0.276202	0.276223	0.276244	0.276261	0.276278	0.27629	0.276302	0.276296	0.27629	0.276268	0.276245	0.276188	0.276131	0.276062	0.275994	0.275903	0.275812	0.275735	0.275659	0.275612	0.275565	0.275544	0.275523	0.275569	0.275615	0.275611	0.275607	0.275656	0.275704	0.275653	0.275603	0.27565	0.275698	0.275637	0.275576	0.275585	0.275595	0.275577	0.275558	0.275605	0.275652	0.275716	0.275779	0.27584	0.2759	0.275986	0.276072	0.276095	0.276117	0.276175	0.276233	0.276212	0.276192	0.276217	0.276241	0.276207	0.276174	0.276184	0.276195	0.276177	0.276159	0.276173	
0.322166	0.322181	0.322191	0.322201	0.322226	0.322252	0.322278	0.322303	0.322323	0.322344	0.322348	0.322353	0.322338	0.322322	0.322269	0.322217	0.322146	0.322075	0.321972	0.321869	0.321775	0.321681	0.321612	0.321542	0.321505	0.321469	0.321509	0.321549	0.321548	0.321546	0.3216	0.321654	0.321598	0.321542	0.321592	0.321642	0.321576	0.321511	0.321523	0.321535	0.321533	0.32153	0.32159	0.32165	0.321737	0.321824	0.321888	0.321952	0.32205	0.322147	0.32216	0.322174	0.322231	0.322289	0.322256	0.322223	0.322243	0.322264	0.322221	0.322178	0.322186	0.322194	0.322172	0.322151	0.322166	
0.368137	0.368151	0.368164	0.368177	0.368206	0.368235	0.368269	0.368304	0.368334	0.368365	0.368387	0.368408	0.36841	0.368413	0.368379	0.368345	0.368287	0.36823	0.368129	0.368028	0.367924	0.367821	0.367722	0.367623	0.36756	0.367497	0.367508	0.36752	0.367522	0.367524	0.367581	0.367638	0.367583	0.367529	0.367569	0.367609	0.367549	0.367489	0.36751	0.367531	0.367564	0.367598	0.36767	0.367742	0.367854	0.367966	0.368019	0.368073	0.36817	0.368267	0.368259	0.368251	0.368297	0.368344	0.368294	0.368244	0.368255	0.368267	0.368215	0.368164	0.368167	0.36817	0.368147	0.368123	0.368137	
0.414109	0.414122	0.414137	0.414153	0.414185	0.414217	0.414261	0.414304	0.414345	0.414386	0.414425	0.414464	0.414483	0.414503	0.414488	0.414473	0.414429	0.414385	0.414286	0.414186	0.414073	0.41396	0.413832	0.413704	0.413614	0.413525	0.413508	0.413492	0.413497	0.413502	0.413561	0.413621	0.413569	0.413516	0.413547	0.413577	0.413522	0.413467	0.413497	0.413526	0.413596	0.413666	0.41375	0.413834	0.413971	0.414107	0.41415	0.414194	0.41429	0.414387	0.414357	0.414327	0.414363	0.4144	0.414332	0.414265	0.414267	0.41427	0.41421	0.414149	0.414148	0.414147	0.414121	0.414096	0.414109	
0.460067	0.460078	0.460094	0.460109	0.460141	0.460173	0.460221	0.460269	0.460316	0.460364	0.460419	0.460474	0.460514	0.460554	0.46057	0.460587	0.460574	0.460561	0.460489	0.460416	0.460315	0.460214	0.46007	0.459927	0.459804	0.45968	0.459613	0.459545	0.45954	0.459534	0.45959	0.459646	0.459609	0.459572	0.459573	0.459574	0.459548	0.459523	0.459569	0.459615	0.459739	0.459864	0.459946	0.460028	0.460174	0.46032	0.460333	0.460346	0.460424	0.460501	0.460442	0.460383	0.4604	0.460418	0.460336	0.460255	0.460248	0.460241	0.460178	0.460115	0.460111	0.460106	0.460081	0.460056	0.460067	
0.506025	0.506034	0.50605	0.506066	0.506098	0.506129	0.506181	0.506233	0.506287	0.506341	0.506412	0.506483	0.506545	0.506606	0.506653	0.5067	0.506719	0.506737	0.506692	0.506646	0.506557	0.506467	0.506309	0.50615	0.505993	0.505835	0.505717	0.505599	0.505583	0.505566	0.505618	0.50567	0.505649	0.505627	0.505599	0.50557	0.505574	0.505578	0.505641	0.505704	0.505882	0.506061	0.506141	0.506221	0.506377	0.506534	0.506516	0.506498	0.506557	0.506615	0.506527	0.506438	0.506437	0.506436	0.50634	0.506245	0.506228	0.506212	0.506147	0.506081	0.506073	0.506065	0.506041	0.506016	0.506025	
0.552008	0.552014	0.552027	0.552039	0.552064	0.552089	0.552134	0.552179	0.55223	0.552281	0.552354	0.552428	0.552502	0.552576	0.552651	0.552726	0.552786	0.552846	0.552851	0.552857	0.55282	0.552783	0.552651	0.552519	0.552358	0.552196	0.552025	0.551854	0.5518	0.551746	0.551769	0.551793	0.551799	0.551805	0.551744	0.551683	0.55175	0.551817	0.551897	0.551976	0.55219	0.552403	0.55245	0.552496	0.552621	0.552745	0.552681	0.552617	0.552637	0.552658	0.552547	0.552436	0.552417	0.552398	0.552303	0.552209	0.552189	0.55217	0.552113	0.552056	0.552049	0.552041	0.552021	0.552001	0.552008	
0.59799	0.597995	0.598003	0.598012	0.598031	0.59805	0.598088	0.598125	0.598173	0.59822	0.598296	0.598372	0.598459	0.598547	0.598649	0.598751	0.598853	0.598955	0.599011	0.599068	0.599083	0.599099	0.598993	0.598888	0.598722	0.598557	0.598332	0.598108	0.598017	0.597925	0.59792	0.597916	0.597949	0.597982	0.597889	0.597796	0.597925	0.598055	0.598152	0.598249	0.598497	0.598745	0.598758	0.598772	0.598864	0.598957	0.598846	0.598735	0.598718	0.598701	0.598568	0.598435	0.598398	0.59836	0.598267	0.598173	0.59815	0.598128	0.59808	0.598031	0.598024	0.598018	0.598002	0.597986	0.59799	
0.644023	0.644026	0.644027	0.644028	0.644036	0.644045	0.644063	0.644081	0.644112	0.644143	0.644198	0.644253	0.64433	0.644408	0.644511	0.644613	0.644739	0.644865	0.644971	0.645077	0.645168	0.64526	0.645238	0.645216	0.645111	0.645007	0.644789	0.644572	0.644408	0.644245	0.644174	0.644103	0.644152	0.644201	0.644123	0.644045	0.644262	0.644478	0.644564	0.64465	0.644861	0.645073	0.645017	0.644961	0.64498	0.644999	0.64485	0.644702	0.64465	0.644597	0.64447	0.644343	0.644303	0.644263	0.644193	0.644123	0.644109	0.644095	0.644067	0.644039	0.644038	0.644038	0.644029	0.64402	0.644023	
0.690056	0.690058	0.690051	0.690044	0.690042	0.69004	0.690039	0.690037	0.690051	0.690066	0.6901	0.690134	0.690201	0.690269	0.690372	0.690476	0.690625	0.690775	0.69093	0.691085	0.691253	0.691421	0.691483	0.691545	0.691501	0.691457	0.691246	0.691035	0.6908	0.690565	0.690427	0.69029	0.690355	0.690421	0.690358	0.690295	0.690598	0.6909	0.690975	0.69105	0.691225	0.6914	0.691275	0.69115	0.691096	0.691041	0.690855	0.690668	0.690581	0.690494	0.690372	0.690251	0.690208	0.690165	0.69012	0.690074	0.690068	0.690061	0.690054	0.690047	0.690052	0.690058	0.690056	0.690055	0.690056	
0.736169	0.73617	0.736155	0.736139	0.736128	0.736116	0.736089	0.736063	0.736054	0.736045	0.736039	0.736032	0.736065	0.736098	0.736157	0.736217	0.736343	0.736469	0.736617	0.736765	0.736981	0.737198	0.73734	0.737481	0.737584	0.737687	0.737579	0.737471	0.737254	0.737036	0.736829	0.736622	0.736671	0.73672	0.736739	0.736757	0.737049	0.73734	0.737352	0.737363	0.737387	0.737412	0.737229	0.737047	0.736919	0.736791	0.736621	0.736451	0.736363	0.736274	0.736201	0.736128	0.736105	0.736082	0.736078	0.736075	0.736085	0.736095	0.736112	0.736129	0.736143	0.736156	0.736162	0.736168	0.736169	
0.782282	0.782283	0.782259	0.782235	0.782213	0.782192	0.78214	0.782089	0.782057	0.782025	0.781978	0.781931	0.781929	0.781927	0.781942	0.781958	0.782061	0.782164	0.782304	0.782445	0.782709	0.782974	0.783196	0.783418	0.783668	0.783918	0.783912	0.783907	0.783707	0.783508	0.783231	0.782954	0.782987	0.783019	0.783119	0.783219	0.7835	0.783781	0.783728	0.783676	0.78355	0.783423	0.783183	0.782943	0.782742	0.782541	0.782388	0.782235	0.782145	0.782055	0.78203	0.782006	0.782002	0.781998	0.782037	0.782076	0.782102	0.782129	0.78217	0.782212	0.782233	0.782255	0.782268	0.782281	0.782282	
0.828449	0.82845	0.828422	0.828395	0.82837	0.828345	0.828279	0.828214	0.828167	0.82812	0.828037	0.827954	0.827911	0.827869	0.827816	0.827763	0.827793	0.827823	0.827877	0.827931	0.828132	0.828333	0.828534	0.828734	0.829068	0.829401	0.829533	0.829665	0.829597	0.829529	0.82926	0.828992	0.828983	0.828974	0.829187	0.829399	0.829522	0.829645	0.829508	0.82937	0.829113	0.828855	0.828648	0.828441	0.828262	0.828083	0.828019	0.827955	0.827916	0.827877	0.827922	0.827967	0.827995	0.828023	0.828099	0.828174	0.828214	0.828252	0.828309	0.828365	0.82839	0.828415	0.828431	0.828447	0.828449	
0.874615	0.874617	0.874586	0.874555	0.874527	0.874499	0.874418	0.874338	0.874277	0.874216	0.874096	0.873977	0.873894	0.873812	0.87369	0.873569	0.873525	0.873482	0.87345	0.873418	0.873555	0.873693	0.873871	0.874049	0.874467	0.874885	0.875154	0.875424	0.875487	0.87555	0.87529	0.87503	0.87498	0.874929	0.875254	0.875579	0.875544	0.87551	0.875287	0.875064	0.874675	0.874287	0.874112	0.873938	0.873782	0.873626	0.873651	0.873675	0.873687	0.873698	0.873813	0.873929	0.873988	0.874048	0.87416	0.874273	0.874325	0.874377	0.874447	0.874517	0.874546	0.874574	0.874594	0.874613	0.874615	
0.920777	0.920779	0.920753	0.920727	0.920704	0.920682	0.920612	0.920542	0.920487	0.920431	0.920314	0.920198	0.920103	0.920008	0.919857	0.919706	0.919596	0.919487	0.919362	0.919237	0.919222	0.919208	0.91924	0.919271	0.919551	0.919831	0.920076	0.92032	0.920516	0.920711	0.920531	0.920351	0.920342	0.920332	0.920617	0.920902	0.920722	0.920542	0.920339	0.920135	0.919842	0.919548	0.919516	0.919484	0.919457	0.919431	0.919552	0.919673	0.919744	0.919815	0.919964	0.920114	0.920185	0.920256	0.920369	0.920482	0.920528	0.920574	0.920637	0.920699	0.920721	0.920744	0.92076	0.920776	0.920777	
0.96694	0.966941	0.96692	0.966899	0.966882	0.966865	0.966806	0.966746	0.966696	0.966646	0.966532	0.966418	0.966311	0.966205	0.966024	0.965843	0.965667	0.965492	0.965274	0.965055	0.964889	0.964723	0.964608	0.964493	0.964635	0.964777	0.964997	0.965217	0.965545	0.965873	0.965772	0.965672	0.965704	0.965735	0.965981	0.966226	0.9659	0.965574	0.965391	0.965207	0.965008	0.96481	0.96492	0.96503	0.965133	0.965235	0.965453	0.965672	0.965802	0.965932	0.966115	0.966298	0.966381	0.966464	0.966577	0.96669	0.966731	0.966772	0.966826	0.966881	0.966897	0.966913	0.966926	0.966939	0.96694	
1.013	1.013	1.01299	1.01298	1.01297	1.01296	1.01293	1.0129	1.01288	1.01285	1.01278	1.01272	1.01264	1.01257	1.01244	1.01231	1.01216	1.012	1.0118	1.01161	1.01138	1.01115	1.01095	1.01076	1.01063	1.0105	1.01058	1.01066	1.01099	1.01133	1.01149	1.01165	1.0117	1.01175	1.01168	1.01162	1.01128	1.01094	1.01087	1.0108	1.01088	1.01096	1.01116	1.01135	1.01153	1.01171	1.01192	1.01213	1.01224	1.01236	1.0125	1.01264	1.01269	1.01274	1.01281	1.01289	1.0129	1.01292	1.01295	1.01298	1.01298	1.01299	1.01299	1.013	1.013	
1.05905	1.05905	1.05905	1.05906	1.05906	1.05906	1.05906	1.05906	1.05905	1.05905	1.05903	1.05901	1.05897	1.05893	1.05886	1.05878	1.05865	1.05851	1.05834	1.05816	1.05786	1.05757	1.05729	1.05702	1.05662	1.05622	1.05616	1.0561	1.05644	1.05678	1.0572	1.05763	1.0577	1.05777	1.05739	1.05701	1.05665	1.0563	1.05634	1.05639	1.05675	1.05711	1.05739	1.05768	1.05793	1.05818	1.05838	1.05859	1.05869	1.05879	1.05889	1.05898	1.059	1.05902	1.05905	1.05908	1.05908	1.05907	1.05907	1.05908	1.05907	1.05906	1.05906	1.05906	1.05905	
1.10495	1.10494	1.10496	1.10497	1.10497	1.10497	1.10501	1.10504	1.10504	1.10505	1.10509	1.10513	1.10512	1.10511	1.10514	1.10516	1.1051	1.10504	1.105	1.10497	1.10478	1.10458	1.10444	1.10431	1.10394	1.10357	1.1034	1.10324	1.10325	1.10325	1.10372	1.10419	1.10419	1.1042	1.10375	1.1033	1.10329	1.10327	1.10345	1.10362	1.10396	1.10429	1.10447	1.10465	1.1048	1.10494	1.10502	1.1051	1.10513	1.10515	1.10516	1.10517	1.10515	1.10512	1.10511	1.10509	1.10506	1.10504	1.10502	1.105	1.10498	1.10497	1.10496	1.10496	1.10495	
1.15085	1.15084	1.15086	1.15089	1.15089	1.15089	1.15095	1.15101	1.15103	1.15104	1.15114	1.15124	1.15126	1.15129	1.15141	1.15154	1.15155	1.15156	1.15167	1.15178	1.15169	1.1516	1.1516	1.15159	1.15125	1.15091	1.15064	1.15037	1.15005	1.14973	1.15024	1.15075	1.15069	1.15063	1.15012	1.1496	1.14992	1.15025	1.15055	1.15085	1.15116	1.15147	1.15155	1.15162	1.15166	1.15171	1.15166	1.15162	1.15156	1.15151	1.15143	1.15135	1.15129	1.15123	1.15116	1.15109	1.15105	1.151	1.15097	1.15093	1.1509	1.15088	1.15087	1.15086	1.15085	
1.19662	1.1966	1.19663	1.19666	1.19665	1.19664	1.1967	1.19677	1.19676	1.19676	1.19687	1.19697	1.19698	1.197	1.19715	1.1973	1.19732	1.19735	1.19752	1.1977	1.19772	1.19773	1.19787	1.19801	1.19795	1.1979	1.19773	1.19756	1.19731	1.19706	1.19713	1.19719	1.19717	1.19715	1.19704	1.19693	1.19721	1.19749	1.19771	1.19793	1.19794	1.19795	1.19788	1.1978	1.19773	1.19766	1.19754	1.19742	1.19735	1.19727	1.19717	1.19706	1.19701	1.19695	1.19688	1.19681	1.19678	1.19675	1.19671	1.19668	1.19666	1.19664	1.19663	1.19663	1.19662	
1.24238	1.24237	1.2424	1.24242	1.24241	1.24239	1.24245	1.24252	1.2425	1.24248	1.24259	1.24271	1.2427	1.2427	1.24288	1.24305	1.24309	1.24313	1.24338	1.24362	1.24374	1.24387	1.24415	1.24442	1.24466	1.24489	1.24482	1.24475	1.24457	1.24439	1.24402	1.24364	1.24365	1.24366	1.24396	1.24426	1.2445	1.24474	1.24488	1.24502	1.24472	1.24442	1.2442	1.24399	1.2438	1.24362	1.24342	1.24323	1.24313	1.24304	1.2429	1.24277	1.24273	1.24268	1.24261	1.24253	1.24251	1.24249	1.24246	1.24243	1.24241	1.2424	1.2424	1.2424	1.24238	
1.28814	1.28813	1.28815	1.28817	1.28815	1.28812	1.28816	1.28821	1.28816	1.28812	1.2882	1.28827	1.28822	1.28817	1.28828	1.2884	1.28835	1.28831	1.28848	1.28865	1.28863	1.2886	1.28884	1.28908	1.28907	1.28905	1.28954	1.29003	1.28988	1.28973	1.28952	1.2893	1.28934	1.28939	1.28948	1.28958	1.28978	1.28997	1.28963	1.28928	1.28919	1.28909	1.28891	1.28872	1.28868	1.28865	1.28851	1.28837	1.28838	1.28838	1.2883	1.28822	1.28823	1.28824	1.2882	1.28816	1.28817	1.28817	1.28816	1.28815	1.28815	1.28815	1.28815	1.28816	1.28814	
1.3339	1.33389	1.33391	1.33392	1.33389	1.33385	1.33387	1.33389	1.33383	1.33377	1.3338	1.33383	1.33373	1.33364	1.33369	1.33375	1.33361	1.33348	1.33358	1.33368	1.33351	1.33334	1.33354	1.33375	1.33348	1.33321	1.33426	1.3353	1.33518	1.33525	1.33506	1.33517	1.33509	1.3353	1.33511	1.33505	1.33514	1.3352	1.33437	1.33354	1.33365	1.33376	1.33361	1.33345	1.33357	1.33368	1.3336	1.33352	1.33362	1.33372	1.33369	1.33366	1.33373	1.33379	1.33379	1.33378	1.33382	1.33386	1.33386	1.33387	1.33388	1.33389	1.33391	1.33392	1.3339	
1.37979	1.37979	1.37979	1.3798	1.37977	1.37974	1.37974	1.37975	1.37969	1.37963	1.37963	1.37963	1.37954	1.37946	1.37946	1.37946	1.37933	1.3792	1.37922	1.37924	1.37906	1.37887	1.37895	1.37903	1.37875	1.37846	1.37858	1.37871	1.37881	1.37874	1.37902	1.37923	1.37918	1.37891	1.37902	1.37864	1.37853	1.37855	1.37856	1.37857	1.37876	1.37894	1.37891	1.37888	1.37903	1.37919	1.37919	1.37919	1.3793	1.37941	1.37943	1.37944	1.37951	1.37959	1.37961	1.37963	1.37967	1.37971	1.37973	1.37975	1.37976	1.37977	1.37979	1.3798	1.37979	
1.42568	1.42568	1.42568	1.42568	1.42565	1.42563	1.42561	1.4256	1.42555	1.4255	1.42547	1.42543	1.42535	1.42528	1.42522	1.42517	1.42505	1.42493	1.42486	1.4248	1.4246	1.4244	1.42436	1.42432	1.42401	1.42371	1.42291	1.42211	1.42244	1.42264	1.42248	1.42183	1.42157	1.42172	1.42254	1.42264	1.42289	1.42189	1.42275	1.42361	1.42386	1.42411	1.42421	1.42431	1.4245	1.42469	1.42477	1.42485	1.42498	1.4251	1.42516	1.42522	1.4253	1.42538	1.42543	1.42547	1.42552	1.42556	1.42559	1.42562	1.42564	1.42566	1.42567	1.42569	1.42568	
1.47172	1.47173	1.47172	1.47172	1.47171	1.4717	1.47168	1.47166	1.47165	1.47163	1.4716	1.47156	1.47154	1.47153	1.47148	1.47142	1.47142	1.47141	1.47135	1.47128	1.4713	1.47131	1.47124	1.47117	1.47124	1.4713	1.47114	1.47097	1.47112	1.47088	1.4708	1.47066	1.47081	1.47091	1.47072	1.47079	1.47085	1.47082	1.47093	1.47105	1.47101	1.47098	1.47106	1.47115	1.47116	1.47117	1.47123	1.4713	1.47133	1.47136	1.47141	1.47145	1.47149	1.47152	1.47155	1.47159	1.47161	1.47164	1.47166	1.47168	1.47169	1.4717	1.47171	1.47172	1.47172	
1.51777	1.51777	1.51777	1.51776	1.51777	1.51777	1.51775	1.51773	1.51775	1.51777	1.51773	1.51769	1.51774	1.51778	1.51773	1.51768	1.51779	1.51789	1.51783	1.51777	1.51799	1.51822	1.51812	1.51803	1.51846	1.5189	1.51936	1.51983	1.51981	1.51979	1.51996	1.52046	1.5207	1.52045	1.51977	1.51975	1.5193	1.51974	1.51912	1.51849	1.51817	1.51784	1.51791	1.51798	1.51781	1.51765	1.5177	1.51775	1.51768	1.51762	1.51765	1.51769	1.51767	1.51766	1.51768	1.51771	1.51771	1.51771	1.51773	1.51774	1.51775	1.51775	1.51776	1.51776	1.51777	
1.5639	1.56391	1.5639	1.56389	1.56391	1.56393	1.56391	1.56389	1.56392	1.56396	1.56393	1.5639	1.56398	1.56405	1.56401	1.56398	1.56411	1.56424	1.5642	1.56415	1.56438	1.56461	1.56453	1.56444	1.56483	1.56522	1.56514	1.56505	1.56497	1.56546	1.56545	1.56556	1.56548	1.56543	1.56535	1.56549	1.56528	1.56503	1.56496	1.56488	1.5646	1.56432	1.56437	1.56442	1.56424	1.56406	1.56409	1.56412	1.56403	1.56394	1.56395	1.56397	1.56393	1.56389	1.5639	1.56391	1.56389	1.56388	1.56389	1.56389	1.56389	1.56389	1.56389	1.56389	1.5639	
1.61003	1.61004	1.61003	1.61002	1.61005	1.61008	1.61006	1.61004	1.6101	1.61016	1.61014	1.61012	1.61022	1.61031	1.6103	1.61028	1.61043	1.61059	1.61056	1.61054	1.61077	1.61101	1.61093	1.61085	1.6112	1.61154	1.61091	1.61027	1.61013	1.60999	1.6097	1.60941	1.60932	1.60923	1.60968	1.61012	1.61022	1.61031	1.61079	1.61128	1.61103	1.61079	1.61082	1.61085	1.61067	1.61048	1.61048	1.61049	1.61037	1.61025	1.61025	1.61025	1.61018	1.61012	1.61011	1.61011	1.61008	1.61005	1.61005	1.61004	1.61004	1.61003	1.61002	1.61002	1.61003	
1.65615	1.65616	1.65615	1.65613	1.65616	1.65619	1.65618	1.65616	1.65621	1.65626	1.65624	1.65622	1.6563	1.65637	1.65635	1.65633	1.65644	1.65654	1.65651	1.65648	1.65662	1.65676	1.65668	1.6566	1.65677	1.65693	1.6567	1.65648	1.65638	1.65628	1.6564	1.65652	1.65648	1.65643	1.65641	1.65638	1.65645	1.65652	1.65665	1.65678	1.65668	1.65658	1.65662	1.65665	1.65655	1.65644	1.65646	1.65648	1.6564	1.65632	1.65632	1.65633	1.65628	1.65623	1.65623	1.65622	1.6562	1.65618	1.65617	1.65616	1.65616	1.65615	1.65614	1.65613	1.65615	
1.70226	1.70228	1.70226	1.70225	1.70228	1.7023	1.70229	1.70227	1.70232	1.70236	1.70234	1.70233	1.70238	1.70243	1.70241	1.70239	1.70244	1.7025	1.70246	1.70242	1.70246	1.7025	1.70243	1.70235	1.70233	1.70232	1.7025	1.70268	1.70263	1.70258	1.7031	1.70362	1.70363	1.70364	1.70314	1.70264	1.70268	1.70272	1.70251	1.70229	1.70233	1.70237	1.70241	1.70245	1.70243	1.70241	1.70244	1.70247	1.70243	1.70239	1.7024	1.7024	1.70238	1.70235	1.70234	1.70233	1.70232	1.7023	1.70229	1.70228	1.70228	1.70228	1.70226	1.70225	1.70226	
1.74834	1.74835	1.74833	1.74832	1.74834	1.74836	1.74835	1.74833	1.74836	1.74838	1.74837	1.74835	1.74839	1.74842	1.7484	1.74839	1.74843	1.74847	1.74845	1.74842	1.74848	1.74854	1.74852	1.74851	1.74858	1.74866	1.7488	1.74893	1.74903	1.74912	1.74924	1.74936	1.74939	1.74942	1.74931	1.7492	1.74912	1.74903	1.74883	1.74864	1.7486	1.74856	1.74853	1.7485	1.74847	1.74843	1.74844	1.74845	1.74842	1.7484	1.7484	1.74841	1.74839	1.74838	1.74837	1.74837	1.74836	1.74836	1.74835	1.74834	1.74834	1.74835	1.74834	1.74832	1.74834	
1.79441	1.79442	1.79441	1.79439	1.7944	1.79442	1.7944	1.79439	1.7944	1.79441	1.7944	1.79438	1.7944	1.79441	1.7944	1.79438	1.79441	1.79444	1.79443	1.79443	1.7945	1.79458	1.79462	1.79466	1.79483	1.795	1.79509	1.79518	1.79542	1.79566	1.79538	1.79509	1.79515	1.79521	1.79549	1.79577	1.79555	1.79534	1.79516	1.79498	1.79487	1.79475	1.79465	1.79456	1.79451	1.79446	1.79444	1.79443	1.79441	1.7944	1.7944	1.79441	1.79441	1.79441	1.79441	1.79441	1.79441	1.79442	1.79441	1.7944	1.79441	1.79442	1.79441	1.7944	1.79441	
1.84044	1.84045	1.84044	1.84043	1.84044	1.84044	1.84043	1.84042	1.84043	1.84044	1.84043	1.84042	1.84044	1.84046	1.84046	1.84045	1.8405	1.84055	1.84056	1.84057	1.84067	1.84078	1.8408	1.84082	1.84094	1.84106	1.84098	1.84089	1.8408	1.8407	1.84021	1.83972	1.83977	1.83983	1.84031	1.84078	1.84092	1.84107	1.84106	1.84106	1.84099	1.84093	1.84084	1.84075	1.84068	1.84061	1.84057	1.84054	1.8405	1.84047	1.84046	1.84046	1.84045	1.84044	1.84044	1.84044	1.84044	1.84045	1.84044	1.84043	1.84044	1.84045	1.84044	1.84043	1.84044	
1.88648	1.88648	1.88647	1.88646	1.88647	1.88647	1.88646	1.88645	1.88646	1.88647	1.88646	1.88646	1.88648	1.88651	1.88652	1.88652	1.8866	1.88667	1.88669	1.88671	1.88684	1.88697	1.88698	1.88698	1.88705	1.88713	1.88687	1.88661	1.88617	1.88574	1.88504	1.88434	1.8844	1.88446	1.88513	1.8858	1.88629	1.88679	1.88696	1.88713	1.88712	1.8871	1.88702	1.88694	1.88685	1.88676	1.88671	1.88665	1.8866	1.88654	1.88652	1.8865	1.88649	1.88648	1.88647	1.88647	1.88647	1.88648	1.88647	1.88647	1.88647	1.88648	1.88648	1.88647	1.88648	
1.93251	1.93252	1.93251	1.9325	1.93251	1.93252	1.93251	1.9325	1.93252	1.93254	1.93254	1.93254	1.93258	1.93262	1.93263	1.93263	1.93271	1.93279	1.93279	1.93279	1.93287	1.93296	1.93288	1.9328	1.93273	1.93265	1.93233	1.932	1.93165	1.93129	1.93095	1.93061	1.93066	1.93071	1.93101	1.93131	1.93174	1.93217	1.93243	1.93269	1.93281	1.93293	1.93293	1.93294	1.93289	1.93285	1.93281	1.93276	1.93271	1.93266	1.93263	1.93261	1.93258	1.93255	1.93254	1.93253	1.93253	1.93252	1.93252	1.93251	1.93252	1.93252	1.93251	1.93251	1.93251	
1.97855	1.97855	1.97855	1.97854	1.97855	1.97856	1.97856	1.97856	1.97858	1.97861	1.97861	1.97862	1.97867	1.97873	1.97873	1.97874	1.97883	1.97891	1.97889	1.97886	1.9789	1.97894	1.97878	1.97862	1.9784	1.97818	1.97779	1.9774	1.97712	1.97685	1.97686	1.97687	1.97692	1.97696	1.97689	1.97682	1.97719	1.97755	1.9779	1.97825	1.9785	1.97876	1.97884	1.97893	1.97893	1.97894	1.97891	1.97888	1.97883	1.97877	1.97874	1.97871	1.97867	1.97863	1.97862	1.9786	1.97859	1.97857	1.97856	1.97856	1.97856	1.97856	1.97855	1.97854	1.97855	
2.0246	2.0246	2.0246	2.0246	2.02461	2.02463	2.02463	2.02462	2.02466	2.02469	2.02469	2.02469	2.02475	2.02481	2.0248	2.02479	2.02485	2.02491	2.02485	2.0248	2.02477	2.02474	2.02455	2.02436	2.02411	2.02386	2.02357	2.02329	2.02318	2.02308	2.02329	2.0235	2.02353	2.02357	2.02331	2.02304	2.02323	2.02342	2.02368	2.02394	2.02422	2.02449	2.02462	2.02474	2.02481	2.02488	2.02488	2.02488	2.02486	2.02483	2.0248	2.02478	2.02474	2.02471	2.02469	2.02467	2.02465	2.02464	2.02463	2.02462	2.02461	2.02461	2.0246	2.02459	2.0246	
2.07065	2.07065	2.07065	2.07065	2.07067	2.07069	2.07069	2.07069	2.07073	2.07077	2.07077	2.07077	2.07083	2.07089	2.07087	2.07085	2.07088	2.07091	2.07082	2.07073	2.07063	2.07053	2.07032	2.07011	2.06983	2.06954	2.06936	2.06918	2.06925	2.06931	2.06972	2.07012	2.07015	2.07018	2.06972	2.06927	2.06928	2.06929	2.06946	2.06963	2.06993	2.07023	2.07039	2.07056	2.07069	2.07081	2.07085	2.07089	2.07089	2.07088	2.07087	2.07085	2.07082	2.07079	2.07077	2.07075	2.07072	2.0707	2.07069	2.07067	2.07067	2.07066	2.07065	2.07064	2.07065	
2.11672	2.11672	2.11672	2.11672	2.11674	2.11676	2.11676	2.11676	2.1168	2.11684	2.11683	2.11682	2.11686	2.11691	2.11687	2.11683	2.11683	2.11683	2.11672	2.11662	2.1165	2.11637	2.11619	2.11601	2.11581	2.1156	2.11555	2.1155	2.11564	2.11578	2.11614	2.11649	2.11652	2.11654	2.11614	2.11573	2.11566	2.11559	2.11563	2.11567	2.1159	2.11613	2.11627	2.1164	2.11655	2.1167	2.11676	2.11681	2.11684	2.11688	2.11688	2.11687	2.11686	2.11684	2.11682	2.11681	2.11679	2.11677	2.11676	2.11674	2.11674	2.11673	2.11672	2.11671	2.11672	
2.16279	2.16279	2.16279	2.16279	2.16281	2.16283	2.16283	2.16283	2.16286	2.1629	2.16289	2.16287	2.1629	2.16293	2.16287	2.16282	2.16278	2.16275	2.16263	2.16251	2.16236	2.16221	2.16206	2.16192	2.16179	2.16165	2.16173	2.16181	2.16203	2.16224	2.16255	2.16286	2.16288	2.1629	2.16255	2.1622	2.16204	2.16188	2.1618	2.16171	2.16187	2.16202	2.16214	2.16225	2.16242	2.16259	2.16267	2.16274	2.1628	2.16287	2.16288	2.1629	2.16289	2.16289	2.16288	2.16287	2.16285	2.16284	2.16282	2.16281	2.1628	2.16279	2.16279	2.16278	2.16279	
2.20885	2.20886	2.20886	2.20885	2.20887	2.20889	2.20888	2.20887	2.2089	2.20893	2.2089	2.20888	2.20889	2.20889	2.20883	2.20877	2.20871	2.20865	2.20854	2.20844	2.2083	2.20816	2.20807	2.20799	2.20792	2.20786	2.20799	2.20812	2.20832	2.20851	2.20873	2.20894	2.20895	2.20896	2.20872	2.20848	2.20833	2.20817	2.20804	2.20791	2.20799	2.20807	2.20814	2.20821	2.20836	2.20851	2.20859	2.20866	2.20874	2.20882	2.20884	2.20887	2.20888	2.2089	2.2089	2.2089	2.20889	2.20888	2.20888	2.20887	2.20886	2.20886	2.20885	2.20885	2.20885	
2.25492	2.25493	2.25492	2.25491	2.25493	2.25495	2.25494	2.25492	2.25494	2.25495	2.25492	2.25489	2.25487	2.25486	2.25479	2.25472	2.25464	2.25456	2.25446	2.25436	2.25424	2.25412	2.25409	2.25405	2.25406	2.25406	2.25425	2.25443	2.25461	2.25479	2.2549	2.25501	2.25501	2.25502	2.25489	2.25476	2.25461	2.25446	2.25428	2.2541	2.25411	2.25412	2.25414	2.25417	2.2543	2.25443	2.2545	2.25457	2.25467	2.25477	2.2548	2.25484	2.25488	2.25491	2.25492	2.25493	2.25493	2.25493	2.25493	2.25493	2.25492	2.25492	2.25492	2.25491	2.25492	
2.30097	2.30098	2.30097	2.30096	2.30097	2.30099	2.30097	2.30095	2.30095	2.30095	2.30091	2.30087	2.30084	2.30081	2.30074	2.30067	2.30059	2.30051	2.30043	2.30035	2.30026	2.30017	2.30018	2.30018	2.30022	2.30026	2.30043	2.30061	2.30075	2.30089	2.30094	2.30099	2.301	2.301	2.30093	2.30087	2.30074	2.30062	2.30045	2.30029	2.30026	2.30023	2.30023	2.30022	2.30032	2.30042	2.30047	2.30053	2.30063	2.30072	2.30076	2.3008	2.30085	2.3009	2.30092	2.30093	2.30095	2.30096	2.30096	2.30096	2.30097	2.30097	2.30097	2.30096	2.30097	
2.34703	2.34703	2.34702	2.34701	2.34702	2.34702	2.347	2.34697	2.34696	2.34696	2.34691	2.34686	2.34681	2.34677	2.3467	2.34663	2.34654	2.34646	2.3464	2.34634	2.34628	2.34622	2.34627	2.34631	2.34638	2.34646	2.34662	2.34678	2.34688	2.34699	2.34698	2.34698	2.34698	2.34698	2.34698	2.34697	2.34688	2.34678	2.34663	2.34647	2.34641	2.34635	2.34631	2.34626	2.34633	2.3464	2.34644	2.34648	2.34658	2.34668	2.34672	2.34677	2.34683	2.34689	2.34691	2.34693	2.34696	2.34699	2.347	2.347	2.34701	2.34702	2.34702	2.34702	2.34703	
2.39305	2.39306	2.39305	2.39303	2.39303	2.39303	2.393	2.39297	2.39296	2.39294	2.39289	2.39283	2.39278	2.39273	2.39267	2.3926	2.39253	2.39245	2.39242	2.39238	2.39234	2.3923	2.39236	2.39242	2.3925	2.39257	2.3927	2.39284	2.39291	2.39298	2.39296	2.39294	2.39294	2.39294	2.39296	2.39297	2.3929	2.39283	2.39271	2.39258	2.39251	2.39245	2.39239	2.39234	2.39238	2.39243	2.39245	2.39248	2.39257	2.39265	2.39269	2.39273	2.3928	2.39287	2.39289	2.39292	2.39296	2.39299	2.393	2.39301	2.39303	2.39305	2.39305	2.39304	2.39305	
2.43908	2.43909	2.43907	2.43906	2.43905	2.43905	2.43901	2.43898	2.43895	2.43892	2.43886	2.43881	2.43875	2.43869	2.43864	2.43858	2.43851	2.43844	2.43843	2.43841	2.4384	2.43838	2.43846	2.43853	2.43861	2.43868	2.43879	2.43889	2.43894	2.43898	2.43894	2.43891	2.4389	2.4389	2.43894	2.43897	2.43893	2.43888	2.43879	2.43869	2.43862	2.43854	2.43848	2.43842	2.43843	2.43845	2.43846	2.43847	2.43855	2.43863	2.43866	2.4387	2.43877	2.43885	2.43888	2.43891	2.43895	2.439	2.43901	2.43903	2.43905	2.43907	2.43907	2.43907	2.43908	
2.48509	2.4851	2.48508	2.48506	2.48505	2.48504	2.485	2.48497	2.48493	2.4849	2.48485	2.4848	2.48474	2.48468	2.48463	2.48458	2.48453	2.48447	2.48447	2.48446	2.48446	2.48446	2.48453	2.48461	2.48467	2.48474	2.48482	2.4849	2.48493	2.48495	2.48492	2.48489	2.48489	2.48488	2.48491	2.48495	2.48492	2.48488	2.48481	2.48475	2.48468	2.48461	2.48455	2.48449	2.48449	2.4845	2.4845	2.4845	2.48456	2.48462	2.48466	2.48469	2.48476	2.48483	2.48486	2.48489	2.48494	2.48499	2.48501	2.48502	2.48505	2.48508	2.48508	2.48508	2.48509	
2.53109	2.5311	2.53108	2.53106	2.53105	2.53104	2.531	2.53096	2.53092	2.53088	2.53083	2.53078	2.53072	2.53067	2.53063	2.53059	2.53054	2.5305	2.53051	2.53052	2.53053	2.53054	2.53061	2.53068	2.53074	2.5308	2.53085	2.53091	2.53092	2.53093	2.5309	2.53087	2.53087	2.53086	2.53089	2.53093	2.53091	2.53088	2.53084	2.5308	2.53074	2.53068	2.53062	2.53056	2.53055	2.53054	2.53053	2.53052	2.53057	2.53062	2.53065	2.53068	2.53075	2.53082	2.53085	2.53088	2.53093	2.53099	2.531	2.53102	2.53105	2.53108	2.53109	2.53109	2.53109	
2.57708	2.57709	2.57707	2.57705	2.57704	2.57702	2.57698	2.57695	2.57691	2.57687	2.57682	2.57678	2.57672	2.57667	2.57664	2.57661	2.57657	2.57654	2.57655	2.57657	2.57658	2.5766	2.57666	2.57672	2.57677	2.57682	2.57686	2.5769	2.5769	2.5769	2.57688	2.57686	2.57686	2.57685	2.57688	2.5769	2.57689	2.57687	2.57685	2.57682	2.57677	2.57672	2.57667	2.57662	2.5766	2.57659	2.57657	2.57656	2.5766	2.57664	2.57666	2.57668	2.57675	2.57681	2.57684	2.57687	2.57692	2.57697	2.57699	2.57701	2.57704	2.57707	2.57707	2.57707	2.57708	
2.62307	2.62308	2.62306	2.62304	2.62302	2.623	2.62297	2.62293	2.62289	2.62285	2.62281	2.62277	2.62272	2.62267	2.62265	2.62263	2.6226	2.62258	2.6226	2.62262	2.62264	2.62265	2.62271	2.62276	2.6228	2.62283	2.62286	2.62288	2.62288	2.62288	2.62286	2.62285	2.62284	2.62284	2.62286	2.62288	2.62287	2.62286	2.62285	2.62283	2.6228	2.62276	2.62271	2.62267	2.62265	2.62263	2.62261	2.6226	2.62263	2.62266	2.62267	2.62269	2.62274	2.6228	2.62283	2.62285	2.62291	2.62296	2.62298	2.62299	2.62303	2.62306	2.62306	2.62306	2.62307	
2.66905	2.66905	2.66904	2.66902	2.669	2.66899	2.66895	2.66892	2.66889	2.66885	2.66881	2.66878	2.66874	2.66869	2.66868	2.66866	2.66864	2.66862	2.66864	2.66866	2.66868	2.6687	2.66874	2.66879	2.66881	2.66884	2.66886	2.66888	2.66887	2.66887	2.66886	2.66885	2.66884	2.66884	2.66885	2.66887	2.66886	2.66886	2.66885	2.66884	2.66881	2.66878	2.66874	2.66871	2.66869	2.66867	2.66866	2.66864	2.66866	2.66868	2.6687	2.66871	2.66876	2.6688	2.66883	2.66885	2.6689	2.66894	2.66896	2.66898	2.66901	2.66904	2.66904	2.66904	2.66905	
2.71502	2.71503	2.71501	2.715	2.71498	2.71497	2.71494	2.71491	2.71488	2.71484	2.71481	2.71478	2.71475	2.71472	2.7147	2.71469	2.71468	2.71467	2.71469	2.71471	2.71472	2.71474	2.71478	2.71481	2.71483	2.71485	2.71486	2.71487	2.71486	2.71486	2.71485	2.71485	2.71484	2.71484	2.71485	2.71486	2.71486	2.71485	2.71485	2.71485	2.71483	2.7148	2.71478	2.71475	2.71473	2.71471	2.7147	2.71468	2.7147	2.71471	2.71472	2.71473	2.71477	2.71481	2.71483	2.71485	2.71489	2.71493	2.71495	2.71496	2.71499	2.71502	2.71502	2.71502	2.71502	
2.76099	2.761	2.76099	2.76097	2.76096	2.76095	2.76092	2.7609	2.76087	2.76085	2.76082	2.7608	2.76077	2.76074	2.76074	2.76073	2.76072	2.76071	2.76073	2.76074	2.76076	2.76077	2.7608	2.76083	2.76084	2.76085	2.76086	2.76087	2.76086	2.76086	2.76085	2.76085	2.76085	2.76084	2.76085	2.76086	2.76086	2.76085	2.76085	2.76085	2.76084	2.76082	2.7608	2.76078	2.76076	2.76075	2.76073	2.76072	2.76073	2.76074	2.76075	2.76075	2.76079	2.76082	2.76083	2.76085	2.76088	2.76092	2.76093	2.76094	2.76097	2.76099	2.76099	2.76099	2.76099	
2.80697	2.80697	2.80696	2.80695	2.80694	2.80693	2.80691	2.80689	2.80687	2.80685	2.80683	2.80681	2.80679	2.80677	2.80677	2.80676	2.80676	2.80675	2.80676	2.80678	2.80679	2.8068	2.80682	2.80684	2.80685	2.80686	2.80686	2.80686	2.80686	2.80686	2.80685	2.80685	2.80685	2.80685	2.80685	2.80686	2.80686	2.80685	2.80685	2.80686	2.80684	2.80683	2.80682	2.80681	2.80679	2.80678	2.80677	2.80676	2.80677	2.80677	2.80678	2.80678	2.8068	2.80683	2.80684	2.80685	2.80688	2.8069	2.80691	2.80692	2.80694	2.80696	2.80696	2.80696	2.80697	
2.85294	2.85294	2.85293	2.85292	2.85292	2.85291	2.8529	2.85289	2.85287	2.85286	2.85284	2.85283	2.85282	2.85281	2.8528	2.8528	2.8528	2.85279	2.8528	2.85281	2.85282	2.85283	2.85284	2.85285	2.85286	2.85286	2.85286	2.85287	2.85286	2.85286	2.85286	2.85286	2.85286	2.85286	2.85286	2.85286	2.85286	2.85286	2.85286	2.85286	2.85285	2.85285	2.85284	2.85283	2.85282	2.85281	2.85281	2.8528	2.8528	2.85281	2.85281	2.85281	2.85283	2.85284	2.85285	2.85286	2.85288	2.85289	2.8529	2.85291	2.85292	2.85293	2.85293	2.85293	2.85294	
2.89891	2.89891	2.8989	2.8989	2.8989	2.89889	2.89889	2.89888	2.89887	2.89887	2.89886	2.89885	2.89885	2.89884	2.89884	2.89884	2.89884	2.89883	2.89884	2.89884	2.89885	2.89885	2.89886	2.89886	2.89887	2.89887	2.89887	2.89887	2.89887	2.89887	2.89887	2.89887	2.89887	2.89886	2.89887	2.89887	2.89887	2.89887	2.89887	2.89887	2.89886	2.89886	2.89886	2.89885	2.89885	2.89884	2.89884	2.89884	2.89884	2.89884	2.89884	2.89884	2.89885	2.89886	2.89886	2.89887	2.89888	2.89888	2.89889	2.89889	2.8989	2.8989	2.8989	2.8989	2.89891	
2.94487	2.94487	2.94487	2.94487	2.94487	2.94487	2.94487	2.94487	2.94487	2.94487	2.94487	2.94487	2.94487	2.94487	2.94487	2.94487	2.94487	2.94487	2.94487	2.94487	2.94487	2.94487	2.94487	2.94487	2.94487	2.94487	2.94487	2.94487	2.94487	2.94487	2.94487	2.94487	2.94487	2.94487	2.94487	2.94487	2.94487	2.94487	2.94487	2.94487	2.94487	2.94487	2.94487	2.94487	2.94487	2.94487	2.94487	2.94487	2.94487	2.94487	2.94487	2.94487	2.94487	2.94487	2.94487	2.94487	2.94487	2.94487	2.94487	2.94487	2.94487	2.94487	2.94487	2.94487	2.94487	
