x=200	y=90	z=200	n=65	len=1
b
1.32114	1.32117	1.32114	1.32111	1.32105	1.321	1.32088	1.32077	1.32062	1.32047	1.32027	1.32006	1.31982	1.31957	1.31928	1.31898	1.31867	1.31835	1.31799	1.31763	1.31731	1.31699	1.31662	1.31625	1.31608	1.31592	1.31522	1.31451	1.31485	1.31518	1.31469	1.3142	1.31329	1.31237	1.31301	1.31365	1.31451	1.31538	1.31585	1.31631	1.31634	1.31637	1.31646	1.31655	1.31677	1.31699	1.31729	1.3176	1.31795	1.31829	1.31863	1.31896	1.31927	1.31958	1.31983	1.32008	1.32028	1.32049	1.32064	1.32078	1.32089	1.32101	1.32106	1.32111	1.32114	
1.32114	1.32115	1.32114	1.32114	1.32106	1.32099	1.3209	1.32082	1.32066	1.32049	1.32031	1.32013	1.31988	1.31962	1.31933	1.31904	1.3187	1.31837	1.31798	1.31759	1.31721	1.31683	1.31636	1.31588	1.31562	1.31535	1.31463	1.31391	1.31437	1.31482	1.31373	1.31265	1.31193	1.31122	1.31182	1.31243	1.3133	1.31417	1.31451	1.31486	1.31507	1.31527	1.31558	1.31589	1.31627	1.31664	1.31705	1.31746	1.31786	1.31825	1.31863	1.319	1.31931	1.31961	1.31987	1.32013	1.32032	1.32051	1.32066	1.32082	1.32091	1.32099	1.32107	1.32114	1.32114	
1.32123	1.32125	1.32123	1.32121	1.32116	1.32111	1.32102	1.32093	1.32079	1.32065	1.32047	1.32029	1.32006	1.31983	1.31954	1.31925	1.31892	1.31859	1.3182	1.31781	1.31742	1.31703	1.3165	1.31598	1.31564	1.31531	1.31447	1.31364	1.31403	1.31441	1.31277	1.31112	1.31058	1.31004	1.31079	1.31153	1.31227	1.31301	1.31349	1.31397	1.31437	1.31476	1.31522	1.31567	1.31618	1.31668	1.31713	1.31759	1.31801	1.31843	1.31879	1.31916	1.31947	1.31978	1.32001	1.32025	1.32044	1.32064	1.32077	1.3209	1.321	1.3211	1.32115	1.3212	1.32123	
1.32131	1.32136	1.32132	1.32129	1.32126	1.32124	1.32114	1.32104	1.32093	1.32081	1.32063	1.32046	1.32024	1.32003	1.31975	1.31946	1.31914	1.31882	1.31842	1.31802	1.31762	1.31722	1.31664	1.31607	1.31566	1.31526	1.31432	1.31338	1.31369	1.31401	1.3118	1.3096	1.30923	1.30886	1.30975	1.31064	1.31125	1.31185	1.31247	1.31308	1.31367	1.31426	1.31486	1.31546	1.31609	1.31672	1.31722	1.31772	1.31816	1.31861	1.31896	1.31932	1.31963	1.31994	1.32015	1.32037	1.32057	1.32077	1.32087	1.32098	1.32109	1.32121	1.32124	1.32127	1.32131	
1.32134	1.32136	1.32135	1.32133	1.32129	1.32125	1.32117	1.3211	1.32098	1.32086	1.32071	1.32056	1.32035	1.32013	1.31988	1.31962	1.31931	1.31899	1.31861	1.31823	1.31783	1.31743	1.31686	1.3163	1.31584	1.31537	1.31439	1.3134	1.31334	1.31327	1.31084	1.30842	1.30883	1.30925	1.30972	1.3102	1.31089	1.31157	1.31223	1.31289	1.31359	1.3143	1.31499	1.31569	1.31631	1.31693	1.31743	1.31792	1.31835	1.31878	1.31913	1.31948	1.31976	1.32005	1.32026	1.32047	1.32064	1.32082	1.32093	1.32105	1.32114	1.32122	1.32127	1.32131	1.32134	
1.32136	1.32136	1.32137	1.32138	1.32132	1.32126	1.32121	1.32116	1.32104	1.32091	1.32078	1.32066	1.32045	1.32024	1.32001	1.31977	1.31947	1.31917	1.3188	1.31843	1.31803	1.31764	1.31709	1.31653	1.31601	1.31549	1.31446	1.31343	1.31298	1.31253	1.30988	1.30723	1.30844	1.30964	1.3097	1.30976	1.31053	1.31129	1.312	1.3127	1.31352	1.31434	1.31513	1.31593	1.31654	1.31715	1.31764	1.31813	1.31854	1.31896	1.3193	1.31963	1.3199	1.32016	1.32037	1.32058	1.32072	1.32087	1.32099	1.32112	1.32118	1.32124	1.3213	1.32136	1.32136	
1.32147	1.32149	1.32148	1.32148	1.32144	1.3214	1.32135	1.32129	1.32119	1.32109	1.32096	1.32084	1.32065	1.32047	1.32025	1.32003	1.31975	1.31948	1.31913	1.31878	1.31841	1.31804	1.31751	1.31697	1.3165	1.31602	1.31498	1.31393	1.31346	1.31299	1.3102	1.30741	1.30904	1.31067	1.31055	1.31043	1.31126	1.31208	1.31274	1.31339	1.31421	1.31502	1.31573	1.31643	1.317	1.31757	1.31802	1.31846	1.31886	1.31926	1.31956	1.31985	1.32011	1.32036	1.32054	1.32072	1.32087	1.32102	1.32112	1.32122	1.32129	1.32137	1.32141	1.32145	1.32147	
1.32158	1.32161	1.32159	1.32157	1.32156	1.32154	1.32148	1.32142	1.32134	1.32126	1.32114	1.32102	1.32086	1.3207	1.32049	1.32028	1.32004	1.31979	1.31946	1.31913	1.31879	1.31845	1.31793	1.31742	1.31699	1.31655	1.3155	1.31444	1.31395	1.31345	1.31052	1.30759	1.30965	1.31171	1.31141	1.31111	1.31199	1.31287	1.31347	1.31408	1.3149	1.31571	1.31632	1.31693	1.31746	1.318	1.3184	1.3188	1.31918	1.31956	1.31982	1.32007	1.32032	1.32057	1.32072	1.32087	1.32102	1.32118	1.32125	1.32132	1.32141	1.3215	1.32152	1.32154	1.32158	
1.32162	1.32163	1.32163	1.32163	1.3216	1.32156	1.32153	1.32149	1.3214	1.32131	1.32121	1.32111	1.32096	1.3208	1.32062	1.32044	1.32021	1.31997	1.31968	1.31939	1.31908	1.31876	1.31831	1.31785	1.31747	1.31709	1.31622	1.31536	1.31492	1.31448	1.31225	1.31003	1.31153	1.31303	1.31277	1.31251	1.31326	1.31401	1.31452	1.31503	1.31572	1.31641	1.31691	1.31742	1.3179	1.31837	1.31874	1.3191	1.31944	1.31977	1.32002	1.32026	1.32048	1.32069	1.32084	1.32099	1.32111	1.32124	1.32132	1.3214	1.32147	1.32153	1.32157	1.3216	1.32162	
1.32166	1.32164	1.32167	1.32169	1.32164	1.32158	1.32157	1.32155	1.32146	1.32136	1.32128	1.32121	1.32106	1.3209	1.32075	1.3206	1.32038	1.32016	1.31991	1.31965	1.31937	1.31908	1.31869	1.31829	1.31796	1.31762	1.31694	1.31627	1.31588	1.3155	1.31399	1.31247	1.31341	1.31435	1.31413	1.3139	1.31452	1.31514	1.31556	1.31597	1.31654	1.3171	1.31751	1.31792	1.31833	1.31875	1.31908	1.31941	1.3197	1.31999	1.32022	1.32045	1.32063	1.32081	1.32096	1.32111	1.32121	1.3213	1.3214	1.32149	1.32152	1.32156	1.32161	1.32167	1.32166	
1.32179	1.3218	1.3218	1.32181	1.32178	1.32174	1.32172	1.32169	1.32161	1.32153	1.32146	1.32138	1.32125	1.32112	1.32097	1.32083	1.32064	1.32045	1.32021	1.31997	1.31973	1.31948	1.31912	1.31876	1.31848	1.31819	1.31761	1.31703	1.31676	1.3165	1.31534	1.31418	1.31487	1.31556	1.31536	1.31515	1.31567	1.31619	1.31649	1.31679	1.31727	1.31775	1.31809	1.31842	1.3188	1.31918	1.31945	1.31973	1.32	1.32028	1.32047	1.32065	1.32084	1.32102	1.32114	1.32125	1.32136	1.32147	1.32154	1.3216	1.32166	1.32171	1.32174	1.32178	1.32179	
1.32192	1.32195	1.32194	1.32192	1.32191	1.3219	1.32186	1.32183	1.32177	1.32171	1.32163	1.32155	1.32144	1.32133	1.32119	1.32105	1.32089	1.32073	1.32051	1.32029	1.32008	1.31988	1.31955	1.31923	1.319	1.31877	1.31828	1.3178	1.31764	1.31749	1.31668	1.31588	1.31633	1.31678	1.31659	1.3164	1.31682	1.31724	1.31742	1.31761	1.318	1.3184	1.31867	1.31893	1.31927	1.31961	1.31983	1.32005	1.32031	1.32057	1.32071	1.32086	1.32104	1.32123	1.32131	1.32139	1.32152	1.32164	1.32168	1.32172	1.32179	1.32187	1.32188	1.32188	1.32192	
1.32196	1.32197	1.32198	1.32199	1.32196	1.32193	1.32191	1.32189	1.32182	1.32174	1.32169	1.32163	1.32151	1.3214	1.32129	1.32117	1.32101	1.32086	1.32068	1.32049	1.3203	1.3201	1.31984	1.31957	1.31936	1.31916	1.31877	1.31838	1.31824	1.31811	1.31751	1.31691	1.31722	1.31754	1.31739	1.31724	1.31757	1.3179	1.31805	1.3182	1.31853	1.31886	1.31909	1.31932	1.3196	1.31989	1.32009	1.32028	1.32051	1.32073	1.32087	1.32101	1.32116	1.32132	1.32141	1.3215	1.3216	1.3217	1.32175	1.3218	1.32185	1.3219	1.32193	1.32196	1.32196	
1.32201	1.322	1.32202	1.32205	1.322	1.32195	1.32195	1.32195	1.32187	1.32178	1.32174	1.32171	1.32158	1.32146	1.32138	1.32129	1.32114	1.32098	1.32084	1.3207	1.32051	1.32033	1.32012	1.31991	1.31973	1.31954	1.31925	1.31895	1.31884	1.31873	1.31834	1.31795	1.31812	1.31829	1.31819	1.31809	1.31832	1.31855	1.31868	1.3188	1.31906	1.31932	1.31951	1.3197	1.31994	1.32017	1.32035	1.32052	1.3207	1.32089	1.32102	1.32116	1.32129	1.32141	1.32151	1.32161	1.32168	1.32175	1.32182	1.32189	1.32191	1.32193	1.32198	1.32203	1.32201	
1.32216	1.32216	1.32217	1.32218	1.32215	1.32211	1.3221	1.32208	1.32202	1.32195	1.3219	1.32185	1.32175	1.32165	1.32156	1.32147	1.32134	1.32121	1.32107	1.32094	1.32079	1.32064	1.32045	1.32026	1.32011	1.31997	1.31971	1.31945	1.31938	1.31931	1.31899	1.31867	1.31881	1.31895	1.31885	1.31875	1.31895	1.31916	1.31924	1.31931	1.31955	1.31978	1.31992	1.32006	1.32028	1.3205	1.32063	1.32076	1.32094	1.32113	1.32123	1.32133	1.32147	1.3216	1.32167	1.32174	1.32183	1.32192	1.32196	1.32201	1.32205	1.3221	1.32213	1.32215	1.32216	
1.3223	1.32233	1.32232	1.32231	1.32229	1.32228	1.32225	1.32222	1.32217	1.32212	1.32206	1.322	1.32192	1.32183	1.32174	1.32165	1.32154	1.32144	1.32131	1.32118	1.32106	1.32095	1.32077	1.3206	1.3205	1.3204	1.32018	1.31996	1.31992	1.31988	1.31964	1.3194	1.31951	1.31961	1.31951	1.31941	1.31959	1.31976	1.3198	1.31983	1.32004	1.32024	1.32033	1.32042	1.32062	1.32083	1.32092	1.321	1.32118	1.32137	1.32143	1.3215	1.32164	1.32179	1.32183	1.32187	1.32198	1.32209	1.32211	1.32213	1.3222	1.32227	1.32227	1.32228	1.3223	
1.32234	1.32235	1.32235	1.32236	1.32233	1.32229	1.32228	1.32227	1.3222	1.32213	1.32209	1.32205	1.32196	1.32186	1.3218	1.32173	1.32162	1.3215	1.3214	1.3213	1.32119	1.32107	1.32093	1.3208	1.3207	1.32059	1.32043	1.32026	1.32021	1.32016	1.31999	1.31982	1.31988	1.31994	1.31988	1.31981	1.31994	1.32007	1.32011	1.32015	1.32031	1.32047	1.32056	1.32065	1.32081	1.32098	1.32107	1.32115	1.3213	1.32145	1.32153	1.3216	1.32172	1.32184	1.3219	1.32195	1.32204	1.32212	1.32216	1.3222	1.32224	1.32229	1.32231	1.32234	1.32234	
1.32238	1.32236	1.32239	1.32242	1.32236	1.32231	1.32231	1.32232	1.32223	1.32215	1.32213	1.32211	1.322	1.3219	1.32185	1.3218	1.32169	1.32157	1.3215	1.32143	1.32131	1.32119	1.3211	1.321	1.3209	1.32079	1.32068	1.32057	1.3205	1.32043	1.32033	1.32023	1.32025	1.32026	1.32024	1.32022	1.32029	1.32037	1.32042	1.32047	1.32059	1.32071	1.32079	1.32087	1.321	1.32113	1.32122	1.32131	1.32142	1.32154	1.32162	1.3217	1.3218	1.32189	1.32196	1.32203	1.32209	1.32215	1.32221	1.32227	1.32229	1.32231	1.32235	1.3224	1.32238	
1.32252	1.32253	1.32253	1.32254	1.3225	1.32246	1.32245	1.32243	1.32237	1.3223	1.32226	1.32222	1.32214	1.32205	1.32199	1.32194	1.32184	1.32175	1.32168	1.3216	1.32151	1.32142	1.32134	1.32125	1.32118	1.32111	1.321	1.3209	1.32087	1.32084	1.32075	1.32065	1.32068	1.32072	1.32067	1.32063	1.32071	1.32079	1.3208	1.32081	1.32093	1.32104	1.32108	1.32112	1.32125	1.32138	1.32143	1.32148	1.32161	1.32174	1.32179	1.32184	1.32195	1.32206	1.32211	1.32215	1.32223	1.32231	1.32235	1.32239	1.32243	1.32247	1.3225	1.32252	1.32252	
1.32267	1.32269	1.32267	1.32266	1.32264	1.32262	1.32259	1.32255	1.3225	1.32245	1.32239	1.32234	1.32227	1.3222	1.32214	1.32207	1.322	1.32193	1.32185	1.32178	1.32172	1.32166	1.32158	1.32149	1.32146	1.32142	1.32133	1.32124	1.32125	1.32126	1.32116	1.32106	1.32112	1.32117	1.32111	1.32105	1.32113	1.32121	1.32118	1.32115	1.32127	1.32138	1.32138	1.32138	1.32151	1.32164	1.32165	1.32166	1.3218	1.32194	1.32196	1.32198	1.3221	1.32223	1.32225	1.32227	1.32237	1.32248	1.32249	1.3225	1.32257	1.32264	1.32264	1.32264	1.32267	
1.32268	1.32268	1.32268	1.32269	1.32265	1.32261	1.32259	1.32258	1.32251	1.32244	1.3224	1.32237	1.32229	1.3222	1.32216	1.32212	1.32203	1.32195	1.3219	1.32185	1.32178	1.32171	1.32165	1.3216	1.32155	1.3215	1.32144	1.32139	1.32136	1.32134	1.32129	1.32124	1.32125	1.32127	1.32124	1.32122	1.32127	1.32132	1.32131	1.32131	1.32139	1.32148	1.32149	1.32149	1.3216	1.3217	1.32172	1.32175	1.32186	1.32196	1.322	1.32203	1.32213	1.32223	1.32227	1.32231	1.32239	1.32247	1.3225	1.32254	1.32259	1.32263	1.32265	1.32268	1.32268	
1.32269	1.32267	1.3227	1.32272	1.32266	1.3226	1.3226	1.3226	1.32252	1.32243	1.32241	1.3224	1.3223	1.3222	1.32218	1.32216	1.32206	1.32197	1.32195	1.32193	1.32184	1.32175	1.32173	1.32171	1.32164	1.32157	1.32155	1.32154	1.32148	1.32143	1.32142	1.32142	1.32139	1.32136	1.32138	1.32139	1.32141	1.32143	1.32145	1.32146	1.32152	1.32157	1.32159	1.32161	1.32169	1.32176	1.32179	1.32183	1.32191	1.32199	1.32204	1.32209	1.32216	1.32224	1.32229	1.32235	1.32241	1.32246	1.32252	1.32257	1.3226	1.32262	1.32267	1.32271	1.32269	
1.32281	1.32281	1.32281	1.32281	1.32277	1.32273	1.32271	1.32269	1.32262	1.32255	1.32252	1.32248	1.32241	1.32233	1.32229	1.32226	1.32219	1.32212	1.32209	1.32206	1.32201	1.32196	1.32193	1.32191	1.32188	1.32185	1.32182	1.3218	1.3218	1.3218	1.32177	1.32175	1.32176	1.32178	1.32176	1.32174	1.32177	1.3218	1.32177	1.32174	1.3218	1.32187	1.32184	1.32182	1.3219	1.32199	1.32198	1.32197	1.32207	1.32217	1.32218	1.3222	1.32229	1.32239	1.32242	1.32245	1.32253	1.32261	1.32264	1.32268	1.32272	1.32277	1.32279	1.32281	1.32281	
1.32293	1.32295	1.32293	1.32291	1.32289	1.32286	1.32282	1.32278	1.32272	1.32267	1.32262	1.32257	1.32251	1.32245	1.3224	1.32236	1.32231	1.32227	1.32223	1.3222	1.32218	1.32216	1.32213	1.32211	1.32212	1.32213	1.3221	1.32206	1.32211	1.32217	1.32212	1.32208	1.32214	1.3222	1.32214	1.32208	1.32212	1.32216	1.32208	1.32201	1.32208	1.32216	1.32209	1.32202	1.32211	1.32221	1.32217	1.32212	1.32223	1.32234	1.32232	1.32231	1.32242	1.32254	1.32254	1.32255	1.32265	1.32275	1.32276	1.32278	1.32284	1.32291	1.32291	1.32291	1.32293	
1.3229	1.32291	1.3229	1.3229	1.32286	1.32282	1.32279	1.32277	1.3227	1.32263	1.3226	1.32257	1.3225	1.32242	1.3224	1.32237	1.32232	1.32226	1.32225	1.32224	1.3222	1.32216	1.32216	1.32217	1.32215	1.32212	1.32212	1.32212	1.3221	1.32209	1.32209	1.32209	1.32207	1.32204	1.32206	1.32207	1.32212	1.32216	1.32211	1.32207	1.32212	1.32218	1.32213	1.32207	1.32214	1.32222	1.32218	1.32215	1.32224	1.32232	1.32232	1.32232	1.32241	1.32249	1.32252	1.32255	1.32262	1.3227	1.32273	1.32277	1.32281	1.32286	1.32288	1.3229	1.3229	
1.32288	1.32286	1.32288	1.32289	1.32283	1.32278	1.32277	1.32276	1.32268	1.3226	1.32258	1.32257	1.32248	1.3224	1.32239	1.32239	1.32232	1.32225	1.32226	1.32228	1.32222	1.32216	1.32219	1.32222	1.32217	1.32212	1.32215	1.32218	1.3221	1.32201	1.32206	1.3221	1.322	1.32189	1.32198	1.32207	1.32211	1.32216	1.32214	1.32212	1.32217	1.32221	1.32217	1.32213	1.32218	1.32222	1.3222	1.32219	1.32224	1.32229	1.32231	1.32233	1.32239	1.32245	1.3225	1.32254	1.3226	1.32265	1.3227	1.32276	1.32278	1.32281	1.32285	1.32289	1.32288	
1.32296	1.32297	1.32296	1.32295	1.32291	1.32287	1.32284	1.32281	1.32274	1.32268	1.32265	1.32262	1.32255	1.32249	1.32248	1.32246	1.32242	1.32238	1.32239	1.3224	1.32237	1.32235	1.32238	1.3224	1.3224	1.32239	1.3224	1.32241	1.32299	1.32357	1.32366	1.32375	1.32373	1.32371	1.32361	1.3235	1.32301	1.32253	1.32244	1.32236	1.32243	1.32251	1.32241	1.32231	1.32238	1.32245	1.32238	1.32231	1.32239	1.32246	1.32244	1.32242	1.3225	1.32258	1.3226	1.32261	1.32269	1.32276	1.32279	1.32282	1.32287	1.32292	1.32294	1.32295	1.32296	
1.32304	1.32307	1.32304	1.323	1.32298	1.32296	1.32291	1.32285	1.32281	1.32276	1.32271	1.32266	1.32262	1.32258	1.32256	1.32254	1.32252	1.32251	1.32251	1.32252	1.32253	1.32254	1.32256	1.32258	1.32262	1.32266	1.32265	1.32264	1.32389	1.32513	1.32527	1.3254	1.32547	1.32553	1.32523	1.32494	1.32391	1.32289	1.32275	1.3226	1.3227	1.32281	1.32264	1.32248	1.32258	1.32267	1.32256	1.32244	1.32253	1.32263	1.32257	1.32251	1.32261	1.32271	1.3227	1.32269	1.32278	1.32288	1.32289	1.32289	1.32296	1.32303	1.32303	1.32302	1.32304	
1.32297	1.32298	1.32296	1.32295	1.32291	1.32288	1.32284	1.3228	1.32275	1.32269	1.32266	1.32263	1.32258	1.32253	1.32252	1.32252	1.3225	1.32248	1.3225	1.32253	1.32253	1.32254	1.32258	1.32262	1.32263	1.32263	1.32314	1.32365	1.32405	1.32444	1.32453	1.32462	1.3247	1.32479	1.32453	1.32428	1.32406	1.32384	1.32324	1.32263	1.32273	1.32283	1.32268	1.32253	1.32259	1.32265	1.32255	1.32244	1.3225	1.32256	1.32252	1.32248	1.32255	1.32262	1.32263	1.32264	1.32271	1.32278	1.32281	1.32283	1.32288	1.32293	1.32295	1.32296	1.32297	
1.32289	1.32289	1.32289	1.32289	1.32284	1.3228	1.32278	1.32275	1.32269	1.32262	1.32261	1.32259	1.32254	1.32248	1.32249	1.3225	1.32248	1.32245	1.32249	1.32253	1.32253	1.32253	1.32259	1.32265	1.32263	1.32261	1.32363	1.32466	1.3242	1.32308	1.32297	1.32284	1.32287	1.32305	1.32309	1.32313	1.32371	1.3248	1.32372	1.32265	1.32275	1.32285	1.32271	1.32257	1.32259	1.32262	1.32254	1.32245	1.32247	1.32249	1.32247	1.32245	1.32249	1.32253	1.32256	1.32259	1.32263	1.32268	1.32273	1.32278	1.32281	1.32284	1.32287	1.3229	1.32289	
1.32294	1.32295	1.32293	1.3229	1.32287	1.32285	1.3228	1.32276	1.32271	1.32267	1.32264	1.32261	1.32258	1.32255	1.32256	1.32256	1.32257	1.32257	1.32262	1.32267	1.32269	1.32271	1.32279	1.32286	1.32281	1.32277	1.32395	1.32514	1.32457	1.32332	1.32311	1.32295	1.323	1.32322	1.32336	1.3235	1.32412	1.32561	1.32419	1.32276	1.32298	1.3232	1.32297	1.32274	1.32281	1.32288	1.32273	1.32257	1.32262	1.32267	1.3226	1.32252	1.32258	1.32264	1.32264	1.32263	1.3227	1.32276	1.32279	1.32281	1.32286	1.32291	1.32292	1.32293	1.32294	
1.32298	1.32301	1.32296	1.32292	1.32291	1.32289	1.32283	1.32277	1.32274	1.32271	1.32267	1.32263	1.32262	1.32262	1.32262	1.32262	1.32266	1.32269	1.32275	1.32281	1.32285	1.3229	1.32298	1.32307	1.323	1.32292	1.32428	1.32563	1.32494	1.32373	1.32341	1.32349	1.32371	1.32399	1.3239	1.32402	1.32467	1.32642	1.32465	1.32287	1.32321	1.32354	1.32323	1.32291	1.32303	1.32314	1.32292	1.32269	1.32277	1.32284	1.32272	1.3226	1.32268	1.32276	1.32272	1.32267	1.32276	1.32285	1.32285	1.32284	1.32291	1.32298	1.32296	1.32295	1.32298	
1.32286	1.32288	1.32285	1.32282	1.3228	1.32278	1.32273	1.32268	1.32265	1.32261	1.32258	1.32255	1.32255	1.32254	1.32256	1.32257	1.32262	1.32266	1.32273	1.32281	1.32287	1.32293	1.32305	1.32317	1.32313	1.32308	1.32431	1.32553	1.32499	1.32378	1.32354	1.32478	1.32232	1.32454	1.32413	1.32424	1.32495	1.32638	1.3247	1.32303	1.32333	1.32364	1.32332	1.323	1.32306	1.32312	1.32291	1.32269	1.32272	1.32274	1.32264	1.32254	1.32258	1.32262	1.3226	1.32258	1.32264	1.3227	1.32272	1.32274	1.32279	1.32284	1.32284	1.32285	1.32286	
1.32275	1.32275	1.32274	1.32272	1.32269	1.32266	1.32262	1.32259	1.32255	1.32251	1.32249	1.32248	1.32247	1.32246	1.32249	1.32253	1.32257	1.32262	1.32272	1.32282	1.32289	1.32296	1.32311	1.32327	1.32326	1.32324	1.32433	1.32543	1.32503	1.32415	1.32425	1.32256	1.37348	1.32506	1.32472	1.32474	1.32523	1.32633	1.32476	1.32319	1.32346	1.32373	1.32341	1.32309	1.32309	1.32309	1.32289	1.3227	1.32267	1.32264	1.32256	1.32248	1.32248	1.32249	1.32249	1.32249	1.32253	1.32256	1.3226	1.32263	1.32267	1.3227	1.32272	1.32274	1.32275	
1.32275	1.32277	1.32273	1.3227	1.32268	1.32267	1.32262	1.32256	1.32254	1.32252	1.3225	1.32248	1.3225	1.32252	1.32257	1.32261	1.3227	1.32278	1.32292	1.32306	1.32315	1.32325	1.32347	1.32369	1.32358	1.32347	1.32435	1.32523	1.32515	1.32491	1.32537	1.32474	1.4222	1.32764	1.32687	1.32555	1.32555	1.32672	1.32509	1.32347	1.32388	1.32429	1.32385	1.3234	1.32343	1.32345	1.32316	1.32287	1.32286	1.32284	1.3227	1.32255	1.32257	1.32259	1.32255	1.32251	1.32256	1.32262	1.32262	1.32263	1.32268	1.32273	1.32273	1.32273	1.32275	
1.32276	1.32279	1.32273	1.32267	1.32268	1.32268	1.32261	1.32254	1.32254	1.32254	1.32251	1.32248	1.32253	1.32258	1.32264	1.32269	1.32282	1.32294	1.32312	1.32329	1.32342	1.32355	1.32383	1.3241	1.3239	1.32371	1.32437	1.32503	1.32526	1.32558	1.32601	1.3279	1.50029	1.32932	1.32898	1.32642	1.32612	1.32711	1.32543	1.32375	1.3243	1.32485	1.32428	1.32372	1.32377	1.32381	1.32343	1.32305	1.32305	1.32305	1.32283	1.32262	1.32266	1.3227	1.32261	1.32253	1.3226	1.32267	1.32265	1.32263	1.3227	1.32277	1.32274	1.32272	1.32276	
1.32261	1.32264	1.32259	1.32255	1.32254	1.32253	1.32247	1.32242	1.32241	1.32241	1.32239	1.32237	1.32242	1.32248	1.32255	1.32263	1.32276	1.32289	1.32312	1.32335	1.32349	1.32363	1.32405	1.32447	1.32432	1.32417	1.32465	1.32514	1.32484	1.32585	1.32632	1.33564	1.42675	1.33442	1.33004	1.32729	1.32655	1.32757	1.32584	1.32411	1.32464	1.32518	1.32455	1.32392	1.32387	1.32382	1.32344	1.32306	1.32299	1.32292	1.32273	1.32254	1.32253	1.32252	1.32247	1.32241	1.32245	1.32249	1.3225	1.3225	1.32255	1.3226	1.32259	1.32259	1.32261	
1.32247	1.32248	1.32245	1.32242	1.32241	1.32239	1.32234	1.3223	1.32229	1.32227	1.32227	1.32226	1.32232	1.32237	1.32246	1.32256	1.3227	1.32284	1.32312	1.32341	1.32356	1.32372	1.32427	1.32483	1.32473	1.32463	1.32493	1.32524	1.32441	1.32421	1.32552	1.34336	1.40211	1.33347	1.32976	1.3281	1.32711	1.32802	1.32624	1.32447	1.32499	1.32551	1.32481	1.32412	1.32397	1.32382	1.32345	1.32307	1.32293	1.32278	1.32262	1.32246	1.3224	1.32235	1.32232	1.32228	1.3223	1.32231	1.32234	1.32236	1.3224	1.32243	1.32245	1.32246	1.32247	
1.32244	1.32247	1.32242	1.32237	1.32237	1.32237	1.32231	1.32225	1.32226	1.32226	1.32226	1.32226	1.32234	1.32242	1.32255	1.32268	1.32289	1.3231	1.32348	1.32386	1.32412	1.32438	1.3253	1.32622	1.32606	1.3259	1.32668	1.32746	1.32684	1.32502	1.32724	1.33369	1.37543	1.33888	1.32715	1.32712	1.32732	1.32988	1.32795	1.32602	1.32647	1.32692	1.32593	1.32493	1.32468	1.32443	1.3239	1.32337	1.3232	1.32303	1.32278	1.32254	1.32249	1.32245	1.32236	1.32228	1.32231	1.32235	1.32234	1.32233	1.32238	1.32244	1.32243	1.32242	1.32244	
1.32242	1.32246	1.32239	1.32232	1.32233	1.32235	1.32227	1.3222	1.32222	1.32225	1.32225	1.32225	1.32236	1.32248	1.32264	1.32281	1.32308	1.32336	1.32384	1.32432	1.32468	1.32504	1.32633	1.32761	1.32739	1.32717	1.32842	1.32968	1.32926	1.32982	1.33082	1.3245	1.36575	1.34566	1.32204	1.32457	1.32693	1.33174	1.32965	1.32757	1.32795	1.32834	1.32704	1.32574	1.32539	1.32504	1.32436	1.32367	1.32347	1.32328	1.32295	1.32262	1.32258	1.32254	1.32241	1.32227	1.32233	1.32238	1.32234	1.3223	1.32237	1.32244	1.32241	1.32238	1.32242	
1.32226	1.32229	1.32224	1.32219	1.32219	1.32219	1.32212	1.32206	1.32208	1.32209	1.3221	1.32211	1.32222	1.32234	1.32254	1.32274	1.32303	1.32331	1.32392	1.32453	1.325	1.32547	1.32695	1.32842	1.32795	1.32747	1.3277	1.32792	1.32754	1.33302	1.33	1.31712	1.33156	1.3251	1.31819	1.32571	1.32823	1.33397	1.3312	1.32843	1.3284	1.32836	1.3272	1.32604	1.32557	1.3251	1.3244	1.3237	1.32342	1.32314	1.32282	1.3225	1.32242	1.32234	1.32223	1.32212	1.32215	1.32217	1.32216	1.32215	1.3222	1.32226	1.32225	1.32224	1.32226	
1.32211	1.32213	1.32209	1.32205	1.32204	1.32202	1.32197	1.32192	1.32193	1.32193	1.32196	1.32198	1.32209	1.3222	1.32243	1.32267	1.32297	1.32327	1.32401	1.32475	1.32533	1.32591	1.32757	1.32923	1.3285	1.32777	1.32697	1.32616	1.32581	1.32503	1.32045	1.30911	1.31012	1.31495	1.32182	1.32846	1.32883	1.33619	1.33275	1.3293	1.32884	1.32838	1.32736	1.32634	1.32576	1.32517	1.32445	1.32373	1.32336	1.323	1.32269	1.32239	1.32226	1.32214	1.32206	1.32198	1.32197	1.32197	1.32199	1.322	1.32204	1.32207	1.32208	1.32209	1.32211	
1.32207	1.3221	1.32204	1.32198	1.32198	1.32198	1.32192	1.32185	1.32187	1.32189	1.32192	1.32194	1.32208	1.32222	1.32249	1.32276	1.32313	1.32351	1.32436	1.32521	1.32592	1.32663	1.32805	1.32948	1.3286	1.32771	1.32488	1.32205	1.3167	1.30446	1.30219	1.30006	1.30288	1.31391	1.32397	1.32709	1.32844	1.33505	1.33273	1.33041	1.3296	1.32879	1.32774	1.3267	1.32616	1.32562	1.32478	1.32394	1.32357	1.3232	1.3228	1.32241	1.3223	1.32219	1.32207	1.32194	1.32196	1.32198	1.32196	1.32195	1.322	1.32206	1.32205	1.32204	1.32207	
1.32203	1.32207	1.322	1.32192	1.32193	1.32194	1.32186	1.32178	1.32182	1.32185	1.32188	1.3219	1.32207	1.32223	1.32254	1.32284	1.32329	1.32374	1.32471	1.32568	1.32651	1.32734	1.32854	1.32973	1.32869	1.32766	1.3228	1.31794	1.30759	1.29137	1.2879	1.292	1.30149	1.31639	1.32306	1.32426	1.32816	1.33391	1.33271	1.33151	1.33035	1.32919	1.32812	1.32705	1.32657	1.32608	1.32511	1.32414	1.32377	1.32339	1.32292	1.32244	1.32235	1.32225	1.32208	1.3219	1.32194	1.32198	1.32194	1.3219	1.32197	1.32205	1.32201	1.32198	1.32203	
1.32188	1.32191	1.32185	1.32178	1.32178	1.32178	1.32171	1.32163	1.32165	1.32167	1.3217	1.32173	1.32189	1.32205	1.32236	1.32267	1.32316	1.32366	1.32467	1.32567	1.32657	1.32746	1.32831	1.32916	1.32858	1.32799	1.32368	1.31937	1.30913	1.29317	1.28317	1.2842	1.29679	1.31012	1.31393	1.31754	1.3252	1.33398	1.33281	1.33164	1.33023	1.32881	1.32786	1.32691	1.32646	1.32602	1.32506	1.3241	1.32364	1.32318	1.32273	1.32227	1.32214	1.322	1.32186	1.32172	1.32174	1.32176	1.32175	1.32174	1.3218	1.32186	1.32185	1.32184	1.32188	
1.32173	1.32175	1.3217	1.32165	1.32163	1.32162	1.32155	1.32149	1.32149	1.32149	1.32152	1.32155	1.3217	1.32186	1.32218	1.32249	1.32304	1.32359	1.32463	1.32567	1.32663	1.32758	1.32809	1.3286	1.32846	1.32832	1.32456	1.3208	1.31068	1.29751	1.28295	1.27578	1.28634	1.29669	1.29812	1.30739	1.32217	1.33406	1.33292	1.33178	1.3301	1.32843	1.3276	1.32676	1.32636	1.32596	1.32501	1.32405	1.32351	1.32297	1.32254	1.3221	1.32193	1.32176	1.32165	1.32155	1.32155	1.32154	1.32157	1.32159	1.32164	1.32168	1.32169	1.32171	1.32173	
1.32168	1.32172	1.32165	1.32159	1.32158	1.32157	1.32149	1.3214	1.32141	1.32142	1.32144	1.32146	1.32162	1.32179	1.32211	1.32244	1.323	1.32357	1.32462	1.32567	1.32651	1.32735	1.32792	1.32848	1.32862	1.32876	1.32628	1.32379	1.31405	1.30384	1.28834	1.27422	1.28259	1.2916	1.28455	1.30595	1.32341	1.33426	1.33217	1.33008	1.32904	1.32799	1.32735	1.32672	1.32639	1.32606	1.32503	1.32401	1.3235	1.32298	1.3225	1.32202	1.32188	1.32173	1.3216	1.32147	1.3215	1.32152	1.32152	1.32152	1.32159	1.32166	1.32165	1.32165	1.32168	
1.32164	1.32169	1.32161	1.32152	1.32152	1.32153	1.32142	1.32132	1.32134	1.32136	1.32136	1.32136	1.32154	1.32172	1.32205	1.32238	1.32297	1.32355	1.32461	1.32568	1.32639	1.32711	1.32774	1.32837	1.32879	1.3292	1.32799	1.32678	1.31743	1.30808	1.30139	1.28886	1.29841	1.30455	1.29999	1.31923	1.32932	1.33446	1.33142	1.32839	1.32797	1.32755	1.32711	1.32667	1.32641	1.32615	1.32506	1.32397	1.32348	1.323	1.32247	1.32195	1.32183	1.32171	1.32155	1.32139	1.32144	1.3215	1.32148	1.32146	1.32155	1.32164	1.32162	1.32159	1.32164	
1.32151	1.32155	1.32148	1.32141	1.32139	1.32138	1.32128	1.32118	1.32118	1.32117	1.32116	1.32115	1.32131	1.32146	1.32176	1.32205	1.32263	1.3232	1.3242	1.3252	1.32605	1.32691	1.32745	1.32799	1.32846	1.32893	1.32926	1.3296	1.3229	1.31621	1.31705	1.31529	1.32266	1.32591	1.32518	1.33035	1.33152	1.33122	1.32974	1.32826	1.32795	1.32764	1.32724	1.32684	1.32638	1.32591	1.32482	1.32374	1.32318	1.32263	1.32216	1.3217	1.32156	1.32142	1.32131	1.3212	1.32124	1.32128	1.3213	1.32131	1.32139	1.32147	1.32147	1.32148	1.32151	
1.32138	1.32141	1.32135	1.3213	1.32126	1.32123	1.32113	1.32104	1.32101	1.32098	1.32096	1.32094	1.32107	1.3212	1.32147	1.32173	1.32228	1.32284	1.32378	1.32472	1.32571	1.32671	1.32716	1.32761	1.32813	1.32865	1.33053	1.33241	1.32837	1.32433	1.3327	1.34107	1.34546	1.34984	1.34396	1.33807	1.33302	1.32798	1.32805	1.32813	1.32793	1.32772	1.32737	1.32702	1.32634	1.32567	1.32459	1.32351	1.32289	1.32226	1.32186	1.32145	1.32129	1.32113	1.32107	1.321	1.32104	1.32107	1.32112	1.32117	1.32124	1.32131	1.32133	1.32136	1.32138	
1.32135	1.32139	1.32132	1.32125	1.32122	1.32119	1.32108	1.32097	1.32094	1.3209	1.32086	1.32082	1.32093	1.32104	1.32128	1.32152	1.32205	1.32257	1.32348	1.3244	1.32538	1.32635	1.32693	1.32751	1.32776	1.328	1.33004	1.33208	1.33134	1.3306	1.33877	1.34693	1.34923	1.35153	1.34275	1.33396	1.32998	1.326	1.32681	1.32763	1.32752	1.32742	1.32715	1.32689	1.32617	1.32545	1.32434	1.32322	1.32266	1.32209	1.32168	1.32126	1.32115	1.32104	1.32097	1.3209	1.32096	1.32103	1.32107	1.32111	1.3212	1.3213	1.32131	1.32132	1.32135	
1.32133	1.32138	1.32129	1.3212	1.32118	1.32116	1.32103	1.3209	1.32086	1.32083	1.32076	1.32069	1.32079	1.32088	1.3211	1.32132	1.32181	1.3223	1.32318	1.32407	1.32504	1.326	1.3267	1.3274	1.32738	1.32736	1.32955	1.33174	1.33431	1.33687	1.34483	1.35279	1.35301	1.35322	1.34154	1.32985	1.32693	1.32401	1.32557	1.32713	1.32712	1.32711	1.32693	1.32676	1.32599	1.32523	1.32408	1.32294	1.32243	1.32192	1.3215	1.32107	1.32101	1.32095	1.32087	1.32079	1.32089	1.321	1.32102	1.32105	1.32117	1.32128	1.32128	1.32128	1.32133	
1.32123	1.32127	1.3212	1.32113	1.32109	1.32105	1.32092	1.32079	1.32073	1.32067	1.32058	1.3205	1.32055	1.3206	1.32075	1.32091	1.32136	1.3218	1.32257	1.32334	1.3243	1.32526	1.32597	1.32668	1.32688	1.32708	1.32828	1.32949	1.33261	1.33572	1.34424	1.35275	1.35335	1.35394	1.34078	1.32762	1.32626	1.32489	1.32551	1.32613	1.32641	1.32669	1.32646	1.32622	1.32543	1.32463	1.32355	1.32247	1.32196	1.32145	1.32111	1.32076	1.32071	1.32065	1.32063	1.32061	1.32071	1.32081	1.32088	1.32094	1.32105	1.32115	1.32117	1.32119	1.32123	
1.32113	1.32116	1.3211	1.32105	1.32099	1.32093	1.32081	1.32069	1.3206	1.32051	1.32041	1.32031	1.32031	1.32032	1.32041	1.32049	1.3209	1.32131	1.32196	1.32261	1.32356	1.32451	1.32523	1.32596	1.32638	1.3268	1.32701	1.32723	1.3309	1.33458	1.34364	1.35271	1.35368	1.35466	1.34003	1.3254	1.32558	1.32577	1.32545	1.32513	1.32571	1.32628	1.32598	1.32569	1.32486	1.32403	1.32302	1.322	1.32149	1.32098	1.32072	1.32046	1.32041	1.32036	1.3204	1.32043	1.32053	1.32063	1.32073	1.32083	1.32093	1.32102	1.32107	1.32111	1.32113	
1.32113	1.32117	1.3211	1.32103	1.32098	1.32093	1.32079	1.32065	1.32056	1.32046	1.32033	1.3202	1.32018	1.32016	1.32021	1.32026	1.32058	1.32091	1.32149	1.32208	1.32296	1.32383	1.32454	1.32525	1.32561	1.32598	1.32605	1.32612	1.32872	1.33132	1.33936	1.34739	1.34763	1.34788	1.33645	1.32502	1.32477	1.32451	1.32437	1.32423	1.32496	1.3257	1.32539	1.32509	1.32429	1.32349	1.32253	1.32157	1.32114	1.3207	1.32047	1.32023	1.32024	1.32025	1.3203	1.32034	1.32048	1.32061	1.32071	1.3208	1.32092	1.32103	1.32106	1.3211	1.32113	
1.32113	1.32119	1.3211	1.32102	1.32098	1.32093	1.32077	1.32061	1.32052	1.32042	1.32026	1.32009	1.32004	1.32	1.32001	1.32003	1.32026	1.3205	1.32103	1.32156	1.32236	1.32315	1.32384	1.32454	1.32484	1.32515	1.32508	1.32502	1.32654	1.32806	1.33507	1.34207	1.34158	1.34109	1.33287	1.32465	1.32395	1.32326	1.32329	1.32333	1.32422	1.32511	1.3248	1.32449	1.32372	1.32295	1.32204	1.32114	1.32078	1.32042	1.32022	1.32001	1.32008	1.32015	1.3202	1.32025	1.32042	1.32059	1.32068	1.32077	1.3209	1.32104	1.32106	1.32108	1.32113	
1.32107	1.32111	1.32105	1.32098	1.32092	1.32086	1.32071	1.32057	1.32044	1.32032	1.32015	1.31998	1.31989	1.31979	1.31974	1.31969	1.31984	1.32	1.32037	1.32075	1.32148	1.32221	1.32277	1.32333	1.32372	1.3241	1.32382	1.32354	1.32449	1.32544	1.32832	1.33119	1.33141	1.33163	1.32707	1.3225	1.32228	1.32207	1.32228	1.32249	1.32337	1.32425	1.32388	1.3235	1.32277	1.32205	1.32129	1.32053	1.32025	1.31997	1.31986	1.31975	1.31984	1.31993	1.32003	1.32014	1.32031	1.32047	1.32059	1.32071	1.32083	1.32096	1.321	1.32104	1.32107	
1.32101	1.32103	1.32099	1.32095	1.32087	1.32079	1.32066	1.32052	1.32037	1.32022	1.32005	1.31987	1.31973	1.31958	1.31947	1.31935	1.31942	1.31949	1.31972	1.31995	1.32061	1.32128	1.3217	1.32213	1.32259	1.32306	1.32256	1.32207	1.32244	1.32281	1.32156	1.32032	1.32125	1.32217	1.32126	1.32035	1.32062	1.32089	1.32126	1.32164	1.32252	1.32339	1.32296	1.32252	1.32183	1.32114	1.32053	1.31991	1.31971	1.31951	1.3195	1.31948	1.31959	1.31971	1.31987	1.32003	1.32019	1.32035	1.3205	1.32065	1.32076	1.32087	1.32093	1.32099	1.32101	
1.32104	1.32108	1.32102	1.32097	1.3209	1.32084	1.32069	1.32054	1.3204	1.32025	1.32005	1.31985	1.31969	1.31953	1.31936	1.3192	1.31919	1.31918	1.3193	1.31942	1.31995	1.32047	1.32083	1.3212	1.32158	1.32195	1.32145	1.32095	1.32118	1.32142	1.31938	1.31734	1.31826	1.31917	1.31922	1.31928	1.31965	1.32003	1.32067	1.32131	1.32199	1.32266	1.32218	1.32169	1.32107	1.32046	1.31997	1.31948	1.31938	1.31928	1.31931	1.31934	1.3195	1.31966	1.31983	1.32	1.32019	1.32038	1.32052	1.32065	1.32078	1.32091	1.32096	1.32101	1.32104	
1.32108	1.32113	1.32106	1.32099	1.32094	1.32089	1.32072	1.32056	1.32042	1.32028	1.32006	1.31983	1.31965	1.31947	1.31926	1.31905	1.31896	1.31887	1.31889	1.3189	1.31929	1.31967	1.31997	1.32027	1.32056	1.32085	1.32034	1.31983	1.31992	1.32002	1.3172	1.31437	1.31527	1.31617	1.31719	1.31821	1.31869	1.31917	1.32007	1.32097	1.32145	1.32194	1.3214	1.32086	1.32032	1.31977	1.31942	1.31906	1.31905	1.31905	1.31912	1.3192	1.3194	1.31961	1.31979	1.31997	1.32019	1.3204	1.32053	1.32066	1.32081	1.32096	1.32099	1.32102	1.32108	
1.32105	1.32108	1.32103	1.32098	1.32092	1.32085	1.32071	1.32057	1.32041	1.32025	1.32004	1.31982	1.31961	1.3194	1.31916	1.31892	1.31876	1.3186	1.31849	1.31838	1.31856	1.31873	1.31888	1.31902	1.31924	1.31945	1.3188	1.31816	1.31844	1.31873	1.31684	1.31496	1.31535	1.31573	1.31651	1.31729	1.31785	1.31841	1.31934	1.32026	1.32051	1.32076	1.32027	1.31978	1.31937	1.31896	1.31878	1.31861	1.31868	1.31876	1.31891	1.31906	1.31929	1.31952	1.31973	1.31994	1.32015	1.32036	1.3205	1.32065	1.32078	1.32091	1.32096	1.32102	1.32105	
1.32102	1.32104	1.32101	1.32098	1.3209	1.32082	1.3207	1.32057	1.3204	1.32022	1.32002	1.31981	1.31956	1.31932	1.31905	1.31878	1.31856	1.31834	1.3181	1.31786	1.31783	1.3178	1.31779	1.31778	1.31791	1.31804	1.31727	1.3165	1.31697	1.31744	1.31649	1.31555	1.31542	1.31529	1.31583	1.31638	1.31701	1.31765	1.3186	1.31955	1.31957	1.31958	1.31914	1.3187	1.31843	1.31815	1.31815	1.31815	1.31831	1.31847	1.31869	1.31892	1.31917	1.31942	1.31967	1.31991	1.32011	1.32031	1.32048	1.32064	1.32075	1.32086	1.32094	1.32101	1.32102	
1.32108	1.32111	1.32108	1.32104	1.32097	1.32091	1.32078	1.32065	1.32049	1.32033	1.32012	1.3199	1.31966	1.31942	1.31914	1.31885	1.31859	1.31834	1.31805	1.31776	1.31762	1.31747	1.31733	1.3172	1.31723	1.31726	1.31654	1.31581	1.31615	1.31649	1.31607	1.31565	1.31503	1.31441	1.31501	1.31562	1.31637	1.31712	1.31789	1.31866	1.31859	1.31853	1.31824	1.31795	1.31785	1.31774	1.31785	1.31795	1.31817	1.3184	1.31866	1.31892	1.3192	1.31949	1.31973	1.31997	1.32018	1.32039	1.32054	1.32069	1.32082	1.32094	1.321	1.32105	1.32108	
1.32114	1.32119	1.32114	1.32109	1.32105	1.321	1.32087	1.32073	1.32058	1.32044	1.32022	1.32	1.31976	1.31953	1.31922	1.31892	1.31863	1.31834	1.318	1.31767	1.3174	1.31714	1.31688	1.31662	1.31655	1.31648	1.3158	1.31512	1.31533	1.31554	1.31565	1.31576	1.31464	1.31352	1.3142	1.31487	1.31573	1.31659	1.31718	1.31776	1.31762	1.31748	1.31734	1.3172	1.31727	1.31733	1.31754	1.31774	1.31804	1.31833	1.31863	1.31893	1.31924	1.31955	1.31979	1.32002	1.32025	1.32048	1.32061	1.32074	1.32088	1.32102	1.32106	1.32109	1.32114	
1.32114	1.32117	1.32114	1.32111	1.32105	1.321	1.32088	1.32077	1.32062	1.32047	1.32027	1.32006	1.31982	1.31957	1.31928	1.31898	1.31867	1.31835	1.31799	1.31763	1.31731	1.31699	1.31662	1.31625	1.31608	1.31592	1.31522	1.31451	1.31485	1.31518	1.31469	1.3142	1.31329	1.31237	1.31301	1.31365	1.31451	1.31538	1.31585	1.31631	1.31634	1.31637	1.31646	1.31655	1.31677	1.31699	1.31729	1.3176	1.31795	1.31829	1.31863	1.31896	1.31927	1.31958	1.31983	1.32008	1.32028	1.32049	1.32064	1.32078	1.32089	1.32101	1.32106	1.32111	1.32114	
