y	b	bdiff	u.x	u.y	u.z	Ri	
0.0976562	0.00620475	4.19927e-05	4.61968e-07	-5.82098e-05	-2.22447e-07	20488.5
3.22266	0.0127097	-1.02656e-06	6.67421e-06	5.93873e-05	-5.65316e-07	1.07738e+06
6.34766	0.0250191	-1.71247e-05	1.26053e-05	-6.10931e-05	4.23494e-07	1.30429e+06
9.47266	0.0373654	3.70968e-06	3.14289e-05	6.25821e-05	3.08509e-06	425272
12.5977	0.0496936	6.35125e-06	5.89731e-05	-6.48402e-05	6.52467e-07	168065
15.7227	0.0620221	9.28759e-06	0.000106561	6.73e-05	1.11349e-05	98634.1
18.8477	0.0743525	1.4169e-05	0.000181532	-6.98246e-05	6.39899e-06	50782.9
21.9727	0.0866872	2.34373e-05	0.000316991	7.37137e-05	3.95543e-05	28746.9
25.0977	0.0990341	4.48249e-05	0.00055453	-7.64968e-05	2.84185e-05	18598.2
28.2227	0.111397	8.22986e-05	0.00103794	7.86733e-05	9.87035e-05	13238
31.3477	0.123818	0.000178078	0.00109352	-7.14079e-05	0.000307589	7780.28
34.4727	0.136466	0.000500003	0.00232861	3.41329e-05	0.000499151	35807.9
37.5529	0.149071	0.000956446	0.0193352	4.84025e-06	-0.00275651	40331
40.3996	0.160306	0.000963563	0.0665759	-0.000364667	-0.00461138	20524.1
43.0366	0.170193	0.000449577	0.107211	-0.000210662	-0.00162757	166436
45.0378	0.177567	-6.93031e-05	0.117023	0.000644536	-0.00381643	513267
46.7379	0.183972	-0.00037021	0.122181	0.000133079	-0.000301202	332473
48.238	0.189675	-0.000583011	0.123617	-0.00021004	0.000446755	92105.5
49.6917	0.195316	-0.000675785	0.117704	-0.000157408	0.00189282	40580.8
51.1907	0.201075	-0.000829871	0.0799211	0.000900655	0.000995975	17218.4
53.0394	0.208386	-0.000810349	0.0455307	7.63055e-05	0.00311199	8133.83
55.4319	0.217922	-0.000710516	0.0166663	-0.000383093	0.00167545	4427.09
58.3139	0.229649	-0.000350958	0.00212219	0.000526321	-2.58361e-05	5069
61.4389	0.242208	-0.000116812	0.00102719	-0.000499518	0.000316849	8649.93
64.5639	0.254604	-4.70868e-05	0.00081824	0.000473469	5.49936e-05	10014.8
67.6889	0.266953	-2.28417e-05	0.000441455	-0.000458288	8.45725e-05	25185.6
70.8139	0.279288	-1.31879e-05	0.000262819	0.000444281	6.05513e-06	27033.1
73.9389	0.291618	-8.9575e-06	0.000155379	-0.000436882	2.71312e-05	47828.5
77.0639	0.303946	-6.43284e-06	9.59928e-05	0.000428107	-6.82271e-07	69673.2
80.1889	0.316274	-4.59965e-06	5.79867e-05	-0.000423125	9.05695e-06	137681
83.3139	0.3286	-3.28961e-06	3.54416e-05	0.000416659	-8.87514e-07	143035
86.4389	0.340927	-2.30817e-06	2.06053e-05	-0.000412931	2.91182e-06	205297
89.5639	0.353253	-1.56803e-06	1.12751e-05	0.000408511	-4.56865e-07	443288
92.6889	0.365583	3.08722e-06	5.61591e-06	-0.000406108	7.46908e-07	455765
95.8139	0.377922	1.572e-05	2.03996e-06	0.000403789	-1.33112e-07	1.18957e+06
98.9389	0.388229	-2.43595e-05	9.94528e-08	-0.000402816	7.95521e-08	2.55004e+06
