x=200	y=80	z=200	n=65	len=1
b
0.603256	0.603258	0.603265	0.603271	0.60329	0.603309	0.603343	0.603377	0.60342	0.603462	0.603532	0.603602	0.603686	0.60377	0.603894	0.604018	0.604181	0.604344	0.604558	0.604772	0.605095	0.605419	0.605795	0.606172	0.60687	0.607568	0.608202	0.608836	0.610638	0.612441	0.61327	0.614099	0.614537	0.614975	0.613481	0.611987	0.610999	0.610012	0.609007	0.608001	0.607387	0.606772	0.606239	0.605707	0.605391	0.605075	0.604785	0.604496	0.604333	0.604171	0.604008	0.603844	0.603763	0.603681	0.603588	0.603495	0.603457	0.603419	0.603369	0.60332	0.603306	0.603291	0.603272	0.603253	0.603256	
0.603239	0.603239	0.603248	0.603257	0.603271	0.603287	0.603321	0.603356	0.603392	0.603429	0.603497	0.603566	0.603639	0.603713	0.603831	0.60395	0.604092	0.604235	0.604437	0.60464	0.604918	0.605197	0.605554	0.605912	0.606501	0.607091	0.60778	0.60847	0.609892	0.611314	0.612611	0.613908	0.614441	0.614973	0.613326	0.611678	0.61059	0.609501	0.608561	0.607622	0.607042	0.606463	0.605988	0.605513	0.605217	0.60492	0.604662	0.604404	0.604247	0.60409	0.603945	0.6038	0.603718	0.603636	0.603554	0.603472	0.603431	0.603391	0.603347	0.603304	0.603287	0.603271	0.603255	0.60324	0.603239	
0.603231	0.603233	0.603238	0.603244	0.603261	0.603278	0.603307	0.603337	0.603374	0.603411	0.603471	0.603531	0.603604	0.603676	0.60378	0.603884	0.604021	0.604158	0.604334	0.604509	0.604771	0.605032	0.605337	0.605641	0.60617	0.606699	0.607284	0.607869	0.609059	0.610249	0.611425	0.612601	0.613276	0.613952	0.612285	0.610618	0.609723	0.608828	0.607969	0.607111	0.606631	0.606152	0.605715	0.605277	0.605027	0.604777	0.604534	0.60429	0.604158	0.604025	0.603884	0.603743	0.603674	0.603606	0.603524	0.603442	0.603409	0.603377	0.603332	0.603287	0.603275	0.603263	0.603246	0.603228	0.603231	
0.603222	0.603227	0.603229	0.603231	0.60325	0.603269	0.603293	0.603317	0.603356	0.603394	0.603445	0.603497	0.603568	0.603639	0.603729	0.603818	0.60395	0.604081	0.60423	0.604379	0.604623	0.604867	0.605119	0.605371	0.605839	0.606308	0.606788	0.607268	0.608227	0.609185	0.610239	0.611294	0.612112	0.61293	0.611244	0.609558	0.608856	0.608154	0.607377	0.6066	0.60622	0.605841	0.605441	0.605041	0.604838	0.604635	0.604405	0.604176	0.604068	0.60396	0.603823	0.603686	0.603631	0.603576	0.603494	0.603413	0.603388	0.603363	0.603317	0.60327	0.603263	0.603256	0.603236	0.603216	0.603222	
0.603199	0.603203	0.603206	0.60321	0.603225	0.60324	0.603265	0.603289	0.603321	0.603353	0.603403	0.603453	0.603514	0.603574	0.603658	0.603742	0.603855	0.603967	0.604103	0.604238	0.604446	0.604653	0.604872	0.60509	0.605481	0.605872	0.606247	0.606621	0.607398	0.608174	0.608852	0.60953	0.610392	0.611254	0.609828	0.608401	0.60791	0.607419	0.606767	0.606114	0.605811	0.605507	0.605162	0.604817	0.604641	0.604466	0.604265	0.604063	0.603965	0.603868	0.603747	0.603626	0.603574	0.603522	0.60345	0.603377	0.603352	0.603328	0.603287	0.603247	0.603238	0.60323	0.603213	0.603196	0.603199	
0.603177	0.603178	0.603183	0.603189	0.6032	0.603211	0.603236	0.603261	0.603287	0.603313	0.603361	0.603409	0.603459	0.603509	0.603588	0.603667	0.60376	0.603853	0.603976	0.604098	0.604268	0.604439	0.604625	0.60481	0.605123	0.605436	0.605705	0.605974	0.606569	0.607163	0.607465	0.607767	0.608672	0.609578	0.608411	0.607245	0.606965	0.606685	0.606156	0.605628	0.605401	0.605174	0.604883	0.604592	0.604444	0.604297	0.604124	0.603951	0.603863	0.603776	0.603671	0.603566	0.603517	0.603468	0.603405	0.603342	0.603317	0.603293	0.603258	0.603223	0.603213	0.603203	0.60319	0.603177	0.603177	
0.603166	0.60317	0.603172	0.603175	0.603187	0.6032	0.60322	0.603241	0.603266	0.603292	0.603333	0.603375	0.603423	0.603471	0.603538	0.603606	0.603692	0.603779	0.603883	0.603986	0.604139	0.604292	0.604445	0.604598	0.604866	0.605133	0.605344	0.605555	0.606018	0.60648	0.606689	0.606898	0.607531	0.608164	0.60733	0.606496	0.606309	0.606123	0.605694	0.605265	0.60509	0.604915	0.60466	0.604404	0.604287	0.60417	0.60401	0.603851	0.603782	0.603712	0.603612	0.603512	0.603474	0.603436	0.603374	0.603312	0.603294	0.603276	0.60324	0.603205	0.603199	0.603193	0.603178	0.603163	0.603166	
0.603155	0.603161	0.603161	0.60316	0.603174	0.603188	0.603204	0.60322	0.603246	0.603271	0.603306	0.603341	0.603386	0.603432	0.603489	0.603546	0.603625	0.603704	0.60379	0.603875	0.60401	0.604145	0.604266	0.604386	0.604608	0.60483	0.604983	0.605136	0.605467	0.605797	0.605913	0.606029	0.60639	0.606751	0.606249	0.605747	0.605654	0.605561	0.605231	0.604901	0.604779	0.604657	0.604436	0.604216	0.604129	0.604043	0.603897	0.603751	0.6037	0.603648	0.603553	0.603457	0.603431	0.603404	0.603343	0.603282	0.60327	0.603259	0.603223	0.603186	0.603185	0.603183	0.603166	0.603149	0.603155	
0.60313	0.603134	0.603135	0.603137	0.603147	0.603157	0.603173	0.60319	0.60321	0.60323	0.603263	0.603297	0.603333	0.603369	0.603423	0.603476	0.603541	0.603606	0.603683	0.60376	0.603871	0.603982	0.604086	0.60419	0.604371	0.604553	0.604672	0.604792	0.60506	0.605329	0.605389	0.60545	0.605744	0.606038	0.605648	0.605257	0.605207	0.605157	0.604882	0.604608	0.604516	0.604423	0.604235	0.604047	0.603976	0.603905	0.603779	0.603653	0.603609	0.603565	0.603481	0.603398	0.603374	0.603351	0.603297	0.603243	0.603233	0.603222	0.603191	0.603159	0.603157	0.603155	0.60314	0.603126	0.60313	
0.603105	0.603107	0.60311	0.603113	0.603119	0.603126	0.603143	0.60316	0.603174	0.603188	0.60322	0.603253	0.60328	0.603307	0.603357	0.603407	0.603457	0.603507	0.603576	0.603646	0.603733	0.603819	0.603906	0.603993	0.604135	0.604277	0.604362	0.604447	0.604653	0.60486	0.604865	0.604871	0.605098	0.605325	0.605046	0.604767	0.60476	0.604752	0.604534	0.604315	0.604252	0.604189	0.604034	0.603878	0.603823	0.603768	0.603661	0.603554	0.603518	0.603482	0.60341	0.603338	0.603318	0.603297	0.603251	0.603205	0.603195	0.603185	0.603159	0.603132	0.603129	0.603126	0.603115	0.603104	0.603105	
0.603094	0.603098	0.603099	0.6031	0.603107	0.603114	0.603128	0.603142	0.603155	0.603168	0.603197	0.603225	0.603249	0.603274	0.603317	0.603361	0.603405	0.603449	0.603508	0.603568	0.603643	0.603719	0.603791	0.603863	0.603982	0.604102	0.604169	0.604235	0.604402	0.604568	0.604567	0.604566	0.604736	0.604905	0.604693	0.604482	0.604484	0.604486	0.604303	0.60412	0.604077	0.604034	0.603896	0.603758	0.603719	0.60368	0.603581	0.603481	0.603457	0.603433	0.603364	0.603294	0.603282	0.60327	0.603224	0.603178	0.603174	0.60317	0.603142	0.603115	0.603115	0.603116	0.603103	0.603091	0.603094	
0.603083	0.603089	0.603088	0.603086	0.603094	0.603102	0.603113	0.603124	0.603137	0.603149	0.603173	0.603197	0.603219	0.60324	0.603277	0.603314	0.603353	0.603391	0.603441	0.60349	0.603554	0.603619	0.603675	0.603732	0.60383	0.603928	0.603976	0.604023	0.60415	0.604276	0.604269	0.604261	0.604373	0.604485	0.60434	0.604196	0.604207	0.604219	0.604072	0.603925	0.603902	0.603879	0.603758	0.603637	0.603615	0.603593	0.603501	0.603409	0.603396	0.603384	0.603317	0.603251	0.603247	0.603243	0.603198	0.603152	0.603153	0.603155	0.603126	0.603098	0.603102	0.603106	0.603092	0.603078	0.603083	
0.603058	0.603062	0.603062	0.603062	0.603067	0.603072	0.603083	0.603095	0.603102	0.60311	0.603133	0.603157	0.603171	0.603185	0.603221	0.603256	0.603284	0.603311	0.603358	0.603404	0.603453	0.603502	0.603554	0.603605	0.603683	0.603761	0.603801	0.603842	0.603943	0.604045	0.604036	0.604026	0.604118	0.60421	0.604093	0.603976	0.603991	0.604005	0.603882	0.603758	0.603743	0.603729	0.603625	0.603521	0.603506	0.603491	0.60341	0.60333	0.603322	0.603315	0.603256	0.603198	0.603197	0.603196	0.603155	0.603115	0.603118	0.60312	0.603095	0.60307	0.603074	0.603078	0.603066	0.603054	0.603058	
0.603033	0.603035	0.603037	0.603038	0.60304	0.603041	0.603053	0.603065	0.603068	0.60307	0.603093	0.603116	0.603123	0.60313	0.603164	0.603198	0.603215	0.603231	0.603275	0.603318	0.603352	0.603386	0.603432	0.603479	0.603536	0.603593	0.603626	0.60366	0.603737	0.603814	0.603802	0.603791	0.603863	0.603935	0.603845	0.603756	0.603774	0.603792	0.603691	0.603591	0.603585	0.603579	0.603492	0.603404	0.603397	0.603389	0.60332	0.603251	0.603249	0.603246	0.603195	0.603145	0.603146	0.603148	0.603113	0.603078	0.603082	0.603085	0.603064	0.603043	0.603046	0.603049	0.60304	0.603031	0.603033	
0.603024	0.603028	0.603028	0.603028	0.60303	0.603031	0.603042	0.603052	0.603053	0.603054	0.603075	0.603097	0.6031	0.603104	0.603136	0.603167	0.603179	0.603191	0.603231	0.603271	0.603298	0.603325	0.603367	0.603408	0.603456	0.603504	0.603532	0.603561	0.603625	0.603689	0.603678	0.603667	0.603726	0.603785	0.60371	0.603635	0.603654	0.603674	0.603584	0.603494	0.603497	0.603499	0.603416	0.603334	0.603336	0.603337	0.60327	0.603203	0.603208	0.603214	0.603163	0.603112	0.603121	0.603129	0.603093	0.603057	0.603066	0.603074	0.603051	0.603029	0.603035	0.603042	0.603031	0.60302	0.603024	
0.603015	0.603021	0.603019	0.603018	0.603019	0.603021	0.60303	0.603039	0.603039	0.603038	0.603058	0.603077	0.603078	0.603078	0.603107	0.603136	0.603144	0.603151	0.603187	0.603224	0.603244	0.603264	0.603301	0.603338	0.603376	0.603414	0.603438	0.603462	0.603513	0.603564	0.603553	0.603543	0.603589	0.603635	0.603574	0.603514	0.603535	0.603556	0.603477	0.603398	0.603408	0.603418	0.603341	0.603264	0.603275	0.603285	0.60322	0.603154	0.603168	0.603182	0.603131	0.60308	0.603095	0.60311	0.603073	0.603036	0.603049	0.603063	0.603039	0.603015	0.603024	0.603034	0.603022	0.603009	0.603015	
0.602992	0.602996	0.602996	0.602995	0.602994	0.602993	0.603003	0.603013	0.603008	0.603003	0.603023	0.603042	0.603037	0.603032	0.603061	0.60309	0.603089	0.603088	0.603125	0.603162	0.603173	0.603184	0.603222	0.60326	0.603288	0.603316	0.603342	0.603368	0.60341	0.603452	0.603446	0.60344	0.603478	0.603516	0.603463	0.60341	0.603429	0.603447	0.603375	0.603304	0.603315	0.603326	0.603256	0.603186	0.6032	0.603213	0.603154	0.603094	0.603111	0.603128	0.603082	0.603035	0.603053	0.60307	0.603037	0.603003	0.603018	0.603032	0.603011	0.60299	0.602999	0.603009	0.602998	0.602988	0.602992	
0.602969	0.602971	0.602972	0.602973	0.602969	0.602966	0.602976	0.602986	0.602977	0.602968	0.602988	0.603008	0.602996	0.602985	0.603014	0.603043	0.603034	0.603026	0.603063	0.603099	0.603101	0.603103	0.603142	0.603181	0.6032	0.603218	0.603247	0.603275	0.603308	0.60334	0.603339	0.603337	0.603367	0.603396	0.603352	0.603307	0.603322	0.603337	0.603274	0.60321	0.603222	0.603235	0.603171	0.603108	0.603125	0.603141	0.603088	0.603034	0.603054	0.603074	0.603032	0.602991	0.60301	0.603029	0.603	0.602971	0.602986	0.603001	0.602983	0.602965	0.602974	0.602983	0.602974	0.602966	0.602969	
0.602963	0.602967	0.602967	0.602967	0.602963	0.602958	0.602969	0.602979	0.602967	0.602956	0.602977	0.602997	0.602982	0.602966	0.602997	0.603027	0.603013	0.603	0.603039	0.603078	0.603074	0.60307	0.603112	0.603153	0.603167	0.603181	0.603211	0.603241	0.60327	0.603298	0.603298	0.603297	0.603323	0.603349	0.603309	0.603268	0.603282	0.603297	0.603234	0.603172	0.603187	0.603202	0.603137	0.603072	0.603094	0.603117	0.60306	0.603004	0.60303	0.603057	0.603013	0.602968	0.602994	0.603019	0.602987	0.602955	0.602975	0.602995	0.602975	0.602954	0.602966	0.602979	0.602969	0.602959	0.602963	
0.602957	0.602962	0.602961	0.60296	0.602956	0.602951	0.602961	0.602971	0.602958	0.602944	0.602965	0.602986	0.602967	0.602948	0.602979	0.603011	0.602992	0.602974	0.603015	0.603056	0.603046	0.603037	0.603081	0.603125	0.603134	0.603143	0.603175	0.603207	0.603232	0.603256	0.603257	0.603257	0.60328	0.603303	0.603266	0.603229	0.603242	0.603256	0.603195	0.603133	0.603151	0.603169	0.603103	0.603036	0.603064	0.603093	0.603033	0.602974	0.603007	0.603041	0.602993	0.602946	0.602978	0.603009	0.602974	0.60294	0.602964	0.602989	0.602966	0.602944	0.602959	0.602974	0.602963	0.602952	0.602957	
0.602937	0.602941	0.602942	0.602942	0.602935	0.602928	0.602939	0.602949	0.602932	0.602916	0.602937	0.602958	0.602934	0.602911	0.602943	0.602976	0.602952	0.602928	0.602971	0.603014	0.603001	0.602988	0.603037	0.603086	0.603095	0.603104	0.603143	0.603183	0.60321	0.603238	0.603244	0.603249	0.60327	0.603291	0.603252	0.603212	0.603219	0.603226	0.603161	0.603096	0.603111	0.603125	0.603057	0.60299	0.603018	0.603046	0.602988	0.602931	0.602966	0.603001	0.602956	0.602911	0.602944	0.602977	0.602945	0.602913	0.602939	0.602964	0.602943	0.602923	0.602938	0.602953	0.602943	0.602934	0.602937	
0.602918	0.60292	0.602922	0.602924	0.602914	0.602905	0.602916	0.602927	0.602907	0.602887	0.602908	0.60293	0.602902	0.602874	0.602907	0.60294	0.602911	0.602882	0.602928	0.602973	0.602956	0.602939	0.602993	0.603047	0.603055	0.603064	0.603111	0.603158	0.603189	0.60322	0.60323	0.603242	0.603261	0.60328	0.603238	0.603196	0.603196	0.603197	0.603128	0.603059	0.60307	0.60308	0.603012	0.602944	0.602972	0.603	0.602944	0.602888	0.602924	0.602961	0.602919	0.602877	0.602911	0.602945	0.602916	0.602887	0.602913	0.602938	0.60292	0.602903	0.602917	0.602931	0.602923	0.602916	0.602918	
0.602916	0.602919	0.602921	0.602922	0.602911	0.602901	0.602913	0.602926	0.602902	0.602879	0.602903	0.602928	0.602894	0.60286	0.602899	0.602938	0.602901	0.602864	0.602918	0.602972	0.602948	0.602923	0.602987	0.60305	0.603055	0.603059	0.603113	0.603166	0.603195	0.603223	0.603234	0.603245	0.603261	0.603277	0.603242	0.603207	0.603203	0.603199	0.60313	0.603061	0.60307	0.603079	0.603005	0.602931	0.602964	0.602996	0.602933	0.602871	0.602914	0.602957	0.60291	0.602862	0.602903	0.602944	0.60291	0.602877	0.602907	0.602938	0.602917	0.602896	0.602914	0.602931	0.602922	0.602912	0.602916	
0.602914	0.602918	0.602919	0.60292	0.602909	0.602897	0.602911	0.602924	0.602897	0.60287	0.602898	0.602926	0.602886	0.602846	0.602891	0.602936	0.602891	0.602846	0.602909	0.602971	0.602939	0.602907	0.60298	0.603054	0.603054	0.603054	0.603114	0.603174	0.6032	0.603227	0.603238	0.603249	0.603261	0.603274	0.603246	0.603219	0.60321	0.603201	0.603132	0.603063	0.60307	0.603077	0.602998	0.602919	0.602955	0.602992	0.602923	0.602854	0.602903	0.602953	0.6029	0.602847	0.602894	0.602942	0.602904	0.602867	0.602902	0.602938	0.602914	0.60289	0.602911	0.602931	0.60292	0.602909	0.602914	
0.6029	0.602903	0.602905	0.602907	0.602894	0.602881	0.602894	0.602908	0.602879	0.60285	0.602878	0.602905	0.602863	0.60282	0.602865	0.60291	0.602864	0.602818	0.602882	0.602946	0.602917	0.602887	0.602966	0.603045	0.603058	0.603071	0.603138	0.603205	0.603251	0.603297	0.603304	0.603312	0.603334	0.603356	0.603318	0.603281	0.603261	0.603241	0.60316	0.60308	0.603076	0.603073	0.602988	0.602903	0.602935	0.602968	0.602898	0.602828	0.602877	0.602927	0.602876	0.602824	0.602871	0.602919	0.602884	0.602848	0.602884	0.602919	0.602898	0.602876	0.602896	0.602916	0.602906	0.602896	0.6029	
0.602886	0.602888	0.602891	0.602893	0.602879	0.602864	0.602878	0.602892	0.602861	0.602829	0.602857	0.602884	0.602839	0.602794	0.602839	0.602884	0.602836	0.602789	0.602855	0.60292	0.602894	0.602868	0.602952	0.603036	0.603062	0.603087	0.603162	0.603237	0.603302	0.603367	0.603371	0.603375	0.603406	0.603437	0.60339	0.603343	0.603312	0.603281	0.603189	0.603097	0.603082	0.603068	0.602977	0.602886	0.602915	0.602944	0.602873	0.602802	0.602851	0.602901	0.602851	0.602801	0.602849	0.602896	0.602863	0.60283	0.602866	0.602901	0.602881	0.602862	0.602881	0.6029	0.602892	0.602884	0.602886	
0.602888	0.602891	0.602894	0.602897	0.60288	0.602864	0.602881	0.602897	0.602861	0.602824	0.602858	0.602892	0.602838	0.602783	0.602839	0.602895	0.602833	0.602772	0.602854	0.602936	0.602895	0.602854	0.602957	0.603059	0.603077	0.603094	0.603177	0.60326	0.603308	0.603356	0.603323	0.60329	0.603315	0.60334	0.603336	0.603331	0.603312	0.603293	0.603209	0.603124	0.603102	0.60308	0.602983	0.602886	0.602919	0.602951	0.602871	0.602792	0.602849	0.602907	0.602849	0.602791	0.602847	0.602902	0.602864	0.602825	0.602866	0.602906	0.602883	0.60286	0.602882	0.602905	0.602895	0.602885	0.602888	
0.60289	0.602894	0.602897	0.6029	0.602882	0.602864	0.602883	0.602903	0.602861	0.60282	0.60286	0.6029	0.602836	0.602772	0.602839	0.602905	0.60283	0.602756	0.602854	0.602952	0.602896	0.60284	0.602962	0.603083	0.603092	0.6031	0.603192	0.603284	0.603314	0.603345	0.603276	0.603206	0.603225	0.603244	0.603282	0.60332	0.603313	0.603306	0.603229	0.603152	0.603122	0.603092	0.60299	0.602887	0.602923	0.602959	0.60287	0.602782	0.602847	0.602913	0.602847	0.602782	0.602845	0.602908	0.602864	0.602819	0.602866	0.602912	0.602885	0.602858	0.602884	0.602909	0.602898	0.602886	0.60289	
0.602883	0.602886	0.60289	0.602894	0.602875	0.602856	0.602874	0.602893	0.602851	0.602809	0.602847	0.602885	0.602822	0.602759	0.602822	0.602884	0.602812	0.60274	0.602834	0.602927	0.602881	0.602835	0.602951	0.603068	0.603101	0.603135	0.603197	0.603258	0.6032	0.603142	0.603003	0.602864	0.602899	0.602934	0.603083	0.603233	0.603262	0.603291	0.603238	0.603184	0.60314	0.603097	0.602991	0.602885	0.602915	0.602945	0.602857	0.60277	0.602833	0.602896	0.602834	0.602771	0.602833	0.602895	0.602853	0.602812	0.602857	0.602901	0.602877	0.602852	0.602877	0.602901	0.602891	0.602881	0.602883	
0.602877	0.602878	0.602883	0.602887	0.602867	0.602847	0.602865	0.602884	0.602841	0.602799	0.602835	0.60287	0.602808	0.602745	0.602804	0.602863	0.602794	0.602725	0.602813	0.602902	0.602865	0.602829	0.602941	0.603053	0.603111	0.603169	0.603201	0.603233	0.603086	0.602938	0.60273	0.602523	0.602573	0.602624	0.602884	0.603145	0.603211	0.603277	0.603247	0.603216	0.603159	0.603101	0.602992	0.602884	0.602907	0.602931	0.602844	0.602758	0.602819	0.60288	0.60282	0.60276	0.602821	0.602881	0.602842	0.602804	0.602847	0.602891	0.602869	0.602847	0.602869	0.602892	0.602884	0.602875	0.602877	
0.602884	0.602886	0.602891	0.602896	0.602874	0.602852	0.602874	0.602897	0.602848	0.602799	0.602843	0.602888	0.602812	0.602736	0.602811	0.602885	0.602793	0.602701	0.602814	0.602928	0.60286	0.602792	0.602935	0.603078	0.60311	0.603142	0.603153	0.603164	0.602955	0.602746	0.602579	0.602412	0.602487	0.602561	0.602738	0.602916	0.603059	0.603203	0.603219	0.603236	0.603167	0.603099	0.602986	0.602873	0.602906	0.602939	0.602842	0.602745	0.602819	0.602892	0.602823	0.602754	0.602824	0.602894	0.602849	0.602803	0.602853	0.602903	0.602876	0.60285	0.602876	0.602902	0.602892	0.602881	0.602884	
0.602891	0.602894	0.6029	0.602906	0.602881	0.602857	0.602883	0.60291	0.602854	0.602798	0.602852	0.602906	0.602816	0.602726	0.602817	0.602908	0.602792	0.602677	0.602815	0.602954	0.602854	0.602755	0.602929	0.603103	0.603109	0.603116	0.603106	0.603096	0.602825	0.602554	0.602428	0.602302	0.6024	0.602499	0.602593	0.602686	0.602907	0.603128	0.603192	0.603255	0.603176	0.603097	0.60298	0.602863	0.602904	0.602946	0.60284	0.602733	0.602819	0.602905	0.602826	0.602748	0.602828	0.602908	0.602855	0.602802	0.602859	0.602915	0.602884	0.602853	0.602883	0.602912	0.6029	0.602887	0.602891	
0.602892	0.602894	0.6029	0.602906	0.602882	0.602858	0.602883	0.602908	0.602854	0.6028	0.602849	0.602898	0.602812	0.602726	0.602806	0.602886	0.602777	0.602667	0.602788	0.602908	0.602818	0.602727	0.602877	0.603027	0.603057	0.603087	0.603042	0.602997	0.602657	0.602317	0.602161	0.602004	0.602241	0.602479	0.602469	0.602459	0.602783	0.603107	0.603165	0.603222	0.603143	0.603064	0.60295	0.602837	0.602881	0.602925	0.602825	0.602726	0.60281	0.602895	0.602822	0.60275	0.602827	0.602903	0.602855	0.602807	0.60286	0.602913	0.602885	0.602857	0.602884	0.602912	0.602901	0.60289	0.602892	
0.602894	0.602894	0.602901	0.602907	0.602883	0.602859	0.602883	0.602906	0.602854	0.602802	0.602846	0.602889	0.602807	0.602726	0.602795	0.602865	0.602762	0.602658	0.602761	0.602863	0.602782	0.6027	0.602825	0.602951	0.603005	0.603059	0.602978	0.602898	0.602489	0.602081	0.601893	0.601705	0.602083	0.60246	0.602346	0.602232	0.602659	0.603087	0.603138	0.603189	0.60311	0.60303	0.60292	0.602811	0.602857	0.602903	0.602811	0.602718	0.602801	0.602885	0.602818	0.602752	0.602826	0.602899	0.602855	0.602812	0.602861	0.602911	0.602886	0.602861	0.602886	0.602911	0.602902	0.602893	0.602894	
0.602906	0.602908	0.602915	0.602923	0.602897	0.60287	0.602899	0.602927	0.602868	0.602809	0.602864	0.602919	0.60282	0.60272	0.602811	0.602901	0.602762	0.602623	0.60276	0.602897	0.602751	0.602605	0.602791	0.602977	0.602939	0.6029	0.603002	0.603105	0.602549	0.601994	0.601656	0.601318	0.60187	0.602422	0.602325	0.602229	0.602696	0.603164	0.603122	0.60308	0.603035	0.602991	0.602867	0.602742	0.602821	0.602899	0.602796	0.602693	0.602797	0.602901	0.602825	0.602749	0.602834	0.60292	0.602868	0.602817	0.602874	0.602931	0.6029	0.60287	0.602898	0.602927	0.602916	0.602904	0.602906	
0.602919	0.602921	0.60293	0.602938	0.60291	0.602881	0.602915	0.602949	0.602882	0.602815	0.602882	0.602948	0.602832	0.602716	0.602826	0.602937	0.602763	0.602589	0.60276	0.602931	0.602721	0.602511	0.602757	0.603004	0.602873	0.602742	0.603027	0.603312	0.60261	0.601907	0.601419	0.60093	0.601657	0.602384	0.602304	0.602225	0.602733	0.603241	0.603106	0.602971	0.602961	0.602951	0.602813	0.602674	0.602784	0.602895	0.602782	0.602669	0.602793	0.602918	0.602832	0.602745	0.602843	0.602942	0.602882	0.602821	0.602886	0.60295	0.602914	0.602878	0.602911	0.602943	0.602929	0.602916	0.602919	
0.602929	0.60293	0.602939	0.602947	0.60292	0.602893	0.602925	0.602956	0.602894	0.602832	0.602891	0.60295	0.602842	0.602733	0.602827	0.602922	0.602755	0.602589	0.602726	0.602864	0.602653	0.602441	0.602629	0.602817	0.602684	0.602552	0.602819	0.603086	0.602531	0.601977	0.601303	0.600629	0.600996	0.601362	0.601624	0.601886	0.602502	0.603118	0.602891	0.602663	0.602743	0.602822	0.602698	0.602575	0.602717	0.60286	0.602762	0.602663	0.60279	0.602918	0.602841	0.602764	0.602857	0.602949	0.602895	0.602841	0.602899	0.602958	0.602926	0.602893	0.602922	0.60295	0.602939	0.602927	0.602929	
0.602939	0.602939	0.602947	0.602956	0.602931	0.602905	0.602934	0.602963	0.602906	0.602849	0.6029	0.602952	0.602852	0.602751	0.602828	0.602906	0.602747	0.602588	0.602692	0.602796	0.602584	0.602372	0.6025	0.602629	0.602496	0.602362	0.602611	0.60286	0.602453	0.602046	0.601187	0.600328	0.600335	0.600341	0.600944	0.601546	0.602271	0.602995	0.602676	0.602356	0.602524	0.602692	0.602584	0.602475	0.60265	0.602825	0.602741	0.602658	0.602787	0.602917	0.60285	0.602784	0.60287	0.602956	0.602909	0.602861	0.602913	0.602965	0.602937	0.602909	0.602933	0.602958	0.602948	0.602938	0.602939	
0.602956	0.602958	0.602968	0.602977	0.602951	0.602924	0.602959	0.602993	0.60293	0.602868	0.602932	0.602996	0.60288	0.602765	0.602864	0.602962	0.602768	0.602574	0.60271	0.602847	0.602554	0.602262	0.602448	0.602633	0.602332	0.60203	0.602424	0.602818	0.602615	0.602413	0.601593	0.600774	0.60068	0.600586	0.601121	0.601656	0.602151	0.602646	0.602286	0.601925	0.602228	0.602531	0.602435	0.602339	0.60257	0.602801	0.602717	0.602632	0.602787	0.602942	0.602866	0.60279	0.602889	0.602988	0.602931	0.602875	0.602933	0.602992	0.602958	0.602923	0.602952	0.60298	0.602967	0.602955	0.602956	
0.602974	0.602977	0.602988	0.602998	0.602971	0.602943	0.602983	0.603023	0.602955	0.602887	0.602963	0.603039	0.602909	0.602779	0.602899	0.603018	0.602789	0.60256	0.602728	0.602897	0.602525	0.602153	0.602395	0.602638	0.602167	0.601697	0.602236	0.602776	0.602778	0.603147	0.601891	0.600761	0.601046	0.601051	0.601224	0.601531	0.60173	0.602296	0.601895	0.601494	0.601932	0.602371	0.602287	0.602203	0.602491	0.602778	0.602692	0.602607	0.602787	0.602967	0.602882	0.602797	0.602908	0.60302	0.602954	0.602888	0.602954	0.60302	0.602979	0.602938	0.60297	0.603002	0.602987	0.602971	0.602974	
0.602992	0.602993	0.603004	0.603015	0.60299	0.602965	0.603003	0.603041	0.60298	0.60292	0.60299	0.603059	0.602941	0.602824	0.602928	0.603033	0.602812	0.60259	0.602729	0.602868	0.602454	0.602041	0.602242	0.602443	0.601756	0.601069	0.601583	0.602097	0.60184	0.601866	0.601554	0.601313	0.602462	0.603605	0.602384	0.600735	0.600846	0.601382	0.601025	0.600668	0.601401	0.602134	0.602094	0.602055	0.602408	0.602762	0.602697	0.602632	0.602812	0.602992	0.602918	0.602845	0.602944	0.603043	0.602985	0.602926	0.602982	0.603037	0.603001	0.602965	0.60299	0.603016	0.603003	0.602991	0.602992	
0.603009	0.603008	0.60302	0.603032	0.603009	0.602987	0.603023	0.603059	0.603006	0.602953	0.603016	0.603079	0.602974	0.602868	0.602958	0.603048	0.602834	0.60262	0.60273	0.602839	0.602384	0.601929	0.602089	0.602248	0.601345	0.600441	0.60093	0.601419	0.600902	0.600393	0.600921	0.601867	0.604179	0.60634	0.60324	0.599418	0.599597	0.600468	0.600155	0.599842	0.60087	0.601897	0.601902	0.601906	0.602326	0.602746	0.602701	0.602657	0.602837	0.603017	0.602955	0.602893	0.60298	0.603067	0.603016	0.602964	0.603009	0.603055	0.603023	0.602991	0.603011	0.603031	0.60302	0.60301	0.603009	
0.603031	0.603033	0.603045	0.603056	0.603035	0.603014	0.603054	0.603095	0.603042	0.602989	0.603062	0.603136	0.603027	0.602918	0.603023	0.603127	0.602902	0.602677	0.602787	0.602896	0.602409	0.601921	0.601981	0.60204	0.601045	0.60005	0.599879	0.599707	0.600307	0.600249	0.601043	0.600941	0.601958	0.604081	0.601442	0.598175	0.598355	0.598975	0.599254	0.599533	0.60051	0.601488	0.601678	0.601869	0.602289	0.602709	0.602693	0.602677	0.602867	0.603058	0.60299	0.602921	0.603016	0.603111	0.60305	0.602988	0.603038	0.603089	0.60305	0.603011	0.603034	0.603057	0.603043	0.60303	0.603031	
0.603053	0.603057	0.603069	0.603081	0.603061	0.603041	0.603086	0.603131	0.603078	0.603024	0.603108	0.603192	0.603079	0.602967	0.603087	0.603206	0.60297	0.602734	0.602844	0.602954	0.602433	0.601913	0.601873	0.601832	0.600746	0.599659	0.598827	0.597996	0.599711	0.600902	0.606037	0.604797	0.599381	0.599452	0.598433	0.596743	0.597141	0.597482	0.598353	0.599223	0.600151	0.601079	0.601455	0.601832	0.602252	0.602672	0.602684	0.602696	0.602898	0.6031	0.603025	0.602949	0.603052	0.603156	0.603084	0.603012	0.603068	0.603123	0.603077	0.603031	0.603058	0.603084	0.603067	0.603049	0.603053	
0.603075	0.603076	0.60309	0.603103	0.603086	0.603068	0.603113	0.603158	0.603114	0.60307	0.603152	0.603234	0.603138	0.603043	0.60316	0.603277	0.603057	0.602837	0.602944	0.603052	0.602504	0.601957	0.601874	0.601792	0.60045	0.599108	0.597899	0.59669	0.599539	0.602306	0.610909	0.611845	0.595858	0.594145	0.59515	0.595242	0.596139	0.597216	0.598056	0.598896	0.6	0.601103	0.601518	0.601932	0.602349	0.602765	0.602796	0.602826	0.602998	0.603169	0.603104	0.603039	0.603118	0.603197	0.603132	0.603068	0.603108	0.603148	0.603107	0.603066	0.603084	0.603103	0.603088	0.603074	0.603075	
0.603097	0.603095	0.60311	0.603125	0.60311	0.603096	0.603141	0.603186	0.603151	0.603116	0.603196	0.603276	0.603197	0.603118	0.603233	0.603347	0.603144	0.60294	0.603045	0.60315	0.602576	0.602001	0.601876	0.601751	0.600154	0.598558	0.596971	0.595384	0.599366	0.601882	0.608395	0.603018	0.592169	0.590743	0.592877	0.594315	0.595536	0.59695	0.597759	0.598569	0.599848	0.601128	0.601581	0.602033	0.602445	0.602857	0.602907	0.602957	0.603097	0.603237	0.603183	0.60313	0.603184	0.603238	0.603181	0.603124	0.603149	0.603173	0.603137	0.603101	0.603111	0.603121	0.603109	0.603098	0.603097	
0.60312	0.603121	0.603135	0.603149	0.603138	0.603127	0.603174	0.603222	0.603192	0.603163	0.60325	0.603337	0.603269	0.603201	0.603327	0.603453	0.60327	0.603087	0.603199	0.603311	0.602753	0.602195	0.602021	0.601846	0.600005	0.598164	0.596376	0.594589	0.598119	0.600715	0.605284	0.603048	0.596959	0.594539	0.594602	0.595007	0.595714	0.59671	0.597819	0.598929	0.600148	0.601368	0.601784	0.6022	0.602603	0.603006	0.603025	0.603044	0.603188	0.603331	0.603256	0.603181	0.603239	0.603297	0.603226	0.603155	0.603184	0.603212	0.603167	0.603123	0.603136	0.603149	0.603134	0.603118	0.60312	
0.603142	0.603147	0.60316	0.603173	0.603166	0.603159	0.603208	0.603258	0.603234	0.603211	0.603305	0.603398	0.603341	0.603284	0.603421	0.603559	0.603396	0.603233	0.603352	0.603472	0.60293	0.602389	0.602165	0.601942	0.599856	0.59777	0.595781	0.593793	0.596871	0.599949	0.604873	0.609796	0.60472	0.599644	0.597793	0.595941	0.596205	0.59647	0.597879	0.599289	0.600448	0.601607	0.601987	0.602366	0.60276	0.603154	0.603143	0.603131	0.603278	0.603426	0.603329	0.603231	0.603294	0.603357	0.603272	0.603187	0.603219	0.603251	0.603198	0.603145	0.603161	0.603178	0.603158	0.603138	0.603142	
0.603163	0.603165	0.60318	0.603195	0.60319	0.603185	0.603236	0.603287	0.603272	0.603258	0.603354	0.60345	0.603411	0.603373	0.603519	0.603665	0.603536	0.603408	0.603557	0.603705	0.603208	0.602711	0.602553	0.602395	0.600149	0.597902	0.596345	0.594789	0.596682	0.598575	0.60509	0.611605	0.605576	0.599547	0.597957	0.596367	0.596686	0.597005	0.598261	0.599518	0.600741	0.601964	0.602362	0.602759	0.603062	0.603365	0.603362	0.603359	0.603444	0.603529	0.60344	0.603351	0.603379	0.603407	0.603329	0.603251	0.603264	0.603277	0.603229	0.603181	0.603188	0.603195	0.603179	0.603162	0.603163	
0.603184	0.603182	0.603199	0.603217	0.603214	0.603211	0.603263	0.603316	0.60331	0.603304	0.603403	0.603502	0.603482	0.603462	0.603617	0.603771	0.603677	0.603582	0.603761	0.603939	0.603486	0.603034	0.602941	0.602849	0.600441	0.598034	0.596909	0.595785	0.596493	0.597202	0.605307	0.613414	0.606432	0.59945	0.598121	0.596792	0.597166	0.59754	0.598644	0.599747	0.601034	0.60232	0.602736	0.603153	0.603365	0.603577	0.603582	0.603587	0.60361	0.603633	0.603552	0.603471	0.603464	0.603457	0.603386	0.603314	0.603309	0.603303	0.60326	0.603218	0.603215	0.603212	0.603199	0.603186	0.603184	
0.603204	0.603206	0.60322	0.603235	0.603237	0.60324	0.603291	0.603343	0.603347	0.60335	0.60345	0.60355	0.603551	0.603552	0.60371	0.603868	0.603828	0.603788	0.603971	0.604154	0.60386	0.603566	0.603421	0.603276	0.601296	0.599316	0.59806	0.596804	0.595332	0.593859	0.597993	0.602128	0.598882	0.595635	0.596434	0.597233	0.597552	0.59787	0.598791	0.599711	0.601122	0.602533	0.602935	0.603337	0.603564	0.603791	0.603741	0.603692	0.603719	0.603747	0.603636	0.603525	0.603521	0.603517	0.603431	0.603344	0.603341	0.603339	0.603288	0.603237	0.603237	0.603238	0.60322	0.603202	0.603204	
0.603223	0.603229	0.603241	0.603253	0.603261	0.603268	0.603319	0.603371	0.603383	0.603396	0.603497	0.603598	0.60362	0.603642	0.603803	0.603965	0.603979	0.603993	0.604181	0.604369	0.604234	0.604099	0.603901	0.603702	0.60215	0.600598	0.599211	0.597824	0.59417	0.590517	0.590679	0.590841	0.591331	0.59182	0.594747	0.597674	0.597937	0.5982	0.598937	0.599674	0.60121	0.602746	0.603134	0.603521	0.603763	0.604005	0.603901	0.603797	0.603829	0.60386	0.60372	0.603579	0.603578	0.603578	0.603476	0.603373	0.603374	0.603375	0.603315	0.603256	0.603259	0.603263	0.603241	0.603218	0.603223	
0.603238	0.603239	0.603254	0.603269	0.603277	0.603285	0.603338	0.603392	0.603409	0.603427	0.603532	0.603637	0.603671	0.603705	0.603879	0.604053	0.604092	0.604131	0.604366	0.604602	0.604517	0.604432	0.604381	0.604331	0.602954	0.601578	0.600472	0.599366	0.596786	0.594207	0.593598	0.59299	0.593141	0.593292	0.595357	0.597423	0.59768	0.597937	0.599325	0.600713	0.601883	0.603053	0.603563	0.604073	0.604156	0.604239	0.604143	0.604046	0.604003	0.603959	0.603825	0.60369	0.603655	0.603619	0.603523	0.603428	0.60341	0.603393	0.603339	0.603285	0.603279	0.603274	0.603255	0.603236	0.603238	
0.603252	0.60325	0.603267	0.603285	0.603293	0.603301	0.603357	0.603413	0.603435	0.603458	0.603567	0.603676	0.603722	0.603767	0.603954	0.604141	0.604205	0.604269	0.604552	0.604835	0.604799	0.604764	0.604862	0.604959	0.603759	0.602558	0.601733	0.600908	0.599403	0.597898	0.596518	0.595139	0.594951	0.594763	0.595968	0.597172	0.597423	0.597673	0.599712	0.601752	0.602556	0.603359	0.603992	0.604625	0.60455	0.604474	0.604385	0.604296	0.604177	0.604058	0.60393	0.603802	0.603731	0.60366	0.603571	0.603482	0.603447	0.603412	0.603363	0.603314	0.603299	0.603285	0.60327	0.603255	0.603252	
0.603265	0.603266	0.60328	0.603294	0.603307	0.603321	0.603373	0.603425	0.603457	0.603488	0.603593	0.603698	0.603761	0.603824	0.604005	0.604186	0.604296	0.604406	0.60468	0.604955	0.605067	0.605179	0.605329	0.605479	0.604899	0.604318	0.603348	0.602377	0.601597	0.600816	0.599709	0.598601	0.59668	0.594759	0.595456	0.596154	0.597659	0.599164	0.6007	0.602237	0.603162	0.604087	0.604487	0.604886	0.604807	0.604728	0.604557	0.604385	0.60427	0.604154	0.603996	0.603837	0.603771	0.603705	0.603602	0.603499	0.603468	0.603437	0.603381	0.603324	0.603313	0.603303	0.603283	0.603263	0.603265	
0.603277	0.603283	0.603293	0.603303	0.603322	0.60334	0.603389	0.603438	0.603478	0.603518	0.603618	0.603719	0.6038	0.603881	0.604056	0.604231	0.604386	0.604542	0.604809	0.605075	0.605335	0.605595	0.605796	0.605998	0.606039	0.606079	0.604963	0.603847	0.603791	0.603735	0.602899	0.602064	0.598409	0.594755	0.594945	0.595135	0.597895	0.600654	0.601688	0.602721	0.603768	0.604815	0.604981	0.605147	0.605065	0.604982	0.604729	0.604475	0.604362	0.60425	0.604061	0.603873	0.603811	0.603749	0.603632	0.603516	0.603489	0.603462	0.603399	0.603335	0.603328	0.603321	0.603296	0.603272	0.603277	
0.603281	0.603283	0.603296	0.603309	0.603326	0.603342	0.603393	0.603444	0.603484	0.603523	0.603626	0.603729	0.603811	0.603893	0.604074	0.604255	0.604411	0.604568	0.604857	0.605147	0.605405	0.605663	0.60599	0.606316	0.606371	0.606426	0.606007	0.605588	0.605131	0.604674	0.603927	0.60318	0.600702	0.598224	0.598452	0.598679	0.600442	0.602206	0.603283	0.604361	0.604939	0.605518	0.605552	0.605586	0.605362	0.605137	0.604879	0.604621	0.604458	0.604294	0.604113	0.603933	0.603847	0.603761	0.603652	0.603544	0.603504	0.603465	0.603407	0.603349	0.603335	0.603321	0.6033	0.60328	0.603281	
0.603285	0.603283	0.603299	0.603315	0.603329	0.603344	0.603397	0.60345	0.603489	0.603528	0.603634	0.603739	0.603822	0.603904	0.604091	0.604279	0.604436	0.604593	0.604906	0.605219	0.605475	0.605732	0.606183	0.606634	0.606704	0.606774	0.607051	0.607329	0.606471	0.605613	0.604955	0.604297	0.602996	0.601694	0.601958	0.602223	0.60299	0.603758	0.604879	0.606	0.60611	0.606221	0.606123	0.606026	0.605659	0.605292	0.60503	0.604768	0.604553	0.604338	0.604165	0.603992	0.603883	0.603774	0.603673	0.603571	0.60352	0.603468	0.603416	0.603363	0.603342	0.603321	0.603304	0.603288	0.603285	
0.603289	0.603291	0.603302	0.603314	0.603333	0.603352	0.6034	0.603448	0.603493	0.603538	0.603635	0.603733	0.603826	0.603918	0.604093	0.604268	0.604449	0.60463	0.604925	0.60522	0.605548	0.605875	0.606324	0.606772	0.607134	0.607495	0.607741	0.607986	0.608479	0.608973	0.607834	0.606695	0.605411	0.604128	0.603942	0.603757	0.60485	0.605944	0.606391	0.606838	0.606782	0.606726	0.606412	0.606098	0.605741	0.605383	0.605075	0.604766	0.604566	0.604366	0.604176	0.603986	0.603887	0.603787	0.603678	0.603568	0.603523	0.603478	0.60342	0.603362	0.603346	0.603329	0.603308	0.603288	0.603289	
0.603293	0.603299	0.603306	0.603314	0.603337	0.60336	0.603403	0.603446	0.603496	0.603547	0.603637	0.603727	0.60383	0.603932	0.604095	0.604257	0.604461	0.604666	0.604944	0.605222	0.60562	0.606019	0.606465	0.60691	0.607564	0.608217	0.60843	0.608643	0.610488	0.612333	0.610713	0.609093	0.607827	0.606562	0.605926	0.605291	0.606711	0.60813	0.607903	0.607676	0.607454	0.607231	0.606701	0.606171	0.605822	0.605474	0.605119	0.604765	0.604579	0.604393	0.604186	0.60398	0.60389	0.6038	0.603683	0.603565	0.603526	0.603487	0.603424	0.603361	0.603349	0.603337	0.603312	0.603288	0.603293	
0.603286	0.603288	0.603298	0.603308	0.603328	0.603348	0.603392	0.603436	0.603482	0.603529	0.603619	0.603709	0.603804	0.6039	0.604061	0.604222	0.604412	0.604601	0.604881	0.605161	0.605529	0.605898	0.606372	0.606846	0.607491	0.608136	0.608596	0.609055	0.610674	0.612293	0.611537	0.610781	0.60984	0.608899	0.608311	0.607722	0.608402	0.609081	0.608612	0.608142	0.607714	0.607287	0.606744	0.606201	0.605817	0.605432	0.605098	0.604763	0.604561	0.60436	0.604168	0.603977	0.603878	0.603779	0.603671	0.603563	0.603518	0.603472	0.603416	0.603359	0.603342	0.603326	0.603305	0.603284	0.603286	
0.603279	0.603278	0.60329	0.603303	0.603319	0.603336	0.603381	0.603426	0.603469	0.603511	0.603601	0.603691	0.603779	0.603867	0.604028	0.604188	0.604362	0.604537	0.604818	0.605099	0.605438	0.605777	0.60628	0.606782	0.607418	0.608055	0.608761	0.609468	0.610861	0.612254	0.612361	0.612469	0.611853	0.611236	0.610695	0.610154	0.610093	0.610032	0.60932	0.608607	0.607975	0.607342	0.606787	0.606232	0.605811	0.605391	0.605076	0.604761	0.604544	0.604327	0.60415	0.603974	0.603865	0.603757	0.603659	0.603561	0.603509	0.603457	0.603407	0.603357	0.603336	0.603314	0.603298	0.603281	0.603279	
0.603275	0.603278	0.603286	0.603294	0.603314	0.603334	0.603373	0.603412	0.603458	0.603503	0.603584	0.603665	0.603756	0.603847	0.603992	0.604137	0.604316	0.604495	0.604749	0.605002	0.605355	0.605709	0.606158	0.606607	0.607329	0.60805	0.608693	0.609335	0.611123	0.612911	0.613145	0.61338	0.613243	0.613106	0.612166	0.611225	0.610751	0.610277	0.609386	0.608494	0.607853	0.607212	0.606639	0.606066	0.605688	0.605311	0.604992	0.604674	0.604482	0.604289	0.60411	0.603931	0.603836	0.603742	0.603641	0.60354	0.603496	0.603452	0.603399	0.603346	0.60333	0.603313	0.603293	0.603274	0.603275	
0.603272	0.603277	0.603282	0.603286	0.603309	0.603332	0.603365	0.603399	0.603447	0.603496	0.603567	0.603639	0.603733	0.603828	0.603957	0.604085	0.604269	0.604453	0.604679	0.604904	0.605272	0.60564	0.606036	0.606432	0.607239	0.608046	0.608624	0.609201	0.611385	0.613569	0.61393	0.61429	0.614633	0.614976	0.613636	0.612296	0.611409	0.610523	0.609452	0.608381	0.607731	0.607081	0.60649	0.6059	0.605565	0.605231	0.604909	0.604587	0.604419	0.604252	0.60407	0.603889	0.603808	0.603726	0.603623	0.603519	0.603483	0.603447	0.603391	0.603335	0.603324	0.603312	0.603289	0.603266	0.603272	
0.603256	0.603258	0.603265	0.603271	0.60329	0.603309	0.603343	0.603377	0.60342	0.603462	0.603532	0.603602	0.603686	0.60377	0.603894	0.604018	0.604181	0.604344	0.604558	0.604772	0.605095	0.605419	0.605795	0.606172	0.60687	0.607568	0.608202	0.608836	0.610638	0.612441	0.61327	0.614099	0.614537	0.614975	0.613481	0.611987	0.610999	0.610012	0.609007	0.608001	0.607387	0.606772	0.606239	0.605707	0.605391	0.605075	0.604785	0.604496	0.604333	0.604171	0.604008	0.603844	0.603763	0.603681	0.603588	0.603495	0.603457	0.603419	0.603369	0.60332	0.603306	0.603291	0.603272	0.603253	0.603256	
