y	b	u.x	u.y	u.z	
0.78125	0.0020001	0.000718485	6.40924e-06	-0.000993261
2.34375	0.0139167	-0.000574012	5.19082e-05	-0.000958244
3.90625	0.0260082	-0.000519447	2.40971e-05	-0.00142425
5.46875	0.0380996	-0.000470179	8.84731e-06	-0.00174612
7.03125	0.0501389	-0.000633337	3.4763e-05	-0.00235181
8.59375	0.0621414	-0.000776376	1.52917e-05	-0.00291043
10.1562	0.0739286	-0.00100386	-1.02864e-05	-0.00345223
11.7187	0.0856952	-0.00123255	-3.29055e-05	-0.00387612
13.2812	0.0973329	-0.00128279	-6.79401e-06	-0.00382859
14.8437	0.108972	-0.00133782	-1.7225e-05	-0.00369246
16.4062	0.120569	-0.00122269	-4.18528e-05	-0.00311113
17.9687	0.132189	-0.00111952	-6.43875e-05	-0.00251569
19.5312	0.143841	-0.000894689	-3.74218e-05	-0.00169667
21.0937	0.155531	-0.000704863	-5.78424e-05	-0.000950218
22.6562	0.16729	-0.000421686	-8.24732e-05	-0.000293105
24.2187	0.17909	-0.000191526	-0.000120922	0.000238164
25.7812	0.190966	0.000101466	-9.22083e-05	0.000467912
27.3437	0.202873	0.000312643	-0.000125044	0.00056596
28.9062	0.214842	0.000541994	-0.000149412	0.000316409
30.4687	0.226823	0.000654915	-0.000180684	-5.0249e-05
32.0312	0.238841	0.000637078	-0.000149336	-0.000600356
33.5937	0.250835	0.000525718	-0.000147358	-0.00123515
35.1562	0.262825	0.000212124	-0.000171864	-0.00185116
36.7187	0.274764	-6.30166e-05	-0.000138743	-0.00245979
38.2812	0.286653	-0.000431179	-0.000106583	-0.00276135
39.8437	0.298495	-0.000709412	-4.54136e-05	-0.0029731
41.4062	0.31028	-0.000946056	-7.33254e-05	-0.00281212
42.9687	0.322038	-0.00109047	-8.37036e-06	-0.00253203
44.5312	0.333766	-0.00113931	2.19756e-05	-0.00200059
46.0937	0.345485	-0.00110348	8.31036e-05	-0.00141744
47.6562	0.357199	-0.000994991	5.02014e-05	-0.000954802
49.2187	0.36892	-0.000821056	9.80625e-05	-0.000460977
50.7812	0.380586	-0.00070979	8.79781e-05	-0.000213963
52.3437	0.392352	-0.000580931	0.000105669	8.84146e-05
53.9062	0.404178	-0.000630681	7.04368e-05	0.000185285
55.4687	0.416038	-0.000741309	8.45251e-05	0.00034627
57.0312	0.427973	-0.00114488	0.000113549	0.00037185
58.5937	0.439931	-0.00160239	0.000128405	0.000432653
60.1562	0.451922	-0.00224679	9.16224e-05	0.00038091
61.7187	0.46391	-0.00291243	0.000104468	0.000242264
63.2812	0.475864	-0.00357212	0.000131751	6.2476e-05
64.8437	0.487796	-0.00416464	0.000126069	-0.000187786
66.4062	0.499664	-0.00441962	8.93957e-05	-0.000253628
67.9687	0.511499	-0.00459283	7.77828e-05	-0.000565022
69.5312	0.523276	-0.00434021	0.000104457	-0.000846066
71.0937	0.535079	-0.00401042	7.48221e-05	-0.00102703
72.6562	0.546932	-0.00340597	4.14917e-05	-0.000907543
74.2187	0.558972	-0.00255609	2.06313e-05	-0.000330702
75.7812	0.571241	-0.00150337	8.12573e-05	0.000658219
77.3437	0.584043	-0.000398035	2.67241e-05	0.00221949
78.9062	0.59751	0.000466164	-5.55622e-06	0.00410683
80.4687	0.611732	0.00168059	-1.94669e-05	0.00479321
82.0312	0.626986	0.00294154	3.58598e-06	0.00370743
83.5937	0.64212	0.00676444	3.01646e-05	0.00175842
85.1562	0.657159	0.0124511	-8.45803e-05	0.000241889
86.7187	0.670485	0.0175602	2.99161e-05	-0.003374
88.2812	0.681714	0.0272947	-6.04456e-05	-0.00916735
89.8437	0.691347	0.0415977	5.50091e-05	-0.0146771
91.4062	0.699083	0.0520171	0.000153975	-0.0197278
92.9687	0.706598	0.0553199	-3.65778e-05	-0.0302156
94.5312	0.713902	0.0513608	0.000186977	-0.0375404
96.0937	0.721065	0.0472003	9.50093e-05	-0.0452927
97.6562	0.728057	0.0371476	-0.000178574	-0.0519278
99.2187	0.735631	0.0326785	-4.22972e-05	-0.0420509
100.781	0.743719	0.0294561	-3.74938e-05	-0.0251937
102.344	0.753769	0.0219227	0.000168357	-0.0100677
103.906	0.765812	0.0133999	-0.000144555	-0.00550721
105.469	0.779658	0.00930085	2.65855e-05	-0.00280268
107.031	0.795179	0.00712208	-0.000130026	0.000691885
108.594	0.810623	0.00507144	-3.82223e-05	0.0035425
110.156	0.825977	0.00330167	4.86441e-05	0.00525951
111.719	0.840175	0.00198828	4.03363e-05	0.00563622
113.281	0.853355	0.000918315	-4.21612e-05	0.00479326
114.844	0.865875	0.000188236	-1.23359e-05	0.00375358
116.406	0.877838	-0.000519223	8.59893e-05	0.00232028
117.969	0.889702	-0.00111039	8.99118e-05	0.00105758
119.531	0.901495	-0.001803	1.01318e-06	-0.000209635
121.094	0.913296	-0.00237794	3.00559e-05	-0.00107434
122.656	0.925121	-0.00282433	0.000120875	-0.00159777
124.219	0.936946	-0.00294801	9.25616e-05	-0.00206611
125.781	0.948751	-0.00269192	-3.06553e-05	-0.0023494
127.344	0.960596	-0.0022777	-2.12424e-05	-0.00262441
128.906	0.972447	-0.00158091	5.2927e-05	-0.00282613
130.469	0.984338	-0.00105191	3.42659e-05	-0.00299218
132.031	0.996247	-0.000556689	-3.43957e-05	-0.00306905
133.594	1.00818	-0.0001631	-1.9845e-06	-0.00303468
135.156	1.02013	0.000115808	6.25509e-05	-0.00294169
136.719	1.03206	0.000400875	6.39345e-05	-0.00273596
138.281	1.04397	0.000586506	6.5524e-06	-0.00247713
139.844	1.05583	0.000801034	4.07223e-05	-0.0021153
141.406	1.06766	0.000945122	9.76823e-05	-0.00179295
142.969	1.07947	0.00105029	7.97513e-05	-0.0014881
144.531	1.09126	0.00110916	3.08216e-05	-0.00129677
146.094	1.10304	0.0010849	3.73144e-05	-0.00125018
147.656	1.11482	0.00102427	8.6387e-05	-0.00139598
149.219	1.1266	0.000889395	4.34067e-05	-0.00162472
150.781	1.1383	0.000732226	-3.71002e-05	-0.0019237
152.344	1.1501	0.000550547	-4.36158e-05	-0.0021856
153.906	1.1619	0.000372114	-3.02785e-06	-0.00236075
155.469	1.17372	0.000222848	-2.92578e-05	-0.00242367
157.031	1.18554	0.000127726	-6.92937e-05	-0.00231736
158.594	1.19739	2.71953e-05	-4.46759e-05	-0.00208778
160.156	1.20924	-7.78655e-06	-9.00294e-06	-0.00172314
161.719	1.22112	-0.000108852	-7.00102e-06	-0.00130145
163.281	1.233	-0.00015766	-4.20709e-05	-0.000773821
164.844	1.24489	-0.000310627	1.38434e-06	-0.000321392
166.406	1.2568	-0.000441744	3.40405e-05	0.000164326
167.969	1.26872	-0.000666558	4.37269e-05	0.000391604
169.531	1.28064	-0.00088781	1.33089e-05	0.000591211
171.094	1.29256	-0.0011748	5.12997e-05	0.000446356
172.656	1.30448	-0.0014714	8.20139e-05	0.000202322
174.219	1.31636	-0.00178583	7.22235e-05	-0.000316861
175.781	1.32823	-0.00210374	4.52377e-05	-0.000933404
177.344	1.34004	-0.00236793	5.31149e-05	-0.0015965
178.906	1.35184	-0.00261956	8.16787e-05	-0.00232618
180.469	1.36357	-0.00275265	3.70783e-05	-0.00286976
182.031	1.37529	-0.00285342	1.13527e-05	-0.0034119
183.594	1.38698	-0.00279662	-1.09166e-05	-0.00361495
185.156	1.39867	-0.00270366	1.48038e-05	-0.00377575
186.719	1.41037	-0.00246237	-5.30883e-05	-0.00358976
188.281	1.42209	-0.00219995	-7.92416e-05	-0.00333903
189.844	1.43387	-0.00183248	-0.000112553	-0.00284417
191.406	1.44567	-0.00147497	-8.97102e-05	-0.00230649
192.969	1.45755	-0.00108164	-0.000156604	-0.00171034
194.531	1.46946	-0.000732475	-0.000183804	-0.00111602
196.094	1.48144	-0.000428464	-0.000197149	-0.00066214
197.656	1.49343	-0.000206362	-0.000176253	-0.000270583
199.219	1.50545	-9.67041e-05	-0.000211279	-0.000165226
