y	b	bdiff	u.x	u.y	u.z	Ri	
0.0976562	0.00622363	6.08752e-05	3.8106e-06	1.54529e-05	3.65512e-07	4973.88
3.22266	0.0127103	-4.17817e-07	3.26086e-05	-1.58126e-05	1.09431e-06	679495
6.34766	0.0250132	-2.29969e-05	1.8609e-05	1.5785e-05	-2.91984e-06	927014
9.47266	0.03737	8.26797e-06	6.19739e-05	-1.63851e-05	-8.51804e-06	381967
12.5977	0.0497017	1.44512e-05	0.000109704	1.57803e-05	-1.08878e-05	113803
15.7227	0.0620358	2.30041e-05	0.000217394	-1.66028e-05	-3.18078e-05	45837.2
18.8477	0.074378	3.97189e-05	0.000344299	1.50407e-05	-3.81043e-05	28488.6
21.9727	0.0867352	7.14396e-05	0.000619662	-1.58471e-05	-9.47488e-05	20550.7
25.0977	0.0991218	0.000132436	0.000751844	1.38116e-05	-0.00011066	14371.9
28.2227	0.111629	0.000313753	0.000471932	-1.26967e-05	-0.00059459	12215
31.3477	0.124374	0.000733548	0.00861409	2.76627e-06	0.00201233	9084.66
34.4727	0.137111	0.00114468	0.0547283	-3.60995e-06	0.00522985	6907.56
37.5057	0.149275	0.00134568	0.133703	-7.30903e-05	0.00692312	8505.88
40.2634	0.159924	0.00111826	0.208152	-0.00034316	0.00394277	13063.6
42.8394	0.16941	0.000444236	0.238558	-0.000202458	0.0103054	59544.8
45.0999	0.177599	-0.000282845	0.251653	0.0002464	-0.00607141	205912
46.8564	0.18401	-0.000799785	0.251689	4.59944e-05	-0.0110291	127182
48.4031	0.189647	-0.00126263	0.231321	0.000689088	-0.0126183	34515.9
49.8108	0.195069	-0.00139275	0.170057	0.00020531	-0.0144544	24574.2
51.3118	0.20094	-0.0014421	0.0728726	0.00046538	-0.0118561	15957.1
53.2544	0.208745	-0.00129899	0.0249245	0.000236251	-0.00754461	34534.5
56.0311	0.220105	-0.000890872	-0.000177494	7.46514e-06	-0.0021536	33122.1
58.9131	0.231983	-0.000380356	0.000665894	5.33999e-06	-1.8847e-05	10323
61.9977	0.244392	-0.000136715	0.00123412	-1.75233e-05	-0.00013398	37816.7
65.1227	0.25679	-6.4552e-05	0.0007259	2.7227e-06	-7.54798e-05	60959.7
68.2477	0.26915	-3.02133e-05	0.000435344	-2.1734e-06	-4.57348e-05	13389.4
71.3727	0.281489	-1.64935e-05	0.000275006	-1.60787e-05	-2.06943e-05	16706.5
74.4977	0.293821	-1.0057e-05	0.000169826	2.11348e-05	-1.44662e-05	42240.2
77.6227	0.30615	-6.8599e-06	0.000104867	-3.71061e-05	-6.04394e-06	71177.5
80.7477	0.318478	-4.67018e-06	6.54073e-05	4.16833e-05	-4.64232e-06	56179.3
83.8727	0.330804	-3.33073e-06	3.82012e-05	-5.31923e-05	-1.72602e-06	101868
86.9977	0.343131	-2.35711e-06	2.29228e-05	5.63554e-05	-1.41844e-06	947480
90.1227	0.355457	-1.54157e-06	1.14195e-05	-6.37296e-05	-4.25542e-07	1.76881e+06
93.2477	0.367793	8.76445e-06	5.49534e-06	6.58305e-05	-3.31134e-07	401455
96.3727	0.380118	8.42022e-06	3.79867e-06	-6.96906e-05	-7.74123e-08	885934
99.4977	0.388225	-2.86777e-05	2.9154e-06	7.11115e-05	-5.09773e-08	1.4958e+06
