y	b	u.x	u.y	u.z	
0.195312	0.00147218	1.06377e-08	9.98699e-06	-1.46025e-09
2.21157	0.0166699	1.20453e-07	0.000113085	-1.65347e-08
4.22782	0.0318675	1.39962e-07	0.000103277	-1.82054e-08
6.24408	0.0470652	8.46722e-08	-4.84283e-08	-8.77418e-09
8.26034	0.0622629	2.93826e-08	-0.000103373	6.57053e-10
10.2766	0.0774606	1.30063e-08	-0.000114093	4.21177e-09
12.2928	0.0926583	4.47393e-08	-1.03224e-05	5.01197e-10
14.3091	0.107856	7.64724e-08	9.34483e-05	-3.20938e-09
16.3254	0.123054	1.08442e-07	0.000124812	-5.23889e-09
18.3416	0.138251	1.40855e-07	2.01325e-05	-4.10989e-09
20.3579	0.153449	1.73269e-07	-8.45473e-05	-2.98089e-09
22.3741	0.168647	2.23722e-07	-0.000137086	-5.52166e-09
24.3904	0.183844	3.29007e-07	-3.1141e-05	-1.92169e-08
26.4066	0.199042	4.34292e-07	7.48043e-05	-3.29121e-08
28.4229	0.21424	5.4314e-07	0.000149175	-4.41123e-08
30.4392	0.229437	6.72537e-07	4.14124e-05	-4.09208e-08
32.4554	0.244635	8.01934e-07	-6.63498e-05	-3.77293e-08
34.4717	0.259833	9.51183e-07	-0.000163657	-3.83854e-08
36.4879	0.275031	1.49465e-06	-5.33504e-05	-1.15447e-07
38.5042	0.290228	2.03812e-06	5.69562e-05	-1.92509e-07
40.5204	0.305426	2.58159e-06	0.000167263	-2.69571e-07
42.5367	0.320624	3.35978e-06	6.52818e-05	-2.79833e-07
44.5529	0.335822	4.15082e-06	-4.83108e-05	-2.86441e-07
46.5692	0.35102	4.94185e-06	-0.000161903	-2.93049e-07
48.5855	0.366218	9.52316e-06	-7.88872e-05	-8.02799e-07
50.6017	0.381417	1.47821e-05	3.92789e-05	-1.4025e-06
52.618	0.396615	2.0041e-05	0.000157445	-2.0022e-06
54.6342	0.411816	1.72292e-05	9.46686e-05	-4.6307e-06
56.6505	0.427016	1.17059e-05	-2.88958e-05	-7.94077e-06
58.6667	0.442217	6.18263e-06	-0.00015246	-1.12508e-05
60.683	0.457433	-2.03098e-05	-8.16973e-05	-2.70753e-05
62.6993	0.472648	-8.98819e-05	2.18138e-05	-6.86504e-05
64.7155	0.487869	-0.000126321	0.000215404	-9.63271e-05
66.7318	0.503101	-5.17168e-05	0.000230929	-8.60295e-05
68.748	0.518525	0.000766686	2.34249e-05	-7.42491e-05
70.7643	0.534082	0.0032579	-0.000305867	0.000973034
72.7805	0.549402	0.00872581	-0.000185402	-0.000732516
74.7968	0.564513	0.00934978	6.49318e-06	-0.000721657
76.813	0.579508	0.00888458	0.000211115	0.000346975
78.8293	0.594439	0.00816822	6.3237e-05	0.000551165
80.8456	0.609373	0.00580058	4.39128e-05	0.000535155
82.8618	0.624398	0.00457337	-9.34587e-06	0.000377016
84.8781	0.63946	0.00339486	0.000119681	-3.6948e-05
86.8943	0.654621	0.00267424	5.14203e-05	-0.000345998
88.9106	0.669764	0.00187945	-4.65543e-05	-0.000123094
90.9268	0.684908	0.00111033	-0.000154261	0.000138724
92.9431	0.700129	0.000863105	-5.61077e-05	6.06656e-05
94.9593	0.715374	0.000771639	0.000132854	4.57501e-05
96.9756	0.730632	0.000519875	0.000248661	-1.00714e-05
98.9919	0.7459	0.000466176	9.79605e-05	-2.49839e-05
101.008	0.761199	-8.75542e-05	-7.12656e-05	-1.12371e-05
103.024	0.776478	4.59086e-05	-0.000246597	6.55416e-06
105.041	0.791712	3.08438e-05	-9.01876e-05	7.30558e-06
107.057	0.806926	1.84394e-05	5.89592e-05	2.55593e-06
109.073	0.822142	-1.1531e-05	0.000129417	6.20235e-07
111.089	0.837337	4.43807e-06	5.36835e-05	5.57901e-07
113.106	0.852541	-7.5069e-06	-1.51131e-05	2.55689e-07
115.122	0.867739	-2.71375e-06	-9.52017e-05	1.1469e-07
117.138	0.882937	-1.40624e-06	-6.02651e-05	2.71924e-08
119.154	0.898135	-1.25763e-06	1.29143e-05	-4.25165e-08
121.171	0.913333	-1.10902e-06	8.60938e-05	-1.12225e-07
123.187	0.92853	-7.96181e-07	6.51984e-05	-1.0026e-07
125.203	0.943728	-3.95183e-07	-6.20166e-06	-4.44476e-08
127.219	0.958926	5.81599e-09	-7.76017e-05	1.13649e-08
129.236	0.974123	8.32112e-08	-7.11903e-05	2.28089e-08
131.252	0.989321	-1.03226e-07	-1.33945e-06	-1.92067e-09
133.268	1.00452	-2.89664e-07	6.85114e-05	-2.66502e-08
135.284	1.01972	-3.21848e-07	7.60174e-05	-3.3053e-08
137.301	1.03491	-1.66313e-07	7.65268e-06	-1.7153e-08
139.317	1.05011	-1.07785e-08	-6.0712e-05	-1.25292e-09
141.333	1.06531	6.57577e-08	-8.15336e-05	6.64997e-09
143.349	1.08051	-3.60508e-09	-1.45502e-05	-2.16707e-10
145.366	1.0957	-7.29678e-08	5.24333e-05	-7.08339e-09
147.382	1.1109	-1.1196e-07	8.60807e-05	-1.10409e-08
149.398	1.1261	-6.05479e-08	2.0494e-05	-6.33865e-09
151.415	1.1413	-9.13536e-09	-4.50928e-05	-1.63637e-09
153.431	1.1565	3.09303e-08	-9.09832e-05	2.02967e-09
155.447	1.17169	7.5233e-09	-2.66953e-05	-1.00809e-10
157.463	1.18689	-1.58837e-08	3.75926e-05	-2.23129e-09
159.48	1.20209	-3.72344e-08	9.52792e-05	-4.17157e-09
161.496	1.21729	-2.09828e-08	3.2256e-05	-2.63369e-09
163.512	1.23248	-4.73127e-09	-3.07673e-05	-1.09582e-09
165.528	1.24768	1.15203e-08	-9.37906e-05	4.42055e-10
167.545	1.26288	5.35844e-09	-3.78796e-05	-1.08003e-10
169.561	1.27808	-1.93237e-09	2.4022e-05	-7.63228e-10
171.577	1.29327	-9.22317e-09	8.59236e-05	-1.41845e-09
173.593	1.30847	-6.32216e-09	4.31656e-05	-1.0627e-09
175.61	1.32367	-1.65415e-09	-1.77379e-05	-5.31677e-10
177.626	1.33887	3.01387e-09	-7.86413e-05	-6.49717e-13
179.642	1.35407	2.75021e-09	-4.84952e-05	-2.99926e-11
181.658	1.36926	8.63962e-10	1.16076e-05	-2.43705e-10
183.675	1.38446	-1.02229e-09	7.17103e-05	-4.57418e-10
185.691	1.39966	-9.39412e-10	5.37566e-05	-3.85801e-10
187.707	1.41486	1.91542e-10	-5.74306e-06	-1.62314e-10
189.723	1.43005	1.3225e-09	-6.52427e-05	6.11717e-11
191.74	1.44525	1.65277e-09	-5.91579e-05	1.25631e-10
193.756	1.46045	1.33539e-09	-2.31627e-08	6.14577e-11
195.772	1.47565	1.01801e-09	5.91116e-05	-2.71596e-12
197.788	1.49084	8.44412e-10	6.47248e-05	-3.78174e-11
199.805	1.50604	8.44412e-10	5.71664e-06	-3.78174e-11
