y	b	u.x	u.y	u.z	
0.195312	0.00147218	-3.11171e-08	3.92697e-05	2.81232e-09
2.21157	0.0166699	-3.52346e-07	0.00044466	3.18446e-08
4.22782	0.0318675	-3.82407e-07	0.000406368	3.53088e-08
6.24408	0.0470652	-1.71305e-07	5.89864e-07	1.7596e-08
8.26034	0.0622629	3.97971e-08	-0.000405189	-1.16805e-10
10.2766	0.0774606	1.587e-07	-0.000447659	-9.51687e-09
12.2928	0.0926583	1.63614e-07	-4.09627e-05	-8.63968e-09
14.3091	0.107856	1.68529e-07	0.000365734	-7.76248e-09
16.3254	0.123054	1.96531e-07	0.000489302	-3.96336e-09
18.3416	0.138251	2.67912e-07	8.09066e-05	5.32571e-09
20.3579	0.153449	3.39293e-07	-0.000327489	1.46148e-08
22.3741	0.168647	4.14302e-07	-0.000533115	1.50154e-08
24.3904	0.183844	5.00342e-07	-0.000122417	-1.16006e-08
26.4066	0.199042	5.86383e-07	0.000288281	-3.82166e-08
28.4229	0.21424	6.80275e-07	0.000577159	-5.15783e-08
30.4392	0.229437	8.19465e-07	0.000163338	1.15153e-08
32.4554	0.244635	9.58655e-07	-0.000250483	7.46088e-08
34.4717	0.259833	1.11151e-06	-0.000624438	1.28793e-07
36.4879	0.275031	1.53566e-06	-0.000206745	6.05068e-09
38.5042	0.290228	1.95981e-06	0.000210949	-1.16691e-07
40.5204	0.305426	2.38396e-06	0.000628642	-2.39433e-07
42.5367	0.320624	2.63302e-06	0.000249686	-1.80352e-08
44.5529	0.335821	2.8725e-06	-0.000172844	2.22187e-07
46.5692	0.351019	3.11199e-06	-0.000595375	4.62408e-07
48.5855	0.366217	4.84433e-06	-0.000296039	1.26722e-07
50.6017	0.381415	6.84357e-06	0.000132352	-3.11925e-07
52.618	0.396612	8.84282e-06	0.000560744	-7.50572e-07
54.6342	0.41181	1.02191e-05	0.000342512	-2.42176e-07
56.6505	0.427008	1.13862e-05	-9.29556e-05	5.84382e-07
58.6667	0.442206	1.25533e-05	-0.000528423	1.41094e-06
60.683	0.457404	1.92146e-05	-0.000393512	7.08504e-07
62.6993	0.472602	2.88509e-05	5.02503e-05	-8.21861e-07
64.7155	0.4878	3.84873e-05	0.000494012	-2.35223e-06
66.7318	0.502999	4.94197e-05	0.000445411	-1.79316e-06
68.748	0.518198	6.14172e-05	-7.79468e-06	4.82906e-07
70.7643	0.533398	7.34147e-05	-0.000461	2.75897e-06
72.7805	0.548598	0.000106916	-0.000502659	1.90682e-06
74.7968	0.5638	0.000166793	-3.95153e-05	-2.78239e-06
76.813	0.579002	0.00022667	0.000423628	-7.4716e-06
78.8293	0.594205	0.000283342	0.00055987	-8.80988e-06
80.8456	0.609413	0.000334045	8.71658e-05	-3.90611e-06
82.8618	0.62462	0.000384748	-0.000385538	9.97668e-07
84.8781	0.639836	0.000414139	-0.000615923	-4.8591e-06
86.8943	0.655076	0.000379424	-0.000117437	-4.30826e-05
88.9106	0.670332	0.000354953	0.000353083	-0.000114369
90.9268	0.685565	0.000521242	0.000723235	-0.000147331
92.9431	0.700858	0.00193715	0.000214315	-0.000354826
94.9593	0.716117	0.00267824	-0.00036764	-0.000377033
96.9756	0.731419	0.00554419	-0.000372003	-0.000514431
98.9919	0.746482	0.0170491	0.000186961	-0.000597009
101.008	0.761622	0.0385644	-0.000227478	-0.00225018
103.024	0.77669	0.0517779	-0.00034543	0.000167872
105.041	0.791671	0.0533045	-0.000378515	0.00212785
107.057	0.8067	0.0360756	0.00038822	-0.000568833
109.073	0.821756	0.0216282	0.00113176	-0.000477072
111.089	0.836957	0.0112786	0.000289783	-0.0008144
113.106	0.852231	0.00673385	-4.10028e-05	-0.00056177
115.122	0.867439	0.000934458	-0.000689849	-0.00050559
117.138	0.88268	-0.000387326	-0.000354383	-0.00034778
119.154	0.897949	0.00010855	5.73345e-05	-0.000198529
121.171	0.913218	0.000336096	0.000570286	-4.06047e-05
123.187	0.928452	0.000416255	0.000439747	2.11611e-05
125.203	0.943668	0.000417289	-3.6253e-05	3.13033e-05
127.219	0.958884	0.000418323	-0.000512253	4.14455e-05
129.236	0.974093	0.000383332	-0.000471508	3.55701e-05
131.252	0.989297	0.000318969	-9.46123e-06	1.66355e-05
133.268	1.0045	0.000254605	0.000452585	-2.29899e-06
135.284	1.0197	0.000199081	0.000503242	-1.15853e-05
137.301	1.0349	0.000154313	5.32573e-05	-9.13029e-06
139.317	1.0501	0.000109544	-0.000396728	-6.67524e-06
141.333	1.0653	7.50494e-05	-0.000534375	-4.27885e-06
143.349	1.0805	5.95277e-05	-9.51804e-05	-1.9908e-06
145.366	1.0957	4.4006e-05	0.000344014	2.97261e-07
147.382	1.1109	3.0848e-05	0.000564783	1.7625e-06
149.398	1.1261	2.47259e-05	0.000135351	7.78393e-07
151.415	1.1413	1.86038e-05	-0.000294081	-2.05714e-07
153.431	1.15649	1.3084e-05	-0.000594586	-9.58322e-07
155.447	1.17169	1.09336e-05	-0.00017389	-4.15957e-07
157.463	1.18689	8.78313e-06	0.000246806	1.26408e-07
159.48	1.20209	6.68846e-06	0.000624277	6.24788e-07
161.496	1.21729	5.61386e-06	0.000211324	3.18863e-07
163.512	1.23248	4.53927e-06	-0.00020163	1.29386e-08
165.528	1.24768	3.46467e-06	-0.000614583	-2.92986e-07
167.545	1.26288	2.92555e-06	-0.000247605	-1.61369e-07
169.561	1.27808	2.41341e-06	0.000158657	-7.71307e-09
171.577	1.29327	1.90126e-06	0.000564919	1.45943e-07
173.593	1.30847	1.58417e-06	0.000283466	9.88796e-08
175.61	1.32367	1.30089e-06	-0.000117221	1.70168e-08
177.626	1.33887	1.01761e-06	-0.000517907	-6.48461e-08
179.642	1.35407	8.26465e-07	-0.000318932	-5.7225e-08
181.658	1.36926	6.65628e-07	7.73411e-05	-2.01625e-08
183.675	1.38446	5.04791e-07	0.000473614	1.69001e-08
185.691	1.39966	3.89946e-07	0.00035472	1.95869e-08
187.707	1.41486	2.99582e-07	-3.83734e-05	3.97716e-09
189.723	1.43005	2.09217e-07	-0.000431467	-1.16326e-08
191.74	1.44525	1.45283e-07	-0.000391003	-1.60646e-08
193.756	1.46045	1.02728e-07	1.56981e-07	-1.1455e-08
195.772	1.47565	6.0173e-08	0.000391317	-6.84547e-09
197.788	1.49084	3.68965e-08	0.000428356	-4.32416e-09
199.805	1.50604	3.68965e-08	3.78334e-05	-4.32416e-09
