y	b	u.x	u.y	u.z	
1.5625	0.00741728	-0.000103251	-4.93561e-05	0.000491321
3.1127	0.0191707	1.78216e-06	-3.1593e-05	2.05623e-06
4.66289	0.0309269	2.22031e-06	-2.07703e-05	1.69407e-06
6.21309	0.04268	4.53121e-06	-3.38157e-05	4.00217e-06
7.76329	0.0544514	4.42084e-06	-4.5692e-05	4.51061e-06
9.31348	0.0662041	5.83926e-06	-2.66464e-05	2.33711e-06
10.8637	0.0779572	5.75248e-06	-1.6411e-05	3.09097e-06
12.4139	0.0897097	7.31034e-06	-2.54939e-05	6.55322e-06
13.9641	0.101482	7.62197e-06	-3.75477e-05	7.02107e-06
15.5143	0.113234	8.14691e-06	-1.65671e-05	-9.07419e-08
17.0645	0.124987	8.11605e-06	-7.07417e-06	1.07426e-06
18.6147	0.136739	8.96702e-06	-1.1895e-05	3.39564e-06
20.1649	0.148492	9.10393e-06	-2.01873e-05	5.11267e-06
21.7151	0.160244	8.218e-06	3.32721e-06	-7.16164e-06
23.2653	0.171996	8.34465e-06	1.08919e-05	-5.48434e-06
24.8155	0.183748	8.17123e-06	1.05232e-05	-5.01578e-06
26.3656	0.19584	6.2081e-06	-8.18257e-06	5.70941e-07
27.9158	0.207585	4.62603e-06	1.68219e-05	-1.56509e-05
29.466	0.219331	4.98184e-06	2.15357e-05	-1.33104e-05
31.0162	0.231076	4.42627e-06	2.72393e-05	-1.27446e-05
32.5664	0.242835	4.87271e-06	2.26545e-05	-7.26781e-06
34.1166	0.25458	2.22721e-06	4.97535e-05	-2.65667e-05
35.6668	0.266327	2.47695e-06	4.96273e-05	-2.28619e-05
37.217	0.278073	2.47806e-06	5.93399e-05	-2.13452e-05
38.7672	0.289846	2.41029e-06	5.64565e-05	-1.0885e-05
40.3174	0.301592	-5.02641e-07	8.18185e-05	-2.80762e-05
41.8676	0.313337	-1.76642e-07	7.5207e-05	-2.21304e-05
43.4178	0.325085	2.86877e-06	8.45801e-05	-1.29654e-05
44.968	0.33683	8.93511e-06	9.03284e-05	1.42771e-06
46.5182	0.348578	9.41651e-06	0.00010731	-4.10458e-06
48.0684	0.360324	9.45102e-06	9.1943e-05	6.74179e-06
49.6186	0.372074	2.01369e-05	9.19201e-05	3.72956e-05
51.1688	0.383262	-3.38426e-05	3.70462e-05	0.000112467
52.719	0.395027	-4.13594e-05	1.9467e-05	0.000133837
54.2692	0.406792	-3.82498e-05	-3.76672e-06	0.000152837
55.8194	0.418559	-3.99415e-05	4.99913e-06	0.000182716
57.3696	0.430324	-1.27504e-05	3.38457e-05	0.00023019
58.9198	0.442093	6.74747e-06	1.78449e-05	0.000276663
60.47	0.45386	1.89512e-05	-1.90456e-05	0.000314129
62.0202	0.465631	5.76873e-05	-1.41055e-05	0.000362856
63.5704	0.47736	0.000110455	3.32355e-05	0.000423003
65.1206	0.489138	0.000195049	2.23194e-05	0.000457201
66.6708	0.500914	0.00022268	-3.27474e-05	0.000438214
68.221	0.512694	0.000344701	-4.07895e-05	0.000403969
69.7712	0.524454	0.000484845	2.72612e-05	0.00033342
71.3214	0.536233	0.000657695	7.39756e-06	0.00018508
72.8716	0.548009	0.000710554	-7.00398e-05	-9.26297e-05
74.4218	0.55982	0.000774252	-0.000100227	-0.000369417
75.9719	0.571574	0.000826074	-3.09926e-06	-0.000706238
77.5221	0.583515	0.000537472	-1.03132e-05	-0.000632788
79.0723	0.595542	-6.88158e-05	-0.000118657	-0.000131815
80.6225	0.607621	-0.00144633	-0.000158103	0.000332354
82.1727	0.619807	-0.00347624	1.18576e-05	0.00115996
83.7229	0.631762	-0.00562177	9.53021e-05	0.00223645
85.2731	0.643481	-0.00723498	-8.13985e-06	0.0029279
86.8233	0.654948	-0.00900874	9.78261e-05	0.00523383
88.3735	0.666132	-0.00980208	0.000127394	0.0070443
89.9237	0.677253	-0.00953469	9.55875e-06	0.00665173
91.4739	0.68828	-0.00487749	0.000120904	0.00599768
93.0241	0.699481	-0.00160186	2.21414e-05	0.00483087
94.5743	0.710868	-0.00114214	-6.71162e-05	0.00209598
96.1245	0.72261	-0.00024414	-6.17363e-05	0.0013956
97.6747	0.734712	-0.0004809	4.72452e-05	0.00163337
99.2249	0.746825	-0.000438088	1.92147e-05	0.00132028
100.775	0.758961	-0.000202474	-3.99498e-05	0.000232085
102.325	0.771006	0.000131663	-4.22204e-05	0.000139402
103.875	0.782953	0.000266704	2.35602e-05	0.000352456
105.426	0.794836	0.000303867	2.25669e-05	0.000422298
106.976	0.80667	0.000284459	1.06663e-05	0.000395919
108.526	0.818483	0.000225212	1.03015e-06	0.000360281
110.076	0.830275	0.000153616	-1.76506e-07	0.00031195
111.626	0.842065	0.000102568	-7.54687e-07	0.000272281
113.177	0.85385	8.64426e-05	5.01646e-06	0.000251088
114.727	0.865637	5.87736e-05	-7.03256e-06	0.000217544
116.277	0.877422	3.80802e-05	-1.78237e-05	0.000180472
117.827	0.889208	1.93061e-05	-1.22173e-05	0.000151186
119.377	0.900991	-2.96464e-06	-4.80576e-07	0.000131699
120.928	0.912775	-1.59325e-05	-8.44294e-06	0.000112024
122.478	0.924556	-3.1961e-05	-2.43111e-05	8.84404e-05
124.028	0.936338	-2.88617e-05	-1.4533e-05	7.55116e-05
125.578	0.948043	-4.24104e-05	1.0064e-06	6.03392e-05
127.128	0.959819	-3.81086e-05	-5.388e-06	5.26927e-05
128.679	0.971593	-4.09189e-05	-2.36829e-05	3.73356e-05
130.229	0.983368	-3.12259e-05	-1.1433e-05	3.74739e-05
131.779	0.995136	-3.17062e-05	6.0246e-06	2.99661e-05
133.329	1.00691	-2.47709e-05	-1.69284e-06	2.97822e-05
134.879	1.01868	-2.36659e-05	-2.00747e-05	2.19121e-05
136.43	1.03046	-1.7857e-05	-9.24844e-06	2.67074e-05
137.98	1.0422	-1.66004e-05	9.55324e-06	2.47999e-05
139.53	1.05397	-1.40723e-05	1.41574e-06	2.61622e-05
141.08	1.06574	-1.27444e-05	-1.6029e-05	2.26271e-05
142.63	1.07752	-1.23852e-05	-5.96366e-06	2.71794e-05
144.181	1.08929	-1.14606e-05	1.0402e-05	2.63686e-05
145.731	1.10106	-1.26281e-05	2.22531e-06	2.57771e-05
147.281	1.11284	-1.20115e-05	-1.3221e-05	2.438e-05
148.831	1.12461	-1.44789e-05	-3.44616e-06	2.64132e-05
150.381	1.13554	-8.01072e-06	3.68711e-05	1.00274e-05
151.932	1.14729	-5.59702e-06	3.23447e-05	-1.52768e-07
153.482	1.15903	-5.26901e-06	2.04281e-05	-1.26365e-06
155.032	1.17078	-1.72558e-06	1.65516e-05	-6.4204e-07
156.582	1.18253	-1.34816e-06	2.84242e-05	-9.8613e-07
158.132	1.19427	-1.035e-06	2.38716e-05	-8.13273e-06
159.683	1.20602	-8.38471e-07	1.4581e-05	-8.86332e-06
161.233	1.21777	4.19703e-07	1.10561e-05	-6.3374e-06
162.783	1.22951	1.24e-06	1.93811e-05	-7.45084e-06
164.333	1.24126	1.8057e-07	1.5299e-05	-1.19292e-05
165.883	1.253	3.38392e-07	8.72377e-06	-1.24919e-05
167.434	1.26475	3.93901e-07	5.76432e-06	-8.87575e-06
168.984	1.27649	8.87588e-07	1.12313e-05	-9.58081e-06
170.534	1.28824	-5.97063e-07	7.61075e-06	-1.21621e-05
172.084	1.29999	-5.16199e-07	3.62554e-06	-1.25358e-05
173.634	1.31173	-8.10533e-07	1.52322e-06	-8.61208e-06
175.185	1.32349	1.32684e-06	3.84202e-06	-1.02683e-05
176.735	1.33524	-5.95394e-07	3.42805e-06	-1.14671e-05
178.285	1.34699	-5.34123e-07	1.72187e-06	-1.17185e-05
179.835	1.35874	-6.0887e-07	-2.019e-06	-7.76047e-06
181.385	1.37048	-5.08036e-07	-1.30474e-06	-7.89974e-06
182.936	1.38223	-1.64099e-06	-1.8926e-06	-8.34854e-06
184.486	1.39398	-1.61004e-06	-1.81292e-06	-8.50109e-06
186.036	1.40573	-1.31416e-06	-4.4608e-06	-5.2103e-06
187.586	1.41753	-7.84547e-07	-5.73281e-06	-5.83713e-06
189.136	1.42928	-1.20355e-06	-6.14197e-06	-5.5384e-06
190.687	1.44103	-1.1821e-06	-4.832e-06	-5.62655e-06
192.237	1.45277	-7.14366e-07	-6.67701e-06	-2.95351e-06
193.787	1.46453	-6.68262e-07	-8.6668e-06	-3.02566e-06
195.337	1.47628	-4.96664e-07	-8.77146e-06	-1.9437e-06
196.887	1.48802	-4.8948e-07	-6.83412e-06	-1.97108e-06
198.437	1.49977	-6.56746e-09	-7.66633e-06	-1.29745e-08
