y	b	u.x	u.y	u.z	
1.5625	0.00701002	0.00187033	2.18104e-05	-0.00119334
3.1127	0.0187461	0.000106393	6.81936e-05	0.000351862
4.66289	0.0305801	-4.25077e-05	0.000117412	0.000420715
6.21309	0.0423986	-0.000133882	4.43383e-05	0.00051129
7.76329	0.0541771	-0.000163084	-5.97671e-06	0.000389768
9.31348	0.0659292	-0.00021742	-5.45196e-05	0.000402652
10.8637	0.0775999	-0.000204571	-3.2706e-06	0.000430623
12.4139	0.0893517	-0.000369355	-2.96123e-05	0.00048939
13.9641	0.101036	-0.000307962	-7.77674e-05	0.000572083
15.5143	0.11282	-0.000439195	-0.000103953	0.000517038
17.0645	0.124608	-0.00034327	-5.21172e-05	0.000438577
18.6147	0.136374	-0.000393362	-5.2026e-05	0.000219326
20.1649	0.148145	-0.000366339	-0.000101332	6.97094e-05
21.7151	0.159894	-0.000371133	-6.64704e-05	-0.000104871
23.2653	0.171656	-0.000417513	-1.45634e-05	-0.000162006
24.8155	0.183418	-0.000360342	1.92827e-06	-0.000133196
26.3656	0.195165	-0.000386604	-2.74724e-05	-6.14816e-05
27.9158	0.206931	-0.000222261	-6.9442e-05	0.000131883
29.466	0.218706	-0.000204246	-1.7585e-05	0.000323326
31.0162	0.230471	5.17973e-05	-8.29407e-05	0.000450777
32.5664	0.242209	0.000102283	-0.000131924	0.000489394
34.1166	0.253967	0.000287166	-0.000192431	0.000475667
35.6668	0.265722	0.000278816	-0.0001368	0.000365262
37.217	0.277481	0.000271402	-0.000186824	0.000262153
38.7672	0.289264	0.000129882	-0.000199514	0.000178973
40.3174	0.301027	1.6574e-05	-0.000214265	0.000131184
41.8676	0.312795	-4.08305e-05	-0.000157426	0.000126096
43.4178	0.324551	-8.07137e-05	-0.000132303	0.000106837
44.968	0.336314	-7.7425e-06	-0.000181681	0.00011094
46.5182	0.348071	1.55455e-05	-0.000112981	9.20479e-05
48.0684	0.359834	6.71828e-05	-5.79086e-05	4.63593e-05
49.6186	0.371613	5.50064e-05	3.30599e-05	-6.91999e-06
51.1688	0.382747	0.000138027	-6.28303e-05	-6.72044e-05
52.719	0.39453	2.90831e-05	-2.97548e-05	-4.80896e-05
54.2692	0.406326	-4.92768e-05	2.29321e-05	2.35488e-05
55.8194	0.418123	-0.000162961	0.00010278	0.000125945
57.3696	0.429899	-0.000131595	5.22983e-05	0.000251882
58.9198	0.441712	-0.000171276	4.4561e-05	0.000384032
60.47	0.453499	-0.00021457	9.35222e-05	0.000482938
62.0202	0.465338	-0.000212159	8.71149e-05	0.000518742
63.5704	0.477185	-0.000228554	3.93132e-05	0.000416534
65.1206	0.489003	-0.000290196	-2.62573e-05	0.0002511
66.6708	0.50082	-0.000470071	2.24092e-05	-2.63707e-05
68.221	0.512538	-0.000520649	5.37013e-05	-0.000342084
69.7712	0.524224	-0.0003545	5.03186e-06	-0.000566941
71.3214	0.535979	-0.000439591	-1.50414e-05	-0.000676874
72.8716	0.547842	-0.000549677	2.92959e-05	-0.000565479
74.4218	0.560163	-0.000771472	6.89206e-05	-0.000276347
75.9719	0.572821	-0.00100293	9.13317e-06	0.00023935
77.5221	0.586225	-0.000688379	-4.8995e-05	0.00116919
79.0723	0.600181	0.000475119	-2.48052e-05	0.00278749
80.6225	0.613825	0.00373593	5.19136e-05	0.00472129
82.1727	0.62703	0.00783998	-2.18059e-06	0.00693278
83.7229	0.638863	0.0137639	-4.93747e-05	0.00765531
85.2731	0.649332	0.0227836	-2.39302e-06	0.00791301
86.8233	0.658751	0.0224549	5.66419e-05	0.00608825
88.3735	0.667178	0.0143043	3.86153e-05	-0.000597181
89.9237	0.675563	0.00760814	0.000113422	-0.00362909
91.4739	0.683979	0.00199259	-1.6409e-06	-0.0063251
93.0241	0.693414	-0.0011251	-7.5119e-05	-0.0057718
94.5743	0.703856	-0.00150317	8.4455e-05	-0.00263845
96.1245	0.71562	-0.00100556	5.977e-05	-0.000718072
97.6747	0.728703	-3.62298e-05	-4.05204e-05	-0.00036399
99.2249	0.742107	0.000523801	-6.63791e-05	-0.000359648
100.775	0.755825	0.00050682	2.73809e-05	0.000291287
102.325	0.769112	0.000387745	3.24735e-05	2.24726e-05
103.875	0.781969	0.000215777	-6.27969e-05	-0.000463413
105.426	0.794426	9.00522e-05	-2.89869e-05	-0.000614951
106.976	0.806488	5.97821e-05	6.5165e-05	-0.000446369
108.526	0.818394	-6.21106e-06	6.71435e-05	-0.000362984
110.076	0.830159	-5.94098e-05	-3.25208e-05	-0.000290193
111.626	0.84192	-9.43055e-05	-2.59924e-05	-0.000263409
113.177	0.853684	-3.12907e-05	7.79451e-05	-0.000232407
114.727	0.865471	-3.46122e-05	3.94442e-05	-0.000155111
116.277	0.877272	-0.000102433	-5.93934e-05	-6.22999e-05
117.827	0.889076	-0.000119208	-5.45172e-05	4.80653e-05
119.377	0.900863	-0.000120703	4.06018e-05	0.00011819
120.928	0.91265	-0.000106191	1.4594e-05	0.00013193
122.478	0.924418	-0.00015175	-8.14795e-05	6.31515e-05
124.028	0.936191	-0.000144768	-4.99158e-05	-4.75835e-06
125.578	0.947915	-0.000121651	5.65997e-05	-8.12472e-05
127.128	0.959681	-0.000113816	4.96701e-05	-9.07249e-05
128.679	0.971453	-0.000134232	-4.02295e-05	-0.000113959
130.229	0.983221	-0.000170382	-1.37151e-05	-0.000102364
131.779	0.994996	-0.000137666	7.6467e-05	-0.000101438
133.329	1.00677	-0.000156029	5.36269e-05	-0.000108019
134.879	1.01854	-0.000138992	-3.30864e-05	-8.99908e-05
136.43	1.03032	-0.00015493	-1.41541e-05	-0.000105603
137.98	1.04211	-0.000138456	5.65311e-05	-6.05607e-05
139.53	1.05389	-0.00013167	3.23009e-05	-7.03004e-05
141.08	1.06567	-0.000150795	-5.27461e-05	-3.43409e-05
142.63	1.07745	-0.000137402	-2.97171e-05	-3.45774e-05
144.181	1.08923	-0.000140049	5.17311e-05	-2.54942e-05
145.731	1.10101	-8.93096e-05	3.48145e-05	-1.93329e-05
147.281	1.11278	-0.000100677	-4.61931e-05	-3.16404e-05
148.831	1.12455	-4.23645e-05	-2.93649e-05	-1.0949e-05
150.381	1.1354	1.76818e-05	-1.96746e-05	0.000143876
151.932	1.14714	9.94885e-06	-6.44992e-05	0.0001511
153.482	1.15888	1.94924e-05	-0.000147665	0.000203495
155.032	1.17064	-4.73293e-06	-0.000211731	0.000205794
156.582	1.18238	9.17606e-06	-0.000138358	0.000255711
158.132	1.19414	-3.72414e-05	-0.000120515	0.000239218
159.683	1.20588	-4.75736e-05	-0.000204409	0.000232648
161.233	1.21764	-0.00013256	-0.000168158	0.000183131
162.783	1.22943	-0.000162192	-0.000101909	0.000131914
164.333	1.24119	-0.000271999	9.38359e-06	7.98848e-05
165.883	1.25296	-0.000319526	-6.97628e-05	4.54194e-05
167.434	1.26472	-0.000400581	5.9689e-06	3.58675e-05
168.984	1.27647	-0.000420246	8.49249e-05	5.89716e-05
170.534	1.2882	-0.000436573	0.000174075	9.27748e-05
172.084	1.29992	-0.00040308	9.95676e-05	0.000139056
173.634	1.31162	-0.00035621	9.09771e-05	0.00016909
175.185	1.3233	-0.000223121	0.00014541	0.000167205
176.735	1.33501	-0.000173445	0.000143074	0.000123045
178.285	1.34676	-0.00013807	6.81903e-05	9.13873e-05
179.835	1.35851	-0.000138178	-2.54777e-05	2.00784e-05
181.385	1.37028	-0.00014976	4.98958e-05	-3.35812e-05
182.936	1.38205	-0.000179459	1.38518e-05	-9.42608e-05
184.486	1.39383	-0.000197738	-6.35425e-05	-0.000137752
186.036	1.40559	-0.000194987	-0.00010429	-0.000142561
187.586	1.41728	-0.000200923	-3.66201e-05	-0.000145865
189.136	1.42899	-0.000165675	4.45057e-05	-0.000101989
190.687	1.44067	-0.000145805	-3.17315e-05	-8.51892e-05
192.237	1.45237	-8.20994e-05	8.99301e-06	-3.09014e-05
193.787	1.46408	-7.88728e-05	8.8362e-05	-1.23365e-05
195.337	1.47581	-2.28388e-05	0.000177776	1.18939e-05
196.887	1.48759	-3.73646e-05	0.000103017	1.59439e-05
198.437	1.49938	1.45968e-05	9.61706e-05	4.62629e-06
