y	b	bdiff	u.x	u.y	u.z	Ri	
0	0.0308257	0.00781403	0	0	0	911.188
9.99999	0.0427343	0.00350385	-0.0615833	-0.000960604	0.00137426	3315.31
20	0.0811649	0.00186301	-0.140226	-0.000822102	-0.00265839	8072.38
26.5653	0.108426	0.00334344	0.148512	0.00102336	-0.00576313	3605.93
31.8067	0.128651	0.0032699	0.363861	-0.00029649	5.99988e-05	475.54
35.9483	0.141337	0.000108604	0.443928	-0.00241047	-0.0117498	844.579
38.9404	0.149835	-0.00341863	0.400226	0.0018448	-0.0135323	1113.29
41.7464	0.158062	-0.00640187	0.333137	0.000883794	-0.0170745	1360.39
44.665	0.16787	-0.00812237	0.185184	0.000628839	-0.0165568	1479.46
47.8857	0.18106	-0.00770269	0.0653074	0.000173009	-0.00941328	1289.6
51.1898	0.19616	-0.00558909	0.014727	-0.000720529	-0.00779776	1107.29
56.1712	0.218034	-0.00342909	-0.0392897	-0.00486701	0.000787802	1021.77
62.8231	0.246289	-0.00145238	-0.0242605	-3.88956e-05	0.00119563	5211.38
72.8231	0.28884	0.0015845	-0.00578291	0.00168178	0.000751256	7517.86
82.8231	0.32942	0.00269063	0.0016755	-0.00342743	-0.000108659	3845.51
95.3231	0.365525	-0.00412053	0.000621035	0.00342302	5.00975e-05	1406.45
