y	b	Ri	bdiff	u.x	u.y	u.z	
0	0.0564028	129624	0.00024494	3.14713e-05	0	-2.43068e-07
6.25	0.111749	140524	-0.000112716	0.000286886	-1.49933e-05	-3.20966e-05
11.2129	0.201371	107013	-9.46435e-05	0.000289448	-0.000826953	-0.000437684
15.4539	0.277291	20490.5	0.000411023	-6.77022e-05	-0.00072008	-0.00066259
18.4261	0.30937	57063.3	0.00199918	0.0516732	0.000917611	0.000112211
19.6891	0.342901	62497.8	0.00144337	0.102751	4.16482e-05	0.00335634
20.7508	0.358138	91105.8	0.000614716	0.143258	-0.000560396	0.00555854
21.5718	0.379231	87044.7	0.000413394	0.152603	0.000107009	-0.00229878
22.2686	0.377524	102700	6.62934e-05	0.159119	-0.000546381	-0.00205987
22.8942	0.393724	97600.1	-0.000200452	0.168654	-0.000409936	-0.00110036
23.4842	0.404376	73797.6	-0.00038217	0.161769	0.000557147	-0.00379774
24.0832	0.411438	83525.8	-0.000437364	0.157579	0.00039997	-0.00143426
24.7152	0.406412	74680.6	-0.000335656	0.144999	-0.0009652	0.00257152
25.3428	0.451873	44108.4	-0.000483788	0.133634	-0.000490385	-0.00304252
25.9638	0.45507	57009	-0.000996292	0.102002	-0.00075644	-0.00332479
26.6112	0.462771	47953.8	-0.00150508	0.0559337	-0.000281729	-0.00314341
27.4379	0.471304	35906.4	-0.00182	0.0190535	0.000712602	-0.0033232
28.8327	0.51487	1.48774e+06	-0.00110194	0.0019183	0.000413162	-0.000318371
30.8877	0.552893	5.72414e+06	-0.000418204	0.000511967	0.000127034	-0.000733924
33.6235	0.601638	1.13649e+07	-0.000105272	0.000341042	-0.000542809	-0.000598462
37.5764	0.675088	6.38236e+06	-4.75453e-05	9.33211e-05	0.000125836	-0.000281235
43.8264	0.787427	1.19486e+06	1.92368e-06	9.13604e-05	-2.51189e-05	-1.12225e-06
