x=95	y=200	z=200	n=65	len=1
b
0	0	0	0	0	0	0	0	0	0	0	0	0	0	0	0	0	0	0	0	0	0	0	0	0	0	0	0	0	0	0	0	0	0	0	0	0	0	0	0	0	0	0	0	0	0	0	0	0	0	0	0	0	0	0	0	0	0	0	0	0	0	0	0	0	
0.0459567	0.0459604	0.0459571	0.0459537	0.0459591	0.0459644	0.0459646	0.0459648	0.0459713	0.0459778	0.0459799	0.045982	0.0459882	0.0459945	0.0459956	0.0459968	0.0459997	0.0460027	0.0460017	0.0460006	0.0459985	0.0459964	0.0459965	0.0459967	0.045993	0.0459893	0.0459943	0.0459993	0.045996	0.0459926	0.0459973	0.0460019	0.0459973	0.0459927	0.0459958	0.0459988	0.0459941	0.0459894	0.045991	0.0459926	0.0459918	0.0459909	0.0459952	0.0459995	0.0460012	0.046003	0.0460054	0.0460079	0.0460077	0.0460075	0.0460043	0.046001	0.0459993	0.0459975	0.0459898	0.0459821	0.0459814	0.0459807	0.045972	0.0459633	0.0459649	0.0459666	0.0459598	0.0459529	0.0459567	
0.0919204	0.0919275	0.0919212	0.0919148	0.0919247	0.0919347	0.0919353	0.0919359	0.0919481	0.0919603	0.0919647	0.0919691	0.0919811	0.0919932	0.0919959	0.0919985	0.0920046	0.0920107	0.0920087	0.0920066	0.0920026	0.0919987	0.0919981	0.0919976	0.0919901	0.0919825	0.091992	0.0920014	0.0919949	0.0919884	0.091998	0.0920076	0.0919983	0.0919891	0.0919949	0.0920007	0.0919913	0.0919818	0.0919857	0.0919895	0.091988	0.0919865	0.091996	0.0920056	0.0920087	0.0920117	0.0920169	0.0920221	0.092021	0.0920199	0.0920135	0.0920071	0.0920033	0.0919994	0.0919844	0.0919693	0.091968	0.0919667	0.0919499	0.091933	0.0919363	0.0919396	0.0919265	0.0919133	0.0919204	
0.137884	0.137895	0.137885	0.137876	0.13789	0.137905	0.137906	0.137907	0.137925	0.137943	0.137949	0.137956	0.137974	0.137992	0.137996	0.138	0.138009	0.138019	0.138016	0.138013	0.138007	0.138001	0.138	0.137999	0.137987	0.137976	0.13799	0.138004	0.137994	0.137984	0.137999	0.138013	0.137999	0.137985	0.137994	0.138003	0.137988	0.137974	0.13798	0.137986	0.137984	0.137982	0.137997	0.138012	0.138016	0.13802	0.138028	0.138036	0.138034	0.138032	0.138023	0.138013	0.138007	0.138001	0.137979	0.137957	0.137955	0.137953	0.137928	0.137903	0.137908	0.137913	0.137893	0.137874	0.137884	
0.183849	0.183863	0.18385	0.183838	0.183856	0.183874	0.183875	0.183876	0.183898	0.18392	0.183929	0.183938	0.183961	0.183984	0.18399	0.183997	0.18401	0.184023	0.18402	0.184017	0.18401	0.184003	0.184	0.183996	0.183981	0.183965	0.183981	0.183998	0.183986	0.183973	0.183994	0.184015	0.183996	0.183978	0.183987	0.183997	0.183979	0.183961	0.183969	0.183978	0.183978	0.183978	0.183998	0.184018	0.184024	0.184031	0.184039	0.184048	0.184045	0.184042	0.184027	0.184012	0.184005	0.183999	0.183968	0.183937	0.183937	0.183936	0.183903	0.18387	0.183878	0.183886	0.18386	0.183835	0.183849	
0.229813	0.229831	0.229815	0.229799	0.229821	0.229843	0.229844	0.229844	0.229871	0.229897	0.229908	0.22992	0.229948	0.229976	0.229985	0.229994	0.230011	0.230028	0.230024	0.230021	0.230013	0.230006	0.23	0.229994	0.229974	0.229953	0.229973	0.229993	0.229978	0.229962	0.229989	0.230016	0.229993	0.22997	0.229981	0.229992	0.229969	0.229947	0.229959	0.22997	0.229972	0.229973	0.229999	0.230024	0.230033	0.230041	0.23005	0.23006	0.230056	0.230052	0.230032	0.230011	0.230004	0.229996	0.229957	0.229918	0.229919	0.22992	0.229878	0.229836	0.229848	0.22986	0.229828	0.229795	0.229813	
0.275796	0.275818	0.275798	0.275779	0.275802	0.275826	0.275826	0.275826	0.275853	0.27588	0.275894	0.275908	0.275939	0.27597	0.275983	0.275996	0.276018	0.27604	0.276037	0.276034	0.276028	0.276023	0.276012	0.276002	0.275976	0.275951	0.27597	0.27599	0.275971	0.275953	0.275988	0.276024	0.275997	0.27597	0.275979	0.275988	0.275963	0.275938	0.275954	0.275971	0.275977	0.275983	0.276015	0.276047	0.276056	0.276065	0.276073	0.27608	0.276074	0.276068	0.27604	0.276013	0.276006	0.275998	0.275951	0.275904	0.275909	0.275913	0.275865	0.275817	0.275833	0.275849	0.275812	0.275775	0.275796	
0.321779	0.321804	0.321781	0.321759	0.321784	0.321809	0.321808	0.321808	0.321836	0.321864	0.32188	0.321897	0.32193	0.321964	0.321981	0.321998	0.322024	0.322051	0.32205	0.322048	0.322044	0.322039	0.322024	0.322009	0.321979	0.321948	0.321967	0.321986	0.321965	0.321944	0.321988	0.322031	0.322	0.321969	0.321976	0.321984	0.321956	0.321928	0.32195	0.321972	0.321982	0.321993	0.322031	0.32207	0.32208	0.322089	0.322095	0.322101	0.322093	0.322084	0.322049	0.322015	0.322008	0.322	0.321945	0.32189	0.321899	0.321907	0.321852	0.321797	0.321818	0.321839	0.321797	0.321754	0.321779	
0.367776	0.367804	0.367779	0.367753	0.367777	0.367801	0.367799	0.367796	0.367822	0.367847	0.367864	0.367882	0.367914	0.367947	0.367969	0.367991	0.368023	0.368055	0.368057	0.36806	0.368061	0.368062	0.368042	0.368021	0.367986	0.367951	0.367962	0.367972	0.367949	0.367926	0.36798	0.368034	0.368001	0.367968	0.367968	0.367968	0.367941	0.367915	0.367946	0.367977	0.367997	0.368016	0.368058	0.368101	0.36811	0.368119	0.368117	0.368115	0.368104	0.368093	0.368049	0.368004	0.368001	0.367997	0.367935	0.367872	0.367888	0.367904	0.367844	0.367784	0.367812	0.36784	0.367794	0.367748	0.367776	
0.413773	0.413805	0.413776	0.413747	0.41377	0.413794	0.413789	0.413785	0.413807	0.41383	0.413848	0.413867	0.413899	0.413931	0.413958	0.413985	0.414021	0.414058	0.414065	0.414071	0.414078	0.414085	0.414059	0.414032	0.413993	0.413954	0.413956	0.413958	0.413933	0.413908	0.413972	0.414036	0.414001	0.413966	0.413959	0.413951	0.413927	0.413903	0.413943	0.413982	0.414011	0.414039	0.414085	0.414132	0.41414	0.414148	0.414138	0.414129	0.414116	0.414103	0.414048	0.413993	0.413994	0.413994	0.413924	0.413854	0.413878	0.413901	0.413837	0.413772	0.413806	0.413841	0.413791	0.413741	0.413773	
0.459803	0.459837	0.459805	0.459773	0.459794	0.459815	0.459807	0.459799	0.459815	0.45983	0.459847	0.459864	0.45989	0.459916	0.459948	0.459979	0.460019	0.460059	0.460074	0.460089	0.460108	0.460127	0.460097	0.460067	0.460028	0.459989	0.459972	0.459954	0.459925	0.459896	0.45997	0.460044	0.460011	0.459978	0.459959	0.459941	0.459926	0.459911	0.459966	0.460021	0.460059	0.460096	0.460141	0.460186	0.460186	0.460186	0.460163	0.46014	0.460125	0.46011	0.460045	0.459981	0.459989	0.459997	0.459923	0.45985	0.459884	0.459917	0.459852	0.459786	0.459828	0.45987	0.459819	0.459768	0.459803	
0.505832	0.505869	0.505835	0.5058	0.505818	0.505837	0.505825	0.505813	0.505822	0.505831	0.505846	0.505862	0.505882	0.505902	0.505938	0.505974	0.506017	0.506059	0.506083	0.506106	0.506137	0.506168	0.506135	0.506102	0.506063	0.506024	0.505987	0.50595	0.505917	0.505885	0.505969	0.506053	0.506021	0.505989	0.505959	0.50593	0.505924	0.505918	0.505989	0.50606	0.506106	0.506153	0.506196	0.506239	0.506232	0.506225	0.506189	0.506152	0.506135	0.506117	0.506043	0.505969	0.505984	0.505999	0.505923	0.505846	0.50589	0.505933	0.505867	0.505801	0.50585	0.5059	0.505848	0.505795	0.505832	
0.551887	0.551926	0.551889	0.551852	0.551868	0.551883	0.551866	0.551848	0.551848	0.551848	0.551858	0.551867	0.551875	0.551883	0.551919	0.551956	0.551995	0.552033	0.552069	0.552104	0.552151	0.552198	0.552172	0.552145	0.552118	0.55209	0.552021	0.551952	0.551912	0.551872	0.551953	0.552034	0.552013	0.551991	0.551951	0.551911	0.551932	0.551952	0.552041	0.552129	0.552181	0.552232	0.552258	0.552284	0.552265	0.552247	0.55219	0.552133	0.55212	0.552106	0.552025	0.551943	0.551973	0.552002	0.551926	0.551851	0.551907	0.551963	0.5519	0.551838	0.551894	0.55195	0.551899	0.551848	0.551887	
0.597942	0.597983	0.597944	0.597904	0.597917	0.59793	0.597906	0.597882	0.597874	0.597866	0.597869	0.597872	0.597868	0.597864	0.597901	0.597938	0.597973	0.598008	0.598055	0.598103	0.598166	0.598229	0.598209	0.598189	0.598172	0.598156	0.598055	0.597953	0.597906	0.59786	0.597938	0.598016	0.598004	0.597992	0.597942	0.597892	0.597939	0.597987	0.598093	0.598199	0.598255	0.598312	0.59832	0.598328	0.598298	0.598269	0.598191	0.598113	0.598104	0.598095	0.598007	0.597918	0.597961	0.598004	0.59793	0.597857	0.597925	0.597993	0.597933	0.597874	0.597937	0.598	0.597951	0.597901	0.597942	
0.644032	0.644073	0.644032	0.643992	0.644004	0.644016	0.643986	0.643955	0.643941	0.643927	0.643919	0.643912	0.643892	0.643873	0.643902	0.643932	0.643951	0.64397	0.644027	0.644084	0.64416	0.644235	0.64424	0.644244	0.644261	0.644279	0.644149	0.64402	0.643958	0.643896	0.643937	0.643978	0.643983	0.643989	0.643956	0.643924	0.644012	0.6441	0.644216	0.644331	0.644367	0.644404	0.644377	0.64435	0.644306	0.644262	0.644167	0.644073	0.644077	0.644081	0.643996	0.64391	0.643969	0.644027	0.643964	0.643901	0.643976	0.644051	0.644001	0.643951	0.644015	0.64408	0.644035	0.643991	0.644032	
0.690121	0.690163	0.690121	0.69008	0.690091	0.690103	0.690066	0.690029	0.690008	0.689988	0.68997	0.689951	0.689916	0.689882	0.689904	0.689925	0.689929	0.689933	0.69	0.690066	0.690154	0.690242	0.690271	0.690299	0.69035	0.690401	0.690244	0.690087	0.690009	0.689932	0.689936	0.68994	0.689962	0.689985	0.689971	0.689956	0.690085	0.690214	0.690338	0.690463	0.69048	0.690496	0.690434	0.690372	0.690314	0.690256	0.690144	0.690032	0.690049	0.690066	0.689985	0.689903	0.689977	0.690051	0.689998	0.689945	0.690027	0.69011	0.690069	0.690027	0.690094	0.69016	0.69012	0.69008	0.690121	
0.736219	0.736259	0.736219	0.736179	0.736194	0.736209	0.736166	0.736124	0.736106	0.736089	0.736056	0.736023	0.735979	0.735935	0.735937	0.73594	0.735916	0.735891	0.735953	0.736014	0.736089	0.736164	0.73623	0.736296	0.7364	0.736505	0.736356	0.736208	0.736121	0.736034	0.735937	0.735841	0.735891	0.735942	0.735994	0.736046	0.736219	0.736392	0.736485	0.736578	0.736549	0.73652	0.736408	0.736295	0.736245	0.736195	0.736081	0.735966	0.736011	0.736056	0.73599	0.735924	0.736011	0.736098	0.736061	0.736024	0.736104	0.736185	0.736155	0.736125	0.736186	0.736247	0.736213	0.73618	0.736219	
0.782317	0.782355	0.782317	0.782279	0.782296	0.782314	0.782266	0.782219	0.782204	0.782189	0.782143	0.782096	0.782042	0.781988	0.781971	0.781954	0.781902	0.78185	0.781906	0.781962	0.782024	0.782085	0.782189	0.782292	0.782451	0.782609	0.782469	0.782328	0.782232	0.782136	0.781938	0.781741	0.78182	0.781898	0.782018	0.782137	0.782354	0.782571	0.782632	0.782694	0.782618	0.782543	0.782381	0.782219	0.782177	0.782135	0.782017	0.7819	0.781973	0.782046	0.781996	0.781946	0.782045	0.782144	0.782124	0.782103	0.782181	0.78226	0.782242	0.782223	0.782278	0.782333	0.782306	0.78228	0.782317	
0.828412	0.828444	0.828411	0.828379	0.828403	0.828427	0.82838	0.828333	0.828333	0.828333	0.828277	0.82822	0.828175	0.82813	0.828088	0.828046	0.827971	0.827896	0.827919	0.827942	0.827951	0.827961	0.828082	0.828203	0.8284	0.828598	0.828554	0.82851	0.828453	0.828395	0.82806	0.827724	0.827817	0.827909	0.828152	0.828395	0.828584	0.828772	0.828734	0.828696	0.828565	0.828433	0.82825	0.828067	0.828069	0.828071	0.827984	0.827898	0.827996	0.828094	0.828073	0.828052	0.828144	0.828236	0.828233	0.828231	0.828291	0.828351	0.828344	0.828337	0.828377	0.828416	0.828398	0.82838	0.828412	
0.874506	0.874533	0.874506	0.874479	0.87451	0.87454	0.874494	0.874447	0.874462	0.874477	0.874411	0.874345	0.874309	0.874272	0.874205	0.874137	0.87404	0.873942	0.873933	0.873923	0.873879	0.873836	0.873974	0.874113	0.87435	0.874588	0.87464	0.874692	0.874673	0.874654	0.874181	0.873707	0.873814	0.87392	0.874287	0.874654	0.874813	0.874973	0.874836	0.874698	0.874511	0.874323	0.874119	0.873915	0.873961	0.874007	0.873952	0.873896	0.874019	0.874142	0.87415	0.874158	0.874243	0.874328	0.874343	0.874359	0.8744	0.874441	0.874446	0.874451	0.874475	0.874499	0.874489	0.874479	0.874506	
0.920555	0.920573	0.920555	0.920538	0.920573	0.920609	0.920571	0.920533	0.92057	0.920606	0.920543	0.920479	0.920477	0.920474	0.920391	0.920307	0.920223	0.920139	0.920079	0.92002	0.919907	0.919794	0.919878	0.919961	0.920112	0.920263	0.920453	0.920643	0.920753	0.920864	0.920321	0.919778	0.919876	0.919974	0.920405	0.920836	0.920861	0.920886	0.920625	0.920364	0.920232	0.9201	0.919951	0.919801	0.919918	0.920036	0.920033	0.92003	0.920149	0.920267	0.9203	0.920332	0.920384	0.920436	0.920462	0.920488	0.920498	0.920509	0.920521	0.920533	0.920537	0.920541	0.920539	0.920537	0.920555	
0.966604	0.966614	0.966605	0.966596	0.966637	0.966678	0.966649	0.966619	0.966678	0.966736	0.966675	0.966614	0.966645	0.966676	0.966576	0.966477	0.966406	0.966336	0.966226	0.966116	0.965934	0.965752	0.965781	0.96581	0.965874	0.965938	0.966266	0.966594	0.966834	0.967073	0.966461	0.965849	0.965938	0.966028	0.966523	0.967019	0.966909	0.966799	0.966415	0.96603	0.965954	0.965878	0.965782	0.965686	0.965875	0.966065	0.966114	0.966164	0.966278	0.966392	0.966449	0.966507	0.966525	0.966543	0.96658	0.966618	0.966597	0.966576	0.966596	0.966615	0.966599	0.966583	0.966589	0.966594	0.966604	
1.0126	1.0126	1.0126	1.01261	1.01264	1.01268	1.01267	1.01265	1.01272	1.01279	1.01275	1.01271	1.01278	1.01285	1.01277	1.01268	1.01269	1.01269	1.01255	1.01242	1.01227	1.01211	1.01201	1.01192	1.01177	1.01162	1.01191	1.0122	1.01257	1.01294	1.01268	1.01241	1.01244	1.01246	1.01268	1.0129	1.0126	1.0123	1.01196	1.01162	1.01175	1.01187	1.01191	1.01195	1.01213	1.0123	1.01239	1.01248	1.01252	1.01257	1.01263	1.01269	1.01266	1.01263	1.01266	1.0127	1.01265	1.0126	1.01262	1.01264	1.01261	1.01258	1.01259	1.0126	1.0126	
1.0586	1.05859	1.0586	1.05861	1.05865	1.05868	1.05868	1.05869	1.05877	1.05885	1.05883	1.05881	1.05892	1.05903	1.05896	1.05889	1.05896	1.05904	1.05888	1.05872	1.0586	1.05847	1.05825	1.05802	1.05766	1.0573	1.05756	1.05781	1.05831	1.05881	1.05889	1.05897	1.05893	1.0589	1.05884	1.05877	1.05828	1.05779	1.0575	1.05721	1.05754	1.05787	1.05804	1.05821	1.05838	1.05854	1.05867	1.05879	1.05877	1.05875	1.05882	1.05888	1.0588	1.05871	1.05875	1.05878	1.0587	1.05862	1.05865	1.05867	1.05862	1.05857	1.05859	1.05861	1.0586	
1.10454	1.10452	1.10454	1.10457	1.10458	1.10459	1.10462	1.10464	1.1047	1.10476	1.10477	1.10478	1.10489	1.105	1.10498	1.10496	1.10509	1.10522	1.10512	1.10503	1.10505	1.10507	1.10485	1.10463	1.10432	1.10401	1.10392	1.10382	1.10389	1.10396	1.10428	1.1046	1.10452	1.10444	1.1042	1.10396	1.10382	1.10368	1.10374	1.10381	1.10411	1.1044	1.1046	1.10479	1.10481	1.10483	1.10493	1.10502	1.10492	1.10482	1.10487	1.10491	1.1048	1.10469	1.10472	1.10474	1.10466	1.10458	1.1046	1.10462	1.10457	1.10452	1.10454	1.10456	1.10454	
1.15048	1.15045	1.15049	1.15052	1.15051	1.15051	1.15055	1.15059	1.15063	1.15067	1.15071	1.15075	1.15086	1.15097	1.151	1.15102	1.15122	1.15141	1.15137	1.15133	1.1515	1.15167	1.15146	1.15124	1.15099	1.15073	1.15028	1.14983	1.14947	1.14911	1.14967	1.15023	1.1501	1.14998	1.14956	1.14915	1.14936	1.14957	1.14998	1.1504	1.15067	1.15094	1.15115	1.15136	1.15124	1.15112	1.15119	1.15125	1.15108	1.1509	1.15092	1.15094	1.15081	1.15067	1.15069	1.1507	1.15062	1.15053	1.15055	1.15057	1.15052	1.15046	1.15049	1.15052	1.15048	
1.19642	1.19638	1.19642	1.19646	1.19643	1.1964	1.19645	1.1965	1.19649	1.19648	1.19654	1.19661	1.19665	1.19669	1.19676	1.19684	1.19697	1.1971	1.19716	1.19722	1.19743	1.19765	1.19763	1.19761	1.19773	1.19785	1.1974	1.19695	1.19641	1.19586	1.19603	1.19621	1.19611	1.196	1.19593	1.19585	1.19625	1.19665	1.19712	1.19759	1.19746	1.19734	1.19741	1.19749	1.19727	1.19706	1.19706	1.19707	1.19691	1.19675	1.19675	1.19675	1.19665	1.19656	1.19656	1.19657	1.19651	1.19645	1.19647	1.19649	1.19645	1.1964	1.19643	1.19646	1.19642	
1.24236	1.24231	1.24236	1.24241	1.24235	1.24229	1.24235	1.24242	1.24236	1.24229	1.24238	1.24247	1.24244	1.24241	1.24253	1.24265	1.24272	1.24279	1.24294	1.2431	1.24337	1.24364	1.2438	1.24397	1.24447	1.24497	1.24452	1.24407	1.24334	1.24261	1.2424	1.24219	1.24211	1.24202	1.24229	1.24255	1.24314	1.24374	1.24426	1.24478	1.24426	1.24373	1.24368	1.24362	1.24331	1.243	1.24294	1.24289	1.24275	1.24261	1.24258	1.24255	1.2425	1.24244	1.24244	1.24243	1.24241	1.24238	1.24239	1.24241	1.24238	1.24234	1.24237	1.2424	1.24236	
1.28834	1.28829	1.28834	1.28838	1.28831	1.28823	1.2883	1.28836	1.28826	1.28816	1.28825	1.28834	1.28822	1.2881	1.28823	1.28836	1.28826	1.28817	1.28835	1.28854	1.28853	1.28853	1.28879	1.28905	1.28921	1.28937	1.28985	1.29034	1.29009	1.28984	1.28998	1.29013	1.29007	1.29001	1.28984	1.28967	1.28989	1.29011	1.2898	1.28949	1.28922	1.28895	1.28883	1.28872	1.28862	1.28852	1.28845	1.28838	1.28837	1.28836	1.28833	1.2883	1.28832	1.28833	1.28832	1.28832	1.28833	1.28833	1.28834	1.28836	1.28834	1.28832	1.28835	1.28838	1.28834	
1.33431	1.33427	1.33431	1.33436	1.33427	1.33418	1.33424	1.33431	1.33416	1.33402	1.33411	1.3342	1.334	1.3338	1.33393	1.33407	1.33381	1.33355	1.33376	1.33398	1.3337	1.33342	1.33378	1.33413	1.33395	1.33377	1.33519	1.33661	1.33684	1.33743	1.33708	1.33761	1.33785	1.33763	1.33688	1.33713	1.33674	1.33648	1.33534	1.33421	1.33418	1.33416	1.33399	1.33382	1.33393	1.33403	1.33396	1.33388	1.33399	1.33411	1.33408	1.33405	1.33413	1.33422	1.33421	1.3342	1.33424	1.33429	1.3343	1.33431	1.3343	1.3343	1.33433	1.33436	1.33431	
1.38035	1.38031	1.38035	1.38039	1.38031	1.38023	1.38029	1.38034	1.38021	1.38008	1.38016	1.38023	1.38003	1.37984	1.37994	1.38005	1.37976	1.37947	1.37964	1.37981	1.3794	1.37899	1.37928	1.37956	1.37906	1.37855	1.37889	1.37923	1.37935	1.37813	1.37829	1.37853	1.37915	1.37852	1.378	1.37802	1.37858	1.3793	1.37915	1.379	1.37935	1.3797	1.37954	1.37937	1.37964	1.37991	1.37984	1.37977	1.37994	1.38011	1.38008	1.38005	1.38015	1.38025	1.38024	1.38024	1.38028	1.38032	1.38033	1.38034	1.38034	1.38034	1.38037	1.38039	1.38035	
1.42639	1.42636	1.42639	1.42642	1.42635	1.42629	1.42633	1.42637	1.42626	1.42614	1.4262	1.42626	1.42606	1.42587	1.42595	1.42604	1.42571	1.42539	1.42552	1.42564	1.4251	1.42456	1.42478	1.425	1.42416	1.42333	1.42259	1.42184	1.42186	1.42139	1.4209	1.41946	1.41917	1.41962	1.42115	1.42188	1.42263	1.42213	1.42296	1.42379	1.42451	1.42524	1.42508	1.42493	1.42536	1.42579	1.42572	1.42566	1.42588	1.42611	1.42608	1.42605	1.42617	1.42628	1.42627	1.42627	1.42631	1.42636	1.42637	1.42637	1.42638	1.42638	1.4264	1.42642	1.42639	
1.47246	1.47244	1.47246	1.47248	1.47244	1.47241	1.47243	1.47246	1.4724	1.47235	1.47238	1.47241	1.47233	1.47225	1.47228	1.47232	1.4722	1.47208	1.47213	1.47217	1.47199	1.47181	1.47188	1.47196	1.47169	1.47142	1.47151	1.47159	1.47171	1.47205	1.47215	1.4718	1.47118	1.472	1.47262	1.47265	1.47196	1.47181	1.47168	1.47154	1.47182	1.47209	1.47201	1.47194	1.47209	1.47225	1.47222	1.47218	1.47227	1.47235	1.47234	1.47233	1.47237	1.47242	1.47242	1.47242	1.47243	1.47245	1.47245	1.47246	1.47246	1.47245	1.47247	1.47248	1.47246	
1.51853	1.51852	1.51853	1.51854	1.51854	1.51853	1.51854	1.51854	1.51855	1.51856	1.51856	1.51856	1.51859	1.51862	1.51861	1.51861	1.51868	1.51876	1.51873	1.51871	1.51888	1.51906	1.51899	1.51892	1.51921	1.5195	1.52042	1.52134	1.52157	1.52208	1.52306	1.52417	1.52642	1.52467	1.52313	1.52215	1.52113	1.5215	1.5204	1.5193	1.51912	1.51894	1.51894	1.51894	1.51882	1.51871	1.51871	1.51871	1.51865	1.5186	1.5186	1.51861	1.51858	1.51855	1.51856	1.51857	1.51855	1.51853	1.51854	1.51855	1.51853	1.51852	1.51853	1.51854	1.51853	
1.56457	1.56457	1.56457	1.56457	1.56459	1.56461	1.5646	1.56459	1.56464	1.5647	1.56467	1.56464	1.56475	1.56485	1.5648	1.56475	1.56494	1.56512	1.56503	1.56493	1.56526	1.56559	1.56539	1.56519	1.56574	1.56628	1.56609	1.5659	1.56582	1.566	1.56598	1.56605	1.56427	1.56537	1.56567	1.56558	1.56604	1.56582	1.56587	1.56593	1.56552	1.56511	1.56523	1.56534	1.5651	1.56486	1.56492	1.56497	1.56484	1.5647	1.56473	1.56477	1.56469	1.56461	1.56463	1.56466	1.56461	1.56457	1.56458	1.5646	1.56458	1.56456	1.56456	1.56457	1.56457	
1.61061	1.61062	1.61061	1.6106	1.61065	1.6107	1.61066	1.61063	1.61073	1.61084	1.61078	1.61072	1.6109	1.61108	1.61098	1.61089	1.61119	1.61148	1.61132	1.61115	1.61163	1.61212	1.61179	1.61146	1.61226	1.61306	1.61175	1.61045	1.61008	1.6096	1.60961	1.60934	1.60859	1.60804	1.60884	1.60922	1.60976	1.61014	1.61135	1.61255	1.61192	1.61128	1.61151	1.61174	1.61138	1.61102	1.61113	1.61124	1.61102	1.6108	1.61087	1.61093	1.6108	1.61068	1.61071	1.61075	1.61068	1.61061	1.61063	1.61065	1.61062	1.6106	1.6106	1.6106	1.61061	
1.6566	1.65662	1.6566	1.65658	1.65663	1.65669	1.65664	1.6566	1.6567	1.6568	1.65674	1.65667	1.65682	1.65697	1.65687	1.65677	1.65697	1.65718	1.65702	1.65687	1.65711	1.65734	1.6571	1.65687	1.65708	1.65729	1.65676	1.65622	1.65637	1.65616	1.65701	1.65707	1.65703	1.65694	1.65673	1.65608	1.65583	1.65604	1.65655	1.65707	1.65689	1.65672	1.6569	1.65709	1.65692	1.65675	1.65686	1.65697	1.65683	1.65669	1.65675	1.65682	1.65672	1.65662	1.65666	1.6567	1.65664	1.65659	1.6566	1.65662	1.6566	1.65658	1.65658	1.65658	1.6566	
1.70259	1.70261	1.70258	1.70255	1.70262	1.70268	1.70263	1.70258	1.70267	1.70277	1.70269	1.70262	1.70274	1.70286	1.70276	1.70265	1.70276	1.70287	1.70273	1.70259	1.70258	1.70256	1.70242	1.70227	1.7019	1.70153	1.70176	1.702	1.70267	1.70334	1.70389	1.70444	1.7046	1.70477	1.70414	1.70351	1.70273	1.70194	1.70176	1.70158	1.70187	1.70215	1.7023	1.70244	1.70246	1.70248	1.70259	1.70271	1.70264	1.70257	1.70264	1.70272	1.70264	1.70257	1.70261	1.70265	1.70261	1.70256	1.70258	1.7026	1.70258	1.70257	1.70257	1.70256	1.70259	
1.74853	1.74855	1.74853	1.7485	1.74855	1.7486	1.74855	1.7485	1.74857	1.74864	1.74857	1.74851	1.74858	1.74865	1.74857	1.74849	1.74852	1.74855	1.74848	1.7484	1.74834	1.74828	1.74826	1.74823	1.74806	1.7479	1.74821	1.74852	1.74893	1.74933	1.74929	1.74924	1.74923	1.74922	1.74926	1.74931	1.7489	1.74849	1.74825	1.74801	1.74809	1.74818	1.74822	1.74826	1.74829	1.74833	1.74839	1.74845	1.74844	1.74843	1.74848	1.74853	1.7485	1.74848	1.74851	1.74854	1.74852	1.7485	1.74851	1.74852	1.74852	1.74852	1.74851	1.7485	1.74853	
1.79447	1.7945	1.79447	1.79444	1.79448	1.79452	1.79448	1.79443	1.79447	1.79451	1.79446	1.7944	1.79442	1.79443	1.79438	1.79433	1.79428	1.79424	1.79422	1.7942	1.7941	1.79401	1.7941	1.79419	1.79423	1.79427	1.79466	1.79505	1.79518	1.79532	1.79469	1.79405	1.79386	1.79367	1.79439	1.7951	1.79508	1.79505	1.79474	1.79443	1.79432	1.7942	1.79414	1.79407	1.79413	1.79418	1.79419	1.7942	1.79425	1.7943	1.79432	1.79435	1.79437	1.79439	1.7944	1.79442	1.79443	1.79444	1.79444	1.79444	1.79446	1.79447	1.79446	1.79444	1.79447	
1.84042	1.84045	1.84042	1.8404	1.84042	1.84044	1.84041	1.84038	1.84039	1.8404	1.84037	1.84034	1.84033	1.84031	1.84029	1.84028	1.84022	1.84017	1.84019	1.84022	1.84018	1.84013	1.84023	1.84032	1.84046	1.8406	1.84061	1.84061	1.84047	1.84032	1.84015	1.83999	1.83984	1.83969	1.83995	1.84022	1.84045	1.84067	1.84066	1.84064	1.84051	1.84038	1.84029	1.84019	1.84022	1.84025	1.84021	1.84016	1.84022	1.84029	1.84027	1.84026	1.8403	1.84035	1.84034	1.84033	1.84037	1.8404	1.84039	1.84038	1.8404	1.84043	1.84041	1.8404	1.84042	
1.88637	1.8864	1.88637	1.88635	1.88636	1.88637	1.88635	1.88633	1.88632	1.8863	1.88629	1.88629	1.88624	1.88619	1.88621	1.88623	1.88616	1.8861	1.88616	1.88623	1.88625	1.88626	1.88635	1.88645	1.88669	1.88693	1.88656	1.88618	1.88575	1.88532	1.88562	1.88592	1.88581	1.8857	1.88552	1.88533	1.88582	1.8863	1.88657	1.88684	1.8867	1.88656	1.88644	1.88631	1.88631	1.88631	1.88622	1.88612	1.88619	1.88627	1.88622	1.88617	1.88624	1.88631	1.88628	1.88625	1.88631	1.88636	1.88634	1.88631	1.88635	1.88639	1.88637	1.88635	1.88637	
1.93235	1.93237	1.93236	1.93234	1.93234	1.93234	1.93233	1.93233	1.9323	1.93228	1.93229	1.93229	1.93225	1.9322	1.93223	1.93226	1.93222	1.93218	1.93224	1.93229	1.93232	1.93235	1.93236	1.93238	1.93243	1.93248	1.93219	1.93189	1.93163	1.93136	1.93189	1.93241	1.93233	1.93224	1.93186	1.93149	1.93175	1.93201	1.93222	1.93244	1.93248	1.93252	1.93245	1.93239	1.93239	1.9324	1.93231	1.93222	1.93227	1.93233	1.93226	1.9322	1.93227	1.93233	1.93229	1.93225	1.9323	1.93236	1.93233	1.9323	1.93234	1.93238	1.93235	1.93233	1.93235	
1.97833	1.97835	1.97834	1.97832	1.97832	1.97831	1.97831	1.97832	1.97829	1.97825	1.97828	1.9783	1.97826	1.97821	1.97826	1.9783	1.97829	1.97827	1.97831	1.97835	1.97839	1.97843	1.97838	1.97832	1.97818	1.97803	1.97782	1.97761	1.97751	1.97741	1.97816	1.9789	1.97884	1.97878	1.97821	1.97764	1.97767	1.97771	1.97787	1.97804	1.97825	1.97847	1.97847	1.97847	1.97848	1.97848	1.9784	1.97832	1.97835	1.97839	1.97831	1.97824	1.9783	1.97835	1.9783	1.97825	1.9783	1.97836	1.97832	1.97828	1.97832	1.97836	1.97834	1.97831	1.97833	
2.02436	2.02437	2.02436	2.02436	2.02435	2.02434	2.02435	2.02436	2.02433	2.0243	2.02433	2.02435	2.02432	2.02429	2.02433	2.02436	2.02436	2.02435	2.02437	2.02439	2.0244	2.02441	2.02434	2.02427	2.02411	2.02395	2.02388	2.02381	2.02383	2.02386	2.02439	2.02493	2.02489	2.02486	2.02445	2.02404	2.02394	2.02385	2.02393	2.02401	2.0242	2.02438	2.02442	2.02446	2.02448	2.02451	2.02446	2.02442	2.02443	2.02445	2.02439	2.02433	2.02437	2.02441	2.02436	2.02431	2.02435	2.0244	2.02436	2.02433	2.02436	2.02439	2.02437	2.02435	2.02436	
2.07039	2.07039	2.07039	2.07039	2.07038	2.07037	2.07038	2.0704	2.07037	2.07035	2.07038	2.07041	2.07039	2.07037	2.0704	2.07043	2.07043	2.07043	2.07043	2.07042	2.0704	2.07039	2.0703	2.07022	2.07004	2.06987	2.06994	2.07001	2.07016	2.07031	2.07063	2.07095	2.07095	2.07094	2.07069	2.07043	2.07021	2.06999	2.06999	2.06999	2.07014	2.0703	2.07038	2.07046	2.07049	2.07053	2.07052	2.07051	2.07051	2.07052	2.07047	2.07043	2.07045	2.07047	2.07042	2.07038	2.07041	2.07044	2.07041	2.07037	2.07039	2.07042	2.0704	2.07038	2.07039	
2.11644	2.11644	2.11645	2.11645	2.11644	2.11642	2.11644	2.11646	2.11644	2.11642	2.11644	2.11647	2.11646	2.11644	2.11646	2.11648	2.11648	2.11648	2.11646	2.11644	2.11641	2.11637	2.11631	2.11626	2.11613	2.11599	2.11611	2.11623	2.11637	2.11651	2.11667	2.11683	2.11683	2.11682	2.11671	2.11659	2.11638	2.11617	2.11613	2.1161	2.11619	2.11628	2.11636	2.11643	2.11648	2.11652	2.11654	2.11655	2.11655	2.11655	2.11653	2.11651	2.11652	2.11652	2.11649	2.11646	2.11648	2.11649	2.11647	2.11644	2.11645	2.11647	2.11645	2.11644	2.11644	
2.1625	2.16249	2.1625	2.16251	2.16249	2.16248	2.1625	2.16251	2.1625	2.16249	2.16251	2.16253	2.16252	2.16252	2.16253	2.16253	2.16253	2.16252	2.16249	2.16247	2.16241	2.16234	2.16232	2.1623	2.16221	2.16212	2.16229	2.16246	2.16259	2.16271	2.16272	2.16272	2.16271	2.1627	2.16272	2.16275	2.16255	2.16235	2.16228	2.16221	2.16224	2.16227	2.16234	2.16241	2.16246	2.16251	2.16255	2.1626	2.16259	2.16259	2.16259	2.1626	2.16259	2.16258	2.16256	2.16255	2.16255	2.16254	2.16253	2.16251	2.16251	2.16251	2.16251	2.1625	2.1625	
2.20857	2.20856	2.20857	2.20858	2.20857	2.20855	2.20857	2.20858	2.20858	2.20857	2.20858	2.20859	2.20859	2.20859	2.20859	2.20859	2.20858	2.20857	2.20855	2.20852	2.20847	2.20842	2.20842	2.20841	2.20838	2.20834	2.20848	2.20861	2.20872	2.20882	2.20877	2.20872	2.20871	2.20871	2.20877	2.20883	2.20867	2.20851	2.20845	2.20839	2.20837	2.20835	2.20841	2.20847	2.2085	2.20853	2.20858	2.20863	2.20863	2.20862	2.20864	2.20866	2.20865	2.20863	2.20863	2.20863	2.20862	2.2086	2.2086	2.2086	2.20859	2.20858	2.20858	2.20858	2.20857	
2.25464	2.25463	2.25464	2.25465	2.25464	2.25463	2.25464	2.25465	2.25465	2.25465	2.25465	2.25466	2.25466	2.25466	2.25465	2.25464	2.25463	2.25463	2.2546	2.25458	2.25454	2.2545	2.25452	2.25453	2.25455	2.25456	2.25467	2.25477	2.25485	2.25492	2.25482	2.25471	2.25472	2.25472	2.25481	2.2549	2.25478	2.25467	2.25462	2.25458	2.25451	2.25443	2.25448	2.25452	2.25454	2.25455	2.25461	2.25467	2.25466	2.25465	2.25469	2.25473	2.2547	2.25468	2.2547	2.25471	2.25469	2.25466	2.25467	2.25468	2.25466	2.25464	2.25465	2.25466	2.25464	
2.30071	2.30069	2.3007	2.30071	2.3007	2.30069	2.3007	2.30071	2.30071	2.30071	2.30071	2.30071	2.30071	2.30071	2.3007	2.30069	2.30068	2.30067	2.30066	2.30064	2.30061	2.30059	2.30061	2.30063	2.30066	2.30069	2.30076	2.30083	2.30088	2.30093	2.30083	2.30073	2.30075	2.30076	2.30083	2.3009	2.30083	2.30075	2.30072	2.30068	2.30061	2.30053	2.30056	2.30059	2.30059	2.30059	2.30064	2.3007	2.30069	2.30068	2.30072	2.30077	2.30074	2.30071	2.30074	2.30077	2.30074	2.30071	2.30073	2.30075	2.30072	2.30069	2.30071	2.30072	2.30071	
2.34677	2.34675	2.34676	2.34678	2.34676	2.34675	2.34676	2.34677	2.34677	2.34677	2.34676	2.34676	2.34676	2.34677	2.34675	2.34674	2.34673	2.34672	2.34671	2.3467	2.34669	2.34668	2.3467	2.34673	2.34677	2.34681	2.34685	2.34689	2.34692	2.34694	2.34685	2.34675	2.34678	2.3468	2.34685	2.3469	2.34687	2.34684	2.34681	2.34679	2.34671	2.34663	2.34664	2.34666	2.34664	2.34662	2.34668	2.34674	2.34672	2.3467	2.34676	2.34681	2.34678	2.34675	2.34679	2.34683	2.34679	2.34675	2.34678	2.34681	2.34678	2.34675	2.34677	2.34679	2.34677	
2.39282	2.3928	2.39281	2.39283	2.39282	2.39281	2.39281	2.39282	2.39282	2.39282	2.39281	2.39281	2.39281	2.39281	2.3928	2.39279	2.39278	2.39278	2.39277	2.39277	2.39277	2.39277	2.39279	2.39281	2.39285	2.3929	2.39291	2.39293	2.39295	2.39297	2.39289	2.39281	2.39284	2.39287	2.3929	2.39293	2.39292	2.3929	2.39289	2.39287	2.39279	2.39272	2.39273	2.39274	2.39271	2.39268	2.39273	2.39278	2.39276	2.39274	2.39279	2.39285	2.39281	2.39278	2.39283	2.39287	2.39283	2.39279	2.39283	2.39286	2.39283	2.39279	2.39282	2.39284	2.39282	
2.43887	2.43885	2.43887	2.43888	2.43887	2.43886	2.43886	2.43887	2.43887	2.43887	2.43886	2.43886	2.43886	2.43886	2.43885	2.43884	2.43884	2.43884	2.43884	2.43883	2.43884	2.43886	2.43887	2.43889	2.43894	2.43898	2.43898	2.43897	2.43899	2.43901	2.43894	2.43887	2.43891	2.43894	2.43895	2.43896	2.43896	2.43897	2.43896	2.43895	2.43888	2.43881	2.43882	2.43883	2.43879	2.43874	2.43879	2.43883	2.4388	2.43877	2.43883	2.43888	2.43885	2.43881	2.43886	2.43891	2.43887	2.43883	2.43887	2.43891	2.43888	2.43884	2.43887	2.4389	2.43887	
2.4849	2.48488	2.48489	2.48491	2.4849	2.48489	2.48489	2.4849	2.4849	2.48489	2.48489	2.48488	2.48489	2.48489	2.48488	2.48487	2.48487	2.48487	2.48487	2.48487	2.48489	2.4849	2.48491	2.48492	2.48496	2.485	2.48499	2.48497	2.48499	2.48501	2.48496	2.4849	2.48493	2.48497	2.48496	2.48496	2.48497	2.48499	2.48498	2.48497	2.48492	2.48486	2.48487	2.48487	2.48483	2.48479	2.48482	2.48486	2.48483	2.4848	2.48485	2.4849	2.48487	2.48483	2.48488	2.48493	2.48489	2.48486	2.4849	2.48494	2.4849	2.48487	2.4849	2.48493	2.4849	
2.53093	2.53091	2.53092	2.53094	2.53093	2.53092	2.53092	2.53093	2.53092	2.53092	2.53092	2.53091	2.53091	2.53092	2.53091	2.5309	2.53091	2.53091	2.53091	2.53091	2.53093	2.53094	2.53095	2.53095	2.53099	2.53102	2.531	2.53098	2.531	2.53102	2.53097	2.53092	2.53096	2.53099	2.53097	2.53095	2.53098	2.53101	2.531	2.53099	2.53095	2.53091	2.53091	2.53091	2.53087	2.53083	2.53086	2.53089	2.53086	2.53083	2.53087	2.53092	2.53089	2.53085	2.5309	2.53095	2.53091	2.53088	2.53092	2.53096	2.53093	2.53089	2.53092	2.53096	2.53093	
2.57695	2.57692	2.57694	2.57696	2.57695	2.57693	2.57694	2.57694	2.57694	2.57694	2.57693	2.57693	2.57693	2.57693	2.57693	2.57692	2.57693	2.57693	2.57693	2.57693	2.57695	2.57697	2.57697	2.57697	2.577	2.57703	2.577	2.57698	2.577	2.57702	2.57698	2.57694	2.57697	2.577	2.57698	2.57696	2.57699	2.57702	2.57701	2.577	2.57697	2.57694	2.57694	2.57694	2.5769	2.57687	2.57689	2.57691	2.57688	2.57685	2.57689	2.57693	2.5769	2.57687	2.57692	2.57696	2.57693	2.57689	2.57693	2.57697	2.57694	2.57691	2.57694	2.57697	2.57695	
2.62296	2.62294	2.62296	2.62298	2.62296	2.62295	2.62296	2.62296	2.62296	2.62295	2.62295	2.62295	2.62295	2.62295	2.62295	2.62295	2.62295	2.62296	2.62296	2.62296	2.62298	2.62299	2.62299	2.62298	2.62301	2.62304	2.62301	2.62298	2.623	2.62303	2.62299	2.62296	2.62299	2.62301	2.62299	2.62297	2.62299	2.62302	2.62301	2.623	2.62299	2.62297	2.62297	2.62297	2.62294	2.6229	2.62292	2.62294	2.62291	2.62288	2.62291	2.62295	2.62292	2.62289	2.62293	2.62297	2.62294	2.62291	2.62295	2.62299	2.62296	2.62293	2.62296	2.62299	2.62296	
2.66896	2.66894	2.66895	2.66897	2.66896	2.66895	2.66895	2.66896	2.66896	2.66895	2.66895	2.66895	2.66895	2.66895	2.66895	2.66895	2.66895	2.66896	2.66896	2.66896	2.66897	2.66899	2.66898	2.66897	2.669	2.66902	2.66899	2.66897	2.66899	2.66901	2.66898	2.66895	2.66897	2.669	2.66898	2.66895	2.66898	2.66901	2.669	2.66899	2.66898	2.66897	2.66897	2.66897	2.66894	2.66891	2.66893	2.66894	2.66891	2.66889	2.66892	2.66895	2.66892	2.66889	2.66893	2.66897	2.66894	2.66891	2.66894	2.66898	2.66895	2.66893	2.66895	2.66898	2.66896	
2.71495	2.71494	2.71495	2.71497	2.71496	2.71495	2.71495	2.71496	2.71495	2.71495	2.71495	2.71495	2.71495	2.71495	2.71495	2.71495	2.71495	2.71496	2.71496	2.71496	2.71497	2.71498	2.71497	2.71496	2.71498	2.715	2.71498	2.71495	2.71497	2.71499	2.71497	2.71494	2.71496	2.71499	2.71496	2.71494	2.71497	2.71499	2.71498	2.71497	2.71497	2.71497	2.71496	2.71496	2.71494	2.71492	2.71493	2.71494	2.71492	2.7149	2.71492	2.71494	2.71492	2.7149	2.71493	2.71496	2.71493	2.71491	2.71494	2.71497	2.71495	2.71493	2.71495	2.71497	2.71495	
2.76094	2.76093	2.76094	2.76095	2.76095	2.76094	2.76094	2.76095	2.76094	2.76094	2.76094	2.76094	2.76094	2.76094	2.76094	2.76094	2.76094	2.76095	2.76095	2.76095	2.76096	2.76097	2.76096	2.76095	2.76096	2.76098	2.76096	2.76094	2.76096	2.76097	2.76095	2.76093	2.76095	2.76097	2.76095	2.76093	2.76095	2.76097	2.76096	2.76096	2.76095	2.76095	2.76095	2.76095	2.76094	2.76092	2.76093	2.76094	2.76092	2.7609	2.76092	2.76094	2.76092	2.7609	2.76092	2.76095	2.76093	2.76091	2.76093	2.76096	2.76094	2.76092	2.76094	2.76096	2.76094	
2.80694	2.80692	2.80693	2.80694	2.80694	2.80693	2.80693	2.80694	2.80694	2.80693	2.80693	2.80693	2.80693	2.80693	2.80693	2.80693	2.80694	2.80694	2.80694	2.80694	2.80694	2.80695	2.80695	2.80694	2.80695	2.80696	2.80694	2.80693	2.80694	2.80695	2.80694	2.80692	2.80694	2.80695	2.80694	2.80692	2.80694	2.80695	2.80695	2.80694	2.80694	2.80694	2.80694	2.80694	2.80693	2.80692	2.80692	2.80693	2.80692	2.8069	2.80691	2.80693	2.80691	2.8069	2.80692	2.80694	2.80692	2.80691	2.80693	2.80694	2.80693	2.80692	2.80693	2.80695	2.80694	
2.85291	2.85291	2.85291	2.85292	2.85291	2.85291	2.85291	2.85292	2.85291	2.85291	2.85291	2.85291	2.85291	2.85291	2.85291	2.85291	2.85292	2.85292	2.85292	2.85292	2.85292	2.85292	2.85292	2.85292	2.85292	2.85293	2.85292	2.85291	2.85292	2.85293	2.85292	2.85291	2.85292	2.85292	2.85292	2.85291	2.85292	2.85293	2.85292	2.85292	2.85292	2.85292	2.85292	2.85292	2.85291	2.8529	2.85291	2.85291	2.8529	2.85289	2.8529	2.85291	2.8529	2.85289	2.8529	2.85291	2.8529	2.8529	2.85291	2.85292	2.85291	2.8529	2.85291	2.85292	2.85291	
2.89889	2.89889	2.89889	2.8989	2.89889	2.89889	2.89889	2.89889	2.89889	2.89889	2.89889	2.89889	2.89889	2.89889	2.89889	2.89889	2.89889	2.89889	2.89889	2.89889	2.8989	2.8989	2.8989	2.89889	2.8989	2.8989	2.89889	2.89889	2.89889	2.8989	2.89889	2.89889	2.89889	2.8989	2.89889	2.89889	2.89889	2.8989	2.8989	2.89889	2.89889	2.8989	2.89889	2.89889	2.89889	2.89889	2.89889	2.89889	2.89889	2.89888	2.89889	2.89889	2.89889	2.89888	2.89889	2.89889	2.89889	2.89888	2.89889	2.8989	2.89889	2.89889	2.89889	2.8989	2.89889	
2.94487	2.94487	2.94487	2.94487	2.94487	2.94487	2.94487	2.94487	2.94487	2.94487	2.94487	2.94487	2.94487	2.94487	2.94487	2.94487	2.94487	2.94487	2.94487	2.94487	2.94487	2.94487	2.94487	2.94487	2.94487	2.94487	2.94487	2.94487	2.94487	2.94487	2.94487	2.94487	2.94487	2.94487	2.94487	2.94487	2.94487	2.94487	2.94487	2.94487	2.94487	2.94487	2.94487	2.94487	2.94487	2.94487	2.94487	2.94487	2.94487	2.94487	2.94487	2.94487	2.94487	2.94487	2.94487	2.94487	2.94487	2.94487	2.94487	2.94487	2.94487	2.94487	2.94487	2.94487	2.94487	
