x=95	y=200	z=200	n=65	len=1
b
0	0	0	0	0	0	0	0	0	0	0	0	0	0	0	0	0	0	0	0	0	0	0	0	0	0	0	0	0	0	0	0	0	0	0	0	0	0	0	0	0	0	0	0	0	0	0	0	0	0	0	0	0	0	0	0	0	0	0	0	0	0	0	0	0	
0.0235617	0.0235615	0.0235614	0.0235613	0.0235602	0.0235591	0.0235586	0.0235581	0.0235563	0.0235545	0.0235538	0.0235532	0.0235511	0.0235489	0.0235488	0.0235486	0.0235468	0.023545	0.0235457	0.0235465	0.0235455	0.0235446	0.023546	0.0235474	0.023547	0.0235467	0.0235477	0.0235488	0.0235484	0.023548	0.0235484	0.0235488	0.0235486	0.0235484	0.0235486	0.0235487	0.0235487	0.0235486	0.0235481	0.0235477	0.0235477	0.0235476	0.0235468	0.0235459	0.0235465	0.0235472	0.0235467	0.0235463	0.0235478	0.0235494	0.0235497	0.02355	0.0235519	0.0235537	0.0235545	0.0235553	0.0235568	0.0235582	0.023559	0.0235598	0.0235604	0.0235611	0.0235615	0.023562	0.0235617	
0.0471246	0.0471241	0.0471239	0.0471238	0.0471217	0.0471196	0.0471184	0.0471173	0.0471138	0.0471103	0.0471089	0.0471074	0.0471033	0.0470992	0.0470986	0.047098	0.0470945	0.047091	0.0470922	0.0470935	0.0470917	0.0470899	0.0470926	0.0470953	0.0470947	0.0470941	0.0470962	0.0470984	0.0470977	0.047097	0.0470977	0.0470984	0.047098	0.0470976	0.047098	0.0470985	0.0470982	0.047098	0.0470971	0.0470962	0.047096	0.0470957	0.0470941	0.0470925	0.0470937	0.0470948	0.0470942	0.0470935	0.0470965	0.0470996	0.0471004	0.0471012	0.0471049	0.0471085	0.0471102	0.0471119	0.0471147	0.0471175	0.0471191	0.0471208	0.047122	0.0471233	0.0471242	0.047125	0.0471246	
0.0706874	0.0706868	0.0706865	0.0706862	0.0706831	0.07068	0.0706782	0.0706765	0.0706713	0.0706662	0.0706639	0.0706617	0.0706555	0.0706494	0.0706484	0.0706474	0.0706421	0.0706369	0.0706387	0.0706405	0.0706378	0.0706351	0.0706392	0.0706432	0.0706423	0.0706415	0.0706447	0.070648	0.070647	0.070646	0.070647	0.0706481	0.0706474	0.0706468	0.0706475	0.0706481	0.0706477	0.0706473	0.070646	0.0706447	0.0706443	0.0706439	0.0706414	0.070639	0.0706408	0.0706425	0.0706416	0.0706407	0.0706452	0.0706497	0.0706511	0.0706525	0.0706579	0.0706633	0.0706659	0.0706685	0.0706727	0.0706768	0.0706793	0.0706818	0.0706836	0.0706855	0.0706868	0.0706881	0.0706874	
0.0942509	0.0942499	0.0942496	0.0942492	0.0942453	0.0942414	0.0942391	0.0942367	0.0942301	0.0942235	0.0942204	0.0942173	0.0942091	0.094201	0.0941994	0.0941977	0.0941906	0.0941834	0.0941855	0.0941876	0.0941838	0.0941801	0.0941855	0.0941909	0.0941899	0.0941888	0.0941934	0.094198	0.0941968	0.0941955	0.0941968	0.0941982	0.0941973	0.0941964	0.0941974	0.0941984	0.0941978	0.0941973	0.0941952	0.0941931	0.0941926	0.094192	0.0941886	0.0941852	0.0941878	0.0941904	0.0941894	0.0941883	0.0941946	0.0942008	0.0942028	0.0942049	0.094212	0.0942191	0.0942228	0.0942264	0.0942317	0.0942369	0.0942403	0.0942437	0.0942459	0.0942481	0.0942499	0.0942518	0.0942509	
0.117814	0.117813	0.117813	0.117812	0.117808	0.117803	0.1178	0.117797	0.117789	0.117781	0.117777	0.117773	0.117763	0.117753	0.11775	0.117748	0.117739	0.11773	0.117732	0.117735	0.11773	0.117725	0.117732	0.117739	0.117737	0.117736	0.117742	0.117748	0.117747	0.117745	0.117747	0.117748	0.117747	0.117746	0.117747	0.117749	0.117748	0.117747	0.117744	0.117742	0.117741	0.11774	0.117736	0.117731	0.117735	0.117738	0.117737	0.117736	0.117744	0.117752	0.117755	0.117757	0.117766	0.117775	0.11778	0.117784	0.117791	0.117797	0.117801	0.117806	0.117808	0.117811	0.117813	0.117815	0.117814	
0.14138	0.141378	0.141378	0.141378	0.141372	0.141367	0.141364	0.14136	0.141351	0.141342	0.141337	0.141332	0.14132	0.141309	0.141305	0.141301	0.14129	0.141279	0.141281	0.141283	0.141277	0.141271	0.141279	0.141287	0.141286	0.141285	0.141293	0.1413	0.141299	0.141297	0.141299	0.141301	0.141299	0.141298	0.1413	0.141302	0.1413	0.141299	0.141295	0.141291	0.14129	0.141289	0.141284	0.141279	0.141283	0.141288	0.141287	0.141286	0.141296	0.141306	0.14131	0.141314	0.141324	0.141334	0.14134	0.141346	0.141353	0.14136	0.141365	0.14137	0.141373	0.141376	0.141378	0.141381	0.14138	
0.164946	0.164944	0.164943	0.164943	0.164937	0.164932	0.164928	0.164923	0.164914	0.164904	0.164897	0.164891	0.164878	0.164865	0.16486	0.164855	0.164842	0.164829	0.16483	0.164832	0.164825	0.164817	0.164826	0.164836	0.164835	0.164834	0.164843	0.164852	0.164851	0.164849	0.164851	0.164853	0.164852	0.16485	0.164852	0.164854	0.164853	0.164852	0.164846	0.164841	0.16484	0.164838	0.164832	0.164826	0.164832	0.164837	0.164837	0.164836	0.164848	0.16486	0.164865	0.16487	0.164882	0.164893	0.1649	0.164908	0.164915	0.164923	0.164929	0.164935	0.164938	0.16494	0.164944	0.164947	0.164946	
0.188512	0.18851	0.188509	0.188509	0.188503	0.188498	0.188493	0.188489	0.188479	0.188469	0.188461	0.188453	0.188439	0.188425	0.188418	0.188412	0.188397	0.188382	0.188382	0.188382	0.188373	0.188364	0.188374	0.188384	0.188383	0.188382	0.188394	0.188406	0.188405	0.188403	0.188405	0.188407	0.188406	0.188404	0.188407	0.188409	0.188407	0.188405	0.188398	0.188391	0.188389	0.188387	0.18838	0.188373	0.188381	0.188388	0.188389	0.18839	0.188403	0.188417	0.188424	0.188431	0.188443	0.188455	0.188464	0.188473	0.18848	0.188487	0.188494	0.188502	0.188504	0.188506	0.18851	0.188513	0.188512	
0.212078	0.212075	0.212075	0.212075	0.21207	0.212064	0.212059	0.212054	0.212044	0.212034	0.212025	0.212016	0.212001	0.211986	0.211977	0.211969	0.211952	0.211935	0.211933	0.211932	0.211921	0.21191	0.211921	0.211932	0.211931	0.211931	0.211945	0.21196	0.211958	0.211957	0.21196	0.211962	0.21196	0.211958	0.211961	0.211964	0.211962	0.211959	0.21195	0.21194	0.211938	0.211936	0.211929	0.211921	0.21193	0.211939	0.211941	0.211943	0.211958	0.211974	0.211983	0.211991	0.212004	0.212017	0.212027	0.212038	0.212044	0.212051	0.21206	0.212068	0.212069	0.212071	0.212075	0.21208	0.212078	
0.235644	0.235642	0.235642	0.235642	0.235637	0.235633	0.235627	0.235622	0.235613	0.235605	0.235594	0.235584	0.235569	0.235555	0.235543	0.235532	0.235514	0.235495	0.235491	0.235486	0.235473	0.23546	0.23547	0.235481	0.23548	0.23548	0.235498	0.235516	0.235516	0.235516	0.235519	0.235521	0.235519	0.235517	0.235521	0.235524	0.23552	0.235515	0.235503	0.235491	0.235488	0.235486	0.235478	0.23547	0.235482	0.235494	0.235498	0.235503	0.23552	0.235537	0.235548	0.235559	0.235572	0.235584	0.235596	0.235608	0.235613	0.235618	0.235627	0.235636	0.235636	0.235637	0.235642	0.235647	0.235644	
0.259211	0.259208	0.259209	0.259209	0.259205	0.259201	0.259196	0.25919	0.259182	0.259175	0.259164	0.259152	0.259138	0.259123	0.25911	0.259096	0.259076	0.259055	0.259048	0.259041	0.259025	0.25901	0.259019	0.259029	0.259029	0.259029	0.25905	0.259072	0.259073	0.259074	0.259078	0.259081	0.259079	0.259076	0.25908	0.259084	0.259078	0.259072	0.259056	0.259041	0.259038	0.259036	0.259028	0.25902	0.259035	0.25905	0.259056	0.259062	0.259081	0.2591	0.259114	0.259127	0.259139	0.259151	0.259164	0.259177	0.259181	0.259185	0.259195	0.259205	0.259204	0.259203	0.259208	0.259214	0.259211	
0.282775	0.282772	0.282772	0.282773	0.282771	0.282769	0.282763	0.282757	0.282753	0.282748	0.282736	0.282724	0.282712	0.2827	0.282684	0.282667	0.282646	0.282626	0.282614	0.282602	0.282583	0.282563	0.28257	0.282578	0.282577	0.282575	0.282601	0.282627	0.282631	0.282635	0.282641	0.282647	0.282643	0.28264	0.282643	0.282646	0.282636	0.282627	0.282607	0.282588	0.282587	0.282586	0.28258	0.282573	0.282592	0.282611	0.282621	0.282631	0.282651	0.28267	0.282686	0.282702	0.282711	0.282721	0.282735	0.28275	0.28275	0.28275	0.282761	0.282772	0.282769	0.282765	0.282771	0.282777	0.282775	
0.306338	0.306335	0.306336	0.306337	0.306337	0.306336	0.306331	0.306325	0.306324	0.306322	0.306309	0.306296	0.306286	0.306277	0.306258	0.306239	0.306217	0.306196	0.30618	0.306163	0.30614	0.306117	0.306122	0.306126	0.306124	0.306122	0.306152	0.306182	0.306189	0.306195	0.306204	0.306213	0.306208	0.306204	0.306206	0.306208	0.306195	0.306182	0.306159	0.306135	0.306135	0.306135	0.306131	0.306127	0.30615	0.306172	0.306186	0.3062	0.30622	0.30624	0.306259	0.306277	0.306284	0.306291	0.306306	0.306322	0.306319	0.306316	0.306328	0.306339	0.306334	0.306328	0.306335	0.306341	0.306338	
0.329897	0.329894	0.329895	0.329897	0.329899	0.329901	0.329896	0.329891	0.329894	0.329897	0.329884	0.329871	0.329867	0.329863	0.329841	0.32982	0.329801	0.329782	0.32976	0.329738	0.32971	0.329683	0.329681	0.329678	0.329673	0.329667	0.329701	0.329735	0.329748	0.32976	0.329777	0.329793	0.329788	0.329782	0.329778	0.329774	0.329755	0.329736	0.329708	0.32968	0.329684	0.329689	0.32969	0.329691	0.329718	0.329746	0.329765	0.329784	0.329802	0.32982	0.32984	0.329861	0.329862	0.329863	0.32988	0.329896	0.329888	0.329881	0.329892	0.329903	0.329895	0.329887	0.329894	0.3299	0.329897	
0.353456	0.353453	0.353455	0.353457	0.353461	0.353465	0.353461	0.353458	0.353465	0.353472	0.353459	0.353447	0.353448	0.353449	0.353425	0.353402	0.353385	0.353368	0.35334	0.353312	0.353281	0.353249	0.35324	0.353231	0.353222	0.353212	0.35325	0.353288	0.353307	0.353325	0.353349	0.353373	0.353367	0.35336	0.35335	0.353341	0.353315	0.353289	0.353257	0.353224	0.353233	0.353242	0.353249	0.353255	0.353287	0.353319	0.353343	0.353368	0.353383	0.353399	0.353422	0.353445	0.35344	0.353436	0.353453	0.35347	0.353457	0.353445	0.353456	0.353467	0.353457	0.353446	0.353453	0.35346	0.353456	
0.377006	0.377002	0.377005	0.377008	0.377014	0.377021	0.377018	0.377016	0.377029	0.377041	0.37703	0.37702	0.377028	0.377037	0.377014	0.376991	0.376981	0.376972	0.376938	0.376904	0.376871	0.376837	0.376815	0.376794	0.376775	0.376756	0.376792	0.376827	0.376855	0.376883	0.376926	0.37697	0.37696	0.376951	0.376925	0.3769	0.376864	0.376828	0.376797	0.376766	0.376786	0.376806	0.376823	0.37684	0.376874	0.376908	0.376938	0.376967	0.376976	0.376984	0.377008	0.377031	0.377019	0.377006	0.377022	0.377038	0.37702	0.377001	0.377012	0.377022	0.377009	0.376996	0.377003	0.377009	0.377006	
0.400555	0.400552	0.400555	0.400559	0.400567	0.400576	0.400575	0.400575	0.400592	0.40061	0.400601	0.400593	0.400609	0.400626	0.400603	0.40058	0.400578	0.400575	0.400536	0.400497	0.40046	0.400424	0.400391	0.400358	0.400329	0.400299	0.400333	0.400367	0.400404	0.40044	0.400503	0.400566	0.400553	0.400541	0.4005	0.400459	0.400414	0.400368	0.400338	0.400308	0.400339	0.400369	0.400397	0.400424	0.400461	0.400498	0.400532	0.400567	0.400568	0.400569	0.400594	0.400618	0.400597	0.400576	0.400591	0.400605	0.400582	0.400558	0.400568	0.400577	0.400562	0.400546	0.400553	0.400559	0.400555	
0.424096	0.424092	0.424096	0.424101	0.42411	0.42412	0.424122	0.424123	0.424145	0.424167	0.424162	0.424157	0.424183	0.424209	0.42419	0.424171	0.424182	0.424192	0.424152	0.424111	0.424081	0.42405	0.424001	0.423953	0.423906	0.423859	0.423877	0.423896	0.423942	0.423988	0.424086	0.424183	0.424169	0.424156	0.424079	0.424003	0.423952	0.4239	0.423882	0.423864	0.423913	0.423962	0.424004	0.424045	0.424076	0.424107	0.424144	0.424181	0.424168	0.424156	0.424177	0.424199	0.424168	0.424138	0.42415	0.424162	0.424134	0.424106	0.424114	0.424121	0.424104	0.424087	0.424093	0.424099	0.424096	
0.447636	0.447632	0.447637	0.447642	0.447653	0.447664	0.447668	0.447672	0.447698	0.447724	0.447722	0.447721	0.447756	0.447792	0.447777	0.447761	0.447786	0.44781	0.447768	0.447726	0.447701	0.447676	0.447611	0.447547	0.447483	0.447419	0.447422	0.447425	0.44748	0.447536	0.447668	0.4478	0.447785	0.447771	0.447659	0.447547	0.447489	0.447432	0.447426	0.44742	0.447487	0.447555	0.447611	0.447667	0.447692	0.447717	0.447756	0.447795	0.447768	0.447742	0.447761	0.44778	0.447739	0.447699	0.447709	0.447718	0.447686	0.447653	0.447659	0.447665	0.447647	0.447629	0.447634	0.44764	0.447636	
0.471165	0.471161	0.471167	0.471172	0.471183	0.471193	0.471198	0.471204	0.471231	0.471257	0.471261	0.471264	0.471306	0.471348	0.471341	0.471333	0.471375	0.471417	0.471383	0.471349	0.471346	0.471343	0.471269	0.471196	0.471115	0.471035	0.470998	0.470962	0.471001	0.471041	0.471203	0.471365	0.471351	0.471338	0.471193	0.471049	0.471009	0.47097	0.471001	0.471033	0.471115	0.471197	0.471263	0.471329	0.471331	0.471333	0.471366	0.471399	0.471355	0.47131	0.471323	0.471335	0.471288	0.471242	0.471247	0.471252	0.471219	0.471186	0.471191	0.471195	0.471177	0.471159	0.471164	0.471169	0.471165	
0.494694	0.49469	0.494697	0.494703	0.494712	0.494721	0.494729	0.494737	0.494764	0.494791	0.494799	0.494807	0.494855	0.494904	0.494905	0.494906	0.494965	0.495025	0.494998	0.494972	0.494991	0.495011	0.494927	0.494844	0.494748	0.494652	0.494575	0.494498	0.494522	0.494545	0.494737	0.494929	0.494917	0.494905	0.494728	0.49455	0.494529	0.494508	0.494577	0.494646	0.494743	0.49484	0.494916	0.494992	0.49497	0.494949	0.494977	0.495004	0.494942	0.494879	0.494885	0.494891	0.494837	0.494784	0.494785	0.494786	0.494753	0.49472	0.494722	0.494724	0.494707	0.49469	0.494694	0.494698	0.494694	
0.51822	0.518216	0.518222	0.518228	0.518234	0.518239	0.518249	0.518258	0.518279	0.5183	0.518312	0.518324	0.51837	0.518415	0.518426	0.518437	0.518508	0.518579	0.518571	0.518563	0.518621	0.51868	0.518611	0.518542	0.51847	0.518398	0.518269	0.51814	0.518111	0.518082	0.518277	0.518473	0.518472	0.518471	0.518273	0.518074	0.518112	0.518151	0.51827	0.518389	0.518458	0.518528	0.518592	0.518657	0.518596	0.518535	0.518547	0.518558	0.518484	0.51841	0.518407	0.518404	0.518354	0.518304	0.518301	0.518297	0.51827	0.518243	0.518243	0.518243	0.51823	0.518217	0.51822	0.518224	0.51822	
0.541745	0.541741	0.541747	0.541754	0.541755	0.541757	0.541768	0.541779	0.541794	0.541809	0.541825	0.541842	0.541884	0.541927	0.541947	0.541968	0.542051	0.542133	0.542144	0.542154	0.542252	0.542349	0.542294	0.542239	0.542191	0.542143	0.541963	0.541782	0.541701	0.541619	0.541818	0.542016	0.542027	0.542037	0.541818	0.541599	0.541696	0.541793	0.541963	0.542132	0.542174	0.542216	0.542269	0.542322	0.542222	0.542122	0.542117	0.542112	0.542027	0.541942	0.541929	0.541917	0.54187	0.541824	0.541816	0.541808	0.541787	0.541766	0.541764	0.541762	0.541753	0.541744	0.541746	0.541749	0.541745	
0.565272	0.565268	0.565275	0.565281	0.565276	0.565272	0.565283	0.565294	0.565297	0.565299	0.565317	0.565335	0.565359	0.565383	0.56541	0.565438	0.565507	0.565576	0.565607	0.565638	0.565758	0.565878	0.565875	0.565873	0.56594	0.566006	0.565827	0.565649	0.565462	0.565276	0.565295	0.565315	0.56533	0.565346	0.565301	0.565256	0.56545	0.565645	0.565815	0.565986	0.565914	0.565842	0.565845	0.565848	0.565728	0.565608	0.565583	0.565558	0.565488	0.565417	0.565398	0.565379	0.56535	0.565322	0.565312	0.565302	0.565293	0.565285	0.565282	0.565279	0.565276	0.565273	0.565274	0.565276	0.565272	
0.5888	0.588796	0.588802	0.588808	0.588797	0.588787	0.588798	0.58881	0.588799	0.588789	0.588808	0.588828	0.588834	0.58884	0.588874	0.588907	0.588963	0.589018	0.58907	0.589122	0.589264	0.589406	0.589457	0.589507	0.589688	0.589869	0.589692	0.589515	0.589224	0.588932	0.588773	0.588613	0.588634	0.588655	0.588784	0.588913	0.589205	0.589497	0.589668	0.589839	0.589653	0.589467	0.589421	0.589375	0.589235	0.589094	0.589049	0.589004	0.588948	0.588892	0.588866	0.58884	0.58883	0.588821	0.588808	0.588795	0.5888	0.588804	0.5888	0.588795	0.588798	0.588801	0.588802	0.588803	0.5888	
0.612341	0.612338	0.612343	0.612348	0.612332	0.612316	0.612327	0.612337	0.612313	0.612288	0.612306	0.612324	0.612302	0.61228	0.612312	0.612345	0.612353	0.612361	0.612418	0.612475	0.612566	0.612658	0.612744	0.612831	0.613057	0.613284	0.61327	0.613256	0.613115	0.612974	0.612712	0.61245	0.61245	0.612451	0.612698	0.612946	0.613083	0.61322	0.613232	0.613243	0.61302	0.612796	0.612715	0.612633	0.612546	0.612459	0.612407	0.612355	0.612348	0.61234	0.612313	0.612285	0.612304	0.612324	0.61231	0.612297	0.612316	0.612336	0.612331	0.612326	0.612335	0.612344	0.612345	0.612345	0.612341	
0.635883	0.63588	0.635884	0.635889	0.635867	0.635846	0.635855	0.635865	0.635826	0.635787	0.635804	0.635821	0.63577	0.63572	0.635751	0.635782	0.635743	0.635705	0.635766	0.635828	0.635869	0.63591	0.636032	0.636154	0.636426	0.636699	0.636848	0.636997	0.637007	0.637016	0.636652	0.636287	0.636267	0.636246	0.636613	0.63698	0.636962	0.636944	0.636796	0.636647	0.636386	0.636125	0.636008	0.635891	0.635857	0.635824	0.635765	0.635706	0.635747	0.635788	0.635759	0.63573	0.635778	0.635827	0.635813	0.635799	0.635833	0.635867	0.635862	0.635856	0.635871	0.635886	0.635887	0.635887	0.635883	
0.659445	0.659442	0.659446	0.65945	0.659426	0.659403	0.659411	0.659419	0.659374	0.659328	0.659341	0.659355	0.659285	0.659215	0.659238	0.659261	0.659172	0.659083	0.659129	0.659175	0.659096	0.659018	0.659117	0.659217	0.659227	0.659237	0.659536	0.659836	0.660047	0.660258	0.660168	0.660079	0.660086	0.660093	0.660142	0.66019	0.660002	0.659814	0.659506	0.659197	0.659208	0.65922	0.659115	0.65901	0.659099	0.659189	0.65914	0.659092	0.659184	0.659276	0.659252	0.659229	0.659296	0.659364	0.659353	0.659341	0.659382	0.659423	0.659418	0.659413	0.659431	0.659448	0.659448	0.659448	0.659445	
0.683006	0.683003	0.683007	0.68301	0.682985	0.68296	0.682967	0.682973	0.682921	0.682869	0.682879	0.682889	0.6828	0.682711	0.682726	0.682741	0.682602	0.682462	0.682492	0.682522	0.682324	0.682126	0.682203	0.68228	0.682027	0.681775	0.682225	0.682674	0.683087	0.683775	0.684126	0.684538	0.684621	0.684437	0.684064	0.683672	0.683144	0.682684	0.682216	0.681747	0.682031	0.682314	0.682222	0.682129	0.682341	0.682553	0.682515	0.682477	0.68262	0.682764	0.682745	0.682727	0.682814	0.682902	0.682892	0.682883	0.682931	0.682978	0.682974	0.68297	0.68299	0.683009	0.683009	0.683009	0.683006	
0.706587	0.706585	0.706588	0.706591	0.70657	0.706549	0.706555	0.70656	0.706516	0.706472	0.70648	0.706487	0.706409	0.706331	0.706341	0.706352	0.70622	0.706089	0.706107	0.706125	0.705913	0.705701	0.705747	0.705794	0.705467	0.705141	0.705198	0.705256	0.705303	0.70457	0.704619	0.704563	0.70452	0.704562	0.704645	0.704553	0.704878	0.705314	0.705217	0.705121	0.705481	0.705841	0.705772	0.705703	0.705932	0.70616	0.706131	0.706102	0.706237	0.706373	0.706359	0.706345	0.706421	0.706498	0.706491	0.706484	0.706524	0.706563	0.706561	0.706558	0.706574	0.706589	0.70659	0.70659	0.706587	
0.730169	0.730166	0.730169	0.730172	0.730155	0.730138	0.730143	0.730147	0.730111	0.730075	0.73008	0.730086	0.730018	0.729951	0.729957	0.729962	0.729839	0.729716	0.729722	0.729729	0.729502	0.729275	0.729292	0.729309	0.728908	0.728507	0.728172	0.727838	0.72752	0.727165	0.726685	0.725792	0.725311	0.72584	0.726775	0.727221	0.727892	0.727943	0.728219	0.728495	0.728931	0.729368	0.729323	0.729278	0.729522	0.729766	0.729746	0.729726	0.729854	0.729982	0.729972	0.729962	0.730028	0.730094	0.730089	0.730084	0.730117	0.730149	0.730147	0.730145	0.730157	0.73017	0.73017	0.730171	0.730169	
0.753758	0.753756	0.753758	0.753761	0.753752	0.753743	0.753747	0.75375	0.753733	0.753716	0.75372	0.753723	0.753694	0.753664	0.753668	0.753671	0.753622	0.753574	0.753575	0.753576	0.753501	0.753425	0.753425	0.753426	0.753313	0.7532	0.75318	0.75316	0.753142	0.75309	0.753059	0.752817	0.752347	0.752874	0.753083	0.753149	0.753101	0.753199	0.753187	0.753176	0.753314	0.753453	0.753434	0.753415	0.753504	0.753592	0.753583	0.753574	0.753625	0.753676	0.753672	0.753669	0.753696	0.753724	0.753722	0.753721	0.753734	0.753748	0.753748	0.753748	0.753753	0.753757	0.753759	0.75376	0.753758	
0.777347	0.777345	0.777347	0.777349	0.777349	0.777349	0.777351	0.777353	0.777355	0.777357	0.777359	0.77736	0.777369	0.777378	0.777378	0.777379	0.777406	0.777432	0.777428	0.777424	0.7775	0.777575	0.777559	0.777542	0.777718	0.777893	0.778187	0.778482	0.778763	0.778979	0.779639	0.780341	0.781411	0.780287	0.77956	0.778971	0.77843	0.778455	0.778156	0.777857	0.777698	0.777538	0.777546	0.777553	0.777485	0.777417	0.77742	0.777423	0.777397	0.77737	0.777373	0.777375	0.777364	0.777353	0.777355	0.777358	0.777352	0.777346	0.777349	0.777351	0.777348	0.777345	0.777347	0.777349	0.777347	
0.800929	0.800928	0.800929	0.80093	0.800937	0.800944	0.800944	0.800944	0.800962	0.800981	0.800979	0.800977	0.801015	0.801053	0.801047	0.801042	0.801117	0.801192	0.801178	0.801164	0.801312	0.80146	0.801418	0.801377	0.80166	0.801944	0.801911	0.801879	0.80191	0.802292	0.802418	0.802602	0.802582	0.80251	0.802322	0.802243	0.802149	0.801826	0.80187	0.801913	0.80163	0.801346	0.801391	0.801436	0.801287	0.801138	0.801157	0.801177	0.801099	0.801022	0.801033	0.801044	0.801003	0.800963	0.80097	0.800977	0.800956	0.800935	0.800939	0.800944	0.800934	0.800925	0.800928	0.80093	0.800929	
0.824511	0.82451	0.824511	0.824511	0.824526	0.82454	0.824538	0.824536	0.82457	0.824604	0.824599	0.824594	0.82466	0.824727	0.824717	0.824706	0.824829	0.824952	0.824928	0.824904	0.825124	0.825344	0.825278	0.825211	0.825603	0.825994	0.825635	0.825275	0.825057	0.824631	0.824271	0.824113	0.824087	0.82397	0.824175	0.824616	0.824956	0.825198	0.825584	0.825969	0.825562	0.825154	0.825237	0.825319	0.825089	0.824859	0.824895	0.824931	0.824802	0.824674	0.824693	0.824712	0.824643	0.824573	0.824584	0.824596	0.824559	0.824523	0.82453	0.824536	0.824521	0.824505	0.824508	0.824512	0.824511	
0.848075	0.848075	0.848074	0.848074	0.848091	0.848108	0.848103	0.848099	0.848137	0.848175	0.848165	0.848155	0.848222	0.848289	0.848272	0.848254	0.84836	0.848465	0.848431	0.848396	0.84854	0.848683	0.848607	0.848531	0.848678	0.848824	0.848574	0.848325	0.848238	0.84787	0.848001	0.848089	0.848001	0.848001	0.847965	0.847903	0.848098	0.848279	0.848556	0.848833	0.848658	0.848483	0.848578	0.848672	0.848514	0.848356	0.848402	0.848448	0.848336	0.848224	0.848249	0.848274	0.848205	0.848135	0.84815	0.848164	0.848125	0.848087	0.848095	0.848103	0.848086	0.848068	0.848072	0.848075	0.848075	
0.871639	0.87164	0.871638	0.871637	0.871656	0.871676	0.871669	0.871662	0.871703	0.871745	0.871731	0.871717	0.871785	0.871852	0.871827	0.871803	0.871891	0.871979	0.871933	0.871888	0.871955	0.872022	0.871937	0.871851	0.871752	0.871654	0.871514	0.871374	0.871419	0.871463	0.872007	0.872551	0.872487	0.872424	0.872003	0.871583	0.871471	0.87136	0.871528	0.871697	0.871755	0.871812	0.871918	0.872025	0.871939	0.871853	0.871909	0.871965	0.87187	0.871774	0.871805	0.871836	0.871767	0.871698	0.871715	0.871733	0.871691	0.87165	0.87166	0.871669	0.87165	0.871632	0.871635	0.871639	0.871639	
0.895184	0.895185	0.895182	0.895179	0.895197	0.895215	0.895206	0.895197	0.895232	0.895267	0.895251	0.895235	0.895285	0.895335	0.895308	0.89528	0.895333	0.895386	0.89534	0.895295	0.895307	0.895319	0.895253	0.895187	0.895076	0.894964	0.894973	0.894982	0.895116	0.89525	0.895509	0.895768	0.89571	0.895651	0.895476	0.895302	0.89515	0.894998	0.894999	0.895	0.895088	0.895177	0.895252	0.895326	0.895302	0.895278	0.895328	0.895377	0.89532	0.895264	0.895293	0.895323	0.895272	0.895222	0.895239	0.895256	0.895223	0.895189	0.895199	0.895208	0.895192	0.895177	0.89518	0.895183	0.895184	
0.918728	0.91873	0.918726	0.918722	0.918738	0.918754	0.918743	0.918733	0.918761	0.91879	0.918771	0.918752	0.918786	0.918819	0.918789	0.918758	0.918775	0.918792	0.918747	0.918701	0.918658	0.918615	0.918569	0.918522	0.918399	0.918275	0.918432	0.91859	0.918814	0.919037	0.919011	0.918985	0.918932	0.918878	0.918949	0.919021	0.918829	0.918637	0.91847	0.918302	0.918422	0.918542	0.918585	0.918628	0.918666	0.918704	0.918747	0.918789	0.918771	0.918753	0.918781	0.91881	0.918778	0.918746	0.918763	0.91878	0.918754	0.918729	0.918738	0.918747	0.918734	0.918722	0.918724	0.918726	0.918728	
0.94226	0.942262	0.942258	0.942254	0.942265	0.942277	0.942266	0.942256	0.942274	0.942291	0.942274	0.942257	0.942271	0.942286	0.942261	0.942235	0.942227	0.942219	0.942189	0.942158	0.942106	0.942054	0.942043	0.942032	0.941985	0.941937	0.942067	0.942196	0.942325	0.942454	0.942304	0.942155	0.942139	0.942123	0.942275	0.942428	0.94234	0.942252	0.942102	0.941953	0.94201	0.942068	0.942068	0.942068	0.942122	0.942177	0.942199	0.942222	0.942232	0.942243	0.942262	0.942281	0.94227	0.942259	0.942272	0.942284	0.942271	0.942257	0.942264	0.94227	0.942263	0.942256	0.942257	0.942258	0.94226	
0.965792	0.965795	0.96579	0.965785	0.965792	0.965799	0.965789	0.965779	0.965786	0.965793	0.965778	0.965762	0.965757	0.965753	0.965733	0.965713	0.965679	0.965646	0.965631	0.965616	0.965554	0.965492	0.965517	0.965542	0.965571	0.9656	0.965701	0.965802	0.965836	0.96587	0.965598	0.965326	0.965346	0.965367	0.965601	0.965835	0.965851	0.965866	0.965735	0.965603	0.965599	0.965594	0.965551	0.965508	0.965579	0.96565	0.965652	0.965655	0.965694	0.965733	0.965743	0.965753	0.965763	0.965773	0.965781	0.965789	0.965787	0.965785	0.96579	0.965794	0.965792	0.96579	0.96579	0.96579	0.965792	
0.98932	0.989323	0.989318	0.989313	0.989316	0.98932	0.989311	0.989302	0.989301	0.9893	0.989288	0.989276	0.989262	0.989247	0.989235	0.989223	0.989185	0.989147	0.989145	0.989143	0.989096	0.989049	0.989084	0.989118	0.989155	0.989192	0.989249	0.989307	0.989299	0.989291	0.989059	0.988826	0.98885	0.988873	0.989076	0.989279	0.989323	0.989367	0.989283	0.989199	0.989185	0.989171	0.98912	0.989068	0.989125	0.989183	0.989171	0.98916	0.989205	0.989249	0.989251	0.989252	0.989272	0.989293	0.989296	0.989299	0.989306	0.989313	0.989314	0.989315	0.989318	0.98932	0.989319	0.989317	0.98932	
1.01285	1.01285	1.01285	1.01284	1.01284	1.01284	1.01283	1.01283	1.01282	1.01281	1.0128	1.01279	1.01277	1.01274	1.01274	1.01273	1.01269	1.01265	1.01266	1.01267	1.01264	1.01261	1.01265	1.01269	1.01274	1.01278	1.0128	1.01281	1.01276	1.01271	1.01252	1.01233	1.01235	1.01238	1.01255	1.01272	1.0128	1.01287	1.01283	1.01279	1.01277	1.01275	1.01269	1.01263	1.01267	1.01272	1.01269	1.01267	1.01272	1.01277	1.01276	1.01275	1.01278	1.01281	1.01281	1.01281	1.01282	1.01284	1.01284	1.01284	1.01284	1.01285	1.01285	1.01284	1.01285	
1.03638	1.03638	1.03638	1.03637	1.03637	1.03637	1.03636	1.03636	1.03635	1.03633	1.03633	1.03632	1.0363	1.03627	1.03627	1.03628	1.03624	1.0362	1.03622	1.03624	1.03622	1.0362	1.03624	1.03628	1.03632	1.03636	1.03635	1.03634	1.0363	1.03625	1.0361	1.03596	1.03598	1.03601	1.03613	1.03626	1.03632	1.03639	1.03638	1.03637	1.03635	1.03633	1.03628	1.03622	1.03625	1.03628	1.03625	1.03622	1.03627	1.03631	1.0363	1.03628	1.03632	1.03635	1.03634	1.03634	1.03636	1.03638	1.03637	1.03637	1.03638	1.03639	1.03638	1.03638	1.03638	
1.05991	1.05992	1.05991	1.05991	1.0599	1.0599	1.05989	1.05989	1.05988	1.05986	1.05986	1.05986	1.05983	1.0598	1.05981	1.05982	1.05979	1.05976	1.05978	1.05981	1.0598	1.0598	1.05983	1.05986	1.0599	1.05993	1.0599	1.05987	1.05983	1.05979	1.05969	1.05959	1.05962	1.05964	1.05972	1.05979	1.05985	1.05992	1.05993	1.05994	1.05993	1.05991	1.05987	1.05982	1.05984	1.05985	1.05981	1.05978	1.05982	1.05986	1.05984	1.05982	1.05985	1.05989	1.05988	1.05986	1.05989	1.05991	1.0599	1.0599	1.05991	1.05992	1.05992	1.05991	1.05991	
1.08345	1.08346	1.08345	1.08345	1.08344	1.08344	1.08344	1.08343	1.08342	1.0834	1.08341	1.08341	1.08338	1.08336	1.08337	1.08338	1.08336	1.08334	1.08336	1.08338	1.08339	1.08339	1.08341	1.08344	1.08346	1.08348	1.08345	1.08342	1.08339	1.08336	1.08329	1.08323	1.08325	1.08326	1.08331	1.08335	1.0834	1.08345	1.08347	1.08349	1.08348	1.08347	1.08344	1.08341	1.08341	1.08342	1.08339	1.08336	1.08339	1.08342	1.08339	1.08337	1.0834	1.08344	1.08342	1.08341	1.08343	1.08346	1.08345	1.08344	1.08345	1.08346	1.08346	1.08345	1.08345	
1.10699	1.107	1.10699	1.10699	1.10698	1.10698	1.10698	1.10698	1.10696	1.10695	1.10695	1.10696	1.10694	1.10692	1.10693	1.10694	1.10693	1.10692	1.10694	1.10696	1.10697	1.10698	1.10699	1.10701	1.10702	1.10703	1.107	1.10697	1.10695	1.10692	1.1069	1.10688	1.10688	1.10689	1.1069	1.10692	1.10695	1.10699	1.10701	1.10704	1.10704	1.10703	1.10701	1.10699	1.10699	1.10699	1.10696	1.10693	1.10695	1.10697	1.10695	1.10693	1.10696	1.10699	1.10697	1.10695	1.10698	1.107	1.10699	1.10698	1.10699	1.107	1.107	1.10699	1.10699	
1.13054	1.13055	1.13054	1.13054	1.13054	1.13053	1.13053	1.13053	1.13052	1.13051	1.13051	1.13052	1.1305	1.13049	1.1305	1.13051	1.13051	1.1305	1.13052	1.13054	1.13055	1.13056	1.13057	1.13058	1.13058	1.13059	1.13057	1.13054	1.13052	1.1305	1.13049	1.13048	1.13048	1.13048	1.13049	1.1305	1.13052	1.13055	1.13057	1.1306	1.1306	1.13059	1.13058	1.13057	1.13056	1.13056	1.13054	1.13051	1.13053	1.13054	1.13052	1.1305	1.13052	1.13054	1.13053	1.13051	1.13053	1.13055	1.13054	1.13053	1.13054	1.13056	1.13055	1.13054	1.13054	
1.15409	1.1541	1.15409	1.15409	1.15409	1.15408	1.15408	1.15409	1.15407	1.15406	1.15407	1.15408	1.15407	1.15406	1.15407	1.15408	1.15408	1.15408	1.1541	1.15411	1.15413	1.15414	1.15414	1.15415	1.15415	1.15416	1.15413	1.15411	1.1541	1.15409	1.15408	1.15408	1.15408	1.15408	1.15408	1.15408	1.15409	1.15411	1.15413	1.15416	1.15415	1.15415	1.15415	1.15414	1.15414	1.15413	1.15411	1.15409	1.1541	1.15411	1.15409	1.15407	1.15408	1.1541	1.15409	1.15407	1.15409	1.15411	1.15409	1.15408	1.15409	1.15411	1.1541	1.15409	1.15409	
1.17765	1.17765	1.17765	1.17765	1.17764	1.17764	1.17764	1.17764	1.17764	1.17763	1.17764	1.17764	1.17764	1.17763	1.17764	1.17765	1.17766	1.17766	1.17767	1.17768	1.17769	1.1777	1.17771	1.17771	1.17771	1.17771	1.17769	1.17768	1.17767	1.17766	1.17766	1.17766	1.17765	1.17765	1.17765	1.17765	1.17766	1.17767	1.17769	1.17771	1.17771	1.17771	1.17771	1.17771	1.1777	1.17769	1.17768	1.17766	1.17767	1.17767	1.17765	1.17764	1.17765	1.17766	1.17765	1.17763	1.17765	1.17766	1.17765	1.17764	1.17765	1.17766	1.17765	1.17765	1.17765	
1.20121	1.20121	1.20121	1.2012	1.2012	1.2012	1.2012	1.2012	1.2012	1.20119	1.2012	1.20121	1.2012	1.2012	1.20121	1.20122	1.20123	1.20123	1.20124	1.20125	1.20126	1.20127	1.20127	1.20127	1.20127	1.20127	1.20126	1.20124	1.20123	1.20122	1.20123	1.20123	1.20122	1.20122	1.20122	1.20122	1.20122	1.20123	1.20124	1.20126	1.20126	1.20126	1.20127	1.20127	1.20126	1.20126	1.20125	1.20124	1.20124	1.20124	1.20122	1.20121	1.20122	1.20123	1.20121	1.2012	1.20121	1.20122	1.20121	1.2012	1.20121	1.20122	1.20121	1.2012	1.20121	
1.22477	1.22477	1.22477	1.22477	1.22476	1.22476	1.22477	1.22477	1.22476	1.22476	1.22477	1.22477	1.22477	1.22477	1.22478	1.22479	1.2248	1.2248	1.22481	1.22482	1.22483	1.22484	1.22483	1.22483	1.22483	1.22483	1.22482	1.22481	1.2248	1.22479	1.2248	1.2248	1.22479	1.22479	1.22479	1.22479	1.22479	1.22479	1.22481	1.22482	1.22482	1.22482	1.22483	1.22483	1.22483	1.22482	1.22481	1.2248	1.2248	1.2248	1.22479	1.22478	1.22478	1.22479	1.22478	1.22476	1.22477	1.22478	1.22477	1.22476	1.22477	1.22478	1.22477	1.22476	1.22477	
1.24833	1.24833	1.24833	1.24833	1.24833	1.24833	1.24833	1.24833	1.24833	1.24833	1.24834	1.24834	1.24834	1.24835	1.24835	1.24836	1.24837	1.24838	1.24838	1.24838	1.24839	1.2484	1.2484	1.24839	1.24839	1.24839	1.24838	1.24838	1.24837	1.24836	1.24837	1.24837	1.24837	1.24836	1.24836	1.24837	1.24836	1.24836	1.24837	1.24839	1.24838	1.24838	1.24839	1.2484	1.24839	1.24838	1.24838	1.24837	1.24837	1.24837	1.24836	1.24835	1.24835	1.24835	1.24834	1.24833	1.24834	1.24834	1.24833	1.24832	1.24833	1.24834	1.24833	1.24832	1.24833	
1.27189	1.27189	1.27189	1.27189	1.27189	1.27189	1.27189	1.27189	1.2719	1.2719	1.2719	1.27191	1.27191	1.27191	1.27192	1.27192	1.27193	1.27194	1.27194	1.27194	1.27195	1.27196	1.27196	1.27195	1.27195	1.27195	1.27194	1.27194	1.27193	1.27193	1.27193	1.27194	1.27193	1.27192	1.27192	1.27193	1.27192	1.27192	1.27193	1.27194	1.27194	1.27194	1.27195	1.27195	1.27195	1.27194	1.27194	1.27194	1.27193	1.27193	1.27192	1.27191	1.27191	1.27191	1.2719	1.2719	1.2719	1.27191	1.2719	1.27189	1.27189	1.2719	1.27189	1.27189	1.27189	
1.29545	1.29546	1.29545	1.29545	1.29545	1.29546	1.29546	1.29546	1.29546	1.29546	1.29547	1.29547	1.29547	1.29548	1.29548	1.29549	1.2955	1.2955	1.2955	1.29551	1.29551	1.29552	1.29551	1.29551	1.29551	1.29551	1.2955	1.2955	1.2955	1.29549	1.29549	1.2955	1.29549	1.29548	1.29549	1.29549	1.29549	1.29548	1.29549	1.2955	1.2955	1.2955	1.2955	1.29551	1.2955	1.2955	1.2955	1.2955	1.29549	1.29549	1.29548	1.29548	1.29548	1.29548	1.29547	1.29546	1.29546	1.29547	1.29546	1.29545	1.29546	1.29546	1.29546	1.29545	1.29545	
1.31902	1.31902	1.31902	1.31902	1.31902	1.31902	1.31902	1.31902	1.31903	1.31903	1.31903	1.31903	1.31904	1.31904	1.31905	1.31905	1.31906	1.31906	1.31907	1.31907	1.31907	1.31908	1.31907	1.31907	1.31907	1.31907	1.31906	1.31906	1.31906	1.31905	1.31906	1.31906	1.31905	1.31905	1.31905	1.31906	1.31905	1.31905	1.31905	1.31906	1.31906	1.31906	1.31906	1.31907	1.31906	1.31906	1.31906	1.31906	1.31905	1.31905	1.31905	1.31904	1.31904	1.31904	1.31903	1.31903	1.31903	1.31903	1.31902	1.31902	1.31902	1.31902	1.31902	1.31901	1.31902	
1.34258	1.34258	1.34258	1.34258	1.34258	1.34259	1.34259	1.34259	1.34259	1.34259	1.3426	1.3426	1.3426	1.34261	1.34261	1.34261	1.34262	1.34263	1.34263	1.34263	1.34263	1.34263	1.34263	1.34263	1.34263	1.34263	1.34262	1.34262	1.34262	1.34261	1.34262	1.34262	1.34262	1.34261	1.34261	1.34262	1.34261	1.34261	1.34262	1.34262	1.34262	1.34262	1.34262	1.34263	1.34262	1.34262	1.34262	1.34262	1.34262	1.34261	1.34261	1.3426	1.3426	1.3426	1.3426	1.34259	1.34259	1.34259	1.34259	1.34258	1.34258	1.34259	1.34258	1.34258	1.34258	
1.36614	1.36615	1.36614	1.36614	1.36615	1.36615	1.36615	1.36615	1.36615	1.36616	1.36616	1.36616	1.36616	1.36617	1.36617	1.36617	1.36618	1.36618	1.36618	1.36618	1.36619	1.36619	1.36619	1.36618	1.36618	1.36618	1.36618	1.36618	1.36618	1.36617	1.36618	1.36618	1.36617	1.36617	1.36617	1.36618	1.36617	1.36617	1.36617	1.36618	1.36618	1.36617	1.36618	1.36618	1.36618	1.36617	1.36618	1.36618	1.36617	1.36617	1.36617	1.36616	1.36616	1.36616	1.36616	1.36615	1.36615	1.36615	1.36615	1.36614	1.36615	1.36615	1.36614	1.36614	1.36614	
1.38971	1.38971	1.38971	1.38971	1.38971	1.38971	1.38971	1.38971	1.38971	1.38972	1.38972	1.38972	1.38972	1.38973	1.38973	1.38973	1.38973	1.38974	1.38974	1.38974	1.38974	1.38974	1.38974	1.38974	1.38974	1.38974	1.38974	1.38974	1.38973	1.38973	1.38973	1.38974	1.38973	1.38973	1.38973	1.38973	1.38973	1.38973	1.38973	1.38974	1.38973	1.38973	1.38973	1.38974	1.38974	1.38973	1.38973	1.38973	1.38973	1.38973	1.38973	1.38972	1.38972	1.38972	1.38972	1.38971	1.38971	1.38971	1.38971	1.38971	1.38971	1.38971	1.38971	1.3897	1.38971	
1.41327	1.41327	1.41327	1.41327	1.41327	1.41327	1.41327	1.41327	1.41327	1.41328	1.41328	1.41328	1.41328	1.41329	1.41329	1.41329	1.41329	1.4133	1.41329	1.41329	1.4133	1.4133	1.4133	1.4133	1.4133	1.41329	1.41329	1.41329	1.41329	1.41329	1.41329	1.41329	1.41329	1.41329	1.41329	1.41329	1.41329	1.41329	1.41329	1.41329	1.41329	1.41329	1.41329	1.41329	1.41329	1.41329	1.41329	1.41329	1.41329	1.41328	1.41328	1.41328	1.41328	1.41328	1.41328	1.41328	1.41327	1.41327	1.41327	1.41327	1.41327	1.41327	1.41327	1.41327	1.41327	
1.43683	1.43683	1.43683	1.43683	1.43683	1.43683	1.43683	1.43683	1.43684	1.43684	1.43684	1.43684	1.43684	1.43685	1.43685	1.43684	1.43685	1.43685	1.43685	1.43685	1.43685	1.43685	1.43685	1.43685	1.43685	1.43685	1.43685	1.43685	1.43685	1.43685	1.43685	1.43685	1.43685	1.43684	1.43685	1.43685	1.43685	1.43684	1.43685	1.43685	1.43685	1.43685	1.43685	1.43685	1.43685	1.43685	1.43685	1.43685	1.43685	1.43684	1.43684	1.43684	1.43684	1.43684	1.43684	1.43684	1.43684	1.43683	1.43683	1.43683	1.43683	1.43683	1.43683	1.43683	1.43683	
1.46039	1.46039	1.46039	1.46039	1.46039	1.46039	1.46039	1.46039	1.46039	1.4604	1.4604	1.4604	1.4604	1.4604	1.4604	1.4604	1.4604	1.46041	1.4604	1.4604	1.46041	1.46041	1.46041	1.46041	1.4604	1.4604	1.4604	1.4604	1.4604	1.4604	1.4604	1.4604	1.4604	1.4604	1.4604	1.4604	1.4604	1.4604	1.4604	1.4604	1.4604	1.4604	1.4604	1.4604	1.4604	1.4604	1.4604	1.4604	1.4604	1.4604	1.4604	1.4604	1.4604	1.4604	1.4604	1.46039	1.46039	1.46039	1.46039	1.46039	1.46039	1.46039	1.46039	1.46039	1.46039	
1.48395	1.48395	1.48395	1.48395	1.48395	1.48395	1.48395	1.48395	1.48395	1.48395	1.48395	1.48395	1.48396	1.48396	1.48396	1.48396	1.48396	1.48396	1.48396	1.48396	1.48396	1.48396	1.48396	1.48396	1.48396	1.48396	1.48396	1.48396	1.48396	1.48396	1.48396	1.48396	1.48396	1.48396	1.48396	1.48396	1.48396	1.48396	1.48396	1.48396	1.48396	1.48396	1.48396	1.48396	1.48396	1.48396	1.48396	1.48396	1.48396	1.48396	1.48396	1.48396	1.48396	1.48395	1.48395	1.48395	1.48395	1.48395	1.48395	1.48395	1.48395	1.48395	1.48395	1.48395	1.48395	
1.50751	1.50751	1.50751	1.50751	1.50751	1.50751	1.50751	1.50751	1.50751	1.50751	1.50751	1.50751	1.50751	1.50751	1.50751	1.50751	1.50751	1.50751	1.50751	1.50751	1.50751	1.50751	1.50751	1.50751	1.50751	1.50751	1.50751	1.50751	1.50751	1.50751	1.50751	1.50751	1.50751	1.50751	1.50751	1.50751	1.50751	1.50751	1.50751	1.50751	1.50751	1.50751	1.50751	1.50751	1.50751	1.50751	1.50751	1.50751	1.50751	1.50751	1.50751	1.50751	1.50751	1.50751	1.50751	1.50751	1.50751	1.50751	1.50751	1.50751	1.50751	1.50751	1.50751	1.50751	1.50751	
