x=200	y=200	z=100	n=65	len=1
b
0	0.02358	0.047157	0.0707339	0.0943089	0.117884	0.141448	0.165013	0.188565	0.212117	0.235641	0.259166	0.28266	0.306155	0.329602	0.353049	0.376462	0.399875	0.423268	0.446661	0.470122	0.493583	0.517223	0.540863	0.5649	0.588938	0.613521	0.638103	0.663326	0.688548	0.712942	0.737336	0.75829	0.779244	0.798619	0.817994	0.841521	0.865047	0.890238	0.915429	0.940279	0.965129	0.989392	1.01365	1.0374	1.06115	1.08464	1.10812	1.1315	1.15488	1.17826	1.20165	1.22507	1.2485	1.27198	1.29546	1.31898	1.3425	1.36606	1.38961	1.41319	1.43676	1.46034	1.48393	1.50751	
0	0.0235762	0.0471493	0.0707224	0.0942924	0.117862	0.141421	0.164979	0.188524	0.212069	0.235587	0.259105	0.282595	0.306084	0.329535	0.352985	0.376413	0.399842	0.423272	0.446701	0.470214	0.493727	0.517423	0.541118	0.56514	0.589162	0.613564	0.637965	0.662615	0.687265	0.711219	0.735174	0.756811	0.778449	0.799354	0.82026	0.843518	0.866777	0.891314	0.915851	0.940393	0.964935	0.989138	1.01334	1.03715	1.06095	1.0845	1.10806	1.13149	1.15491	1.17832	1.20173	1.22516	1.24859	1.27207	1.29554	1.31906	1.34257	1.36611	1.38966	1.41322	1.43678	1.46036	1.48394	1.50751	
0	0.0235726	0.0471422	0.0707119	0.0942782	0.117845	0.1414	0.164956	0.188498	0.212041	0.23556	0.259079	0.282575	0.30607	0.329535	0.353001	0.376454	0.399908	0.423375	0.446842	0.470393	0.493945	0.517664	0.541382	0.565373	0.589364	0.61364	0.637916	0.6623	0.686685	0.710468	0.734252	0.756237	0.778222	0.799665	0.821108	0.844326	0.867543	0.891797	0.91605	0.940416	0.964781	0.988919	1.01306	1.03688	1.06069	1.08429	1.10789	1.13136	1.15484	1.17828	1.20172	1.22517	1.24862	1.2721	1.29558	1.3191	1.34261	1.36615	1.38969	1.41325	1.4368	1.46037	1.48394	1.50751	
0	0.023569	0.0471352	0.0707013	0.094264	0.117827	0.141379	0.164932	0.188472	0.212013	0.235533	0.259053	0.282555	0.306056	0.329536	0.353017	0.376496	0.399974	0.423479	0.446983	0.470573	0.494162	0.517904	0.541647	0.565606	0.589565	0.613716	0.637867	0.661986	0.686105	0.709717	0.73333	0.755662	0.777994	0.799976	0.821957	0.845133	0.86831	0.89228	0.91625	0.940439	0.964627	0.9887	1.01277	1.03661	1.06044	1.08408	1.10772	1.13124	1.15476	1.17824	1.20171	1.22518	1.24865	1.27214	1.29563	1.31914	1.34265	1.36618	1.38972	1.41327	1.43682	1.46039	1.48395	1.50751	
0	0.0235639	0.0471252	0.0706865	0.0942443	0.117802	0.141351	0.164899	0.188437	0.211974	0.235495	0.259016	0.282522	0.306028	0.32952	0.353011	0.376507	0.400003	0.423529	0.447055	0.470658	0.494262	0.517998	0.541734	0.565639	0.589544	0.613588	0.637631	0.66161	0.685589	0.709143	0.732697	0.755284	0.77787	0.800192	0.822514	0.845714	0.868915	0.892748	0.916581	0.940637	0.964692	0.988686	1.01268	1.0365	1.06031	1.08397	1.10763	1.13118	1.15472	1.17822	1.20172	1.2252	1.24868	1.27218	1.29567	1.31918	1.34269	1.36623	1.38976	1.4133	1.43685	1.4604	1.48396	1.50751	
0	0.0235588	0.0471152	0.0706716	0.0942245	0.117777	0.141322	0.164866	0.188401	0.211936	0.235457	0.258979	0.282489	0.306	0.329503	0.353006	0.376519	0.400032	0.423579	0.447126	0.470744	0.494362	0.518092	0.541822	0.565673	0.589524	0.613459	0.637395	0.661234	0.685073	0.708569	0.732064	0.754905	0.777746	0.800408	0.823071	0.846295	0.86952	0.893216	0.916913	0.940835	0.964756	0.988672	1.01259	1.03639	1.06019	1.08386	1.10754	1.13111	1.15468	1.1782	1.20172	1.22522	1.24872	1.27222	1.29572	1.31923	1.34274	1.36627	1.38979	1.41333	1.43687	1.46042	1.48396	1.50751	
0	0.0235558	0.0471095	0.0706633	0.094214	0.117765	0.141308	0.164852	0.188388	0.211924	0.23545	0.258976	0.282495	0.306015	0.329532	0.353049	0.376579	0.400109	0.423673	0.447237	0.470862	0.494487	0.518205	0.541923	0.565732	0.589541	0.613405	0.637269	0.661031	0.684793	0.708271	0.731748	0.754711	0.777673	0.800494	0.823315	0.846571	0.869827	0.893463	0.917099	0.940943	0.964787	0.988647	1.01251	1.03629	1.06007	1.08374	1.10742	1.13101	1.1546	1.17814	1.20168	1.22519	1.2487	1.27221	1.29572	1.31924	1.34275	1.36628	1.38981	1.41334	1.43688	1.46042	1.48397	1.50751	
0	0.0235528	0.0471039	0.070655	0.0942034	0.117752	0.141295	0.164838	0.188375	0.211912	0.235443	0.258974	0.282502	0.306029	0.329561	0.353092	0.376639	0.400185	0.423766	0.447347	0.47098	0.494613	0.518319	0.542025	0.565792	0.589559	0.613351	0.637143	0.660829	0.684514	0.707973	0.731432	0.754516	0.7776	0.80058	0.82356	0.846847	0.870134	0.893709	0.917285	0.941051	0.964817	0.988622	1.01243	1.03619	1.05994	1.08362	1.1073	1.13091	1.15452	1.17808	1.20163	1.22516	1.24869	1.27221	1.29573	1.31925	1.34277	1.3663	1.38982	1.41336	1.43689	1.46043	1.48397	1.50751	
0	0.0235483	0.0470953	0.0706422	0.0941871	0.117732	0.141273	0.164813	0.18835	0.211888	0.235421	0.258955	0.28249	0.306024	0.329566	0.353108	0.376667	0.400226	0.423816	0.447407	0.471038	0.49467	0.518356	0.542042	0.565767	0.589491	0.613226	0.636961	0.660608	0.684255	0.707727	0.7312	0.754388	0.777577	0.800675	0.823774	0.84709	0.870406	0.893947	0.917487	0.941193	0.9649	0.988657	1.01241	1.03615	1.05988	1.08356	1.10724	1.13085	1.15447	1.17804	1.20161	1.22515	1.24869	1.27222	1.29574	1.31927	1.34279	1.36632	1.38984	1.41337	1.43691	1.46044	1.48398	1.50751	
0	0.0235438	0.0470867	0.0706295	0.0941708	0.117712	0.141251	0.164789	0.188326	0.211863	0.2354	0.258937	0.282478	0.306019	0.329572	0.353124	0.376695	0.400266	0.423866	0.447466	0.471097	0.494727	0.518394	0.54206	0.565741	0.589422	0.613101	0.636779	0.660387	0.683996	0.707482	0.730968	0.754261	0.777554	0.800771	0.823988	0.847333	0.870679	0.894184	0.917689	0.941336	0.964983	0.988691	1.0124	1.03611	1.05983	1.0835	1.10717	1.1308	1.15443	1.17801	1.20159	1.22514	1.24869	1.27222	1.29576	1.31928	1.34281	1.36634	1.38986	1.41339	1.43692	1.46045	1.48398	1.50751	
0	0.0235423	0.0470839	0.0706255	0.0941659	0.117706	0.141245	0.164784	0.188323	0.211862	0.235403	0.258944	0.282492	0.30604	0.329601	0.353162	0.376741	0.400321	0.423927	0.447533	0.471162	0.494791	0.518444	0.542097	0.56575	0.589403	0.613046	0.636688	0.660268	0.683849	0.707338	0.730827	0.754171	0.777516	0.800795	0.824075	0.847446	0.870818	0.894312	0.917806	0.941422	0.965038	0.988716	1.01239	1.03609	1.05978	1.08345	1.10711	1.13074	1.15437	1.17796	1.20155	1.22511	1.24866	1.2722	1.29574	1.31928	1.34281	1.36634	1.38986	1.41339	1.43692	1.46045	1.48398	1.50751	
0	0.0235407	0.0470811	0.0706214	0.0941611	0.117701	0.14124	0.16478	0.188321	0.211861	0.235407	0.258952	0.282506	0.30606	0.32963	0.3532	0.376788	0.400376	0.423988	0.447601	0.471228	0.494856	0.518494	0.542133	0.565759	0.589385	0.61299	0.636596	0.660149	0.683702	0.707194	0.730686	0.754082	0.777478	0.80082	0.824162	0.84756	0.870957	0.89444	0.917923	0.941508	0.965094	0.988742	1.01239	1.03606	1.05974	1.08339	1.10705	1.13068	1.15431	1.17791	1.2015	1.22507	1.24864	1.27219	1.29573	1.31927	1.3428	1.36633	1.38987	1.41339	1.43692	1.46045	1.48398	1.50751	
0	0.0235378	0.0470756	0.0706133	0.0941508	0.117688	0.141227	0.164765	0.188306	0.211847	0.235395	0.258942	0.282501	0.30606	0.329636	0.353213	0.376809	0.400405	0.424023	0.447642	0.471268	0.494894	0.518518	0.542141	0.565735	0.589329	0.612894	0.63646	0.659995	0.68353	0.707049	0.730568	0.754032	0.777496	0.800897	0.824298	0.847704	0.87111	0.894572	0.918034	0.941588	0.965142	0.988765	1.01239	1.03605	1.05971	1.08336	1.10702	1.13065	1.15428	1.17788	1.20148	1.22506	1.24863	1.27218	1.29573	1.31927	1.34281	1.36634	1.38987	1.4134	1.43693	1.46046	1.48398	1.50751	
0	0.0235349	0.0470701	0.0706052	0.0941405	0.117676	0.141213	0.16475	0.188291	0.211832	0.235382	0.258933	0.282496	0.306059	0.329642	0.353226	0.37683	0.400434	0.424058	0.447683	0.471308	0.494933	0.518541	0.542149	0.565711	0.589272	0.612798	0.636324	0.659841	0.683357	0.706903	0.730449	0.753982	0.777514	0.800974	0.824433	0.847849	0.871264	0.894705	0.918146	0.941668	0.96519	0.988789	1.01239	1.03603	1.05968	1.08333	1.10698	1.13062	1.15425	1.17786	1.20146	1.22504	1.24862	1.27218	1.29573	1.31927	1.34281	1.36635	1.38988	1.41341	1.43693	1.46046	1.48399	1.50751	
0	0.0235349	0.0470701	0.0706054	0.094141	0.117677	0.141215	0.164753	0.188295	0.211838	0.235389	0.258941	0.282507	0.306073	0.329659	0.353245	0.376852	0.40046	0.424086	0.447712	0.471337	0.494962	0.518565	0.542168	0.565718	0.589268	0.612775	0.636283	0.65978	0.683278	0.706821	0.730365	0.753922	0.77748	0.800971	0.824462	0.847895	0.871329	0.89477	0.918212	0.941724	0.965236	0.988822	1.01241	1.03604	1.05968	1.08332	1.10696	1.1306	1.15423	1.17783	1.20144	1.22502	1.2486	1.27215	1.29571	1.31926	1.3428	1.36634	1.38987	1.4134	1.43693	1.46046	1.48399	1.50751	
0	0.0235349	0.0470702	0.0706055	0.0941415	0.117677	0.141216	0.164755	0.188299	0.211843	0.235396	0.25895	0.282518	0.306086	0.329676	0.353265	0.376875	0.400485	0.424113	0.447742	0.471366	0.494991	0.518589	0.542187	0.565726	0.589264	0.612753	0.636241	0.65972	0.683199	0.70674	0.730281	0.753863	0.777446	0.800969	0.824492	0.847942	0.871393	0.894835	0.918277	0.941779	0.965282	0.988854	1.01243	1.03605	1.05967	1.08331	1.10694	1.13057	1.1542	1.1778	1.20141	1.22499	1.24857	1.27213	1.29569	1.31924	1.34279	1.36632	1.38986	1.41339	1.43693	1.46046	1.48398	1.50751	
0	0.0235338	0.0470682	0.0706027	0.0941378	0.117673	0.141211	0.16475	0.188293	0.211837	0.235391	0.258945	0.282513	0.306082	0.329673	0.353263	0.376877	0.40049	0.424123	0.447756	0.471387	0.495018	0.518616	0.542213	0.565731	0.589249	0.612695	0.63614	0.659585	0.68303	0.706604	0.730178	0.753844	0.777509	0.801071	0.824633	0.848061	0.871489	0.894903	0.918317	0.941803	0.965288	0.988857	1.01243	1.03605	1.05967	1.0833	1.10694	1.13057	1.15419	1.1778	1.2014	1.22498	1.24856	1.27212	1.29569	1.31923	1.34278	1.36632	1.38986	1.41339	1.43692	1.46045	1.48398	1.50751	
0	0.0235327	0.0470663	0.0705998	0.0941341	0.117668	0.141206	0.164744	0.188288	0.211831	0.235385	0.258939	0.282509	0.306078	0.32967	0.353262	0.376878	0.400494	0.424133	0.447771	0.471408	0.495045	0.518642	0.542239	0.565737	0.589235	0.612636	0.636038	0.65945	0.682862	0.706469	0.730076	0.753824	0.777573	0.801174	0.824775	0.84818	0.871586	0.894972	0.918357	0.941826	0.965295	0.988861	1.01243	1.03605	1.05967	1.0833	1.10693	1.13056	1.15418	1.17779	1.20139	1.22497	1.24855	1.27212	1.29568	1.31923	1.34278	1.36632	1.38986	1.41339	1.43692	1.46045	1.48398	1.50751	
0	0.0235339	0.0470687	0.0706034	0.094139	0.117675	0.141214	0.164753	0.188297	0.211841	0.235395	0.258949	0.282517	0.306085	0.329675	0.353265	0.376878	0.400491	0.424128	0.447765	0.471403	0.495042	0.518646	0.542249	0.565755	0.589262	0.612662	0.636062	0.659449	0.682835	0.706419	0.730002	0.753762	0.777521	0.801147	0.824772	0.848192	0.871611	0.895001	0.91839	0.941861	0.965332	0.988894	1.01246	1.03607	1.05969	1.08331	1.10694	1.13056	1.15417	1.17777	1.20137	1.22495	1.24853	1.2721	1.29566	1.31921	1.34276	1.3663	1.38984	1.41338	1.43692	1.46045	1.48398	1.50751	
0	0.0235352	0.0470711	0.0706071	0.0941438	0.117681	0.141221	0.164761	0.188305	0.21185	0.235404	0.258958	0.282525	0.306092	0.32968	0.353267	0.376878	0.400489	0.424123	0.447758	0.471399	0.495039	0.518649	0.542259	0.565774	0.589288	0.612688	0.636087	0.659447	0.682808	0.706368	0.729928	0.753699	0.77747	0.80112	0.824769	0.848203	0.871637	0.89503	0.918424	0.941896	0.965368	0.988928	1.01249	1.0361	1.0597	1.08332	1.10694	1.13055	1.15416	1.17776	1.20135	1.22493	1.24851	1.27208	1.29564	1.31919	1.34274	1.36629	1.38983	1.41337	1.43691	1.46044	1.48398	1.50751	
0	0.0235356	0.0470721	0.0706087	0.0941459	0.117683	0.141224	0.164765	0.188309	0.211854	0.235408	0.258961	0.282526	0.306091	0.329675	0.353258	0.376863	0.400469	0.4241	0.447732	0.47138	0.495027	0.518657	0.542287	0.565815	0.589343	0.612694	0.636046	0.659313	0.682581	0.706178	0.729775	0.753698	0.777621	0.801295	0.824969	0.848312	0.871656	0.895024	0.918393	0.94188	0.965367	0.988941	1.01252	1.03612	1.05973	1.08334	1.10696	1.13056	1.15417	1.17776	1.20135	1.22492	1.2485	1.27206	1.29563	1.31918	1.34273	1.36628	1.38982	1.41336	1.4369	1.46044	1.48398	1.50751	
0	0.023536	0.0470731	0.0706102	0.094148	0.117686	0.141227	0.164768	0.188313	0.211858	0.235411	0.258965	0.282527	0.30609	0.329669	0.353249	0.376849	0.400449	0.424077	0.447706	0.47136	0.495015	0.518665	0.542315	0.565856	0.589397	0.612701	0.636005	0.659179	0.682354	0.705987	0.729621	0.753697	0.777772	0.80147	0.825168	0.848421	0.871674	0.895018	0.918362	0.941864	0.965366	0.988955	1.01254	1.03615	1.05976	1.08337	1.10697	1.13057	1.15417	1.17775	1.20134	1.22491	1.24849	1.27205	1.29561	1.31917	1.34272	1.36627	1.38981	1.41336	1.4369	1.46044	1.48397	1.50751	
0	0.0235378	0.0470767	0.0706155	0.0941551	0.117695	0.141238	0.16478	0.188327	0.211873	0.235426	0.258979	0.28254	0.306101	0.329675	0.35325	0.376842	0.400435	0.424053	0.447671	0.47132	0.494968	0.518623	0.542277	0.565855	0.589434	0.612785	0.636136	0.659278	0.682419	0.705976	0.729534	0.753604	0.777675	0.801401	0.825127	0.848401	0.871675	0.895028	0.918381	0.941897	0.965413	0.989001	1.01259	1.03619	1.05979	1.08338	1.10698	1.13057	1.15416	1.17774	1.20132	1.22489	1.24847	1.27203	1.29559	1.31915	1.34271	1.36625	1.3898	1.41335	1.43689	1.46043	1.48397	1.50751	
0	0.0235397	0.0470803	0.0706208	0.0941622	0.117704	0.141248	0.164792	0.18834	0.211887	0.23544	0.258993	0.282552	0.306112	0.329681	0.353251	0.376836	0.40042	0.424029	0.447637	0.471279	0.494921	0.51858	0.54224	0.565855	0.58947	0.612869	0.636268	0.659376	0.682484	0.705965	0.729447	0.753512	0.777577	0.801332	0.825087	0.848381	0.871675	0.895037	0.918399	0.94193	0.96546	0.989048	1.01263	1.03622	1.05981	1.0834	1.10698	1.13057	1.15415	1.17773	1.2013	1.22488	1.24845	1.27201	1.29557	1.31913	1.34269	1.36624	1.38979	1.41334	1.43688	1.46043	1.48397	1.50751	
0	0.0235407	0.0470825	0.0706243	0.0941668	0.117709	0.141255	0.164801	0.18835	0.211898	0.235453	0.259007	0.282567	0.306126	0.329694	0.353262	0.376839	0.400416	0.424009	0.447601	0.47122	0.494839	0.51849	0.542141	0.565853	0.589565	0.612988	0.636412	0.659254	0.682096	0.705614	0.729131	0.753517	0.777904	0.801663	0.825423	0.848459	0.871496	0.894934	0.918372	0.941982	0.965592	0.989146	1.0127	1.03627	1.05984	1.0834	1.10697	1.13055	1.15413	1.17771	1.20129	1.22486	1.24843	1.272	1.29556	1.31912	1.34268	1.36623	1.38978	1.41333	1.43688	1.46042	1.48397	1.50751	
0	0.0235418	0.0470847	0.0706277	0.0941714	0.117715	0.141262	0.16481	0.18836	0.21191	0.235465	0.259021	0.282581	0.306141	0.329707	0.353274	0.376843	0.400412	0.423989	0.447565	0.471161	0.494757	0.5184	0.542042	0.565851	0.589659	0.613108	0.636556	0.659133	0.681709	0.705262	0.728815	0.753523	0.778231	0.801995	0.825759	0.848538	0.871318	0.894831	0.918345	0.942034	0.965723	0.989244	1.01276	1.03631	1.05986	1.08341	1.10697	1.13054	1.15412	1.17769	1.20127	1.22484	1.24842	1.27198	1.29555	1.31911	1.34267	1.36622	1.38977	1.41332	1.43687	1.46042	1.48397	1.50751	
0	0.0235433	0.0470878	0.0706322	0.0941775	0.117723	0.141271	0.16482	0.188372	0.211923	0.23548	0.259038	0.282599	0.30616	0.329727	0.353294	0.37686	0.400427	0.423992	0.447557	0.471133	0.494708	0.518315	0.541922	0.565708	0.589494	0.613104	0.636714	0.659553	0.682392	0.705304	0.728216	0.753336	0.778455	0.801954	0.825453	0.848351	0.871249	0.894874	0.9185	0.942144	0.965789	0.989287	1.01278	1.03631	1.05984	1.08339	1.10695	1.13052	1.1541	1.17768	1.20125	1.22483	1.2484	1.27197	1.29553	1.31909	1.34265	1.36621	1.38976	1.41331	1.43687	1.46042	1.48396	1.50751	
0	0.0235449	0.0470908	0.0706368	0.0941836	0.11773	0.14128	0.16483	0.188384	0.211937	0.235495	0.259054	0.282617	0.30618	0.329747	0.353314	0.376878	0.400441	0.423995	0.447549	0.471104	0.49466	0.518231	0.541801	0.565565	0.589328	0.6131	0.636871	0.659973	0.683075	0.705346	0.727617	0.753149	0.77868	0.801914	0.825147	0.848164	0.87118	0.894917	0.918655	0.942255	0.965854	0.989329	1.0128	1.03631	1.05982	1.08337	1.10693	1.1305	1.15408	1.17766	1.20123	1.22481	1.24838	1.27195	1.29551	1.31908	1.34264	1.3662	1.38975	1.41331	1.43686	1.46041	1.48396	1.50751	
0	0.0235459	0.0470928	0.0706396	0.0941874	0.117735	0.141286	0.164837	0.188391	0.211945	0.235505	0.259065	0.282629	0.306194	0.329766	0.353339	0.376909	0.400479	0.424045	0.44761	0.471148	0.494685	0.518224	0.541763	0.565374	0.588985	0.612966	0.636948	0.660185	0.683422	0.70543	0.727437	0.753254	0.779072	0.801913	0.824754	0.848193	0.871633	0.895261	0.91889	0.942338	0.965787	0.989247	1.01271	1.03623	1.05976	1.08333	1.1069	1.13048	1.15407	1.17765	1.20123	1.2248	1.24838	1.27194	1.29551	1.31907	1.34263	1.36619	1.38975	1.4133	1.43686	1.46041	1.48396	1.50751	
0	0.0235469	0.0470947	0.0706425	0.0941912	0.11774	0.141292	0.164843	0.188398	0.211953	0.235514	0.259075	0.282642	0.306208	0.329785	0.353363	0.37694	0.400517	0.424095	0.447672	0.471191	0.49471	0.518218	0.541725	0.565183	0.588641	0.612832	0.637024	0.660397	0.683769	0.705513	0.727028	0.752883	0.779727	0.802279	0.824291	0.848133	0.872086	0.895605	0.919124	0.942422	0.965719	0.989165	1.01261	1.03616	1.0597	1.08328	1.10687	1.13047	1.15406	1.17764	1.20122	1.2248	1.24837	1.27194	1.2955	1.31907	1.34263	1.36619	1.38974	1.4133	1.43685	1.46041	1.48396	1.50751	
0	0.0235481	0.0470971	0.070646	0.0941955	0.117745	0.141297	0.164849	0.188404	0.211958	0.235518	0.259078	0.282643	0.306208	0.329787	0.353366	0.376954	0.400543	0.424148	0.447753	0.471305	0.494858	0.518399	0.54194	0.565288	0.588636	0.61256	0.636483	0.660175	0.683867	0.70506	0.726179	0.752636	0.779932	0.802151	0.824018	0.848128	0.872373	0.89568	0.918986	0.94222	0.965453	0.98894	1.01243	1.03603	1.05964	1.08326	1.10688	1.13048	1.15407	1.17765	1.20122	1.2248	1.24837	1.27193	1.29549	1.31906	1.34262	1.36618	1.38973	1.41329	1.43685	1.4604	1.48396	1.50751	
0	0.0235493	0.0470994	0.0706495	0.0941999	0.11775	0.141303	0.164855	0.188409	0.211963	0.235522	0.25908	0.282644	0.306209	0.329789	0.353369	0.376969	0.400569	0.424201	0.447834	0.47142	0.495006	0.518581	0.542156	0.565394	0.588631	0.612287	0.635942	0.659953	0.683723	0.704616	0.724324	0.751893	0.783195	0.802467	0.824525	0.84888	0.872659	0.895754	0.918849	0.942018	0.965187	0.988714	1.01224	1.03591	1.05958	1.08323	1.10689	1.13049	1.15409	1.17766	1.20123	1.22479	1.24836	1.27192	1.29549	1.31905	1.34261	1.36617	1.38973	1.41329	1.43684	1.4604	1.48396	1.50751	
0	0.0235502	0.0471009	0.0706517	0.0942028	0.117754	0.141307	0.16486	0.188414	0.211968	0.235527	0.259085	0.28265	0.306214	0.329794	0.353375	0.376978	0.400581	0.424218	0.447854	0.471464	0.495074	0.518591	0.542107	0.565328	0.588549	0.612073	0.635598	0.659739	0.682848	0.70515	0.717775	0.748968	0.792217	0.802214	0.825171	0.849855	0.873058	0.895979	0.9189	0.941975	0.965051	0.988622	1.01219	1.03589	1.05958	1.08324	1.10689	1.13049	1.1541	1.17767	1.20124	1.2248	1.24837	1.27192	1.29548	1.31904	1.34261	1.36616	1.38972	1.41328	1.43684	1.4604	1.48396	1.50751	
0	0.023551	0.0471024	0.0706539	0.0942057	0.117757	0.141311	0.164864	0.188419	0.211973	0.235532	0.25909	0.282655	0.30622	0.3298	0.35338	0.376987	0.400594	0.424234	0.447875	0.471508	0.495142	0.5186	0.542059	0.565262	0.588466	0.61186	0.635254	0.659524	0.683173	0.706176	0.729665	0.731654	0.782691	0.801908	0.825511	0.849444	0.873457	0.896204	0.91895	0.941933	0.964916	0.98853	1.01214	1.03587	1.05959	1.08324	1.10689	1.1305	1.15411	1.17768	1.20125	1.22481	1.24837	1.27193	1.29548	1.31904	1.3426	1.36616	1.38972	1.41328	1.43684	1.4604	1.48395	1.50751	
0	0.0235521	0.0471048	0.0706575	0.0942106	0.117764	0.141319	0.164874	0.188431	0.211987	0.235549	0.25911	0.282677	0.306243	0.329821	0.353399	0.376988	0.400576	0.424164	0.447751	0.471293	0.494834	0.518155	0.541476	0.564784	0.588092	0.611909	0.635726	0.65973	0.683388	0.706864	0.729776	0.734248	0.780042	0.801477	0.82573	0.848971	0.873192	0.896112	0.919032	0.942222	0.965412	0.98897	1.01253	1.03614	1.05975	1.08331	1.10687	1.13046	1.15405	1.17763	1.2012	1.22477	1.24834	1.27191	1.29547	1.31903	1.3426	1.36616	1.38972	1.41328	1.43684	1.4604	1.48395	1.50751	
0	0.0235532	0.0471072	0.0706612	0.0942156	0.11777	0.141327	0.164884	0.188443	0.212001	0.235566	0.25913	0.282699	0.306267	0.329842	0.353418	0.376988	0.400558	0.424093	0.447628	0.471077	0.494527	0.51771	0.540893	0.564305	0.587718	0.611958	0.636199	0.659935	0.68338	0.706748	0.72926	0.739621	0.769966	0.802862	0.827564	0.848851	0.872928	0.896021	0.919114	0.942511	0.965909	0.989411	1.01291	1.03641	1.05992	1.08338	1.10684	1.13042	1.154	1.17758	1.20116	1.22474	1.24832	1.27189	1.29546	1.31903	1.34259	1.36615	1.38972	1.41328	1.43684	1.4604	1.48395	1.50751	
0	0.0235539	0.0471082	0.0706625	0.0942172	0.117772	0.141328	0.164885	0.188443	0.212	0.235562	0.259123	0.282687	0.306251	0.329818	0.353385	0.376942	0.400499	0.424022	0.447545	0.470984	0.494423	0.517725	0.541028	0.56449	0.587953	0.611863	0.635773	0.659488	0.68272	0.706691	0.730449	0.742614	0.751446	0.798633	0.829682	0.849553	0.872646	0.896071	0.919496	0.942858	0.96622	0.989608	1.013	1.03649	1.05999	1.08348	1.10698	1.13053	1.15407	1.17763	1.20118	1.22475	1.24832	1.27188	1.29545	1.31902	1.34258	1.36615	1.38971	1.41327	1.43683	1.46039	1.48395	1.50751	
0	0.0235546	0.0471091	0.0706637	0.0942188	0.117774	0.14133	0.164886	0.188442	0.211999	0.235558	0.259116	0.282675	0.306235	0.329793	0.353352	0.376896	0.40044	0.423951	0.447462	0.470891	0.494319	0.517741	0.541163	0.564675	0.588188	0.611767	0.635347	0.659041	0.682113	0.706959	0.729327	0.745779	0.759734	0.784969	0.830466	0.850818	0.87238	0.896061	0.919877	0.943205	0.966532	0.989806	1.01308	1.03657	1.06007	1.08359	1.10712	1.13063	1.15415	1.17768	1.20121	1.22476	1.24832	1.27188	1.29544	1.31901	1.34257	1.36614	1.3897	1.41326	1.43683	1.46039	1.48395	1.50751	
0	0.0235547	0.0471094	0.0706642	0.0942192	0.117774	0.14133	0.164886	0.188442	0.211997	0.235555	0.259112	0.282667	0.306222	0.329778	0.353333	0.376866	0.4004	0.423908	0.447417	0.470813	0.494209	0.517585	0.540962	0.564133	0.587304	0.61073	0.634155	0.659272	0.683102	0.707468	0.728465	0.745512	0.748368	0.785533	0.827955	0.850906	0.872835	0.896574	0.920739	0.944163	0.967588	0.990488	1.01339	1.03679	1.06019	1.08369	1.10719	1.1307	1.15421	1.17773	1.20126	1.2248	1.24835	1.27191	1.29546	1.31902	1.34258	1.36615	1.38971	1.41327	1.43683	1.46039	1.48395	1.50751	
0	0.0235547	0.0471097	0.0706647	0.0942196	0.117774	0.14133	0.164886	0.188441	0.211995	0.235552	0.259108	0.282659	0.30621	0.329762	0.353314	0.376837	0.400359	0.423866	0.447372	0.470735	0.494098	0.517429	0.54076	0.56359	0.58642	0.609692	0.632963	0.659502	0.686042	0.706963	0.727545	0.743029	0.75398	0.77893	0.827242	0.849691	0.872614	0.896467	0.9216	0.945122	0.968643	0.99117	1.0137	1.03701	1.06031	1.08379	1.10727	1.13077	1.15426	1.17778	1.2013	1.22484	1.24838	1.27193	1.29549	1.31904	1.3426	1.36616	1.38972	1.41328	1.43683	1.4604	1.48396	1.50751	
0	0.023555	0.0471096	0.0706643	0.094219	0.117774	0.141328	0.164882	0.188435	0.211988	0.235538	0.259089	0.282629	0.306169	0.329697	0.353224	0.376707	0.400191	0.42363	0.447069	0.470398	0.493726	0.517085	0.540444	0.563751	0.587058	0.610813	0.634568	0.660511	0.686454	0.705738	0.726326	0.741212	0.753785	0.791168	0.802189	0.849201	0.870555	0.894424	0.919032	0.944108	0.969184	0.992109	1.01503	1.038	1.06096	1.08419	1.10743	1.13084	1.15426	1.17777	1.20129	1.22483	1.24837	1.27193	1.29549	1.31904	1.3426	1.36616	1.38972	1.41328	1.43684	1.4604	1.48396	1.50751	
0	0.0235552	0.0471096	0.070664	0.0942185	0.117773	0.141326	0.164879	0.188429	0.21198	0.235524	0.259069	0.282599	0.306128	0.329631	0.353133	0.376578	0.400022	0.423394	0.446766	0.47006	0.493354	0.516741	0.540129	0.563912	0.587696	0.611935	0.636174	0.66152	0.686865	0.704514	0.722359	0.734983	0.745565	0.761138	0.823669	0.847868	0.868427	0.892126	0.916464	0.943094	0.969725	0.993049	1.01637	1.03899	1.0616	1.08459	1.10758	1.13092	1.15426	1.17776	1.20127	1.22481	1.24836	1.27192	1.29549	1.31904	1.3426	1.36616	1.38972	1.41328	1.43684	1.4604	1.48396	1.50751	
0	0.0235536	0.0471064	0.0706592	0.0942115	0.117764	0.141314	0.164864	0.18841	0.211957	0.235496	0.259036	0.282559	0.306083	0.329584	0.353084	0.37653	0.399976	0.423371	0.446765	0.470103	0.493441	0.516959	0.540478	0.564534	0.58859	0.613112	0.637633	0.660845	0.684056	0.702629	0.719241	0.737636	0.757681	0.78274	0.823834	0.848815	0.870745	0.891746	0.914487	0.941149	0.967812	0.992433	1.01706	1.0398	1.06254	1.0854	1.10826	1.13145	1.15463	1.17805	1.20147	1.22497	1.24846	1.272	1.29554	1.31909	1.34263	1.36619	1.38974	1.41329	1.43685	1.4604	1.48396	1.50751	
0	0.023552	0.0471032	0.0706544	0.0942045	0.117754	0.141302	0.164849	0.188391	0.211933	0.235468	0.259003	0.28252	0.306038	0.329536	0.353035	0.376482	0.39993	0.423347	0.446764	0.470145	0.493527	0.517177	0.540828	0.565156	0.589484	0.614288	0.639093	0.66017	0.681247	0.700743	0.719393	0.738439	0.76903	0.785392	0.829216	0.858092	0.87569	0.893031	0.91251	0.939204	0.965898	0.991818	1.01774	1.0406	1.06347	1.08621	1.10894	1.13198	1.15501	1.17834	1.20168	1.22512	1.24856	1.27208	1.2956	1.31913	1.34266	1.36621	1.38976	1.41331	1.43686	1.46041	1.48396	1.50751	
0	0.0235518	0.0471022	0.0706526	0.0942021	0.117752	0.141297	0.164843	0.188384	0.211925	0.235459	0.258992	0.282513	0.306033	0.329538	0.353043	0.376518	0.399994	0.423452	0.446909	0.470359	0.493809	0.517425	0.541041	0.565175	0.589308	0.613961	0.638613	0.660362	0.68211	0.702693	0.721029	0.738144	0.762268	0.798095	0.840235	0.860391	0.87711	0.894096	0.910944	0.936886	0.96283	0.989584	1.01634	1.03968	1.06302	1.086	1.10897	1.13206	1.15515	1.17848	1.20181	1.22523	1.24865	1.27215	1.29565	1.31917	1.34269	1.36623	1.38978	1.41332	1.43686	1.46041	1.48397	1.50751	
0	0.0235515	0.0471011	0.0706507	0.0941997	0.117749	0.141293	0.164837	0.188378	0.211918	0.23545	0.258981	0.282505	0.306028	0.329539	0.353051	0.376554	0.400058	0.423556	0.447054	0.470572	0.49409	0.517672	0.541255	0.565193	0.589132	0.613633	0.638134	0.660553	0.682973	0.704642	0.724075	0.745052	0.776637	0.826213	0.835313	0.855916	0.879499	0.894438	0.909377	0.934569	0.959761	0.987349	1.01494	1.03876	1.06258	1.08579	1.109	1.13214	1.15528	1.17861	1.20194	1.22534	1.24873	1.27222	1.29571	1.31921	1.34272	1.36626	1.38979	1.41333	1.43687	1.46042	1.48397	1.50751	
0	0.0235504	0.0470988	0.0706472	0.0941952	0.117743	0.141287	0.16483	0.18837	0.211911	0.235444	0.258978	0.282507	0.306037	0.329564	0.35309	0.376627	0.400163	0.423731	0.447299	0.470951	0.494603	0.518399	0.542196	0.566377	0.590558	0.614924	0.639289	0.661038	0.682786	0.705844	0.727897	0.751909	0.787708	0.80271	0.825368	0.854927	0.879943	0.895124	0.910304	0.934102	0.957899	0.985547	1.01319	1.03738	1.06157	1.08511	1.10864	1.13192	1.1552	1.17858	1.20197	1.22538	1.24879	1.27227	1.29575	1.31925	1.34276	1.36629	1.38982	1.41335	1.43688	1.46043	1.48397	1.50751	
0	0.0235492	0.0470965	0.0706438	0.0941906	0.117737	0.14128	0.164823	0.188363	0.211903	0.235439	0.258974	0.28251	0.306046	0.329588	0.35313	0.376699	0.400269	0.423906	0.447543	0.471329	0.495115	0.519127	0.543138	0.567561	0.591983	0.616214	0.640445	0.661522	0.682598	0.707045	0.730381	0.752175	0.770698	0.786613	0.82195	0.856399	0.880388	0.895809	0.911231	0.933634	0.956038	0.983744	1.01145	1.03601	1.06056	1.08442	1.10828	1.1317	1.15511	1.17856	1.202	1.22542	1.24884	1.27232	1.2958	1.3193	1.34279	1.36631	1.38984	1.41337	1.4369	1.46044	1.48398	1.50751	
0	0.0235511	0.0471001	0.0706491	0.0941988	0.117748	0.141295	0.164841	0.188389	0.211937	0.235484	0.259032	0.282591	0.306151	0.329732	0.353313	0.376959	0.400605	0.424372	0.448138	0.472157	0.496176	0.520517	0.544859	0.569266	0.593673	0.616602	0.639531	0.659565	0.679599	0.704895	0.730501	0.752401	0.768109	0.786775	0.819668	0.855445	0.878134	0.896067	0.914	0.934759	0.955519	0.981787	1.00806	1.03318	1.0583	1.08269	1.10709	1.13081	1.15453	1.17813	1.20173	1.22522	1.24871	1.27223	1.29575	1.31926	1.34277	1.3663	1.38983	1.41336	1.43689	1.46043	1.48397	1.50751	
0	0.0235529	0.0471037	0.0706545	0.094207	0.11776	0.14131	0.16486	0.188415	0.211971	0.23553	0.259089	0.282672	0.306255	0.329876	0.353497	0.377219	0.400941	0.424837	0.448733	0.472985	0.497237	0.521908	0.546579	0.570971	0.595363	0.61699	0.638617	0.657608	0.676599	0.702746	0.729639	0.755603	0.773807	0.78095	0.822207	0.852484	0.87588	0.896325	0.916769	0.935885	0.955	0.979829	1.00466	1.03035	1.05604	1.08097	1.1059	1.12993	1.15396	1.1777	1.20145	1.22502	1.24859	1.27214	1.29569	1.31922	1.34274	1.36628	1.38982	1.41335	1.43688	1.46043	1.48397	1.50751	
0	0.0235552	0.0471085	0.0706618	0.0942184	0.117775	0.141332	0.164889	0.188455	0.212021	0.235598	0.259175	0.282785	0.306396	0.330053	0.35371	0.377479	0.401248	0.425171	0.449093	0.473311	0.497529	0.521944	0.54636	0.570231	0.594102	0.615129	0.636157	0.655462	0.674768	0.701548	0.728541	0.757966	0.780571	0.796663	0.829054	0.851862	0.876778	0.899172	0.921565	0.939976	0.958387	0.981503	1.00462	1.02988	1.05514	1.08006	1.10497	1.12915	1.15332	1.17718	1.20103	1.22469	1.24835	1.27195	1.29555	1.31911	1.34267	1.36622	1.38978	1.41332	1.43687	1.46042	1.48397	1.50751	
0	0.0235574	0.0471133	0.0706691	0.0942298	0.11779	0.141354	0.164917	0.188495	0.212072	0.235666	0.25926	0.282898	0.306537	0.33023	0.353923	0.377739	0.401555	0.425505	0.449454	0.473637	0.49782	0.52198	0.546141	0.569491	0.592841	0.613269	0.633696	0.653317	0.672937	0.70035	0.727762	0.754275	0.782223	0.804888	0.829656	0.853037	0.877677	0.902019	0.92636	0.944068	0.961775	0.983177	1.00458	1.02942	1.05425	1.07915	1.10405	1.12837	1.15269	1.17665	1.2006	1.22436	1.24811	1.27176	1.29542	1.31901	1.3426	1.36617	1.38974	1.4133	1.43685	1.46041	1.48396	1.50751	
0	0.0235631	0.0471249	0.0706867	0.0942548	0.117823	0.141396	0.164968	0.188558	0.212149	0.235758	0.259368	0.283024	0.30668	0.330387	0.354094	0.3779	0.401707	0.425585	0.449462	0.473416	0.49737	0.521047	0.544724	0.567489	0.590254	0.610621	0.630988	0.651177	0.671366	0.698861	0.726355	0.751897	0.778102	0.80321	0.830395	0.853577	0.877783	0.903886	0.92999	0.948024	0.966058	0.986781	1.0075	1.03138	1.05526	1.07965	1.10403	1.12821	1.15238	1.17634	1.20029	1.22408	1.24787	1.27155	1.29524	1.31886	1.34249	1.36608	1.38967	1.41324	1.43682	1.46038	1.48395	1.50751	
0	0.0235688	0.0471366	0.0707044	0.0942798	0.117855	0.141437	0.16502	0.188622	0.212225	0.235851	0.259476	0.28315	0.306823	0.330544	0.354265	0.378062	0.401859	0.425665	0.449471	0.473196	0.49692	0.520114	0.543307	0.565487	0.587667	0.607973	0.628279	0.649037	0.669796	0.697372	0.724949	0.74952	0.774432	0.801036	0.82976	0.853157	0.877888	0.905754	0.93362	0.951981	0.970342	0.990385	1.01043	1.03335	1.05628	1.08015	1.10402	1.12805	1.15207	1.17603	1.19999	1.2238	1.24762	1.27135	1.29507	1.31872	1.34237	1.36599	1.38961	1.41319	1.43678	1.46036	1.48394	1.50751	
0	0.0235726	0.0471444	0.0707161	0.094296	0.117876	0.141462	0.165049	0.188655	0.212261	0.235885	0.259509	0.283171	0.306833	0.330517	0.354201	0.377918	0.401635	0.425284	0.448933	0.472404	0.495875	0.518742	0.541609	0.563575	0.58554	0.60612	0.6267	0.648309	0.669918	0.69854	0.727162	0.750503	0.77317	0.799549	0.826933	0.850783	0.875283	0.904257	0.93323	0.95283	0.972429	0.992734	1.01304	1.03551	1.05799	1.08141	1.10483	1.1286	1.15238	1.1762	1.20003	1.2238	1.24757	1.27128	1.295	1.31865	1.34231	1.36593	1.38956	1.41315	1.43675	1.46034	1.48393	1.50751	
0	0.0235765	0.0471522	0.0707279	0.0943121	0.117896	0.141487	0.165078	0.188687	0.212297	0.23592	0.259542	0.283192	0.306843	0.33049	0.354138	0.377774	0.401411	0.424903	0.448396	0.471613	0.49483	0.517371	0.539912	0.561662	0.583413	0.604267	0.625122	0.647581	0.67004	0.699708	0.729376	0.751486	0.773091	0.798285	0.823103	0.846909	0.872678	0.902759	0.93284	0.953678	0.974515	0.995084	1.01565	1.03767	1.0597	1.08267	1.10564	1.12916	1.15268	1.17638	1.20007	1.22379	1.24752	1.27122	1.29492	1.31858	1.34224	1.36588	1.38951	1.41312	1.43672	1.46032	1.48392	1.50751	
0	0.0235813	0.0471616	0.0707419	0.0943301	0.117918	0.141511	0.165104	0.188712	0.21232	0.235933	0.259546	0.283171	0.306797	0.330396	0.353995	0.377547	0.401099	0.424471	0.447843	0.470931	0.494018	0.516529	0.53904	0.561029	0.583017	0.604675	0.626333	0.650409	0.674486	0.705101	0.735717	0.755957	0.774544	0.798451	0.820039	0.842661	0.869257	0.899429	0.929602	0.951863	0.974123	0.995366	1.01661	1.03871	1.06081	1.08363	1.10645	1.1298	1.15314	1.17671	1.20028	1.22393	1.24758	1.27125	1.29491	1.31856	1.34221	1.36584	1.38948	1.41309	1.4367	1.46031	1.48391	1.50751	
0	0.023586	0.0471709	0.0707559	0.094348	0.11794	0.141535	0.16513	0.188736	0.212342	0.235946	0.259549	0.28315	0.30675	0.330301	0.353852	0.377319	0.400787	0.424038	0.44729	0.470248	0.493206	0.515688	0.538169	0.560395	0.582621	0.605083	0.627544	0.653238	0.678932	0.710496	0.742059	0.760428	0.77767	0.799283	0.816622	0.838351	0.865836	0.896099	0.926363	0.950047	0.97373	0.995648	1.01757	1.03974	1.06192	1.0846	1.10727	1.13043	1.15359	1.17704	1.20048	1.22406	1.24764	1.27127	1.29491	1.31854	1.34218	1.36581	1.38945	1.41306	1.43668	1.46029	1.48391	1.50751	
0	0.0235871	0.0471728	0.0707584	0.0943501	0.117942	0.141534	0.165126	0.188725	0.212324	0.235913	0.259503	0.28308	0.306658	0.330176	0.353694	0.377126	0.400557	0.423794	0.447031	0.470041	0.493051	0.515754	0.538456	0.561166	0.583875	0.607251	0.630627	0.657383	0.684139	0.715505	0.74687	0.764638	0.781709	0.799371	0.812808	0.834695	0.862719	0.892718	0.922717	0.947206	0.971695	0.994378	1.01706	1.03957	1.06207	1.08486	1.10764	1.13079	1.15393	1.17732	1.20071	1.22424	1.24777	1.27137	1.29497	1.31859	1.3422	1.36583	1.38945	1.41306	1.43668	1.46029	1.4839	1.50751	
0	0.0235881	0.0471746	0.070761	0.0943521	0.117943	0.141533	0.165122	0.188714	0.212305	0.235881	0.259457	0.283011	0.306565	0.330051	0.353537	0.376932	0.400326	0.423549	0.446772	0.469834	0.492896	0.51582	0.538744	0.561936	0.585129	0.60942	0.633711	0.661529	0.689347	0.720513	0.75168	0.768849	0.78532	0.798036	0.809138	0.832106	0.859601	0.889336	0.91907	0.944366	0.969661	0.993109	1.01656	1.03939	1.06222	1.08512	1.10802	1.13114	1.15427	1.17761	1.20094	1.22442	1.2479	1.27147	1.29503	1.31863	1.34223	1.36584	1.38945	1.41306	1.43668	1.46029	1.4839	1.50751	
0	0.0235883	0.0471744	0.0707606	0.0943497	0.117939	0.141524	0.165108	0.188691	0.212273	0.235834	0.259395	0.282928	0.306461	0.329924	0.353387	0.376766	0.400145	0.423384	0.446623	0.469767	0.492912	0.51603	0.539149	0.562653	0.586157	0.61073	0.635303	0.662708	0.690112	0.719338	0.748565	0.766855	0.784959	0.796975	0.809888	0.832911	0.860243	0.888917	0.91759	0.942982	0.968374	0.992162	1.01595	1.03905	1.06215	1.08518	1.1082	1.13136	1.15451	1.17783	1.20116	1.22461	1.24805	1.27159	1.29512	1.3187	1.34228	1.36588	1.38948	1.41308	1.43669	1.4603	1.48391	1.50751	
0	0.0235884	0.0471743	0.0707602	0.0943473	0.117934	0.141514	0.165094	0.188667	0.21224	0.235786	0.259333	0.282845	0.306357	0.329797	0.353237	0.376601	0.399964	0.423219	0.446474	0.469701	0.492928	0.516241	0.539554	0.56337	0.587186	0.612041	0.636896	0.663887	0.690877	0.718163	0.745448	0.764862	0.784275	0.796892	0.809509	0.835197	0.860885	0.888498	0.91611	0.941599	0.967087	0.991215	1.01534	1.03871	1.06207	1.08523	1.10839	1.13157	1.15476	1.17806	1.20137	1.22479	1.2482	1.27171	1.29522	1.31877	1.34233	1.36591	1.3895	1.4131	1.4367	1.4603	1.48391	1.50751	
0	0.0235861	0.0471694	0.0707528	0.0943363	0.11792	0.141495	0.16507	0.188636	0.212202	0.235741	0.25928	0.282785	0.306291	0.329733	0.353175	0.376556	0.399936	0.423242	0.446548	0.469866	0.493184	0.516632	0.54008	0.564015	0.58795	0.61276	0.637569	0.663962	0.690355	0.716414	0.742474	0.762316	0.782157	0.797388	0.812619	0.83736	0.862101	0.88883	0.915559	0.940882	0.966205	0.99043	1.01466	1.03819	1.06172	1.085	1.10829	1.13155	1.1548	1.17813	1.20147	1.22489	1.2483	1.2718	1.2953	1.31884	1.34238	1.36596	1.38953	1.41312	1.43671	1.46031	1.48391	1.50751	
0	0.0235837	0.0471646	0.0707455	0.0943254	0.117905	0.141475	0.165046	0.188605	0.212164	0.235696	0.259227	0.282726	0.306225	0.329669	0.353113	0.37651	0.399908	0.423265	0.446621	0.47003	0.493439	0.517023	0.540607	0.56466	0.588714	0.613478	0.638242	0.664037	0.689832	0.714666	0.739499	0.759769	0.78004	0.797884	0.815729	0.839523	0.863317	0.889162	0.915008	0.940166	0.965324	0.989646	1.01397	1.03766	1.06136	1.08477	1.10819	1.13152	1.15485	1.17821	1.20156	1.22498	1.2484	1.27189	1.29537	1.31891	1.34244	1.366	1.38957	1.41315	1.43673	1.46033	1.48392	1.50751	
0	0.02358	0.047157	0.0707339	0.0943089	0.117884	0.141448	0.165013	0.188565	0.212117	0.235641	0.259166	0.28266	0.306155	0.329602	0.353049	0.376462	0.399875	0.423268	0.446661	0.470122	0.493583	0.517223	0.540863	0.5649	0.588938	0.613521	0.638103	0.663326	0.688548	0.712942	0.737337	0.75829	0.779244	0.798619	0.817994	0.84152	0.865047	0.890238	0.915429	0.940279	0.965129	0.989392	1.01365	1.0374	1.06115	1.08464	1.10812	1.1315	1.15488	1.17826	1.20165	1.22507	1.2485	1.27198	1.29546	1.31898	1.3425	1.36606	1.38961	1.41319	1.43676	1.46034	1.48393	1.50751	
