y	b	bdiff	u.x	u.y	u.z	Ri	
0	0.0246813	2.89955e-05	0	0	0	667697
12.5	0.0493027	6.75914e-07	3.74965e-06	-2.29659e-06	-2.66338e-07	574481
25	0.0986026	-2.26945e-06	3.47444e-05	-0.000313529	0.000193113	285645
37.5	0.148033	0.000121879	0.00288175	-0.000397753	-0.000249423	199435
45.8045	0.180744	8.39573e-05	0.0271451	-0.000645247	0.00303493	277263
48.7767	0.192331	-4.48052e-05	0.0781886	-0.000217367	0.00514001	230150
50.4281	0.1989	1.01827e-05	0.109265	0.000122853	0.000201253	204477
52.0378	0.205276	2.07283e-05	0.081754	-0.000750722	0.00707517	179440
54.0698	0.213137	-0.000128391	0.0459134	-0.000445664	0.00612989	145966
57.2756	0.225661	-0.000241481	0.0128008	7.26815e-05	0.000264014	114707
62.2756	0.245532	-8.56682e-05	0.000154169	8.76076e-06	0.000440944	151987
67.9829	0.268117	-1.7128e-05	-6.22009e-06	-7.42049e-06	0.000150856	199138
75.9638	0.299622	8.53594e-06	1.13729e-06	-0.000158822	6.15416e-05	339982
88.4638	0.348911	-4.65952e-06	4.29796e-06	5.00337e-05	2.44522e-07	1.20782e+06
