y	b	bdiff	u.x	u.y	u.z	Ri	
0.0976562	0.000742891	0	0.0001513	8.06211e-05	-4.5266e-05	2160.24
1.68186	0.0127942	0	0.00260572	0.00138847	-0.000779581	2160.24
3.26606	0.0248356	0	0.00494706	0.00246278	-0.00145505	2122.52
4.85026	0.0367749	0	0.00613157	0.00114772	-0.00152844	1698.91
6.43446	0.0487142	0	0.00731608	-0.000167337	-0.00160183	1275.29
8.01866	0.0606535	0	0.00850058	-0.0014824	-0.00167522	851.677
9.60286	0.0725854	0	0.00942197	-0.00241626	-0.00165496	516.158
11.1871	0.0844736	0	0.00877714	-0.00108111	-0.00107732	705.019
12.7713	0.0963618	0	0.00813231	0.000254038	-0.000499681	893.879
14.3555	0.10825	0	0.00748748	0.00158919	7.79597e-05	1082.74
15.9397	0.12018	0	0.00593528	0.00240696	0.000463937	2479.71
17.5239	0.132278	0	0.00072229	0.00113736	7.66516e-05	8750.8
19.1081	0.144389	0	-0.00427484	-0.000308333	-0.000231081	15022.1
20.6923	0.156487	0	-0.00947611	-0.0016038	-0.000560863	21292.9
22.2765	0.168733	0	-0.0163724	-0.00204988	-0.0013319	24357.4
23.8607	0.181457	0	-0.0276088	-0.000849902	-0.00284102	17975.8
25.4449	0.194171	0	-0.0428919	0.000391507	-0.00532022	11624
27.0291	0.206874	0	-0.0547118	0.00202189	-0.00700808	5245.67
28.6133	0.219609	0	-0.0553885	0.00251576	-0.00696485	800.528
30.1975	0.232621	0	-0.0327975	0.000734062	-0.00534295	818.793
31.7817	0.246029	0	-0.00692136	-0.000939499	-0.00311838	857.587
33.3659	0.259453	0	0.0442067	-0.00188838	-0.000758848	897.635
34.9501	0.27159	0	0.127401	-0.00270799	-0.000395241	1038.54
36.5343	0.282012	0	0.23549	-0.00134276	0.00897864	1344.83
38.1185	0.292108	0	0.364508	0.000450512	0.0278705	1652.5
39.7027	0.30226	0	0.48107	-0.000556702	0.0293219	1959.1
41.2869	0.312172	0	0.558192	-0.000173867	0.0223997	2176.96
42.8711	0.322088	0	0.564933	-0.000129386	0.0141406	2269.97
44.4553	0.332013	0	0.502373	0.000718343	0.00555649	2361.77
46.0395	0.341615	0	0.425964	0.00157499	-0.0025796	2453.19
47.6237	0.352055	0	0.322063	0.00141137	-0.00376354	2835.15
49.2079	0.363805	0	0.219388	0.000392845	-0.00448365	3539.6
50.7921	0.375907	0	0.107662	-0.000350048	-0.00768476	4244.92
52.3763	0.38785	0	0.0265124	-0.001418	-0.0128841	4951.07
53.9605	0.400525	0	-0.0155617	-0.00158531	-0.0154099	5789.08
55.5447	0.413689	0	-0.0260186	-0.000307096	-0.0130617	6750.43
57.1289	0.426954	0	-0.0211991	0.000287415	-0.00793243	7714.3
58.7131	0.440171	0	-0.0242257	0.000263428	-0.00448839	8678.03
60.2973	0.452872	0	-0.021838	-0.000183903	-0.00246374	8363.61
61.8815	0.46518	0	-0.0158573	-0.000124173	-0.00155317	7149.76
63.4657	0.477483	0	-0.00968442	0.000515144	-0.000807203	5929.2
65.0499	0.489789	0	-0.00366142	0.000693658	7.05608e-05	4708.44
66.6341	0.501907	0	-0.000972705	0.000499444	0.000367682	8106.62
68.2183	0.513917	0	-0.000184169	9.28161e-05	0.0003339	14137.1
69.8025	0.525927	0	0.000604367	-0.000313812	0.000300118	20167.6
71.3867	0.537937	0	0.0013929	-0.00072044	0.000266336	26198.1
72.9709	0.549926	0	0.00173687	-0.000546464	0.000205069	24341.3
74.5551	0.561906	0	0.00188275	-0.000113802	0.000131556	18970.3
76.1393	0.573886	0	0.00202864	0.000318859	5.80426e-05	13599.4
77.7235	0.585866	0	0.00217453	0.000751521	-1.54704e-05	8228.44
79.3077	0.597815	0	0.00250329	0.000525717	-6.74299e-05	5946.78
80.8919	0.609754	0	0.00289412	7.63974e-05	-0.000112073	4713.77
82.4761	0.621693	0	0.00328495	-0.000372922	-0.000156716	3480.76
84.0603	0.633632	0	0.00367579	-0.000822242	-0.000201359	2247.76
85.6445	0.645541	0	0.00362581	-0.000540633	-0.000218651	2200.51
87.2287	0.657443	0	0.00346656	-7.78539e-05	-0.000229163	2447.17
88.8129	0.669344	0	0.00330732	0.000384925	-0.000239676	2693.83
90.3971	0.681245	0	0.00314808	0.000847704	-0.000250188	2940.49
91.9813	0.693185	0	0.00262544	0.000514501	-0.000213519	8102.92
93.5655	0.705132	0	0.00204175	4.75728e-05	-0.000168924	14091.2
95.1497	0.717079	0	0.00145806	-0.000419356	-0.000124328	20079.5
96.7339	0.729026	0	0.000874365	-0.000886284	-7.97326e-05	26067.7
98.3181	0.741019	0	0.000822392	-0.000499369	-7.57617e-05	26600.9
99.9023	0.753018	0	0.000822392	-2.89956e-05	-7.57617e-05	26600.9
