y	b	u.x	u.y	u.z	
0.78125	0.00257428	0.000111169	0.000167472	-0.000164235
2.78567	0.0177555	0.000134734	0.000931874	-0.000160828
4.79009	0.0329361	5.5567e-05	0.000747467	2.05707e-05
6.79451	0.0481148	0.000132685	-1.97355e-05	2.19265e-05
8.79893	0.0632936	0.000209804	-0.000786938	2.32823e-05
10.8033	0.0784711	0.00027626	-0.000775689	3.50664e-05
12.8078	0.0936444	0.000344793	-5.92706e-06	3.5876e-05
14.8122	0.108818	0.000413325	0.000763835	3.66856e-05
16.8166	0.123992	0.000448059	0.000887156	6.26988e-05
18.821	0.139163	0.000487714	0.00011051	6.38002e-05
20.8254	0.154334	0.000527369	-0.000666137	6.49017e-05
22.8299	0.169507	0.000577695	-0.000981866	5.11855e-05
24.8343	0.184679	0.000538734	-0.000196142	4.57759e-05
26.8387	0.199852	0.000499773	0.000589582	4.03662e-05
28.8431	0.215026	0.000455994	0.00104701	4.55702e-05
30.8475	0.230204	0.000445228	0.000250656	4.43392e-05
32.852	0.245383	0.000434462	-0.000545698	4.31082e-05
34.8564	0.26056	0.000484605	-0.00119273	-1.28822e-05
36.8608	0.27574	0.000471593	-0.000381258	-2.40941e-05
38.8652	0.29092	0.00045858	0.000430214	-3.53059e-05
40.8696	0.3061	0.000443264	0.00119144	-5.37763e-05
42.874	0.321278	0.000562622	0.00042874	-3.40926e-05
44.8785	0.336456	0.000690253	-0.000397551	-9.466e-06
46.8829	0.351634	0.000819762	-0.0012222	1.35165e-05
48.8873	0.36681	0.000905565	-0.000566182	-4.91056e-05
50.8917	0.381773	0.000850798	0.000293474	-3.13237e-05
52.8961	0.396959	0.000845737	0.00113923	-3.57092e-05
54.9006	0.412137	0.00101272	0.000633217	2.3761e-06
56.905	0.427317	0.00121101	-0.000232798	3.85292e-05
58.9094	0.442496	0.0014093	-0.00109881	7.46822e-05
60.9138	0.457689	0.00151737	-0.000773329	4.85205e-05
62.9182	0.472894	0.00154856	0.000117756	-4.94823e-07
64.9227	0.488103	0.00157865	0.00100949	-4.88143e-05
66.9271	0.50331	0.00122878	0.000877471	5.8077e-05
68.9315	0.518519	0.00078811	-4.23217e-05	9.80679e-05
70.9359	0.533728	0.000347438	-0.000962115	0.000138059
72.9403	0.549006	-0.00107074	-0.000956734	1.096e-05
74.9448	0.564352	-0.00360464	5.418e-05	-0.000264704
76.9492	0.57967	-0.00628342	0.000935083	-0.000537175
78.9536	0.595112	-0.00771109	0.00132454	-0.000602251
80.958	0.610694	-0.00724292	0.000252853	-0.00035094
82.9624	0.62625	-0.00837025	-0.000987903	-0.000251831
84.9668	0.641792	0.00352518	-0.00097435	-0.00031672
86.9713	0.656986	0.0308625	-0.000276432	0.00124656
88.9757	0.672243	0.061555	0.000367787	0.00358859
90.9801	0.687208	0.0922388	-2.33574e-05	0.00307922
92.9845	0.701554	0.13449	-0.000727397	0.00558454
94.9889	0.715616	0.186327	0.000630087	0.00815966
96.9934	0.729967	0.202291	0.000162884	0.0100557
98.9978	0.744751	0.166775	-0.000188872	0.00749269
101.002	0.759637	0.0893499	0.000272293	0.00217729
103.007	0.77454	0.0288988	-0.000600203	-0.00170098
105.011	0.789893	0.011129	-0.000197411	-0.00119548
107.015	0.805426	0.00378013	2.81742e-05	-0.000801199
109.02	0.820873	-0.00579322	0.000736286	-0.000235794
111.024	0.836324	-0.00558769	0.000531531	-6.83582e-05
113.029	0.851782	-0.0034683	-0.00022869	2.69932e-05
115.033	0.867239	-0.00146917	-0.000828316	0.000125294
117.038	0.882575	-0.000212749	-0.000516142	0.000173528
119.042	0.897872	0.000797812	0.000112534	0.000170784
121.046	0.913169	0.00180837	0.000741211	0.00016804
123.051	0.928406	0.00191141	0.000570657	0.000165
125.055	0.943602	0.00152012	-4.55583e-05	0.000167607
127.06	0.958807	0.00112681	-0.000662623	0.000168474
129.064	0.974014	0.000982784	-0.000620205	0.000170694
131.068	0.989225	0.00109432	-1.28245e-05	0.000181783
133.073	1.00444	0.00120586	0.000594556	0.000192872
135.077	1.01964	0.00117054	0.000672135	0.000166553
137.082	1.03482	0.000949276	7.48183e-05	0.000130701
139.086	1.05001	0.000728012	-0.000522498	9.48486e-05
141.091	1.0652	0.000591454	-0.000722953	7.58577e-05
143.095	1.08039	0.000639685	-0.000134537	7.40257e-05
145.099	1.09558	0.000687916	0.000453879	7.21937e-05
147.104	1.11077	0.00070094	0.000763245	6.01615e-05
149.108	1.12597	0.000567899	0.000183017	4.72794e-05
151.113	1.1411	0.000438342	-0.000400828	3.29225e-05
153.117	1.15629	0.000321762	-0.000820509	3.47383e-05
155.122	1.17148	0.000340171	-0.000248459	3.75081e-05
157.126	1.18668	0.00035858	0.000323592	4.02778e-05
159.13	1.20187	0.000394688	0.000855873	4.12264e-05
161.135	1.21706	0.000355243	0.000293083	3.74863e-05
163.139	1.23225	0.000313432	-0.000271886	3.39157e-05
165.144	1.24744	0.000271621	-0.000836856	3.03451e-05
167.148	1.26263	0.000288158	-0.000349551	3.99662e-05
169.152	1.27782	0.00031503	0.000208684	4.06921e-05
171.157	1.29301	0.000341901	0.000766918	4.14179e-05
173.161	1.3082	0.000341242	0.000402722	3.58134e-05
175.166	1.32339	0.000321095	-0.000149672	3.31806e-05
177.17	1.33858	0.000300947	-0.000702067	3.05477e-05
179.175	1.35377	0.000275523	-0.000447951	3.1236e-05
181.179	1.36896	0.000260983	0.000100019	2.88881e-05
183.183	1.38415	0.000246444	0.000647988	2.65401e-05
185.188	1.39933	0.000216506	0.000508637	1.92597e-05
187.192	1.41452	0.00017581	-3.56517e-05	1.56794e-05
189.197	1.42971	0.000135114	-0.000579941	1.2099e-05
191.201	1.4449	9.31209e-05	-0.000549609	9.18239e-06
193.205	1.4601	6.86823e-05	-7.12265e-06	7.34534e-06
195.21	1.47529	4.42437e-05	0.000535364	5.50829e-06
197.214	1.49048	2.41239e-05	0.000614777	1.74025e-06
199.219	1.50567	2.41239e-05	7.32366e-05	1.74025e-06
