y	b	u.x	u.y	u.z	
0.0976562	0.000736949	-3.31854e-08	-2.75287e-05	-3.06564e-06
1.67092	0.0126094	-5.6781e-07	-0.000471023	-5.24539e-05
3.24419	0.024481	-1.70335e-06	-0.000847341	-0.000100954
4.81745	0.0363427	-1.017e-05	-0.000404103	-0.000138614
6.39072	0.0482044	-1.86366e-05	3.91347e-05	-0.000176274
7.96398	0.0600662	-2.71033e-05	0.000482372	-0.000213935
9.53725	0.0719266	-3.56535e-05	0.000834193	-0.000247033
11.1105	0.0837753	-4.49309e-05	0.00039099	-0.000240457
12.6838	0.095624	-5.42083e-05	-5.22139e-05	-0.000233881
14.257	0.107473	-6.34857e-05	-0.000495417	-0.000227305
15.8303	0.119322	-7.14501e-05	-0.000822922	-0.000214237
17.4036	0.131174	-7.06658e-05	-0.000379535	-0.000157915
18.9768	0.143026	-6.98815e-05	6.38515e-05	-0.000101593
20.5501	0.154879	-6.90973e-05	0.000507238	-4.52707e-05
22.1234	0.166732	-6.64456e-05	0.000810571	6.44721e-06
23.6966	0.178595	-5.38327e-05	0.000366801	3.36039e-05
25.2699	0.190457	-4.12198e-05	-7.6968e-05	6.07606e-05
26.8432	0.202319	-2.86068e-05	-0.000520737	8.79173e-05
28.4164	0.214182	-1.83149e-05	-0.000800064	0.000106537
29.9897	0.226045	-1.8232e-05	-0.000356104	8.7608e-05
31.563	0.237908	-1.81491e-05	8.78566e-05	6.86789e-05
33.1362	0.249772	-1.80662e-05	0.000531817	4.97499e-05
34.7095	0.261634	-1.6645e-05	0.000786864	3.35253e-05
36.2828	0.273493	-1.02673e-05	0.000342283	2.73165e-05
37.856	0.285352	-3.88972e-06	-0.000102298	2.11078e-05
39.4293	0.297211	2.48789e-06	-0.000546879	1.4899e-05
41.0026	0.309069	7.60245e-06	-0.000777922	1.07775e-05
42.5758	0.320925	8.7169e-06	-0.000332687	1.32663e-05
44.1491	0.332782	9.83134e-06	0.000112549	1.57552e-05
45.7223	0.344638	1.09458e-05	0.000557784	1.82441e-05
47.2956	0.356495	1.41378e-05	0.00076466	1.10787e-05
48.8689	0.368355	2.30233e-05	0.000318336	-2.2543e-05
50.4421	0.380214	3.19087e-05	-0.000127987	-5.61647e-05
52.0154	0.392074	4.07942e-05	-0.000574311	-8.97865e-05
53.5887	0.403936	3.86695e-05	-0.000757278	-0.000116652
55.1619	0.415807	1.01971e-05	-0.000310023	-0.000127351
56.7352	0.427677	-1.82753e-05	0.000137233	-0.00013805
58.3085	0.439547	-4.67476e-05	0.000584488	-0.000148749
59.8817	0.451416	-6.65392e-05	0.000743175	-0.000158284
61.455	0.463283	-6.80605e-05	0.000294512	-0.000165369
63.0283	0.475149	-6.95818e-05	-0.000154151	-0.000172454
64.6015	0.487016	-7.11031e-05	-0.000602815	-0.000179539
66.1748	0.498877	-7.18636e-05	-0.000737539	-0.000176202
67.7481	0.510728	-7.12077e-05	-0.000287854	-0.000153464
69.3213	0.522579	-7.05519e-05	0.000161832	-0.000130725
70.8946	0.534429	-6.9896e-05	0.000611517	-0.000107986
72.4679	0.546288	-5.44875e-05	0.000721744	-3.12782e-05
74.0411	0.558159	-1.46824e-05	0.000270611	0.000134679
75.6144	0.570029	2.51226e-05	-0.000180523	0.000300636
77.1877	0.5819	6.49277e-05	-0.000631656	0.000466594
78.7609	0.593902	6.81309e-05	-0.000715598	0.000569309
80.3342	0.606097	1.73829e-05	-0.000258298	0.000578804
81.9074	0.618287	5.28204e-05	0.000194625	0.000662683
83.4807	0.630484	-2.35189e-05	0.000658602	0.00065359
85.054	0.642681	-0.000240546	0.000713409	0.000199507
86.6272	0.654882	-0.000725687	0.000280389	-0.000631277
88.2005	0.667083	-0.00155419	-0.000224667	-0.00185708
89.7738	0.679308	-0.00206731	-0.000573354	-0.001879
91.347	0.690973	-0.00249142	-0.000511294	-0.000964805
92.9203	0.701966	-0.000907929	-6.53626e-05	0.00121168
94.4936	0.712979	0.00232665	4.08514e-05	0.00275566
96.0668	0.724053	0.00394198	0.000277815	0.00300358
97.6401	0.735334	0.00533122	0.000244146	0.00287311
99.2134	0.746588	0.00561028	-3.63124e-05	0.00316951
100.787	0.757716	-0.00151962	3.20887e-05	0.00148372
102.36	0.768863	-0.00300031	0.000282356	1.4839e-05
103.933	0.78066	-0.00234873	0.000265849	-0.000294233
105.506	0.793035	-0.00180318	0.000161176	-0.00023619
107.08	0.805391	-0.000743086	-0.000169481	0.000563664
108.653	0.817786	-0.000113349	-0.00058909	0.000874071
110.226	0.830021	0.000103163	-0.000673602	0.000865984
111.799	0.842113	0.000162628	-0.000236209	0.000680038
113.373	0.854225	0.000191281	0.0002873	0.000462833
114.946	0.866322	0.00023693	0.000738335	0.000266864
116.519	0.87827	0.000200069	0.000665246	0.000128916
118.093	0.890106	0.000100564	0.000194219	3.50206e-05
119.666	0.901941	1.05903e-06	-0.000276807	-5.88748e-05
121.239	0.913776	-9.8446e-05	-0.000747833	-0.00015277
122.812	0.925626	-0.000117928	-0.000658063	-0.000191445
124.386	0.937486	-8.31215e-05	-0.000187833	-0.000192656
125.959	0.949346	-4.83147e-05	0.000282397	-0.000193867
127.532	0.961206	-1.35078e-05	0.000752627	-0.000195078
129.105	0.973073	1.83524e-06	0.000637371	-0.000167387
130.679	0.984944	5.40844e-06	0.000168068	-0.000122219
132.252	0.996816	8.98165e-06	-0.000301234	-7.70509e-05
133.825	1.00869	1.25549e-05	-0.000770537	-3.18828e-05
135.398	1.02055	3.06649e-05	-0.000629226	2.96154e-06
136.972	1.03242	5.6584e-05	-0.000159899	3.22601e-05
138.545	1.04428	8.25032e-05	0.000309427	6.15587e-05
140.118	1.05614	0.000108422	0.000778754	9.08573e-05
141.692	1.068	0.000103977	0.000611821	0.000111305
143.265	1.07986	8.51058e-05	0.000142586	0.000127547
144.838	1.09172	6.62342e-05	-0.00032665	0.000143789
146.411	1.10358	4.73626e-05	-0.000795886	0.000160031
147.985	1.11544	3.71259e-05	-0.000602905	0.00014717
149.558	1.1273	3.04976e-05	-0.000133199	0.000122147
151.131	1.13916	2.38692e-05	0.000336508	9.71248e-05
152.704	1.15101	1.72409e-05	0.000806215	7.21023e-05
154.278	1.16287	3.6203e-06	0.000587451	4.52931e-05
155.851	1.17473	-1.25518e-05	0.000117457	1.7832e-05
157.424	1.18659	-2.87239e-05	-0.000352537	-9.62916e-06
158.997	1.19844	-4.4896e-05	-0.000822531	-3.70903e-05
160.571	1.2103	-5.1061e-05	-0.000577622	-4.45998e-05
162.144	1.22216	-5.40661e-05	-0.000106978	-4.58094e-05
163.717	1.23402	-5.70712e-05	0.000363666	-4.7019e-05
165.291	1.24588	-6.00764e-05	0.00083431	-4.82287e-05
166.864	1.25774	-6.18164e-05	0.00056346	-5.58279e-05
168.437	1.2696	-6.32148e-05	9.23927e-05	-6.51524e-05
170.01	1.28147	-6.46132e-05	-0.000378674	-7.44769e-05
171.584	1.29333	-6.60116e-05	-0.000849742	-8.38014e-05
173.157	1.30519	-5.81648e-05	-0.000552736	-0.000107075
174.73	1.31705	-4.8216e-05	-8.11055e-05	-0.000133519
176.303	1.32891	-3.82672e-05	0.000390525	-0.000159964
177.877	1.34077	-2.83184e-05	0.000862155	-0.000186408
179.45	1.35262	-1.59377e-05	0.000539105	-0.000214342
181.023	1.36448	-3.10117e-06	6.70805e-05	-0.000242555
182.596	1.37633	9.73541e-06	-0.000404944	-0.000270769
184.17	1.38819	2.2572e-05	-0.000876968	-0.000298982
185.743	1.40004	2.6163e-05	-0.000527671	-0.000283605
187.316	1.4119	2.83663e-05	-5.51065e-05	-0.000261686
188.889	1.42375	3.05697e-05	0.000417458	-0.000239766
190.463	1.4356	3.2773e-05	0.000890023	-0.000217847
192.036	1.44746	2.80745e-05	0.000514792	-0.000180047
193.609	1.45933	2.25824e-05	4.20765e-05	-0.00014042
195.183	1.47119	1.70902e-05	-0.000430639	-0.000100793
196.756	1.48305	1.15981e-05	-0.000903355	-6.11665e-05
198.329	1.49491	1.1182e-05	-0.000502168	-5.81645e-05
199.902	1.50678	1.1182e-05	-2.9349e-05	-5.81645e-05
