y	b	u.x	u.y	u.z	
0.0976562	0.000736645	1.41593e-07	-2.62326e-05	-1.69426e-06
1.67092	0.0126042	2.42269e-06	-0.000448846	-2.89892e-05
3.24419	0.0244713	4.3813e-06	-0.000807443	-5.66184e-05
4.81745	0.036333	2.40553e-06	-0.000385025	-8.83252e-05
6.39072	0.0481947	4.29764e-07	3.73924e-05	-0.000120032
7.96398	0.0600564	-1.546e-06	0.00045981	-0.000151739
9.53725	0.0719172	-4.24054e-06	0.000795136	-0.000181448
11.1105	0.0837704	-1.3186e-05	0.000373058	-0.000193785
12.6838	0.0956236	-2.21315e-05	-4.90198e-05	-0.000206122
14.257	0.107477	-3.10769e-05	-0.000471098	-0.000218458
15.8303	0.11933	-4.00537e-05	-0.000783069	-0.000225615
17.4036	0.131183	-4.9239e-05	-0.000361405	-0.000198256
18.9768	0.143037	-5.84243e-05	6.02596e-05	-0.000170896
20.5501	0.15489	-6.76096e-05	0.000481924	-0.000143537
22.1234	0.166745	-7.50633e-05	0.000770561	-0.000114879
23.6966	0.178604	-7.32802e-05	0.000349584	-7.92907e-05
25.2699	0.190464	-7.1497e-05	-7.13924e-05	-4.37029e-05
26.8432	0.202324	-6.97139e-05	-0.000492369	-8.11512e-06
28.4164	0.214184	-6.73649e-05	-0.00075757	2.14071e-05
29.9897	0.226045	-6.25274e-05	-0.000337606	2.42503e-05
31.563	0.237907	-5.76898e-05	8.23592e-05	2.70934e-05
33.1362	0.249769	-5.28522e-05	0.000502324	2.99366e-05
34.7095	0.26163	-4.78182e-05	0.000743992	3.16754e-05
36.2828	0.273489	-4.20565e-05	0.000325347	2.93242e-05
37.856	0.285348	-3.62947e-05	-9.32977e-05	2.6973e-05
39.4293	0.297207	-3.0533e-05	-0.000511942	2.46218e-05
41.0026	0.309066	-2.42131e-05	-0.000730095	2.46384e-05
42.5758	0.320924	-1.61257e-05	-0.000313289	3.21541e-05
44.1491	0.332782	-8.03821e-06	0.000103518	3.96698e-05
45.7223	0.34464	4.92466e-08	0.000520325	4.71855e-05
47.2956	0.356498	1.15635e-05	0.000714924	5.19532e-05
48.8689	0.368357	3.24687e-05	0.000300584	4.91905e-05
50.4421	0.380215	5.33739e-05	-0.000113755	4.64277e-05
52.0154	0.392074	7.42791e-05	-0.000528094	4.3665e-05
53.5887	0.403935	8.52455e-05	-0.00069911	3.51502e-05
55.1619	0.415803	7.24282e-05	-0.000287846	1.28704e-05
56.7352	0.42767	5.96108e-05	0.000123418	-9.40932e-06
58.3085	0.439538	4.67935e-05	0.000534681	-3.16891e-05
59.8817	0.451405	2.49482e-05	0.000682141	-5.6823e-05
61.455	0.463273	-1.58982e-05	0.000274369	-8.79642e-05
63.0283	0.475141	-5.67445e-05	-0.000133403	-0.000119105
64.6015	0.487009	-9.75909e-05	-0.000541175	-0.000150247
66.1748	0.498871	-0.000119699	-0.000665245	-0.000169809
67.7481	0.510721	-0.000106926	-0.000261194	-0.000167815
69.3213	0.522572	-9.41522e-05	0.000142857	-0.000165822
70.8946	0.534423	-8.13788e-05	0.000546908	-0.000163829
72.4679	0.546283	-4.02973e-05	0.000647761	-0.000102256
74.0411	0.558157	4.7597e-05	0.000247217	5.78453e-05
75.6144	0.570031	0.000135491	-0.000153327	0.000217947
77.1877	0.581906	0.000223386	-0.000553871	0.000378048
78.7609	0.593896	0.000272173	-0.000631554	0.000486092
80.3342	0.606057	0.000263318	-0.000233341	0.000517405
81.9074	0.61822	0.000264097	0.000172304	0.000622871
83.4807	0.630381	0.000251446	0.000574235	0.00063294
85.054	0.642545	8.49388e-05	0.000610055	-0.000146374
86.6272	0.65471	-0.00027798	0.000241173	-0.00196935
88.2005	0.666853	-0.000134757	-0.000176368	-0.00449361
89.7738	0.679033	-0.000724548	-0.000420415	-0.00604383
91.347	0.690728	-0.00226046	-0.000466264	-0.00708608
92.9203	0.70181	-0.00548122	-0.00021711	-0.00700324
94.4936	0.712914	-0.00817823	0.0001355	-0.00525469
96.0668	0.724039	-0.00935279	0.000348645	-0.00412073
97.6401	0.735377	-0.00886692	0.000215434	-0.000243647
99.2134	0.746693	-0.00718697	1.8871e-05	-6.11411e-05
100.787	0.757881	-0.0048453	8.94752e-05	-0.00496868
102.36	0.769102	-0.00252184	-1.51921e-06	-0.00531893
103.933	0.780913	-0.00162522	0.000157779	-0.00356237
105.506	0.793246	-0.00124984	0.000133044	-0.00235257
107.08	0.805565	-0.000995485	-8.11952e-05	-0.000815453
108.653	0.817911	-0.000583167	-0.000421818	0.00030923
110.226	0.830111	-0.000252539	-0.000544836	0.000731399
111.799	0.842178	-6.31506e-05	-0.000201771	0.000631969
113.373	0.854257	9.02994e-05	0.000262638	0.000408742
114.946	0.866327	0.00027323	0.000624139	0.0002809
116.519	0.878267	0.000306072	0.000556138	0.000168906
118.093	0.890108	0.000224958	0.000162042	6.89434e-05
119.666	0.901949	0.000143844	-0.000232055	-3.10191e-05
121.239	0.913789	6.27303e-05	-0.000626152	-0.000130982
122.812	0.925642	3.37476e-05	-0.000549029	-0.000155334
124.386	0.937503	4.01321e-05	-0.000152219	-0.000128392
125.959	0.949364	4.65165e-05	0.00024459	-0.000101449
127.532	0.961224	5.29009e-05	0.0006414	-7.45062e-05
129.105	0.973088	6.17417e-05	0.000541722	-3.69156e-05
130.679	0.984954	7.20678e-05	0.000141816	7.11384e-06
132.252	0.996821	8.23939e-05	-0.000258091	5.11433e-05
133.825	1.00869	9.272e-05	-0.000657997	9.51727e-05
135.398	1.02055	9.38053e-05	-0.000535497	0.000119278
136.972	1.03242	8.99265e-05	-0.000132365	0.00013268
138.545	1.04428	8.60478e-05	0.000270767	0.000146082
140.118	1.05614	8.2169e-05	0.0006739	0.000159484
141.692	1.068	6.0798e-05	0.000528327	0.000144953
143.265	1.07986	3.11159e-05	0.000122051	0.000117151
144.838	1.09172	1.43377e-06	-0.000284225	8.93485e-05
146.411	1.10358	-2.82483e-05	-0.000690502	6.1546e-05
147.985	1.11544	-4.06764e-05	-0.000521585	3.40641e-05
149.558	1.1273	-4.58944e-05	-0.000112306	6.71618e-06
151.131	1.13916	-5.11123e-05	0.000296972	-2.06318e-05
152.704	1.15101	-5.63303e-05	0.00070625	-4.79797e-05
154.278	1.16287	-6.05531e-05	0.00051382	-7.0099e-05
155.851	1.17473	-6.44129e-05	0.000101821	-9.03103e-05
157.424	1.18659	-6.82726e-05	-0.000310178	-0.000110522
158.997	1.19845	-7.21323e-05	-0.000722178	-0.000130733
160.571	1.21031	-7.21147e-05	-0.000506059	-0.000132496
162.144	1.22216	-7.08729e-05	-9.1608e-05	-0.000128433
163.717	1.23402	-6.9631e-05	0.000322843	-0.00012437
165.291	1.24588	-6.83891e-05	0.000737294	-0.000120308
166.864	1.25774	-6.2814e-05	0.000497426	-0.000125297
168.437	1.2696	-5.60688e-05	8.08799e-05	-0.000132731
170.01	1.28147	-4.93236e-05	-0.000335666	-0.000140165
171.584	1.29333	-4.25784e-05	-0.000752212	-0.000147598
173.157	1.30518	-3.06251e-05	-0.000488578	-0.000155415
174.73	1.31704	-1.74878e-05	-7.03021e-05	-0.000163319
176.303	1.3289	-4.35047e-06	0.000347974	-0.000171223
177.877	1.34076	8.78687e-06	0.00076625	-0.000179127
179.45	1.35262	1.98872e-05	0.000478895	-0.000184639
181.023	1.36447	3.06056e-05	5.92603e-05	-0.000189704
182.596	1.37633	4.13241e-05	-0.000360374	-0.000194769
184.17	1.38818	5.20425e-05	-0.000780009	-0.000199833
185.743	1.40004	5.05822e-05	-0.000468996	-0.000182965
187.316	1.4119	4.72942e-05	-4.83237e-05	-0.000162804
188.889	1.42375	4.40061e-05	0.000372349	-0.000142644
190.463	1.43561	4.0718e-05	0.000793021	-0.000122483
192.036	1.44747	3.36435e-05	0.00045858	-9.99793e-05
193.609	1.45933	2.61336e-05	3.73117e-05	-7.72058e-05
195.183	1.47119	1.86236e-05	-0.000383957	-5.44324e-05
196.756	1.48305	1.11137e-05	-0.000805225	-3.16589e-05
198.329	1.49492	1.05448e-05	-0.000447614	-2.99337e-05
199.902	1.50678	1.05448e-05	-2.61606e-05	-2.99337e-05
