y	b	u.x	u.y	u.z	
0.0976562	0.000736096	9.90726e-09	-1.72654e-05	-9.66226e-09
1.67092	0.0125948	1.69516e-07	-0.000295416	-1.65324e-07
3.24419	0.0244535	3.19926e-07	-0.000531396	-3.24482e-07
4.81745	0.0363121	3.58117e-07	-0.000252905	-5.26309e-07
6.39072	0.0481708	3.96308e-07	2.55866e-05	-7.28135e-07
7.96398	0.0600295	4.34499e-07	0.000304078	-9.29962e-07
9.53725	0.0718882	5.03123e-07	0.000525008	-1.15972e-06
11.1105	0.0837468	8.36417e-07	0.000245348	-1.63236e-06
12.6838	0.0956055	1.16971e-06	-3.43111e-05	-2.105e-06
14.257	0.107464	1.503e-06	-0.000313971	-2.57764e-06
15.8303	0.119323	1.83234e-06	-0.000520399	-3.10822e-06
17.4036	0.131182	2.13534e-06	-0.000238892	-4.02483e-06
18.9768	0.14304	2.43833e-06	4.26149e-05	-4.94145e-06
20.5501	0.154899	2.74132e-06	0.000324122	-5.85806e-06
22.1234	0.166757	3.04759e-06	0.000516328	-6.76754e-06
23.6966	0.178616	3.37129e-06	0.00023217	-7.63892e-06
25.2699	0.190475	3.69499e-06	-5.19872e-05	-8.51031e-06
26.8432	0.202333	4.01868e-06	-0.000336145	-9.38169e-06
28.4164	0.214192	4.39916e-06	-0.000514421	-1.05538e-05
29.9897	0.226051	5.02936e-06	-0.000226986	-1.30486e-05
31.563	0.23791	5.65956e-06	6.04483e-05	-1.55434e-05
33.1362	0.249768	6.28976e-06	0.000347883	-1.80382e-05
34.7095	0.261627	6.83425e-06	0.000512226	-2.04955e-05
36.2828	0.273486	7.06135e-06	0.000220709	-2.2814e-05
37.856	0.285345	7.28844e-06	-7.0809e-05	-2.51325e-05
39.4293	0.297203	7.51553e-06	-0.000362327	-2.74511e-05
41.0026	0.309062	8.22669e-06	-0.000512828	-3.13437e-05
42.5758	0.320921	1.04709e-05	-0.000216732	-4.02216e-05
44.1491	0.33278	1.2715e-05	7.93646e-05	-4.90995e-05
45.7223	0.34464	1.49592e-05	0.000375461	-5.79773e-05
47.2956	0.356499	1.60323e-05	0.000511764	-6.68658e-05
48.8689	0.368358	1.3896e-05	0.000210169	-7.57833e-05
50.4421	0.380218	1.17598e-05	-9.14261e-05	-8.47008e-05
52.0154	0.392077	9.62352e-06	-0.000393021	-9.36183e-05
53.5887	0.403937	8.09715e-06	-0.000515121	-0.000108184
55.1619	0.415797	8.03023e-06	-0.000207682	-0.000136266
56.7352	0.427657	7.96331e-06	9.97573e-05	-0.000164347
58.3085	0.439517	7.89638e-06	0.000407196	-0.000192429
59.8817	0.451378	-4.73307e-06	0.00051435	-0.000216756
61.455	0.463239	-4.38029e-05	0.000199964	-0.000233178
63.0283	0.4751	-8.28728e-05	-0.000114423	-0.000249601
64.6015	0.486961	-0.000121943	-0.000428809	-0.000266023
66.1748	0.498822	-0.000156501	-0.000520862	-0.000272304
67.7481	0.510684	-0.000182661	-0.00019903	-0.000259706
69.3213	0.522545	-0.000208822	0.000122801	-0.000247107
70.8946	0.534407	-0.000234982	0.000444632	-0.000234509
72.4679	0.546272	-0.000241507	0.000521013	-0.000152217
74.0411	0.558143	-0.000215561	0.000191495	4.53266e-05
75.6144	0.570013	-0.000189615	-0.000138024	0.00024287
77.1877	0.581884	-0.000163669	-0.000467543	0.000440414
78.7609	0.593791	-0.000133081	-0.000528748	0.000590623
80.3342	0.605752	-9.56508e-05	-0.000194458	0.000671059
81.9074	0.617709	-4.00684e-05	0.000164101	0.000714199
83.4807	0.629671	-8.13014e-06	0.00050054	0.000809142
85.054	0.641634	3.87685e-05	0.000471604	0.00100138
86.6272	0.653601	0.000233576	9.94899e-05	0.00114295
88.2005	0.665564	0.000251532	-0.000138755	0.00130672
89.7738	0.67755	0.00118095	-0.000471877	0.000801509
91.347	0.689319	0.00297254	-0.000486942	-0.000683474
92.9203	0.700865	0.00594119	-0.000181918	-0.00340551
94.4936	0.712429	0.00931668	0.000102863	-0.00839279
96.0668	0.724007	0.0107285	0.000289751	-0.0112948
97.6401	0.735743	0.00964966	0.000155558	-0.0146659
99.2134	0.747427	0.00714651	-1.02352e-06	-0.0136739
100.787	0.759012	0.00404178	6.3115e-05	-0.00326577
102.36	0.770612	0.00118939	0.000217094	-0.000235215
103.933	0.782463	0.000442168	0.000337419	0.000223131
105.506	0.794524	0.000325518	0.000151845	0.000605736
107.08	0.806568	0.000316665	-0.000124666	0.000325614
108.653	0.818633	0.000208995	-0.000510682	0.000467642
110.226	0.830611	5.4988e-05	-0.000585517	0.000467365
111.799	0.842513	-6.04366e-05	-0.000206376	0.00027574
113.373	0.854429	-0.000137733	0.00020479	0.000198809
114.946	0.866334	-0.000245975	0.000578214	3.2468e-05
116.519	0.878219	-0.000261707	0.000528506	-0.000107081
118.093	0.890087	-0.000207201	0.000157538	-0.000226288
119.666	0.901956	-0.000152695	-0.000213431	-0.000345494
121.239	0.913825	-9.81896e-05	-0.000584399	-0.000464701
122.812	0.925688	-5.77792e-05	-0.000515334	-0.000479577
124.386	0.937548	-2.69312e-05	-0.00014774	-0.000423673
125.959	0.949407	3.91666e-06	0.000219854	-0.000367768
127.532	0.961266	3.47646e-05	0.000587447	-0.000311863
129.105	0.973127	4.58765e-05	0.000498873	-0.000270824
130.679	0.984987	4.50541e-05	0.000134451	-0.000238775
132.252	0.996848	4.42316e-05	-0.000229971	-0.000206726
133.825	1.00871	4.34091e-05	-0.000594393	-0.000174677
135.398	1.02057	4.15017e-05	-0.00048645	-0.000148399
136.972	1.03243	3.90115e-05	-0.000124756	-0.000125222
138.545	1.04429	3.65213e-05	0.000236938	-0.000102045
140.118	1.05615	3.4031e-05	0.000598631	-7.88673e-05
141.692	1.06801	3.07902e-05	0.000471705	-6.59777e-05
143.265	1.07986	2.71928e-05	0.000112622	-5.79762e-05
144.838	1.09172	2.35954e-05	-0.000246461	-4.99746e-05
146.411	1.10358	1.99979e-05	-0.000605543	-4.1973e-05
147.985	1.11544	1.7786e-05	-0.000459737	-3.57897e-05
149.558	1.1273	1.61531e-05	-0.000102949	-3.03661e-05
151.131	1.13916	1.45202e-05	0.00025384	-2.49425e-05
152.704	1.15102	1.28874e-05	0.000610629	-1.95189e-05
154.278	1.16288	1.14593e-05	0.000446211	-1.66608e-05
155.851	1.17474	1.01061e-05	9.15992e-05	-1.47388e-05
157.424	1.18659	8.75281e-06	-0.000263012	-1.28168e-05
158.997	1.19845	7.39955e-06	-0.000617624	-1.08948e-05
160.571	1.21031	6.69092e-06	-0.000434639	-9.49507e-06
162.144	1.22217	6.18582e-06	-8.19057e-05	-8.26024e-06
163.717	1.23403	5.68072e-06	0.000270828	-7.02541e-06
165.291	1.24589	5.17563e-06	0.000623561	-5.79057e-06
166.864	1.25775	4.69796e-06	0.000422154	-5.06303e-06
168.437	1.26961	4.2277e-06	7.11192e-05	-4.47247e-06
170.01	1.28146	3.75744e-06	-0.000279916	-3.8819e-06
171.584	1.29332	3.28718e-06	-0.000630951	-3.29134e-06
173.157	1.30518	2.97163e-06	-0.000411087	-2.90589e-06
174.73	1.31704	2.69126e-06	-6.14253e-05	-2.56708e-06
176.303	1.3289	2.41088e-06	0.000288236	-2.22827e-06
177.877	1.34076	2.1305e-06	0.000637898	-1.88946e-06
179.45	1.35262	1.88521e-06	0.000399595	-1.62333e-06
181.023	1.36447	1.64648e-06	5.10704e-05	-1.37081e-06
182.596	1.37633	1.40776e-06	-0.000297454	-1.1183e-06
184.17	1.38819	1.16903e-06	-0.000645979	-8.65789e-07
185.743	1.40005	9.80905e-07	-0.000389098	-7.31442e-07
187.316	1.41191	8.00369e-07	-4.13559e-05	-6.1483e-07
188.889	1.42377	6.19833e-07	0.000306386	-4.98217e-07
190.463	1.43563	4.39297e-07	0.000654129	-3.81605e-07
192.036	1.44749	3.44502e-07	0.000378569	-3.02232e-07
193.609	1.45934	2.59567e-07	3.13373e-05	-2.27142e-07
195.183	1.4712	1.74631e-07	-0.000315894	-1.52052e-07
196.756	1.48306	8.96955e-08	-0.000663126	-7.69614e-08
198.329	1.49492	8.3261e-08	-0.000368635	-7.12727e-08
199.902	1.50678	8.3261e-08	-2.15447e-05	-7.12727e-08
