y	b	u.x	u.y	u.z	
0.195312	0.00147218	1.31758e-08	-4.17668e-05	-9.02119e-10
2.21157	0.0166699	1.49192e-07	-0.000472935	-1.02149e-08
4.22782	0.0318676	2.26467e-07	-0.000432176	-1.083e-08
6.24408	0.0470652	2.55086e-07	-5.35031e-07	-4.24115e-09
8.26034	0.0622629	2.83706e-07	0.000431106	2.34772e-09
10.2766	0.0774606	3.3149e-07	0.000476119	3.74319e-09
12.2928	0.0926583	4.02966e-07	4.31345e-05	-1.2821e-09
14.3091	0.107856	4.74442e-07	-0.00038985	-6.30738e-09
16.3254	0.123054	6.58142e-07	-0.000521218	-9.24868e-09
18.3416	0.138251	1.05269e-06	-8.58827e-05	-8.27445e-09
20.3579	0.153449	1.44725e-06	0.000349452	-7.30022e-09
22.3741	0.168647	1.85282e-06	0.00056841	-6.8859e-09
24.3904	0.183845	2.29186e-06	0.000129679	-8.17345e-09
26.4066	0.199042	2.73091e-06	-0.000309052	-9.46101e-09
28.4229	0.21424	3.27745e-06	-0.000617459	-1.66282e-08
30.4392	0.229438	4.44405e-06	-0.000174125	-5.7711e-08
32.4554	0.244636	5.61065e-06	0.000269209	-9.87939e-08
34.4717	0.259833	6.85913e-06	0.000669752	-1.37667e-07
36.4879	0.275031	9.73349e-06	0.000220547	-1.32668e-07
38.5042	0.290229	1.26079e-05	-0.000228657	-1.27669e-07
40.5204	0.305427	1.54822e-05	-0.000677862	-1.2267e-07
42.5367	0.320625	2.19803e-05	-0.00026857	-6.42912e-07
44.5529	0.335824	2.86766e-05	0.000187679	-1.19188e-06
46.5692	0.351022	3.53729e-05	0.000643928	-1.74086e-06
48.5855	0.366223	6.83936e-05	0.000319521	-5.12489e-06
50.6017	0.381425	0.000106121	-0.000144451	-9.01577e-06
52.618	0.396626	0.000143848	-0.000608423	-1.29067e-05
54.6342	0.411828	0.000206163	-0.000372169	-1.97488e-05
56.6505	0.42703	0.000276738	9.93288e-05	-2.75825e-05
58.6667	0.442232	0.000347314	0.000570826	-3.54162e-05
60.683	0.457432	0.000268857	0.000426637	-1.73787e-05
62.6993	0.47263	0.000109702	-5.0939e-05	1.46675e-05
64.7155	0.487829	-4.94535e-05	-0.000528515	4.67138e-05
66.7318	0.503058	-0.000246019	-0.00047495	5.84193e-05
68.748	0.518312	-0.000473328	1.50822e-05	5.34097e-05
70.7643	0.533561	-0.000799326	0.00048591	5.96892e-05
72.7805	0.548835	0.000167951	0.000527098	6.54994e-05
74.7968	0.564118	0.00227926	1.95327e-05	5.17349e-05
76.813	0.579347	0.0034476	-0.000450814	0.000182807
78.8293	0.594655	0.007938	-0.000538534	-0.000101908
80.8456	0.609927	0.0169528	-1.20551e-05	0.000143307
82.8618	0.625133	0.0264552	2.27419e-06	0.00116708
84.8781	0.640187	0.0277687	-0.000393206	0.00143759
86.8943	0.655097	0.023226	-1.39716e-05	-0.000349481
88.9106	0.670017	0.0175215	0.000165913	-0.000612502
90.9268	0.684934	0.0131005	0.000735747	-0.000565737
92.9431	0.700066	0.00976367	0.000197074	-0.00040373
94.9593	0.715188	0.00586913	-0.000267703	-0.000396354
96.9756	0.730332	0.00265356	-0.000523959	3.43712e-05
98.9919	0.745677	0.00237163	-0.000175149	0.000251078
101.008	0.761037	0.000834962	0.000124354	8.69269e-05
103.024	0.776384	0.000445091	0.000368943	2.52049e-05
105.041	0.791646	0.0002528	0.000153508	-1.28373e-05
107.057	0.806877	0.000207677	-9.0627e-05	-2.47967e-05
109.073	0.82212	8.49364e-05	-0.000439452	-3.23996e-05
111.089	0.83732	7.03665e-05	-0.000240858	-2.1896e-05
113.106	0.852532	5.06489e-05	9.60007e-05	-1.5651e-05
115.122	0.867735	4.31445e-05	0.000416617	-6.40447e-06
117.138	0.882934	3.48361e-05	0.000259162	-3.21394e-06
119.154	0.898133	2.62603e-05	-5.72396e-05	-2.03689e-06
121.171	0.913331	1.76845e-05	-0.000373641	-8.5984e-07
123.187	0.928529	1.29582e-05	-0.000283497	-4.67399e-07
125.203	0.943727	1.02985e-05	2.49048e-05	-4.9618e-07
127.219	0.958925	7.63878e-06	0.000333306	-5.24961e-07
129.236	0.974123	5.90668e-06	0.000306633	-4.30549e-07
131.252	0.989321	4.93088e-06	6.77457e-06	-2.35696e-07
133.268	1.00452	3.95507e-06	-0.000293084	-4.08442e-08
135.284	1.01972	3.09024e-06	-0.000326357	5.0799e-08
137.301	1.03491	2.36046e-06	-3.52083e-05	1.68419e-08
139.317	1.05011	1.63069e-06	0.00025594	-1.71152e-08
141.333	1.06531	1.12354e-06	0.000345529	-2.88468e-08
143.349	1.08051	1.02756e-06	6.28653e-05	4.68921e-10
145.366	1.0957	9.31579e-07	-0.000219798	2.97846e-08
147.382	1.1109	8.0825e-07	-0.000362325	4.73844e-08
149.398	1.1261	6.03508e-07	-8.76972e-05	3.01086e-08
151.415	1.1413	3.98767e-07	0.000186931	1.28328e-08
153.431	1.1565	2.27183e-07	0.000379374	-7.0931e-10
155.447	1.17169	2.41073e-07	0.000112088	6.63408e-09
157.463	1.18689	2.54963e-07	-0.000155199	1.39775e-08
159.48	1.20209	2.64488e-07	-0.000395108	2.0581e-08
161.496	1.21729	1.94199e-07	-0.000134395	1.36547e-08
163.512	1.23248	1.2391e-07	0.000126318	6.72841e-09
165.528	1.24768	5.3621e-08	0.000387032	-1.97869e-10
167.545	1.26288	6.17137e-08	0.000156692	2.27459e-09
169.561	1.27808	7.37544e-08	-9.8382e-05	5.22046e-09
171.577	1.29327	8.5795e-08	-0.000353456	8.16632e-09
173.593	1.30847	6.93787e-08	-0.000177781	6.08494e-09
175.61	1.32367	4.80286e-08	7.2574e-05	3.13195e-09
177.626	1.33887	2.66786e-08	0.000322929	1.78957e-10
179.642	1.35407	2.10822e-08	0.000199292	1.97801e-10
181.658	1.36926	2.06691e-08	-4.73952e-05	1.19442e-09
183.675	1.38446	2.0256e-08	-0.000294082	2.19104e-09
185.691	1.39966	1.75773e-08	-0.000220524	2.01761e-09
187.707	1.41486	1.36926e-08	2.34869e-05	1.22141e-09
189.723	1.43005	9.80791e-09	0.000267498	4.25213e-10
191.74	1.44525	6.96499e-09	0.000242588	1.14191e-10
193.756	1.46045	4.96474e-09	1.53653e-07	1.95617e-10
195.772	1.47565	2.96449e-09	-0.000242281	2.77042e-10
197.788	1.49084	1.8704e-09	-0.00026531	3.2158e-10
199.805	1.50604	1.8704e-09	-2.34328e-05	3.2158e-10
