x=120	y=200	z=200	n=65	len=1
b
0	0	0	0	0	0	0	0	0	0	0	0	0	0	0	0	0	0	0	0	0	0	0	0	0	0	0	0	0	0	0	0	0	0	0	0	0	0	0	0	0	0	0	0	0	0	0	0	0	0	0	0	0	0	0	0	0	0	0	0	0	0	0	0	0	
0.0237095	0.0237051	0.0237054	0.0237058	0.0237007	0.0236956	0.0236923	0.0236889	0.0236871	0.0236853	0.0236805	0.0236757	0.0236872	0.0236987	0.0236967	0.0236947	0.0237257	0.0237567	0.0237571	0.0237574	0.0237876	0.0238177	0.0238058	0.0237938	0.0237966	0.0237994	0.0237792	0.0237591	0.0237638	0.0237685	0.0237755	0.0237825	0.0237822	0.023782	0.0237661	0.0237501	0.0237654	0.0237806	0.0237867	0.0237927	0.0238071	0.0238215	0.0238183	0.023815	0.0237964	0.0237777	0.0237687	0.0237597	0.023734	0.0237083	0.0237098	0.0237113	0.0236981	0.0236849	0.023694	0.0237032	0.0236985	0.0236937	0.0237024	0.0237111	0.0237078	0.0237045	0.0237092	0.0237138	0.0237095	
0.0473944	0.0473862	0.0473872	0.0473881	0.0473796	0.0473712	0.0473651	0.047359	0.0473565	0.047354	0.0473447	0.0473355	0.0473567	0.0473778	0.047374	0.0473702	0.0474287	0.0474871	0.0474893	0.0474915	0.0475526	0.0476136	0.0475937	0.0475737	0.0475818	0.0475899	0.0475486	0.0475073	0.0475158	0.0475244	0.0475358	0.0475472	0.0475484	0.0475496	0.0475174	0.0474852	0.0475192	0.0475532	0.0475642	0.0475751	0.047601	0.0476268	0.0476166	0.0476064	0.0475675	0.0475287	0.0475104	0.0474921	0.0474432	0.0473943	0.0473979	0.0474015	0.0473763	0.0473511	0.047369	0.0473869	0.0473766	0.0473664	0.047383	0.0473997	0.0473921	0.0473846	0.0473937	0.0474027	0.0473944	
0.0710794	0.0710673	0.0710689	0.0710705	0.0710586	0.0710467	0.0710379	0.0710291	0.0710259	0.0710226	0.071009	0.0709954	0.0710262	0.071057	0.0710513	0.0710457	0.0711316	0.0712176	0.0712216	0.0712256	0.0713176	0.0714096	0.0713816	0.0713536	0.071367	0.0713804	0.071318	0.0712555	0.0712679	0.0712803	0.0712961	0.071312	0.0713146	0.0713171	0.0712687	0.0712203	0.0712731	0.0713258	0.0713417	0.0713576	0.0713948	0.0714321	0.0714149	0.0713977	0.0713387	0.0712797	0.0712521	0.0712245	0.0711524	0.0710803	0.071086	0.0710917	0.0710545	0.0710174	0.071044	0.0710707	0.0710548	0.071039	0.0710636	0.0710882	0.0710765	0.0710647	0.0710782	0.0710916	0.0710794	
0.0946974	0.0946823	0.0946854	0.0946885	0.0946774	0.0946663	0.0946565	0.0946466	0.094646	0.0946453	0.0946282	0.0946111	0.0946481	0.0946851	0.0946764	0.0946676	0.0947731	0.0948785	0.0948845	0.0948905	0.0950179	0.0951454	0.0951156	0.0950859	0.0951194	0.0951528	0.0950633	0.0949738	0.0949935	0.0950131	0.095021	0.095029	0.0950405	0.095052	0.0949894	0.0949269	0.0950038	0.0950808	0.0951015	0.0951223	0.0951553	0.0951883	0.09516	0.0951317	0.0950443	0.094957	0.0949246	0.0948922	0.0948001	0.094708	0.0947198	0.0947315	0.0946829	0.0946342	0.0946693	0.0947043	0.0946793	0.0946542	0.0946851	0.0947159	0.0946971	0.0946784	0.0946954	0.0947125	0.0946974	
0.118315	0.118297	0.118302	0.118306	0.118296	0.118286	0.118275	0.118264	0.118266	0.118268	0.118247	0.118227	0.11827	0.118313	0.118301	0.11829	0.118415	0.118539	0.118547	0.118555	0.118718	0.118881	0.11885	0.118818	0.118872	0.118925	0.118809	0.118692	0.118719	0.118746	0.118746	0.118746	0.118766	0.118787	0.11871	0.118633	0.118735	0.118836	0.118861	0.118887	0.118916	0.118944	0.118905	0.118866	0.11875	0.118634	0.118597	0.11856	0.118448	0.118336	0.118354	0.118371	0.118311	0.118251	0.118294	0.118338	0.118304	0.11827	0.118307	0.118344	0.118318	0.118292	0.118313	0.118333	0.118315	
0.141838	0.141818	0.141826	0.141833	0.141828	0.141824	0.141814	0.141805	0.141814	0.141823	0.141801	0.141779	0.141824	0.141868	0.141852	0.141836	0.141964	0.142092	0.142102	0.142111	0.142303	0.142495	0.142474	0.142454	0.142544	0.142634	0.142493	0.142353	0.142385	0.142416	0.142386	0.142356	0.142398	0.142441	0.14236	0.14228	0.14241	0.142541	0.142565	0.142589	0.142592	0.142594	0.142536	0.142479	0.142335	0.142192	0.142156	0.14212	0.141999	0.141878	0.141905	0.141932	0.141863	0.141794	0.141844	0.141893	0.141847	0.1418	0.141841	0.141881	0.141846	0.141811	0.141834	0.141857	0.141838	
0.16536	0.165339	0.165349	0.165359	0.16536	0.165361	0.165353	0.165345	0.165362	0.165378	0.165354	0.16533	0.165377	0.165424	0.165403	0.165383	0.165514	0.165645	0.165656	0.165667	0.165888	0.166108	0.166099	0.16609	0.166216	0.166342	0.166178	0.166014	0.16605	0.166087	0.166026	0.165966	0.16603	0.166095	0.166011	0.165926	0.166086	0.166246	0.166268	0.16629	0.166267	0.166244	0.166168	0.166092	0.165921	0.16575	0.165715	0.165679	0.16555	0.165421	0.165457	0.165492	0.165415	0.165337	0.165393	0.165449	0.16539	0.165331	0.165374	0.165418	0.165374	0.165329	0.165355	0.165382	0.16536	
0.188786	0.188765	0.188778	0.188792	0.188801	0.18881	0.188807	0.188803	0.18883	0.188857	0.188834	0.188811	0.188858	0.188905	0.188878	0.188852	0.188968	0.189084	0.189089	0.189094	0.189323	0.189551	0.18956	0.189568	0.189748	0.189929	0.189758	0.189587	0.189627	0.189667	0.189543	0.189419	0.189524	0.189629	0.189568	0.189507	0.189682	0.189857	0.189869	0.189881	0.189802	0.189723	0.189633	0.189544	0.189356	0.189169	0.189147	0.189126	0.189001	0.188876	0.188923	0.18897	0.188885	0.188801	0.188858	0.188916	0.188844	0.188772	0.188815	0.188859	0.188806	0.188753	0.18878	0.188808	0.188786	
0.212212	0.212191	0.212208	0.212225	0.212242	0.212259	0.21226	0.212261	0.212298	0.212335	0.212314	0.212293	0.21234	0.212386	0.212354	0.212321	0.212422	0.212523	0.212522	0.212521	0.212758	0.212994	0.21302	0.213046	0.213281	0.213515	0.213338	0.21316	0.213204	0.213248	0.21306	0.212872	0.213018	0.213163	0.213126	0.213088	0.213279	0.213469	0.21347	0.213471	0.213336	0.213201	0.213099	0.212996	0.212791	0.212587	0.21258	0.212573	0.212452	0.21233	0.212389	0.212447	0.212355	0.212264	0.212324	0.212384	0.212299	0.212213	0.212256	0.212299	0.212238	0.212176	0.212205	0.212234	0.212212	
0.235574	0.235552	0.235573	0.235594	0.235616	0.235637	0.235644	0.235652	0.235697	0.235743	0.235727	0.23571	0.235758	0.235806	0.235768	0.235731	0.235803	0.235875	0.235859	0.235842	0.236042	0.236243	0.236285	0.236326	0.236605	0.236884	0.236744	0.236605	0.236646	0.236686	0.236411	0.236136	0.236331	0.236527	0.236555	0.236583	0.23675	0.236918	0.236885	0.236852	0.236655	0.236459	0.236356	0.236253	0.236068	0.235883	0.235902	0.235921	0.235816	0.235711	0.235779	0.235847	0.235751	0.235655	0.235712	0.23577	0.235677	0.235585	0.235625	0.235665	0.2356	0.235535	0.235565	0.235595	0.235574	
0.258935	0.258914	0.258939	0.258964	0.25899	0.259015	0.259029	0.259042	0.259097	0.259151	0.259139	0.259128	0.259177	0.259226	0.259183	0.25914	0.259184	0.259228	0.259196	0.259163	0.259327	0.259491	0.259549	0.259606	0.259929	0.260252	0.260151	0.260051	0.260087	0.260124	0.259762	0.2594	0.259645	0.259891	0.259984	0.260077	0.260222	0.260367	0.2603	0.260233	0.259975	0.259716	0.259614	0.259511	0.259345	0.259179	0.259223	0.259268	0.25918	0.259093	0.25917	0.259246	0.259146	0.259046	0.259101	0.259156	0.259056	0.258956	0.258994	0.259031	0.258963	0.258894	0.258925	0.258956	0.258935	
0.282299	0.282278	0.282306	0.282334	0.282353	0.282371	0.282391	0.282411	0.28246	0.282509	0.282507	0.282505	0.282554	0.282602	0.282561	0.28252	0.28254	0.282561	0.282504	0.282447	0.282537	0.282626	0.282666	0.282706	0.283023	0.28334	0.283317	0.283294	0.283348	0.283401	0.282963	0.282525	0.282805	0.283086	0.283276	0.283467	0.283516	0.283564	0.283452	0.283339	0.283055	0.282771	0.282709	0.282648	0.282534	0.282421	0.282499	0.282577	0.282507	0.282436	0.282514	0.282593	0.282496	0.282399	0.282447	0.282495	0.282403	0.282312	0.282345	0.282379	0.282319	0.282259	0.28229	0.28232	0.282299	
0.305663	0.305643	0.305673	0.305704	0.305715	0.305727	0.305753	0.305779	0.305824	0.305868	0.305875	0.305882	0.30593	0.305979	0.305939	0.305899	0.305896	0.305894	0.305813	0.305732	0.305746	0.30576	0.305783	0.305807	0.306117	0.306427	0.306483	0.306538	0.306608	0.306678	0.306164	0.30565	0.305965	0.30628	0.306569	0.306858	0.30681	0.306762	0.306604	0.306446	0.306135	0.305825	0.305805	0.305785	0.305724	0.305663	0.305775	0.305887	0.305833	0.305779	0.305859	0.305939	0.305845	0.305752	0.305793	0.305834	0.305751	0.305667	0.305697	0.305727	0.305675	0.305623	0.305654	0.305684	0.305663	
0.329118	0.329097	0.329127	0.329156	0.329148	0.329139	0.329168	0.329196	0.329213	0.329231	0.329246	0.329262	0.329298	0.329333	0.329305	0.329277	0.32927	0.329264	0.329168	0.329073	0.329012	0.32895	0.328919	0.328887	0.32908	0.329272	0.329422	0.329571	0.329677	0.329783	0.329281	0.32878	0.329068	0.329357	0.329707	0.330057	0.329879	0.329701	0.329494	0.329287	0.329062	0.328837	0.328887	0.328937	0.328944	0.328951	0.329082	0.329214	0.32917	0.329126	0.3292	0.329273	0.329199	0.329125	0.329161	0.329196	0.329143	0.329089	0.329117	0.329145	0.329113	0.329081	0.32911	0.329139	0.329118	
0.352573	0.352551	0.35258	0.352609	0.35258	0.352551	0.352582	0.352612	0.352603	0.352594	0.352618	0.352642	0.352665	0.352688	0.352671	0.352654	0.352644	0.352633	0.352524	0.352415	0.352278	0.352141	0.352054	0.351968	0.352043	0.352117	0.352361	0.352604	0.352746	0.352888	0.352399	0.35191	0.352172	0.352433	0.352845	0.353256	0.352948	0.35264	0.352384	0.352128	0.351988	0.351848	0.351968	0.352089	0.352164	0.352238	0.35239	0.352541	0.352507	0.352474	0.35254	0.352607	0.352552	0.352498	0.352528	0.352559	0.352534	0.35251	0.352536	0.352562	0.352551	0.352539	0.352567	0.352595	0.352573	
0.376193	0.376172	0.376195	0.376218	0.376165	0.376111	0.376136	0.376161	0.376107	0.376052	0.376078	0.376105	0.376085	0.376065	0.376066	0.376068	0.376055	0.376042	0.375954	0.375865	0.375731	0.375596	0.375438	0.37528	0.375168	0.375056	0.375269	0.375483	0.375654	0.375825	0.375542	0.375258	0.37543	0.375602	0.375888	0.376174	0.375784	0.375393	0.375209	0.375024	0.375053	0.375081	0.375282	0.375482	0.375566	0.375649	0.37579	0.375931	0.375911	0.375891	0.375947	0.376003	0.375995	0.375987	0.376016	0.376045	0.376067	0.376088	0.376113	0.376138	0.376152	0.376167	0.376191	0.376214	0.376193	
0.399814	0.399793	0.39981	0.399828	0.399749	0.39967	0.39969	0.399711	0.399611	0.399511	0.399539	0.399567	0.399504	0.399441	0.399462	0.399482	0.399467	0.399451	0.399384	0.399316	0.399184	0.399052	0.398821	0.398591	0.398293	0.397994	0.398178	0.398361	0.398562	0.398763	0.398684	0.398606	0.398689	0.398771	0.398932	0.399092	0.39862	0.398147	0.398034	0.39792	0.398118	0.398315	0.398595	0.398876	0.398968	0.399059	0.39919	0.399321	0.399315	0.399309	0.399354	0.399398	0.399438	0.399477	0.399504	0.399531	0.399599	0.399666	0.39969	0.399714	0.399754	0.399794	0.399814	0.399834	0.399814	
0.423613	0.423596	0.423603	0.423609	0.423523	0.423436	0.423442	0.423447	0.423317	0.423186	0.423201	0.423215	0.423096	0.422976	0.422999	0.423022	0.422967	0.422912	0.422887	0.422863	0.422787	0.422711	0.422506	0.4223	0.421934	0.421568	0.421576	0.421583	0.421622	0.421661	0.421942	0.422223	0.422233	0.422243	0.422081	0.421919	0.421588	0.421257	0.42131	0.421364	0.42167	0.421977	0.422244	0.422511	0.42257	0.42263	0.422733	0.422836	0.422873	0.422909	0.422955	0.423001	0.423092	0.423184	0.423218	0.423252	0.42335	0.423447	0.423472	0.423497	0.423549	0.423601	0.423616	0.42363	0.423613	
0.447413	0.447399	0.447395	0.447391	0.447296	0.447201	0.447193	0.447184	0.447023	0.446861	0.446862	0.446863	0.446687	0.446511	0.446537	0.446562	0.446467	0.446372	0.44639	0.446409	0.44639	0.44637	0.44619	0.446009	0.445576	0.445142	0.444973	0.444805	0.444682	0.444559	0.445199	0.44584	0.445777	0.445715	0.445231	0.444747	0.444557	0.444367	0.444587	0.444807	0.445223	0.445639	0.445893	0.446146	0.446173	0.4462	0.446276	0.446351	0.44643	0.446509	0.446556	0.446603	0.446747	0.446891	0.446932	0.446973	0.4471	0.447227	0.447254	0.44728	0.447344	0.447408	0.447417	0.447427	0.447413	
0.471308	0.471301	0.471287	0.471273	0.471203	0.471133	0.47111	0.471086	0.470947	0.470807	0.470787	0.470768	0.470576	0.470383	0.47039	0.470398	0.470227	0.470057	0.470099	0.470142	0.470081	0.47002	0.469982	0.469945	0.469758	0.469571	0.46924	0.46891	0.468531	0.468153	0.468794	0.469436	0.469272	0.469109	0.468634	0.468158	0.468304	0.468449	0.468821	0.469192	0.469417	0.469641	0.469784	0.469927	0.469986	0.470045	0.470102	0.470159	0.470296	0.470433	0.470486	0.470539	0.470694	0.470848	0.470891	0.470935	0.471046	0.471157	0.47118	0.471203	0.471256	0.47131	0.471312	0.471314	0.471308	
0.495202	0.495204	0.49518	0.495156	0.49511	0.495064	0.495026	0.494989	0.49487	0.494752	0.494712	0.494673	0.494464	0.494256	0.494244	0.494233	0.493987	0.493742	0.493808	0.493875	0.493772	0.493669	0.493775	0.493881	0.49394	0.493999	0.493507	0.493015	0.492381	0.491747	0.492389	0.493032	0.492767	0.492503	0.492036	0.49157	0.492051	0.492531	0.493055	0.493578	0.49361	0.493643	0.493676	0.493708	0.493799	0.493889	0.493928	0.493967	0.494162	0.494357	0.494416	0.494476	0.49464	0.494804	0.49485	0.494896	0.494992	0.495087	0.495107	0.495127	0.495169	0.495211	0.495206	0.495201	0.495202	
0.519034	0.519044	0.519018	0.518992	0.51899	0.518989	0.51895	0.518911	0.518871	0.518831	0.518784	0.518736	0.51862	0.518504	0.518466	0.518429	0.518231	0.518034	0.51805	0.518067	0.517898	0.51773	0.517827	0.517924	0.517971	0.518019	0.517942	0.517866	0.517424	0.516982	0.517226	0.51747	0.517287	0.517105	0.516843	0.516582	0.517005	0.517428	0.517633	0.517839	0.517855	0.517871	0.517914	0.517956	0.518075	0.518195	0.518254	0.518313	0.518449	0.518586	0.518644	0.518702	0.518783	0.518864	0.518898	0.518933	0.518966	0.518999	0.519008	0.519018	0.519032	0.519045	0.519035	0.519025	0.519034	
0.542866	0.542884	0.542855	0.542827	0.542871	0.542914	0.542874	0.542833	0.542872	0.54291	0.542855	0.5428	0.542776	0.542752	0.542688	0.542624	0.542475	0.542325	0.542292	0.542259	0.542025	0.54179	0.541878	0.541967	0.542003	0.542038	0.542377	0.542716	0.542467	0.542218	0.542064	0.541909	0.541808	0.541706	0.54165	0.541594	0.541959	0.542325	0.542212	0.5421	0.542099	0.542099	0.542152	0.542204	0.542352	0.5425	0.542579	0.542659	0.542737	0.542815	0.542872	0.542929	0.542926	0.542923	0.542947	0.54297	0.54294	0.54291	0.54291	0.54291	0.542895	0.54288	0.542864	0.542848	0.542866	
0.566497	0.56652	0.566498	0.566477	0.566545	0.566614	0.566593	0.566572	0.56667	0.566768	0.566746	0.566724	0.566815	0.566906	0.566881	0.566855	0.566884	0.566913	0.566892	0.566872	0.566812	0.566752	0.566797	0.566842	0.566832	0.566823	0.567127	0.567432	0.567561	0.56769	0.567243	0.566797	0.567153	0.567509	0.567469	0.567429	0.567336	0.567243	0.567165	0.567088	0.56707	0.567052	0.56708	0.567108	0.56709	0.567071	0.567093	0.567115	0.567042	0.566969	0.566968	0.566968	0.566875	0.566782	0.566767	0.566752	0.566681	0.56661	0.56659	0.566571	0.566543	0.566516	0.566495	0.566474	0.566497	
0.590128	0.590156	0.590141	0.590127	0.59022	0.590314	0.590312	0.590311	0.590468	0.590625	0.590636	0.590648	0.590854	0.59106	0.591073	0.591086	0.591293	0.591501	0.591493	0.591484	0.591599	0.591715	0.591716	0.591716	0.591662	0.591608	0.591877	0.592147	0.592654	0.593162	0.592423	0.591685	0.592498	0.593312	0.593288	0.593265	0.592713	0.592161	0.592119	0.592076	0.59204	0.592005	0.592009	0.592013	0.591827	0.591642	0.591606	0.591571	0.591347	0.591123	0.591065	0.591006	0.590824	0.590642	0.590588	0.590534	0.590423	0.590311	0.590271	0.590232	0.590192	0.590152	0.590126	0.5901	0.590128	
0.613552	0.613577	0.613572	0.613566	0.613642	0.613717	0.613738	0.613759	0.613891	0.614024	0.614075	0.614127	0.614328	0.61453	0.614614	0.614699	0.614972	0.615246	0.615361	0.615477	0.615808	0.616138	0.616305	0.616471	0.616869	0.617266	0.617271	0.617275	0.617797	0.618319	0.618717	0.619115	0.619503	0.619891	0.619057	0.618223	0.617764	0.617306	0.617451	0.617596	0.617144	0.616692	0.616475	0.616258	0.61589	0.615522	0.615356	0.615191	0.61493	0.614669	0.614541	0.614414	0.614252	0.614091	0.614001	0.613911	0.613829	0.613746	0.613689	0.613632	0.613608	0.613585	0.613555	0.613526	0.613552	
0.636975	0.636999	0.637002	0.637006	0.637063	0.63712	0.637163	0.637206	0.637315	0.637423	0.637515	0.637606	0.637803	0.637999	0.638155	0.638311	0.638651	0.638991	0.63923	0.639469	0.640016	0.640562	0.640894	0.641225	0.642075	0.642925	0.642664	0.642403	0.64294	0.643477	0.645011	0.646546	0.646509	0.646471	0.644826	0.64318	0.642816	0.642451	0.642784	0.643117	0.642248	0.641379	0.640941	0.640504	0.639953	0.639402	0.639107	0.638811	0.638513	0.638214	0.638018	0.637821	0.637681	0.63754	0.637414	0.637289	0.637235	0.637181	0.637107	0.637033	0.637025	0.637017	0.636985	0.636952	0.636975	
0.660311	0.660328	0.660336	0.660345	0.660368	0.660391	0.660442	0.660494	0.660532	0.660571	0.660675	0.660779	0.660854	0.66093	0.661106	0.661283	0.661432	0.661582	0.661865	0.662148	0.662435	0.662721	0.66317	0.663619	0.664243	0.664867	0.665668	0.666468	0.667253	0.668037	0.668685	0.669333	0.669884	0.670436	0.669515	0.668594	0.667841	0.667088	0.666187	0.665287	0.664566	0.663845	0.66327	0.662696	0.662415	0.662135	0.661792	0.661448	0.661342	0.661236	0.661018	0.660801	0.660775	0.660749	0.660613	0.660477	0.660482	0.660487	0.660408	0.66033	0.660344	0.660359	0.660326	0.660294	0.660311	
0.683647	0.683657	0.68367	0.683684	0.683673	0.683662	0.683721	0.683781	0.68375	0.683719	0.683836	0.683952	0.683906	0.68386	0.684058	0.684255	0.684214	0.684172	0.6845	0.684827	0.684854	0.684881	0.685446	0.686012	0.68641	0.686808	0.688671	0.690534	0.691566	0.692369	0.69227	0.691742	0.692209	0.694506	0.695362	0.694565	0.692736	0.691725	0.689591	0.687456	0.686883	0.686311	0.685599	0.684887	0.684878	0.684868	0.684476	0.684085	0.684171	0.684258	0.684019	0.68378	0.683869	0.683958	0.683812	0.683665	0.683729	0.683793	0.68371	0.683628	0.683664	0.6837	0.683668	0.683636	0.683647	
0.707004	0.707006	0.70702	0.707034	0.707014	0.706993	0.707044	0.707094	0.707047	0.707	0.707098	0.707197	0.707112	0.707026	0.707197	0.707367	0.707232	0.707096	0.707387	0.707678	0.707498	0.707319	0.707834	0.708349	0.708274	0.7082	0.709161	0.710123	0.712016	0.714736	0.716653	0.717053	0.71891	0.722853	0.72333	0.720013	0.715589	0.711981	0.710511	0.709042	0.70888	0.708718	0.708119	0.707521	0.707646	0.707772	0.707463	0.707154	0.707283	0.707411	0.707228	0.707045	0.707135	0.707225	0.707116	0.707007	0.70706	0.707113	0.707054	0.706994	0.707019	0.707044	0.707023	0.707002	0.707004	
0.730362	0.730355	0.73037	0.730384	0.730354	0.730325	0.730367	0.730408	0.730344	0.730281	0.730361	0.730442	0.730317	0.730193	0.730336	0.73048	0.730249	0.730019	0.730274	0.730528	0.730142	0.729756	0.730221	0.730686	0.730139	0.729591	0.729652	0.729712	0.732466	0.734603	0.739177	0.744759	0.740812	0.739392	0.74199	0.741608	0.737152	0.732236	0.731432	0.730627	0.730876	0.731125	0.73064	0.730155	0.730415	0.730675	0.730449	0.730224	0.730394	0.730564	0.730437	0.73031	0.7304	0.730491	0.73042	0.730348	0.730391	0.730433	0.730397	0.730361	0.730375	0.730389	0.730378	0.730368	0.730362	
0.753745	0.753731	0.753743	0.753755	0.753742	0.75373	0.753746	0.753763	0.753748	0.753733	0.753759	0.753785	0.753761	0.753738	0.75378	0.753822	0.753778	0.753734	0.753805	0.753875	0.753794	0.753712	0.753828	0.753943	0.753867	0.75379	0.753812	0.753834	0.754115	0.754156	0.757699	0.766917	0.739831	0.748576	0.748124	0.756239	0.756163	0.754402	0.754306	0.754211	0.754109	0.754007	0.753996	0.753985	0.753921	0.753858	0.753884	0.75391	0.75386	0.75381	0.75383	0.753851	0.753813	0.753775	0.753791	0.753806	0.753779	0.753751	0.753764	0.753776	0.753757	0.753737	0.753748	0.753758	0.753745	
0.777128	0.777106	0.777116	0.777126	0.77713	0.777135	0.777126	0.777117	0.777152	0.777186	0.777157	0.777128	0.777205	0.777282	0.777224	0.777165	0.777307	0.777449	0.777335	0.777222	0.777445	0.777668	0.777434	0.7772	0.777595	0.777989	0.777972	0.777955	0.775764	0.773969	0.773788	0.776945	0.774547	0.770746	0.766427	0.768325	0.772738	0.776568	0.777181	0.777794	0.777341	0.776889	0.777352	0.777815	0.777428	0.777041	0.777318	0.777596	0.777326	0.777057	0.777224	0.777391	0.777226	0.77706	0.777162	0.777265	0.777167	0.77707	0.777131	0.777192	0.777139	0.777085	0.777117	0.777149	0.777128	
0.800471	0.800443	0.800455	0.800466	0.800462	0.800458	0.800439	0.800419	0.800437	0.800455	0.800398	0.800342	0.800384	0.800427	0.800317	0.800206	0.800275	0.800345	0.800143	0.799941	0.800024	0.800107	0.79973	0.799354	0.79935	0.799346	0.798532	0.797719	0.795743	0.793395	0.790392	0.789589	0.78595	0.78254	0.782313	0.785626	0.791108	0.796058	0.797348	0.798637	0.798702	0.798768	0.799404	0.80004	0.799851	0.799662	0.800029	0.800396	0.800216	0.800036	0.800268	0.800499	0.800364	0.80023	0.800376	0.800522	0.800431	0.80034	0.800429	0.800517	0.800462	0.800406	0.800452	0.800498	0.800471	
0.823814	0.82378	0.823794	0.823807	0.823795	0.823782	0.823751	0.82372	0.823722	0.823724	0.82364	0.823555	0.823564	0.823572	0.823409	0.823246	0.823244	0.823241	0.822951	0.82266	0.822603	0.822545	0.822026	0.821508	0.821105	0.820702	0.819092	0.817482	0.815722	0.814231	0.811924	0.811197	0.810565	0.808541	0.808212	0.810256	0.813449	0.815548	0.817514	0.81948	0.820063	0.820647	0.821456	0.822265	0.822274	0.822283	0.82274	0.823197	0.823106	0.823016	0.823311	0.823606	0.823503	0.8234	0.82359	0.823779	0.823695	0.823611	0.823727	0.823843	0.823784	0.823726	0.823787	0.823848	0.823814	
0.847139	0.847104	0.847119	0.847133	0.847089	0.847046	0.847016	0.846986	0.846922	0.846859	0.846772	0.846685	0.846582	0.846479	0.846308	0.846138	0.845966	0.845794	0.845496	0.845197	0.844913	0.84463	0.844134	0.843638	0.843067	0.842496	0.841564	0.840632	0.839135	0.83735	0.836176	0.835946	0.835935	0.835245	0.835482	0.836722	0.838085	0.839664	0.840668	0.841671	0.842398	0.843125	0.843793	0.84446	0.844732	0.845003	0.845406	0.845808	0.845912	0.846016	0.84628	0.846545	0.846566	0.846588	0.846759	0.846931	0.846917	0.846903	0.847009	0.847115	0.847087	0.847059	0.847116	0.847173	0.847139	
0.870464	0.870429	0.870444	0.870458	0.870384	0.87031	0.870281	0.870252	0.870123	0.869993	0.869904	0.869816	0.869601	0.869386	0.869208	0.869029	0.868689	0.868348	0.868041	0.867733	0.867224	0.866715	0.866242	0.865769	0.865029	0.86429	0.864037	0.863783	0.862548	0.861313	0.860899	0.860485	0.860289	0.860093	0.861299	0.862506	0.863143	0.86378	0.863822	0.863863	0.864734	0.865604	0.86613	0.866655	0.867189	0.867723	0.868071	0.86842	0.868718	0.869015	0.869249	0.869483	0.869629	0.869775	0.869929	0.870083	0.870139	0.870194	0.870291	0.870387	0.87039	0.870393	0.870446	0.870499	0.870464	
0.893898	0.89387	0.893881	0.893892	0.893812	0.893732	0.893712	0.893691	0.893556	0.89342	0.893357	0.893294	0.893101	0.892908	0.892789	0.892669	0.892433	0.892197	0.892008	0.891819	0.891573	0.891326	0.891036	0.890746	0.890431	0.890116	0.889846	0.889577	0.88894	0.888303	0.888485	0.888667	0.888525	0.888383	0.88847	0.888558	0.889052	0.889546	0.889672	0.889798	0.890279	0.89076	0.891006	0.891253	0.891579	0.891905	0.892078	0.89225	0.892493	0.892736	0.892867	0.892998	0.893158	0.893318	0.893413	0.893507	0.893593	0.893679	0.893741	0.893804	0.893829	0.893854	0.89389	0.893926	0.893898	
0.917332	0.91731	0.917318	0.917326	0.917239	0.917153	0.917142	0.917131	0.916988	0.916846	0.916809	0.916772	0.916601	0.91643	0.91637	0.916309	0.916178	0.916047	0.915976	0.915905	0.915921	0.915937	0.91583	0.915723	0.915833	0.915942	0.915656	0.91537	0.915331	0.915292	0.91607	0.916848	0.916761	0.916673	0.915642	0.91461	0.914961	0.915311	0.915522	0.915734	0.915825	0.915916	0.915883	0.91585	0.915969	0.916087	0.916084	0.91608	0.916268	0.916457	0.916485	0.916513	0.916687	0.916861	0.916896	0.916931	0.917047	0.917163	0.917192	0.917221	0.917268	0.917314	0.917334	0.917353	0.917332	
0.940993	0.940982	0.940987	0.940991	0.940939	0.940888	0.94089	0.940892	0.940821	0.940751	0.94075	0.940749	0.940703	0.940658	0.940658	0.940657	0.9407	0.940742	0.94074	0.940738	0.940885	0.941032	0.940993	0.940953	0.940984	0.941016	0.940896	0.940777	0.94109	0.941404	0.941935	0.942466	0.942241	0.942017	0.941444	0.940872	0.940701	0.940531	0.940623	0.940715	0.940813	0.940911	0.940877	0.940843	0.940815	0.940787	0.940742	0.940697	0.940722	0.940746	0.940718	0.94069	0.940759	0.940827	0.940816	0.940804	0.94087	0.940937	0.940935	0.940933	0.940966	0.940999	0.941002	0.941005	0.940993	
0.964655	0.964654	0.964655	0.964656	0.964639	0.964622	0.964638	0.964654	0.964655	0.964655	0.96469	0.964725	0.964806	0.964886	0.964946	0.965005	0.965221	0.965437	0.965503	0.96557	0.965849	0.966128	0.966155	0.966182	0.966136	0.96609	0.966137	0.966183	0.966849	0.967515	0.9678	0.968084	0.967722	0.96736	0.967247	0.967134	0.966442	0.965751	0.965723	0.965696	0.965801	0.965906	0.965871	0.965836	0.965662	0.965488	0.965401	0.965314	0.965175	0.965036	0.964952	0.964868	0.964831	0.964793	0.964736	0.964678	0.964694	0.96471	0.964678	0.964645	0.964664	0.964683	0.96467	0.964656	0.964655	
0.988517	0.988524	0.988523	0.988522	0.988551	0.988579	0.988597	0.988616	0.988692	0.988767	0.988807	0.988846	0.989002	0.989157	0.989212	0.989267	0.989489	0.989712	0.98975	0.989789	0.989937	0.990086	0.990091	0.990096	0.989978	0.989859	0.990163	0.990466	0.990975	0.991484	0.991221	0.990957	0.990794	0.990631	0.991081	0.991532	0.990975	0.990419	0.990029	0.989638	0.989755	0.989872	0.98983	0.989787	0.98971	0.989634	0.989585	0.989536	0.989373	0.989209	0.989147	0.989086	0.98897	0.988855	0.988801	0.988748	0.988697	0.988646	0.988609	0.988573	0.98856	0.988548	0.988529	0.988511	0.988517	
1.01238	1.01239	1.01239	1.01239	1.01246	1.01254	1.01256	1.01258	1.01273	1.01288	1.01292	1.01297	1.0132	1.01343	1.01348	1.01353	1.01376	1.01399	1.014	1.01401	1.01403	1.01404	1.01403	1.01401	1.01382	1.01363	1.01419	1.01475	1.0151	1.01545	1.01464	1.01383	1.01387	1.0139	1.01492	1.01593	1.01551	1.01509	1.01433	1.01358	1.01371	1.01384	1.01379	1.01374	1.01376	1.01378	1.01377	1.01376	1.01357	1.01338	1.01334	1.0133	1.01311	1.01292	1.01287	1.01282	1.0127	1.01258	1.01254	1.0125	1.01246	1.01241	1.01239	1.01237	1.01238	
1.03629	1.0363	1.0363	1.0363	1.03638	1.03647	1.03649	1.0365	1.03666	1.03682	1.03685	1.03688	1.03707	1.03726	1.03729	1.03731	1.03744	1.03757	1.03757	1.03757	1.03754	1.0375	1.03756	1.03761	1.03769	1.03777	1.03809	1.03842	1.03859	1.03877	1.038	1.03723	1.03729	1.03736	1.03815	1.03893	1.03893	1.03892	1.03841	1.0379	1.03782	1.03773	1.03751	1.0373	1.03739	1.03748	1.03742	1.03736	1.03728	1.0372	1.03716	1.03712	1.03697	1.03681	1.03677	1.03674	1.03661	1.03649	1.03645	1.03642	1.03637	1.03631	1.03629	1.03627	1.03629	
1.06019	1.06021	1.06021	1.0602	1.06031	1.06041	1.06042	1.06043	1.06059	1.06076	1.06077	1.06079	1.06094	1.06109	1.0611	1.0611	1.06113	1.06115	1.06114	1.06113	1.06105	1.06096	1.06109	1.06121	1.06156	1.06191	1.062	1.06208	1.06208	1.06208	1.06135	1.06063	1.06072	1.06082	1.06138	1.06194	1.06235	1.06276	1.06249	1.06222	1.06192	1.06163	1.06124	1.06086	1.06102	1.06119	1.06108	1.06097	1.06099	1.06101	1.06098	1.06095	1.06082	1.0607	1.06068	1.06066	1.06052	1.06039	1.06037	1.06035	1.06028	1.06021	1.06019	1.06018	1.06019	
1.08398	1.084	1.08399	1.08399	1.08407	1.08416	1.08416	1.08416	1.08428	1.08441	1.0844	1.0844	1.08449	1.08458	1.08456	1.08454	1.08454	1.08455	1.08454	1.08453	1.08455	1.08458	1.0847	1.08483	1.0852	1.08557	1.08552	1.08546	1.08534	1.08522	1.08475	1.08427	1.08445	1.08463	1.08478	1.08492	1.08544	1.08595	1.08586	1.08577	1.08555	1.08532	1.08492	1.08451	1.08462	1.08474	1.08456	1.08438	1.08447	1.08456	1.08449	1.08443	1.08439	1.08435	1.08433	1.0843	1.08421	1.08413	1.08411	1.08409	1.08404	1.08399	1.08398	1.08396	1.08398	
1.10777	1.10779	1.10778	1.10777	1.10784	1.10791	1.1079	1.10789	1.10797	1.10806	1.10803	1.108	1.10804	1.10807	1.10802	1.10798	1.10796	1.10794	1.10793	1.10792	1.10806	1.10819	1.10832	1.10844	1.10884	1.10924	1.10904	1.10884	1.1086	1.10836	1.10814	1.10792	1.10818	1.10843	1.10817	1.10791	1.10852	1.10914	1.10923	1.10932	1.10917	1.10902	1.10859	1.10816	1.10823	1.1083	1.10804	1.10779	1.10794	1.1081	1.10801	1.10792	1.10796	1.108	1.10797	1.10794	1.1079	1.10786	1.10785	1.10784	1.1078	1.10777	1.10776	1.10775	1.10777	
1.13137	1.13139	1.13137	1.13136	1.1314	1.13145	1.13143	1.13141	1.13145	1.13149	1.13145	1.13141	1.13142	1.13142	1.13137	1.13133	1.13134	1.13136	1.13135	1.13135	1.13155	1.13174	1.13181	1.13187	1.13212	1.13237	1.13213	1.13189	1.13173	1.13157	1.13144	1.13132	1.13158	1.13184	1.1315	1.13116	1.13159	1.13202	1.13217	1.13232	1.13232	1.13231	1.13199	1.13168	1.13171	1.13174	1.13148	1.13121	1.13136	1.13152	1.1314	1.13127	1.13137	1.13147	1.13142	1.13137	1.13139	1.13141	1.13139	1.13137	1.13137	1.13137	1.13136	1.13135	1.13137	
1.15496	1.15498	1.15497	1.15495	1.15497	1.15499	1.15496	1.15493	1.15492	1.15492	1.15487	1.15482	1.1548	1.15477	1.15472	1.15467	1.15472	1.15477	1.15478	1.15479	1.15503	1.15528	1.15529	1.1553	1.1554	1.1555	1.15522	1.15495	1.15487	1.15479	1.15475	1.15471	1.15498	1.15524	1.15482	1.15441	1.15465	1.1549	1.15511	1.15532	1.15546	1.1556	1.1554	1.1552	1.15519	1.15519	1.15491	1.15462	1.15478	1.15494	1.15478	1.15462	1.15478	1.15494	1.15487	1.1548	1.15488	1.15496	1.15493	1.15491	1.15494	1.15497	1.15495	1.15494	1.15496	
1.17839	1.17842	1.1784	1.17837	1.17838	1.17838	1.17835	1.17831	1.17829	1.17827	1.17822	1.17817	1.17815	1.17813	1.17809	1.17805	1.17812	1.17819	1.17819	1.1782	1.17839	1.17858	1.17855	1.17852	1.17849	1.17846	1.17824	1.17801	1.17799	1.17796	1.17797	1.17797	1.1782	1.17843	1.17807	1.17771	1.17783	1.17796	1.17812	1.17829	1.17848	1.17867	1.17857	1.17848	1.1785	1.17852	1.17828	1.17804	1.17818	1.17832	1.17815	1.17798	1.17815	1.17832	1.17823	1.17814	1.17826	1.17838	1.17834	1.17829	1.17835	1.17842	1.17839	1.17836	1.17839	
1.20183	1.20186	1.20183	1.20179	1.20179	1.20178	1.20173	1.20169	1.20166	1.20162	1.20157	1.20152	1.20151	1.2015	1.20146	1.20142	1.20152	1.20161	1.20161	1.20161	1.20174	1.20187	1.2018	1.20174	1.20158	1.20141	1.20125	1.20108	1.20111	1.20114	1.20119	1.20123	1.20142	1.20161	1.20131	1.20101	1.20101	1.20101	1.20114	1.20126	1.2015	1.20175	1.20175	1.20175	1.2018	1.20184	1.20165	1.20145	1.20157	1.20169	1.20151	1.20133	1.20152	1.2017	1.20159	1.20149	1.20164	1.20179	1.20174	1.20168	1.20177	1.20186	1.20183	1.20179	1.20183	
1.22517	1.22522	1.22518	1.22514	1.22513	1.22513	1.22508	1.22503	1.22501	1.22498	1.22493	1.22489	1.22489	1.22489	1.22486	1.22484	1.22491	1.22499	1.22498	1.22497	1.22502	1.22506	1.22498	1.2249	1.22471	1.22452	1.22441	1.22429	1.22435	1.22441	1.22448	1.22456	1.22468	1.22481	1.22458	1.22435	1.22431	1.22426	1.22434	1.22443	1.22464	1.22485	1.2249	1.22496	1.22503	1.22511	1.22497	1.22484	1.22495	1.22505	1.22489	1.22473	1.2249	1.22507	1.22495	1.22484	1.225	1.22515	1.22509	1.22502	1.22512	1.22522	1.22518	1.22513	1.22517	
1.24852	1.24858	1.24853	1.24848	1.24848	1.24848	1.24843	1.24838	1.24836	1.24834	1.2483	1.24826	1.24827	1.24829	1.24827	1.24825	1.24831	1.24837	1.24835	1.24834	1.24829	1.24825	1.24816	1.24806	1.24784	1.24763	1.24757	1.2475	1.24759	1.24768	1.24778	1.24788	1.24794	1.24801	1.24785	1.24769	1.2476	1.24751	1.24755	1.2476	1.24777	1.24795	1.24806	1.24816	1.24827	1.24837	1.2483	1.24822	1.24832	1.24841	1.24827	1.24812	1.24828	1.24843	1.24831	1.24819	1.24835	1.24852	1.24843	1.24835	1.24847	1.24859	1.24853	1.24847	1.24852	
1.27188	1.27194	1.27189	1.27183	1.27185	1.27186	1.27181	1.27176	1.27176	1.27176	1.27172	1.27169	1.27171	1.27173	1.27171	1.2717	1.27172	1.27175	1.27173	1.27171	1.27161	1.27152	1.27143	1.27134	1.27115	1.27096	1.27094	1.27092	1.271	1.27107	1.27118	1.27128	1.2713	1.27132	1.27122	1.27111	1.27104	1.27096	1.27097	1.27098	1.27111	1.27125	1.27135	1.27146	1.27158	1.27169	1.27166	1.27162	1.27171	1.2718	1.27169	1.27157	1.2717	1.27184	1.27172	1.2716	1.27175	1.2719	1.27181	1.27172	1.27184	1.27195	1.27189	1.27182	1.27188	
1.29524	1.29531	1.29525	1.29519	1.29522	1.29524	1.29519	1.29514	1.29516	1.29518	1.29515	1.29512	1.29514	1.29517	1.29516	1.29515	1.29514	1.29513	1.2951	1.29508	1.29493	1.29478	1.2947	1.29463	1.29446	1.2943	1.29432	1.29434	1.29441	1.29447	1.29458	1.29469	1.29466	1.29464	1.29459	1.29454	1.29447	1.2944	1.29439	1.29437	1.29446	1.29454	1.29465	1.29476	1.29488	1.29501	1.29502	1.29502	1.29511	1.2952	1.29511	1.29501	1.29513	1.29524	1.29513	1.29501	1.29515	1.29528	1.29519	1.29509	1.29521	1.29532	1.29525	1.29518	1.29524	
1.31867	1.31874	1.31868	1.31862	1.31866	1.3187	1.31865	1.31861	1.31863	1.31866	1.31864	1.31862	1.31864	1.31866	1.31865	1.31865	1.31861	1.31857	1.31854	1.31852	1.31836	1.3182	1.31815	1.31809	1.31796	1.31784	1.31788	1.31792	1.31797	1.31802	1.31811	1.3182	1.31816	1.31812	1.3181	1.31808	1.31803	1.31797	1.31795	1.31792	1.31798	1.31803	1.31812	1.31821	1.31832	1.31844	1.31846	1.31849	1.31857	1.31865	1.31859	1.31852	1.31861	1.31871	1.3186	1.3185	1.31862	1.31873	1.31864	1.31855	1.31865	1.31875	1.31868	1.3186	1.31867	
1.3421	1.34217	1.34211	1.34205	1.3421	1.34215	1.34211	1.34207	1.34211	1.34215	1.34213	1.34212	1.34213	1.34215	1.34215	1.34214	1.34208	1.34201	1.34199	1.34196	1.3418	1.34163	1.34159	1.34155	1.34146	1.34138	1.34144	1.34149	1.34153	1.34156	1.34164	1.34172	1.34165	1.34159	1.34161	1.34162	1.34158	1.34154	1.34151	1.34148	1.3415	1.34151	1.34159	1.34166	1.34177	1.34187	1.34191	1.34196	1.34203	1.34211	1.34207	1.34202	1.3421	1.34217	1.34208	1.34199	1.34209	1.34218	1.34209	1.342	1.34209	1.34218	1.34211	1.34203	1.3421	
1.36563	1.3657	1.36564	1.36559	1.36564	1.36569	1.36566	1.36562	1.36566	1.36571	1.3657	1.36568	1.36569	1.3657	1.3657	1.3657	1.36563	1.36555	1.36553	1.36551	1.36536	1.36522	1.36519	1.36516	1.36511	1.36505	1.36511	1.36516	1.36518	1.3652	1.36527	1.36533	1.36527	1.36521	1.36523	1.36526	1.36523	1.3652	1.36517	1.36514	1.36514	1.36515	1.36521	1.36526	1.36535	1.36543	1.36547	1.36552	1.36559	1.36566	1.36563	1.3656	1.36566	1.36572	1.36564	1.36557	1.36564	1.36571	1.36563	1.36555	1.36563	1.36571	1.36563	1.36556	1.36563	
1.38916	1.38922	1.38917	1.38912	1.38918	1.38924	1.38921	1.38917	1.38922	1.38927	1.38926	1.38925	1.38926	1.38926	1.38926	1.38926	1.38918	1.38909	1.38908	1.38906	1.38893	1.3888	1.38879	1.38878	1.38875	1.38872	1.38878	1.38884	1.38884	1.38884	1.38889	1.38894	1.38888	1.38882	1.38886	1.3889	1.38888	1.38886	1.38883	1.3888	1.38879	1.38879	1.38882	1.38886	1.38892	1.38899	1.38904	1.38908	1.38914	1.3892	1.38919	1.38917	1.38922	1.38926	1.3892	1.38914	1.3892	1.38925	1.38918	1.3891	1.38917	1.38923	1.38916	1.3891	1.38916	
1.41279	1.41284	1.4128	1.41275	1.4128	1.41286	1.41283	1.41281	1.41285	1.41289	1.41288	1.41288	1.41288	1.41288	1.41288	1.41288	1.41281	1.41273	1.41272	1.41271	1.4126	1.4125	1.4125	1.41249	1.41247	1.41246	1.41251	1.41256	1.41256	1.41256	1.41259	1.41262	1.41258	1.41253	1.41256	1.4126	1.41258	1.41257	1.41254	1.41252	1.41251	1.4125	1.41253	1.41255	1.4126	1.41265	1.41269	1.41273	1.41278	1.41283	1.41282	1.41281	1.41284	1.41288	1.41283	1.41279	1.41282	1.41286	1.4128	1.41274	1.41279	1.41284	1.41279	1.41273	1.41279	
1.43641	1.43645	1.43642	1.43639	1.43643	1.43648	1.43646	1.43644	1.43647	1.43651	1.43651	1.4365	1.4365	1.4365	1.4365	1.4365	1.43644	1.43637	1.43636	1.43635	1.43628	1.43621	1.4362	1.4362	1.4362	1.4362	1.43624	1.43628	1.43627	1.43627	1.43629	1.43631	1.43627	1.43624	1.43627	1.4363	1.43629	1.43628	1.43626	1.43625	1.43623	1.43622	1.43623	1.43625	1.43628	1.43631	1.43634	1.43637	1.43641	1.43645	1.43645	1.43645	1.43647	1.43649	1.43646	1.43643	1.43645	1.43648	1.43643	1.43639	1.43642	1.43646	1.43641	1.43637	1.43641	
1.4601	1.46013	1.46011	1.46009	1.46012	1.46015	1.46014	1.46012	1.46015	1.46017	1.46017	1.46017	1.46017	1.46016	1.46016	1.46017	1.46012	1.46008	1.46007	1.46007	1.46002	1.45997	1.45997	1.45997	1.45997	1.45997	1.45999	1.46002	1.46002	1.46001	1.46003	1.46004	1.46002	1.45999	1.46001	1.46003	1.46003	1.46002	1.46001	1.46	1.45999	1.45998	1.45999	1.46	1.46002	1.46004	1.46006	1.46008	1.46011	1.46013	1.46013	1.46013	1.46015	1.46016	1.46014	1.46012	1.46013	1.46015	1.46012	1.46009	1.46011	1.46013	1.46011	1.46008	1.4601	
1.4838	1.48381	1.4838	1.48379	1.48381	1.48382	1.48382	1.48381	1.48382	1.48384	1.48383	1.48383	1.48383	1.48383	1.48383	1.48383	1.48381	1.48378	1.48378	1.48378	1.48375	1.48373	1.48373	1.48373	1.48373	1.48373	1.48375	1.48376	1.48376	1.48376	1.48376	1.48377	1.48376	1.48374	1.48376	1.48377	1.48377	1.48376	1.48376	1.48375	1.48375	1.48374	1.48374	1.48375	1.48376	1.48377	1.48378	1.48379	1.4838	1.48381	1.48381	1.48381	1.48382	1.48383	1.48382	1.48381	1.48381	1.48382	1.48381	1.48379	1.4838	1.48381	1.4838	1.48378	1.4838	
1.50751	1.50751	1.50751	1.50751	1.50751	1.50751	1.50751	1.50751	1.50751	1.50751	1.50751	1.50751	1.50751	1.50751	1.50751	1.50751	1.50751	1.50751	1.50751	1.50751	1.50751	1.50751	1.50751	1.50751	1.50751	1.50751	1.50751	1.50751	1.50751	1.50751	1.50751	1.50751	1.50751	1.50751	1.50751	1.50751	1.50751	1.50751	1.50751	1.50751	1.50751	1.50751	1.50751	1.50751	1.50751	1.50751	1.50751	1.50751	1.50751	1.50751	1.50751	1.50751	1.50751	1.50751	1.50751	1.50751	1.50751	1.50751	1.50751	1.50751	1.50751	1.50751	1.50751	1.50751	1.50751	
