x=105	y=200	z=200	n=65	len=1
b
0	0	0	0	0	0	0	0	0	0	0	0	0	0	0	0	0	0	0	0	0	0	0	0	0	0	0	0	0	0	0	0	0	0	0	0	0	0	0	0	0	0	0	0	0	0	0	0	0	0	0	0	0	0	0	0	0	0	0	0	0	0	0	0	0	
0.0235301	0.0235288	0.02353	0.0235311	0.0235333	0.0235354	0.0235375	0.0235396	0.0235454	0.0235513	0.0235554	0.0235595	0.0235685	0.0235775	0.023583	0.0235885	0.0235973	0.0236062	0.0236091	0.023612	0.0236153	0.0236187	0.0236146	0.0236104	0.0236074	0.0236045	0.0235977	0.0235909	0.0235897	0.0235885	0.0235888	0.0235891	0.0235904	0.0235918	0.0235887	0.0235857	0.0235925	0.0235993	0.0236012	0.0236032	0.0236115	0.0236198	0.0236202	0.0236205	0.0236198	0.0236191	0.0236149	0.0236107	0.0236017	0.0235928	0.0235878	0.0235828	0.0235721	0.0235614	0.0235588	0.0235561	0.0235479	0.0235397	0.0235394	0.0235391	0.0235345	0.0235298	0.0235306	0.0235313	0.0235301	
0.0470624	0.0470601	0.047062	0.0470639	0.047068	0.0470722	0.0470757	0.0470792	0.0470905	0.0471019	0.0471092	0.0471166	0.0471344	0.0471522	0.0471627	0.0471732	0.0471916	0.0472099	0.0472161	0.0472223	0.0472305	0.0472387	0.0472311	0.0472235	0.0472188	0.0472141	0.0471999	0.0471857	0.0471836	0.0471814	0.0471814	0.0471814	0.0471843	0.0471872	0.0471815	0.0471758	0.0471888	0.0472018	0.0472071	0.0472124	0.0472266	0.0472408	0.0472423	0.0472437	0.0472395	0.0472353	0.0472275	0.0472198	0.0472005	0.0471812	0.0471722	0.0471633	0.0471418	0.0471203	0.0471159	0.0471114	0.0470955	0.0470795	0.0470794	0.0470793	0.0470704	0.0470616	0.0470632	0.0470647	0.0470624	
0.0705947	0.0705914	0.070594	0.0705967	0.0706028	0.070609	0.0706139	0.0706188	0.0706356	0.0706525	0.0706631	0.0706737	0.0707003	0.0707269	0.0707424	0.070758	0.0707858	0.0708136	0.0708231	0.0708325	0.0708457	0.0708588	0.0708477	0.0708366	0.0708302	0.0708237	0.0708021	0.0707805	0.0707775	0.0707744	0.0707741	0.0707737	0.0707781	0.0707825	0.0707742	0.0707659	0.070785	0.0708042	0.0708129	0.0708215	0.0708417	0.0708619	0.0708644	0.0708669	0.0708592	0.0708515	0.0708402	0.0708289	0.0707993	0.0707697	0.0707567	0.0707437	0.0707114	0.0706792	0.070673	0.0706668	0.0706431	0.0706194	0.0706194	0.0706194	0.0706064	0.0705934	0.0705957	0.0705981	0.0705947	
0.0941312	0.0941268	0.0941298	0.0941328	0.0941399	0.0941471	0.094152	0.094157	0.0941776	0.0941982	0.0942102	0.0942221	0.0942561	0.0942901	0.0943095	0.094329	0.0943668	0.0944047	0.094419	0.0944333	0.0944543	0.0944752	0.094464	0.0944527	0.0944466	0.0944404	0.0944114	0.0943824	0.0943781	0.0943738	0.0943717	0.0943695	0.0943776	0.0943856	0.0943737	0.0943617	0.0943892	0.0944168	0.0944277	0.0944385	0.0944627	0.0944869	0.0944872	0.0944875	0.0944728	0.0944582	0.094442	0.0944257	0.0943849	0.094344	0.0943282	0.0943124	0.0942705	0.0942287	0.0942227	0.0942168	0.094187	0.0941572	0.0941589	0.0941606	0.0941444	0.0941283	0.0941319	0.0941355	0.0941312	
0.117668	0.117662	0.117666	0.117669	0.117677	0.117685	0.11769	0.117695	0.11772	0.117744	0.117757	0.117771	0.117812	0.117853	0.117877	0.1179	0.117948	0.117996	0.118015	0.118034	0.118063	0.118092	0.11808	0.118069	0.118063	0.118057	0.118021	0.117984	0.117979	0.117973	0.117969	0.117965	0.117977	0.117989	0.117973	0.117957	0.117993	0.118029	0.118042	0.118056	0.118084	0.118112	0.11811	0.118108	0.118086	0.118065	0.118044	0.118023	0.11797	0.117918	0.1179	0.117881	0.11783	0.117778	0.117773	0.117767	0.117731	0.117695	0.117698	0.117702	0.117682	0.117663	0.117668	0.117673	0.117668	
0.141213	0.141207	0.14121	0.141213	0.141221	0.141229	0.141232	0.141235	0.14126	0.141286	0.141297	0.141308	0.141354	0.1414	0.141425	0.14145	0.141507	0.141565	0.14159	0.141615	0.141657	0.141698	0.141692	0.141686	0.141686	0.141686	0.141644	0.141601	0.141595	0.141589	0.141581	0.141573	0.14159	0.141608	0.141589	0.14157	0.141613	0.141656	0.141672	0.141689	0.141712	0.141734	0.141729	0.141723	0.141686	0.141649	0.141625	0.1416	0.141535	0.141469	0.141451	0.141434	0.141375	0.141316	0.141314	0.141312	0.141273	0.141234	0.141241	0.141247	0.141227	0.141206	0.141213	0.14122	0.141213	
0.164759	0.164753	0.164755	0.164757	0.164765	0.164773	0.164773	0.164774	0.164801	0.164827	0.164837	0.164846	0.164897	0.164947	0.164973	0.164999	0.165067	0.165134	0.165165	0.165196	0.165251	0.165305	0.165304	0.165303	0.165309	0.165315	0.165267	0.165218	0.165212	0.165206	0.165193	0.16518	0.165203	0.165227	0.165205	0.165182	0.165232	0.165283	0.165302	0.165322	0.16534	0.165357	0.165347	0.165338	0.165286	0.165234	0.165205	0.165177	0.165099	0.16502	0.165003	0.164986	0.16492	0.164854	0.164856	0.164857	0.164815	0.164773	0.164783	0.164793	0.164771	0.164749	0.164758	0.164766	0.164759	
0.188317	0.18831	0.188312	0.188313	0.188319	0.188325	0.188321	0.188318	0.188342	0.188366	0.18837	0.188374	0.188424	0.188474	0.188496	0.188519	0.188593	0.188667	0.188703	0.188739	0.18881	0.18888	0.188891	0.188902	0.188922	0.188942	0.188895	0.188847	0.18884	0.188833	0.188815	0.188797	0.188828	0.188859	0.188836	0.188813	0.188866	0.188919	0.188939	0.18896	0.18896	0.18896	0.188942	0.188923	0.188851	0.188779	0.188748	0.188718	0.188629	0.18854	0.188528	0.188517	0.188448	0.18838	0.188389	0.188397	0.188356	0.188314	0.18833	0.188345	0.188325	0.188304	0.188314	0.188324	0.188317	
0.211876	0.211868	0.211868	0.211868	0.211872	0.211877	0.211869	0.211861	0.211883	0.211905	0.211903	0.211901	0.21195	0.212	0.212019	0.212038	0.212119	0.2122	0.212241	0.212282	0.212368	0.212455	0.212478	0.212501	0.212535	0.212569	0.212522	0.212476	0.212468	0.212459	0.212436	0.212413	0.212452	0.212491	0.212467	0.212443	0.212499	0.212555	0.212576	0.212597	0.21258	0.212563	0.212536	0.212509	0.212416	0.212323	0.212291	0.212258	0.212159	0.212059	0.212053	0.212047	0.211976	0.211906	0.211922	0.211938	0.211897	0.211856	0.211877	0.211898	0.211878	0.211858	0.21187	0.211883	0.211876	
0.23545	0.235443	0.235442	0.23544	0.235442	0.235443	0.23543	0.235417	0.235433	0.235449	0.235438	0.235427	0.235469	0.235511	0.235521	0.23553	0.23561	0.235689	0.235729	0.235769	0.23587	0.235971	0.236011	0.23605	0.236109	0.236168	0.236137	0.236106	0.236101	0.236096	0.236067	0.236038	0.236079	0.236121	0.236107	0.236094	0.236137	0.23618	0.236198	0.236217	0.236164	0.236111	0.236076	0.23604	0.235925	0.235809	0.235782	0.235755	0.235652	0.235549	0.235554	0.23556	0.235494	0.235428	0.235454	0.23548	0.235445	0.23541	0.235436	0.235462	0.235446	0.235429	0.235443	0.235457	0.23545	
0.259025	0.259019	0.259015	0.259012	0.259011	0.259009	0.258991	0.258973	0.258983	0.258993	0.258973	0.258952	0.258988	0.259023	0.259022	0.259022	0.2591	0.259178	0.259217	0.259256	0.259371	0.259487	0.259543	0.2596	0.259684	0.259767	0.259752	0.259736	0.259735	0.259733	0.259698	0.259662	0.259707	0.259751	0.259748	0.259745	0.259775	0.259805	0.259821	0.259837	0.259748	0.259659	0.259615	0.259571	0.259433	0.259295	0.259273	0.259251	0.259144	0.259038	0.259055	0.259072	0.259012	0.258951	0.258987	0.259022	0.258993	0.258964	0.258995	0.259027	0.259014	0.259	0.259016	0.259032	0.259025	
0.282616	0.28261	0.282606	0.282602	0.282597	0.282592	0.28257	0.282548	0.282549	0.28255	0.282521	0.282491	0.282512	0.282533	0.282517	0.282501	0.282564	0.282626	0.282652	0.282679	0.282795	0.282912	0.282978	0.283045	0.283159	0.283273	0.283289	0.283305	0.28332	0.283335	0.283287	0.283239	0.283265	0.28329	0.283336	0.283382	0.283373	0.283364	0.283365	0.283366	0.283235	0.283104	0.283055	0.283007	0.28286	0.282714	0.282707	0.2827	0.282605	0.28251	0.282544	0.282578	0.282531	0.282484	0.282529	0.282574	0.282555	0.282535	0.28257	0.282605	0.282597	0.282588	0.282605	0.282622	0.282616	
0.306206	0.306201	0.306196	0.306191	0.306183	0.306174	0.306149	0.306123	0.306116	0.306108	0.306069	0.30603	0.306036	0.306042	0.306011	0.30598	0.306027	0.306075	0.306088	0.306101	0.306219	0.306336	0.306413	0.306491	0.306635	0.306778	0.306826	0.306874	0.306905	0.306936	0.306876	0.306816	0.306823	0.306829	0.306925	0.30702	0.306972	0.306923	0.306909	0.306894	0.306721	0.306548	0.306495	0.306442	0.306287	0.306132	0.306141	0.30615	0.306066	0.305982	0.306033	0.306083	0.30605	0.306017	0.306072	0.306126	0.306116	0.306106	0.306145	0.306184	0.30618	0.306177	0.306194	0.306211	0.306206	
0.329808	0.329804	0.3298	0.329795	0.329784	0.329773	0.329748	0.329723	0.329707	0.32969	0.329647	0.329603	0.329591	0.329579	0.329531	0.329484	0.329501	0.329519	0.329506	0.329492	0.329582	0.329672	0.329736	0.329801	0.329961	0.33012	0.330205	0.33029	0.330339	0.330388	0.330334	0.33028	0.33027	0.33026	0.330401	0.330543	0.330443	0.330342	0.330295	0.330247	0.330053	0.329859	0.329819	0.329779	0.329648	0.329516	0.32955	0.329583	0.329531	0.329478	0.329542	0.329606	0.329595	0.329584	0.329641	0.329698	0.3297	0.329703	0.32974	0.329776	0.329778	0.32978	0.329796	0.329812	0.329808	
0.35341	0.353408	0.353403	0.353399	0.353386	0.353372	0.353347	0.353322	0.353298	0.353273	0.353225	0.353176	0.353146	0.353115	0.353052	0.352988	0.352976	0.352964	0.352924	0.352883	0.352945	0.353008	0.353059	0.353111	0.353287	0.353462	0.353584	0.353706	0.353773	0.353841	0.353792	0.353744	0.353717	0.353691	0.353878	0.354066	0.353914	0.353761	0.35368	0.3536	0.353385	0.353169	0.353142	0.353115	0.353008	0.352901	0.352959	0.353017	0.352995	0.352974	0.353051	0.353128	0.35314	0.353151	0.35321	0.35327	0.353284	0.353299	0.353334	0.353369	0.353377	0.353384	0.353398	0.353412	0.35341	
0.377011	0.37701	0.377007	0.377005	0.376991	0.376977	0.376959	0.37694	0.376911	0.376882	0.376839	0.376796	0.376751	0.376706	0.376636	0.376566	0.376519	0.376472	0.376401	0.37633	0.376332	0.376334	0.376338	0.376341	0.376473	0.376605	0.376718	0.376831	0.376942	0.377054	0.377045	0.377036	0.376989	0.376941	0.377131	0.37732	0.377124	0.376928	0.37682	0.376712	0.376553	0.376394	0.376405	0.376415	0.376373	0.376331	0.376414	0.376497	0.376517	0.376538	0.376618	0.376698	0.37673	0.376762	0.376814	0.376866	0.37689	0.376914	0.376941	0.376968	0.376979	0.37699	0.377001	0.377012	0.377011	
0.400611	0.400612	0.400612	0.400612	0.400597	0.400582	0.40057	0.400558	0.400524	0.40049	0.400453	0.400415	0.400355	0.400296	0.40022	0.400143	0.400061	0.399979	0.399878	0.399777	0.399719	0.39966	0.399616	0.399572	0.39966	0.399748	0.399852	0.399956	0.400111	0.400266	0.400297	0.400328	0.40026	0.400192	0.400383	0.400573	0.400334	0.400095	0.39996	0.399824	0.399722	0.399619	0.399668	0.399716	0.399739	0.399762	0.399869	0.399977	0.40004	0.400103	0.400185	0.400267	0.400321	0.400374	0.400418	0.400462	0.400495	0.400528	0.400547	0.400566	0.400582	0.400597	0.400604	0.400611	0.400611	
0.424195	0.424196	0.4242	0.424203	0.42419	0.424178	0.424177	0.424177	0.424145	0.424112	0.424093	0.424073	0.424011	0.423949	0.423889	0.423828	0.423727	0.423625	0.423516	0.423406	0.423285	0.423163	0.423061	0.422958	0.422931	0.422905	0.422933	0.422962	0.42314	0.423319	0.423382	0.423444	0.423414	0.423384	0.423441	0.423497	0.4233	0.423103	0.423036	0.422969	0.422978	0.422987	0.423078	0.423168	0.423271	0.423373	0.423477	0.423581	0.423679	0.423777	0.423837	0.423896	0.423963	0.424029	0.424051	0.424073	0.42411	0.424147	0.424152	0.424156	0.424173	0.42419	0.424191	0.424193	0.424195	
0.447778	0.447781	0.447788	0.447795	0.447784	0.447773	0.447784	0.447796	0.447765	0.447735	0.447733	0.447731	0.447667	0.447603	0.447558	0.447513	0.447392	0.447271	0.447154	0.447036	0.446851	0.446666	0.446505	0.446345	0.446203	0.446061	0.446014	0.445967	0.44617	0.446372	0.446466	0.44656	0.446568	0.446576	0.446498	0.446421	0.446265	0.44611	0.446111	0.446113	0.446234	0.446355	0.446488	0.446621	0.446802	0.446984	0.447084	0.447184	0.447318	0.447452	0.447489	0.447526	0.447605	0.447683	0.447683	0.447683	0.447724	0.447765	0.447756	0.447746	0.447764	0.447783	0.447779	0.447775	0.447778	
0.471328	0.471331	0.471342	0.471352	0.471344	0.471335	0.471359	0.471383	0.47136	0.471336	0.47136	0.471383	0.471331	0.47128	0.471273	0.471267	0.471161	0.471055	0.470978	0.470901	0.470709	0.470517	0.470359	0.4702	0.46996	0.469719	0.469622	0.469525	0.469554	0.469584	0.469575	0.469565	0.469598	0.469631	0.469602	0.469573	0.469591	0.469608	0.46966	0.469711	0.46994	0.470169	0.470288	0.470407	0.470618	0.470829	0.470883	0.470937	0.471069	0.471201	0.471197	0.471192	0.471264	0.471336	0.47131	0.471283	0.471319	0.471356	0.471332	0.471309	0.471325	0.471341	0.471333	0.471325	0.471328	
0.494878	0.494881	0.494895	0.494909	0.494903	0.494898	0.494934	0.494971	0.494954	0.494938	0.494986	0.495035	0.494996	0.494957	0.494989	0.495021	0.49493	0.494839	0.494802	0.494765	0.494567	0.494368	0.494212	0.494056	0.493716	0.493376	0.493229	0.493082	0.492939	0.492796	0.492683	0.492571	0.492628	0.492685	0.492706	0.492726	0.492917	0.493107	0.493208	0.493309	0.493646	0.493983	0.494089	0.494194	0.494434	0.494674	0.494682	0.494689	0.49482	0.494951	0.494905	0.494858	0.494924	0.494989	0.494936	0.494882	0.494914	0.494946	0.494909	0.494872	0.494886	0.4949	0.494887	0.494875	0.494878	
0.518389	0.518392	0.518407	0.518422	0.518418	0.518415	0.518458	0.518501	0.518491	0.518482	0.518548	0.518613	0.518593	0.518573	0.518645	0.518717	0.518666	0.518616	0.518653	0.518691	0.51855	0.51841	0.518358	0.518306	0.517946	0.517586	0.51749	0.517394	0.517292	0.51719	0.516981	0.516772	0.517004	0.517237	0.517223	0.51721	0.517299	0.517388	0.5174	0.517412	0.517819	0.518226	0.518214	0.518202	0.518407	0.518611	0.518539	0.518467	0.518564	0.51866	0.518573	0.518485	0.518532	0.518578	0.518507	0.518435	0.518458	0.518481	0.518438	0.518394	0.518404	0.518415	0.518401	0.518387	0.518389	
0.5419	0.541902	0.541918	0.541934	0.541933	0.541932	0.541981	0.54203	0.542028	0.542026	0.542109	0.542192	0.542191	0.54219	0.542301	0.542413	0.542403	0.542393	0.542505	0.542617	0.542534	0.542452	0.542504	0.542556	0.542176	0.541796	0.541751	0.541706	0.541645	0.541584	0.541278	0.540973	0.54138	0.541788	0.54174	0.541693	0.541682	0.54167	0.541593	0.541516	0.541992	0.542468	0.54234	0.542211	0.542379	0.542547	0.542396	0.542244	0.542307	0.54237	0.542241	0.542111	0.542139	0.542167	0.542078	0.541988	0.542002	0.542017	0.541966	0.541916	0.541923	0.54193	0.541914	0.541898	0.5419	
0.565382	0.565383	0.565397	0.565411	0.56541	0.565409	0.565453	0.565497	0.565498	0.565498	0.565577	0.565655	0.565663	0.565671	0.565789	0.565906	0.565925	0.565943	0.566092	0.566241	0.566239	0.566238	0.566379	0.566521	0.566321	0.566122	0.566186	0.56625	0.565889	0.565529	0.565781	0.566034	0.566505	0.566977	0.566315	0.565653	0.565873	0.566094	0.566034	0.565974	0.566202	0.56643	0.566266	0.566102	0.566147	0.566191	0.566027	0.565862	0.565872	0.565881	0.565756	0.565631	0.565636	0.565642	0.565561	0.565481	0.565485	0.56549	0.565446	0.565403	0.565406	0.565408	0.565395	0.565382	0.565382	
0.588865	0.588863	0.588876	0.588888	0.588888	0.588887	0.588925	0.588964	0.588967	0.588971	0.589044	0.589118	0.589135	0.589153	0.589276	0.5894	0.589447	0.589494	0.589679	0.589865	0.589944	0.590024	0.590255	0.590486	0.590467	0.590448	0.590621	0.590794	0.590134	0.589501	0.59008	0.590265	0.591075	0.591543	0.590863	0.589569	0.589528	0.590517	0.590475	0.590433	0.590412	0.590392	0.590193	0.589994	0.589915	0.589835	0.589657	0.58948	0.589436	0.589392	0.589271	0.58915	0.589133	0.589116	0.589045	0.588973	0.588968	0.588963	0.588927	0.58889	0.588888	0.588887	0.588876	0.588866	0.588865	
0.612345	0.612342	0.61235	0.612359	0.612358	0.612357	0.612381	0.612405	0.612409	0.612413	0.61246	0.612507	0.612523	0.612539	0.612623	0.612706	0.612753	0.612799	0.612935	0.613071	0.613176	0.61328	0.613463	0.613647	0.613801	0.613955	0.614128	0.614301	0.613707	0.612431	0.612462	0.613285	0.61247	0.611385	0.611878	0.612048	0.613095	0.614023	0.614056	0.61409	0.613833	0.613576	0.613463	0.613351	0.613205	0.613059	0.612952	0.612844	0.612777	0.61271	0.612639	0.612569	0.61254	0.612511	0.612472	0.612432	0.612419	0.612407	0.612388	0.612369	0.612363	0.612357	0.612353	0.612348	0.612345	
0.635826	0.635821	0.635825	0.63583	0.635829	0.635828	0.635837	0.635846	0.63585	0.635854	0.635875	0.635895	0.63591	0.635925	0.635969	0.636013	0.636059	0.636104	0.636191	0.636278	0.636407	0.636536	0.636671	0.636807	0.637134	0.637462	0.637634	0.637807	0.637279	0.636671	0.635761	0.638976	0.637505	0.630942	0.63446	0.636027	0.636917	0.637528	0.637637	0.637747	0.637254	0.63676	0.636734	0.636708	0.636495	0.636283	0.636246	0.636209	0.636118	0.636027	0.636007	0.635987	0.635947	0.635906	0.635898	0.63589	0.635871	0.635851	0.635849	0.635848	0.635838	0.635828	0.635829	0.63583	0.635826	
0.659334	0.659328	0.659328	0.659329	0.659329	0.65933	0.659325	0.65932	0.659326	0.659332	0.659325	0.659317	0.65933	0.659342	0.659337	0.659333	0.659356	0.659379	0.659391	0.659402	0.659451	0.659499	0.659543	0.659586	0.659692	0.659799	0.659933	0.660067	0.659893	0.660542	0.659753	0.666278	0.690252	0.66101	0.659821	0.660686	0.660358	0.659925	0.660015	0.660105	0.659824	0.659544	0.659614	0.659685	0.659543	0.6594	0.659448	0.659496	0.659419	0.659342	0.659378	0.659414	0.65937	0.659326	0.65935	0.659375	0.659349	0.659324	0.659339	0.659353	0.65934	0.659326	0.659333	0.65934	0.659334	
0.682842	0.682835	0.682832	0.682828	0.68283	0.682832	0.682813	0.682794	0.682802	0.68281	0.682775	0.682739	0.682749	0.682758	0.682706	0.682653	0.682654	0.682654	0.68259	0.682527	0.682495	0.682462	0.682414	0.682365	0.68225	0.682135	0.682231	0.682327	0.682507	0.682729	0.683001	0.682803	0.718341	0.68705	0.684684	0.683436	0.682797	0.682322	0.682392	0.682463	0.682395	0.682328	0.682495	0.682662	0.68259	0.682518	0.682651	0.682784	0.682721	0.682658	0.682749	0.68284	0.682793	0.682745	0.682802	0.682859	0.682828	0.682797	0.682828	0.682859	0.682842	0.682824	0.682836	0.682849	0.682842	
0.706392	0.706384	0.70638	0.706375	0.706379	0.706384	0.70636	0.706337	0.706349	0.706362	0.706318	0.706274	0.706287	0.7063	0.706235	0.70617	0.706163	0.706157	0.706077	0.705997	0.70592	0.705843	0.705779	0.705715	0.70547	0.705226	0.705128	0.70503	0.705211	0.704705	0.704803	0.703922	0.759132	0.704294	0.704935	0.704806	0.704837	0.704954	0.705218	0.705482	0.705545	0.705607	0.705819	0.70603	0.705988	0.705945	0.706114	0.706283	0.706217	0.706152	0.706267	0.706381	0.706325	0.706269	0.70634	0.706411	0.706372	0.706334	0.706373	0.706412	0.70639	0.706368	0.706384	0.706399	0.706392	
0.729941	0.729933	0.729928	0.729922	0.729929	0.729936	0.729907	0.729879	0.729896	0.729914	0.729861	0.729808	0.729825	0.729842	0.729764	0.729687	0.729673	0.729659	0.729563	0.729467	0.729345	0.729224	0.729144	0.729065	0.72869	0.728316	0.728024	0.727733	0.727915	0.728091	0.727735	0.726208	0.758853	0.725505	0.72669	0.727147	0.727735	0.727587	0.728045	0.728502	0.728695	0.728887	0.729143	0.729398	0.729385	0.729371	0.729577	0.729782	0.729714	0.729647	0.729784	0.729922	0.729857	0.729793	0.729878	0.729963	0.729917	0.729871	0.729918	0.729965	0.729939	0.729913	0.729931	0.72995	0.729941	
0.753525	0.753517	0.753513	0.753509	0.753518	0.753526	0.753502	0.753479	0.753499	0.753519	0.753477	0.753435	0.753457	0.753479	0.753423	0.753366	0.753365	0.753363	0.753303	0.753243	0.75317	0.753098	0.753057	0.753016	0.752844	0.752672	0.752619	0.752567	0.752887	0.752963	0.752982	0.754347	0.749462	0.75353	0.752444	0.751941	0.752314	0.752371	0.752558	0.752744	0.752798	0.752851	0.753043	0.753234	0.753189	0.753145	0.753306	0.753468	0.753393	0.753319	0.753434	0.753549	0.753482	0.753414	0.753489	0.753564	0.753515	0.753467	0.75351	0.753553	0.753526	0.753498	0.753516	0.753534	0.753525	
0.777109	0.777101	0.777099	0.777097	0.777106	0.777116	0.777097	0.777078	0.777102	0.777125	0.777093	0.777062	0.777089	0.777116	0.777081	0.777046	0.777057	0.777068	0.777043	0.777019	0.776996	0.776972	0.776969	0.776966	0.776997	0.777027	0.777214	0.777401	0.77786	0.778219	0.778584	0.780398	0.78292	0.780313	0.778691	0.777904	0.777467	0.777155	0.777071	0.776986	0.776901	0.776815	0.776943	0.77707	0.776994	0.776918	0.777036	0.777154	0.777072	0.776991	0.777084	0.777176	0.777106	0.777035	0.7771	0.777164	0.777114	0.777063	0.777102	0.777141	0.777113	0.777084	0.777101	0.777118	0.777109	
0.800703	0.800695	0.800696	0.800696	0.800703	0.80071	0.8007	0.80069	0.800707	0.800723	0.800708	0.800693	0.800708	0.800724	0.800713	0.800703	0.8007	0.800696	0.800703	0.80071	0.800683	0.800657	0.800677	0.800698	0.800779	0.80086	0.800841	0.800823	0.801128	0.802047	0.802277	0.802688	0.803026	0.802773	0.802357	0.802024	0.801442	0.800656	0.800714	0.800773	0.800681	0.800588	0.800656	0.800723	0.800674	0.800624	0.800696	0.800768	0.800709	0.800651	0.800714	0.800777	0.80072	0.800664	0.800712	0.80076	0.800716	0.800672	0.800703	0.800734	0.800708	0.800682	0.800697	0.800712	0.800703	
0.824297	0.824289	0.824292	0.824296	0.8243	0.824304	0.824303	0.824301	0.824312	0.824322	0.824323	0.824324	0.824328	0.824332	0.824346	0.824361	0.824343	0.824324	0.824363	0.824401	0.824371	0.824341	0.824385	0.824429	0.824561	0.824692	0.824469	0.824245	0.824396	0.824642	0.824639	0.824623	0.82459	0.824667	0.824757	0.824683	0.824479	0.824157	0.824358	0.824559	0.82446	0.824361	0.824369	0.824377	0.824354	0.824331	0.824356	0.824381	0.824346	0.824311	0.824344	0.824378	0.824335	0.824293	0.824324	0.824355	0.824318	0.824282	0.824304	0.824327	0.824304	0.82428	0.824293	0.824306	0.824297	
0.84788	0.847872	0.847878	0.847883	0.847882	0.847881	0.847885	0.847889	0.847888	0.847886	0.847895	0.847904	0.847888	0.847872	0.847894	0.847915	0.847871	0.847826	0.84786	0.847895	0.847837	0.847779	0.847799	0.847819	0.847896	0.847973	0.847854	0.847736	0.847996	0.848099	0.848418	0.848711	0.84889	0.84878	0.848571	0.848216	0.847918	0.847689	0.847725	0.847761	0.847769	0.847777	0.847768	0.84776	0.847802	0.847845	0.84785	0.847856	0.847865	0.847875	0.84789	0.847906	0.847891	0.847877	0.847895	0.847913	0.847892	0.847871	0.847886	0.847901	0.847884	0.847868	0.847878	0.847888	0.84788	
0.871463	0.871456	0.871463	0.87147	0.871464	0.871457	0.871467	0.871478	0.871464	0.871449	0.871467	0.871485	0.871449	0.871413	0.871441	0.87147	0.871399	0.871327	0.871358	0.871388	0.871303	0.871217	0.871213	0.871209	0.871231	0.871253	0.87124	0.871227	0.871596	0.871965	0.872741	0.873516	0.873507	0.873498	0.872843	0.872188	0.871705	0.871222	0.871093	0.870964	0.871078	0.871193	0.871167	0.871142	0.87125	0.871358	0.871344	0.87133	0.871385	0.871439	0.871436	0.871434	0.871447	0.871461	0.871466	0.87147	0.871465	0.87146	0.871467	0.871474	0.871465	0.871456	0.871463	0.87147	0.871463	
0.895024	0.895018	0.895026	0.895034	0.895021	0.895009	0.895022	0.895034	0.895009	0.894984	0.895003	0.895022	0.894974	0.894925	0.894951	0.894977	0.894903	0.894829	0.894854	0.894878	0.894823	0.894769	0.894777	0.894785	0.894907	0.895028	0.89514	0.895252	0.895561	0.89587	0.896302	0.896734	0.896734	0.896733	0.896401	0.896069	0.895673	0.895278	0.895016	0.894755	0.894771	0.894788	0.894727	0.894666	0.894764	0.894862	0.894837	0.894811	0.894883	0.894955	0.894945	0.894935	0.894969	0.895003	0.895001	0.894999	0.895009	0.895018	0.895021	0.895024	0.895022	0.89502	0.895026	0.895031	0.895024	
0.918586	0.91858	0.918589	0.918597	0.918579	0.918561	0.918576	0.91859	0.918554	0.918518	0.918539	0.918559	0.918499	0.918438	0.918461	0.918484	0.918408	0.918332	0.918349	0.918367	0.918344	0.918322	0.918341	0.91836	0.918582	0.918804	0.91904	0.919276	0.919525	0.919774	0.919864	0.919953	0.919961	0.919969	0.919959	0.91995	0.919642	0.919335	0.91894	0.918546	0.918464	0.918382	0.918286	0.91819	0.918278	0.918366	0.918329	0.918292	0.918382	0.918471	0.918454	0.918436	0.91849	0.918544	0.918537	0.918529	0.918553	0.918577	0.918575	0.918574	0.918579	0.918585	0.918589	0.918592	0.918586	
0.942131	0.942126	0.942134	0.942142	0.942122	0.942101	0.942115	0.942129	0.94209	0.94205	0.942069	0.942088	0.942031	0.941973	0.941994	0.942016	0.941961	0.941906	0.941929	0.941951	0.941977	0.942003	0.942051	0.942098	0.942352	0.942605	0.942802	0.942999	0.943092	0.943184	0.943014	0.942844	0.942863	0.942881	0.943081	0.94328	0.94317	0.94306	0.942738	0.942416	0.942271	0.942126	0.941999	0.941872	0.941915	0.941958	0.941905	0.941852	0.941931	0.942009	0.941985	0.94196	0.942019	0.942078	0.942066	0.942054	0.942086	0.942118	0.942114	0.94211	0.942121	0.942132	0.942134	0.942136	0.942131	
0.965676	0.965672	0.965679	0.965687	0.965664	0.965641	0.965654	0.965667	0.965625	0.965582	0.9656	0.965618	0.965563	0.965508	0.965527	0.965547	0.965514	0.96548	0.965508	0.965535	0.96561	0.965685	0.965761	0.965837	0.966122	0.966407	0.966564	0.966722	0.966658	0.966594	0.966165	0.965735	0.965764	0.965793	0.966202	0.966611	0.966698	0.966785	0.966535	0.966285	0.966078	0.96587	0.965712	0.965554	0.965551	0.965549	0.965481	0.965413	0.96548	0.965548	0.965516	0.965485	0.965548	0.965611	0.965596	0.96558	0.965619	0.965659	0.965653	0.965646	0.965662	0.965678	0.965679	0.96568	0.965676	
0.989213	0.98921	0.989217	0.989223	0.989201	0.98918	0.989192	0.989204	0.989166	0.989129	0.989145	0.989162	0.989121	0.98908	0.9891	0.989121	0.989114	0.989108	0.98914	0.989173	0.989272	0.98937	0.989442	0.989514	0.98974	0.989966	0.990044	0.990122	0.990006	0.98989	0.989489	0.989088	0.989113	0.989137	0.989515	0.989892	0.990034	0.990177	0.990026	0.989875	0.989713	0.98955	0.989401	0.989252	0.989221	0.989191	0.989114	0.989038	0.989082	0.989125	0.989088	0.98905	0.989105	0.989159	0.98914	0.989121	0.98916	0.989198	0.98919	0.989182	0.989199	0.989216	0.989216	0.989216	0.989213	
1.01275	1.01275	1.01275	1.01276	1.01274	1.01272	1.01273	1.01274	1.01271	1.01267	1.01269	1.01271	1.01268	1.01265	1.01267	1.01269	1.01272	1.01274	1.01277	1.01281	1.01293	1.01306	1.01312	1.01319	1.01336	1.01353	1.01352	1.01352	1.01335	1.01319	1.01281	1.01244	1.01246	1.01248	1.01283	1.01317	1.01337	1.01357	1.01352	1.01346	1.01335	1.01323	1.01309	1.01295	1.01289	1.01283	1.01275	1.01266	1.01268	1.0127	1.01266	1.01262	1.01266	1.01271	1.01268	1.01266	1.0127	1.01274	1.01273	1.01272	1.01274	1.01275	1.01275	1.01275	1.01275	
1.03629	1.03629	1.03629	1.0363	1.03628	1.03627	1.03628	1.03629	1.03626	1.03624	1.03625	1.03627	1.03626	1.03625	1.03627	1.03629	1.03633	1.03637	1.0364	1.03644	1.03656	1.03667	1.03672	1.03677	1.03688	1.037	1.03695	1.03691	1.03677	1.03662	1.03633	1.03604	1.03605	1.03607	1.03633	1.03659	1.03677	1.03695	1.03695	1.03695	1.03688	1.03681	1.0367	1.03659	1.03653	1.03646	1.03638	1.0363	1.0363	1.0363	1.03626	1.03621	1.03624	1.03627	1.03625	1.03622	1.03625	1.03629	1.03627	1.03626	1.03628	1.0363	1.03629	1.03629	1.03629	
1.05983	1.05983	1.05983	1.05984	1.05983	1.05981	1.05982	1.05983	1.05982	1.0598	1.05982	1.05983	1.05984	1.05984	1.05987	1.05989	1.05995	1.06	1.06004	1.06007	1.06018	1.06029	1.06032	1.06035	1.06041	1.06046	1.06038	1.0603	1.06018	1.06005	1.05984	1.05963	1.05965	1.05967	1.05984	1.06002	1.06017	1.06033	1.06039	1.06045	1.06042	1.06039	1.06031	1.06023	1.06016	1.06009	1.06001	1.05994	1.05992	1.0599	1.05985	1.0598	1.05982	1.05984	1.05981	1.05978	1.05981	1.05983	1.05982	1.05981	1.05982	1.05984	1.05983	1.05983	1.05983	
1.08338	1.08338	1.08338	1.08339	1.08338	1.08337	1.08338	1.08339	1.08339	1.08338	1.0834	1.08341	1.08343	1.08344	1.08347	1.08349	1.08355	1.08361	1.08364	1.08367	1.08376	1.08386	1.08387	1.08388	1.0839	1.08393	1.08384	1.08375	1.08366	1.08356	1.08341	1.08327	1.08328	1.0833	1.08341	1.08353	1.08365	1.08378	1.08385	1.08392	1.08391	1.08391	1.08386	1.0838	1.08375	1.08369	1.08362	1.08355	1.08353	1.0835	1.08345	1.0834	1.08341	1.08342	1.08339	1.08336	1.08337	1.08339	1.08338	1.08336	1.08337	1.08339	1.08338	1.08338	1.08338	
1.10693	1.10693	1.10693	1.10693	1.10693	1.10693	1.10694	1.10695	1.10695	1.10696	1.10697	1.10699	1.10701	1.10704	1.10706	1.10709	1.10715	1.10722	1.10724	1.10726	1.10734	1.10742	1.10741	1.1074	1.1074	1.1074	1.1073	1.1072	1.10714	1.10707	1.10698	1.1069	1.10691	1.10693	1.10698	1.10704	1.10713	1.10723	1.10731	1.10739	1.10741	1.10744	1.1074	1.10737	1.10733	1.10729	1.10723	1.10716	1.10713	1.1071	1.10705	1.107	1.107	1.10699	1.10696	1.10693	1.10694	1.10695	1.10693	1.10692	1.10693	1.10694	1.10693	1.10692	1.10693	
1.13048	1.13049	1.13049	1.13049	1.13049	1.1305	1.1305	1.13051	1.13052	1.13054	1.13055	1.13057	1.1306	1.13063	1.13065	1.13067	1.13074	1.1308	1.13081	1.13083	1.13089	1.13095	1.13093	1.13092	1.1309	1.13089	1.1308	1.13072	1.13067	1.13062	1.13056	1.13051	1.13052	1.13053	1.13056	1.13059	1.13067	1.13074	1.13081	1.13089	1.13092	1.13095	1.13093	1.13092	1.13088	1.13085	1.1308	1.13075	1.13072	1.13069	1.13064	1.1306	1.13059	1.13057	1.13054	1.13051	1.13051	1.13052	1.1305	1.13048	1.13049	1.13049	1.13049	1.13048	1.13048	
1.15404	1.15404	1.15405	1.15405	1.15406	1.15406	1.15407	1.15408	1.1541	1.15412	1.15413	1.15415	1.15419	1.15422	1.15424	1.15426	1.15432	1.15438	1.15439	1.1544	1.15444	1.15448	1.15446	1.15443	1.15441	1.15439	1.15431	1.15423	1.1542	1.15417	1.15414	1.15411	1.15412	1.15413	1.15414	1.15414	1.1542	1.15425	1.15432	1.15438	1.15442	1.15445	1.15446	1.15446	1.15444	1.15442	1.15438	1.15434	1.15431	1.15427	1.15423	1.15419	1.15417	1.15415	1.15412	1.15409	1.15409	1.15408	1.15407	1.15405	1.15405	1.15405	1.15405	1.15404	1.15404	
1.17761	1.17761	1.17761	1.17761	1.17762	1.17763	1.17764	1.17765	1.17767	1.17769	1.17771	1.17772	1.17776	1.1778	1.17782	1.17783	1.17788	1.17794	1.17794	1.17794	1.17797	1.17801	1.17798	1.17795	1.17792	1.1779	1.17784	1.17777	1.17775	1.17773	1.17771	1.17769	1.1777	1.17771	1.17771	1.17771	1.17775	1.17779	1.17785	1.1779	1.17794	1.17797	1.17798	1.17799	1.17797	1.17796	1.17793	1.1779	1.17787	1.17784	1.17781	1.17777	1.17775	1.17773	1.1777	1.17767	1.17766	1.17765	1.17764	1.17762	1.17762	1.17762	1.17761	1.1776	1.17761	
1.20117	1.20117	1.20118	1.20118	1.20119	1.2012	1.20121	1.20122	1.20124	1.20127	1.20128	1.2013	1.20134	1.20138	1.20139	1.2014	1.20145	1.20149	1.20149	1.20149	1.20151	1.20153	1.2015	1.20146	1.20144	1.20142	1.20137	1.20131	1.2013	1.20129	1.20128	1.20127	1.20128	1.20129	1.20128	1.20127	1.2013	1.20133	1.20137	1.20142	1.20145	1.20149	1.2015	1.20152	1.20151	1.20151	1.20149	1.20147	1.20144	1.20141	1.20138	1.20135	1.20133	1.2013	1.20128	1.20125	1.20124	1.20122	1.20121	1.20119	1.20119	1.20118	1.20117	1.20117	1.20117	
1.22474	1.22474	1.22474	1.22475	1.22476	1.22477	1.22478	1.22479	1.22482	1.22484	1.22485	1.22486	1.2249	1.22494	1.22495	1.22496	1.225	1.22504	1.22503	1.22503	1.22504	1.22506	1.22502	1.22499	1.22497	1.22495	1.22491	1.22486	1.22486	1.22485	1.22484	1.22484	1.22485	1.22485	1.22484	1.22483	1.22486	1.22488	1.22492	1.22495	1.22498	1.22501	1.22503	1.22505	1.22504	1.22504	1.22503	1.22502	1.22499	1.22497	1.22494	1.22492	1.2249	1.22487	1.22485	1.22482	1.22481	1.22479	1.22478	1.22476	1.22476	1.22475	1.22474	1.22474	1.22474	
1.24831	1.24831	1.24831	1.24831	1.24833	1.24834	1.24835	1.24836	1.24839	1.24841	1.24842	1.24843	1.24847	1.24851	1.24851	1.24852	1.24855	1.24858	1.24857	1.24857	1.24857	1.24858	1.24855	1.24852	1.2485	1.24849	1.24845	1.24842	1.24841	1.24841	1.24841	1.2484	1.24841	1.24842	1.24841	1.2484	1.24841	1.24843	1.24846	1.24849	1.24851	1.24854	1.24856	1.24858	1.24858	1.24858	1.24857	1.24857	1.24855	1.24853	1.24851	1.24849	1.24846	1.24844	1.24842	1.2484	1.24838	1.24836	1.24835	1.24833	1.24833	1.24832	1.24831	1.2483	1.24831	
1.27188	1.27188	1.27188	1.27188	1.2719	1.27191	1.27192	1.27192	1.27195	1.27198	1.27199	1.27199	1.27203	1.27206	1.27207	1.27207	1.2721	1.27212	1.27211	1.2721	1.27211	1.27211	1.27209	1.27206	1.27204	1.27203	1.272	1.27197	1.27197	1.27197	1.27197	1.27196	1.27197	1.27197	1.27197	1.27196	1.27197	1.27198	1.27201	1.27203	1.27205	1.27207	1.27209	1.27211	1.27211	1.27211	1.27211	1.27211	1.27209	1.27208	1.27206	1.27204	1.27202	1.272	1.27198	1.27196	1.27195	1.27193	1.27192	1.2719	1.27189	1.27189	1.27188	1.27187	1.27188	
1.29545	1.29545	1.29545	1.29545	1.29547	1.29548	1.29549	1.29549	1.29552	1.29554	1.29555	1.29556	1.29559	1.29562	1.29562	1.29562	1.29564	1.29566	1.29565	1.29564	1.29564	1.29564	1.29562	1.29559	1.29558	1.29557	1.29555	1.29553	1.29553	1.29553	1.29552	1.29552	1.29553	1.29553	1.29552	1.29552	1.29553	1.29554	1.29555	1.29557	1.29559	1.29561	1.29562	1.29564	1.29564	1.29565	1.29565	1.29565	1.29564	1.29563	1.29561	1.2956	1.29558	1.29556	1.29555	1.29553	1.29551	1.2955	1.29548	1.29547	1.29546	1.29546	1.29545	1.29544	1.29545	
1.31901	1.31902	1.31902	1.31902	1.31903	1.31905	1.31905	1.31905	1.31908	1.3191	1.31911	1.31911	1.31914	1.31917	1.31916	1.31916	1.31918	1.3192	1.31919	1.31918	1.31918	1.31918	1.31916	1.31914	1.31913	1.31912	1.3191	1.31908	1.31908	1.31908	1.31908	1.31908	1.31908	1.31909	1.31908	1.31908	1.31908	1.31909	1.3191	1.31912	1.31913	1.31915	1.31916	1.31918	1.31918	1.31919	1.31919	1.31919	1.31918	1.31917	1.31916	1.31915	1.31913	1.31912	1.3191	1.31909	1.31907	1.31906	1.31905	1.31904	1.31903	1.31902	1.31902	1.31901	1.31901	
1.34258	1.34258	1.34258	1.34258	1.3426	1.34261	1.34261	1.34262	1.34264	1.34266	1.34266	1.34267	1.34269	1.34271	1.34271	1.34271	1.34272	1.34274	1.34273	1.34272	1.34272	1.34272	1.3427	1.34268	1.34267	1.34266	1.34265	1.34264	1.34264	1.34264	1.34264	1.34264	1.34264	1.34264	1.34264	1.34264	1.34264	1.34265	1.34266	1.34266	1.34268	1.34269	1.3427	1.34271	1.34272	1.34272	1.34273	1.34273	1.34272	1.34272	1.34271	1.3427	1.34269	1.34267	1.34266	1.34265	1.34264	1.34262	1.34261	1.3426	1.3426	1.34259	1.34258	1.34258	1.34258	
1.36615	1.36615	1.36615	1.36615	1.36616	1.36617	1.36617	1.36618	1.3662	1.36621	1.36622	1.36622	1.36624	1.36626	1.36626	1.36625	1.36626	1.36628	1.36627	1.36626	1.36626	1.36626	1.36624	1.36622	1.36622	1.36621	1.3662	1.36619	1.36619	1.36619	1.36619	1.36619	1.36619	1.36619	1.36619	1.36619	1.36619	1.3662	1.36621	1.36621	1.36622	1.36623	1.36624	1.36625	1.36626	1.36626	1.36627	1.36627	1.36627	1.36626	1.36625	1.36625	1.36624	1.36622	1.36621	1.3662	1.36619	1.36618	1.36617	1.36616	1.36616	1.36615	1.36615	1.36614	1.36615	
1.38971	1.38971	1.38971	1.38971	1.38972	1.38973	1.38973	1.38974	1.38975	1.38977	1.38977	1.38977	1.38979	1.3898	1.3898	1.3898	1.38981	1.38981	1.38981	1.3898	1.3898	1.38979	1.38978	1.38977	1.38977	1.38976	1.38975	1.38975	1.38975	1.38975	1.38975	1.38974	1.38975	1.38975	1.38975	1.38975	1.38975	1.38975	1.38976	1.38976	1.38977	1.38978	1.38978	1.38979	1.3898	1.3898	1.38981	1.38981	1.38981	1.3898	1.3898	1.38979	1.38979	1.38978	1.38977	1.38976	1.38975	1.38974	1.38973	1.38973	1.38972	1.38972	1.38971	1.38971	1.38971	
1.41327	1.41327	1.41327	1.41327	1.41328	1.41329	1.41329	1.41329	1.41331	1.41332	1.41332	1.41332	1.41333	1.41335	1.41334	1.41334	1.41335	1.41335	1.41335	1.41334	1.41334	1.41334	1.41333	1.41332	1.41332	1.41331	1.41331	1.4133	1.4133	1.4133	1.4133	1.4133	1.4133	1.4133	1.4133	1.4133	1.4133	1.4133	1.41331	1.41331	1.41332	1.41332	1.41333	1.41334	1.41334	1.41334	1.41335	1.41335	1.41335	1.41334	1.41334	1.41334	1.41333	1.41332	1.41332	1.41331	1.4133	1.4133	1.41329	1.41328	1.41328	1.41328	1.41327	1.41327	1.41327	
1.43683	1.43684	1.43684	1.43684	1.43684	1.43685	1.43685	1.43685	1.43686	1.43687	1.43687	1.43687	1.43688	1.43689	1.43689	1.43688	1.43689	1.43689	1.43689	1.43688	1.43688	1.43688	1.43687	1.43687	1.43686	1.43686	1.43686	1.43685	1.43685	1.43685	1.43685	1.43685	1.43685	1.43685	1.43685	1.43685	1.43686	1.43686	1.43686	1.43686	1.43687	1.43687	1.43687	1.43688	1.43688	1.43688	1.43689	1.43689	1.43689	1.43689	1.43689	1.43688	1.43688	1.43687	1.43687	1.43686	1.43686	1.43685	1.43685	1.43684	1.43684	1.43684	1.43684	1.43683	1.43683	
1.46039	1.4604	1.46039	1.46039	1.4604	1.4604	1.4604	1.4604	1.46041	1.46042	1.46042	1.46042	1.46042	1.46043	1.46043	1.46043	1.46043	1.46043	1.46043	1.46043	1.46042	1.46042	1.46042	1.46041	1.46041	1.46041	1.46041	1.46041	1.46041	1.46041	1.46041	1.46041	1.46041	1.46041	1.46041	1.46041	1.46041	1.46041	1.46041	1.46041	1.46041	1.46042	1.46042	1.46042	1.46043	1.46043	1.46043	1.46043	1.46043	1.46043	1.46043	1.46043	1.46042	1.46042	1.46042	1.46041	1.46041	1.46041	1.4604	1.4604	1.4604	1.4604	1.46039	1.46039	1.46039	
1.48395	1.48395	1.48395	1.48395	1.48396	1.48396	1.48396	1.48396	1.48396	1.48397	1.48397	1.48397	1.48397	1.48397	1.48397	1.48397	1.48397	1.48397	1.48397	1.48397	1.48397	1.48397	1.48397	1.48396	1.48396	1.48396	1.48396	1.48396	1.48396	1.48396	1.48396	1.48396	1.48396	1.48396	1.48396	1.48396	1.48396	1.48396	1.48396	1.48396	1.48396	1.48396	1.48397	1.48397	1.48397	1.48397	1.48397	1.48397	1.48397	1.48397	1.48397	1.48397	1.48397	1.48397	1.48397	1.48396	1.48396	1.48396	1.48396	1.48396	1.48396	1.48395	1.48395	1.48395	1.48395	
1.50751	1.50751	1.50751	1.50751	1.50751	1.50751	1.50751	1.50751	1.50751	1.50751	1.50751	1.50751	1.50751	1.50751	1.50751	1.50751	1.50751	1.50751	1.50751	1.50751	1.50751	1.50751	1.50751	1.50751	1.50751	1.50751	1.50751	1.50751	1.50751	1.50751	1.50751	1.50751	1.50751	1.50751	1.50751	1.50751	1.50751	1.50751	1.50751	1.50751	1.50751	1.50751	1.50751	1.50751	1.50751	1.50751	1.50751	1.50751	1.50751	1.50751	1.50751	1.50751	1.50751	1.50751	1.50751	1.50751	1.50751	1.50751	1.50751	1.50751	1.50751	1.50751	1.50751	1.50751	1.50751	
