x=200	y=75	z=200	n=65	len=1
b
0.565399	0.565392	0.565406	0.56542	0.565422	0.565423	0.565455	0.565487	0.565497	0.565508	0.565562	0.565617	0.565639	0.565662	0.565747	0.565832	0.565873	0.565913	0.56604	0.566167	0.566232	0.566297	0.566476	0.566655	0.566742	0.56683	0.567056	0.567281	0.567354	0.567426	0.567634	0.567842	0.567784	0.567727	0.5677	0.567674	0.567468	0.567262	0.567137	0.567013	0.566827	0.566641	0.566526	0.566411	0.56628	0.566149	0.566065	0.565982	0.565898	0.565814	0.565759	0.565703	0.565652	0.565601	0.565567	0.565533	0.565503	0.565473	0.565457	0.56544	0.565424	0.565408	0.565407	0.565405	0.565399	
0.565387	0.565382	0.565394	0.565405	0.565408	0.565411	0.565438	0.565465	0.565476	0.565488	0.565534	0.565581	0.565603	0.565625	0.565698	0.56577	0.565807	0.565844	0.565949	0.566055	0.56611	0.566166	0.56631	0.566454	0.566524	0.566593	0.566766	0.566939	0.56699	0.567041	0.567185	0.56733	0.567287	0.567245	0.567227	0.567209	0.567065	0.56692	0.566824	0.566727	0.566586	0.566446	0.566348	0.566251	0.566148	0.566045	0.565969	0.565894	0.565827	0.56576	0.565707	0.565654	0.565613	0.565572	0.565538	0.565505	0.565481	0.565457	0.56544	0.565422	0.56541	0.565397	0.565394	0.565391	0.565387	
0.565374	0.565368	0.56538	0.565393	0.565393	0.565394	0.565421	0.565448	0.565455	0.565462	0.565507	0.565553	0.565569	0.565585	0.565653	0.565721	0.565749	0.565776	0.565873	0.56597	0.566011	0.566052	0.566181	0.566309	0.566359	0.566408	0.566557	0.566706	0.566736	0.566766	0.566889	0.567013	0.566968	0.566922	0.56692	0.566918	0.566795	0.566672	0.566602	0.566533	0.566411	0.566289	0.566213	0.566137	0.566045	0.565952	0.565891	0.56583	0.565768	0.565705	0.565662	0.565618	0.565579	0.565539	0.565512	0.565484	0.56546	0.565436	0.565422	0.565409	0.565395	0.565382	0.565381	0.56538	0.565374	
0.565361	0.565354	0.565367	0.56538	0.565378	0.565376	0.565403	0.56543	0.565433	0.565437	0.56548	0.565524	0.565534	0.565544	0.565608	0.565672	0.56569	0.565709	0.565797	0.565886	0.565912	0.565938	0.566052	0.566165	0.566193	0.566222	0.566348	0.566474	0.566483	0.566492	0.566593	0.566695	0.566648	0.5666	0.566614	0.566627	0.566525	0.566424	0.566381	0.566339	0.566235	0.566132	0.566078	0.566024	0.565942	0.56586	0.565813	0.565766	0.565709	0.565651	0.565617	0.565583	0.565545	0.565506	0.565485	0.565463	0.565439	0.565415	0.565405	0.565395	0.565381	0.565366	0.565368	0.565369	0.565361	
0.56535	0.565344	0.565355	0.565366	0.565365	0.565364	0.565388	0.565412	0.565416	0.565419	0.565458	0.565496	0.565506	0.565516	0.565571	0.565627	0.565644	0.565661	0.565737	0.565813	0.565837	0.565861	0.565955	0.56605	0.566075	0.5661	0.566203	0.566306	0.566314	0.566322	0.566402	0.566482	0.566445	0.566408	0.566417	0.566426	0.566346	0.566267	0.566229	0.566191	0.566109	0.566026	0.565976	0.565927	0.565861	0.565794	0.56575	0.565706	0.565659	0.565612	0.565579	0.565545	0.565514	0.565483	0.565461	0.565439	0.56542	0.565401	0.56539	0.565379	0.565367	0.565356	0.565356	0.565356	0.56535	
0.565339	0.565335	0.565344	0.565352	0.565353	0.565353	0.565373	0.565393	0.565398	0.565402	0.565435	0.565468	0.565478	0.565487	0.565535	0.565583	0.565598	0.565614	0.565677	0.565741	0.565762	0.565783	0.565859	0.565936	0.565957	0.565979	0.566058	0.566138	0.566145	0.566152	0.56621	0.566268	0.566242	0.566216	0.566221	0.566225	0.566167	0.56611	0.566077	0.566044	0.565982	0.56592	0.565875	0.56583	0.565779	0.565729	0.565687	0.565646	0.565609	0.565573	0.56554	0.565508	0.565484	0.56546	0.565438	0.565416	0.565401	0.565386	0.565374	0.565362	0.565354	0.565346	0.565344	0.565342	0.565339	
0.565329	0.565324	0.565333	0.565343	0.565341	0.56534	0.56536	0.56538	0.565382	0.565384	0.565416	0.565448	0.565453	0.565459	0.565505	0.56555	0.56556	0.56557	0.56563	0.565689	0.565703	0.565717	0.565787	0.565858	0.56587	0.565883	0.565955	0.566026	0.566027	0.566027	0.566079	0.566132	0.566105	0.566078	0.566087	0.566096	0.566045	0.565993	0.56597	0.565946	0.565891	0.565836	0.5658	0.565765	0.565719	0.565673	0.565639	0.565605	0.565571	0.565537	0.56551	0.565483	0.56546	0.565437	0.565418	0.5654	0.565385	0.565371	0.565361	0.565352	0.565343	0.565334	0.565334	0.565334	0.565329	
0.565319	0.565313	0.565323	0.565333	0.56533	0.565327	0.565347	0.565367	0.565366	0.565365	0.565396	0.565428	0.565429	0.565431	0.565475	0.565518	0.565522	0.565527	0.565583	0.565638	0.565644	0.565651	0.565715	0.565779	0.565783	0.565787	0.565851	0.565915	0.565908	0.565901	0.565948	0.565996	0.565968	0.56594	0.565954	0.565968	0.565922	0.565876	0.565863	0.565849	0.5658	0.565751	0.565726	0.5657	0.565659	0.565617	0.56559	0.565564	0.565533	0.565501	0.565479	0.565458	0.565436	0.565414	0.565399	0.565384	0.56537	0.565355	0.565348	0.565341	0.565332	0.565322	0.565324	0.565325	0.565319	
0.56531	0.565305	0.565314	0.565322	0.56532	0.565317	0.565335	0.565353	0.565353	0.565352	0.56538	0.565408	0.56541	0.565412	0.565451	0.56549	0.565494	0.565499	0.565548	0.565597	0.565603	0.56561	0.565665	0.565721	0.565726	0.565731	0.565785	0.565838	0.565834	0.56583	0.565868	0.565906	0.565885	0.565864	0.565872	0.565881	0.565845	0.565809	0.565794	0.565778	0.565739	0.565701	0.565674	0.565648	0.565615	0.565582	0.565554	0.565527	0.565502	0.565478	0.565455	0.565432	0.565415	0.565398	0.565382	0.565367	0.565356	0.565345	0.565336	0.565328	0.565321	0.565314	0.565314	0.565314	0.56531	
0.5653	0.565297	0.565304	0.565311	0.56531	0.565308	0.565324	0.56534	0.565339	0.565339	0.565364	0.565389	0.565391	0.565393	0.565427	0.565462	0.565466	0.56547	0.565513	0.565556	0.565562	0.565569	0.565616	0.565663	0.565669	0.565674	0.565718	0.565762	0.56576	0.565759	0.565788	0.565816	0.565802	0.565787	0.565791	0.565794	0.565768	0.565742	0.565725	0.565707	0.565678	0.56565	0.565622	0.565595	0.565571	0.565546	0.565518	0.56549	0.565472	0.565454	0.56543	0.565406	0.565395	0.565383	0.565366	0.565349	0.565341	0.565334	0.565324	0.565315	0.56531	0.565306	0.565304	0.565303	0.5653	
0.565294	0.56529	0.565298	0.565305	0.565303	0.5653	0.565316	0.565332	0.56533	0.565328	0.565353	0.565378	0.565377	0.565376	0.56541	0.565444	0.565445	0.565447	0.565488	0.56553	0.565532	0.565535	0.56558	0.565626	0.565627	0.565629	0.565671	0.565712	0.565708	0.565704	0.565731	0.565759	0.565743	0.565728	0.565734	0.565739	0.565714	0.56569	0.565676	0.565662	0.565636	0.565609	0.565586	0.565562	0.56554	0.565517	0.565492	0.565468	0.565451	0.565434	0.565413	0.565392	0.565381	0.565369	0.565354	0.565339	0.565332	0.565324	0.565316	0.565309	0.565304	0.565298	0.565298	0.565298	0.565294	
0.565288	0.565283	0.565291	0.5653	0.565296	0.565292	0.565308	0.565324	0.56532	0.565317	0.565341	0.565366	0.565363	0.56536	0.565393	0.565426	0.565425	0.565423	0.565463	0.565503	0.565502	0.565502	0.565545	0.565588	0.565586	0.565584	0.565623	0.565662	0.565655	0.565648	0.565675	0.565701	0.565685	0.565669	0.565676	0.565683	0.56566	0.565638	0.565627	0.565617	0.565593	0.565569	0.565549	0.56553	0.565509	0.565488	0.565467	0.565445	0.56543	0.565414	0.565396	0.565377	0.565367	0.565356	0.565343	0.56533	0.565322	0.565315	0.565309	0.565302	0.565297	0.565291	0.565292	0.565292	0.565288	
0.565281	0.565278	0.565285	0.565292	0.565289	0.565285	0.565301	0.565316	0.565312	0.565309	0.565332	0.565356	0.565353	0.565351	0.565383	0.565414	0.565413	0.565412	0.565451	0.565489	0.56549	0.56549	0.565531	0.565572	0.565573	0.565574	0.56561	0.565646	0.565643	0.565639	0.565662	0.565684	0.565672	0.56566	0.565663	0.565665	0.565647	0.565628	0.565613	0.565598	0.565578	0.565558	0.565535	0.565511	0.565495	0.565478	0.565453	0.565428	0.565417	0.565406	0.565384	0.565363	0.565356	0.565349	0.565334	0.565319	0.565314	0.565309	0.565301	0.565293	0.56529	0.565286	0.565285	0.565285	0.565281	
0.565275	0.565273	0.565279	0.565285	0.565282	0.565279	0.565293	0.565308	0.565304	0.565301	0.565324	0.565347	0.565344	0.565341	0.565372	0.565403	0.565402	0.565401	0.565438	0.565475	0.565477	0.565479	0.565518	0.565557	0.56556	0.565563	0.565597	0.56563	0.56563	0.56563	0.565648	0.565667	0.565659	0.565651	0.565649	0.565647	0.565633	0.565618	0.565599	0.565579	0.565564	0.565548	0.56552	0.565492	0.56548	0.565468	0.56544	0.565411	0.565404	0.565397	0.565373	0.565349	0.565345	0.565342	0.565325	0.565307	0.565305	0.565304	0.565294	0.565284	0.565283	0.565281	0.565279	0.565277	0.565275	
0.565273	0.56527	0.565277	0.565283	0.565279	0.565276	0.565291	0.565305	0.565301	0.565297	0.56532	0.565343	0.565339	0.565335	0.565366	0.565397	0.565395	0.565393	0.56543	0.565468	0.565468	0.565469	0.565508	0.565547	0.565549	0.565551	0.565584	0.565616	0.565616	0.565615	0.565633	0.565651	0.565643	0.565635	0.565634	0.565632	0.565618	0.565604	0.565585	0.565567	0.565552	0.565537	0.56551	0.565482	0.565471	0.56546	0.565432	0.565404	0.565398	0.565391	0.565367	0.565344	0.565341	0.565337	0.565321	0.565304	0.565302	0.5653	0.565291	0.565282	0.56528	0.565278	0.565277	0.565275	0.565273	
0.56527	0.565267	0.565274	0.565281	0.565277	0.565273	0.565288	0.565302	0.565298	0.565293	0.565316	0.565339	0.565334	0.56533	0.565361	0.565392	0.565389	0.565386	0.565423	0.56546	0.56546	0.56546	0.565498	0.565536	0.565538	0.565539	0.565571	0.565603	0.565602	0.5656	0.565617	0.565635	0.565627	0.565619	0.565618	0.565617	0.565603	0.56559	0.565572	0.565554	0.56554	0.565526	0.565499	0.565473	0.565462	0.565452	0.565424	0.565397	0.565391	0.565384	0.565362	0.565339	0.565336	0.565332	0.565317	0.565301	0.565299	0.565296	0.565288	0.56528	0.565277	0.565275	0.565274	0.565274	0.56527	
0.565268	0.565265	0.565272	0.565279	0.565275	0.56527	0.565286	0.565301	0.565296	0.565291	0.565315	0.56534	0.565335	0.56533	0.565363	0.565397	0.565394	0.565392	0.565432	0.565473	0.565475	0.565477	0.565519	0.565561	0.565566	0.565571	0.565606	0.565641	0.565643	0.565645	0.565662	0.565679	0.565673	0.565668	0.565662	0.565657	0.565644	0.565631	0.565606	0.565581	0.565567	0.565553	0.565519	0.565485	0.565476	0.565466	0.565433	0.565399	0.565395	0.565391	0.565364	0.565336	0.565336	0.565335	0.565316	0.565296	0.565296	0.565296	0.565286	0.565276	0.565275	0.565274	0.565272	0.56527	0.565268	
0.565265	0.565264	0.56527	0.565276	0.565272	0.565268	0.565284	0.5653	0.565294	0.565289	0.565315	0.56534	0.565336	0.565331	0.565366	0.565402	0.5654	0.565399	0.565442	0.565485	0.56549	0.565494	0.56554	0.565585	0.565595	0.565604	0.565641	0.565678	0.565684	0.56569	0.565707	0.565723	0.56572	0.565716	0.565707	0.565697	0.565685	0.565673	0.565641	0.565609	0.565595	0.565581	0.565539	0.565497	0.565489	0.565481	0.565441	0.565401	0.5654	0.565398	0.565366	0.565334	0.565335	0.565337	0.565315	0.565292	0.565294	0.565297	0.565284	0.565271	0.565272	0.565273	0.56527	0.565267	0.565265	
0.565267	0.565265	0.565271	0.565278	0.565274	0.56527	0.565286	0.565302	0.565297	0.565291	0.565318	0.565344	0.565339	0.565335	0.565371	0.565407	0.565406	0.565405	0.565449	0.565493	0.565499	0.565504	0.56555	0.565595	0.565606	0.565616	0.565652	0.565688	0.565695	0.565701	0.565715	0.56573	0.565727	0.565724	0.565715	0.565706	0.565695	0.565684	0.565651	0.565618	0.565605	0.565592	0.565549	0.565506	0.565498	0.56549	0.565448	0.565407	0.565405	0.565403	0.56537	0.565338	0.565339	0.56534	0.565318	0.565295	0.565297	0.565298	0.565286	0.565273	0.565274	0.565274	0.565271	0.565268	0.565267	
0.565268	0.565266	0.565273	0.56528	0.565275	0.565271	0.565288	0.565304	0.565299	0.565294	0.56532	0.565347	0.565343	0.565339	0.565375	0.565412	0.565412	0.565412	0.565456	0.5655	0.565507	0.565514	0.56556	0.565605	0.565617	0.565628	0.565663	0.565697	0.565705	0.565712	0.565724	0.565736	0.565734	0.565733	0.565723	0.565714	0.565704	0.565695	0.565661	0.565628	0.565616	0.565603	0.565558	0.565514	0.565506	0.565498	0.565456	0.565413	0.565411	0.565409	0.565375	0.565341	0.565342	0.565343	0.56532	0.565298	0.565299	0.5653	0.565288	0.565275	0.565275	0.565275	0.565273	0.56527	0.565268	
0.56527	0.565268	0.565275	0.565282	0.565278	0.565274	0.565292	0.56531	0.565304	0.565299	0.565329	0.565359	0.565354	0.56535	0.565392	0.565434	0.565435	0.565436	0.565488	0.56554	0.565551	0.565561	0.565615	0.565669	0.565686	0.565702	0.565743	0.565784	0.565793	0.565801	0.565812	0.565824	0.565823	0.565822	0.565812	0.565801	0.565792	0.565782	0.56574	0.565698	0.565683	0.565667	0.565612	0.565556	0.565547	0.565538	0.565486	0.565433	0.565432	0.565431	0.56539	0.56535	0.565352	0.565355	0.565328	0.5653	0.565304	0.565307	0.565292	0.565276	0.565278	0.565279	0.565275	0.565271	0.56527	
0.565271	0.565271	0.565278	0.565285	0.565281	0.565276	0.565296	0.565316	0.56531	0.565304	0.565337	0.56537	0.565366	0.565361	0.565409	0.565456	0.565459	0.565461	0.565521	0.56558	0.565594	0.565608	0.565671	0.565734	0.565755	0.565776	0.565823	0.565871	0.56588	0.56589	0.565901	0.565912	0.565912	0.565912	0.5659	0.565888	0.565879	0.56587	0.565819	0.565768	0.56575	0.565732	0.565665	0.565598	0.565588	0.565578	0.565516	0.565454	0.565454	0.565454	0.565406	0.565358	0.565363	0.565368	0.565335	0.565303	0.565308	0.565313	0.565295	0.565277	0.56528	0.565283	0.565277	0.565272	0.565271	
0.565276	0.565275	0.565283	0.56529	0.565286	0.565282	0.565302	0.565322	0.565317	0.565312	0.565346	0.56538	0.565377	0.565374	0.565422	0.565471	0.565476	0.565481	0.56554	0.5656	0.565618	0.565635	0.565696	0.565757	0.565781	0.565805	0.565847	0.565888	0.565898	0.565907	0.56591	0.565914	0.565916	0.565917	0.565909	0.5659	0.565895	0.565891	0.565842	0.565792	0.565776	0.565759	0.56569	0.565621	0.565611	0.5656	0.565536	0.565472	0.56547	0.565469	0.56542	0.56537	0.565374	0.565378	0.565345	0.565311	0.565316	0.56532	0.565302	0.565283	0.565285	0.565287	0.565282	0.565277	0.565276	
0.565281	0.56528	0.565288	0.565295	0.565292	0.565288	0.565308	0.565329	0.565325	0.56532	0.565355	0.565389	0.565388	0.565387	0.565436	0.565485	0.565493	0.5655	0.56556	0.56562	0.565641	0.565662	0.565722	0.565781	0.565808	0.565835	0.56587	0.565905	0.565915	0.565925	0.56592	0.565915	0.565919	0.565923	0.565918	0.565912	0.565912	0.565912	0.565864	0.565816	0.565801	0.565786	0.565716	0.565645	0.565634	0.565623	0.565556	0.56549	0.565487	0.565485	0.565434	0.565383	0.565385	0.565388	0.565354	0.56532	0.565323	0.565326	0.565308	0.56529	0.565291	0.565292	0.565287	0.565283	0.565281	
0.565287	0.565286	0.565295	0.565303	0.565299	0.565295	0.565319	0.565342	0.565337	0.565332	0.565372	0.565412	0.56541	0.565408	0.565466	0.565523	0.565531	0.565539	0.565611	0.565684	0.565706	0.565728	0.5658	0.565872	0.565897	0.565921	0.56596	0.565999	0.565983	0.565968	0.565944	0.56592	0.565921	0.565923	0.565939	0.565956	0.565978	0.566001	0.56595	0.565899	0.565886	0.565873	0.565789	0.565705	0.565694	0.565683	0.565603	0.565523	0.565522	0.565521	0.565461	0.565399	0.565404	0.565409	0.565369	0.565329	0.565334	0.565339	0.565317	0.565295	0.565298	0.565301	0.565294	0.565288	0.565287	
0.565293	0.565293	0.565302	0.565311	0.565307	0.565303	0.565329	0.565355	0.565349	0.565344	0.565389	0.565434	0.565432	0.565429	0.565496	0.565562	0.56557	0.565578	0.565663	0.565747	0.565771	0.565794	0.565879	0.565963	0.565985	0.566007	0.56605	0.566092	0.566052	0.566011	0.565968	0.565924	0.565924	0.565923	0.565961	0.566	0.566045	0.566089	0.566036	0.565982	0.565971	0.565959	0.565862	0.565764	0.565753	0.565742	0.565649	0.565556	0.565557	0.565558	0.565487	0.565416	0.565424	0.565431	0.565384	0.565337	0.565345	0.565352	0.565327	0.565301	0.565305	0.565309	0.565301	0.565293	0.565293	
0.565301	0.565301	0.56531	0.565319	0.565316	0.565312	0.565339	0.565365	0.565361	0.565358	0.565403	0.565449	0.56545	0.565451	0.565517	0.565584	0.565597	0.565611	0.565693	0.565776	0.565806	0.565837	0.565914	0.565992	0.566015	0.566039	0.566064	0.566089	0.566022	0.565955	0.565882	0.56581	0.565813	0.565817	0.565874	0.565931	0.566011	0.566091	0.566048	0.566005	0.566	0.565994	0.565897	0.5658	0.565788	0.565776	0.565681	0.565586	0.565584	0.565582	0.56551	0.565438	0.565442	0.565447	0.5654	0.565352	0.565358	0.565363	0.565337	0.565311	0.565314	0.565317	0.565309	0.565302	0.565301	
0.565309	0.565308	0.565318	0.565328	0.565325	0.565322	0.565349	0.565376	0.565373	0.565371	0.565418	0.565464	0.565468	0.565472	0.565539	0.565605	0.565624	0.565643	0.565724	0.565805	0.565842	0.565879	0.56595	0.56602	0.566046	0.566071	0.566078	0.566086	0.565992	0.565899	0.565797	0.565696	0.565703	0.565711	0.565786	0.565862	0.565978	0.566093	0.566061	0.566028	0.566028	0.566029	0.565933	0.565837	0.565823	0.56581	0.565713	0.565616	0.565611	0.565606	0.565533	0.565459	0.565461	0.565463	0.565415	0.565367	0.56537	0.565373	0.565347	0.565322	0.565323	0.565325	0.565318	0.56531	0.565309	
0.565319	0.565319	0.565329	0.56534	0.565337	0.565334	0.565364	0.565395	0.565392	0.565388	0.565442	0.565495	0.565498	0.5655	0.565578	0.565657	0.565672	0.565687	0.565784	0.565882	0.565909	0.565937	0.566024	0.566112	0.566102	0.566092	0.566079	0.566065	0.56584	0.565615	0.56552	0.565425	0.56542	0.565414	0.565503	0.565591	0.565822	0.566054	0.566053	0.566052	0.566078	0.566103	0.565993	0.565884	0.565879	0.565875	0.565763	0.56565	0.565651	0.565652	0.565566	0.56548	0.565486	0.565492	0.565436	0.56538	0.565386	0.565392	0.565361	0.565331	0.565334	0.565338	0.565329	0.56532	0.565319	
0.565329	0.56533	0.565341	0.565352	0.565349	0.565346	0.56538	0.565414	0.56541	0.565406	0.565466	0.565527	0.565527	0.565527	0.565617	0.565708	0.565719	0.56573	0.565845	0.565959	0.565977	0.565995	0.566099	0.566203	0.566158	0.566114	0.566079	0.566045	0.565688	0.565331	0.565242	0.565154	0.565136	0.565118	0.565219	0.565319	0.565667	0.566015	0.566046	0.566076	0.566127	0.566178	0.566054	0.56593	0.565936	0.565941	0.565813	0.565684	0.565691	0.565697	0.565599	0.565501	0.565511	0.565521	0.565457	0.565393	0.565402	0.565411	0.565376	0.565341	0.565346	0.565351	0.56534	0.565329	0.565329	
0.56534	0.565339	0.565351	0.565363	0.56536	0.565358	0.565393	0.565427	0.565426	0.565424	0.565485	0.565546	0.565552	0.565557	0.565646	0.565735	0.565756	0.565777	0.565886	0.565995	0.566023	0.566051	0.566142	0.566233	0.566175	0.566116	0.566043	0.565971	0.565727	0.565483	0.56563	0.565778	0.565768	0.565758	0.565612	0.565467	0.565703	0.565939	0.566007	0.566076	0.566146	0.566215	0.566098	0.565981	0.565982	0.565984	0.565857	0.565729	0.565729	0.565728	0.56563	0.565533	0.565537	0.565541	0.565477	0.565414	0.565419	0.565423	0.565389	0.565355	0.565358	0.56536	0.56535	0.56534	0.56534	
0.56535	0.565349	0.565361	0.565374	0.565372	0.56537	0.565405	0.565441	0.565442	0.565443	0.565504	0.565565	0.565576	0.565587	0.565675	0.565763	0.565793	0.565823	0.565927	0.566031	0.566069	0.566107	0.566185	0.566263	0.566191	0.566118	0.566007	0.565896	0.565766	0.565635	0.566018	0.566401	0.566399	0.566398	0.566006	0.565614	0.565738	0.565863	0.565969	0.566076	0.566164	0.566253	0.566142	0.566031	0.566029	0.566028	0.565901	0.565774	0.565767	0.56576	0.565662	0.565564	0.565562	0.565561	0.565498	0.565435	0.565436	0.565436	0.565403	0.565369	0.565369	0.56537	0.56536	0.565351	0.56535	
0.565363	0.565363	0.565376	0.565389	0.565388	0.565386	0.565425	0.565464	0.565464	0.565464	0.565534	0.565604	0.565611	0.565618	0.565721	0.565825	0.565844	0.565863	0.565992	0.566121	0.566132	0.566143	0.566258	0.566374	0.566233	0.566091	0.566048	0.566004	0.565828	0.565652	0.565843	0.566034	0.566258	0.566481	0.566083	0.565685	0.565812	0.56594	0.565969	0.565998	0.56616	0.566322	0.56618	0.566039	0.566066	0.566092	0.565945	0.565798	0.565803	0.565809	0.565697	0.565584	0.56559	0.565595	0.565522	0.56545	0.565454	0.565459	0.56542	0.565381	0.565384	0.565386	0.565375	0.565363	0.565363	
0.565376	0.565377	0.565391	0.565405	0.565403	0.565402	0.565445	0.565488	0.565487	0.565486	0.565564	0.565642	0.565645	0.565648	0.565767	0.565886	0.565895	0.565904	0.566058	0.566212	0.566195	0.566179	0.566331	0.566484	0.566274	0.566065	0.566088	0.566112	0.565891	0.565866	0.566177	0.566076	0.566563	0.567035	0.5668	0.566103	0.565767	0.566016	0.565969	0.565921	0.566156	0.566391	0.566219	0.566046	0.566102	0.566157	0.565989	0.565821	0.56584	0.565859	0.565732	0.565605	0.565617	0.565629	0.565547	0.565465	0.565473	0.565482	0.565438	0.565393	0.565398	0.565403	0.565389	0.565375	0.565376	
0.565387	0.565387	0.565402	0.565417	0.565416	0.565415	0.565459	0.565503	0.565506	0.565508	0.565586	0.565664	0.565676	0.565688	0.565804	0.565921	0.565946	0.565971	0.566116	0.566261	0.56627	0.566278	0.566412	0.566547	0.566354	0.566161	0.566252	0.566343	0.565889	0.565813	0.566265	0.56663	0.567412	0.567907	0.567335	0.566208	0.565838	0.566146	0.566078	0.566011	0.566234	0.566457	0.566299	0.566141	0.566178	0.566215	0.566053	0.56589	0.565894	0.565897	0.565773	0.565649	0.56565	0.565652	0.565572	0.565492	0.565494	0.565496	0.565453	0.565411	0.565412	0.565413	0.5654	0.565388	0.565387	
0.565399	0.565397	0.565413	0.565429	0.565429	0.565429	0.565474	0.565518	0.565524	0.565531	0.565609	0.565687	0.565707	0.565727	0.565841	0.565955	0.565996	0.566038	0.566174	0.566311	0.566344	0.566377	0.566493	0.566609	0.566433	0.566257	0.566416	0.566575	0.565888	0.565542	0.566645	0.567285	0.567238	0.567572	0.56708	0.56598	0.565779	0.566275	0.566188	0.5661	0.566311	0.566523	0.566379	0.566235	0.566254	0.566273	0.566116	0.56596	0.565948	0.565936	0.565815	0.565693	0.565684	0.565675	0.565597	0.56552	0.565515	0.56551	0.565469	0.565428	0.565425	0.565423	0.565412	0.5654	0.565399	
0.565413	0.565413	0.565429	0.565446	0.565446	0.565447	0.565496	0.565544	0.56555	0.565555	0.565642	0.565729	0.565746	0.565762	0.565894	0.566026	0.566054	0.566081	0.566251	0.56642	0.56641	0.5664	0.56657	0.566739	0.566461	0.566183	0.566376	0.566569	0.565828	0.565204	0.566804	0.567531	0.564499	0.56615	0.566865	0.5654	0.565359	0.566175	0.566072	0.565969	0.566269	0.566568	0.566391	0.566215	0.566276	0.566338	0.566157	0.565977	0.565983	0.565989	0.565851	0.565713	0.565712	0.565711	0.565623	0.565536	0.565535	0.565535	0.565488	0.565441	0.565441	0.565441	0.565427	0.565414	0.565413	
0.565428	0.56543	0.565446	0.565463	0.565464	0.565466	0.565518	0.56557	0.565575	0.56558	0.565676	0.565772	0.565784	0.565796	0.565947	0.566097	0.566111	0.566125	0.566327	0.56653	0.566477	0.566424	0.566646	0.566869	0.566489	0.566108	0.566336	0.566563	0.565767	0.564376	0.565343	0.564951	0.568061	0.563712	0.566477	0.56441	0.564717	0.566076	0.565956	0.565837	0.566225	0.566614	0.566404	0.566194	0.566299	0.566403	0.566199	0.565994	0.566018	0.566042	0.565887	0.565733	0.56574	0.565748	0.56565	0.565552	0.565555	0.565559	0.565507	0.565455	0.565457	0.565459	0.565443	0.565427	0.565428	
0.565439	0.565438	0.565456	0.565474	0.565476	0.565479	0.565532	0.565585	0.565595	0.565605	0.5657	0.565796	0.565821	0.565846	0.565993	0.566139	0.566181	0.566223	0.566407	0.566591	0.566592	0.566594	0.566731	0.566869	0.566572	0.566276	0.565882	0.565489	0.564841	0.562662	0.564132	0.577307	0.590117	0.572463	0.568112	0.563151	0.563818	0.565184	0.56561	0.566035	0.566328	0.566622	0.56649	0.566357	0.566417	0.566476	0.566287	0.566098	0.566093	0.566088	0.56594	0.565792	0.565782	0.565772	0.565678	0.565584	0.565578	0.565572	0.565523	0.565474	0.565471	0.565467	0.565454	0.56544	0.565439	
0.565449	0.565446	0.565466	0.565486	0.565489	0.565492	0.565546	0.5656	0.565615	0.565629	0.565725	0.565821	0.565858	0.565896	0.566039	0.566182	0.566252	0.566322	0.566487	0.566652	0.566708	0.566764	0.566816	0.566868	0.566656	0.566443	0.565429	0.564415	0.563915	0.561795	0.568101	0.615989	0.697669	0.646068	0.580348	0.562749	0.563281	0.564292	0.565263	0.566233	0.566431	0.56663	0.566575	0.566521	0.566534	0.566548	0.566375	0.566202	0.566168	0.566135	0.565993	0.565851	0.565824	0.565797	0.565707	0.565617	0.565601	0.565585	0.565539	0.565493	0.565484	0.565476	0.565464	0.565453	0.565449	
0.565464	0.565462	0.565482	0.565501	0.565506	0.56551	0.565567	0.565623	0.565639	0.565655	0.565758	0.565861	0.565897	0.565933	0.566094	0.566255	0.566315	0.566375	0.566583	0.566791	0.566804	0.566817	0.566966	0.567114	0.566684	0.566253	0.565211	0.564168	0.565259	0.56497	0.580402	0.62764	0.674481	0.669156	0.579957	0.560087	0.562771	0.564106	0.565133	0.56616	0.566439	0.566718	0.566627	0.566537	0.566585	0.566632	0.566429	0.566225	0.566208	0.56619	0.56603	0.56587	0.565851	0.565832	0.565732	0.565632	0.56562	0.565609	0.565557	0.565505	0.565499	0.565493	0.565479	0.565465	0.565464	
0.565478	0.565478	0.565497	0.565516	0.565523	0.565529	0.565588	0.565647	0.565663	0.56568	0.56579	0.565901	0.565936	0.565971	0.566149	0.566328	0.566379	0.566429	0.56668	0.566931	0.566901	0.566871	0.567116	0.56736	0.566712	0.566063	0.564993	0.563922	0.566603	0.572955	0.624895	0.579744	0.705443	0.653287	0.574586	0.557955	0.562381	0.56392	0.565004	0.566087	0.566447	0.566806	0.56668	0.566553	0.566635	0.566717	0.566483	0.566249	0.566247	0.566246	0.566068	0.56589	0.565878	0.565867	0.565757	0.565647	0.565639	0.565632	0.565575	0.565517	0.565514	0.565511	0.565494	0.565477	0.565478	
0.565485	0.565483	0.565504	0.565525	0.565532	0.565538	0.565598	0.565659	0.56568	0.565701	0.565813	0.565925	0.565974	0.566022	0.566202	0.566381	0.56647	0.566559	0.566802	0.567044	0.567111	0.567178	0.567356	0.567533	0.566887	0.56624	0.565171	0.564102	0.565377	0.572387	0.637606	0.62469	0.677133	0.649682	0.58483	0.560222	0.5623	0.564451	0.565374	0.566296	0.566706	0.567116	0.566956	0.566795	0.566827	0.566859	0.56662	0.566382	0.566342	0.566303	0.56613	0.565957	0.565923	0.565889	0.565785	0.56568	0.56566	0.565641	0.565588	0.565535	0.565525	0.565515	0.565501	0.565488	0.565485	
0.565493	0.565488	0.565511	0.565534	0.56554	0.565547	0.565609	0.565671	0.565696	0.565722	0.565835	0.565949	0.566011	0.566074	0.566254	0.566433	0.566561	0.566688	0.566923	0.567158	0.567321	0.567484	0.567595	0.567706	0.567061	0.566416	0.565349	0.564282	0.564151	0.564459	0.591102	0.627806	0.630293	0.653595	0.599602	0.561597	0.562719	0.564981	0.565744	0.566506	0.566966	0.567426	0.567232	0.567038	0.567019	0.567001	0.566758	0.566515	0.566437	0.56636	0.566191	0.566023	0.565967	0.565911	0.565812	0.565713	0.565681	0.56565	0.565601	0.565552	0.565536	0.56552	0.565509	0.565498	0.565493	
0.565504	0.565501	0.565523	0.565545	0.565553	0.565562	0.565624	0.565687	0.565714	0.565742	0.565858	0.565975	0.566038	0.566101	0.566291	0.566481	0.566602	0.566722	0.566989	0.567255	0.567383	0.567511	0.56763	0.567749	0.566911	0.566073	0.565393	0.564713	0.564093	0.562588	0.563373	0.571642	0.594837	0.621956	0.566848	0.560601	0.563826	0.565751	0.565825	0.565898	0.56672	0.567541	0.567274	0.567008	0.567046	0.567085	0.566806	0.566526	0.566465	0.566404	0.56622	0.566035	0.565986	0.565937	0.56583	0.565723	0.565695	0.565667	0.565614	0.565561	0.565547	0.565534	0.56552	0.565506	0.565504	
0.565515	0.565514	0.565535	0.565555	0.565566	0.565577	0.56564	0.565702	0.565732	0.565762	0.565881	0.566	0.566064	0.566127	0.566328	0.566529	0.566642	0.566756	0.567054	0.567352	0.567445	0.567537	0.567665	0.567792	0.566761	0.56573	0.565437	0.565144	0.564036	0.56344	0.559151	0.558781	0.56995	0.569588	0.560207	0.562039	0.565526	0.566521	0.565906	0.565291	0.566473	0.567655	0.567317	0.566978	0.567073	0.567169	0.566853	0.566538	0.566493	0.566449	0.566248	0.566047	0.566006	0.565964	0.565848	0.565733	0.565709	0.565685	0.565627	0.565569	0.565558	0.565548	0.565531	0.565515	0.565515	
0.565517	0.565513	0.565536	0.565559	0.565569	0.565579	0.565643	0.565708	0.565739	0.56577	0.565893	0.566016	0.566087	0.566159	0.566368	0.566576	0.56672	0.566864	0.56718	0.567496	0.567685	0.567875	0.567991	0.568106	0.567507	0.566908	0.566769	0.566629	0.565661	0.564853	0.562842	0.561663	0.563687	0.561324	0.560837	0.565492	0.566869	0.567684	0.566562	0.565439	0.566657	0.567875	0.56758	0.567284	0.567291	0.567299	0.566986	0.566674	0.566581	0.566487	0.566296	0.566105	0.566039	0.565973	0.565866	0.565758	0.565722	0.565686	0.565633	0.565581	0.565563	0.565546	0.565533	0.565521	0.565517	
0.565519	0.565512	0.565538	0.565563	0.565571	0.56558	0.565647	0.565714	0.565746	0.565779	0.565905	0.566031	0.566111	0.566191	0.566407	0.566623	0.566797	0.566972	0.567306	0.56764	0.567927	0.568213	0.568317	0.568421	0.568253	0.568086	0.568101	0.568115	0.567286	0.566457	0.567228	0.56777	0.573749	0.566721	0.562878	0.566433	0.56764	0.568848	0.567218	0.565588	0.566841	0.568095	0.567843	0.567591	0.56751	0.567429	0.567119	0.56681	0.566668	0.566526	0.566344	0.566162	0.566072	0.565983	0.565883	0.565783	0.565735	0.565687	0.565639	0.565592	0.565569	0.565545	0.565536	0.565527	0.565519	
0.565525	0.56552	0.565543	0.565566	0.565578	0.565588	0.565653	0.565718	0.565753	0.565788	0.565912	0.566036	0.566118	0.566201	0.566417	0.566634	0.56681	0.566985	0.56734	0.567694	0.568004	0.568313	0.568604	0.568895	0.568958	0.569021	0.569136	0.56925	0.568087	0.566925	0.566394	0.569695	0.579875	0.565059	0.560728	0.567886	0.568712	0.569538	0.568087	0.566636	0.567548	0.56846	0.568134	0.567807	0.567664	0.567521	0.567182	0.566844	0.566699	0.566554	0.566361	0.566167	0.566081	0.565996	0.56589	0.565785	0.56574	0.565696	0.565645	0.565594	0.565573	0.565553	0.565541	0.565529	0.565525	
0.56553	0.565528	0.565549	0.56557	0.565583	0.565597	0.565659	0.565722	0.56576	0.565798	0.565919	0.566041	0.566125	0.56621	0.566427	0.566645	0.566822	0.566999	0.567373	0.567748	0.568081	0.568414	0.568891	0.569368	0.569662	0.569956	0.570171	0.570386	0.568889	0.567392	0.565559	0.566663	0.569052	0.557491	0.559751	0.569339	0.569784	0.570228	0.568956	0.567683	0.568254	0.568825	0.568424	0.568024	0.567819	0.567613	0.567246	0.566878	0.56673	0.566582	0.566377	0.566172	0.56609	0.566009	0.565898	0.565786	0.565746	0.565705	0.565651	0.565596	0.565578	0.565561	0.565546	0.565532	0.56553	
0.565526	0.56552	0.565544	0.565567	0.565578	0.565589	0.565653	0.565717	0.565753	0.565788	0.565912	0.566036	0.566119	0.566203	0.566426	0.566649	0.566832	0.567014	0.567411	0.567808	0.568184	0.568559	0.569207	0.569856	0.57036	0.570865	0.571361	0.571858	0.570424	0.56899	0.567201	0.565541	0.563326	0.559499	0.563836	0.570459	0.570478	0.570497	0.569776	0.569055	0.569242	0.569428	0.56889	0.568351	0.568011	0.567671	0.567315	0.566958	0.566769	0.566579	0.566388	0.566197	0.566097	0.565998	0.565897	0.565795	0.565745	0.565695	0.565647	0.565599	0.565576	0.565553	0.565542	0.565532	0.565526	
0.565522	0.565513	0.565539	0.565565	0.565573	0.565581	0.565647	0.565713	0.565746	0.565779	0.565905	0.566031	0.566113	0.566196	0.566424	0.566653	0.566841	0.567029	0.567449	0.567869	0.568286	0.568704	0.569524	0.570343	0.571058	0.571774	0.572552	0.573331	0.571959	0.570587	0.568843	0.567099	0.566432	0.565766	0.568672	0.571579	0.571173	0.570766	0.570597	0.570427	0.570229	0.570031	0.569355	0.568678	0.568204	0.567729	0.567384	0.567038	0.566807	0.566576	0.566399	0.566221	0.566104	0.565987	0.565895	0.565804	0.565744	0.565685	0.565643	0.565601	0.565573	0.565544	0.565538	0.565531	0.565522	
0.565521	0.565514	0.565537	0.56556	0.565571	0.565582	0.565643	0.565704	0.56574	0.565775	0.565894	0.566012	0.566095	0.566177	0.566394	0.56661	0.566794	0.566977	0.567378	0.56778	0.568184	0.568589	0.569405	0.57022	0.571065	0.571909	0.572869	0.573829	0.573211	0.572593	0.57109	0.569587	0.568842	0.568097	0.569963	0.571828	0.571811	0.571794	0.571435	0.571076	0.570609	0.570142	0.56938	0.568619	0.568157	0.567695	0.567343	0.566992	0.566774	0.566556	0.566376	0.566196	0.566087	0.565979	0.565885	0.565791	0.565737	0.565684	0.565639	0.565595	0.56557	0.565545	0.565536	0.565527	0.565521	
0.56552	0.565516	0.565536	0.565556	0.565569	0.565582	0.565639	0.565696	0.565733	0.565771	0.565882	0.565993	0.566076	0.566159	0.566363	0.566567	0.566746	0.566924	0.567307	0.56769	0.568082	0.568474	0.569286	0.570097	0.571071	0.572044	0.573186	0.574327	0.574463	0.574599	0.573337	0.572076	0.571252	0.570428	0.571253	0.572077	0.572449	0.572821	0.572273	0.571725	0.570988	0.570252	0.569405	0.568559	0.56811	0.56766	0.567303	0.566947	0.566742	0.566536	0.566353	0.56617	0.566071	0.565971	0.565875	0.565778	0.56573	0.565682	0.565635	0.565588	0.565567	0.565546	0.565535	0.565523	0.56552	
0.56551	0.565503	0.565525	0.565547	0.565557	0.565566	0.565624	0.565682	0.565714	0.565746	0.565857	0.565967	0.566042	0.566117	0.566317	0.566518	0.56668	0.566843	0.567215	0.567586	0.567945	0.568303	0.569062	0.569821	0.57071	0.5716	0.572928	0.574257	0.57495	0.575643	0.575519	0.575396	0.573813	0.572231	0.57283	0.573429	0.573442	0.573455	0.572665	0.571875	0.570933	0.56999	0.569233	0.568476	0.568015	0.567553	0.567232	0.566911	0.566695	0.56648	0.566316	0.566152	0.566046	0.56594	0.565854	0.565768	0.565715	0.565662	0.565622	0.565582	0.565557	0.565532	0.565524	0.565517	0.56551	
0.5655	0.56549	0.565514	0.565538	0.565544	0.56555	0.565609	0.565668	0.565695	0.565722	0.565832	0.565942	0.566008	0.566074	0.566271	0.566468	0.566615	0.566762	0.567123	0.567483	0.567807	0.568131	0.568838	0.569545	0.57035	0.571155	0.572671	0.574186	0.575436	0.576687	0.577701	0.578715	0.576375	0.574034	0.574407	0.574781	0.574435	0.574089	0.573057	0.572025	0.570877	0.569729	0.56906	0.568392	0.567919	0.567447	0.56716	0.566874	0.566649	0.566423	0.566279	0.566135	0.566021	0.565908	0.565833	0.565759	0.565701	0.565642	0.565609	0.565575	0.565547	0.565518	0.565514	0.56551	0.5655	
0.565493	0.565486	0.565507	0.565528	0.565536	0.565544	0.565597	0.56565	0.565678	0.565707	0.565807	0.565907	0.565972	0.566037	0.566215	0.566393	0.566531	0.566669	0.566992	0.567314	0.567607	0.567899	0.568519	0.569138	0.569819	0.570501	0.571841	0.573181	0.57446	0.575738	0.576951	0.578163	0.576608	0.575053	0.575057	0.575062	0.574312	0.573563	0.572439	0.571316	0.57031	0.569304	0.568716	0.568128	0.567715	0.567302	0.567033	0.566763	0.566564	0.566364	0.566224	0.566084	0.565983	0.565883	0.565808	0.565734	0.565683	0.565632	0.565597	0.565562	0.565537	0.565513	0.565507	0.565501	0.565493	
0.565486	0.565482	0.565499	0.565517	0.565527	0.565537	0.565585	0.565632	0.565662	0.565692	0.565782	0.565872	0.565935	0.565999	0.566159	0.566318	0.566447	0.566575	0.56686	0.567146	0.567407	0.567668	0.568199	0.568731	0.569289	0.569846	0.571011	0.572176	0.573483	0.57479	0.5762	0.577611	0.576841	0.576071	0.575707	0.575343	0.57419	0.573036	0.571821	0.570606	0.569742	0.568879	0.568371	0.567864	0.567511	0.567158	0.566905	0.566653	0.566479	0.566305	0.566169	0.566033	0.565946	0.565858	0.565784	0.565709	0.565665	0.565621	0.565584	0.565548	0.565528	0.565507	0.565499	0.565491	0.565486	
0.565473	0.565466	0.565485	0.565504	0.565511	0.565517	0.565565	0.565612	0.565636	0.565661	0.565748	0.565836	0.56589	0.565943	0.566095	0.566247	0.566356	0.566464	0.566729	0.566993	0.567209	0.567426	0.567896	0.568366	0.568803	0.56924	0.570178	0.571116	0.572111	0.573106	0.574385	0.575665	0.575204	0.574742	0.574362	0.573981	0.572877	0.571773	0.570824	0.569876	0.569169	0.568462	0.568049	0.567637	0.567313	0.566989	0.566775	0.566561	0.566393	0.566226	0.566109	0.565992	0.565904	0.565816	0.565752	0.565689	0.565642	0.565596	0.565566	0.565536	0.565513	0.56549	0.565485	0.56548	0.565473	
0.56546	0.56545	0.565471	0.565492	0.565494	0.565497	0.565545	0.565593	0.565611	0.565629	0.565715	0.565801	0.565844	0.565887	0.566032	0.566177	0.566265	0.566354	0.566597	0.56684	0.567012	0.567185	0.567593	0.568	0.568317	0.568634	0.569345	0.570056	0.570739	0.571421	0.57257	0.573718	0.573566	0.573414	0.573016	0.572618	0.571564	0.570511	0.569828	0.569145	0.568596	0.568046	0.567728	0.567409	0.567115	0.566821	0.566645	0.566469	0.566308	0.566146	0.566049	0.565951	0.565862	0.565774	0.565721	0.565668	0.565619	0.565571	0.565547	0.565523	0.565498	0.565472	0.565471	0.56547	0.56546	
0.565449	0.565442	0.56546	0.565477	0.565482	0.565486	0.565529	0.565571	0.56559	0.565609	0.565685	0.565761	0.565803	0.565845	0.565973	0.5661	0.566182	0.566263	0.566474	0.566685	0.566836	0.566987	0.567332	0.567677	0.567938	0.568199	0.568764	0.569329	0.569804	0.57028	0.571108	0.571937	0.571873	0.571808	0.57149	0.571172	0.570393	0.569615	0.569107	0.568599	0.568159	0.567718	0.567444	0.567171	0.566923	0.566676	0.566516	0.566356	0.566218	0.56608	0.565988	0.565895	0.565819	0.565743	0.56569	0.565638	0.565597	0.565555	0.56553	0.565505	0.565484	0.565463	0.56546	0.565457	0.565449	
0.565439	0.565434	0.565448	0.565463	0.565469	0.565476	0.565512	0.565549	0.565569	0.565589	0.565656	0.565722	0.565763	0.565803	0.565914	0.566024	0.566099	0.566173	0.566351	0.56653	0.566659	0.566789	0.567071	0.567354	0.567559	0.567763	0.568183	0.568602	0.56887	0.569138	0.569647	0.570155	0.570179	0.570203	0.569965	0.569726	0.569222	0.568719	0.568386	0.568053	0.567722	0.56739	0.567161	0.566932	0.566731	0.566531	0.566387	0.566243	0.566129	0.566014	0.565927	0.565839	0.565775	0.565711	0.56566	0.565609	0.565574	0.565539	0.565514	0.565488	0.565471	0.565454	0.565449	0.565443	0.565439	
0.565425	0.565418	0.565433	0.565449	0.565452	0.565456	0.565492	0.565529	0.565544	0.565559	0.565623	0.565687	0.565719	0.565751	0.565855	0.565959	0.566019	0.566078	0.566241	0.566405	0.566506	0.566608	0.566856	0.567105	0.56726	0.567415	0.567764	0.568113	0.568294	0.568475	0.568865	0.569254	0.56923	0.569206	0.569069	0.568932	0.568547	0.568161	0.567919	0.567676	0.567395	0.567113	0.566932	0.566751	0.566572	0.566392	0.566274	0.566156	0.566049	0.565942	0.565869	0.565795	0.565733	0.565671	0.565628	0.565585	0.56555	0.565515	0.565494	0.565473	0.565455	0.565436	0.565434	0.565432	0.565425	
0.565411	0.565401	0.565418	0.565435	0.565435	0.565435	0.565472	0.565508	0.565518	0.565528	0.56559	0.565652	0.565676	0.565699	0.565797	0.565895	0.565939	0.565983	0.566131	0.566279	0.566353	0.566427	0.566641	0.566856	0.566961	0.567067	0.567345	0.567624	0.567718	0.567812	0.568082	0.568353	0.568281	0.568209	0.568174	0.568139	0.567871	0.567604	0.567451	0.567299	0.567068	0.566837	0.566704	0.566571	0.566412	0.566253	0.566161	0.566069	0.565969	0.565869	0.565811	0.565752	0.565691	0.56563	0.565596	0.565562	0.565526	0.56549	0.565474	0.565458	0.565439	0.565419	0.565419	0.56542	0.565411	
0.565399	0.565392	0.565406	0.56542	0.565422	0.565423	0.565455	0.565487	0.565497	0.565508	0.565562	0.565617	0.565639	0.565662	0.565747	0.565832	0.565873	0.565913	0.56604	0.566167	0.566232	0.566297	0.566476	0.566655	0.566742	0.56683	0.567056	0.567281	0.567354	0.567426	0.567634	0.567842	0.567784	0.567727	0.567701	0.567674	0.567468	0.567262	0.567137	0.567013	0.566827	0.566641	0.566526	0.566411	0.56628	0.566149	0.566065	0.565982	0.565898	0.565814	0.565759	0.565703	0.565652	0.565601	0.565567	0.565533	0.565503	0.565473	0.565457	0.56544	0.565424	0.565408	0.565407	0.565405	0.565399	
