y	b	bdiff	u.x	u.y	u.z	Ri	
0	0	5.75734e-06	0.00225331	0	0.000191047	59940.4
12.5	0.229666	0.000360046	0.00274783	6.44875e-06	0.000352282	39291.3
25	0.460546	0.00188633	-0.00557002	0.00072539	-0.000138401	11020.2
37.5	0.694867	0.00683022	-0.0452959	-0.00151116	-0.00712581	3481.89
47.5	0.881422	0.00983478	0.018064	0.000199135	-0.01902	5996.75
52.3736	0.967213	0.00664128	0.4872	-0.00147431	0.0169282	9751.84
55.8036	1.02631	0.00275842	0.646842	-0.00260229	0.0140547	12334.9
58.5644	1.07363	-0.000978828	0.512152	-0.00136613	0.00201843	11498.2
61.7267	1.12528	-0.00613339	0.247372	0.000923091	-0.0211781	9929.09
64.8842	1.18138	-0.00819689	-0.0250844	-0.00122193	-0.0360722	8378.49
69.5316	1.26434	-0.0107331	-0.074185	0.00203667	-0.037667	7285.49
76.4159	1.39451	-0.00631605	-0.0312136	-0.00126976	-0.0192581	6580.11
86.8987	1.59096	-0.00230077	-0.00113992	-0.000298927	-0.00286653	90702.5
97.3816	1.7857	-0.00106336	0.0013781	0.00134456	0.000798159	192741
