x=200	y=105	z=200	n=65	len=1
b
0.791166	0.791162	0.79116	0.791157	0.791153	0.791148	0.791133	0.791117	0.791111	0.791106	0.791076	0.791045	0.791038	0.79103	0.790985	0.79094	0.790928	0.790917	0.790859	0.790801	0.790787	0.790772	0.790709	0.790646	0.790632	0.790617	0.790566	0.790515	0.790506	0.790497	0.790479	0.79046	0.790461	0.790462	0.790477	0.790492	0.790508	0.790525	0.790568	0.790612	0.790633	0.790655	0.790712	0.790769	0.790787	0.790805	0.790861	0.790917	0.790928	0.790938	0.790986	0.791033	0.791037	0.79104	0.791076	0.791111	0.791111	0.79111	0.791132	0.791155	0.791152	0.791149	0.791159	0.79117	0.791166	
0.791181	0.791177	0.791176	0.791175	0.791169	0.791163	0.791151	0.791139	0.791131	0.791123	0.7911	0.791077	0.791065	0.791053	0.791019	0.790984	0.790967	0.79095	0.790906	0.790863	0.79084	0.790817	0.790772	0.790726	0.790701	0.790676	0.790642	0.790608	0.790587	0.790565	0.79056	0.790554	0.790543	0.790533	0.790559	0.790586	0.79059	0.790595	0.790644	0.790694	0.790706	0.790718	0.790775	0.790833	0.790844	0.790856	0.79091	0.790963	0.79097	0.790978	0.791022	0.791065	0.791068	0.79107	0.791102	0.791134	0.791133	0.791132	0.791153	0.791173	0.79117	0.791167	0.791176	0.791186	0.791181	
0.791183	0.791179	0.791178	0.791177	0.791172	0.791168	0.791156	0.791143	0.791138	0.791133	0.791109	0.791085	0.791078	0.791071	0.791035	0.791	0.79099	0.79098	0.790935	0.790889	0.790877	0.790864	0.790815	0.790766	0.790753	0.790741	0.790701	0.790661	0.790652	0.790644	0.790628	0.790613	0.790614	0.790615	0.790629	0.790644	0.790655	0.790666	0.790704	0.790742	0.790756	0.790771	0.790819	0.790867	0.790879	0.79089	0.790938	0.790985	0.790991	0.790997	0.791037	0.791078	0.791079	0.79108	0.79111	0.791141	0.791139	0.791136	0.791156	0.791176	0.791173	0.791169	0.791178	0.791188	0.791183	
0.791186	0.791182	0.79118	0.791178	0.791176	0.791173	0.79116	0.791147	0.791145	0.791144	0.791118	0.791093	0.791091	0.79109	0.791052	0.791015	0.791013	0.791011	0.790963	0.790915	0.790913	0.790911	0.790859	0.790806	0.790806	0.790805	0.790759	0.790713	0.790718	0.790723	0.790697	0.790672	0.790684	0.790697	0.790699	0.790702	0.79072	0.790738	0.790764	0.79079	0.790807	0.790824	0.790863	0.790902	0.790913	0.790925	0.790966	0.791007	0.791012	0.791017	0.791054	0.791091	0.79109	0.791089	0.791118	0.791147	0.791144	0.791141	0.79116	0.791179	0.791175	0.791171	0.79118	0.791189	0.791186	
0.791202	0.791198	0.791197	0.791196	0.791193	0.79119	0.791179	0.791169	0.791166	0.791163	0.791142	0.791122	0.791118	0.791115	0.791085	0.791054	0.79105	0.791045	0.791007	0.790969	0.790963	0.790958	0.790917	0.790875	0.790871	0.790866	0.790831	0.790796	0.790795	0.790794	0.790778	0.790761	0.790767	0.790772	0.79078	0.790787	0.790798	0.790809	0.790836	0.790863	0.790874	0.790885	0.790922	0.790959	0.790966	0.790973	0.791011	0.79105	0.791052	0.791054	0.791088	0.791121	0.791119	0.791118	0.791144	0.79117	0.791166	0.791162	0.79118	0.791198	0.791193	0.791189	0.791197	0.791206	0.791202	
0.791218	0.791214	0.791214	0.791214	0.79121	0.791206	0.791198	0.79119	0.791186	0.791182	0.791166	0.791151	0.791146	0.79114	0.791117	0.791094	0.791087	0.79108	0.791051	0.791022	0.791014	0.791005	0.790975	0.790945	0.790936	0.790926	0.790903	0.790879	0.790873	0.790866	0.790858	0.79085	0.790849	0.790848	0.79086	0.790872	0.790876	0.79088	0.790908	0.790936	0.79094	0.790945	0.79098	0.791016	0.791018	0.791021	0.791057	0.791092	0.791091	0.791091	0.791121	0.791152	0.791149	0.791146	0.79117	0.791193	0.791189	0.791184	0.7912	0.791216	0.791211	0.791206	0.791214	0.791223	0.791218	
0.791222	0.791218	0.791218	0.791218	0.791215	0.791212	0.791204	0.791196	0.791194	0.791193	0.791176	0.79116	0.791159	0.791157	0.791134	0.79111	0.791108	0.791106	0.791077	0.791047	0.791045	0.791042	0.791011	0.790981	0.790978	0.790975	0.79095	0.790925	0.790925	0.790924	0.790913	0.790902	0.790905	0.790907	0.790915	0.790922	0.790927	0.790932	0.790955	0.790978	0.790981	0.790985	0.791016	0.791048	0.791048	0.791049	0.791081	0.791114	0.791111	0.791108	0.791137	0.791166	0.791161	0.791155	0.791179	0.791202	0.791196	0.791189	0.791205	0.791221	0.791216	0.79121	0.791218	0.791226	0.791222	
0.791226	0.791222	0.791222	0.791222	0.79122	0.791218	0.79121	0.791202	0.791202	0.791203	0.791186	0.79117	0.791172	0.791174	0.79115	0.791126	0.791129	0.791132	0.791102	0.791072	0.791076	0.791079	0.791048	0.791016	0.79102	0.791024	0.790998	0.790971	0.790976	0.790981	0.790968	0.790954	0.79096	0.790966	0.790969	0.790972	0.790978	0.790984	0.791002	0.79102	0.791023	0.791025	0.791052	0.791079	0.791078	0.791076	0.791106	0.791135	0.79113	0.791125	0.791152	0.79118	0.791173	0.791165	0.791188	0.79121	0.791203	0.791195	0.791211	0.791226	0.79122	0.791214	0.791222	0.79123	0.791226	
0.791242	0.791237	0.791238	0.791239	0.791237	0.791235	0.791228	0.791222	0.791222	0.791222	0.791209	0.791195	0.791197	0.791198	0.791179	0.791159	0.791161	0.791164	0.79114	0.791116	0.791118	0.791121	0.791096	0.791072	0.791074	0.791076	0.791057	0.791037	0.791039	0.791042	0.791033	0.791024	0.791027	0.79103	0.791035	0.79104	0.791042	0.791043	0.791061	0.791079	0.791078	0.791076	0.791102	0.791127	0.791122	0.791117	0.791145	0.791172	0.791165	0.791157	0.791183	0.791208	0.791199	0.791191	0.791211	0.791232	0.791223	0.791215	0.79123	0.791244	0.791237	0.791231	0.791238	0.791246	0.791242	
0.791258	0.791253	0.791254	0.791256	0.791253	0.791251	0.791246	0.791242	0.791241	0.791241	0.791231	0.79122	0.791221	0.791222	0.791207	0.791192	0.791194	0.791196	0.791178	0.79116	0.791161	0.791162	0.791144	0.791127	0.791128	0.791128	0.791115	0.791102	0.791102	0.791103	0.791098	0.791094	0.791094	0.791093	0.7911	0.791108	0.791105	0.791103	0.79112	0.791138	0.791133	0.791128	0.791151	0.791174	0.791167	0.791159	0.791184	0.791209	0.791199	0.79119	0.791213	0.791236	0.791226	0.791216	0.791235	0.791253	0.791244	0.791235	0.791249	0.791262	0.791255	0.791248	0.791255	0.791262	0.791258	
0.791262	0.791257	0.791259	0.79126	0.791259	0.791257	0.791252	0.791248	0.791249	0.791251	0.79124	0.79123	0.791234	0.791238	0.791222	0.791207	0.791212	0.791217	0.791199	0.79118	0.791186	0.791192	0.791174	0.791155	0.79116	0.791165	0.791151	0.791138	0.791141	0.791144	0.791139	0.791134	0.791134	0.791135	0.791141	0.791147	0.791143	0.79114	0.791156	0.791172	0.791164	0.791157	0.791179	0.791201	0.79119	0.79118	0.791204	0.791228	0.791216	0.791203	0.791226	0.791249	0.791237	0.791224	0.791243	0.791262	0.791251	0.791241	0.791254	0.791268	0.79126	0.791252	0.791259	0.791267	0.791262	
0.791266	0.791261	0.791263	0.791265	0.791264	0.791263	0.791259	0.791254	0.791257	0.791261	0.79125	0.791239	0.791246	0.791253	0.791237	0.791221	0.79123	0.791239	0.79122	0.791201	0.791211	0.791221	0.791202	0.791184	0.791193	0.791202	0.791187	0.791173	0.791179	0.791185	0.791179	0.791174	0.791175	0.791176	0.791181	0.791186	0.791181	0.791176	0.791191	0.791206	0.791196	0.791186	0.791207	0.791228	0.791214	0.7912	0.791224	0.791248	0.791232	0.791217	0.79124	0.791263	0.791248	0.791233	0.791252	0.791271	0.791258	0.791246	0.79126	0.791274	0.791265	0.791255	0.791263	0.791271	0.791266	
0.791281	0.791276	0.791278	0.79128	0.791279	0.791278	0.791275	0.791271	0.791274	0.791278	0.791269	0.79126	0.791267	0.791274	0.791261	0.791248	0.791257	0.791267	0.791252	0.791237	0.791247	0.791257	0.791243	0.791228	0.791237	0.791246	0.791236	0.791226	0.791232	0.791238	0.791235	0.791232	0.791231	0.791231	0.791236	0.791242	0.791234	0.791227	0.791241	0.791255	0.791242	0.791229	0.791249	0.791269	0.791252	0.791235	0.791258	0.79128	0.791262	0.791245	0.791266	0.791287	0.791271	0.791255	0.791273	0.791291	0.791277	0.791264	0.791277	0.79129	0.79128	0.791271	0.791278	0.791286	0.791281	
0.791296	0.79129	0.791293	0.791295	0.791294	0.791293	0.791291	0.791288	0.791292	0.791295	0.791288	0.791282	0.791288	0.791295	0.791285	0.791276	0.791285	0.791294	0.791283	0.791272	0.791282	0.791292	0.791283	0.791273	0.791282	0.791291	0.791285	0.791279	0.791285	0.79129	0.79129	0.79129	0.791288	0.791286	0.791292	0.791298	0.791288	0.791278	0.791291	0.791304	0.791288	0.791272	0.791291	0.791309	0.79129	0.79127	0.791291	0.791312	0.791292	0.791272	0.791292	0.791312	0.791295	0.791277	0.791294	0.79131	0.791296	0.791281	0.791294	0.791306	0.791296	0.791286	0.791294	0.791301	0.791296	
0.791299	0.791294	0.791296	0.791299	0.791299	0.791299	0.791296	0.791293	0.791299	0.791304	0.791296	0.791289	0.791299	0.791309	0.791297	0.791286	0.7913	0.791313	0.7913	0.791288	0.791302	0.791316	0.791305	0.791295	0.791307	0.79132	0.791313	0.791306	0.791314	0.791321	0.79132	0.79132	0.791318	0.791316	0.791322	0.791328	0.791316	0.791304	0.791318	0.791332	0.791312	0.791293	0.791312	0.791331	0.791308	0.791285	0.791307	0.791329	0.791305	0.791282	0.791303	0.791324	0.791303	0.791283	0.7913	0.791318	0.791302	0.791285	0.791298	0.791312	0.7913	0.791289	0.791297	0.791305	0.791299	
0.791303	0.791298	0.7913	0.791302	0.791304	0.791305	0.791301	0.791298	0.791305	0.791313	0.791304	0.791296	0.791309	0.791322	0.79131	0.791297	0.791314	0.791331	0.791318	0.791304	0.791322	0.791341	0.791328	0.791316	0.791332	0.791348	0.791341	0.791333	0.791342	0.791351	0.791351	0.79135	0.791348	0.791345	0.791352	0.791359	0.791344	0.79133	0.791344	0.791359	0.791336	0.791313	0.791333	0.791354	0.791327	0.7913	0.791323	0.791345	0.791319	0.791292	0.791314	0.791336	0.791312	0.791288	0.791307	0.791326	0.791307	0.791289	0.791303	0.791317	0.791305	0.791292	0.791301	0.791309	0.791303	
0.791316	0.79131	0.791313	0.791315	0.791316	0.791317	0.791315	0.791312	0.79132	0.791327	0.79132	0.791313	0.791326	0.791339	0.791329	0.791319	0.791336	0.791353	0.791343	0.791332	0.791351	0.79137	0.791362	0.791353	0.79137	0.791388	0.791384	0.79138	0.791391	0.791401	0.791403	0.791405	0.791402	0.791399	0.791405	0.791411	0.791394	0.791377	0.79139	0.791403	0.791376	0.79135	0.79137	0.791389	0.791359	0.791328	0.791351	0.791373	0.791344	0.791314	0.791336	0.791358	0.791332	0.791306	0.791325	0.791343	0.791324	0.791304	0.791318	0.791331	0.791318	0.791305	0.791314	0.791322	0.791316	
0.791328	0.791322	0.791325	0.791328	0.791329	0.79133	0.791328	0.791327	0.791334	0.791341	0.791336	0.79133	0.791343	0.791356	0.791349	0.791341	0.791358	0.791376	0.791368	0.79136	0.79138	0.7914	0.791395	0.79139	0.791409	0.791427	0.791427	0.791427	0.791439	0.791451	0.791456	0.79146	0.791457	0.791454	0.791458	0.791462	0.791443	0.791424	0.791435	0.791447	0.791417	0.791387	0.791406	0.791425	0.791391	0.791357	0.791379	0.791401	0.791369	0.791337	0.791358	0.791379	0.791352	0.791324	0.791343	0.791361	0.79134	0.791319	0.791332	0.791346	0.791332	0.791318	0.791327	0.791335	0.791328	
0.791331	0.791324	0.791327	0.79133	0.791332	0.791334	0.791331	0.791329	0.791339	0.791348	0.791341	0.791334	0.791351	0.791367	0.791357	0.791347	0.791369	0.791391	0.791381	0.79137	0.791395	0.79142	0.791412	0.791404	0.791427	0.79145	0.791448	0.791445	0.791459	0.791474	0.791477	0.791481	0.791476	0.791471	0.791479	0.791486	0.791462	0.791438	0.791453	0.791468	0.791433	0.791398	0.79142	0.791442	0.791403	0.791365	0.791389	0.791414	0.791377	0.791341	0.791364	0.791388	0.791357	0.791327	0.791346	0.791366	0.791343	0.79132	0.791334	0.791349	0.791334	0.791319	0.791328	0.791337	0.791331	
0.791333	0.791326	0.791329	0.791332	0.791335	0.791338	0.791334	0.791331	0.791343	0.791356	0.791347	0.791337	0.791358	0.791379	0.791366	0.791353	0.79138	0.791407	0.791394	0.79138	0.79141	0.79144	0.791429	0.791418	0.791445	0.791473	0.791468	0.791463	0.79148	0.791496	0.791499	0.791501	0.791495	0.791489	0.791499	0.791509	0.791481	0.791452	0.791471	0.79149	0.79145	0.791409	0.791434	0.791459	0.791416	0.791373	0.791399	0.791426	0.791386	0.791345	0.791371	0.791396	0.791363	0.791329	0.79135	0.791371	0.791346	0.791321	0.791336	0.791352	0.791336	0.79132	0.79133	0.791339	0.791333	
0.791342	0.791335	0.791339	0.791342	0.791344	0.791347	0.791344	0.791342	0.791353	0.791365	0.791357	0.79135	0.791369	0.791389	0.791379	0.791368	0.791394	0.791421	0.79141	0.7914	0.79143	0.79146	0.791453	0.791447	0.791476	0.791506	0.791506	0.791507	0.791528	0.791549	0.791557	0.791565	0.791559	0.791554	0.791557	0.791561	0.791529	0.791498	0.791513	0.791528	0.791483	0.791439	0.791463	0.791488	0.79144	0.791393	0.791421	0.791449	0.791405	0.791361	0.791388	0.791414	0.791378	0.791341	0.791363	0.791385	0.791359	0.791332	0.791348	0.791364	0.791347	0.79133	0.79134	0.791349	0.791342	
0.791352	0.791344	0.791348	0.791352	0.791354	0.791355	0.791354	0.791352	0.791363	0.791374	0.791368	0.791362	0.791381	0.791399	0.791391	0.791384	0.791409	0.791434	0.791427	0.79142	0.79145	0.791479	0.791478	0.791476	0.791507	0.791538	0.791545	0.791552	0.791577	0.791603	0.791616	0.791629	0.791624	0.791618	0.791615	0.791612	0.791577	0.791543	0.791555	0.791566	0.791517	0.791468	0.791492	0.791517	0.791465	0.791413	0.791442	0.791471	0.791424	0.791377	0.791404	0.791432	0.791393	0.791354	0.791377	0.7914	0.791371	0.791343	0.791359	0.791376	0.791358	0.79134	0.79135	0.79136	0.791352	
0.791351	0.791344	0.791347	0.79135	0.791354	0.791357	0.791354	0.79135	0.791364	0.791379	0.791369	0.79136	0.791384	0.791408	0.791395	0.791382	0.791414	0.791446	0.791433	0.79142	0.791458	0.791495	0.791486	0.791478	0.791516	0.791555	0.791555	0.791554	0.791584	0.791614	0.791622	0.791631	0.791622	0.791614	0.79162	0.791626	0.791581	0.791537	0.791558	0.791578	0.791521	0.791465	0.791495	0.791525	0.791468	0.791411	0.791444	0.791477	0.791425	0.791374	0.791404	0.791435	0.791393	0.791351	0.791376	0.7914	0.79137	0.79134	0.791357	0.791375	0.791356	0.791338	0.791348	0.791358	0.791351	
0.79135	0.791343	0.791346	0.791348	0.791354	0.791359	0.791354	0.791348	0.791366	0.791384	0.791371	0.791358	0.791387	0.791417	0.791399	0.791381	0.79142	0.791458	0.79144	0.791421	0.791465	0.79151	0.791495	0.79148	0.791526	0.791572	0.791564	0.791557	0.791591	0.791626	0.791629	0.791632	0.791621	0.791609	0.791624	0.79164	0.791585	0.791531	0.791561	0.79159	0.791526	0.791462	0.791498	0.791533	0.791471	0.791408	0.791445	0.791482	0.791426	0.791371	0.791404	0.791437	0.791392	0.791348	0.791374	0.791401	0.791369	0.791336	0.791356	0.791375	0.791355	0.791336	0.791346	0.791357	0.79135	
0.791356	0.791348	0.791351	0.791355	0.791359	0.791363	0.791358	0.791354	0.79137	0.791385	0.791375	0.791364	0.79139	0.791416	0.791402	0.791387	0.791421	0.791456	0.791442	0.791428	0.791469	0.791509	0.791501	0.791493	0.791539	0.791586	0.791589	0.791592	0.791639	0.791687	0.791707	0.791727	0.791714	0.7917	0.791693	0.791686	0.791625	0.791565	0.79159	0.791614	0.791543	0.791472	0.791511	0.791549	0.791481	0.791413	0.791454	0.791495	0.791435	0.791375	0.791412	0.791448	0.791401	0.791353	0.791382	0.791411	0.791377	0.791342	0.791363	0.791383	0.791362	0.791341	0.791353	0.791364	0.791356	
0.791362	0.791353	0.791357	0.791361	0.791364	0.791366	0.791363	0.79136	0.791374	0.791387	0.791378	0.79137	0.791393	0.791415	0.791404	0.791393	0.791423	0.791453	0.791444	0.791435	0.791471	0.791508	0.791507	0.791505	0.791552	0.7916	0.791613	0.791627	0.791688	0.791749	0.791786	0.791822	0.791807	0.791791	0.791762	0.791732	0.791666	0.791599	0.791618	0.791638	0.79156	0.791483	0.791524	0.791565	0.791491	0.791418	0.791462	0.791507	0.791444	0.79138	0.79142	0.791459	0.791409	0.791358	0.791389	0.79142	0.791384	0.791348	0.79137	0.791391	0.791369	0.791347	0.791359	0.791371	0.791362	
0.791357	0.791349	0.791352	0.791354	0.79136	0.791365	0.791359	0.791352	0.79137	0.791388	0.791374	0.79136	0.79139	0.79142	0.791401	0.791382	0.791421	0.79146	0.79144	0.791421	0.791469	0.791517	0.791503	0.791489	0.791551	0.791614	0.791609	0.791603	0.791733	0.791863	0.791907	0.791951	0.791933	0.791916	0.791879	0.791842	0.791698	0.791554	0.791594	0.791634	0.791546	0.791457	0.791507	0.791556	0.791479	0.791401	0.79145	0.7915	0.791433	0.791367	0.79141	0.791453	0.7914	0.791348	0.791381	0.791414	0.791377	0.79134	0.791362	0.791385	0.791363	0.79134	0.791353	0.791365	0.791357	
0.791352	0.791345	0.791346	0.791348	0.791356	0.791364	0.791354	0.791344	0.791367	0.79139	0.79137	0.791351	0.791387	0.791424	0.791397	0.79137	0.791418	0.791466	0.791437	0.791408	0.791467	0.791525	0.791499	0.791472	0.79155	0.791628	0.791604	0.79158	0.791778	0.791976	0.792028	0.792079	0.79206	0.792041	0.791997	0.791952	0.791731	0.79151	0.79157	0.791631	0.791531	0.791431	0.791489	0.791548	0.791467	0.791385	0.791438	0.791492	0.791423	0.791355	0.7914	0.791446	0.791392	0.791337	0.791373	0.791408	0.79137	0.791331	0.791355	0.79138	0.791357	0.791334	0.791347	0.791359	0.791352	
0.791354	0.791345	0.791348	0.79135	0.791356	0.791361	0.791353	0.791346	0.791364	0.791382	0.791366	0.791349	0.791378	0.791407	0.791386	0.791364	0.791401	0.791438	0.791416	0.791394	0.79144	0.791485	0.791468	0.791451	0.79152	0.791588	0.791635	0.791682	0.791765	0.791847	0.791866	0.791885	0.791861	0.791837	0.791803	0.79177	0.791685	0.791601	0.791608	0.791616	0.791508	0.791401	0.791469	0.791537	0.79145	0.791363	0.791426	0.791488	0.791416	0.791343	0.791395	0.791447	0.79139	0.791333	0.791372	0.791412	0.791371	0.791331	0.791357	0.791383	0.791359	0.791335	0.791349	0.791363	0.791354	
0.791356	0.791345	0.791349	0.791353	0.791355	0.791358	0.791352	0.791347	0.79136	0.791373	0.791361	0.791348	0.791369	0.791391	0.791374	0.791357	0.791384	0.79141	0.791395	0.791381	0.791413	0.791445	0.791438	0.791431	0.791489	0.791547	0.791666	0.791785	0.791752	0.792093	0.791955	0.791981	0.791934	0.791941	0.791846	0.791948	0.791931	0.791692	0.791646	0.791601	0.791486	0.79137	0.791449	0.791527	0.791433	0.79134	0.791413	0.791485	0.791408	0.791331	0.79139	0.791448	0.791389	0.791329	0.791372	0.791415	0.791373	0.791331	0.791359	0.791387	0.791361	0.791336	0.791351	0.791367	0.791356	
0.791346	0.791337	0.791339	0.791341	0.791347	0.791353	0.791342	0.791332	0.791351	0.791371	0.79135	0.791329	0.791359	0.79139	0.791362	0.791334	0.791371	0.791409	0.791381	0.791352	0.791399	0.791446	0.79142	0.791395	0.79149	0.791586	0.791681	0.791777	0.791765	0.792182	0.792249	0.79245	0.792548	0.792499	0.792081	0.792066	0.791976	0.791606	0.791595	0.791585	0.791452	0.79132	0.791406	0.791493	0.791403	0.791312	0.791385	0.791459	0.791384	0.79131	0.791369	0.791429	0.79137	0.791311	0.791355	0.7914	0.791358	0.791316	0.791345	0.791375	0.79135	0.791325	0.79134	0.791355	0.791346	
0.791336	0.791329	0.791329	0.791328	0.791338	0.791348	0.791332	0.791317	0.791343	0.791369	0.791339	0.79131	0.79135	0.791389	0.79135	0.79131	0.791359	0.791408	0.791366	0.791324	0.791385	0.791447	0.791403	0.791359	0.791491	0.791624	0.791697	0.791769	0.791777	0.792497	0.7925	0.792992	0.793349	0.793021	0.792385	0.79246	0.792185	0.79152	0.791544	0.791568	0.791418	0.791269	0.791364	0.791459	0.791372	0.791284	0.791358	0.791432	0.79136	0.791288	0.791349	0.791409	0.791351	0.791293	0.791339	0.791385	0.791343	0.791302	0.791332	0.791362	0.791338	0.791314	0.791328	0.791343	0.791336	
0.791334	0.791324	0.791326	0.791328	0.791333	0.791338	0.791326	0.791314	0.791332	0.79135	0.791326	0.791301	0.791328	0.791355	0.791323	0.791292	0.791321	0.791351	0.791321	0.791291	0.791327	0.791363	0.791337	0.791312	0.791432	0.791552	0.791646	0.79174	0.791809	0.792627	0.79255	0.792864	0.793192	0.792908	0.792525	0.792728	0.792214	0.791456	0.791483	0.79151	0.791355	0.7912	0.791311	0.791422	0.791326	0.79123	0.791321	0.791412	0.791335	0.791257	0.791329	0.7914	0.791339	0.791278	0.79133	0.791382	0.791338	0.791295	0.791328	0.791362	0.791336	0.79131	0.791327	0.791343	0.791334	
0.791331	0.791319	0.791323	0.791327	0.791328	0.791328	0.791319	0.791311	0.791321	0.79133	0.791312	0.791293	0.791307	0.791321	0.791297	0.791274	0.791284	0.791294	0.791275	0.791257	0.791268	0.791279	0.791272	0.791265	0.791372	0.791479	0.791595	0.791712	0.79184	0.792796	0.793072	0.794032	0.794073	0.794335	0.793173	0.792912	0.792185	0.791391	0.791421	0.791451	0.791291	0.791131	0.791258	0.791386	0.791281	0.791176	0.791284	0.791392	0.791309	0.791226	0.791309	0.791391	0.791327	0.791263	0.791321	0.791378	0.791333	0.791289	0.791325	0.791361	0.791334	0.791306	0.791325	0.791344	0.791331	
0.791317	0.791308	0.791308	0.791309	0.791314	0.79132	0.791304	0.791288	0.791307	0.791325	0.791295	0.791265	0.791291	0.791317	0.791279	0.791241	0.791266	0.791291	0.791259	0.791227	0.79125	0.791274	0.791264	0.791254	0.791376	0.791499	0.79158	0.79166	0.791922	0.792977	0.793441	0.793951	0.794179	0.794044	0.793345	0.792915	0.792124	0.791321	0.791356	0.791391	0.791259	0.791126	0.79123	0.791335	0.791249	0.791163	0.791258	0.791352	0.791279	0.791205	0.791282	0.79136	0.7913	0.791241	0.791298	0.791354	0.791312	0.791269	0.791305	0.791342	0.791316	0.791291	0.791309	0.791326	0.791317	
0.791303	0.791296	0.791293	0.79129	0.791301	0.791311	0.791289	0.791266	0.791293	0.791319	0.791278	0.791237	0.791276	0.791314	0.791261	0.791208	0.791248	0.791288	0.791242	0.791196	0.791233	0.79127	0.791256	0.791242	0.791381	0.79152	0.791564	0.791608	0.792003	0.793255	0.793725	0.795028	0.795691	0.794854	0.793699	0.792891	0.792081	0.79125	0.791291	0.791331	0.791226	0.791121	0.791202	0.791284	0.791218	0.791151	0.791231	0.791312	0.791248	0.791184	0.791256	0.791329	0.791274	0.791218	0.791274	0.791331	0.79129	0.791249	0.791286	0.791323	0.791299	0.791276	0.791292	0.791309	0.791303	
0.791297	0.791288	0.791288	0.791288	0.791292	0.791296	0.791279	0.791261	0.791276	0.791292	0.791259	0.791226	0.791246	0.791267	0.791226	0.791186	0.791201	0.791215	0.791188	0.79116	0.791171	0.791182	0.791197	0.791212	0.791349	0.791485	0.791604	0.791722	0.792212	0.793612	0.794398	0.795731	0.796128	0.794604	0.793259	0.792779	0.792177	0.791606	0.791511	0.791416	0.791247	0.791078	0.791183	0.791288	0.791184	0.791079	0.791186	0.791293	0.791216	0.791138	0.791226	0.791314	0.791255	0.791196	0.791259	0.791323	0.791281	0.791239	0.791279	0.791319	0.791294	0.791269	0.791288	0.791307	0.791297	
0.791292	0.791279	0.791282	0.791285	0.791283	0.791281	0.791269	0.791256	0.79126	0.791264	0.791239	0.791215	0.791217	0.791219	0.791191	0.791163	0.791153	0.791143	0.791134	0.791124	0.791109	0.791094	0.791138	0.791182	0.791316	0.79145	0.791643	0.791837	0.79242	0.793574	0.794324	0.7949	0.79463	0.79323	0.792757	0.793047	0.792505	0.791962	0.791732	0.791502	0.791268	0.791035	0.791163	0.791291	0.79115	0.791008	0.791141	0.791274	0.791184	0.791093	0.791196	0.7913	0.791236	0.791173	0.791244	0.791315	0.791272	0.791228	0.791272	0.791315	0.791289	0.791262	0.791283	0.791305	0.791292	
0.791274	0.791265	0.791264	0.791262	0.791266	0.79127	0.791249	0.791228	0.791243	0.791258	0.791219	0.79118	0.791201	0.791221	0.791174	0.791126	0.791146	0.791166	0.791138	0.791109	0.79114	0.791171	0.791212	0.791252	0.791435	0.791618	0.791728	0.791839	0.792037	0.79274	0.793255	0.793647	0.793859	0.79373	0.793734	0.793555	0.792814	0.792073	0.791853	0.791634	0.791432	0.791231	0.791272	0.791314	0.791188	0.791062	0.791156	0.791249	0.791168	0.791087	0.791176	0.791266	0.791208	0.791151	0.791218	0.791285	0.791246	0.791206	0.791248	0.791291	0.791267	0.791244	0.791263	0.791283	0.791274	
0.791256	0.791251	0.791245	0.791239	0.79125	0.79126	0.79123	0.7912	0.791226	0.791252	0.791198	0.791145	0.791184	0.791224	0.791156	0.791089	0.791139	0.79119	0.791142	0.791094	0.79117	0.791247	0.791285	0.791322	0.791554	0.791785	0.791813	0.791841	0.791655	0.791469	0.792684	0.793899	0.795459	0.79702	0.795541	0.794063	0.793123	0.792183	0.791974	0.791765	0.791597	0.791428	0.791382	0.791336	0.791226	0.791116	0.79117	0.791224	0.791152	0.791081	0.791156	0.791232	0.79118	0.791128	0.791192	0.791255	0.791219	0.791183	0.791225	0.791267	0.791246	0.791225	0.791243	0.791261	0.791256	
0.79125	0.791241	0.791239	0.791237	0.79124	0.791243	0.79122	0.791197	0.791209	0.79122	0.791179	0.791137	0.791155	0.791173	0.791124	0.791076	0.791098	0.791119	0.791104	0.791089	0.791135	0.791181	0.791296	0.791411	0.791589	0.791766	0.792073	0.792379	0.792395	0.792411	0.793171	0.793931	0.79425	0.794569	0.79352	0.792471	0.792287	0.792103	0.792066	0.792028	0.791745	0.791462	0.791412	0.791361	0.791203	0.791044	0.791124	0.791204	0.791117	0.791031	0.791123	0.791215	0.79116	0.791104	0.791175	0.791246	0.791209	0.791172	0.791217	0.791262	0.79124	0.791218	0.791238	0.791259	0.79125	
0.791244	0.791231	0.791233	0.791235	0.79123	0.791225	0.791209	0.791193	0.791191	0.791189	0.79116	0.79113	0.791126	0.791122	0.791093	0.791064	0.791056	0.791048	0.791067	0.791085	0.7911	0.791115	0.791307	0.7915	0.791624	0.791747	0.792332	0.792918	0.793135	0.793352	0.793658	0.793964	0.793041	0.792118	0.791499	0.790879	0.791451	0.792023	0.792157	0.792291	0.791894	0.791497	0.791441	0.791386	0.791179	0.790973	0.791078	0.791184	0.791082	0.790981	0.79109	0.791199	0.791139	0.79108	0.791158	0.791237	0.791199	0.791161	0.791209	0.791258	0.791234	0.791211	0.791234	0.791257	0.791244	
0.791224	0.791216	0.791213	0.79121	0.791212	0.791214	0.791188	0.791162	0.791172	0.791183	0.791136	0.791089	0.791108	0.791127	0.791073	0.791019	0.791054	0.791089	0.791078	0.791067	0.79116	0.791253	0.791437	0.79162	0.791871	0.792121	0.792635	0.79315	0.792748	0.792347	0.792534	0.792721	0.792919	0.793116	0.791993	0.79087	0.791687	0.792504	0.792752	0.793	0.792469	0.791939	0.791746	0.791552	0.791321	0.791089	0.791137	0.791186	0.791087	0.790989	0.791077	0.791166	0.791113	0.791059	0.791132	0.791205	0.791171	0.791138	0.791184	0.791231	0.791211	0.791191	0.791212	0.791233	0.791224	
0.791204	0.7912	0.791192	0.791184	0.791193	0.791202	0.791166	0.791131	0.791154	0.791177	0.791113	0.791049	0.791091	0.791133	0.791053	0.790973	0.791051	0.791129	0.79109	0.79105	0.791221	0.791392	0.791566	0.79174	0.792118	0.792495	0.792938	0.793382	0.792362	0.791341	0.79141	0.791479	0.792796	0.794114	0.792488	0.790861	0.791923	0.792986	0.793347	0.793708	0.793045	0.792382	0.79205	0.791719	0.791462	0.791206	0.791196	0.791187	0.791092	0.790996	0.791065	0.791133	0.791086	0.791039	0.791106	0.791172	0.791144	0.791115	0.791159	0.791204	0.791188	0.791171	0.79119	0.791208	0.791204	
0.7912	0.791193	0.791189	0.791185	0.791186	0.791187	0.791159	0.791132	0.79114	0.791148	0.791099	0.79105	0.791069	0.791087	0.791032	0.790978	0.791025	0.791072	0.791075	0.791077	0.791236	0.791394	0.791637	0.791881	0.792362	0.792844	0.793124	0.793403	0.79246	0.791516	0.791754	0.791991	0.793337	0.794684	0.793426	0.792168	0.793041	0.793914	0.793784	0.793655	0.792943	0.79223	0.79193	0.79163	0.791361	0.791092	0.791118	0.791144	0.791044	0.790944	0.791029	0.791115	0.791067	0.791019	0.791092	0.791165	0.791137	0.791108	0.791155	0.791201	0.791184	0.791167	0.791188	0.791208	0.7912	
0.791196	0.791185	0.791185	0.791186	0.791179	0.791171	0.791152	0.791133	0.791126	0.79112	0.791086	0.791052	0.791046	0.79104	0.791011	0.790983	0.790999	0.791015	0.79106	0.791105	0.79125	0.791396	0.791709	0.792022	0.792607	0.793193	0.793309	0.793425	0.792558	0.791691	0.792097	0.792503	0.793878	0.795254	0.794365	0.793475	0.794158	0.794841	0.794222	0.793603	0.792841	0.792078	0.79181	0.791541	0.79126	0.790978	0.79104	0.791102	0.790996	0.790891	0.790994	0.791098	0.791048	0.790999	0.791079	0.791158	0.791129	0.7911	0.79115	0.791199	0.791181	0.791162	0.791185	0.791208	0.791196	
0.791177	0.79117	0.791166	0.791161	0.791161	0.79116	0.791131	0.791102	0.791107	0.791113	0.791061	0.79101	0.791026	0.791041	0.790984	0.790926	0.790981	0.791036	0.791043	0.791049	0.791262	0.791474	0.791776	0.792079	0.792775	0.793472	0.793835	0.794197	0.793693	0.793189	0.793376	0.793563	0.794741	0.79592	0.795534	0.795148	0.795278	0.795408	0.794562	0.793716	0.792947	0.792179	0.791862	0.791544	0.79128	0.791015	0.79104	0.791066	0.790975	0.790884	0.790971	0.791058	0.791018	0.790978	0.791052	0.791126	0.791102	0.791079	0.791126	0.791173	0.791158	0.791144	0.791164	0.791185	0.791177	
0.791158	0.791155	0.791146	0.791137	0.791143	0.791149	0.79111	0.791071	0.791089	0.791106	0.791037	0.790967	0.791005	0.791043	0.790956	0.790869	0.790963	0.791057	0.791025	0.790994	0.791273	0.791552	0.791844	0.792136	0.792944	0.793751	0.794361	0.79497	0.794828	0.794687	0.794655	0.794623	0.795604	0.796586	0.796703	0.79682	0.796398	0.795976	0.794902	0.793829	0.793054	0.79228	0.791914	0.791548	0.7913	0.791052	0.791041	0.791029	0.790953	0.790877	0.790947	0.791018	0.790987	0.790957	0.791025	0.791093	0.791075	0.791057	0.791102	0.791147	0.791136	0.791125	0.791143	0.791161	0.791158	
0.791158	0.791152	0.791147	0.791142	0.79114	0.791138	0.791108	0.791078	0.791081	0.791084	0.79103	0.790977	0.790989	0.791001	0.790938	0.790875	0.790925	0.790974	0.790971	0.790967	0.79117	0.791372	0.791662	0.791953	0.792637	0.793322	0.794077	0.794831	0.795058	0.795286	0.795305	0.795325	0.796096	0.796868	0.796882	0.796896	0.796007	0.795118	0.794207	0.793296	0.792569	0.791843	0.791603	0.791363	0.791132	0.790901	0.790938	0.790976	0.790904	0.790831	0.790919	0.791006	0.790976	0.790947	0.791019	0.791092	0.791074	0.791057	0.791103	0.791149	0.791137	0.791126	0.791145	0.791165	0.791158	
0.791159	0.791149	0.791148	0.791147	0.791137	0.791128	0.791107	0.791086	0.791074	0.791062	0.791024	0.790986	0.790972	0.790958	0.79092	0.790882	0.790887	0.790892	0.790916	0.790941	0.791066	0.791191	0.79148	0.791769	0.792331	0.792893	0.793792	0.794692	0.795289	0.795885	0.795956	0.796026	0.796588	0.797151	0.797061	0.796972	0.795616	0.794261	0.793512	0.792763	0.792085	0.791407	0.791292	0.791177	0.790963	0.790749	0.790836	0.790923	0.790855	0.790786	0.79089	0.790994	0.790965	0.790936	0.791014	0.791091	0.791074	0.791057	0.791104	0.791151	0.791138	0.791126	0.791147	0.791168	0.791159	
0.791143	0.791137	0.791132	0.791126	0.791123	0.791119	0.79109	0.79106	0.791059	0.791057	0.791003	0.79095	0.790953	0.790957	0.79089	0.790824	0.790854	0.790885	0.790861	0.790836	0.790985	0.791134	0.791337	0.79154	0.792071	0.792602	0.793406	0.79421	0.794959	0.795708	0.796188	0.796667	0.796969	0.797271	0.796662	0.796053	0.794936	0.79382	0.793094	0.792367	0.79184	0.791313	0.791185	0.791057	0.790897	0.790736	0.790802	0.790868	0.790821	0.790773	0.790865	0.790958	0.790939	0.79092	0.790992	0.791064	0.791052	0.791039	0.791084	0.791129	0.79112	0.791111	0.79113	0.791149	0.791143	
0.791127	0.791125	0.791115	0.791106	0.791108	0.791111	0.791073	0.791035	0.791043	0.791052	0.790983	0.790913	0.790934	0.790955	0.79086	0.790766	0.790822	0.790879	0.790805	0.790731	0.790904	0.791078	0.791194	0.79131	0.79181	0.792311	0.793019	0.793727	0.794629	0.795532	0.796419	0.797307	0.79735	0.797392	0.796263	0.795133	0.794257	0.79338	0.792676	0.791971	0.791595	0.791219	0.791078	0.790937	0.79083	0.790723	0.790768	0.790813	0.790787	0.790761	0.790841	0.790921	0.790912	0.790903	0.79097	0.791037	0.79103	0.791022	0.791065	0.791107	0.791102	0.791096	0.791113	0.79113	0.791127	
0.791132	0.791127	0.791121	0.791116	0.791112	0.791108	0.791078	0.791048	0.791045	0.791042	0.790987	0.790932	0.790931	0.79093	0.790856	0.790783	0.790799	0.790814	0.790762	0.790709	0.790799	0.790889	0.790995	0.7911	0.791423	0.791746	0.79235	0.792955	0.793608	0.794261	0.795259	0.796258	0.795896	0.795535	0.794776	0.794016	0.793212	0.792408	0.791978	0.791547	0.791221	0.790895	0.790858	0.79082	0.790726	0.790632	0.790713	0.790793	0.790769	0.790746	0.790836	0.790925	0.790917	0.790908	0.790976	0.791045	0.791038	0.791031	0.791073	0.791115	0.791109	0.791102	0.79112	0.791138	0.791132	
0.791138	0.79113	0.791128	0.791126	0.791115	0.791105	0.791084	0.791062	0.791047	0.791031	0.790991	0.790951	0.790927	0.790904	0.790853	0.790801	0.790775	0.790749	0.790718	0.790688	0.790694	0.7907	0.790796	0.790891	0.791036	0.79118	0.791681	0.792182	0.792586	0.792991	0.794099	0.795208	0.794443	0.793679	0.793289	0.792899	0.792167	0.791436	0.79128	0.791124	0.790847	0.790571	0.790637	0.790703	0.790622	0.790542	0.790657	0.790773	0.790752	0.79073	0.79083	0.79093	0.790922	0.790913	0.790983	0.791053	0.791046	0.791039	0.791081	0.791123	0.791116	0.791108	0.791127	0.791146	0.791138	
0.791127	0.791122	0.791116	0.791111	0.791106	0.791101	0.791073	0.791045	0.791038	0.791031	0.79098	0.790928	0.790919	0.79091	0.790838	0.790766	0.79076	0.790755	0.790686	0.790618	0.790645	0.790671	0.79069	0.790708	0.790841	0.790974	0.791292	0.791609	0.791917	0.792225	0.793015	0.793806	0.793273	0.79274	0.792419	0.792097	0.791619	0.791141	0.791007	0.790873	0.790703	0.790532	0.79058	0.790628	0.790587	0.790546	0.790644	0.790742	0.790736	0.79073	0.79082	0.790909	0.790908	0.790906	0.790971	0.791036	0.791033	0.791029	0.791069	0.791109	0.791104	0.791099	0.791115	0.791132	0.791127	
0.791116	0.791114	0.791105	0.791097	0.791096	0.791096	0.791062	0.791028	0.79103	0.791031	0.790968	0.790906	0.79091	0.790915	0.790823	0.790731	0.790746	0.79076	0.790654	0.790548	0.790595	0.790642	0.790583	0.790525	0.790646	0.790768	0.790902	0.791037	0.791247	0.791458	0.791931	0.792404	0.792103	0.791802	0.791549	0.791296	0.791071	0.790845	0.790734	0.790622	0.790558	0.790494	0.790524	0.790554	0.790552	0.79055	0.790631	0.790711	0.79072	0.79073	0.79081	0.790889	0.790894	0.790899	0.790959	0.79102	0.791019	0.791019	0.791057	0.791094	0.791092	0.791089	0.791104	0.791118	0.791116	
0.791126	0.791122	0.791116	0.791111	0.791106	0.791101	0.791074	0.791047	0.791041	0.791034	0.790983	0.790933	0.790923	0.790913	0.79084	0.790767	0.790756	0.790745	0.790662	0.790579	0.790581	0.790582	0.790538	0.790494	0.790536	0.790578	0.790685	0.790793	0.790879	0.790965	0.791334	0.791703	0.791429	0.791154	0.791053	0.790952	0.790755	0.790557	0.790543	0.790529	0.790469	0.790408	0.79048	0.790552	0.790548	0.790545	0.790638	0.790732	0.79074	0.790747	0.790829	0.79091	0.790914	0.790918	0.790977	0.791036	0.791035	0.791035	0.791071	0.791107	0.791104	0.7911	0.791115	0.79113	0.791126	
0.791136	0.79113	0.791127	0.791125	0.791116	0.791106	0.791086	0.791066	0.791051	0.791036	0.790998	0.79096	0.790936	0.790911	0.790857	0.790803	0.790766	0.79073	0.79067	0.79061	0.790566	0.790522	0.790493	0.790464	0.790426	0.790388	0.790468	0.790549	0.79051	0.790472	0.790737	0.791002	0.790754	0.790506	0.790557	0.790609	0.790438	0.790268	0.790352	0.790435	0.790379	0.790323	0.790436	0.79055	0.790545	0.790539	0.790646	0.790753	0.790759	0.790764	0.790848	0.790931	0.790934	0.790938	0.790995	0.791053	0.791052	0.791051	0.791085	0.79112	0.791116	0.791112	0.791127	0.791143	0.791136	
0.791131	0.791126	0.791122	0.791117	0.791112	0.791106	0.791082	0.791059	0.79105	0.791041	0.790997	0.790953	0.790939	0.790925	0.79086	0.790795	0.790775	0.790755	0.790676	0.790597	0.790576	0.790554	0.790489	0.790425	0.790411	0.790398	0.790409	0.790421	0.79041	0.790399	0.790546	0.790693	0.790552	0.790411	0.79043	0.790448	0.790364	0.79028	0.790336	0.790393	0.790378	0.790364	0.790455	0.790546	0.790557	0.790569	0.790661	0.790753	0.790765	0.790777	0.790853	0.790928	0.790934	0.790939	0.790993	0.791047	0.791047	0.791047	0.79108	0.791113	0.79111	0.791107	0.791121	0.791135	0.791131	
0.791125	0.791122	0.791116	0.79111	0.791108	0.791105	0.791078	0.791051	0.791049	0.791047	0.790996	0.790945	0.790942	0.790939	0.790863	0.790787	0.790784	0.790781	0.790683	0.790585	0.790585	0.790585	0.790486	0.790386	0.790397	0.790408	0.790351	0.790294	0.79031	0.790326	0.790355	0.790384	0.79035	0.790315	0.790302	0.790288	0.79029	0.790291	0.790321	0.79035	0.790378	0.790405	0.790473	0.790542	0.79057	0.790599	0.790676	0.790753	0.790772	0.79079	0.790857	0.790925	0.790933	0.790941	0.790991	0.791041	0.791042	0.791044	0.791075	0.791106	0.791104	0.791102	0.791115	0.791128	0.791125	
0.791139	0.791135	0.791131	0.791127	0.791121	0.791116	0.791095	0.791073	0.791066	0.791059	0.791018	0.790977	0.790966	0.790955	0.790893	0.790832	0.790816	0.7908	0.790722	0.790644	0.790625	0.790605	0.790527	0.79045	0.790432	0.790414	0.790373	0.790332	0.790315	0.790299	0.79033	0.790362	0.790316	0.79027	0.790292	0.790314	0.790303	0.790292	0.790348	0.790404	0.790421	0.790437	0.790516	0.790595	0.790617	0.790638	0.790717	0.790795	0.79081	0.790825	0.79089	0.790955	0.790962	0.790969	0.791016	0.791063	0.791063	0.791064	0.791093	0.791123	0.79112	0.791118	0.79113	0.791143	0.791139	
0.791152	0.791147	0.791145	0.791143	0.791135	0.791128	0.791111	0.791095	0.791083	0.791071	0.79104	0.791008	0.790989	0.79097	0.790924	0.790877	0.790848	0.790819	0.790761	0.790704	0.790664	0.790625	0.790569	0.790514	0.790467	0.790421	0.790396	0.79037	0.790321	0.790271	0.790305	0.79034	0.790282	0.790224	0.790282	0.79034	0.790317	0.790294	0.790376	0.790458	0.790464	0.79047	0.790559	0.790649	0.790663	0.790678	0.790758	0.790838	0.790849	0.79086	0.790923	0.790985	0.790991	0.790996	0.79104	0.791084	0.791084	0.791085	0.791112	0.791139	0.791136	0.791133	0.791145	0.791158	0.791152	
0.791151	0.791147	0.791144	0.791141	0.791136	0.791131	0.791113	0.791095	0.791087	0.79108	0.791045	0.791011	0.791	0.790988	0.790937	0.790886	0.790869	0.790852	0.790786	0.790721	0.790699	0.790676	0.790608	0.79054	0.790515	0.79049	0.790443	0.790396	0.790373	0.79035	0.790351	0.790353	0.79033	0.790308	0.790338	0.790369	0.790372	0.790374	0.790434	0.790494	0.790512	0.790531	0.790604	0.790677	0.790696	0.790716	0.790785	0.790854	0.790867	0.790879	0.790936	0.790993	0.790998	0.791003	0.791045	0.791086	0.791086	0.791086	0.791112	0.791138	0.791135	0.791133	0.791144	0.791155	0.791151	
0.79115	0.791147	0.791143	0.791139	0.791136	0.791133	0.791114	0.791094	0.791091	0.791088	0.791051	0.791014	0.79101	0.791006	0.790951	0.790895	0.790889	0.790884	0.790811	0.790739	0.790733	0.790727	0.790646	0.790566	0.790562	0.790559	0.790491	0.790422	0.790426	0.790429	0.790397	0.790366	0.790378	0.790391	0.790395	0.790398	0.790426	0.790454	0.790492	0.79053	0.790561	0.790592	0.790649	0.790705	0.790729	0.790753	0.790812	0.790871	0.790885	0.790899	0.79095	0.791001	0.791006	0.791011	0.791049	0.791088	0.791088	0.791088	0.791112	0.791137	0.791135	0.791132	0.791143	0.791153	0.79115	
0.791166	0.791162	0.79116	0.791157	0.791153	0.791148	0.791133	0.791117	0.791111	0.791106	0.791076	0.791045	0.791038	0.79103	0.790985	0.79094	0.790928	0.790917	0.790859	0.790801	0.790787	0.790772	0.790709	0.790646	0.790632	0.790617	0.790566	0.790515	0.790506	0.790497	0.790479	0.79046	0.790461	0.790462	0.790477	0.790492	0.790508	0.790525	0.790568	0.790612	0.790633	0.790655	0.790712	0.790769	0.790787	0.790805	0.790861	0.790917	0.790928	0.790938	0.790986	0.791033	0.791037	0.79104	0.791076	0.791111	0.791111	0.79111	0.791132	0.791155	0.791152	0.791149	0.791159	0.79117	0.791166	
