x=120	y=200	z=200	n=65	len=1
b
0	0	0	0	0	0	0	0	0	0	0	0	0	0	0	0	0	0	0	0	0	0	0	0	0	0	0	0	0	0	0	0	0	0	0	0	0	0	0	0	0	0	0	0	0	0	0	0	0	0	0	0	0	0	0	0	0	0	0	0	0	0	0	0	0	
0.0460218	0.0460226	0.0460215	0.0460203	0.0460162	0.0460121	0.0460116	0.0460111	0.0460039	0.0459967	0.0459979	0.045999	0.045993	0.0459871	0.0459911	0.0459952	0.0459941	0.0459931	0.0459989	0.0460047	0.0460054	0.0460062	0.0460075	0.0460087	0.0460032	0.0459977	0.0459928	0.0459879	0.0459841	0.0459802	0.0459845	0.0459888	0.0459854	0.045982	0.0459827	0.0459833	0.0459839	0.0459844	0.0459964	0.0460084	0.0460025	0.0459966	0.0460038	0.0460111	0.0460009	0.0459907	0.0459921	0.0459936	0.0459895	0.0459854	0.0459866	0.0459878	0.0459916	0.0459954	0.0459967	0.045998	0.046005	0.0460121	0.0460121	0.0460122	0.0460175	0.0460229	0.0460219	0.0460209	0.0460218	
0.0920391	0.092041	0.0920386	0.0920362	0.0920284	0.0920206	0.0920197	0.0920189	0.0920049	0.091991	0.0919933	0.0919955	0.0919839	0.0919723	0.0919802	0.091988	0.0919867	0.0919854	0.0919971	0.0920089	0.0920125	0.0920161	0.0920193	0.0920225	0.0920134	0.0920042	0.0919943	0.0919844	0.0919761	0.0919679	0.0919776	0.0919873	0.0919792	0.0919712	0.091974	0.0919768	0.0919753	0.0919737	0.092	0.0920263	0.0920104	0.0919946	0.0920098	0.092025	0.0920019	0.0919789	0.0919826	0.0919863	0.0919773	0.0919682	0.0919713	0.0919743	0.0919816	0.0919889	0.0919914	0.0919939	0.0920077	0.0920215	0.0920212	0.0920209	0.0920314	0.092042	0.0920396	0.0920372	0.0920391	
0.138056	0.138059	0.138056	0.138052	0.138041	0.138029	0.138028	0.138027	0.138006	0.137985	0.137989	0.137992	0.137975	0.137958	0.137969	0.137981	0.137979	0.137978	0.137995	0.138013	0.13802	0.138026	0.138031	0.138036	0.138024	0.138011	0.137996	0.137981	0.137968	0.137956	0.137971	0.137986	0.137973	0.13796	0.137965	0.13797	0.137967	0.137963	0.138004	0.138044	0.138018	0.137993	0.138016	0.138039	0.138003	0.137967	0.137973	0.137979	0.137965	0.137951	0.137956	0.137961	0.137972	0.137982	0.137986	0.13799	0.13801	0.138031	0.13803	0.13803	0.138045	0.138061	0.138057	0.138054	0.138056	
0.18408	0.184084	0.18408	0.184075	0.18406	0.184045	0.184045	0.184045	0.184016	0.183988	0.183994	0.184	0.183974	0.183948	0.183964	0.18398	0.183975	0.18397	0.183995	0.18402	0.184029	0.184038	0.184047	0.184056	0.18404	0.184024	0.184001	0.183977	0.183957	0.183936	0.183954	0.183973	0.183959	0.183946	0.183951	0.183956	0.183956	0.183955	0.18401	0.184065	0.18403	0.183996	0.184023	0.18405	0.184004	0.183959	0.183965	0.183972	0.183957	0.183942	0.183949	0.183955	0.183972	0.183988	0.183992	0.183996	0.184024	0.184051	0.184049	0.184047	0.184067	0.184088	0.184082	0.184077	0.18408	
0.230104	0.230109	0.230104	0.230099	0.23008	0.230061	0.230062	0.230062	0.230026	0.22999	0.229999	0.230007	0.229973	0.229939	0.229959	0.22998	0.229971	0.229963	0.229994	0.230026	0.230038	0.23005	0.230062	0.230075	0.230056	0.230037	0.230005	0.229974	0.229946	0.229917	0.229938	0.229959	0.229946	0.229932	0.229937	0.229943	0.229945	0.229948	0.230017	0.230086	0.230042	0.229999	0.23003	0.230062	0.230006	0.22995	0.229958	0.229966	0.22995	0.229934	0.229942	0.229949	0.229972	0.229994	0.229998	0.230002	0.230037	0.230072	0.230068	0.230064	0.230089	0.230115	0.230107	0.2301	0.230104	
0.276124	0.27613	0.276124	0.276119	0.276097	0.276076	0.276079	0.276082	0.276038	0.275995	0.276007	0.27602	0.275975	0.27593	0.275956	0.275982	0.275967	0.275952	0.275991	0.276031	0.276048	0.276066	0.276086	0.276106	0.276092	0.276077	0.276035	0.275993	0.275951	0.27591	0.27593	0.27595	0.275941	0.275932	0.27594	0.275948	0.275952	0.275955	0.276042	0.276129	0.276067	0.276005	0.276039	0.276072	0.276005	0.275938	0.275948	0.275957	0.275943	0.27593	0.275939	0.275949	0.275978	0.276008	0.276011	0.276013	0.276054	0.276095	0.276088	0.27608	0.27611	0.276139	0.276129	0.276118	0.276124	
0.322144	0.322151	0.322145	0.322139	0.322114	0.32209	0.322096	0.322101	0.32205	0.322	0.322016	0.322033	0.321978	0.321922	0.321953	0.321984	0.321962	0.32194	0.321988	0.322035	0.322059	0.322083	0.32211	0.322138	0.322128	0.322118	0.322065	0.322011	0.321957	0.321903	0.321922	0.32194	0.321937	0.321933	0.321943	0.321953	0.321958	0.321962	0.322067	0.322171	0.322091	0.322011	0.322047	0.322083	0.322004	0.321925	0.321937	0.321949	0.321937	0.321925	0.321937	0.321949	0.321985	0.322022	0.322023	0.322024	0.322072	0.322119	0.322108	0.322097	0.32213	0.322164	0.32215	0.322137	0.322144	
0.368168	0.368177	0.368171	0.368164	0.368139	0.368114	0.368123	0.368133	0.368076	0.368018	0.368042	0.368066	0.367996	0.367927	0.367965	0.368003	0.367966	0.367929	0.367986	0.368042	0.368068	0.368095	0.368135	0.368176	0.368179	0.368183	0.368114	0.368046	0.367966	0.367886	0.367887	0.367889	0.367908	0.367928	0.367943	0.367958	0.367969	0.36798	0.3681	0.36822	0.36812	0.368021	0.368053	0.368085	0.368002	0.36792	0.367934	0.367948	0.367945	0.367942	0.367954	0.367967	0.368012	0.368057	0.368054	0.368052	0.368104	0.368156	0.368139	0.368123	0.368159	0.368194	0.368177	0.36816	0.368168	
0.414193	0.414202	0.414196	0.41419	0.414164	0.414137	0.414151	0.414165	0.414101	0.414037	0.414068	0.414098	0.414015	0.413931	0.413977	0.414022	0.41397	0.413918	0.413984	0.41405	0.414078	0.414106	0.41416	0.414213	0.414231	0.414248	0.414164	0.41408	0.413975	0.413869	0.413853	0.413837	0.41388	0.413922	0.413942	0.413962	0.41398	0.413997	0.414133	0.414269	0.41415	0.41403	0.414059	0.414087	0.414001	0.413914	0.413931	0.413947	0.413952	0.413958	0.413972	0.413986	0.414039	0.414092	0.414086	0.414079	0.414136	0.414192	0.41417	0.414148	0.414187	0.414225	0.414204	0.414183	0.414193	
0.460207	0.460219	0.460213	0.460206	0.460182	0.460157	0.460176	0.460194	0.460127	0.46006	0.460099	0.460139	0.460041	0.459943	0.459998	0.460053	0.459977	0.4599	0.459976	0.460051	0.460073	0.460095	0.460169	0.460244	0.460298	0.460353	0.460261	0.460168	0.460031	0.459894	0.459818	0.459742	0.459832	0.459922	0.459973	0.460024	0.460029	0.460033	0.460181	0.460329	0.460178	0.460027	0.460049	0.460071	0.45999	0.459908	0.45993	0.459953	0.459972	0.459991	0.460005	0.460019	0.460078	0.460137	0.460125	0.460112	0.460169	0.460227	0.460198	0.460169	0.460207	0.460246	0.460221	0.460196	0.460207	
0.506222	0.506235	0.506229	0.506223	0.5062	0.506177	0.5062	0.506223	0.506153	0.506084	0.506131	0.506179	0.506067	0.505956	0.50602	0.506084	0.505983	0.505882	0.505967	0.506053	0.506068	0.506083	0.506179	0.506274	0.506366	0.506459	0.506357	0.506256	0.506087	0.505919	0.505783	0.505646	0.505784	0.505922	0.506004	0.506087	0.506078	0.50607	0.506229	0.506389	0.506206	0.506023	0.506039	0.506056	0.505979	0.505902	0.50593	0.505958	0.505991	0.506024	0.506038	0.506052	0.506117	0.506183	0.506164	0.506144	0.506203	0.506261	0.506225	0.506189	0.506228	0.506267	0.506238	0.506209	0.506222	
0.552237	0.552251	0.552245	0.552239	0.552221	0.552203	0.55223	0.552256	0.55219	0.552123	0.55218	0.552237	0.552115	0.551994	0.552071	0.552148	0.552013	0.551878	0.551976	0.552074	0.552053	0.552033	0.552158	0.552283	0.552418	0.552554	0.552469	0.552385	0.552182	0.55198	0.551695	0.551409	0.551606	0.551803	0.551993	0.552184	0.552146	0.552109	0.552265	0.55242	0.552216	0.552012	0.552025	0.552038	0.551982	0.551925	0.551962	0.551999	0.552045	0.552092	0.552103	0.552114	0.552179	0.552244	0.552217	0.55219	0.552243	0.552297	0.552255	0.552213	0.552249	0.552286	0.552254	0.552222	0.552237	
0.598252	0.598267	0.598261	0.598255	0.598242	0.598229	0.598259	0.59829	0.598226	0.598162	0.598229	0.598295	0.598164	0.598032	0.598122	0.598212	0.598043	0.597873	0.597984	0.598095	0.598038	0.597982	0.598137	0.598291	0.598471	0.59865	0.598582	0.598513	0.598277	0.59804	0.597606	0.597172	0.597428	0.597683	0.597982	0.59828	0.598215	0.598149	0.5983	0.598451	0.598226	0.598001	0.598011	0.59802	0.597984	0.597948	0.597994	0.59804	0.5981	0.59816	0.598168	0.598176	0.59824	0.598305	0.59827	0.598235	0.598284	0.598332	0.598285	0.598238	0.598271	0.598304	0.59827	0.598236	0.598252	
0.644253	0.64427	0.644263	0.644257	0.644251	0.644245	0.644275	0.644305	0.644252	0.644199	0.644271	0.644342	0.644212	0.644082	0.644186	0.644289	0.644087	0.643884	0.644009	0.644133	0.643999	0.643865	0.644049	0.644233	0.644432	0.644631	0.644671	0.64471	0.644529	0.644347	0.643596	0.642846	0.643097	0.643348	0.643948	0.644548	0.644383	0.644217	0.64431	0.644403	0.644178	0.643953	0.643975	0.643996	0.643998	0.644001	0.644055	0.644109	0.644177	0.644244	0.644243	0.644242	0.644298	0.644353	0.644311	0.644269	0.644307	0.644345	0.644296	0.644248	0.644276	0.644303	0.64427	0.644236	0.644253	
0.690255	0.690273	0.690265	0.690258	0.69026	0.690261	0.690291	0.69032	0.690278	0.690236	0.690313	0.690389	0.690261	0.690133	0.69025	0.690367	0.69013	0.689894	0.690033	0.690172	0.68996	0.689748	0.689962	0.690175	0.690394	0.690612	0.69076	0.690908	0.690781	0.690654	0.689587	0.688519	0.688766	0.689013	0.689914	0.690815	0.69055	0.690286	0.690321	0.690355	0.69013	0.689905	0.689939	0.689972	0.690013	0.690053	0.690116	0.690178	0.690253	0.690328	0.690318	0.690309	0.690355	0.690401	0.690351	0.690302	0.69033	0.690357	0.690308	0.690258	0.69028	0.690303	0.69027	0.690237	0.690255	
0.736261	0.736278	0.736271	0.736263	0.736272	0.736281	0.736305	0.736329	0.736304	0.736279	0.736352	0.736424	0.736317	0.73621	0.736336	0.736462	0.736217	0.735972	0.736132	0.736293	0.735978	0.735663	0.735901	0.736138	0.736229	0.73632	0.736686	0.737052	0.737085	0.737118	0.735692	0.734266	0.73425	0.734236	0.73565	0.737064	0.736743	0.736422	0.736334	0.736247	0.736077	0.735906	0.735981	0.736055	0.736118	0.736182	0.736244	0.736306	0.736363	0.73642	0.736399	0.736379	0.736403	0.736426	0.736378	0.736329	0.736341	0.736354	0.736311	0.736269	0.736284	0.736298	0.736271	0.736244	0.736261	
0.782268	0.782284	0.782276	0.782268	0.782285	0.782301	0.782319	0.782337	0.78233	0.782322	0.782391	0.782459	0.782373	0.782286	0.782421	0.782557	0.782303	0.782049	0.782231	0.782413	0.781995	0.781578	0.78184	0.782102	0.782065	0.782028	0.782612	0.783196	0.783389	0.783583	0.781797	0.780012	0.779735	0.779458	0.781385	0.783313	0.782936	0.782558	0.782348	0.782138	0.782023	0.781907	0.782023	0.782139	0.782224	0.78231	0.782371	0.782433	0.782472	0.782512	0.782481	0.782449	0.78245	0.782452	0.782404	0.782356	0.782353	0.78235	0.782315	0.782281	0.782287	0.782294	0.782273	0.782252	0.782268	
0.828271	0.828284	0.828277	0.828269	0.828289	0.828308	0.828316	0.828325	0.828333	0.828341	0.828393	0.828446	0.828393	0.82834	0.82847	0.828599	0.828381	0.828164	0.828366	0.828568	0.828087	0.827607	0.827881	0.828156	0.827789	0.827423	0.828182	0.828942	0.829395	0.829849	0.828589	0.827329	0.826588	0.825848	0.827591	0.829333	0.828893	0.828453	0.828202	0.82795	0.827976	0.828003	0.828153	0.828304	0.828383	0.828463	0.828499	0.828534	0.828538	0.828542	0.828503	0.828464	0.828442	0.82842	0.828384	0.828348	0.828333	0.828318	0.828299	0.828281	0.82828	0.82828	0.828269	0.828258	0.828271	
0.874274	0.874283	0.874277	0.874271	0.874293	0.874315	0.874314	0.874312	0.874335	0.874359	0.874396	0.874433	0.874414	0.874395	0.874518	0.874641	0.87446	0.874278	0.874501	0.874724	0.87418	0.873635	0.873923	0.87421	0.873514	0.872818	0.873753	0.874688	0.875401	0.876115	0.87538	0.874646	0.873442	0.872238	0.873796	0.875354	0.874851	0.874349	0.874055	0.873761	0.87393	0.874098	0.874283	0.874468	0.874543	0.874617	0.874626	0.874634	0.874604	0.874573	0.874525	0.874478	0.874433	0.874388	0.874364	0.87434	0.874313	0.874286	0.874283	0.87428	0.874273	0.874266	0.874265	0.874265	0.874274	
0.920295	0.920297	0.920295	0.920293	0.92031	0.920327	0.920318	0.920309	0.920337	0.920365	0.920381	0.920396	0.920408	0.920419	0.920516	0.920613	0.920509	0.920405	0.920633	0.92086	0.920406	0.919952	0.920277	0.920602	0.919679	0.918756	0.919665	0.920574	0.920855	0.921137	0.922016	0.922894	0.921431	0.919967	0.920397	0.920827	0.920587	0.920348	0.920272	0.920196	0.920311	0.920426	0.920589	0.920753	0.920731	0.920708	0.920686	0.920664	0.920586	0.920509	0.920475	0.920442	0.920382	0.920322	0.920323	0.920325	0.920292	0.920259	0.920277	0.920294	0.920281	0.920268	0.920281	0.920293	0.920295	
0.966316	0.966311	0.966314	0.966316	0.966328	0.96634	0.966323	0.966307	0.966339	0.966372	0.966366	0.966359	0.966401	0.966444	0.966514	0.966584	0.966558	0.966533	0.966764	0.966996	0.966632	0.966268	0.966631	0.966995	0.965844	0.964694	0.965577	0.96646	0.96631	0.966159	0.968651	0.971143	0.969419	0.967695	0.966998	0.966301	0.966324	0.966346	0.966488	0.96663	0.966691	0.966753	0.966895	0.967037	0.966918	0.966799	0.966747	0.966694	0.966569	0.966445	0.966425	0.966406	0.96633	0.966255	0.966282	0.96631	0.966271	0.966232	0.96627	0.966308	0.96629	0.966271	0.966296	0.966321	0.966316	
1.01234	1.01233	1.01234	1.01235	1.01234	1.01234	1.01233	1.01231	1.01233	1.01234	1.01233	1.01231	1.01234	1.01238	1.01242	1.01245	1.01247	1.01248	1.01268	1.01289	1.01268	1.01247	1.0129	1.01333	1.01232	1.0113	1.01198	1.01265	1.012	1.01135	1.01467	1.01798	1.01662	1.01526	1.01364	1.01202	1.01223	1.01245	1.01275	1.01305	1.013	1.01294	1.01297	1.01299	1.01281	1.01263	1.01257	1.01252	1.0124	1.01228	1.01229	1.0123	1.01224	1.01218	1.01223	1.01228	1.01225	1.01222	1.01227	1.01232	1.01231	1.01229	1.01232	1.01235	1.01234	
1.05836	1.05834	1.05836	1.05838	1.05836	1.05834	1.05833	1.05832	1.05832	1.05832	1.05829	1.05826	1.05829	1.05831	1.05832	1.05832	1.05838	1.05843	1.0586	1.05878	1.05872	1.05867	1.05917	1.05967	1.05879	1.0579	1.05837	1.05885	1.0577	1.05654	1.06068	1.06482	1.06382	1.06282	1.06028	1.05775	1.05815	1.05855	1.05901	1.05947	1.0593	1.05913	1.05904	1.05894	1.0587	1.05846	1.0584	1.05835	1.05823	1.05811	1.05816	1.0582	1.05816	1.05811	1.05819	1.05826	1.05824	1.05822	1.05828	1.05834	1.05832	1.0583	1.05834	1.05838	1.05836	
1.10439	1.10436	1.10439	1.10441	1.10438	1.10434	1.10435	1.10436	1.10432	1.10429	1.10428	1.10427	1.10424	1.10422	1.10422	1.10422	1.10422	1.10422	1.10435	1.10448	1.10446	1.10444	1.10496	1.10548	1.10504	1.10461	1.10521	1.1058	1.10506	1.10432	1.10677	1.10922	1.10885	1.10848	1.10686	1.10524	1.10501	1.10477	1.10514	1.10552	1.10512	1.10473	1.1046	1.10448	1.10429	1.1041	1.1041	1.10409	1.10405	1.104	1.10407	1.10413	1.10413	1.10413	1.1042	1.10426	1.10426	1.10426	1.10431	1.10437	1.10435	1.10434	1.10438	1.10442	1.10439	
1.15042	1.15038	1.15042	1.15045	1.1504	1.15035	1.15037	1.15039	1.15033	1.15026	1.15027	1.15027	1.1502	1.15013	1.15012	1.15012	1.15007	1.15002	1.1501	1.15019	1.1502	1.15022	1.15075	1.15128	1.1513	1.15132	1.15204	1.15276	1.15243	1.15209	1.15285	1.15361	1.15388	1.15414	1.15344	1.15273	1.15187	1.151	1.15128	1.15157	1.15094	1.15032	1.15017	1.15002	1.14989	1.14975	1.14979	1.14983	1.14986	1.14989	1.14997	1.15006	1.1501	1.15014	1.1502	1.15027	1.15029	1.1503	1.15035	1.15039	1.15038	1.15037	1.15041	1.15045	1.15042	
1.19642	1.19639	1.19642	1.19645	1.1964	1.19634	1.19637	1.19641	1.19633	1.19624	1.19627	1.1963	1.19619	1.19607	1.19609	1.19611	1.19595	1.1958	1.19587	1.19595	1.19573	1.1955	1.19594	1.19637	1.19598	1.19559	1.19701	1.19844	1.19767	1.1969	1.1993	1.20169	1.20213	1.20258	1.19983	1.19707	1.19699	1.1969	1.19636	1.19581	1.19573	1.19565	1.19549	1.19533	1.19548	1.19563	1.19565	1.19567	1.19582	1.19597	1.19601	1.19605	1.19614	1.19623	1.19626	1.19628	1.19632	1.19636	1.19638	1.1964	1.1964	1.1964	1.19642	1.19645	1.19642	
1.24242	1.24239	1.24242	1.24246	1.24239	1.24233	1.24238	1.24243	1.24233	1.24222	1.24228	1.24234	1.24217	1.242	1.24206	1.24211	1.24184	1.24158	1.24164	1.24171	1.24125	1.24079	1.24112	1.24145	1.24065	1.23985	1.24198	1.24411	1.24291	1.24202	1.2454	1.24998	1.25225	1.25186	1.24654	1.24205	1.24181	1.24281	1.24143	1.24005	1.24052	1.24099	1.24082	1.24064	1.24108	1.24151	1.24151	1.24151	1.24178	1.24206	1.24205	1.24204	1.24218	1.24233	1.24231	1.2423	1.24236	1.24242	1.24241	1.24241	1.24241	1.24242	1.24244	1.24245	1.24242	
1.2884	1.28838	1.28841	1.28843	1.28838	1.28832	1.28837	1.28841	1.28832	1.28822	1.28828	1.28834	1.28818	1.28802	1.28808	1.28814	1.28785	1.28757	1.28762	1.28768	1.28707	1.28647	1.28666	1.28685	1.28541	1.28397	1.28497	1.28597	1.2861	1.28653	1.28739	1.28885	1.29186	1.29129	1.28759	1.2855	1.28545	1.2859	1.2849	1.2839	1.28541	1.28691	1.28661	1.28632	1.28704	1.28777	1.28766	1.28755	1.2879	1.28824	1.28817	1.28809	1.28825	1.28841	1.28836	1.28831	1.28837	1.28844	1.28842	1.28839	1.28841	1.28842	1.28842	1.28843	1.2884	
1.33439	1.33437	1.33439	1.3344	1.33436	1.33431	1.33435	1.33439	1.33431	1.33422	1.33428	1.33434	1.33419	1.33404	1.33411	1.33417	1.33387	1.33356	1.3336	1.33364	1.33289	1.33214	1.3322	1.33225	1.33017	1.3281	1.32797	1.32784	1.32929	1.32981	1.33093	1.3324	1.32778	1.33705	1.33184	1.32981	1.32936	1.32899	1.32837	1.32775	1.33029	1.33283	1.33241	1.33199	1.33301	1.33402	1.33381	1.3336	1.33401	1.33443	1.33428	1.33414	1.33432	1.33449	1.33441	1.33432	1.33439	1.33447	1.33442	1.33438	1.3344	1.33442	1.33441	1.3344	1.33439	
1.38036	1.38036	1.38036	1.38036	1.38034	1.38032	1.38033	1.38035	1.3803	1.38026	1.38028	1.38031	1.38023	1.38014	1.38018	1.38021	1.38004	1.37988	1.37991	1.37994	1.37957	1.37919	1.37922	1.37925	1.37833	1.37741	1.37742	1.37743	1.378	1.37506	1.37707	1.38648	1.41428	1.38313	1.37833	1.37572	1.37658	1.37844	1.37766	1.37689	1.37832	1.37975	1.37942	1.3791	1.3797	1.3803	1.38012	1.37994	1.38019	1.38045	1.38033	1.38022	1.38034	1.38046	1.38039	1.38032	1.38037	1.38043	1.38039	1.38035	1.38037	1.38039	1.38038	1.38036	1.38036	
1.42633	1.42635	1.42633	1.42631	1.42632	1.42632	1.42631	1.4263	1.42629	1.42629	1.42628	1.42628	1.42626	1.42624	1.42625	1.42625	1.42622	1.42619	1.42622	1.42625	1.42624	1.42624	1.42624	1.42625	1.42648	1.42671	1.42687	1.42703	1.42672	1.4271	1.42682	1.43782	1.45999	1.42973	1.42419	1.426	1.42678	1.42789	1.42695	1.42602	1.42634	1.42666	1.42644	1.42621	1.42639	1.42657	1.42642	1.42627	1.42637	1.42647	1.42639	1.4263	1.42636	1.42642	1.42637	1.42631	1.42635	1.42639	1.42636	1.42632	1.42634	1.42637	1.42634	1.42632	1.42633	
1.47234	1.47236	1.47233	1.4723	1.47234	1.47237	1.47233	1.4723	1.47234	1.47239	1.47235	1.47232	1.47239	1.47246	1.47244	1.47241	1.47255	1.47268	1.47269	1.4727	1.47308	1.47345	1.4734	1.47335	1.4746	1.47585	1.47539	1.47492	1.47487	1.47953	1.47836	1.47655	1.48368	1.47046	1.47354	1.47755	1.47678	1.475	1.47523	1.47546	1.47439	1.47332	1.4734	1.47348	1.4731	1.47273	1.47272	1.47272	1.47259	1.47247	1.47246	1.47245	1.47242	1.47238	1.47237	1.47236	1.47236	1.47236	1.47234	1.47233	1.47234	1.47236	1.47234	1.47231	1.47234	
1.51834	1.51837	1.51833	1.51829	1.51835	1.51841	1.51836	1.5183	1.5184	1.51849	1.51843	1.51837	1.51852	1.51867	1.51862	1.51858	1.51888	1.51918	1.51917	1.51916	1.51991	1.52067	1.52056	1.52045	1.52272	1.525	1.52391	1.52282	1.52302	1.52305	1.52291	1.52566	1.51671	1.51711	1.51849	1.52213	1.52313	1.52211	1.52351	1.52491	1.52245	1.51999	1.52037	1.52076	1.51982	1.51888	1.51903	1.51917	1.51882	1.51846	1.51853	1.51861	1.51848	1.51835	1.51838	1.51841	1.51837	1.51834	1.51833	1.51833	1.51834	1.51835	1.51833	1.5183	1.51834	
1.56438	1.56442	1.56437	1.56433	1.5644	1.56448	1.56442	1.56437	1.56448	1.56459	1.56453	1.56447	1.56465	1.56483	1.56478	1.56473	1.56503	1.56534	1.56527	1.5652	1.56582	1.56645	1.56611	1.56577	1.56727	1.56877	1.56681	1.56484	1.56546	1.56482	1.56599	1.56829	1.56601	1.56247	1.5626	1.56435	1.56579	1.56557	1.56722	1.56887	1.56723	1.5656	1.56602	1.56644	1.5657	1.56496	1.5651	1.56525	1.56491	1.56457	1.56464	1.56471	1.56457	1.56442	1.56445	1.56448	1.56443	1.56438	1.56438	1.56438	1.56438	1.56438	1.56436	1.56433	1.56438	
1.61041	1.61046	1.61041	1.61037	1.61046	1.61054	1.61049	1.61043	1.61056	1.6107	1.61064	1.61058	1.61079	1.61099	1.61093	1.61088	1.61119	1.6115	1.61137	1.61124	1.61174	1.61223	1.61166	1.61109	1.61182	1.61254	1.6097	1.60686	1.6079	1.60894	1.61113	1.61333	1.61197	1.61061	1.60908	1.60756	1.6083	1.60904	1.61093	1.61282	1.61202	1.61121	1.61167	1.61213	1.61158	1.61103	1.61118	1.61133	1.61101	1.61069	1.61075	1.61082	1.61065	1.61049	1.61052	1.61055	1.61048	1.61042	1.61042	1.61042	1.61042	1.61042	1.61039	1.61037	1.61041	
1.65645	1.65649	1.65645	1.65641	1.65649	1.65656	1.65652	1.65648	1.65658	1.65669	1.65665	1.65661	1.65674	1.65688	1.65683	1.65678	1.65696	1.65713	1.65697	1.65681	1.65705	1.65729	1.65669	1.65609	1.65652	1.65695	1.65547	1.65399	1.65493	1.65587	1.65655	1.65724	1.65587	1.65451	1.65464	1.65476	1.65521	1.65565	1.65623	1.65682	1.65672	1.65663	1.65691	1.65719	1.65701	1.65683	1.65692	1.65702	1.65685	1.65668	1.65672	1.65675	1.65665	1.65654	1.65655	1.65656	1.65651	1.65647	1.65646	1.65645	1.65645	1.65646	1.65643	1.65641	1.65645	
1.70248	1.70252	1.70249	1.70246	1.70252	1.70258	1.70255	1.70253	1.7026	1.70267	1.70265	1.70263	1.7027	1.70277	1.70273	1.70269	1.70273	1.70276	1.70257	1.70237	1.70236	1.70234	1.70172	1.70109	1.70122	1.70135	1.70123	1.70111	1.70195	1.70279	1.70197	1.70115	1.69978	1.69841	1.70019	1.70197	1.70212	1.70227	1.70154	1.70081	1.70143	1.70206	1.70216	1.70226	1.70244	1.70263	1.70267	1.70271	1.70269	1.70268	1.70268	1.70269	1.70264	1.70259	1.70258	1.70257	1.70255	1.70252	1.7025	1.70248	1.70249	1.7025	1.70247	1.70245	1.70248	
1.74851	1.74853	1.74851	1.74849	1.74853	1.74856	1.74855	1.74854	1.74857	1.7486	1.74859	1.74858	1.74859	1.7486	1.74855	1.74851	1.7485	1.74849	1.7483	1.74811	1.74818	1.74825	1.74777	1.7473	1.7479	1.74851	1.74828	1.74806	1.74835	1.74863	1.74694	1.74524	1.74469	1.74414	1.74655	1.74896	1.74878	1.7486	1.74816	1.74772	1.74792	1.74811	1.74812	1.74814	1.7483	1.74846	1.74847	1.74848	1.74854	1.7486	1.74858	1.74857	1.74858	1.74858	1.74856	1.74854	1.74854	1.74854	1.74852	1.7485	1.74851	1.74853	1.7485	1.74848	1.74851	
1.79453	1.79455	1.79453	1.79452	1.79453	1.79454	1.79454	1.79454	1.79453	1.79452	1.79452	1.79452	1.79447	1.79442	1.79438	1.79433	1.79427	1.79421	1.79403	1.79384	1.794	1.79415	1.79383	1.7935	1.79458	1.79567	1.79534	1.79501	1.79474	1.79447	1.79191	1.78934	1.7896	1.78986	1.79291	1.79595	1.79544	1.79493	1.79478	1.79464	1.7944	1.79415	1.79408	1.79401	1.79415	1.79428	1.79427	1.79426	1.79438	1.79451	1.79448	1.79445	1.79452	1.79458	1.79454	1.79451	1.79454	1.79457	1.79454	1.79451	1.79453	1.79455	1.79453	1.79451	1.79453	
1.84052	1.84053	1.84052	1.84052	1.84051	1.8405	1.84051	1.84052	1.84048	1.84045	1.84045	1.84045	1.8404	1.84034	1.8403	1.84025	1.84025	1.84025	1.84009	1.83992	1.84021	1.8405	1.84025	1.84001	1.84092	1.84183	1.84137	1.8409	1.84039	1.83988	1.83779	1.83571	1.83654	1.83738	1.83949	1.8416	1.84128	1.84096	1.84096	1.84095	1.8407	1.84046	1.84036	1.84027	1.8403	1.84033	1.8403	1.84026	1.84036	1.84046	1.84043	1.84039	1.84047	1.84054	1.8405	1.84047	1.84051	1.84055	1.84053	1.8405	1.84052	1.84054	1.84053	1.84051	1.84052	
1.88651	1.88651	1.88652	1.88652	1.88649	1.88646	1.88647	1.88649	1.88643	1.88637	1.88638	1.88638	1.88632	1.88626	1.88621	1.88616	1.88622	1.88628	1.88614	1.886	1.88643	1.88686	1.88668	1.88651	1.88725	1.888	1.88739	1.88679	1.88604	1.88529	1.88368	1.88208	1.88348	1.88489	1.88607	1.88726	1.88713	1.88699	1.88713	1.88727	1.88701	1.88676	1.88665	1.88653	1.88645	1.88637	1.88632	1.88627	1.88634	1.8864	1.88637	1.88633	1.88641	1.8865	1.88646	1.88643	1.88648	1.88654	1.88651	1.88649	1.88651	1.88654	1.88653	1.88651	1.88651	
1.93251	1.9325	1.93251	1.93252	1.93248	1.93245	1.93246	1.93248	1.93243	1.93238	1.93237	1.93237	1.93235	1.93234	1.93228	1.93222	1.93235	1.93249	1.93235	1.9322	1.93264	1.93308	1.93287	1.93266	1.93309	1.93353	1.93294	1.93235	1.9319	1.93146	1.93054	1.92962	1.93075	1.93188	1.93227	1.93266	1.93269	1.93272	1.93289	1.93307	1.93296	1.93285	1.9328	1.93276	1.93262	1.93249	1.93246	1.93243	1.93243	1.93243	1.93241	1.93239	1.93244	1.93248	1.93246	1.93244	1.93248	1.93252	1.93251	1.93249	1.93251	1.93253	1.93252	1.93252	1.93251	
1.97851	1.97849	1.9785	1.97852	1.97848	1.97844	1.97845	1.97846	1.97842	1.97839	1.97837	1.97836	1.97839	1.97841	1.97834	1.97827	1.97848	1.97869	1.97855	1.9784	1.97885	1.9793	1.97906	1.97881	1.97894	1.97906	1.97848	1.97791	1.97777	1.97763	1.9774	1.97716	1.97802	1.97888	1.97847	1.97805	1.97825	1.97845	1.97866	1.97887	1.97891	1.97895	1.97896	1.97898	1.97879	1.97861	1.9786	1.9786	1.97853	1.97846	1.97845	1.97845	1.97846	1.97847	1.97847	1.97846	1.97848	1.97851	1.9785	1.9785	1.97851	1.97852	1.97852	1.97852	1.97851	
2.02451	2.02449	2.0245	2.02452	2.02449	2.02445	2.02446	2.02447	2.02445	2.02444	2.02442	2.02439	2.02446	2.02452	2.02444	2.02436	2.02459	2.02481	2.02467	2.02452	2.02487	2.02522	2.02497	2.02472	2.02472	2.02471	2.02422	2.02372	2.02376	2.02379	2.02368	2.02358	2.02404	2.0245	2.02412	2.02375	2.02403	2.02431	2.02443	2.02454	2.02471	2.02488	2.0249	2.02493	2.0248	2.02468	2.02468	2.02469	2.0246	2.02451	2.02452	2.02453	2.02451	2.02449	2.02449	2.0245	2.0245	2.0245	2.02451	2.02452	2.02451	2.02451	2.02452	2.02453	2.02451	
2.07051	2.07049	2.0705	2.07052	2.07049	2.07047	2.07047	2.07047	2.07048	2.07049	2.07046	2.07043	2.07053	2.07063	2.07054	2.07045	2.0707	2.07094	2.07079	2.07064	2.07089	2.07114	2.07089	2.07063	2.0705	2.07037	2.06995	2.06954	2.06974	2.06994	2.06997	2.06999	2.07005	2.07011	2.06978	2.06945	2.06981	2.07018	2.0702	2.07022	2.07051	2.07081	2.07084	2.07087	2.07081	2.07075	2.07077	2.07078	2.07068	2.07057	2.07059	2.07061	2.07056	2.0705	2.07052	2.07054	2.07052	2.0705	2.07052	2.07053	2.07052	2.0705	2.07052	2.07054	2.07051	
2.11654	2.11651	2.11653	2.11655	2.11653	2.11652	2.11652	2.11651	2.11654	2.11657	2.11653	2.11649	2.11661	2.11672	2.11663	2.11654	2.11675	2.11696	2.11681	2.11666	2.11683	2.11699	2.11675	2.11652	2.11639	2.11627	2.11595	2.11563	2.11588	2.11612	2.11623	2.11635	2.11631	2.11627	2.11592	2.11557	2.11586	2.11615	2.11612	2.11608	2.11639	2.1167	2.11673	2.11675	2.11676	2.11676	2.11679	2.11681	2.11672	2.11662	2.11665	2.11668	2.11661	2.11654	2.11657	2.1166	2.11656	2.11652	2.11655	2.11658	2.11655	2.11652	2.11654	2.11657	2.11654	
2.16257	2.16254	2.16256	2.16257	2.16257	2.16257	2.16256	2.16255	2.1626	2.16265	2.1626	2.16255	2.16268	2.16281	2.16272	2.16262	2.1628	2.16299	2.16284	2.16269	2.16277	2.16284	2.16262	2.1624	2.16228	2.16217	2.16194	2.16172	2.16201	2.1623	2.1625	2.1627	2.16256	2.16243	2.16206	2.16169	2.16191	2.16213	2.16203	2.16194	2.16227	2.1626	2.16262	2.16264	2.1627	2.16277	2.1628	2.16284	2.16276	2.16268	2.16272	2.16276	2.16267	2.16258	2.16263	2.16267	2.16261	2.16255	2.16258	2.16262	2.16258	2.16254	2.16257	2.1626	2.16257	
2.20861	2.20858	2.20859	2.20861	2.20861	2.20862	2.20861	2.20859	2.20865	2.20871	2.20866	2.20861	2.20873	2.20885	2.20876	2.20866	2.2088	2.20895	2.20881	2.20866	2.2087	2.20874	2.20854	2.20835	2.20828	2.20821	2.20805	2.20789	2.20815	2.20841	2.20862	2.20883	2.2087	2.20857	2.20825	2.20792	2.20806	2.20819	2.20808	2.20796	2.20825	2.20854	2.20854	2.20855	2.20865	2.20875	2.20878	2.2088	2.20875	2.2087	2.20874	2.20879	2.2087	2.20862	2.20867	2.20871	2.20865	2.20858	2.20862	2.20866	2.20862	2.20857	2.2086	2.20863	2.20861	
2.25464	2.25462	2.25463	2.25464	2.25466	2.25467	2.25465	2.25464	2.2547	2.25477	2.25471	2.25466	2.25477	2.25489	2.25479	2.2547	2.2548	2.25491	2.25477	2.25464	2.25464	2.25464	2.25447	2.25429	2.25427	2.25425	2.25415	2.25405	2.25428	2.25451	2.25474	2.25497	2.25485	2.25472	2.25443	2.25415	2.2542	2.25426	2.25413	2.25399	2.25424	2.25449	2.25447	2.25445	2.25459	2.25472	2.25475	2.25477	2.25475	2.25473	2.25477	2.25481	2.25474	2.25466	2.25471	2.25476	2.25469	2.25461	2.25466	2.2547	2.25465	2.2546	2.25463	2.25467	2.25464	
2.30069	2.30066	2.30068	2.30069	2.30071	2.30072	2.3007	2.30069	2.30075	2.30081	2.30076	2.3007	2.3008	2.3009	2.30081	2.30072	2.30079	2.30087	2.30075	2.30062	2.30062	2.30061	2.30047	2.30033	2.30034	2.30034	2.3003	2.30025	2.30044	2.30062	2.30082	2.30102	2.30093	2.30084	2.30059	2.30035	2.30038	2.30041	2.30026	2.30011	2.30031	2.30051	2.30047	2.30044	2.30057	2.30071	2.30073	2.30074	2.30074	2.30074	2.30078	2.30082	2.30076	2.3007	2.30075	2.3008	2.30072	2.30065	2.3007	2.30075	2.3007	2.30064	2.30068	2.30071	2.30069	
2.34673	2.34671	2.34672	2.34674	2.34675	2.34677	2.34675	2.34673	2.34679	2.34686	2.3468	2.34675	2.34683	2.34691	2.34682	2.34674	2.34678	2.34683	2.34672	2.34661	2.3466	2.34658	2.34648	2.34637	2.34641	2.34644	2.34645	2.34645	2.34659	2.34673	2.3469	2.34707	2.34701	2.34695	2.34675	2.34655	2.34655	2.34655	2.34639	2.34623	2.34638	2.34654	2.34648	2.34642	2.34656	2.3467	2.34671	2.34671	2.34674	2.34676	2.3468	2.34683	2.34678	2.34673	2.34678	2.34683	2.34676	2.3467	2.34674	2.34679	2.34674	2.34669	2.34672	2.34676	2.34673	
2.39277	2.39275	2.39276	2.39277	2.39279	2.39281	2.39279	2.39277	2.39282	2.39287	2.39282	2.39277	2.39283	2.3929	2.39282	2.39274	2.39277	2.39281	2.39271	2.39261	2.39261	2.3926	2.39252	2.39243	2.39248	2.39253	2.39255	2.39257	2.39268	2.39278	2.39292	2.39306	2.39301	2.39297	2.39282	2.39266	2.39266	2.39265	2.3925	2.39235	2.39246	2.39258	2.39251	2.39245	2.39258	2.3927	2.3927	2.39269	2.39273	2.39276	2.3928	2.39283	2.39279	2.39275	2.3928	2.39285	2.39279	2.39273	2.39278	2.39282	2.39277	2.39272	2.39276	2.39279	2.39277	
2.43881	2.43879	2.4388	2.43881	2.43882	2.43884	2.43882	2.4388	2.43885	2.43889	2.43884	2.43879	2.43884	2.43889	2.43881	2.43874	2.43876	2.43878	2.4387	2.43861	2.43861	2.43862	2.43856	2.4385	2.43856	2.43862	2.43866	2.4387	2.43877	2.43884	2.43894	2.43905	2.43902	2.43899	2.43888	2.43878	2.43876	2.43874	2.43861	2.43847	2.43855	2.43862	2.43855	2.43848	2.43859	2.4387	2.43869	2.43868	2.43872	2.43877	2.43879	2.43882	2.4388	2.43878	2.43882	2.43886	2.43881	2.43876	2.43881	2.43885	2.43881	2.43876	2.43879	2.43882	2.43881	
2.48484	2.48482	2.48483	2.48484	2.48485	2.48486	2.48485	2.48483	2.48486	2.4849	2.48485	2.48481	2.48484	2.48488	2.48481	2.48475	2.48476	2.48477	2.48471	2.48464	2.48464	2.48465	2.48461	2.48457	2.48463	2.48468	2.48473	2.48477	2.48482	2.48487	2.48495	2.48503	2.48501	2.48499	2.48491	2.48483	2.48482	2.4848	2.48468	2.48456	2.48462	2.48467	2.4846	2.48453	2.48462	2.48472	2.4847	2.48468	2.48473	2.48478	2.4848	2.48482	2.48481	2.4848	2.48483	2.48487	2.48483	2.48479	2.48483	2.48487	2.48483	2.4848	2.48482	2.48485	2.48484	
2.53087	2.53085	2.53086	2.53087	2.53088	2.53089	2.53087	2.53086	2.53088	2.53091	2.53087	2.53083	2.53085	2.53087	2.53081	2.53076	2.53076	2.53077	2.53071	2.53066	2.53067	2.53068	2.53066	2.53064	2.53069	2.53075	2.53079	2.53084	2.53087	2.5309	2.53096	2.53101	2.531	2.53099	2.53094	2.53088	2.53087	2.53087	2.53076	2.53065	2.53069	2.53073	2.53065	2.53058	2.53066	2.53073	2.53071	2.53069	2.53074	2.53079	2.5308	2.53081	2.53081	2.53081	2.53085	2.53088	2.53085	2.53082	2.53086	2.53089	2.53086	2.53083	2.53086	2.53088	2.53087	
2.57688	2.57687	2.57688	2.57688	2.57689	2.5769	2.57688	2.57687	2.57688	2.5769	2.57687	2.57683	2.57685	2.57686	2.57681	2.57677	2.57677	2.57678	2.57673	2.57669	2.5767	2.57672	2.5767	2.57669	2.57674	2.57678	2.57683	2.57687	2.57689	2.57691	2.57695	2.57699	2.57698	2.57698	2.57694	2.5769	2.57689	2.57688	2.5768	2.57671	2.57673	2.57676	2.57669	2.57663	2.57669	2.57675	2.57673	2.5767	2.57675	2.5768	2.5768	2.57681	2.57682	2.57682	2.57685	2.57688	2.57686	2.57684	2.57687	2.5769	2.57687	2.57685	2.57687	2.5769	2.57688	
2.6229	2.62289	2.62289	2.6229	2.6229	2.62291	2.62289	2.62288	2.62289	2.6229	2.62287	2.62284	2.62285	2.62286	2.62281	2.62277	2.62278	2.62278	2.62275	2.62271	2.62273	2.62275	2.62274	2.62274	2.62278	2.62282	2.62286	2.62289	2.6229	2.62292	2.62294	2.62296	2.62296	2.62296	2.62294	2.62291	2.62291	2.6229	2.62283	2.62277	2.62278	2.62279	2.62274	2.62268	2.62272	2.62277	2.62274	2.62272	2.62276	2.6228	2.62281	2.62281	2.62282	2.62283	2.62286	2.62288	2.62287	2.62285	2.62288	2.62291	2.62289	2.62287	2.62289	2.62291	2.6229	
2.6689	2.6689	2.6689	2.6689	2.66891	2.66891	2.6689	2.66888	2.66889	2.6689	2.66887	2.66885	2.66885	2.66886	2.66882	2.66879	2.66879	2.66879	2.66877	2.66874	2.66876	2.66878	2.66877	2.66877	2.66881	2.66884	2.66887	2.6689	2.66891	2.66892	2.66893	2.66895	2.66895	2.66895	2.66893	2.66891	2.66891	2.66891	2.66885	2.66879	2.66881	2.66882	2.66877	2.66871	2.66875	2.66879	2.66877	2.66874	2.66878	2.66881	2.66882	2.66882	2.66883	2.66884	2.66886	2.66888	2.66887	2.66886	2.66889	2.66891	2.66889	2.66888	2.6689	2.66891	2.6689	
2.71491	2.7149	2.71491	2.71491	2.71491	2.71491	2.7149	2.71489	2.71489	2.7149	2.71488	2.71486	2.71486	2.71486	2.71483	2.7148	2.71481	2.71481	2.71479	2.71477	2.71479	2.7148	2.7148	2.71481	2.71483	2.71486	2.71488	2.71491	2.71491	2.71491	2.71492	2.71493	2.71493	2.71493	2.71492	2.71491	2.71491	2.71491	2.71487	2.71482	2.71483	2.71484	2.7148	2.71475	2.71478	2.71481	2.71479	2.71476	2.71479	2.71483	2.71483	2.71483	2.71484	2.71485	2.71487	2.71488	2.71488	2.71487	2.71489	2.71491	2.7149	2.71489	2.7149	2.71492	2.71491	
2.76091	2.7609	2.7609	2.76091	2.76091	2.7609	2.7609	2.76089	2.76089	2.76089	2.76087	2.76086	2.76086	2.76086	2.76084	2.76082	2.76082	2.76082	2.76081	2.76079	2.76081	2.76082	2.76082	2.76083	2.76085	2.76086	2.76088	2.7609	2.7609	2.76091	2.76091	2.76092	2.76092	2.76092	2.76091	2.76091	2.76091	2.76091	2.76087	2.76084	2.76085	2.76085	2.76082	2.76078	2.7608	2.76082	2.7608	2.76079	2.76081	2.76084	2.76083	2.76083	2.76085	2.76086	2.76087	2.76088	2.76088	2.76088	2.76089	2.76091	2.7609	2.76089	2.7609	2.76091	2.76091	
2.8069	2.8069	2.8069	2.8069	2.8069	2.8069	2.80689	2.80689	2.80689	2.80689	2.80687	2.80686	2.80686	2.80686	2.80684	2.80683	2.80683	2.80683	2.80682	2.80681	2.80683	2.80684	2.80684	2.80684	2.80686	2.80687	2.80688	2.8069	2.8069	2.8069	2.8069	2.80691	2.80691	2.80691	2.8069	2.8069	2.8069	2.8069	2.80688	2.80686	2.80686	2.80686	2.80684	2.80681	2.80682	2.80684	2.80682	2.80681	2.80683	2.80684	2.80684	2.80684	2.80685	2.80686	2.80687	2.80688	2.80688	2.80688	2.80689	2.8069	2.80689	2.80689	2.8069	2.8069	2.8069	
2.85289	2.85289	2.85289	2.85289	2.85289	2.85289	2.85289	2.85288	2.85288	2.85288	2.85287	2.85287	2.85287	2.85286	2.85285	2.85284	2.85285	2.85285	2.85284	2.85284	2.85284	2.85285	2.85285	2.85285	2.85286	2.85287	2.85288	2.85289	2.85289	2.85289	2.85289	2.8529	2.8529	2.8529	2.85289	2.85289	2.85289	2.85289	2.85288	2.85286	2.85286	2.85287	2.85285	2.85283	2.85284	2.85285	2.85284	2.85283	2.85284	2.85285	2.85285	2.85285	2.85286	2.85287	2.85287	2.85288	2.85288	2.85288	2.85288	2.85289	2.85289	2.85289	2.85289	2.8529	2.85289	
2.89889	2.89889	2.89889	2.89889	2.89889	2.89888	2.89888	2.89888	2.89888	2.89888	2.89888	2.89887	2.89887	2.89887	2.89887	2.89886	2.89886	2.89886	2.89886	2.89886	2.89886	2.89886	2.89886	2.89887	2.89887	2.89887	2.89888	2.89888	2.89888	2.89888	2.89888	2.89888	2.89889	2.89889	2.89888	2.89888	2.89888	2.89888	2.89888	2.89887	2.89887	2.89887	2.89886	2.89885	2.89886	2.89886	2.89886	2.89885	2.89886	2.89887	2.89886	2.89886	2.89887	2.89887	2.89887	2.89888	2.89888	2.89888	2.89888	2.89889	2.89888	2.89888	2.89889	2.89889	2.89889	
2.94487	2.94487	2.94487	2.94487	2.94487	2.94487	2.94487	2.94487	2.94487	2.94487	2.94487	2.94487	2.94487	2.94487	2.94487	2.94487	2.94487	2.94487	2.94487	2.94487	2.94487	2.94487	2.94487	2.94487	2.94487	2.94487	2.94487	2.94487	2.94487	2.94487	2.94487	2.94487	2.94487	2.94487	2.94487	2.94487	2.94487	2.94487	2.94487	2.94487	2.94487	2.94487	2.94487	2.94487	2.94487	2.94487	2.94487	2.94487	2.94487	2.94487	2.94487	2.94487	2.94487	2.94487	2.94487	2.94487	2.94487	2.94487	2.94487	2.94487	2.94487	2.94487	2.94487	2.94487	2.94487	
