x=200	y=200	z=100	n=65	len=1
b
0	0.0235994	0.0471932	0.070787	0.0943805	0.117974	0.141551	0.165129	0.188691	0.212253	0.235772	0.259291	0.282764	0.306237	0.329625	0.353012	0.376336	0.399659	0.42291	0.446161	0.469479	0.492796	0.516316	0.539836	0.563941	0.588046	0.613001	0.637956	0.664223	0.690489	0.716041	0.741592	0.761776	0.781959	0.797926	0.813893	0.837834	0.861776	0.888238	0.9147	0.940157	0.965614	0.99012	1.01463	1.03831	1.06199	1.08535	1.1087	1.13192	1.15515	1.17843	1.2017	1.22506	1.24842	1.27187	1.29533	1.31884	1.34236	1.36593	1.3895	1.41309	1.43668	1.46029	1.4839	1.50751	
0	0.023595	0.0471842	0.0707734	0.0943604	0.117947	0.141516	0.165085	0.188636	0.212187	0.235694	0.259201	0.282664	0.306127	0.329515	0.352904	0.376247	0.39959	0.422899	0.446208	0.46962	0.493032	0.516686	0.54034	0.564525	0.588709	0.613587	0.638465	0.664093	0.689722	0.714508	0.739294	0.759918	0.780543	0.798572	0.816601	0.840085	0.863568	0.889085	0.914601	0.939782	0.964963	0.989481	1.014	1.03783	1.06165	1.08514	1.10862	1.13192	1.15523	1.17854	1.20185	1.22521	1.24857	1.27202	1.29546	1.31896	1.34246	1.36601	1.38956	1.41314	1.43672	1.46032	1.48391	1.50751	
0	0.0235884	0.0471711	0.0707538	0.0943336	0.117913	0.141475	0.165037	0.188581	0.212126	0.23563	0.259134	0.2826	0.306066	0.329472	0.352879	0.376256	0.399634	0.423004	0.446374	0.469857	0.493339	0.517059	0.540779	0.564949	0.589119	0.613835	0.638551	0.663713	0.688874	0.713229	0.737585	0.758613	0.779642	0.798952	0.818262	0.841569	0.864876	0.889857	0.914837	0.939745	0.964652	0.989091	1.01353	1.03741	1.06128	1.08484	1.1084	1.13178	1.15516	1.17852	1.20188	1.22526	1.24865	1.27209	1.29554	1.31904	1.34253	1.36607	1.38962	1.41318	1.43675	1.46034	1.48392	1.50751	
0	0.0235818	0.047158	0.0707342	0.0943067	0.117879	0.141434	0.164989	0.188526	0.212064	0.235565	0.259067	0.282536	0.306005	0.329429	0.352854	0.376266	0.399678	0.423109	0.44654	0.470093	0.493646	0.517432	0.541219	0.565374	0.58953	0.614084	0.638638	0.663332	0.688026	0.711951	0.735876	0.757308	0.778741	0.799332	0.819922	0.843053	0.866184	0.890629	0.915074	0.939708	0.964341	0.988702	1.01306	1.03699	1.06092	1.08455	1.10819	1.13164	1.1551	1.1785	1.20191	1.22531	1.24872	1.27217	1.29562	1.31911	1.3426	1.36614	1.38967	1.41323	1.43678	1.46036	1.48393	1.50751	
0	0.0235749	0.0471445	0.0707141	0.0942796	0.117845	0.141394	0.164943	0.188476	0.212008	0.23551	0.259011	0.282486	0.305961	0.329403	0.352846	0.376286	0.399726	0.423198	0.44667	0.470259	0.493848	0.517649	0.54145	0.56555	0.589651	0.61405	0.63845	0.662873	0.687296	0.711041	0.734787	0.756611	0.778434	0.799649	0.820864	0.843971	0.867079	0.891257	0.915435	0.939867	0.9643	0.988562	1.01282	1.03675	1.06068	1.08435	1.10803	1.13153	1.15503	1.17848	1.20192	1.22535	1.24878	1.27224	1.2957	1.31919	1.34268	1.3662	1.38973	1.41327	1.43682	1.46038	1.48395	1.50751	
0	0.023568	0.0471309	0.0706939	0.0942524	0.117811	0.141354	0.164897	0.188425	0.211953	0.235454	0.258955	0.282436	0.305917	0.329377	0.352837	0.376306	0.399775	0.423287	0.4468	0.470425	0.49405	0.517866	0.541681	0.565726	0.589772	0.614017	0.638262	0.662414	0.686565	0.710132	0.733699	0.755913	0.778127	0.799966	0.821805	0.844889	0.867974	0.891885	0.915796	0.940027	0.964258	0.988421	1.01258	1.03651	1.06044	1.08415	1.10787	1.13142	1.15497	1.17845	1.20193	1.22538	1.24884	1.27231	1.29577	1.31926	1.34275	1.36627	1.38978	1.41332	1.43686	1.46041	1.48396	1.50751	
0	0.0235616	0.0471187	0.0706759	0.094229	0.117782	0.141322	0.164861	0.188389	0.211916	0.235423	0.258929	0.282422	0.305915	0.329396	0.352877	0.376374	0.39987	0.423414	0.446958	0.470602	0.494246	0.518052	0.541857	0.56584	0.589824	0.613945	0.638067	0.662067	0.686066	0.709572	0.733078	0.755529	0.77798	0.800145	0.82231	0.845426	0.868543	0.892326	0.916109	0.940202	0.964295	0.988368	1.01244	1.03634	1.06024	1.08397	1.10769	1.13128	1.15486	1.17837	1.20188	1.22536	1.24883	1.27231	1.2958	1.31929	1.34278	1.3663	1.38982	1.41335	1.43688	1.46042	1.48397	1.50751	
0	0.0235552	0.0471065	0.0706579	0.0942056	0.117753	0.14129	0.164826	0.188353	0.21188	0.235391	0.258903	0.282407	0.305912	0.329414	0.352917	0.376441	0.399965	0.42354	0.447116	0.470779	0.494442	0.518238	0.542033	0.565954	0.589875	0.613874	0.637872	0.661719	0.685566	0.709012	0.732457	0.755145	0.777834	0.800324	0.822815	0.845963	0.869112	0.892767	0.916422	0.940377	0.964332	0.988314	1.0123	1.03617	1.06005	1.08378	1.10752	1.13114	1.15475	1.17829	1.20183	1.22533	1.24883	1.27232	1.29582	1.31932	1.34282	1.36633	1.38985	1.41337	1.4369	1.46044	1.48397	1.50751	
0	0.0235491	0.0470948	0.0706405	0.0941831	0.117726	0.141259	0.164793	0.188319	0.211846	0.235362	0.258879	0.282393	0.305908	0.329428	0.352948	0.376492	0.400037	0.423631	0.447226	0.470893	0.49456	0.518333	0.542106	0.565965	0.589823	0.613728	0.637634	0.661401	0.685168	0.708612	0.732055	0.754914	0.777773	0.800468	0.823162	0.846346	0.869529	0.893116	0.916704	0.94056	0.964417	0.988326	1.01224	1.03608	1.05993	1.08367	1.1074	1.13104	1.15467	1.17823	1.2018	1.22532	1.24884	1.27234	1.29585	1.31935	1.34285	1.36637	1.38988	1.4134	1.43692	1.46045	1.48398	1.50751	
0	0.0235429	0.047083	0.0706231	0.0941606	0.117698	0.141229	0.164759	0.188285	0.211811	0.235333	0.258854	0.282379	0.305904	0.329441	0.352978	0.376543	0.400108	0.423722	0.447335	0.471007	0.494679	0.518429	0.542179	0.565975	0.589771	0.613583	0.637396	0.661082	0.684769	0.708212	0.731654	0.754683	0.777712	0.800611	0.82351	0.846728	0.869947	0.893466	0.916986	0.940744	0.964502	0.988338	1.01217	1.03599	1.05981	1.08355	1.10728	1.13094	1.15459	1.17818	1.20176	1.2253	1.24884	1.27236	1.29587	1.31938	1.34289	1.3664	1.38991	1.41343	1.43695	1.46047	1.48399	1.50751	
0	0.0235387	0.0470751	0.0706116	0.0941462	0.117681	0.141211	0.16474	0.188268	0.211796	0.235324	0.258851	0.282386	0.305921	0.329473	0.353025	0.376605	0.400186	0.423812	0.447437	0.471109	0.494781	0.518509	0.542238	0.565988	0.589738	0.613487	0.637235	0.660871	0.684507	0.707952	0.731397	0.754526	0.777655	0.800676	0.823696	0.846953	0.87021	0.893701	0.917192	0.940893	0.964593	0.988375	1.01216	1.03594	1.05973	1.08346	1.10719	1.13085	1.15451	1.17811	1.2017	1.22526	1.24881	1.27233	1.29586	1.31938	1.34289	1.3664	1.38992	1.41344	1.43695	1.46047	1.48399	1.50751	
0	0.0235344	0.0470673	0.0706001	0.0941318	0.117663	0.141193	0.164722	0.188251	0.211781	0.235315	0.258848	0.282393	0.305938	0.329505	0.353071	0.376667	0.400263	0.423901	0.447539	0.471211	0.494882	0.51859	0.542297	0.566001	0.589705	0.61339	0.637074	0.660659	0.684245	0.707693	0.731141	0.75437	0.777599	0.800741	0.823883	0.847178	0.870473	0.893936	0.917399	0.941041	0.964684	0.988413	1.01214	1.0359	1.05965	1.08337	1.10709	1.13076	1.15442	1.17803	1.20164	1.22521	1.24877	1.27231	1.29585	1.31937	1.34289	1.36641	1.38993	1.41344	1.43696	1.46048	1.48399	1.50751	
0	0.0235307	0.0470602	0.0705898	0.0941187	0.117648	0.141176	0.164704	0.188234	0.211765	0.235302	0.25884	0.282392	0.305944	0.329522	0.353099	0.376708	0.400316	0.423964	0.447611	0.471281	0.494952	0.518637	0.542321	0.565978	0.589635	0.613259	0.636882	0.660437	0.683991	0.707469	0.730947	0.754276	0.777605	0.800841	0.824077	0.847389	0.870701	0.894134	0.917567	0.941159	0.96475	0.988441	1.01213	1.03586	1.0596	1.08331	1.10703	1.1307	1.15437	1.17799	1.20161	1.22519	1.24876	1.27231	1.29585	1.31938	1.3429	1.36642	1.38994	1.41345	1.43697	1.46048	1.484	1.50751	
0	0.023527	0.0470532	0.0705795	0.0941056	0.117632	0.141159	0.164686	0.188217	0.211748	0.23529	0.258831	0.282391	0.30595	0.329539	0.353127	0.376748	0.400369	0.424026	0.447683	0.471352	0.495021	0.518683	0.542346	0.565955	0.589564	0.613127	0.636691	0.660214	0.683737	0.707245	0.730754	0.754183	0.777611	0.800942	0.824272	0.847601	0.870929	0.894332	0.917735	0.941276	0.964817	0.988468	1.01212	1.03583	1.05955	1.08326	1.10697	1.13065	1.15433	1.17795	1.20158	1.22517	1.24875	1.2723	1.29585	1.31938	1.34291	1.36643	1.38995	1.41346	1.43698	1.46049	1.484	1.50751	
0	0.0235253	0.0470503	0.0705753	0.0941006	0.117626	0.141153	0.16468	0.188213	0.211746	0.235291	0.258835	0.2824	0.305964	0.329558	0.353153	0.37678	0.400407	0.424069	0.44773	0.471398	0.495067	0.518719	0.542371	0.565957	0.589544	0.613075	0.636606	0.660101	0.683596	0.707109	0.730621	0.754098	0.777575	0.800961	0.824346	0.8477	0.871055	0.894453	0.91785	0.94137	0.96489	0.988516	1.01214	1.03584	1.05953	1.08323	1.10693	1.1306	1.15428	1.17791	1.20154	1.22513	1.24871	1.27227	1.29583	1.31936	1.3429	1.36642	1.38994	1.41346	1.43697	1.46049	1.484	1.50751	
0	0.0235237	0.0470474	0.0705711	0.0940955	0.11762	0.141147	0.164675	0.188209	0.211743	0.235291	0.258839	0.282408	0.305977	0.329578	0.353179	0.376812	0.400445	0.424111	0.447777	0.471445	0.495113	0.518754	0.542396	0.56596	0.589524	0.613023	0.636521	0.659989	0.683456	0.706972	0.730487	0.754013	0.777539	0.800979	0.82442	0.8478	0.87118	0.894573	0.917966	0.941464	0.964962	0.988564	1.01217	1.03584	1.05951	1.0832	1.10689	1.13056	1.15423	1.17786	1.20149	1.22508	1.24868	1.27224	1.2958	1.31934	1.34288	1.3664	1.38993	1.41345	1.43697	1.46048	1.484	1.50751	
0	0.0235228	0.0470459	0.070569	0.0940929	0.117617	0.141144	0.164672	0.188207	0.211741	0.23529	0.258839	0.282409	0.30598	0.329583	0.353186	0.376823	0.400461	0.424133	0.447804	0.471478	0.495152	0.518789	0.542427	0.565962	0.589497	0.612939	0.63638	0.659807	0.683234	0.706789	0.730344	0.753972	0.777601	0.8011	0.824599	0.847958	0.871317	0.894675	0.918033	0.941506	0.964979	0.988572	1.01217	1.03584	1.05951	1.0832	1.10688	1.13055	1.15422	1.17785	1.20148	1.22507	1.24867	1.27223	1.29579	1.31933	1.34287	1.3664	1.38993	1.41345	1.43697	1.46048	1.484	1.50751	
0	0.0235219	0.0470443	0.0705668	0.0940902	0.117614	0.141141	0.164669	0.188204	0.211739	0.235289	0.258839	0.282411	0.305982	0.329588	0.353193	0.376835	0.400477	0.424154	0.447831	0.471511	0.495191	0.518825	0.542458	0.565964	0.58947	0.612854	0.636238	0.659625	0.683011	0.706606	0.730201	0.753932	0.777663	0.80122	0.824777	0.848116	0.871454	0.894777	0.918101	0.941548	0.964995	0.988581	1.01217	1.03584	1.0595	1.08319	1.10687	1.13054	1.15421	1.17784	1.20147	1.22506	1.24866	1.27222	1.29578	1.31933	1.34287	1.3664	1.38993	1.41345	1.43697	1.46048	1.484	1.50751	
0	0.0235225	0.0470458	0.0705691	0.0940933	0.117618	0.141146	0.164675	0.18821	0.211746	0.235296	0.258846	0.282417	0.305988	0.329591	0.353194	0.376834	0.400473	0.424149	0.447825	0.471508	0.49519	0.51883	0.542469	0.565981	0.589493	0.612869	0.636245	0.659599	0.682952	0.706528	0.730104	0.753861	0.777618	0.801209	0.8248	0.848154	0.871508	0.894831	0.918154	0.941599	0.965044	0.988625	1.0122	1.03586	1.05952	1.0832	1.10687	1.13053	1.15419	1.17781	1.20144	1.22503	1.24862	1.27219	1.29575	1.3193	1.34284	1.36638	1.38991	1.41343	1.43696	1.46048	1.48399	1.50751	
0	0.0235232	0.0470473	0.0705713	0.0940964	0.117621	0.141151	0.16468	0.188217	0.211753	0.235303	0.258853	0.282423	0.305993	0.329594	0.353196	0.376833	0.40047	0.424144	0.447819	0.471504	0.495189	0.518835	0.542481	0.565998	0.589515	0.612884	0.636252	0.659572	0.682893	0.70645	0.730007	0.75379	0.777573	0.801197	0.824822	0.848191	0.871561	0.894884	0.918207	0.94165	0.965093	0.988668	1.01224	1.03589	1.05954	1.0832	1.10687	1.13051	1.15416	1.17778	1.2014	1.225	1.24859	1.27215	1.29572	1.31927	1.34282	1.36635	1.38989	1.41342	1.43694	1.46047	1.48399	1.50751	
0	0.0235245	0.0470502	0.0705758	0.0941024	0.117629	0.14116	0.164691	0.188229	0.211766	0.235316	0.258866	0.282433	0.306	0.329596	0.353191	0.37682	0.400449	0.424118	0.447787	0.471479	0.495172	0.518841	0.542509	0.56604	0.58957	0.61288	0.636191	0.659406	0.68262	0.70622	0.72982	0.753777	0.777734	0.801396	0.825057	0.848327	0.871597	0.894886	0.918175	0.941634	0.965093	0.988688	1.01228	1.03594	1.05959	1.08324	1.1069	1.13054	1.15418	1.17779	1.2014	1.22499	1.24857	1.27214	1.2957	1.31925	1.3428	1.36634	1.38988	1.41341	1.43694	1.46046	1.48399	1.50751	
0	0.0235259	0.0470531	0.0705804	0.0941085	0.117637	0.141169	0.164702	0.18824	0.211779	0.235328	0.258878	0.282443	0.306007	0.329597	0.353186	0.376808	0.400429	0.424092	0.447755	0.471455	0.495155	0.518846	0.542538	0.566082	0.589625	0.612877	0.636129	0.659239	0.682348	0.705991	0.729634	0.753765	0.777896	0.801594	0.825292	0.848463	0.871633	0.894888	0.918144	0.941618	0.965093	0.988708	1.01232	1.03598	1.05964	1.08329	1.10693	1.13056	1.15419	1.17779	1.2014	1.22498	1.24856	1.27212	1.29569	1.31924	1.34279	1.36633	1.38986	1.4134	1.43693	1.46046	1.48399	1.50751	
0	0.0235281	0.0470576	0.070587	0.0941173	0.117647	0.141182	0.164717	0.188256	0.211796	0.235345	0.258894	0.282456	0.306018	0.3296	0.353183	0.376793	0.400404	0.424053	0.447703	0.471396	0.495089	0.518788	0.542488	0.566078	0.589668	0.612969	0.636271	0.659337	0.682404	0.705971	0.729539	0.753675	0.777812	0.801537	0.825262	0.848448	0.871634	0.894896	0.918159	0.941652	0.965146	0.988765	1.01238	1.03603	1.05967	1.0833	1.10693	1.13055	1.15417	1.17777	1.20136	1.22494	1.24853	1.27209	1.29565	1.31921	1.34276	1.3663	1.38985	1.41338	1.43692	1.46045	1.48398	1.50751	
0	0.0235303	0.047062	0.0705937	0.0941261	0.117658	0.141195	0.164732	0.188272	0.211813	0.235362	0.25891	0.282469	0.306028	0.329604	0.353179	0.376779	0.400379	0.424015	0.447651	0.471337	0.495023	0.51873	0.542438	0.566074	0.58971	0.613061	0.636413	0.659436	0.682459	0.705951	0.729444	0.753586	0.777728	0.80148	0.825231	0.848433	0.871635	0.894904	0.918174	0.941686	0.965199	0.988821	1.01244	1.03607	1.0597	1.08332	1.10694	1.13054	1.15415	1.17774	1.20133	1.22491	1.24849	1.27206	1.29562	1.31918	1.34274	1.36628	1.38983	1.41337	1.43691	1.46044	1.48398	1.50751	
0	0.0235323	0.0470664	0.0706004	0.0941351	0.11767	0.141209	0.164749	0.188292	0.211835	0.235387	0.258938	0.282498	0.306057	0.329629	0.353202	0.376789	0.400377	0.423988	0.4476	0.471256	0.494912	0.518613	0.542314	0.566065	0.589816	0.613191	0.636565	0.659285	0.682005	0.705548	0.729092	0.753586	0.778081	0.801858	0.825636	0.848539	0.871442	0.894778	0.918114	0.941732	0.965349	0.988951	1.01255	1.03616	1.05976	1.08336	1.10696	1.13055	1.15415	1.17773	1.20131	1.22489	1.24847	1.27203	1.2956	1.31915	1.34271	1.36626	1.38981	1.41335	1.4369	1.46044	1.48397	1.50751	
0	0.0235344	0.0470707	0.070607	0.0941441	0.117681	0.141224	0.164766	0.188312	0.211858	0.235412	0.258966	0.282526	0.306086	0.329655	0.353224	0.376799	0.400374	0.423962	0.447549	0.471175	0.494801	0.518495	0.542189	0.566055	0.589922	0.61332	0.636718	0.659134	0.681551	0.705145	0.72874	0.753586	0.778433	0.802237	0.826041	0.848645	0.871248	0.894651	0.918055	0.941777	0.965499	0.98908	1.01266	1.03624	1.05983	1.0834	1.10698	1.13056	1.15414	1.17772	1.20129	1.22487	1.24844	1.27201	1.29557	1.31913	1.34269	1.36624	1.38979	1.41334	1.43689	1.46043	1.48397	1.50751	
0	0.0235371	0.047076	0.070615	0.0941547	0.117694	0.141239	0.164783	0.188331	0.211879	0.235435	0.258991	0.282552	0.306113	0.329681	0.353249	0.376818	0.400387	0.423956	0.447525	0.471117	0.494708	0.518355	0.542002	0.565867	0.589732	0.613331	0.63693	0.659609	0.682289	0.705205	0.728121	0.753412	0.778704	0.802216	0.825727	0.848411	0.871095	0.894666	0.918236	0.941915	0.965594	0.989149	1.0127	1.03626	1.05981	1.08337	1.10694	1.13052	1.1541	1.17768	1.20126	1.22484	1.24842	1.27198	1.29555	1.31911	1.34268	1.36623	1.38978	1.41333	1.43688	1.46042	1.48397	1.50751	
0	0.0235397	0.0470814	0.0706231	0.0941652	0.117707	0.141254	0.164801	0.188351	0.211901	0.235459	0.259016	0.282578	0.30614	0.329707	0.353274	0.376837	0.4004	0.42395	0.447501	0.471058	0.494615	0.518215	0.541814	0.565678	0.589542	0.613342	0.637142	0.660084	0.683027	0.705264	0.727502	0.753238	0.778975	0.802194	0.825413	0.848178	0.870942	0.89468	0.918418	0.942053	0.965689	0.989218	1.01275	1.03627	1.05978	1.08334	1.1069	1.13048	1.15406	1.17764	1.20123	1.22481	1.24839	1.27196	1.29553	1.3191	1.34266	1.36622	1.38977	1.41332	1.43687	1.46042	1.48397	1.50751	
0	0.023541	0.0470841	0.0706272	0.0941707	0.117714	0.141263	0.164811	0.188363	0.211915	0.235476	0.259036	0.282603	0.306169	0.329744	0.35332	0.376893	0.400465	0.424023	0.447581	0.471099	0.494616	0.51815	0.541683	0.565405	0.589127	0.613244	0.637362	0.660314	0.683266	0.705258	0.727249	0.753359	0.779469	0.802207	0.824946	0.848163	0.871379	0.895	0.918622	0.942138	0.965653	0.989179	1.0127	1.03623	1.05976	1.08332	1.10688	1.13046	1.15404	1.17762	1.2012	1.22478	1.24836	1.27193	1.2955	1.31907	1.34264	1.3662	1.38975	1.41331	1.43686	1.46041	1.48396	1.50751	
0	0.0235423	0.0470868	0.0706313	0.0941762	0.117721	0.141271	0.164822	0.188376	0.211929	0.235493	0.259056	0.282627	0.306198	0.329782	0.353366	0.376948	0.400531	0.424096	0.447662	0.47114	0.494617	0.518085	0.541552	0.565131	0.588711	0.613146	0.637582	0.660544	0.683506	0.705251	0.726707	0.753051	0.780317	0.802833	0.824369	0.847934	0.871815	0.895321	0.918826	0.942222	0.965618	0.98914	1.01266	1.0362	1.05974	1.0833	1.10686	1.13044	1.15402	1.1776	1.20117	1.22475	1.24834	1.27191	1.29548	1.31905	1.34262	1.36618	1.38974	1.41329	1.43685	1.46041	1.48396	1.50751	
0	0.023545	0.0470922	0.0706393	0.0941866	0.117734	0.141286	0.164838	0.188392	0.211947	0.23551	0.259073	0.282642	0.306211	0.329796	0.353381	0.376978	0.400574	0.424179	0.447783	0.471311	0.494838	0.518298	0.541758	0.565064	0.588371	0.61249	0.636609	0.660367	0.684126	0.704906	0.725887	0.752864	0.780782	0.802513	0.823669	0.847801	0.872102	0.895503	0.918904	0.942119	0.965335	0.988871	1.01241	1.03602	1.05962	1.08322	1.10682	1.13042	1.15402	1.1776	1.20118	1.22476	1.24835	1.27191	1.29548	1.31905	1.34262	1.36618	1.38974	1.4133	1.43685	1.46041	1.48396	1.50751	
0	0.0235476	0.0470975	0.0706474	0.0941969	0.117746	0.1413	0.164854	0.188409	0.211964	0.235527	0.259089	0.282656	0.306224	0.32981	0.353397	0.377007	0.400617	0.424261	0.447905	0.471482	0.495058	0.518511	0.541964	0.564997	0.58803	0.611833	0.635635	0.66019	0.684665	0.704387	0.723169	0.751514	0.784545	0.803897	0.823781	0.848261	0.872389	0.895685	0.918981	0.942016	0.965051	0.988602	1.01215	1.03583	1.05951	1.08314	1.10678	1.13041	1.15403	1.17761	1.20119	1.22477	1.24836	1.27192	1.29549	1.31906	1.34262	1.36618	1.38974	1.4133	1.43685	1.46041	1.48396	1.50751	
0	0.0235481	0.0470983	0.0706485	0.0941981	0.117748	0.141302	0.164855	0.188409	0.211964	0.235525	0.259086	0.282651	0.306217	0.329804	0.353391	0.377008	0.400625	0.42429	0.447955	0.471588	0.495221	0.518647	0.542073	0.56506	0.588047	0.611467	0.634888	0.659376	0.682615	0.704432	0.716123	0.748977	0.79721	0.805489	0.824568	0.849185	0.872942	0.895894	0.918847	0.94195	0.965053	0.988634	1.01221	1.03586	1.0595	1.08311	1.10672	1.13034	1.15396	1.17755	1.20115	1.22474	1.24832	1.27189	1.29547	1.31904	1.3426	1.36617	1.38973	1.41329	1.43684	1.4604	1.48396	1.50751	
0	0.0235485	0.0470991	0.0706496	0.0941994	0.117749	0.141303	0.164856	0.188409	0.211963	0.235523	0.259082	0.282647	0.306211	0.329798	0.353385	0.377009	0.400632	0.424318	0.448005	0.471695	0.495385	0.518783	0.542182	0.565123	0.588064	0.611102	0.63414	0.658561	0.681287	0.705417	0.729233	0.729209	0.787596	0.804103	0.825452	0.849163	0.873495	0.896104	0.918713	0.941884	0.965054	0.988665	1.01228	1.03589	1.0595	1.08308	1.10665	1.13027	1.15389	1.1775	1.2011	1.2247	1.24829	1.27187	1.29544	1.31901	1.34259	1.36615	1.38971	1.41327	1.43684	1.4604	1.48395	1.50751	
0	0.0235507	0.0471038	0.0706569	0.0942092	0.117762	0.141319	0.164876	0.188433	0.211991	0.235557	0.259124	0.282693	0.306262	0.32985	0.353438	0.377036	0.400634	0.424255	0.447876	0.47146	0.495043	0.51833	0.541618	0.564807	0.587995	0.611408	0.634821	0.659006	0.681742	0.706695	0.731021	0.732072	0.783925	0.801959	0.825372	0.848297	0.872374	0.895546	0.918718	0.942265	0.965812	0.989091	1.01237	1.03599	1.05961	1.08315	1.1067	1.13032	1.15394	1.17753	1.20113	1.22472	1.24831	1.27188	1.29546	1.31903	1.34259	1.36616	1.38972	1.41328	1.43684	1.4604	1.48395	1.50751	
0	0.0235529	0.0471085	0.0706642	0.094219	0.117774	0.141335	0.164896	0.188457	0.212019	0.235592	0.259166	0.282739	0.306313	0.329902	0.353491	0.377064	0.400636	0.424192	0.447748	0.471225	0.494701	0.517877	0.541054	0.56449	0.587927	0.611715	0.635503	0.659452	0.682218	0.707148	0.731584	0.736466	0.767241	0.805809	0.827028	0.848836	0.871254	0.894988	0.918722	0.942646	0.966571	0.989517	1.01246	1.03609	1.05972	1.08323	1.10674	1.13036	1.15398	1.17757	1.20116	1.22475	1.24833	1.2719	1.29547	1.31904	1.3426	1.36616	1.38972	1.41328	1.43684	1.4604	1.48396	1.50751	
0	0.0235531	0.0471085	0.0706639	0.0942185	0.117773	0.141332	0.164892	0.188451	0.21201	0.235576	0.259142	0.282703	0.306264	0.329828	0.353392	0.376924	0.400456	0.42397	0.447484	0.470952	0.494419	0.517877	0.541334	0.564933	0.588533	0.612152	0.635771	0.659368	0.681998	0.707295	0.731513	0.742899	0.745325	0.804551	0.831427	0.850501	0.871921	0.896346	0.920771	0.943957	0.967143	0.989637	1.01213	1.03565	1.05918	1.08289	1.10659	1.13028	1.15397	1.17757	1.20118	1.22476	1.24834	1.2719	1.29547	1.31903	1.3426	1.36616	1.38972	1.41328	1.43684	1.4604	1.48395	1.50751	
0	0.0235533	0.0471084	0.0706636	0.0942179	0.117772	0.14133	0.164888	0.188444	0.212	0.23556	0.259119	0.282667	0.306215	0.329753	0.353292	0.376784	0.400275	0.423747	0.447219	0.470679	0.494138	0.517876	0.541614	0.565377	0.589139	0.612589	0.63604	0.659283	0.681906	0.707997	0.7296	0.744119	0.748401	0.793605	0.833017	0.851475	0.872794	0.89707	0.922819	0.945267	0.967714	0.989758	1.0118	1.03522	1.05863	1.08254	1.10645	1.1302	1.15396	1.17758	1.20119	1.22477	1.24835	1.27191	1.29547	1.31903	1.34259	1.36615	1.38971	1.41327	1.43683	1.46039	1.48395	1.50751	
0	0.0235538	0.0471096	0.0706655	0.0942195	0.117774	0.141331	0.164888	0.188442	0.211995	0.235552	0.259109	0.282651	0.306192	0.329737	0.353281	0.376781	0.400281	0.423827	0.447373	0.470882	0.494391	0.518396	0.542401	0.565535	0.588669	0.610858	0.633047	0.6577	0.681814	0.707972	0.728735	0.745191	0.747684	0.779487	0.829342	0.852764	0.872588	0.896915	0.921464	0.944727	0.96799	0.990511	1.01303	1.03621	1.05939	1.08312	1.10684	1.13047	1.15411	1.17768	1.20126	1.22482	1.24837	1.27193	1.29548	1.31904	1.3426	1.36616	1.38972	1.41328	1.43683	1.46039	1.48395	1.50751	
0	0.0235543	0.0471108	0.0706673	0.0942211	0.117775	0.141332	0.164889	0.188439	0.21199	0.235544	0.259099	0.282634	0.30617	0.32972	0.353271	0.376779	0.400287	0.423907	0.447527	0.471086	0.494645	0.518916	0.543188	0.565693	0.588199	0.609126	0.630054	0.656117	0.682181	0.703987	0.727218	0.740693	0.748966	0.767317	0.831852	0.85396	0.870847	0.894829	0.920108	0.944187	0.968266	0.991264	1.01426	1.03721	1.06016	1.08369	1.10723	1.13074	1.15426	1.17779	1.20132	1.22486	1.2484	1.27195	1.2955	1.31906	1.34261	1.36617	1.38972	1.41328	1.43684	1.4604	1.48396	1.50751	
0	0.0235537	0.047109	0.0706643	0.0942175	0.117771	0.141326	0.164882	0.188432	0.211982	0.235535	0.259088	0.282623	0.306157	0.329689	0.353222	0.37668	0.400138	0.423577	0.447016	0.470253	0.493489	0.517095	0.540701	0.563724	0.586747	0.609957	0.633167	0.659438	0.685709	0.705206	0.725999	0.741472	0.75172	0.809289	0.832687	0.856156	0.871813	0.892256	0.914544	0.940493	0.966443	0.990931	1.01542	1.03843	1.06145	1.08465	1.10785	1.13117	1.15449	1.17794	1.20139	1.22491	1.24842	1.27196	1.29551	1.31906	1.34261	1.36617	1.38973	1.41328	1.43684	1.4604	1.48396	1.50751	
0	0.0235531	0.0471072	0.0706613	0.0942139	0.117766	0.141321	0.164875	0.188425	0.211975	0.235527	0.259078	0.282611	0.306144	0.329659	0.353173	0.376581	0.39999	0.423247	0.446504	0.469419	0.492334	0.515274	0.538214	0.561755	0.585295	0.610787	0.63628	0.662759	0.689238	0.706426	0.726071	0.7488	0.75591	0.772838	0.822251	0.862429	0.878457	0.892927	0.908979	0.9368	0.964621	0.990597	1.01657	1.03966	1.06274	1.0856	1.10847	1.1316	1.15473	1.17809	1.20146	1.22495	1.24843	1.27197	1.29551	1.31906	1.34261	1.36617	1.38973	1.41328	1.43684	1.4604	1.48396	1.50751	
0	0.023552	0.047105	0.070658	0.0942088	0.11776	0.141311	0.164863	0.188408	0.211953	0.235497	0.259041	0.282557	0.306073	0.329561	0.353049	0.37641	0.399771	0.422982	0.446192	0.469109	0.492025	0.515102	0.538179	0.562508	0.586836	0.613075	0.639314	0.664333	0.689353	0.705196	0.725132	0.744215	0.757454	0.767502	0.838756	0.866635	0.884425	0.895431	0.908318	0.935089	0.961861	0.989531	1.0172	1.04059	1.06398	1.08662	1.10926	1.13223	1.15519	1.17845	1.20172	1.22514	1.24857	1.27207	1.29558	1.31912	1.34265	1.3662	1.38975	1.4133	1.43685	1.4604	1.48396	1.50751	
0	0.023551	0.0471029	0.0706547	0.0942037	0.117753	0.141302	0.164851	0.188391	0.211931	0.235467	0.259003	0.282503	0.306003	0.329464	0.352925	0.376239	0.399553	0.422717	0.44588	0.468798	0.491717	0.514931	0.538145	0.563261	0.588377	0.615362	0.642348	0.665908	0.689467	0.703965	0.719179	0.733522	0.752304	0.786968	0.821048	0.860907	0.885815	0.896975	0.907658	0.933379	0.959101	0.988464	1.01783	1.04152	1.06521	1.08764	1.11006	1.13285	1.15565	1.17881	1.20198	1.22534	1.2487	1.27217	1.29565	1.31917	1.34269	1.36623	1.38977	1.41331	1.43686	1.46041	1.48396	1.50751	
0	0.0235494	0.0470987	0.0706479	0.0941943	0.117741	0.141284	0.164828	0.188361	0.211894	0.235417	0.25894	0.28243	0.305919	0.329374	0.352828	0.376189	0.39955	0.42286	0.44617	0.469432	0.492694	0.516218	0.539741	0.564231	0.588721	0.614746	0.640771	0.66316	0.685549	0.70274	0.71629	0.729397	0.747086	0.786615	0.79985	0.852752	0.885401	0.897861	0.909134	0.933478	0.957823	0.987489	1.01716	1.04118	1.0652	1.08774	1.11028	1.13308	1.15589	1.17904	1.20219	1.22551	1.24884	1.27229	1.29574	1.31924	1.34274	1.36627	1.3898	1.41334	1.43687	1.46042	1.48397	1.50751	
0	0.0235478	0.0470945	0.0706412	0.0941848	0.117728	0.141266	0.164804	0.18833	0.211857	0.235367	0.258878	0.282356	0.305835	0.329284	0.352732	0.37614	0.399547	0.423003	0.446459	0.470065	0.493671	0.517505	0.541338	0.565202	0.589066	0.61413	0.639194	0.660413	0.681631	0.701514	0.719586	0.734204	0.7448	0.764798	0.798123	0.860718	0.886093	0.899179	0.910611	0.933578	0.956545	0.986514	1.01648	1.04084	1.06519	1.08785	1.1105	1.13331	1.15612	1.17926	1.2024	1.22569	1.24898	1.27241	1.29584	1.31931	1.34279	1.36631	1.38983	1.41336	1.43689	1.46043	1.48397	1.50751	
0	0.0235463	0.047091	0.0706357	0.0941774	0.117719	0.141254	0.16479	0.188314	0.211838	0.235348	0.258857	0.282342	0.305826	0.329293	0.35276	0.376216	0.399671	0.423219	0.446767	0.470516	0.494266	0.518343	0.54242	0.56667	0.59092	0.615801	0.640681	0.661378	0.682074	0.702587	0.72282	0.741847	0.753654	0.769485	0.829904	0.868727	0.886837	0.901075	0.914696	0.935591	0.956486	0.985352	1.01422	1.03874	1.06326	1.08654	1.10982	1.13289	1.15595	1.17919	1.20243	1.22575	1.24907	1.27249	1.29591	1.31938	1.34285	1.36636	1.38987	1.41339	1.43691	1.46044	1.48398	1.50751	
0	0.0235447	0.0470875	0.0706303	0.0941701	0.11771	0.141243	0.164775	0.188297	0.21182	0.235328	0.258837	0.282327	0.305817	0.329302	0.352787	0.376291	0.399795	0.423435	0.447074	0.470967	0.494861	0.519181	0.543501	0.568138	0.592775	0.617471	0.642168	0.662343	0.682518	0.703661	0.724797	0.74803	0.771142	0.804393	0.847241	0.867385	0.885146	0.902007	0.918781	0.937604	0.956427	0.984189	1.01195	1.03664	1.06133	1.08523	1.10914	1.13246	1.15578	1.17912	1.20246	1.22581	1.24915	1.27257	1.29599	1.31945	1.34291	1.36641	1.3899	1.41342	1.43693	1.46046	1.48398	1.50751	
0	0.023546	0.0470897	0.0706334	0.0941757	0.117718	0.141254	0.164791	0.188323	0.211855	0.235381	0.258907	0.282437	0.305966	0.32952	0.353073	0.376706	0.400338	0.42417	0.448003	0.472201	0.496399	0.521223	0.546047	0.571047	0.596047	0.61904	0.642032	0.660243	0.678453	0.701799	0.724994	0.750697	0.781107	0.816031	0.84126	0.860255	0.881122	0.901386	0.921406	0.939004	0.956603	0.982062	1.00752	1.03286	1.05819	1.08284	1.10749	1.13126	1.15503	1.17857	1.20212	1.22557	1.24901	1.27248	1.29594	1.31942	1.34289	1.3664	1.3899	1.41341	1.43693	1.46046	1.48399	1.50751	
0	0.0235473	0.0470919	0.0706365	0.0941813	0.117726	0.141266	0.164806	0.188348	0.21189	0.235434	0.258977	0.282546	0.306115	0.329737	0.353359	0.37712	0.40088	0.424906	0.448932	0.473434	0.497937	0.523265	0.548592	0.573956	0.599319	0.620608	0.641897	0.658143	0.674388	0.699937	0.726001	0.752728	0.780409	0.80896	0.829777	0.851036	0.877065	0.900548	0.92403	0.940405	0.956779	0.979935	1.00309	1.02907	1.05505	1.08045	1.10585	1.13006	1.15428	1.17803	1.20178	1.22533	1.24888	1.27238	1.29589	1.31938	1.34288	1.36639	1.3899	1.41341	1.43693	1.46046	1.48399	1.50751	
0	0.0235504	0.0470981	0.0706458	0.0941964	0.117747	0.141296	0.164844	0.188403	0.211961	0.23553	0.2591	0.282714	0.306327	0.330012	0.353696	0.37755	0.401405	0.425519	0.449634	0.474213	0.498793	0.523884	0.548975	0.57333	0.597685	0.617632	0.637579	0.654175	0.670771	0.699408	0.727745	0.754251	0.776339	0.795773	0.813817	0.840702	0.872488	0.897526	0.922563	0.940573	0.958581	0.980515	1.00245	1.02796	1.05348	1.07896	1.10444	1.12889	1.15333	1.17726	1.20118	1.22486	1.24854	1.27212	1.2957	1.31924	1.34278	1.36631	1.38985	1.41338	1.43691	1.46044	1.48398	1.50751	
0	0.0235534	0.0471043	0.0706552	0.0942114	0.117768	0.141325	0.164882	0.188457	0.212032	0.235627	0.259222	0.282881	0.30654	0.330287	0.354033	0.377981	0.401929	0.426132	0.450336	0.474992	0.499649	0.524503	0.549357	0.572704	0.596051	0.614656	0.633262	0.650207	0.667153	0.698879	0.728894	0.75469	0.772777	0.786006	0.804256	0.835438	0.867912	0.894504	0.921096	0.94074	0.960384	0.981095	1.00181	1.02686	1.0519	1.07747	1.10303	1.12771	1.15239	1.17649	1.20058	1.22439	1.2482	1.27186	1.29551	1.3191	1.34269	1.36624	1.3898	1.41334	1.43689	1.46043	1.48397	1.50751	
0	0.0235615	0.0471209	0.0706802	0.0942477	0.117815	0.141388	0.16496	0.188557	0.212153	0.235777	0.2594	0.283095	0.30679	0.330571	0.354353	0.378309	0.402265	0.426395	0.450525	0.474884	0.499243	0.523416	0.547589	0.570101	0.592613	0.61123	0.629847	0.648828	0.66781	0.699734	0.729695	0.75503	0.773727	0.789269	0.810697	0.840249	0.870951	0.89759	0.924229	0.94422	0.964211	0.984399	1.00459	1.02866	1.05274	1.07769	1.10264	1.1272	1.15175	1.17589	1.20003	1.22391	1.24779	1.27152	1.29524	1.31888	1.34251	1.36611	1.3897	1.41327	1.43684	1.4604	1.48396	1.50751	
0	0.0235696	0.0471374	0.0707053	0.094284	0.117863	0.14145	0.165038	0.188656	0.212274	0.235926	0.259579	0.283309	0.307039	0.330856	0.354673	0.378637	0.402601	0.426658	0.450714	0.474775	0.498836	0.522328	0.54582	0.567498	0.589175	0.607804	0.626433	0.64745	0.668466	0.700589	0.732712	0.755255	0.776277	0.797686	0.822087	0.847732	0.873991	0.900677	0.927363	0.9477	0.968037	0.987703	1.00737	1.03047	1.05357	1.07791	1.10226	1.12668	1.15111	1.17529	1.19947	1.22343	1.24739	1.27118	1.29497	1.31866	1.34234	1.36597	1.3896	1.41319	1.43678	1.46036	1.48394	1.50751	
0	0.0235764	0.047151	0.0707256	0.0943127	0.1179	0.141496	0.165093	0.188721	0.212349	0.236008	0.259666	0.283393	0.30712	0.330902	0.354684	0.378557	0.402429	0.426284	0.450138	0.473831	0.497524	0.520503	0.543482	0.564922	0.586362	0.605688	0.625014	0.647094	0.669175	0.700301	0.731428	0.754668	0.777711	0.801969	0.826883	0.851117	0.875224	0.902656	0.930089	0.95058	0.97107	0.990827	1.01058	1.03309	1.0556	1.07933	1.10307	1.12718	1.15128	1.17533	1.19938	1.2233	1.24722	1.27102	1.29481	1.31851	1.34222	1.36587	1.38951	1.41312	1.43674	1.46033	1.48393	1.50751	
0	0.0235832	0.0471645	0.0707459	0.0943414	0.117937	0.141542	0.165147	0.188786	0.212425	0.236089	0.259753	0.283477	0.3072	0.330948	0.354696	0.378476	0.402257	0.425909	0.449562	0.472886	0.496211	0.518677	0.541143	0.562346	0.583549	0.603572	0.623595	0.646739	0.669883	0.700013	0.730143	0.754082	0.77802	0.804983	0.831945	0.854201	0.876456	0.904635	0.932815	0.95346	0.974104	0.993951	1.0138	1.03571	1.05763	1.08075	1.10388	1.12767	1.15146	1.17537	1.19928	1.22317	1.24705	1.27085	1.29465	1.31837	1.3421	1.36576	1.38943	1.41306	1.43669	1.4603	1.48391	1.50751	
0	0.0235917	0.0471815	0.0707713	0.094375	0.117979	0.141591	0.165203	0.188845	0.212486	0.236144	0.259801	0.283498	0.307194	0.33088	0.354566	0.378229	0.401892	0.425355	0.448817	0.471912	0.495008	0.517312	0.539615	0.561038	0.582461	0.603287	0.624112	0.648411	0.67271	0.702062	0.731414	0.754717	0.778019	0.803455	0.82889	0.851537	0.874183	0.903043	0.931903	0.953515	0.975127	0.995562	1.016	1.03777	1.05954	1.08233	1.10512	1.1286	1.15208	1.1758	1.19951	1.2233	1.24708	1.27084	1.29459	1.31831	1.34202	1.36569	1.38937	1.41301	1.43665	1.46027	1.4839	1.50751	
0	0.0236002	0.0471985	0.0707967	0.0944087	0.118021	0.14164	0.165259	0.188903	0.212547	0.236198	0.259849	0.283519	0.307188	0.330812	0.354437	0.377982	0.401527	0.4248	0.448072	0.470938	0.493805	0.515946	0.538088	0.559731	0.581374	0.603001	0.624629	0.650083	0.675536	0.704111	0.732686	0.755352	0.778019	0.801927	0.825834	0.848872	0.87191	0.90145	0.93099	0.95357	0.976149	0.997174	1.0182	1.03982	1.06145	1.0839	1.10635	1.12952	1.15269	1.17622	1.19975	1.22342	1.2471	1.27082	1.29454	1.31824	1.34194	1.36562	1.3893	1.41295	1.4366	1.46024	1.48388	1.50751	
0	0.0236032	0.0472039	0.0708045	0.0944174	0.11803	0.141646	0.165263	0.188897	0.212532	0.236161	0.259791	0.283421	0.307051	0.330612	0.354172	0.377631	0.401091	0.424272	0.447453	0.470289	0.493124	0.515401	0.537678	0.559773	0.581867	0.604353	0.62684	0.65317	0.6795	0.708057	0.736614	0.758074	0.779533	0.799265	0.818997	0.843164	0.86733	0.897299	0.927268	0.950958	0.974647	0.996507	1.01837	1.04027	1.06218	1.08467	1.10716	1.13022	1.15328	1.17669	1.2001	1.22369	1.24728	1.27094	1.29461	1.31828	1.34196	1.36562	1.38929	1.41294	1.43659	1.46024	1.48388	1.50751	
0	0.0236062	0.0472093	0.0708123	0.094426	0.11804	0.141653	0.165266	0.188891	0.212516	0.236124	0.259732	0.283323	0.306914	0.330411	0.353908	0.377281	0.400654	0.423744	0.446835	0.469639	0.492443	0.514855	0.537268	0.559814	0.582361	0.605706	0.629051	0.656257	0.683463	0.712003	0.740543	0.760795	0.781047	0.796603	0.81216	0.837455	0.862751	0.893148	0.923547	0.948345	0.973144	0.99584	1.01854	1.04073	1.06291	1.08544	1.10796	1.13091	1.15386	1.17716	1.20045	1.22396	1.24746	1.27107	1.29468	1.31832	1.34197	1.36563	1.38928	1.41293	1.43658	1.46023	1.48387	1.50751	
0	0.0236082	0.0472127	0.0708173	0.09443	0.118043	0.141651	0.165259	0.188872	0.212485	0.236071	0.259657	0.283214	0.30677	0.330225	0.353679	0.377011	0.400343	0.423429	0.446514	0.469402	0.492291	0.514957	0.537623	0.560642	0.58366	0.607643	0.631626	0.659044	0.686463	0.714719	0.742975	0.762721	0.782466	0.796369	0.810271	0.835366	0.860463	0.890462	0.920461	0.9458	0.971139	0.994483	1.01783	1.04041	1.06299	1.08568	1.10838	1.13134	1.1543	1.17755	1.2008	1.22424	1.24768	1.27124	1.2948	1.31842	1.34203	1.36567	1.38931	1.41295	1.43659	1.46023	1.48387	1.50751	
0	0.0236103	0.0472163	0.0708222	0.094434	0.118046	0.141649	0.165252	0.188853	0.212453	0.236017	0.259582	0.283104	0.306627	0.330038	0.353449	0.376741	0.400032	0.423113	0.446194	0.469166	0.492139	0.515058	0.537978	0.561469	0.58496	0.60958	0.634201	0.661832	0.689462	0.717435	0.745407	0.764647	0.783886	0.796134	0.808382	0.833278	0.858175	0.887775	0.917375	0.943254	0.969133	0.993126	1.01712	1.0401	1.06307	1.08593	1.10879	1.13176	1.15473	1.17794	1.20114	1.22452	1.2479	1.27142	1.29493	1.31851	1.34209	1.36571	1.38933	1.41296	1.4366	1.46024	1.48388	1.50751	
0	0.023607	0.0472092	0.0708114	0.0944173	0.118023	0.141618	0.165212	0.188799	0.212386	0.235933	0.259481	0.282984	0.306487	0.329886	0.353285	0.376583	0.39988	0.423017	0.446154	0.469252	0.492349	0.515502	0.538655	0.562413	0.586171	0.610997	0.635824	0.663092	0.69036	0.717505	0.744649	0.76414	0.783631	0.796707	0.809784	0.834431	0.859079	0.887583	0.916087	0.941893	0.967699	0.991943	1.01619	1.03944	1.0627	1.08575	1.10879	1.13184	1.1549	1.17812	1.20135	1.22471	1.24808	1.27157	1.29506	1.31862	1.34218	1.36578	1.38938	1.413	1.43662	1.46025	1.48388	1.50751	
0	0.0236037	0.0472022	0.0708006	0.0944006	0.118001	0.141586	0.165172	0.188746	0.212319	0.23585	0.25938	0.282864	0.306347	0.329734	0.353121	0.376425	0.399729	0.422922	0.446115	0.469337	0.49256	0.515946	0.539332	0.563357	0.587382	0.612415	0.637447	0.664352	0.691257	0.717574	0.743891	0.763634	0.783376	0.797281	0.811185	0.835584	0.859983	0.887391	0.914799	0.940532	0.966266	0.99076	1.01525	1.03879	1.06233	1.08556	1.10879	1.13193	1.15507	1.17831	1.20156	1.22491	1.24826	1.27173	1.29519	1.31873	1.34226	1.36585	1.38943	1.41304	1.43665	1.46027	1.48389	1.50751	
0	0.0235994	0.0471932	0.070787	0.0943805	0.117974	0.141551	0.165129	0.188691	0.212253	0.235772	0.259291	0.282764	0.306237	0.329625	0.353012	0.376336	0.399659	0.42291	0.446161	0.469479	0.492796	0.516316	0.539836	0.563941	0.588046	0.613001	0.637956	0.664223	0.690489	0.716041	0.741593	0.761776	0.781959	0.797926	0.813893	0.837834	0.861776	0.888238	0.9147	0.940157	0.965614	0.99012	1.01463	1.03831	1.06199	1.08535	1.1087	1.13192	1.15515	1.17843	1.2017	1.22506	1.24842	1.27187	1.29533	1.31884	1.34236	1.36593	1.3895	1.41309	1.43668	1.46029	1.4839	1.50751	
