y	b	u.x	u.y	u.z	
0.0976562	0.000730649	4.62494e-06	-6.55181e-06	-5.57258e-05
1.67092	0.0125016	7.91339e-05	-0.000112103	-0.000953482
3.24419	0.0242834	0.000158856	-0.000201915	-0.00176956
4.81745	0.0361979	0.000302184	-9.9715e-05	-0.00158923
6.39072	0.0481123	0.000445511	2.48547e-06	-0.00140889
7.96398	0.0600268	0.000588838	0.000104686	-0.00122855
9.53725	0.0719335	0.000716459	0.000186273	-0.00107638
11.1105	0.0837729	0.000707485	8.85888e-05	-0.00116919
12.6838	0.0956124	0.00069851	-9.09513e-06	-0.001262
14.257	0.107452	0.000689536	-0.000106779	-0.00135481
15.8303	0.119281	0.000665515	-0.000179215	-0.00143106
17.4036	0.131039	0.000541239	-8.34253e-05	-0.00139702
18.9768	0.142797	0.000416962	1.23644e-05	-0.00136297
20.5501	0.154555	0.000292686	0.000108154	-0.00132893
22.1234	0.166335	0.000181805	0.000174233	-0.00125083
23.6966	0.178225	0.000142379	8.18263e-05	-0.000937723
25.2699	0.190115	0.000102954	-1.05807e-05	-0.000624618
26.8432	0.202006	6.3528e-05	-0.000102988	-0.000311513
28.4164	0.21391	2.46141e-05	-0.000162365	-6.25986e-05
29.9897	0.225875	-1.20494e-05	-7.64656e-05	-9.60223e-05
31.563	0.237839	-4.87129e-05	9.4341e-06	-0.000129446
33.1362	0.249804	-8.53764e-05	9.53338e-05	-0.00016287
34.7095	0.261741	-0.000150348	0.000146058	-0.000287854
36.2828	0.273575	-0.000320159	6.65093e-05	-0.000751925
37.856	0.285409	-0.000489969	-1.30389e-05	-0.001216
39.4293	0.297243	-0.00065978	-9.25872e-05	-0.00168007
41.0026	0.309078	-0.000796754	-0.000135598	-0.00210584
42.5758	0.320918	-0.000829737	-6.28922e-05	-0.00241031
44.1491	0.332758	-0.000862721	9.81316e-06	-0.00271478
45.7223	0.344598	-0.000895704	8.25185e-05	-0.00301925
47.2956	0.356445	-0.000916217	0.00011874	-0.00324071
48.8689	0.368314	-0.000902557	5.49812e-05	-0.0032347
50.4421	0.380183	-0.000888897	-8.77759e-06	-0.0032287
52.0154	0.392052	-0.000875237	-7.25364e-05	-0.00322269
53.5887	0.403928	-0.00091623	-0.000102069	-0.00313616
55.1619	0.41582	-0.00108801	-4.96965e-05	-0.00285692
56.7352	0.427712	-0.00125979	2.67584e-06	-0.00257767
58.3085	0.439604	-0.00143157	5.50482e-05	-0.00229843
59.8817	0.451515	-0.00151528	7.8419e-05	-0.0018731
61.455	0.463468	-0.00141364	4.075e-05	-0.0011403
63.0283	0.475422	-0.001312	3.08095e-06	-0.000407497
64.6015	0.487375	-0.00121036	-3.45881e-05	0.000325306
66.1748	0.499493	-0.000896391	-5.79781e-05	0.00110233
67.7481	0.511917	-0.000187169	-5.47872e-05	0.00196167
69.3213	0.524331	0.000565272	-4.06922e-05	0.00284893
70.8946	0.536757	0.00129235	-6.4216e-05	0.00370841
72.4679	0.549629	0.00142832	-9.80338e-06	0.0041566
74.0411	0.563221	0.000778745	7.33502e-05	0.00403674
75.6144	0.576824	0.000165367	1.27964e-05	0.00415877
77.1877	0.590435	-0.000762278	0.000105751	0.00388658
78.7609	0.604181	-0.00220525	6.71803e-05	0.00114261
80.3342	0.618078	-0.00448702	0.000150655	-0.00572775
81.9074	0.631951	-0.00465642	-0.000171433	-0.0117475
83.4807	0.645776	-0.00619056	-0.000238396	-0.0174397
85.054	0.658124	-0.00694779	0.000261427	-0.0262173
86.6272	0.668412	-0.00742552	0.000308519	-0.0353575
88.2005	0.678521	-0.0100854	-0.000116722	-0.0465261
89.7738	0.688621	-0.0119963	-5.55631e-05	-0.0581598
91.347	0.697585	-0.0125163	-0.000231968	-0.0654168
92.9203	0.705278	-0.0135248	-0.000111585	-0.0684668
94.4936	0.713073	-0.0129764	0.000278048	-0.0733139
96.0668	0.720813	-0.0161414	0.000689859	-0.0784777
97.6401	0.729156	-0.0148075	0.000181755	-0.0763145
99.2134	0.737669	-0.00620625	-9.33306e-05	-0.0730689
100.787	0.745859	0.00947779	-0.000152797	-0.0620713
102.36	0.754057	0.0253836	-3.78781e-06	-0.0512706
103.933	0.764922	0.0251	-0.000352716	-0.0392501
105.506	0.778272	0.0218404	-0.000143127	-0.0284074
107.08	0.791812	0.0159548	0.000243149	-0.0210698
108.653	0.805355	0.0101588	0.000140953	-0.0142063
110.226	0.819178	0.0059575	-4.43802e-05	-0.00973749
111.799	0.833277	0.00434796	-2.94504e-05	-0.00636703
113.373	0.847447	0.00350496	-0.000143481	-0.0030572
114.946	0.861557	0.00206515	-0.000198181	0.000314327
116.519	0.874836	0.000999565	-0.000162771	0.00186049
118.093	0.887484	0.000218098	-5.8944e-05	0.00202076
119.666	0.900131	-0.00056337	4.48826e-05	0.00218103
121.239	0.912778	-0.00134484	0.000148709	0.00234129
122.812	0.92499	-0.00159743	0.000137849	0.0019867
124.386	0.936906	-0.00149122	4.91829e-05	0.00128281
125.959	0.948821	-0.00138501	-3.94835e-05	0.000578925
127.532	0.960737	-0.0012788	-0.00012815	-0.000124962
129.105	0.972645	-0.00107589	-0.00011557	-0.000528964
130.679	0.984549	-0.000814502	-4.17649e-05	-0.000751624
132.252	0.996453	-0.000553114	3.20397e-05	-0.000974284
133.825	1.00836	-0.000291725	0.000105844	-0.00119694
135.398	1.02025	-0.000170327	9.35859e-05	-0.00125272
136.972	1.03213	-0.000124131	3.50951e-05	-0.00121885
138.545	1.04402	-7.79341e-05	-2.33956e-05	-0.00118498
140.118	1.05591	-3.17376e-05	-8.18864e-05	-0.00115111
141.692	1.06785	-2.50972e-05	-7.10508e-05	-0.00103691
143.265	1.07982	-3.72509e-05	-2.72764e-05	-0.000884532
144.838	1.09179	-4.94046e-05	1.6498e-05	-0.000732158
146.411	1.10376	-6.15583e-05	6.02724e-05	-0.000579783
147.985	1.11567	-0.000126626	5.11293e-05	-0.000580672
149.558	1.12755	-0.000213807	1.9873e-05	-0.000645606
151.131	1.13944	-0.000300987	-1.13833e-05	-0.00071054
152.704	1.15132	-0.000388167	-4.26396e-05	-0.000775474
154.278	1.16313	-0.000368497	-3.64484e-05	-0.000880964
155.851	1.17492	-0.000309838	-1.65922e-05	-0.00100125
157.424	1.1867	-0.000251178	3.26402e-06	-0.00112154
158.997	1.19848	-0.000192518	2.31202e-05	-0.00124183
160.571	1.2103	-0.000170198	2.13914e-05	-0.00113741
162.144	1.22213	-0.000159353	1.28469e-05	-0.000962023
163.717	1.23396	-0.000148507	4.30241e-06	-0.000786642
165.291	1.24579	-0.000137662	-4.24207e-06	-0.00061126
166.864	1.25769	-0.000282208	-6.55971e-06	-0.000545098
168.437	1.26962	-0.000468713	-7.19598e-06	-0.000508427
170.01	1.28154	-0.000655217	-7.83225e-06	-0.000471756
171.584	1.29346	-0.000841722	-8.46852e-06	-0.000435086
173.157	1.30536	-0.000909743	-2.63237e-06	-0.000532823
174.73	1.31724	-0.000950826	4.67532e-06	-0.000661118
176.303	1.32913	-0.000991909	1.1983e-05	-0.000789413
177.877	1.34102	-0.00103299	1.92907e-05	-0.000917708
179.45	1.35281	-0.000969197	8.35843e-06	-0.000825328
181.023	1.36459	-0.00088574	-5.99317e-06	-0.000691579
182.596	1.37637	-0.000802283	-2.03448e-05	-0.00055783
184.17	1.38814	-0.000718827	-3.46964e-05	-0.000424081
185.743	1.39987	-0.000670183	-1.86905e-05	-0.000247651
187.316	1.41158	-0.000626763	1.87155e-06	-6.48162e-05
188.889	1.4233	-0.000583344	2.24336e-05	0.000118019
190.463	1.43502	-0.000539925	4.29956e-05	0.000300854
192.036	1.44688	-0.000524677	2.59651e-05	0.000202069
193.609	1.45876	-0.00051267	4.61183e-06	7.09017e-05
195.183	1.47064	-0.000500662	-1.67414e-05	-6.02657e-05
196.756	1.48252	-0.000488654	-3.80946e-05	-0.000191433
198.329	1.49463	-0.000487744	-2.1234e-05	-0.00020137
199.902	1.50676	-0.000487744	-1.24101e-06	-0.00020137
