y	b	u.x	u.y	u.z	
1.5625	0.00791225	-1.90084e-05	-0.000157086	8.85025e-05
3.55114	0.0374988	-8.08998e-06	-0.000679458	5.6935e-05
5.53977	0.067085	1.37899e-05	-0.000501647	-6.72053e-06
7.52841	0.0966716	1.53296e-05	7.94938e-05	-6.54455e-06
9.51704	0.126258	1.68811e-05	0.000641165	-6.56203e-06
11.5057	0.155844	1.86564e-05	0.000551814	-7.91879e-06
13.4943	0.18543	2.05202e-05	-2.94877e-05	-7.82179e-06
15.483	0.215017	2.23841e-05	-0.00061079	-7.72479e-06
17.4716	0.244601	3.43224e-05	-0.000629578	-2.10696e-05
19.4602	0.274187	3.71397e-05	-4.68679e-05	-2.03922e-05
21.4489	0.303773	3.99571e-05	0.000535842	-1.97148e-05
23.4375	0.333358	2.07356e-05	0.000690036	-1.5334e-05
25.4261	0.362944	2.12678e-05	0.000106155	-1.58651e-05
27.4148	0.392531	2.17999e-05	-0.000477727	-1.63962e-05
29.4034	0.422115	2.3672e-05	-0.000748947	-2.91557e-05
31.392	0.451702	3.22302e-05	-0.000163444	-2.84401e-05
33.3807	0.481289	4.07884e-05	0.000422058	-2.77246e-05
35.3693	0.510877	7.17319e-06	0.000842534	-7.49798e-06
37.358	0.540464	8.5798e-06	0.00025412	-1.16963e-05
39.3466	0.570051	9.98641e-06	-0.000334293	-1.58946e-05
41.3352	0.59964	1.84644e-05	-0.000829867	-2.30321e-05
43.3239	0.629229	4.9701e-05	-0.000287694	-2.08362e-05
45.3125	0.658818	8.14861e-05	0.000302102	-1.78403e-05
47.3011	0.688409	0.000102253	0.00083424	4.95629e-06
49.2898	0.718	0.000110613	0.000379088	1.17562e-05
51.2784	0.74759	0.000123978	-0.000214777	2.71597e-06
53.267	0.77718	0.000156292	-0.00079544	-6.17382e-06
55.2557	0.806765	0.000296822	-0.000451036	-6.84826e-06
57.2443	0.836346	0.000390948	0.000146489	-5.41963e-06
59.2329	0.865926	0.000485073	0.000744014	-3.991e-06
61.2216	0.895537	0.000617837	0.000478378	-4.71299e-05
63.2102	0.925158	0.00075139	-0.000105869	-0.000196721
65.1989	0.954777	0.000809971	-0.000736879	-0.000315442
67.1875	0.984586	0.000653741	-0.000699597	-0.000197431
69.1761	1.01447	5.64177e-05	2.64732e-05	1.8072e-05
71.1648	1.04446	-0.000250129	0.000816941	1.25896e-05
73.1534	1.07457	0.00186661	0.000838495	-4.23195e-05
75.142	1.10493	0.00549977	4.4023e-05	7.59996e-05
77.1307	1.13516	0.00934709	-0.000645458	-0.000385587
79.1193	1.16468	0.014824	-0.0006482	0.000259771
81.1079	1.19316	0.0211008	4.2705e-05	0.000510851
83.0966	1.22164	0.0273566	0.000223939	-0.000541196
85.0852	1.25024	0.0292319	-0.000227668	-0.00115383
87.0739	1.27897	0.0225056	-0.000124632	-0.00124757
89.0625	1.3078	0.01392	0.000237704	-0.000772922
91.0511	1.33687	0.00599944	0.000906015	-0.000646224
93.0398	1.36672	0.00345855	0.000254674	-0.000622099
95.0284	1.39648	0.00122468	-0.000340736	-0.00021098
97.017	1.42627	-0.000233239	-0.000824947	0.000175583
99.0057	1.4563	-0.000315754	-0.00017245	1.80764e-05
100.994	1.4864	-0.000660203	0.00018654	3.87386e-05
102.983	1.51644	-0.000526982	0.000715867	6.62508e-08
104.972	1.54616	-0.000444045	0.000355354	-3.57802e-05
106.96	1.57584	-0.000237189	-0.000213605	-5.89039e-05
108.949	1.60555	-9.85063e-05	-0.000781892	-7.13462e-05
110.937	1.63518	-8.53844e-05	-0.000447686	-1.9283e-06
112.926	1.66476	-3.95418e-05	0.000163865	2.26925e-05
114.915	1.69435	-2.87186e-05	0.000737048	4.39919e-05
116.903	1.72394	2.73886e-05	0.000498969	3.07149e-05
118.892	1.75354	6.30195e-05	-8.03009e-05	2.20074e-05
120.881	1.78313	9.86504e-05	-0.000659571	1.32998e-05
122.869	1.81272	8.75579e-05	-0.000542482	5.87503e-05
124.858	1.84229	4.80609e-05	2.04723e-05	5.56316e-05
126.847	1.87185	4.15385e-05	0.000600058	6.36346e-05
128.835	1.90144	3.53818e-05	0.000617312	3.78554e-05
130.824	1.93103	4.22241e-05	5.25312e-05	3.30783e-05
132.812	1.96061	4.90664e-05	-0.00051225	2.83011e-05
134.801	1.9902	2.20237e-05	-0.00065435	4.58587e-05
136.79	2.01978	1.36346e-05	-9.43248e-05	4.50519e-05
138.778	2.04937	5.24548e-06	0.0004657	4.42451e-05
140.767	2.07896	3.59479e-06	0.000721871	2.27936e-06
142.756	2.10854	5.04114e-06	0.000167583	5.26523e-08
144.744	2.13813	6.48749e-06	-0.000386704	-2.17405e-06
146.733	2.16772	-4.86809e-06	-0.000746548	7.17361e-06
148.722	2.1973	-1.128e-05	-0.000220121	1.01415e-05
150.71	2.22689	-1.43799e-05	0.00032996	9.96789e-06
152.699	2.25648	-1.12101e-05	0.0007593	-1.23958e-06
154.687	2.28606	-3.00416e-06	0.000277302	-1.77902e-05
156.676	2.31565	-2.99024e-06	-0.000269042	-1.8964e-05
158.665	2.34524	-3.77757e-06	-0.000774588	-1.77576e-05
160.653	2.37482	-9.94332e-06	-0.00033965	-1.87292e-06
162.642	2.40441	-1.09571e-05	0.000203318	-2.0149e-06
164.631	2.434	-1.19708e-05	0.000746287	-2.15689e-06
166.619	2.46359	2.43951e-06	0.000391252	-1.59272e-05
168.608	2.49317	2.54428e-06	-0.000149302	-1.65546e-05
170.597	2.52276	2.64904e-06	-0.000689857	-1.7182e-05
172.585	2.55234	-1.76303e-06	-0.000452432	-5.49909e-07
174.574	2.58193	-1.90444e-06	8.59477e-05	-5.88491e-07
176.562	2.61152	-2.04584e-06	0.000624328	-6.27073e-07
178.551	2.6411	6.40347e-06	0.000509404	-7.84259e-06
180.54	2.67069	6.59472e-06	-2.74447e-05	-8.08602e-06
182.528	2.70028	6.78597e-06	-0.000564293	-8.32945e-06
184.517	2.72986	1.82887e-06	-0.000563529	1.51196e-06
186.506	2.75945	1.9091e-06	-2.76615e-05	1.53096e-06
188.494	2.78904	1.98932e-06	0.000508206	1.54996e-06
190.483	2.81862	3.31874e-06	0.000608731	-1.5977e-06
192.472	2.84821	3.57714e-06	9.39108e-05	-2.05473e-06
194.46	2.8778	3.67542e-06	-0.000441159	-2.1077e-06
196.449	2.90738	1.18481e-06	-0.00061809	-6.8325e-07
198.437	2.93697	-1.87536e-08	-0.00014293	4.2703e-09
