y	b	u.x	u.y	u.z	
1.5625	0.0042353	-0.000125683	0.00034437	9.33285e-05
3.55114	0.0193778	-5.99449e-05	0.00126379	6.21179e-05
5.53977	0.0345202	2.85482e-05	0.00084713	7.29523e-06
7.52841	0.0496626	3.01282e-05	-0.000212045	7.84104e-06
9.51704	0.0648051	3.26833e-05	-0.00122459	5.30956e-06
11.5057	0.0799474	4.84144e-05	-0.000954352	-1.83145e-05
13.4943	0.0950895	6.5214e-05	0.000105086	-1.84019e-05
15.483	0.110232	8.20135e-05	0.00116452	-1.84894e-05
17.4716	0.125373	0.000107487	0.00108009	4.07185e-06
19.4602	0.140515	0.000118461	1.97731e-05	5.25896e-06
21.4489	0.155657	0.000129435	-0.00104054	6.44607e-06
23.4375	0.170799	0.000154692	-0.00119799	-4.934e-05
25.4261	0.185941	0.000186783	-0.000136426	-5.10558e-05
27.4148	0.201083	0.000218874	0.000925138	-5.27716e-05
29.4034	0.216224	0.000261035	0.00130355	-9.76965e-06
31.392	0.231366	0.000273925	0.000240892	-7.15096e-06
33.3807	0.246509	0.000286815	-0.000821767	-4.53226e-06
35.3693	0.26165	0.000312412	-0.00144653	-7.38725e-05
37.358	0.276793	0.000381502	-0.000381244	-8.18701e-05
39.3466	0.291936	0.000450593	0.000684045	-8.98678e-05
41.3352	0.307076	0.000512162	0.00148111	-1.56415e-05
43.3239	0.32222	0.00051335	0.000473725	3.30242e-06
45.3125	0.337364	0.000512834	-0.000592674	1.08499e-05
47.3011	0.352507	0.000485181	-0.00147994	-1.25867e-05
49.2898	0.367648	0.000573039	-0.00059754	-5.27577e-05
51.2784	0.382187	0.000722376	0.000389092	-6.1831e-05
53.267	0.397353	0.000827327	0.0014393	-5.56572e-05
55.2557	0.412524	0.000834166	0.000820737	4.04177e-05
57.2443	0.427689	0.000854075	-0.000253419	5.69217e-05
59.2329	0.442863	0.00087405	-0.00132813	7.35633e-05
61.2216	0.458039	0.000755502	-0.000844331	4.72774e-05
63.2102	0.4732	0.000811212	0.000226589	2.65168e-05
65.1989	0.488369	0.000867392	0.00129757	5.54249e-06
67.1875	0.503569	0.000435345	0.00105726	7.34949e-05
69.1761	0.518771	-0.000445509	-1.83183e-05	0.000132183
71.1648	0.533972	-0.00132636	-0.0010939	0.00019087
73.1534	0.549232	-0.00222012	-0.00113853	4.58013e-05
75.142	0.564508	-0.00320871	-5.34761e-05	7.30632e-05
77.1307	0.579813	-0.00412339	0.00100326	6.19107e-05
79.1193	0.595151	-0.00198484	0.00119046	7.58384e-05
81.1079	0.610571	0.00490183	0.000100931	0.000334688
83.0966	0.625891	0.00859496	-0.000877512	0.00045937
85.0852	0.641234	0.0231304	-0.00139156	0.000354699
87.0739	0.656103	0.0513514	-0.000352682	0.000290372
89.0625	0.670867	0.0850918	0.000568524	-0.00237778
91.0511	0.685577	0.0905949	-4.45444e-05	-0.00196535
93.0398	0.700202	0.0708759	-9.74701e-05	-0.00104186
95.0284	0.714903	0.0448361	0.00029099	0.000560394
97.017	0.729694	0.0272524	0.00119642	0.00140244
99.0057	0.745032	0.0199779	0.000430116	0.00120806
100.994	0.760415	0.0106273	-0.000527137	0.000778835
102.983	0.775745	0.00271952	-0.00142171	0.000305393
104.972	0.791084	0.00115201	-0.000524776	3.4166e-05
106.96	0.806421	0.000109265	0.000310842	-1.05411e-06
108.949	0.821792	-0.00107473	0.00111009	-0.000125699
110.937	0.83706	-0.000827931	0.000494906	-0.000142178
112.926	0.852272	-0.000275693	-0.000177837	-0.000134146
114.915	0.8675	0.000250824	-0.000936121	-0.000131586
116.903	0.882688	0.000453438	-0.000565671	-8.08346e-05
118.892	0.897864	0.000472977	0.000153468	-6.33233e-05
120.881	0.913041	0.000492517	0.000872607	-4.58121e-05
122.869	0.928212	0.000516693	0.000649584	-1.0587e-05
124.858	0.943375	0.000512305	-0.000100498	-9.63373e-05
126.847	0.958487	0.000612847	-0.000775826	-4.13793e-05
128.835	0.973651	0.000559849	-0.000712776	-5.8822e-05
130.824	0.988811	0.000480779	5.78925e-06	-3.36028e-05
132.812	1.00397	0.000373373	0.00071066	-1.97059e-05
134.801	1.01913	0.000294027	0.00078529	-9.71706e-06
136.79	1.0343	0.000303854	7.51149e-05	-1.04497e-05
138.778	1.04944	0.000312567	-0.000634387	-1.16518e-05
140.767	1.0646	0.000291429	-0.00086799	-3.191e-05
142.756	1.07977	0.000233683	-0.000159329	-2.29537e-05
144.744	1.09493	0.000175936	0.000549333	-1.39974e-05
146.733	1.11009	0.000133468	0.00092862	-6.44516e-06
148.722	1.12526	0.000126471	0.00022658	-6.84356e-06
150.71	1.13987	9.35085e-05	-0.000466706	-1.04392e-05
152.699	1.15501	9.81208e-05	-0.0010019	-1.3094e-05
154.687	1.17016	8.93679e-05	-0.000337372	-1.94748e-05
156.676	1.1853	6.60149e-05	0.000369702	-1.73586e-05
158.665	1.20044	4.30382e-05	0.0010292	-1.51327e-05
160.653	1.21558	3.66418e-05	0.000408825	-9.12262e-06
162.642	1.23073	3.34733e-05	-0.000298557	-1.01891e-05
164.631	1.24587	3.03048e-05	-0.00100594	-1.12555e-05
166.619	1.26101	4.90378e-05	-0.000488733	-1.16708e-05
168.608	1.27615	4.08956e-05	0.000218666	-1.13648e-05
170.597	1.2913	3.27533e-05	0.000926064	-1.10587e-05
172.585	1.30644	2.56933e-05	0.000575248	-2.1824e-06
174.574	1.32158	2.41887e-05	-0.000132139	-2.61001e-06
176.562	1.33672	2.26841e-05	-0.000839525	-3.03762e-06
178.551	1.35186	3.3002e-05	-0.000642986	-2.35889e-06
180.54	1.367	2.918e-05	6.48488e-05	-2.30226e-06
182.528	1.38215	2.53581e-05	0.000772684	-2.24563e-06
184.517	1.39729	1.48289e-05	0.000737754	2.07844e-06
186.506	1.41243	1.33052e-05	3.0102e-05	1.98847e-06
188.494	1.42757	1.17815e-05	-0.00067755	1.89849e-06
190.483	1.44271	1.10117e-05	-0.000777787	7.2723e-07
192.472	1.45786	9.87826e-06	-8.98072e-05	6.2983e-07
194.46	1.473	8.55271e-06	0.000618354	6.5134e-07
196.449	1.48814	2.08603e-06	0.000834976	-2.64467e-09
198.437	1.50328	1.45574e-07	0.000188751	4.53635e-08
