y	b	u.x	u.y	u.z	
0.78125	0.00206176	-0.00419238	-6.19161e-05	-0.000673217
2.34375	0.0143491	0.000900735	-5.27397e-05	0.00244987
3.90625	0.0266491	0.000689149	-4.68632e-05	0.00312899
5.46875	0.0388939	0.000195362	3.46165e-06	0.00335578
7.03125	0.050883	-0.000131229	-2.53873e-06	0.00390521
8.59375	0.0627843	-0.000342206	6.34461e-05	0.00429789
10.1562	0.0743569	-0.000230776	6.84649e-05	0.00461148
11.7187	0.0858993	-9.36282e-05	0.000104599	0.00473384
13.2812	0.0973239	0.00019622	9.74e-05	0.00417053
14.8437	0.108758	0.000469656	0.000138613	0.00354444
16.4062	0.120227	0.000608247	0.000141091	0.00258568
17.9687	0.131731	0.000709778	0.000161412	0.00172047
19.5312	0.143371	0.00055051	0.000154434	0.0010612
21.0937	0.155058	0.00037914	0.000173848	0.000527693
22.6562	0.166901	1.73378e-05	0.000173183	0.000471349
24.2187	0.178784	-0.000313373	0.000159974	0.000477115
25.7812	0.190776	-0.00057104	0.000154339	0.000885674
27.3437	0.202791	-0.000760599	0.000121184	0.00126423
28.9062	0.214845	-0.000623325	0.000119507	0.00175674
30.4687	0.226892	-0.000464473	5.11896e-05	0.00218966
32.0312	0.238886	3.47789e-05	4.89479e-05	0.00247137
33.5937	0.250844	0.000528121	-8.71067e-06	0.00270662
35.1562	0.262702	0.00117055	-7.79423e-06	0.00258124
36.7187	0.274528	0.00176978	-5.79749e-05	0.00248466
38.2812	0.286305	0.00223311	-5.77353e-05	0.00206594
39.8437	0.29808	0.00265379	-6.22619e-05	0.00176244
41.4062	0.30988	0.0027302	-5.86723e-05	0.00127851
42.9687	0.321697	0.00274947	-6.09882e-05	0.000936524
44.5312	0.333557	0.00243357	-6.21365e-05	0.000593064
46.0937	0.345433	0.002061	-4.52898e-05	0.000366035
47.6562	0.357329	0.00155578	-3.93246e-05	0.000345831
49.2187	0.369227	0.000973973	-4.59231e-05	0.000347094
50.7812	0.381103	0.000573579	-5.54066e-05	0.000760638
52.3437	0.392977	0.000126751	-5.21104e-05	0.000944582
53.9062	0.404834	0.000162524	-4.13481e-05	0.00128685
55.4687	0.416668	0.000173204	-4.49114e-05	0.00123563
57.0312	0.428492	0.000645276	-5.44223e-05	0.00100103
58.5937	0.440351	0.00110732	-2.06015e-05	0.000419493
60.1562	0.452284	0.00153039	-6.84896e-06	-0.000702746
61.7187	0.464418	0.00200587	1.94137e-05	-0.00169107
63.2812	0.476884	0.0019092	-1.35728e-05	-0.00292074
64.8437	0.489945	0.00124824	-1.09608e-05	-0.00296114
66.4062	0.503753	-0.00100628	7.02457e-05	-0.00401341
67.9687	0.518279	-0.00380376	3.65628e-05	-0.00269336
69.5312	0.533724	-0.00664179	0.000104184	0.000702452
71.0937	0.549211	-0.0117143	0.000117758	0.0022591
72.6562	0.564792	-0.0187606	-2.09108e-05	0.00422351
74.2187	0.579295	-0.0263358	-9.83297e-05	0.00924297
75.7812	0.592116	-0.0349446	-5.75025e-05	0.0145946
77.3437	0.603417	-0.0412021	-6.79788e-05	0.017796
78.9062	0.612926	-0.0436616	6.2425e-05	0.0193186
80.4687	0.621459	-0.0433049	0.000380425	0.0233179
82.0312	0.628895	-0.0421218	-0.000265784	0.0236595
83.5937	0.635863	-0.0365289	-0.000283861	0.0275737
85.1562	0.642226	-0.0270259	0.000218544	0.024028
86.7187	0.648461	-0.0158606	0.000241484	0.0191756
88.2812	0.654724	-0.00887237	-8.01905e-05	0.0205607
89.8437	0.661643	-0.00367984	-0.000171989	0.018027
91.4062	0.669266	-0.00512182	5.67365e-05	0.0138644
92.9687	0.678556	-0.00693632	9.62972e-05	0.0083551
94.5312	0.689684	-0.00574761	-6.85501e-05	0.00409819
96.0937	0.702555	-0.00561509	-6.77349e-05	0.00319529
97.6562	0.71729	-0.00465285	0.000106014	0.0029183
99.2187	0.732564	-0.00307388	4.27388e-05	0.00333189
100.781	0.748372	-0.000444327	-0.000135124	0.000858107
102.344	0.763504	0.00126095	-8.73405e-05	-0.00189697
103.906	0.777974	0.00213305	4.75657e-05	-0.000830844
105.469	0.791728	0.00252875	5.37127e-05	-1.11791e-05
107.031	0.804818	0.00232336	1.5306e-05	0.000222849
108.594	0.817518	0.00221403	1.90878e-05	0.000295574
110.156	0.829871	0.00206396	4.58819e-05	7.55829e-05
111.719	0.842009	0.00193498	1.62803e-05	-0.00019827
113.281	0.853954	0.00180796	-1.36203e-06	-0.000413797
114.844	0.865833	0.0016945	-3.84755e-05	-0.000518668
116.406	0.877635	0.0016628	-2.52383e-05	-0.000307247
117.969	0.889445	0.00156307	-4.9634e-05	-0.000194076
119.531	0.901241	0.00154991	-6.82122e-05	4.11295e-05
121.094	0.913071	0.00137154	-8.50982e-05	0.000106403
122.656	0.924914	0.00119759	-7.96881e-05	0.000163803
124.219	0.936781	0.000972586	-8.48801e-05	0.000122852
125.781	0.948597	0.000728582	-0.000135833	-3.21466e-05
127.344	0.960471	0.000601091	-0.000109576	-0.000118079
128.906	0.972337	0.000444221	-0.000108797	-0.000281437
130.469	0.98419	0.000432489	-6.83391e-05	-0.000335276
132.031	0.996032	0.000369591	-7.67652e-05	-0.000486287
133.594	1.00786	0.000411437	-2.61697e-05	-0.000455341
135.156	1.01968	0.000389084	-2.4181e-05	-0.000492793
136.719	1.03149	0.000435892	2.58382e-05	-0.000338418
138.281	1.04328	0.000443864	3.30791e-05	-0.000236104
139.844	1.05508	0.00046421	8.20361e-05	-1.51068e-05
141.406	1.06688	0.000449734	8.55546e-05	0.000188676
142.969	1.07868	0.00047322	0.000122422	0.000415589
144.531	1.09047	0.00046664	0.000132452	0.000611545
146.094	1.10225	0.000485167	0.000142957	0.000748942
147.656	1.11404	0.000488983	0.000145564	0.000860227
149.219	1.12581	0.000511801	0.000114016	0.000906872
150.781	1.1376	0.00052552	0.000119204	0.000927223
152.344	1.14937	0.000531113	5.12956e-05	0.000867093
153.906	1.16116	0.000553214	4.91412e-05	0.000783139
155.469	1.17295	0.000548894	-5.08303e-05	0.000637377
157.031	1.18475	0.000560189	-4.77724e-05	0.00046364
158.594	1.19657	0.000539573	-0.000154682	0.000239131
160.156	1.2084	0.000548087	-0.000163908	6.87672e-06
161.719	1.22025	0.000541246	-0.000255297	-0.000195602
163.281	1.2321	0.00054877	-0.000256162	-0.000369268
164.844	1.24398	0.000554902	-0.000311616	-0.000455773
166.406	1.25585	0.000579548	-0.000325238	-0.000471027
167.969	1.26773	0.000627777	-0.000335191	-0.000335587
169.531	1.27959	0.000687562	-0.000336419	-0.000127819
171.094	1.29145	0.000762713	-0.000300191	0.000208961
172.656	1.30329	0.000850746	-0.00031362	0.000584894
174.219	1.31511	0.000946527	-0.000234834	0.00103923
175.781	1.32691	0.00103995	-0.000232677	0.00146964
177.344	1.33868	0.00111255	-0.000121242	0.00188837
178.906	1.35045	0.00117213	-0.000131002	0.00223426
180.469	1.3622	0.00119944	6.23279e-06	0.00250107
182.031	1.37394	0.00120448	1.39112e-05	0.0026635
183.594	1.38569	0.00116244	0.000163614	0.00270057
185.156	1.39744	0.00110244	0.000159032	0.00264241
186.719	1.4092	0.000998922	0.000312933	0.00245606
188.281	1.42098	0.000886427	0.000326411	0.00220722
189.844	1.43278	0.000734679	0.000466966	0.00185737
191.406	1.44459	0.000594314	0.000467176	0.00150466
192.969	1.45643	0.000433623	0.000585641	0.00110692
194.531	1.46828	0.000306006	0.000603458	0.000769363
196.094	1.48015	0.000174532	0.000683352	0.000443247
197.656	1.49203	9.79594e-05	0.000686359	0.00023736
199.219	1.50392	3.14391e-05	0.000724269	8.08824e-05
