y	b	bdiff	u.x	u.y	u.z	Ri	
0.0976562	0.0274612	0.00281012	-0.000112562	2.30579e-05	-2.07042e-05	5407.13
12.5977	0.0507942	0.00110692	-0.0546638	1.01161e-05	-0.000642815	3632.97
20.7355	0.0825921	0.000807654	-0.0699629	-0.000322602	0.00267176	2318.42
28.2309	0.113916	0.00256833	0.142449	0.000215647	0.00336267	5387.47
33.3273	0.132976	0.00152715	0.201537	0.00149443	-0.00425478	5740.4
37.5122	0.146763	-0.00119088	0.157177	-0.000301653	0.00176091	3802.15
40.738	0.157279	-0.00339863	0.101811	-0.00146954	0.00226848	2295.48
43.3533	0.166744	-0.00424874	0.049044	0.000164355	0.00128821	1074.16
46.0155	0.177238	-0.00425485	0.00581147	0.000492906	0.00120899	1450.1
49.109	0.190389	-0.00330492	-0.00506374	-0.000315794	0.000890149	2264.74
52.3969	0.204752	-0.00191022	-0.00371978	0.000705123	-2.14012e-05	3145.17
58.0765	0.228369	-0.000694688	-0.00350332	0.00115818	0.000370897	5662.95
65.9822	0.260189	-5.58176e-05	-0.00130787	-0.000917805	0.000304283	11584.7
75.9822	0.300369	0.000682162	0.000718395	-9.51536e-05	0.000259372	12246.3
88.4822	0.348739	-0.000249824	0.00105759	-0.000151715	7.86688e-05	15882.2
