y	b	bdiff	u.x	u.y	u.z	Ri	
0.0976562	0.0246837	3.27014e-05	3.96397e-07	1.8891e-06	-4.27295e-08	57212
12.5977	0.0496678	-1.94352e-05	0.000173048	2.88543e-05	2.70956e-05	325552
21.5779	0.0852636	0.00015671	0.00164233	-0.00115478	0.000830497	574142
29.3394	0.116192	0.000472259	0.0188861	0.000708439	-0.00329391	676908
34.8359	0.137485	8.60421e-05	0.0209837	0.000308654	0.00505671	1.82135e+06
38.108	0.150099	-0.000205301	0.0148854	-9.21061e-05	-0.00121576	2.84371e+06
40.8227	0.160594	-0.000417256	0.0082282	-6.09098e-05	0.00167534	3.69239e+06
43.6387	0.171694	-0.000423866	0.00579188	-3.49132e-05	0.00117253	4.57871e+06
46.4649	0.18292	-0.00034524	0.00403726	-0.000119181	9.72451e-05	3.94775e+06
49.4691	0.194902	-0.000212043	0.00415013	-0.000102677	0.000275504	3.20012e+06
52.8344	0.208324	-6.34339e-05	0.000264527	-6.28476e-05	0.000180639	2.3593e+06
58.5983	0.231105	-1.58309e-05	4.8905e-05	5.19447e-05	0.000113547	1.47141e+06
66.504	0.262295	-8.04092e-06	-6.71896e-06	-4.65556e-05	6.13862e-05	1.32587e+06
76.504	0.301748	4.09343e-06	-1.79371e-05	3.21947e-06	1.82759e-05	6.19518e+06
89.004	0.351045	-1.77566e-06	9.13311e-08	-3.04785e-05	-2.73252e-09	2.36539e+07
