y	b	Ri	bdiff	u.x	u.y	u.z	
0	0	23870.6	-3.67093e-05	0.00384673	0	-0.000791658
12.5	0.237885	29425.7	0.00136373	-0.00115319	-0.000199271	-0.00257539
23.5432	0.451434	34520.1	0.00509369	-0.0133842	-0.000615242	0.000149328
33.5432	0.49582	2008.1	0.00730923	0.00530129	-0.000413266	0.00948773
38.7419	0.554034	2882.9	0.00371716	0.277364	-0.00177202	0.0425546
41.7461	0.611616	2565.8	-0.000157417	0.373797	-0.000245233	0.0526575
44.7544	0.674787	2651.29	-0.00482617	0.329861	0.000949202	0.0392691
48.1604	0.563347	1855.2	-0.00579171	0.157002	-9.43811e-06	0.0227367
51.725	1.08618	2675.04	-0.00668317	0.0267373	0.0010065	0.0145258
56.945	1.20254	2453.21	-0.00713744	-0.0479157	0.00350741	-0.0017534
64.0878	1.35551	5442.96	-0.0044665	-0.0213849	-0.00262517	-0.000987132
74.0878	1.54016	11122	-0.000922525	-3.19538e-06	-0.00125476	-0.000787797
84.0878	1.79134	26066	-0.000518276	0.00192542	0.0035159	-0.000248666
96.5878	2.05792	57401.9	2.88963e-06	0.0013948	-0.00350414	-0.000190343
