y	b	Ri	bdiff	u.x	u.y	u.z	
0	0	79394.1	0.000164905	0.000367637	0	-3.55239e-05
12.5	0.245004	58908	-0.000330778	0.000247297	-0.000826972	0.000190225
23.8592	0.445417	18131.2	0.00086492	-0.00811714	0.00132681	3.83364e-05
34.3421	0.63621	15478.7	0.00268443	-0.00933847	-0.00013488	0.00138869
40.3505	0.582166	18797.6	0.00120624	0.109541	-0.000122942	0.0112781
43.8363	0.607008	25712	-0.00132229	0.119497	0.00149394	0.0157007
47.3478	0.725567	13600.6	-0.00257234	0.0780136	0.0003786	0.0120223
51.0041	1.09019	28104.2	-0.00221168	0.0336007	7.61659e-05	0.00517377
55.8265	1.17049	14035.7	-0.00208155	-0.0124281	0.00304826	0.00277856
62.0046	1.29776	219988	-0.000942974	-0.0114048	0.000602009	0.00206684
69.2027	1.49179	469722	-0.000152228	-0.000457761	-0.0051483	0.000841462
79.2027	1.71427	273686	-1.88246e-05	0.000513896	0.00314069	0.000204482
91.7027	1.98485	166796	-1.87749e-05	0.000282594	-0.0036071	-0.000145934
