y	b	u.x	u.y	u.z	
0.0976562	0.000736096	1.53762e-08	4.19225e-07	-2.88322e-08
1.67092	0.0125948	2.6309e-07	7.17303e-06	-4.93326e-07
3.24419	0.0244535	4.95592e-07	1.29281e-05	-8.84082e-07
4.81745	0.0363121	5.425e-07	6.49778e-06	-3.75238e-07
6.39072	0.0481708	5.89408e-07	6.75137e-08	1.33607e-07
7.96398	0.0600295	6.36317e-07	-6.36275e-06	6.42452e-07
9.53725	0.0718882	7.32229e-07	-1.15494e-05	1.12773e-06
11.1105	0.0837469	1.25432e-06	-5.92036e-06	1.40807e-06
12.6838	0.0956056	1.77641e-06	-2.91351e-07	1.68841e-06
14.257	0.107464	2.29849e-06	5.33766e-06	1.96875e-06
15.8303	0.119323	2.83375e-06	9.68798e-06	2.30142e-06
17.4036	0.131182	3.45678e-06	5.51845e-06	2.98276e-06
18.9768	0.143041	4.07981e-06	1.34892e-06	3.66409e-06
20.5501	0.154899	4.70284e-06	-2.82061e-06	4.34543e-06
22.1234	0.166758	5.51724e-06	-5.98941e-06	5.08217e-06
23.6966	0.178617	7.35255e-06	-3.81996e-06	6.11451e-06
25.2699	0.190476	9.18786e-06	-1.65051e-06	7.14685e-06
26.8432	0.202335	1.10232e-05	5.18944e-07	8.17919e-06
28.4164	0.214194	1.28839e-05	2.38696e-06	9.48288e-06
29.9897	0.226053	1.48567e-05	2.92916e-06	1.19801e-05
31.563	0.237912	1.68295e-05	3.47136e-06	1.44773e-05
33.1362	0.249771	1.88022e-05	4.01355e-06	1.69745e-05
34.7095	0.26163	2.18271e-05	3.61954e-06	1.97075e-05
36.2828	0.273489	2.87485e-05	-2.41678e-07	2.33138e-05
37.856	0.285349	3.56699e-05	-4.1029e-06	2.69201e-05
39.4293	0.297208	4.25913e-05	-7.96412e-06	3.05264e-05
41.0026	0.309068	4.98996e-05	-8.98351e-06	3.56756e-05
42.5758	0.320928	5.84328e-05	-1.00281e-06	4.57113e-05
44.1491	0.332789	6.69661e-05	6.97789e-06	5.5747e-05
45.7223	0.344649	7.54993e-05	1.49586e-05	6.57827e-05
47.2956	0.356511	8.95049e-05	1.7434e-05	7.72279e-05
48.8689	0.368375	0.000118507	4.82284e-06	9.25355e-05
50.4421	0.380238	0.000147509	-7.78833e-06	0.000107843
52.0154	0.392102	0.000176511	-2.03995e-05	0.000123151
53.5887	0.403969	0.000212901	-2.39532e-05	0.000150521
55.1619	0.415842	0.000266971	-5.83201e-06	0.000206756
56.7352	0.427716	0.000321042	1.22892e-05	0.000262992
58.3085	0.439589	0.000375112	3.04104e-05	0.000319227
59.8817	0.451465	0.000456505	3.51764e-05	0.000383449
61.455	0.463347	0.000595402	1.18338e-05	0.000464481
63.0283	0.475228	0.000734299	-1.15088e-05	0.000545513
64.6015	0.48711	0.000873196	-3.48513e-05	0.000626545
66.1748	0.49902	0.00109554	-4.72417e-05	0.00067707
67.7481	0.510984	0.00147323	-3.92442e-05	0.000670806
69.3213	0.522885	0.00151935	4.5314e-05	0.000627938
70.8946	0.534856	0.00191275	6.10562e-05	0.000649548
72.4679	0.546934	0.00298801	-2.91235e-06	0.00120567
74.0411	0.55915	0.00612452	9.62995e-05	0.00244437
75.6144	0.571408	0.0088173	-5.01247e-05	0.00288234
77.1877	0.583607	0.0141901	-0.000339063	0.000155882
78.7609	0.595679	0.0231771	-0.00022699	0.00042453
80.3342	0.607473	0.0326449	-1.06454e-06	0.00509229
81.9074	0.61911	0.0408475	-7.08162e-05	0.00680722
83.4807	0.630681	0.0485518	-7.0827e-05	0.0103937
85.054	0.642118	0.0557822	-3.48356e-06	0.00931291
86.6272	0.653479	0.0651578	0.00020302	0.0011323
88.2005	0.664963	0.0716227	9.27217e-05	-0.0020027
89.7738	0.676471	0.0700878	0.000180378	-0.00698006
91.347	0.688141	0.0637262	9.46393e-05	-0.00601383
92.9203	0.699702	0.0521292	-7.5656e-05	-0.00798758
94.4936	0.711211	0.042098	4.76384e-05	-0.00608374
96.0668	0.722683	0.0345864	0.0004672	-0.00653034
97.6401	0.734269	0.0234338	0.000328138	-0.00342851
99.2134	0.74611	0.0155876	6.95736e-05	-0.00369289
100.787	0.758062	0.0104792	-0.000172192	-5.03409e-06
102.36	0.769954	0.00584092	-0.000365029	0.00228993
103.933	0.781996	0.00330215	-0.000238075	0.000678811
105.506	0.794165	0.0026611	-2.88971e-05	0.000468993
107.08	0.806301	0.00208159	7.94048e-06	0.000271339
108.653	0.818442	0.00151955	-6.50625e-06	0.000116741
110.226	0.830464	0.00113193	-1.29127e-05	-1.12082e-05
111.799	0.842394	0.000925237	1.73942e-05	-1.33495e-05
113.373	0.854325	0.000778279	-3.29839e-05	0.00011226
114.946	0.866255	0.000585431	-1.76239e-05	0.000134736
116.519	0.878156	0.000456642	-7.53174e-06	0.000137605
118.093	0.890036	0.000376488	-1.43923e-06	0.000125589
119.666	0.901916	0.000296334	4.65327e-06	0.000113573
121.239	0.913796	0.00021618	1.07458e-05	0.000101557
122.812	0.925668	0.000171001	9.54233e-06	9.40052e-05
124.386	0.937534	0.00014955	3.38914e-06	8.94815e-05
125.959	0.9494	0.0001281	-2.76405e-06	8.49577e-05
127.532	0.961267	0.000106649	-8.91723e-06	8.04339e-05
129.105	0.973129	8.86098e-05	-7.34969e-06	7.18016e-05
130.679	0.98499	7.26328e-05	-1.11338e-06	6.06848e-05
132.252	0.99685	5.66559e-05	5.12293e-06	4.9568e-05
133.825	1.00871	4.0679e-05	1.13592e-05	3.84512e-05
135.398	1.02057	3.26467e-05	9.41547e-06	3.27847e-05
136.972	1.03243	2.88823e-05	3.07746e-06	3.00459e-05
138.545	1.04429	2.51178e-05	-3.26056e-06	2.73072e-05
140.118	1.05615	2.13534e-05	-9.59858e-06	2.45685e-05
141.692	1.06801	1.80197e-05	-7.43572e-06	2.14963e-05
143.265	1.07987	1.48906e-05	-1.23387e-06	1.82656e-05
144.838	1.09173	1.17615e-05	4.96798e-06	1.50349e-05
146.411	1.10358	8.63248e-06	1.11698e-05	1.18042e-05
147.985	1.11544	7.21595e-06	8.69611e-06	1.02788e-05
149.558	1.1273	6.51505e-06	2.59706e-06	9.46592e-06
151.131	1.13916	5.81415e-06	-3.502e-06	8.65308e-06
152.704	1.15102	5.11325e-06	-9.60106e-06	7.84023e-06
154.278	1.16288	4.3966e-06	-6.96729e-06	6.87696e-06
155.851	1.17474	3.6742e-06	-1.14683e-06	5.85881e-06
157.424	1.1866	2.9518e-06	4.67363e-06	4.84065e-06
158.997	1.19845	2.22941e-06	1.04941e-05	3.82249e-06
160.571	1.21031	1.92197e-06	7.61555e-06	3.38066e-06
162.144	1.22217	1.74556e-06	1.99023e-06	3.12081e-06
163.717	1.23403	1.56915e-06	-3.63508e-06	2.86096e-06
165.291	1.24589	1.39275e-06	-9.26039e-06	2.6011e-06
166.864	1.25775	1.20599e-06	-6.25492e-06	2.27647e-06
168.437	1.26961	1.01643e-06	-9.1897e-07	1.93435e-06
170.01	1.28146	8.26882e-07	4.41698e-06	1.59223e-06
171.584	1.29332	6.3733e-07	9.75293e-06	1.25011e-06
173.157	1.30518	5.52678e-07	6.53282e-06	1.10464e-06
174.73	1.31704	4.91877e-07	1.36746e-06	1.00387e-06
176.303	1.3289	4.31075e-07	-3.7979e-06	9.031e-07
177.877	1.34076	3.70273e-07	-8.96327e-06	8.02332e-07
179.45	1.35262	3.19353e-07	-5.60643e-06	6.89156e-07
181.023	1.36447	2.70285e-07	-6.51992e-07	5.73653e-07
182.596	1.37633	2.21217e-07	4.30245e-06	4.58151e-07
184.17	1.38819	1.72148e-07	9.25689e-06	3.42649e-07
185.743	1.40005	1.43675e-07	5.67066e-06	2.92459e-07
187.316	1.41191	1.18292e-07	8.02623e-07	2.52073e-07
188.889	1.42377	9.29096e-08	-4.06542e-06	2.11686e-07
190.463	1.43563	6.75269e-08	-8.93346e-06	1.713e-07
192.036	1.44749	5.90206e-08	-5.1664e-06	1.4269e-07
193.609	1.45934	5.2455e-08	-4.06414e-07	1.15434e-07
195.183	1.4712	4.58893e-08	4.35357e-06	8.81786e-08
196.756	1.48306	3.93236e-08	9.11355e-06	6.0923e-08
198.329	1.49492	3.88262e-08	5.06578e-06	5.88582e-08
199.902	1.50678	3.88262e-08	2.96067e-07	5.88582e-08
