x=90	y=200	z=200	n=65	len=1
b
0	0	0	0	0	0	0	0	0	0	0	0	0	0	0	0	0	0	0	0	0	0	0	0	0	0	0	0	0	0	0	0	0	0	0	0	0	0	0	0	0	0	0	0	0	0	0	0	0	0	0	0	0	0	0	0	0	0	0	0	0	0	0	0	0	
0.0233379	0.0233375	0.0233297	0.023322	0.0233256	0.0233292	0.0233276	0.023326	0.0233597	0.0233935	0.0234339	0.0234743	0.0235527	0.0236311	0.023698	0.0237648	0.0238345	0.0239043	0.0239044	0.0239045	0.0238695	0.0238344	0.0237398	0.0236453	0.0235555	0.0234656	0.0234382	0.0234107	0.0234212	0.0234317	0.0234267	0.0234216	0.023405	0.0233884	0.0234097	0.023431	0.0234333	0.0234355	0.0234713	0.0235071	0.0235932	0.0236792	0.0237393	0.0237995	0.0238593	0.0239191	0.0238749	0.0238306	0.0237864	0.0237421	0.0236632	0.0235842	0.0235134	0.0234425	0.0234105	0.0233786	0.0233431	0.0233076	0.023318	0.0233283	0.0233226	0.0233169	0.0233277	0.0233384	0.0233379	
0.0467357	0.0467353	0.0467181	0.0467008	0.0467043	0.0467079	0.046697	0.0466861	0.0467402	0.0467944	0.0468583	0.0469222	0.0470579	0.0471936	0.047315	0.0474363	0.0475691	0.0477019	0.0477199	0.0477379	0.0476935	0.0476491	0.0474864	0.0473237	0.0471616	0.0469995	0.046932	0.0468645	0.0468804	0.0468963	0.0468873	0.0468783	0.0468606	0.0468428	0.0468668	0.0468908	0.0468999	0.046909	0.0469823	0.0470557	0.0472191	0.0473824	0.047475	0.0475676	0.04766	0.0477524	0.04766	0.0475676	0.0474777	0.0473879	0.0472509	0.047114	0.0469892	0.0468645	0.0468182	0.0467719	0.0467138	0.0466558	0.0466818	0.0467077	0.0467011	0.0466944	0.0467152	0.046736	0.0467357	
0.0701334	0.0701332	0.0701064	0.0700796	0.0700831	0.0700865	0.0700664	0.0700462	0.0701207	0.0701953	0.0702827	0.0703701	0.0705631	0.0707561	0.070932	0.0711079	0.0713037	0.0714994	0.0715354	0.0715713	0.0715176	0.0714638	0.0712329	0.0710021	0.0707677	0.0705333	0.0704258	0.0703183	0.0703396	0.0703609	0.070348	0.0703351	0.0703162	0.0702972	0.0703239	0.0703507	0.0703666	0.0703825	0.0704934	0.0706043	0.070845	0.0710856	0.0712106	0.0713357	0.0714606	0.0715856	0.0714451	0.0713046	0.0711691	0.0710336	0.0708387	0.0706438	0.0704651	0.0702865	0.0702258	0.0701651	0.0700845	0.0700039	0.0700455	0.0700872	0.0700795	0.0700718	0.0701027	0.0701337	0.0701334	
0.0936701	0.0936723	0.0936329	0.0935935	0.0935902	0.0935869	0.0935434	0.0934998	0.0935647	0.0936295	0.0937022	0.0937749	0.0939716	0.0941682	0.0943629	0.0945577	0.0947876	0.0950176	0.0951034	0.0951893	0.0951777	0.095166	0.0949439	0.0947217	0.0944654	0.0942091	0.0940493	0.0938894	0.0938973	0.0939051	0.0938887	0.0938723	0.0938847	0.093897	0.0938895	0.0938819	0.0939192	0.0939566	0.0940979	0.0942391	0.0945204	0.0948016	0.0948948	0.0949879	0.0950802	0.0951724	0.0949891	0.0948058	0.0946327	0.0944596	0.0942598	0.09406	0.093873	0.093686	0.093647	0.0936079	0.0935362	0.0934645	0.0935274	0.0935903	0.0935928	0.0935953	0.0936316	0.0936679	0.0936701	
0.117207	0.117211	0.117159	0.117107	0.117097	0.117087	0.11702	0.116953	0.117009	0.117064	0.117122	0.11718	0.11738	0.11758	0.117794	0.118007	0.118272	0.118536	0.118671	0.118807	0.118838	0.118868	0.118655	0.118441	0.118163	0.117885	0.117673	0.117461	0.117455	0.117449	0.117429	0.11741	0.117453	0.117497	0.117455	0.117413	0.117472	0.117531	0.117702	0.117874	0.118196	0.118518	0.118579	0.11864	0.1187	0.118759	0.118533	0.118307	0.118096	0.117886	0.117681	0.117476	0.117281	0.117086	0.117068	0.117051	0.116988	0.116925	0.117009	0.117093	0.117106	0.117119	0.11716	0.117202	0.117207	
0.140883	0.14089	0.140831	0.140771	0.140753	0.140734	0.140646	0.140558	0.14058	0.140603	0.140616	0.14063	0.140776	0.140923	0.141099	0.141275	0.141517	0.141759	0.141935	0.142111	0.142208	0.142306	0.142188	0.14207	0.141846	0.141623	0.141393	0.141163	0.1411	0.141038	0.141031	0.141025	0.141089	0.141153	0.141075	0.140997	0.141108	0.141218	0.141379	0.141539	0.141818	0.142096	0.142076	0.142056	0.142035	0.142014	0.141788	0.141561	0.141356	0.141151	0.141003	0.140854	0.140707	0.140559	0.140584	0.140608	0.140581	0.140553	0.140649	0.140745	0.140771	0.140798	0.140837	0.140876	0.140883	
0.164559	0.164569	0.164502	0.164435	0.164408	0.164381	0.164271	0.164162	0.164152	0.164141	0.16411	0.164079	0.164173	0.164266	0.164404	0.164543	0.164762	0.164982	0.165198	0.165415	0.165579	0.165743	0.165721	0.165699	0.16553	0.16536	0.165112	0.164865	0.164745	0.164626	0.164633	0.16464	0.164724	0.164809	0.164695	0.16458	0.164743	0.164906	0.165055	0.165204	0.165439	0.165675	0.165574	0.165472	0.165371	0.165269	0.165043	0.164816	0.164616	0.164416	0.164324	0.164232	0.164132	0.164032	0.164099	0.164166	0.164174	0.164181	0.164289	0.164396	0.164436	0.164476	0.164513	0.164549	0.164559	
0.188266	0.188277	0.188218	0.188159	0.188136	0.188113	0.18801	0.187906	0.187875	0.187843	0.187775	0.187706	0.187725	0.187744	0.1878	0.187856	0.187986	0.188116	0.188299	0.188482	0.188664	0.188846	0.188934	0.189021	0.188972	0.188923	0.188744	0.188565	0.188377	0.188188	0.188205	0.188222	0.188262	0.188303	0.18823	0.188157	0.188368	0.18858	0.188657	0.188735	0.188828	0.188921	0.188768	0.188616	0.18847	0.188325	0.188172	0.18802	0.187894	0.187769	0.187761	0.187754	0.187728	0.187703	0.187793	0.187882	0.187916	0.18795	0.18804	0.188131	0.18817	0.188208	0.188232	0.188255	0.188266	
0.211973	0.211985	0.211934	0.211882	0.211864	0.211846	0.211748	0.21165	0.211597	0.211545	0.211439	0.211333	0.211278	0.211222	0.211196	0.21117	0.211211	0.211251	0.211401	0.21155	0.21175	0.211949	0.212146	0.212343	0.212414	0.212485	0.212375	0.212265	0.212008	0.21175	0.211777	0.211804	0.2118	0.211796	0.211765	0.211734	0.211994	0.212253	0.212259	0.212266	0.212216	0.212167	0.211963	0.211759	0.21157	0.211381	0.211302	0.211223	0.211173	0.211123	0.211199	0.211275	0.211324	0.211374	0.211486	0.211599	0.211659	0.211719	0.211792	0.211865	0.211903	0.21194	0.211951	0.211961	0.211973	
0.235567	0.235575	0.235552	0.235529	0.235533	0.235536	0.235487	0.235439	0.235405	0.235372	0.235284	0.235196	0.235107	0.235019	0.234931	0.234843	0.23478	0.234716	0.234752	0.234787	0.234906	0.235024	0.235203	0.235382	0.235554	0.235726	0.235715	0.235705	0.235502	0.2353	0.235317	0.235333	0.235272	0.23521	0.235278	0.235346	0.2355	0.235653	0.235581	0.235509	0.235351	0.235193	0.235048	0.234904	0.234792	0.23468	0.234713	0.234746	0.234803	0.234861	0.234976	0.235091	0.235178	0.235266	0.235344	0.235423	0.235464	0.235505	0.235529	0.235553	0.235562	0.235572	0.235566	0.23556	0.235567	
0.259162	0.259165	0.25917	0.259176	0.259201	0.259226	0.259227	0.259227	0.259213	0.259199	0.259128	0.259058	0.258937	0.258817	0.258667	0.258516	0.258348	0.258181	0.258103	0.258024	0.258062	0.258099	0.25826	0.258421	0.258693	0.258966	0.259055	0.259145	0.258997	0.258849	0.258856	0.258863	0.258743	0.258624	0.258791	0.258958	0.259006	0.259053	0.258903	0.258752	0.258485	0.258218	0.258133	0.258049	0.258014	0.257978	0.258123	0.258269	0.258434	0.258599	0.258753	0.258907	0.259032	0.259157	0.259202	0.259247	0.259269	0.25929	0.259266	0.259241	0.259222	0.259203	0.259181	0.259159	0.259162	
0.28258	0.282575	0.282616	0.282657	0.282705	0.282753	0.282823	0.282893	0.282927	0.282961	0.282969	0.282977	0.2829	0.282823	0.282706	0.282588	0.282396	0.282203	0.282053	0.281904	0.281818	0.281733	0.281759	0.281784	0.282006	0.282227	0.282308	0.28239	0.282421	0.282452	0.28244	0.282428	0.282379	0.28233	0.282393	0.282455	0.282361	0.282267	0.282145	0.282023	0.281846	0.281668	0.281703	0.281739	0.281845	0.28195	0.282126	0.282302	0.282502	0.282701	0.282796	0.28289	0.282971	0.283052	0.283018	0.282984	0.282947	0.28291	0.282835	0.28276	0.282703	0.282646	0.282616	0.282586	0.28258	
0.305999	0.305985	0.306061	0.306138	0.306208	0.306279	0.306419	0.306558	0.306641	0.306724	0.30681	0.306896	0.306863	0.306829	0.306745	0.306661	0.306443	0.306225	0.306004	0.305783	0.305575	0.305367	0.305257	0.305148	0.305318	0.305488	0.305561	0.305635	0.305845	0.306055	0.306024	0.305993	0.306015	0.306036	0.305994	0.305952	0.305717	0.305481	0.305388	0.305295	0.305206	0.305118	0.305273	0.305429	0.305675	0.305922	0.306129	0.306335	0.306569	0.306804	0.306838	0.306872	0.30691	0.306947	0.306834	0.30672	0.306625	0.306531	0.306405	0.30628	0.306184	0.306089	0.306051	0.306013	0.305999	
0.32939	0.329366	0.32946	0.329554	0.329621	0.329688	0.329859	0.330031	0.330138	0.330245	0.330398	0.330551	0.33059	0.330629	0.330648	0.330667	0.330539	0.33041	0.330265	0.33012	0.329901	0.329682	0.329527	0.329371	0.3294	0.329429	0.329384	0.32934	0.329555	0.32977	0.32969	0.329611	0.329647	0.329684	0.329616	0.329547	0.329407	0.329267	0.329279	0.32929	0.329364	0.329437	0.329595	0.329753	0.33001	0.330267	0.330369	0.330471	0.330609	0.330746	0.330683	0.330621	0.330573	0.330525	0.330369	0.330214	0.330079	0.329944	0.329816	0.329687	0.329576	0.329466	0.32944	0.329414	0.32939	
0.352782	0.352748	0.352859	0.35297	0.353034	0.353097	0.3533	0.353504	0.353635	0.353766	0.353985	0.354205	0.354317	0.354429	0.354551	0.354673	0.354634	0.354595	0.354526	0.354456	0.354227	0.353997	0.353796	0.353595	0.353483	0.35337	0.353208	0.353045	0.353265	0.353485	0.353356	0.353228	0.35328	0.353332	0.353237	0.353142	0.353098	0.353053	0.353169	0.353286	0.353521	0.353756	0.353917	0.354078	0.354345	0.354612	0.35461	0.354607	0.354648	0.354688	0.354529	0.354369	0.354235	0.354102	0.353904	0.353707	0.353533	0.353358	0.353226	0.353094	0.352969	0.352843	0.352829	0.352815	0.352782	
0.376432	0.376393	0.376491	0.376588	0.376617	0.376645	0.376811	0.376977	0.377065	0.377153	0.377347	0.37754	0.377649	0.377757	0.377915	0.378072	0.378113	0.378154	0.378198	0.378242	0.378127	0.378012	0.377934	0.377856	0.377707	0.377558	0.37748	0.377403	0.377432	0.377462	0.37733	0.377197	0.377225	0.377252	0.377276	0.3773	0.377373	0.377446	0.377497	0.377549	0.377766	0.377983	0.378012	0.378041	0.378166	0.378291	0.378193	0.378096	0.378043	0.377991	0.377828	0.377666	0.377525	0.377384	0.377239	0.377095	0.376952	0.376809	0.376731	0.376653	0.376553	0.376452	0.376461	0.37647	0.376432	
0.400082	0.400039	0.400123	0.400207	0.4002	0.400193	0.400322	0.40045	0.400495	0.40054	0.400708	0.400876	0.400981	0.401085	0.401278	0.40147	0.401592	0.401713	0.401871	0.402028	0.402028	0.402027	0.402073	0.402118	0.401931	0.401745	0.401753	0.401761	0.4016	0.401439	0.401303	0.401167	0.401169	0.401172	0.401314	0.401457	0.401648	0.401839	0.401826	0.401812	0.402011	0.402211	0.402107	0.402004	0.401987	0.40197	0.401777	0.401584	0.401439	0.401293	0.401128	0.400962	0.400814	0.400666	0.400574	0.400483	0.400371	0.400259	0.400236	0.400212	0.400136	0.400061	0.400093	0.400125	0.400082	
0.424164	0.424123	0.424178	0.424232	0.424192	0.424153	0.424215	0.424278	0.424256	0.424233	0.424312	0.424391	0.424412	0.424433	0.424542	0.424652	0.424723	0.424794	0.424919	0.425045	0.42509	0.425134	0.425215	0.425297	0.425206	0.425114	0.425159	0.425204	0.425078	0.424953	0.42497	0.424987	0.425046	0.425105	0.4251	0.425096	0.42518	0.425265	0.425207	0.425148	0.425226	0.425305	0.425179	0.425054	0.424987	0.424919	0.424796	0.424673	0.424568	0.424464	0.424409	0.424354	0.424283	0.424211	0.424214	0.424217	0.424173	0.424128	0.42416	0.424191	0.424153	0.424115	0.42416	0.424205	0.424164	
0.448246	0.448207	0.448233	0.448258	0.448185	0.448112	0.448109	0.448106	0.448016	0.447927	0.447917	0.447907	0.447843	0.44778	0.447807	0.447833	0.447854	0.447874	0.447968	0.448063	0.448152	0.448241	0.448358	0.448476	0.44848	0.448483	0.448565	0.448646	0.448557	0.448467	0.448638	0.448808	0.448923	0.449037	0.448886	0.448735	0.448713	0.448691	0.448588	0.448485	0.448442	0.448398	0.448252	0.448105	0.447986	0.447868	0.447815	0.447761	0.447698	0.447635	0.447691	0.447747	0.447751	0.447756	0.447854	0.447952	0.447975	0.447997	0.448084	0.44817	0.44817	0.44817	0.448227	0.448284	0.448246	
0.472501	0.47247	0.472479	0.472487	0.472418	0.472348	0.472319	0.472289	0.472188	0.472086	0.472033	0.471979	0.471873	0.471767	0.471725	0.471682	0.471627	0.471571	0.471577	0.471583	0.471602	0.471621	0.471666	0.471712	0.471722	0.471733	0.47174	0.471746	0.47167	0.471593	0.471827	0.472061	0.472072	0.472083	0.472042	0.472002	0.471969	0.471936	0.471883	0.471831	0.471771	0.47171	0.471651	0.471591	0.471532	0.471474	0.47152	0.471567	0.471571	0.471574	0.471695	0.471815	0.47186	0.471905	0.472031	0.472157	0.472197	0.472237	0.472328	0.47242	0.472427	0.472435	0.472484	0.472533	0.472501	
0.496757	0.496732	0.496725	0.496717	0.49665	0.496583	0.496528	0.496473	0.496359	0.496245	0.496148	0.496052	0.495903	0.495754	0.495643	0.495532	0.495399	0.495267	0.495185	0.495103	0.495052	0.495001	0.494974	0.494947	0.494964	0.494982	0.494914	0.494847	0.494783	0.494719	0.495017	0.495314	0.495221	0.495128	0.495198	0.495268	0.495224	0.49518	0.495179	0.495177	0.495099	0.495022	0.49505	0.495078	0.495078	0.495079	0.495226	0.495373	0.495443	0.495514	0.495699	0.495884	0.495969	0.496054	0.496208	0.496362	0.496419	0.496476	0.496572	0.496669	0.496684	0.4967	0.496741	0.496782	0.496757	
0.520585	0.520563	0.520564	0.520565	0.520522	0.52048	0.520453	0.520426	0.520354	0.520281	0.520225	0.520168	0.520064	0.519961	0.519887	0.519813	0.519698	0.519583	0.519527	0.519471	0.519382	0.519294	0.519299	0.519304	0.519261	0.519218	0.519284	0.51935	0.519196	0.519041	0.519172	0.519302	0.519136	0.51897	0.519272	0.519574	0.519546	0.519518	0.519512	0.519506	0.519423	0.51934	0.519422	0.519504	0.519487	0.51947	0.51962	0.51977	0.519794	0.519818	0.51997	0.520121	0.520151	0.520181	0.520292	0.520403	0.520418	0.520433	0.520496	0.52056	0.520555	0.520551	0.520579	0.520607	0.520585	
0.544413	0.544394	0.544403	0.544413	0.544394	0.544376	0.544377	0.544379	0.544348	0.544318	0.544301	0.544284	0.544226	0.544168	0.544131	0.544094	0.543997	0.5439	0.543869	0.543838	0.543712	0.543586	0.543624	0.543661	0.543557	0.543454	0.543654	0.543854	0.543609	0.543364	0.543327	0.543289	0.54305	0.542812	0.543346	0.54388	0.543868	0.543856	0.543846	0.543835	0.543747	0.543658	0.543795	0.543931	0.543896	0.54386	0.544014	0.544167	0.544145	0.544123	0.544241	0.544359	0.544333	0.544308	0.544376	0.544444	0.544417	0.544389	0.54442	0.544451	0.544427	0.544402	0.544417	0.544432	0.544413	
0.567445	0.567427	0.567449	0.567471	0.567458	0.567445	0.567474	0.567503	0.567489	0.567474	0.567501	0.567529	0.567501	0.567473	0.567491	0.56751	0.567456	0.567402	0.567413	0.567425	0.567339	0.567252	0.567287	0.567322	0.567222	0.567122	0.567229	0.567336	0.567461	0.567587	0.567771	0.567955	0.567872	0.56779	0.567751	0.567712	0.567388	0.567064	0.567152	0.56724	0.567193	0.567146	0.567274	0.567402	0.567365	0.567327	0.567428	0.567528	0.567489	0.567449	0.567507	0.567565	0.567526	0.567487	0.567513	0.567538	0.567504	0.567469	0.56748	0.567491	0.567465	0.567438	0.567451	0.567463	0.567445	
0.590478	0.590461	0.590495	0.590528	0.590521	0.590514	0.590571	0.590628	0.590629	0.59063	0.590702	0.590774	0.590776	0.590779	0.590852	0.590925	0.590915	0.590904	0.590958	0.591011	0.590965	0.590918	0.590951	0.590984	0.590887	0.59079	0.590804	0.590819	0.591314	0.591809	0.592215	0.592621	0.592695	0.592768	0.592157	0.591545	0.590908	0.590271	0.590458	0.590645	0.590639	0.590633	0.590753	0.590873	0.590834	0.590794	0.590842	0.59089	0.590832	0.590775	0.590774	0.590772	0.590719	0.590666	0.590649	0.590632	0.590591	0.590549	0.59054	0.590531	0.590503	0.590475	0.590484	0.590494	0.590478	
0.612999	0.612984	0.613011	0.613038	0.613008	0.612979	0.613018	0.613058	0.613017	0.612975	0.613026	0.613076	0.613025	0.612975	0.61303	0.613086	0.613028	0.612969	0.613016	0.613062	0.613	0.612937	0.612952	0.612967	0.612906	0.612845	0.612792	0.612738	0.612637	0.612535	0.612285	0.612034	0.611998	0.611961	0.611929	0.611898	0.612147	0.612396	0.612552	0.612709	0.612718	0.612728	0.612793	0.612858	0.612883	0.612909	0.612915	0.612921	0.612948	0.612975	0.612959	0.612944	0.612965	0.612987	0.612974	0.612962	0.612975	0.612988	0.612987	0.612986	0.612987	0.612988	0.613	0.613013	0.612999	
0.63552	0.635507	0.635527	0.635547	0.635495	0.635443	0.635466	0.635489	0.635405	0.635321	0.63535	0.635378	0.635275	0.635171	0.635208	0.635246	0.63514	0.635034	0.635074	0.635113	0.635034	0.634955	0.634953	0.63495	0.634925	0.634901	0.634779	0.634657	0.633959	0.633261	0.632354	0.631448	0.631301	0.631153	0.631702	0.63225	0.633385	0.63452	0.634646	0.634772	0.634798	0.634823	0.634833	0.634842	0.634933	0.635024	0.634988	0.634951	0.635063	0.635174	0.635144	0.635115	0.635211	0.635307	0.6353	0.635293	0.635359	0.635426	0.635434	0.635442	0.635471	0.635501	0.635516	0.635532	0.63552	
0.658254	0.658246	0.658248	0.658251	0.658195	0.658139	0.658133	0.658126	0.658036	0.657945	0.657936	0.657927	0.657827	0.657726	0.657722	0.657718	0.657643	0.657568	0.657571	0.657574	0.657565	0.657555	0.657555	0.657556	0.657609	0.657662	0.657711	0.65776	0.657634	0.657508	0.657162	0.656817	0.656777	0.656737	0.656815	0.656893	0.657289	0.657685	0.657681	0.657677	0.657636	0.657594	0.657591	0.657588	0.657621	0.657654	0.657634	0.657614	0.657699	0.657784	0.657773	0.657763	0.657861	0.65796	0.657966	0.657972	0.658052	0.658131	0.658146	0.65816	0.6582	0.65824	0.658252	0.658263	0.658254	
0.680989	0.680984	0.680969	0.680955	0.680895	0.680835	0.680799	0.680764	0.680667	0.68057	0.680523	0.680476	0.680379	0.680281	0.680236	0.68019	0.680146	0.680102	0.680069	0.680036	0.680095	0.680154	0.680158	0.680162	0.680293	0.680423	0.680643	0.680862	0.681308	0.681804	0.682006	0.682136	0.682312	0.682334	0.681936	0.681551	0.681306	0.680849	0.680716	0.680583	0.680474	0.680364	0.680349	0.680334	0.680309	0.680284	0.68028	0.680276	0.680335	0.680394	0.680403	0.680411	0.680512	0.680612	0.680632	0.680652	0.680745	0.680837	0.680858	0.680878	0.680929	0.68098	0.680987	0.680994	0.680989	
0.704425	0.704434	0.704404	0.704375	0.704354	0.704334	0.70429	0.704245	0.704215	0.704184	0.704137	0.704089	0.704079	0.704069	0.704034	0.703999	0.704037	0.704075	0.704064	0.704053	0.704141	0.70423	0.704252	0.704274	0.704367	0.70446	0.704488	0.704516	0.704598	0.704566	0.704521	0.70465	0.704683	0.704708	0.704797	0.704848	0.704736	0.704625	0.704583	0.70454	0.704499	0.704459	0.704394	0.704329	0.704299	0.704269	0.704229	0.704189	0.7042	0.70421	0.704189	0.704169	0.704217	0.704265	0.704258	0.704251	0.704309	0.704368	0.704364	0.70436	0.704401	0.704442	0.704429	0.704416	0.704425	
0.727862	0.727885	0.72784	0.727795	0.727814	0.727833	0.72778	0.727726	0.727762	0.727798	0.72775	0.727702	0.72778	0.727857	0.727833	0.727808	0.727929	0.728049	0.72806	0.72807	0.728188	0.728305	0.728345	0.728385	0.728441	0.728496	0.728333	0.72817	0.727887	0.727622	0.727361	0.727079	0.726968	0.72719	0.72764	0.727913	0.728206	0.728401	0.728449	0.728497	0.728525	0.728554	0.728439	0.728325	0.728289	0.728254	0.728178	0.728102	0.728064	0.728026	0.727976	0.727926	0.727922	0.727918	0.727884	0.727849	0.727874	0.727898	0.72787	0.727843	0.727873	0.727904	0.727871	0.727839	0.727862	
0.751897	0.751937	0.751886	0.751836	0.751892	0.751949	0.751905	0.751861	0.751945	0.752029	0.752002	0.751975	0.752091	0.752206	0.752204	0.752203	0.752327	0.75245	0.752468	0.752486	0.752565	0.752644	0.752663	0.752683	0.752688	0.752693	0.752706	0.752718	0.752587	0.752513	0.752538	0.752414	0.75248	0.752587	0.75258	0.752567	0.75271	0.752984	0.75286	0.752737	0.752787	0.752837	0.752744	0.752652	0.752625	0.752599	0.752518	0.752437	0.752388	0.752339	0.752268	0.752198	0.752167	0.752137	0.752076	0.752016	0.752016	0.752016	0.751964	0.751911	0.751935	0.751959	0.751908	0.751858	0.751897	
0.775933	0.775989	0.775933	0.775877	0.775971	0.776065	0.77603	0.775995	0.776127	0.776259	0.776253	0.776248	0.776401	0.776555	0.776576	0.776597	0.776725	0.776852	0.776876	0.776901	0.776942	0.776983	0.776981	0.77698	0.776935	0.776891	0.777079	0.777266	0.777287	0.777235	0.777381	0.777589	0.77772	0.777632	0.777349	0.777221	0.777116	0.777566	0.777272	0.776977	0.777048	0.77712	0.77705	0.77698	0.776961	0.776943	0.776857	0.776771	0.776712	0.776653	0.776561	0.776469	0.776412	0.776356	0.776269	0.776183	0.776159	0.776135	0.776058	0.77598	0.775997	0.776014	0.775945	0.775876	0.775933	
0.800072	0.800139	0.800078	0.800017	0.800113	0.800208	0.800166	0.800123	0.800237	0.80035	0.800325	0.800301	0.800405	0.800509	0.800488	0.800467	0.800519	0.800571	0.80053	0.800489	0.800476	0.800462	0.800392	0.800321	0.800318	0.800314	0.800219	0.800124	0.800144	0.800319	0.800354	0.800451	0.800408	0.800346	0.800285	0.800279	0.80026	0.800274	0.800309	0.800344	0.800417	0.80049	0.800497	0.800503	0.80054	0.800576	0.800542	0.800507	0.800513	0.800518	0.800456	0.800393	0.800385	0.800377	0.800301	0.800226	0.800231	0.800236	0.800159	0.800082	0.800116	0.80015	0.800077	0.800005	0.800072	
0.824211	0.824288	0.824223	0.824158	0.824255	0.824351	0.824301	0.824251	0.824346	0.824441	0.824398	0.824354	0.824408	0.824462	0.824399	0.824336	0.824314	0.824291	0.824184	0.824078	0.824009	0.823941	0.823802	0.823663	0.823701	0.823738	0.82336	0.822982	0.823001	0.82302	0.823071	0.823121	0.822954	0.822787	0.822847	0.822906	0.822944	0.822981	0.823345	0.82371	0.823785	0.82386	0.823944	0.824027	0.824118	0.824208	0.824226	0.824244	0.824314	0.824383	0.82435	0.824317	0.824357	0.824398	0.824334	0.82427	0.824303	0.824337	0.82426	0.824184	0.824235	0.824286	0.82421	0.824133	0.824211	
0.848094	0.84817	0.848101	0.848033	0.848101	0.848168	0.848102	0.848036	0.848072	0.848108	0.848037	0.847966	0.84794	0.847914	0.847826	0.847738	0.847644	0.84755	0.84745	0.84735	0.847254	0.847158	0.847086	0.847013	0.847021	0.847029	0.846982	0.846935	0.846825	0.846714	0.846698	0.846681	0.846645	0.846609	0.846582	0.846556	0.846677	0.846799	0.846836	0.846874	0.846996	0.847118	0.847164	0.84721	0.847356	0.847503	0.84753	0.847557	0.847693	0.847828	0.847822	0.847816	0.847921	0.848026	0.847989	0.847953	0.848035	0.848116	0.848059	0.848002	0.848077	0.848153	0.848085	0.848018	0.848094	
0.871977	0.872051	0.87198	0.871909	0.871947	0.871985	0.871902	0.87182	0.871797	0.871774	0.871676	0.871578	0.871472	0.871365	0.871253	0.87114	0.870975	0.87081	0.870716	0.870622	0.870499	0.870376	0.870369	0.870362	0.870341	0.87032	0.870604	0.870888	0.870649	0.870409	0.870325	0.870241	0.870336	0.870431	0.870318	0.870206	0.870411	0.870617	0.870327	0.870037	0.870207	0.870376	0.870384	0.870392	0.870595	0.870798	0.870834	0.87087	0.871072	0.871273	0.871294	0.871316	0.871485	0.871654	0.871645	0.871636	0.871766	0.871896	0.871858	0.87182	0.87192	0.87202	0.871961	0.871903	0.871977	
0.895593	0.895657	0.895589	0.89552	0.895533	0.895545	0.89546	0.895374	0.895322	0.89527	0.895173	0.895076	0.894965	0.894855	0.894763	0.894672	0.89456	0.894448	0.894402	0.894356	0.894341	0.894326	0.894356	0.894386	0.894455	0.894524	0.894631	0.894739	0.894607	0.894475	0.894359	0.894243	0.894361	0.894479	0.894413	0.894347	0.894389	0.894431	0.894304	0.894176	0.894202	0.894228	0.894219	0.89421	0.894323	0.894436	0.894455	0.894474	0.894638	0.894802	0.894821	0.89484	0.895007	0.895175	0.895176	0.895177	0.895319	0.895461	0.895437	0.895413	0.895519	0.895625	0.895577	0.895529	0.895593	
0.919209	0.919263	0.919197	0.919131	0.919118	0.919105	0.919017	0.918928	0.918847	0.918767	0.91867	0.918573	0.918459	0.918344	0.918274	0.918203	0.918145	0.918086	0.918088	0.91809	0.918183	0.918277	0.918344	0.918411	0.918569	0.918728	0.918659	0.91859	0.918565	0.91854	0.918392	0.918244	0.918386	0.918528	0.918509	0.918489	0.918367	0.918245	0.91828	0.918315	0.918198	0.91808	0.918054	0.918027	0.91805	0.918074	0.918076	0.918079	0.918205	0.918331	0.918347	0.918364	0.91853	0.918696	0.918707	0.918718	0.918872	0.919025	0.919016	0.919006	0.919118	0.91923	0.919192	0.919154	0.919209	
0.942714	0.942755	0.942701	0.942647	0.942625	0.942603	0.942531	0.94246	0.942388	0.942317	0.942246	0.942175	0.942103	0.94203	0.941989	0.941947	0.941958	0.941968	0.94197	0.941973	0.942109	0.942245	0.942239	0.942233	0.942344	0.942455	0.942322	0.94219	0.942019	0.941847	0.941755	0.941662	0.941703	0.941743	0.941857	0.941971	0.941982	0.941993	0.942055	0.942117	0.941997	0.941877	0.941902	0.941926	0.941884	0.941842	0.941862	0.941881	0.941943	0.942005	0.942021	0.942037	0.942159	0.942281	0.94229	0.942299	0.942428	0.942556	0.942549	0.942543	0.942638	0.942734	0.942704	0.942674	0.942714	
0.96622	0.966247	0.966204	0.966162	0.966131	0.9661	0.966046	0.965992	0.965929	0.965866	0.965822	0.965777	0.965747	0.965716	0.965704	0.965691	0.965771	0.96585	0.965853	0.965856	0.966034	0.966212	0.966134	0.966055	0.966118	0.966181	0.965986	0.965791	0.965473	0.965154	0.965117	0.96508	0.965019	0.964958	0.965205	0.965452	0.965596	0.965741	0.965829	0.965918	0.965796	0.965674	0.965749	0.965824	0.965717	0.965611	0.965647	0.965684	0.965682	0.96568	0.965695	0.96571	0.965788	0.965867	0.965874	0.96588	0.965984	0.966087	0.966083	0.96608	0.966159	0.966238	0.966216	0.966194	0.96622	
0.989722	0.989735	0.989708	0.989681	0.98965	0.98962	0.989586	0.989551	0.989508	0.989465	0.989437	0.989409	0.989412	0.989414	0.989401	0.989388	0.989485	0.989581	0.989555	0.989529	0.989669	0.98981	0.989712	0.989614	0.989595	0.989577	0.98948	0.989384	0.989218	0.989053	0.989096	0.98914	0.989056	0.988971	0.989126	0.98928	0.989374	0.989467	0.989481	0.989496	0.989428	0.989361	0.989423	0.989486	0.989376	0.989266	0.989323	0.989381	0.989344	0.989306	0.98934	0.989375	0.989412	0.989449	0.989466	0.989482	0.989551	0.989619	0.989622	0.989626	0.98968	0.989734	0.989722	0.98971	0.989722	
1.01322	1.01322	1.01321	1.0132	1.01317	1.01314	1.01313	1.01311	1.01309	1.01306	1.01305	1.01304	1.01308	1.01311	1.0131	1.01308	1.0132	1.01331	1.01326	1.0132	1.0133	1.01341	1.01329	1.01317	1.01307	1.01297	1.01297	1.01298	1.01296	1.01295	1.01308	1.0132	1.01309	1.01298	1.01305	1.01311	1.01315	1.01319	1.01313	1.01307	1.01306	1.01305	1.0131	1.01315	1.01303	1.01292	1.013	1.01308	1.01301	1.01293	1.01299	1.01304	1.01304	1.01303	1.01306	1.01308	1.01312	1.01315	1.01316	1.01317	1.0132	1.01323	1.01323	1.01323	1.01322	
1.03673	1.03672	1.03672	1.03672	1.03669	1.03666	1.03666	1.03666	1.03664	1.03663	1.03662	1.03661	1.03666	1.0367	1.03668	1.03666	1.03676	1.03686	1.03681	1.03675	1.03682	1.0369	1.03682	1.03675	1.03665	1.03655	1.03655	1.03655	1.03655	1.03656	1.03654	1.03652	1.03645	1.03637	1.03649	1.03661	1.03669	1.03677	1.03675	1.03674	1.03675	1.03676	1.03675	1.03674	1.03664	1.03654	1.0366	1.03665	1.03657	1.03649	1.03655	1.03661	1.03658	1.03656	1.0366	1.03664	1.03665	1.03666	1.03668	1.03671	1.03671	1.03672	1.03673	1.03675	1.03673	
1.06024	1.06022	1.06023	1.06025	1.06022	1.06019	1.0602	1.0602	1.0602	1.06019	1.06019	1.06019	1.06024	1.06028	1.06026	1.06023	1.06032	1.06042	1.06036	1.0603	1.06035	1.06039	1.06036	1.06032	1.06023	1.06013	1.06013	1.06012	1.06014	1.06016	1.06	1.05984	1.0598	1.05976	1.05993	1.06011	1.06023	1.06035	1.06037	1.0604	1.06044	1.06047	1.06041	1.06034	1.06025	1.06017	1.0602	1.06023	1.06014	1.06004	1.06011	1.06018	1.06013	1.06008	1.06014	1.06019	1.06018	1.06016	1.0602	1.06024	1.06023	1.06022	1.06024	1.06027	1.06024	
1.08373	1.0837	1.08372	1.08375	1.08372	1.08369	1.0837	1.08371	1.08371	1.08371	1.08371	1.0837	1.08375	1.0838	1.08378	1.08375	1.08383	1.08392	1.08387	1.08383	1.08385	1.08386	1.08383	1.0838	1.08367	1.08355	1.08348	1.08342	1.08341	1.0834	1.08322	1.08304	1.08306	1.08307	1.08319	1.08331	1.08346	1.08361	1.0837	1.08379	1.0839	1.08401	1.08395	1.08389	1.08384	1.08379	1.08379	1.08379	1.08369	1.0836	1.08365	1.08371	1.08364	1.08357	1.08364	1.0837	1.08367	1.08363	1.08369	1.08374	1.08371	1.08369	1.08372	1.08376	1.08373	
1.10722	1.10718	1.10721	1.10725	1.10722	1.10719	1.1072	1.10722	1.10722	1.10723	1.10722	1.10722	1.10727	1.10732	1.1073	1.10727	1.10735	1.10742	1.10739	1.10736	1.10735	1.10734	1.10731	1.10728	1.10712	1.10696	1.10684	1.10672	1.10668	1.10665	1.10644	1.10624	1.10632	1.10639	1.10645	1.1065	1.10669	1.10687	1.10702	1.10717	1.10736	1.10755	1.10749	1.10744	1.10743	1.10741	1.10738	1.10735	1.10725	1.10715	1.10719	1.10724	1.10715	1.10707	1.10714	1.10722	1.10716	1.10711	1.10717	1.10724	1.1072	1.10715	1.10721	1.10726	1.10722	
1.13068	1.13064	1.13068	1.13072	1.13069	1.13066	1.13069	1.13071	1.13072	1.13073	1.13073	1.13073	1.13078	1.13083	1.13081	1.1308	1.13085	1.1309	1.13087	1.13084	1.13079	1.13074	1.13068	1.13062	1.13044	1.13027	1.13013	1.12998	1.13003	1.13007	1.13002	1.12997	1.13007	1.13017	1.13003	1.1299	1.13	1.1301	1.13026	1.13042	1.13065	1.13087	1.13087	1.13087	1.13091	1.13094	1.13091	1.13088	1.1308	1.13072	1.13074	1.13077	1.13068	1.13058	1.13065	1.13072	1.13065	1.13057	1.13065	1.13072	1.13066	1.13061	1.13067	1.13073	1.13068	
1.15415	1.15409	1.15415	1.1542	1.15417	1.15414	1.15417	1.1542	1.15421	1.15423	1.15423	1.15424	1.15429	1.15434	1.15433	1.15432	1.15435	1.15438	1.15436	1.15433	1.15424	1.15414	1.15405	1.15396	1.15377	1.15358	1.15341	1.15324	1.15337	1.1535	1.1536	1.1537	1.15382	1.15394	1.15362	1.1533	1.15332	1.15334	1.1535	1.15367	1.15393	1.1542	1.15425	1.1543	1.15439	1.15448	1.15445	1.15441	1.15435	1.15428	1.1543	1.15431	1.1542	1.1541	1.15416	1.15422	1.15413	1.15404	1.15412	1.1542	1.15413	1.15406	1.15413	1.1542	1.15415	
1.17761	1.17756	1.17761	1.17767	1.17765	1.17763	1.17766	1.17769	1.17772	1.17774	1.17775	1.17776	1.1778	1.17785	1.17784	1.17783	1.17783	1.17784	1.17779	1.17775	1.17763	1.17751	1.17741	1.17731	1.17716	1.17701	1.17691	1.17681	1.17698	1.17716	1.17732	1.17747	1.17759	1.17771	1.17734	1.17697	1.17693	1.17689	1.17697	1.17706	1.17728	1.1775	1.17758	1.17765	1.17778	1.17791	1.1779	1.17789	1.17786	1.17783	1.17784	1.17785	1.17774	1.17764	1.1777	1.17775	1.17765	1.17754	1.17762	1.17769	1.17761	1.17753	1.1776	1.17767	1.17761	
1.20108	1.20102	1.20108	1.20114	1.20113	1.20111	1.20115	1.20119	1.20122	1.20125	1.20127	1.20128	1.20132	1.20136	1.20135	1.20134	1.20131	1.20129	1.20123	1.20118	1.20103	1.20088	1.20077	1.20065	1.20055	1.20044	1.20041	1.20037	1.20059	1.20082	1.20104	1.20125	1.20136	1.20147	1.20106	1.20064	1.20054	1.20044	1.20044	1.20044	1.20062	1.20081	1.20091	1.20101	1.20118	1.20135	1.20136	1.20138	1.20137	1.20137	1.20138	1.20138	1.20128	1.20118	1.20123	1.20127	1.20116	1.20104	1.20111	1.20118	1.20109	1.20099	1.20107	1.20114	1.20108	
1.22458	1.22452	1.22458	1.22464	1.22464	1.22463	1.22467	1.22471	1.22475	1.22478	1.2248	1.22481	1.22484	1.22487	1.22485	1.22483	1.22478	1.22473	1.22467	1.2246	1.22446	1.22432	1.22423	1.22413	1.2241	1.22406	1.22409	1.22412	1.22433	1.22455	1.22471	1.22487	1.22496	1.22505	1.22472	1.2244	1.22429	1.22419	1.22411	1.22403	1.22414	1.22425	1.22433	1.22442	1.22458	1.22475	1.22479	1.22482	1.22485	1.22488	1.2249	1.22491	1.22482	1.22474	1.22478	1.22482	1.2247	1.22457	1.22464	1.2247	1.2246	1.2245	1.22457	1.22464	1.22458	
1.24808	1.24802	1.24808	1.24814	1.24814	1.24814	1.24819	1.24824	1.24827	1.24831	1.24833	1.24835	1.24836	1.24837	1.24835	1.24833	1.24825	1.24818	1.2481	1.24803	1.24789	1.24775	1.24768	1.24762	1.24765	1.24768	1.24778	1.24787	1.24807	1.24827	1.24838	1.24849	1.24856	1.24863	1.24839	1.24815	1.24805	1.24794	1.24778	1.24762	1.24766	1.24769	1.24776	1.24783	1.24799	1.24815	1.24821	1.24827	1.24833	1.24839	1.24841	1.24844	1.24837	1.24829	1.24833	1.24836	1.24823	1.24811	1.24817	1.24822	1.24811	1.248	1.24807	1.24813	1.24808	
1.27162	1.27156	1.27162	1.27168	1.27169	1.27169	1.27174	1.27179	1.27182	1.27185	1.27187	1.27188	1.27188	1.27188	1.27185	1.27182	1.27173	1.27164	1.27157	1.2715	1.2714	1.27129	1.27126	1.27122	1.27129	1.27136	1.27148	1.2716	1.27176	1.27191	1.27196	1.27201	1.27206	1.27211	1.27197	1.27182	1.27174	1.27165	1.27148	1.27131	1.27129	1.27128	1.27131	1.27134	1.27147	1.27161	1.27167	1.27174	1.27181	1.27188	1.27191	1.27195	1.2719	1.27185	1.27188	1.27191	1.27179	1.27168	1.27172	1.27177	1.27166	1.27155	1.27161	1.27167	1.27162	
1.29516	1.2951	1.29516	1.29522	1.29523	1.29524	1.29529	1.29533	1.29536	1.29539	1.2954	1.29542	1.2954	1.29538	1.29535	1.29531	1.29521	1.29511	1.29505	1.29498	1.2949	1.29482	1.29483	1.29483	1.29494	1.29505	1.29519	1.29533	1.29544	1.29555	1.29554	1.29553	1.29556	1.29559	1.29554	1.29549	1.29543	1.29537	1.29518	1.29499	1.29492	1.29486	1.29486	1.29486	1.29496	1.29506	1.29513	1.2952	1.29528	1.29537	1.29542	1.29546	1.29543	1.2954	1.29543	1.29546	1.29535	1.29524	1.29528	1.29532	1.29521	1.2951	1.29516	1.29521	1.29516	
1.31873	1.31868	1.31874	1.3188	1.3188	1.31881	1.31885	1.3189	1.31892	1.31894	1.31895	1.31896	1.31893	1.3189	1.31886	1.31882	1.31873	1.31864	1.31859	1.31853	1.31848	1.31843	1.31846	1.31849	1.3186	1.31872	1.31884	1.31896	1.31904	1.31912	1.31908	1.31905	1.31907	1.31909	1.31909	1.31908	1.31904	1.319	1.31883	1.31867	1.31859	1.31851	1.31848	1.31846	1.31852	1.31859	1.31865	1.31871	1.31879	1.31887	1.31893	1.31898	1.31897	1.31895	1.31898	1.31902	1.31892	1.31882	1.31886	1.31889	1.31879	1.31869	1.31874	1.31878	1.31873	
1.34231	1.34226	1.34232	1.34237	1.34237	1.34238	1.34242	1.34247	1.34248	1.3425	1.3425	1.3425	1.34246	1.34243	1.34238	1.34234	1.34225	1.34216	1.34212	1.34208	1.34206	1.34205	1.3421	1.34215	1.34227	1.34239	1.34249	1.3426	1.34265	1.34269	1.34263	1.34257	1.34258	1.34259	1.34263	1.34267	1.34265	1.34263	1.34249	1.34235	1.34225	1.34215	1.3421	1.34205	1.34208	1.34211	1.34217	1.34223	1.3423	1.34238	1.34244	1.3425	1.3425	1.3425	1.34254	1.34257	1.34249	1.3424	1.34243	1.34246	1.34237	1.34227	1.34232	1.34236	1.34231	
1.36591	1.36587	1.36591	1.36596	1.36596	1.36597	1.366	1.36604	1.36605	1.36606	1.36606	1.36606	1.36601	1.36597	1.36593	1.36589	1.36582	1.36574	1.36572	1.36569	1.36569	1.36568	1.36574	1.3658	1.36591	1.36601	1.36609	1.36618	1.3662	1.36623	1.36618	1.36612	1.36613	1.36613	1.36618	1.36622	1.36621	1.3662	1.36609	1.36598	1.36589	1.3658	1.36575	1.36569	1.3657	1.36571	1.36575	1.36579	1.36586	1.36593	1.36598	1.36604	1.36605	1.36606	1.36609	1.36613	1.36606	1.36599	1.36602	1.36604	1.36596	1.36588	1.36591	1.36595	1.36591	
1.3895	1.38947	1.38951	1.38955	1.38955	1.38956	1.38959	1.38961	1.38962	1.38962	1.38961	1.38961	1.38957	1.38952	1.38948	1.38945	1.38938	1.38932	1.38931	1.38929	1.38931	1.38932	1.38939	1.38946	1.38954	1.38963	1.38969	1.38976	1.38976	1.38977	1.38972	1.38967	1.38967	1.38967	1.38972	1.38977	1.38977	1.38976	1.38969	1.38961	1.38953	1.38945	1.38939	1.38932	1.38931	1.3893	1.38933	1.38936	1.38942	1.38947	1.38953	1.38958	1.3896	1.38962	1.38965	1.38968	1.38963	1.38958	1.3896	1.38962	1.38955	1.38948	1.38951	1.38954	1.3895	
1.41311	1.41308	1.41311	1.41314	1.41314	1.41315	1.41317	1.41319	1.41319	1.41319	1.41319	1.41318	1.41314	1.4131	1.41307	1.41304	1.41299	1.41294	1.41294	1.41293	1.41295	1.41297	1.41302	1.41308	1.41315	1.41322	1.41327	1.41331	1.41331	1.41332	1.41328	1.41324	1.41324	1.41323	1.41328	1.41332	1.41332	1.41331	1.41326	1.41321	1.41314	1.41308	1.41302	1.41297	1.41295	1.41293	1.41295	1.41298	1.41302	1.41306	1.41311	1.41315	1.41317	1.41319	1.41322	1.41325	1.41321	1.41317	1.41319	1.4132	1.41315	1.41309	1.41311	1.41314	1.41311	
1.43671	1.43669	1.43671	1.43674	1.43674	1.43674	1.43676	1.43677	1.43677	1.43676	1.43676	1.43675	1.43672	1.43669	1.43666	1.43664	1.4366	1.43657	1.43657	1.43656	1.43659	1.43661	1.43666	1.43671	1.43676	1.43681	1.43684	1.43686	1.43686	1.43686	1.43683	1.43681	1.4368	1.4368	1.43683	1.43687	1.43687	1.43687	1.43683	1.4368	1.43675	1.4367	1.43665	1.43661	1.43658	1.43656	1.43658	1.43659	1.43662	1.43665	1.43669	1.43673	1.43674	1.43676	1.43678	1.43681	1.43678	1.43676	1.43677	1.43678	1.43674	1.4367	1.43672	1.43673	1.43671	
1.46031	1.4603	1.46031	1.46033	1.46033	1.46033	1.46034	1.46035	1.46035	1.46035	1.46034	1.46034	1.46031	1.46029	1.46027	1.46026	1.46024	1.46021	1.46021	1.46021	1.46023	1.46025	1.46028	1.46031	1.46035	1.46038	1.4604	1.46041	1.46041	1.46041	1.46039	1.46038	1.46037	1.46037	1.46039	1.46041	1.46041	1.46041	1.46039	1.46037	1.46034	1.46031	1.46028	1.46024	1.46023	1.46021	1.46022	1.46023	1.46025	1.46027	1.46029	1.46032	1.46033	1.46034	1.46036	1.46038	1.46036	1.46034	1.46035	1.46036	1.46033	1.4603	1.46032	1.46033	1.46031	
1.48391	1.48391	1.48391	1.48392	1.48392	1.48392	1.48393	1.48393	1.48393	1.48393	1.48392	1.48392	1.48391	1.4839	1.48389	1.48388	1.48387	1.48386	1.48386	1.48386	1.48387	1.48388	1.4839	1.48392	1.48393	1.48395	1.48396	1.48396	1.48396	1.48396	1.48395	1.48394	1.48394	1.48394	1.48395	1.48396	1.48396	1.48396	1.48395	1.48395	1.48393	1.48391	1.4839	1.48388	1.48387	1.48386	1.48386	1.48387	1.48387	1.48388	1.4839	1.48391	1.48392	1.48392	1.48393	1.48394	1.48394	1.48393	1.48393	1.48394	1.48392	1.48391	1.48392	1.48392	1.48391	
1.50751	1.50751	1.50751	1.50751	1.50751	1.50751	1.50751	1.50751	1.50751	1.50751	1.50751	1.50751	1.50751	1.50751	1.50751	1.50751	1.50751	1.50751	1.50751	1.50751	1.50751	1.50751	1.50751	1.50751	1.50751	1.50751	1.50751	1.50751	1.50751	1.50751	1.50751	1.50751	1.50751	1.50751	1.50751	1.50751	1.50751	1.50751	1.50751	1.50751	1.50751	1.50751	1.50751	1.50751	1.50751	1.50751	1.50751	1.50751	1.50751	1.50751	1.50751	1.50751	1.50751	1.50751	1.50751	1.50751	1.50751	1.50751	1.50751	1.50751	1.50751	1.50751	1.50751	1.50751	1.50751	
