x=200	y=95	z=200	n=65	len=1
b
0.714302	0.714293	0.714289	0.714286	0.714231	0.714176	0.714142	0.714107	0.714011	0.713915	0.713864	0.713814	0.713699	0.713584	0.713573	0.713563	0.713492	0.713421	0.713597	0.713773	0.713924	0.714074	0.714934	0.715794	0.716196	0.716598	0.717073	0.717549	0.714379	0.711209	0.711652	0.712095	0.713421	0.714747	0.715711	0.716676	0.715835	0.714994	0.715779	0.716564	0.716494	0.716424	0.715799	0.715175	0.714646	0.714117	0.713967	0.713818	0.71378	0.713743	0.713764	0.713785	0.713828	0.713872	0.713928	0.713984	0.714039	0.714094	0.714144	0.714194	0.714226	0.714257	0.714284	0.714311	0.714302	
0.714252	0.714248	0.71424	0.714231	0.714179	0.714128	0.714086	0.714043	0.713947	0.713851	0.713787	0.713724	0.713602	0.713479	0.713445	0.71341	0.713319	0.713228	0.71336	0.713491	0.713616	0.713742	0.714577	0.715412	0.716068	0.716724	0.717353	0.717981	0.713803	0.709625	0.710745	0.711864	0.71247	0.713075	0.714161	0.715248	0.715008	0.714769	0.71557	0.71637	0.716149	0.715928	0.715279	0.71463	0.714158	0.713686	0.713584	0.713483	0.713494	0.713506	0.713557	0.713609	0.713679	0.713749	0.713818	0.713886	0.713955	0.714024	0.714077	0.714129	0.714169	0.714208	0.714232	0.714256	0.714252	
0.714254	0.714249	0.714246	0.714242	0.714189	0.714136	0.714095	0.714054	0.713956	0.713857	0.713789	0.71372	0.71359	0.713461	0.713406	0.713351	0.713239	0.713126	0.71321	0.713293	0.713365	0.713437	0.714232	0.715026	0.715722	0.716417	0.717234	0.718051	0.713822	0.709592	0.711278	0.712965	0.713939	0.714912	0.714543	0.714173	0.714249	0.714326	0.715129	0.715933	0.715644	0.715354	0.7147	0.714047	0.713646	0.713246	0.713221	0.713195	0.713247	0.713298	0.713389	0.713479	0.713567	0.713655	0.713745	0.713836	0.713911	0.713986	0.714051	0.714116	0.714156	0.714196	0.714228	0.714259	0.714254	
0.714257	0.71425	0.714251	0.714252	0.714198	0.714143	0.714104	0.714065	0.713965	0.713864	0.71379	0.713716	0.713579	0.713442	0.713367	0.713292	0.713158	0.713024	0.71306	0.713095	0.713113	0.713131	0.713886	0.714641	0.715375	0.71611	0.717115	0.718121	0.71384	0.709559	0.711812	0.714065	0.715407	0.71675	0.714924	0.713098	0.71349	0.713883	0.714689	0.715496	0.715138	0.71478	0.714122	0.713463	0.713135	0.712807	0.712857	0.712908	0.712999	0.71309	0.71322	0.71335	0.713455	0.71356	0.713673	0.713785	0.713866	0.713948	0.714025	0.714103	0.714143	0.714184	0.714223	0.714263	0.714257	
0.714223	0.71422	0.714217	0.714215	0.714163	0.714111	0.714067	0.714023	0.713922	0.713821	0.713738	0.713655	0.713512	0.713368	0.713273	0.713177	0.713022	0.712866	0.712851	0.712835	0.712808	0.712782	0.713447	0.714113	0.714896	0.715679	0.716734	0.717789	0.714254	0.710718	0.712061	0.713404	0.715162	0.71692	0.714747	0.712573	0.71305	0.713527	0.714329	0.715132	0.714631	0.71413	0.713488	0.712846	0.712627	0.712408	0.712531	0.712653	0.712788	0.712922	0.713078	0.713235	0.713359	0.713484	0.713606	0.713727	0.713816	0.713906	0.713984	0.714062	0.714107	0.714152	0.714189	0.714226	0.714223	
0.714189	0.714189	0.714183	0.714177	0.714128	0.714078	0.714029	0.71398	0.713879	0.713779	0.713687	0.713594	0.713445	0.713295	0.713178	0.713061	0.712885	0.712709	0.712642	0.712575	0.712504	0.712432	0.713008	0.713585	0.714417	0.715248	0.716353	0.717457	0.714667	0.711877	0.71231	0.712744	0.714917	0.717091	0.714569	0.712047	0.712609	0.713171	0.71397	0.714768	0.714124	0.713481	0.712855	0.71223	0.71212	0.71201	0.712204	0.712399	0.712577	0.712755	0.712937	0.71312	0.713264	0.713408	0.713538	0.713668	0.713766	0.713864	0.713943	0.714022	0.714071	0.71412	0.714155	0.714189	0.714189	
0.714211	0.71421	0.714207	0.714204	0.714155	0.714106	0.714058	0.71401	0.713911	0.713811	0.713716	0.71362	0.713468	0.713317	0.713183	0.71305	0.712858	0.712667	0.712551	0.712435	0.712302	0.712169	0.712595	0.713021	0.713843	0.714664	0.715793	0.716921	0.714568	0.712215	0.712112	0.71201	0.713891	0.715772	0.713451	0.71113	0.712042	0.712955	0.713547	0.71414	0.713413	0.712687	0.71218	0.711673	0.711692	0.711711	0.711977	0.712244	0.712451	0.712658	0.712867	0.713075	0.713229	0.713383	0.713525	0.713668	0.713767	0.713866	0.713952	0.714037	0.714085	0.714134	0.714173	0.714211	0.714211	
0.714232	0.714231	0.714231	0.714231	0.714182	0.714133	0.714087	0.71404	0.713942	0.713844	0.713745	0.713645	0.713492	0.713339	0.713188	0.713038	0.712832	0.712626	0.71246	0.712294	0.7121	0.711907	0.712182	0.712458	0.713269	0.71408	0.715233	0.716385	0.714469	0.712553	0.711914	0.711276	0.712864	0.714453	0.712333	0.710213	0.711476	0.712738	0.713125	0.713512	0.712702	0.711893	0.711505	0.711117	0.711265	0.711412	0.71175	0.712088	0.712325	0.712562	0.712796	0.713031	0.713195	0.713359	0.713513	0.713667	0.713768	0.713868	0.71396	0.714052	0.7141	0.714147	0.71419	0.714233	0.714232	
0.714213	0.714214	0.714211	0.714209	0.714162	0.714116	0.714067	0.714018	0.713921	0.713824	0.71372	0.713617	0.713461	0.713305	0.713142	0.712978	0.712757	0.712537	0.712331	0.712125	0.711873	0.71162	0.711713	0.711807	0.712452	0.713097	0.714275	0.715452	0.714088	0.712723	0.711294	0.709864	0.710546	0.711228	0.710116	0.709005	0.710698	0.712392	0.712399	0.712407	0.711681	0.710955	0.710797	0.710638	0.71093	0.711222	0.711599	0.711976	0.712238	0.7125	0.712746	0.712991	0.713164	0.713336	0.713492	0.713647	0.71375	0.713854	0.713944	0.714034	0.714083	0.714132	0.714173	0.714213	0.714213	
0.714195	0.714196	0.714192	0.714187	0.714142	0.714098	0.714046	0.713995	0.7139	0.713804	0.713696	0.713588	0.71343	0.713271	0.713095	0.712918	0.712683	0.712447	0.712202	0.711956	0.711645	0.711333	0.711245	0.711156	0.711635	0.712114	0.713317	0.71452	0.713707	0.712894	0.710674	0.708453	0.708227	0.708002	0.707899	0.707797	0.709921	0.712046	0.711674	0.711302	0.71066	0.710017	0.710088	0.710159	0.710595	0.711032	0.711448	0.711863	0.712151	0.712438	0.712695	0.712951	0.713133	0.713314	0.713471	0.713627	0.713733	0.71384	0.713928	0.714016	0.714066	0.714117	0.714155	0.714193	0.714195	
0.714235	0.714236	0.714233	0.714231	0.714187	0.714144	0.714095	0.714045	0.713953	0.713861	0.713753	0.713645	0.71349	0.713335	0.713152	0.712969	0.71273	0.712491	0.712217	0.711942	0.711598	0.711253	0.710992	0.71073	0.710923	0.711115	0.712116	0.713116	0.71299	0.712863	0.710678	0.708493	0.707627	0.706762	0.707078	0.707394	0.709163	0.710931	0.710433	0.709935	0.709641	0.709347	0.709684	0.71002	0.710516	0.711012	0.711449	0.711886	0.712179	0.712471	0.712735	0.712998	0.713176	0.713355	0.713514	0.713673	0.713776	0.713878	0.713968	0.714058	0.714106	0.714154	0.714194	0.714234	0.714235	
0.714275	0.714275	0.714275	0.714275	0.714232	0.71419	0.714143	0.714095	0.714006	0.713918	0.713809	0.713701	0.71355	0.713399	0.713209	0.713019	0.712777	0.712535	0.712232	0.711928	0.71155	0.711172	0.710739	0.710305	0.71021	0.710116	0.710914	0.711713	0.712273	0.712832	0.710682	0.708532	0.707027	0.705523	0.706257	0.706991	0.708404	0.709816	0.709192	0.708567	0.708622	0.708677	0.709279	0.709881	0.710437	0.710992	0.71145	0.711909	0.712207	0.712505	0.712774	0.713044	0.71322	0.713396	0.713557	0.713718	0.713818	0.713917	0.714009	0.7141	0.714146	0.714191	0.714233	0.714275	0.714275	
0.714269	0.714271	0.714268	0.714266	0.714226	0.714186	0.714138	0.714089	0.714003	0.713918	0.71381	0.713702	0.713554	0.713407	0.713216	0.713024	0.712783	0.712541	0.712226	0.711911	0.711518	0.711124	0.71062	0.710115	0.709768	0.709422	0.709781	0.710141	0.711079	0.712017	0.710926	0.709835	0.707579	0.705323	0.705994	0.706664	0.707416	0.708168	0.707939	0.707711	0.708118	0.708526	0.709238	0.70995	0.710505	0.711059	0.711506	0.711954	0.712251	0.712549	0.71281	0.713071	0.713246	0.71342	0.713575	0.713729	0.713827	0.713926	0.714013	0.7141	0.714145	0.71419	0.714229	0.714268	0.714269	
0.714263	0.714266	0.714261	0.714257	0.714219	0.714181	0.714132	0.714083	0.714001	0.713918	0.71381	0.713703	0.713559	0.713414	0.713222	0.71303	0.712788	0.712547	0.71222	0.711894	0.711485	0.711076	0.710501	0.709926	0.709327	0.708727	0.708648	0.708568	0.709885	0.711201	0.711169	0.711138	0.70813	0.705123	0.70573	0.706338	0.706429	0.70652	0.706687	0.706854	0.707615	0.708375	0.709197	0.71002	0.710573	0.711126	0.711562	0.711999	0.712296	0.712593	0.712846	0.713099	0.713271	0.713443	0.713592	0.71374	0.713837	0.713934	0.714017	0.714099	0.714145	0.71419	0.714225	0.714261	0.714263	
0.714319	0.71432	0.714318	0.714315	0.714279	0.714243	0.714196	0.71415	0.714071	0.713993	0.713888	0.713784	0.713647	0.71351	0.713322	0.713133	0.712902	0.71267	0.712345	0.71202	0.711622	0.711224	0.710641	0.710059	0.709384	0.708709	0.708224	0.707739	0.708616	0.709492	0.709957	0.710421	0.708017	0.705613	0.705758	0.705902	0.70591	0.705918	0.706513	0.707108	0.707923	0.708738	0.709528	0.710318	0.710821	0.711324	0.711742	0.71216	0.712438	0.712716	0.71296	0.713205	0.713366	0.713527	0.713672	0.713818	0.713908	0.713998	0.71408	0.714162	0.714203	0.714244	0.714281	0.714318	0.714319	
0.714375	0.714375	0.714374	0.714374	0.714339	0.714303	0.71426	0.714216	0.714142	0.714067	0.713967	0.713866	0.713736	0.713606	0.713421	0.713237	0.713015	0.712793	0.71247	0.712147	0.711759	0.711371	0.710781	0.710191	0.709441	0.70869	0.7078	0.70691	0.707347	0.707783	0.708744	0.709705	0.707904	0.706103	0.705785	0.705467	0.705391	0.705316	0.706339	0.707363	0.708231	0.7091	0.709858	0.710616	0.711069	0.711522	0.711922	0.712322	0.71258	0.712838	0.713075	0.713312	0.713461	0.71361	0.713753	0.713895	0.713978	0.714061	0.714143	0.714225	0.714262	0.714299	0.714337	0.714375	0.714375	
0.714377	0.714379	0.714376	0.714373	0.714341	0.714309	0.714265	0.714221	0.714151	0.714082	0.713983	0.713885	0.713763	0.713641	0.713463	0.713285	0.713077	0.712869	0.712558	0.712248	0.711881	0.711514	0.710949	0.710384	0.709664	0.708944	0.707968	0.706991	0.70674	0.706489	0.70702	0.707552	0.706125	0.704699	0.704959	0.70522	0.705572	0.705923	0.706943	0.707964	0.708759	0.709555	0.710214	0.710874	0.711297	0.711719	0.712082	0.712445	0.712691	0.712936	0.713153	0.71337	0.713515	0.713659	0.71379	0.713921	0.714002	0.714084	0.714159	0.714234	0.714271	0.714309	0.714342	0.714376	0.714377	
0.71438	0.714384	0.714378	0.714373	0.714344	0.714315	0.71427	0.714226	0.714161	0.714096	0.714	0.713903	0.71379	0.713676	0.713504	0.713332	0.713139	0.712945	0.712647	0.712348	0.712003	0.711657	0.711117	0.710577	0.709888	0.709198	0.708135	0.707072	0.706133	0.705194	0.705296	0.705399	0.704346	0.703294	0.704133	0.704973	0.705752	0.706531	0.707548	0.708564	0.709287	0.710009	0.71057	0.711132	0.711524	0.711917	0.712243	0.712569	0.712802	0.713034	0.713232	0.713429	0.713568	0.713708	0.713827	0.713946	0.714027	0.714107	0.714175	0.714242	0.714281	0.714319	0.714348	0.714376	0.71438	
0.714447	0.714449	0.714446	0.714444	0.714414	0.714385	0.714345	0.714304	0.714243	0.714181	0.714091	0.714	0.713894	0.713788	0.713626	0.713464	0.713286	0.713107	0.712828	0.712549	0.712233	0.711916	0.711418	0.710921	0.710294	0.709667	0.708682	0.707698	0.706581	0.705464	0.704967	0.704471	0.703794	0.703117	0.704473	0.705828	0.706614	0.7074	0.708324	0.709248	0.709855	0.710463	0.710969	0.711474	0.71182	0.712166	0.712468	0.71277	0.712977	0.713185	0.713372	0.713559	0.713684	0.713808	0.713924	0.714041	0.714112	0.714183	0.714251	0.714319	0.714352	0.714385	0.714416	0.714446	0.714447	
0.714515	0.714513	0.714514	0.714514	0.714485	0.714456	0.714419	0.714383	0.714324	0.714266	0.714182	0.714097	0.713999	0.7139	0.713748	0.713596	0.713432	0.713269	0.713009	0.71275	0.712463	0.712176	0.71172	0.711264	0.7107	0.710136	0.70923	0.708323	0.707028	0.705734	0.704638	0.703543	0.703241	0.70294	0.704812	0.706684	0.707477	0.708269	0.7091	0.709932	0.710424	0.710916	0.711367	0.711817	0.712116	0.712415	0.712693	0.71297	0.713153	0.713335	0.713512	0.713689	0.713799	0.713909	0.714022	0.714135	0.714197	0.714259	0.714328	0.714396	0.714423	0.714451	0.714483	0.714516	0.714515	
0.714521	0.714523	0.714519	0.714516	0.714491	0.714467	0.714429	0.714391	0.714338	0.714286	0.714203	0.714121	0.714033	0.713945	0.7138	0.713654	0.71351	0.713366	0.713123	0.71288	0.712632	0.712385	0.711966	0.711546	0.711075	0.710604	0.709784	0.708964	0.707916	0.706868	0.705533	0.704199	0.704362	0.704526	0.706077	0.707628	0.708342	0.709056	0.709738	0.710419	0.71086	0.7113	0.711681	0.712061	0.712337	0.712614	0.712852	0.71309	0.713265	0.713439	0.713593	0.713746	0.713855	0.713964	0.714062	0.71416	0.714224	0.714288	0.714347	0.714405	0.714436	0.714466	0.714492	0.714518	0.714521	
0.714527	0.714533	0.714525	0.714517	0.714497	0.714477	0.714438	0.714398	0.714352	0.714306	0.714225	0.714144	0.714067	0.713989	0.713851	0.713712	0.713588	0.713464	0.713237	0.71301	0.712802	0.712594	0.712212	0.711829	0.711451	0.711072	0.710338	0.709605	0.708803	0.708001	0.706428	0.704855	0.705483	0.706112	0.707342	0.708571	0.709208	0.709844	0.710375	0.710907	0.711296	0.711685	0.711995	0.712305	0.712559	0.712813	0.713012	0.713211	0.713377	0.713543	0.713673	0.713803	0.713911	0.714018	0.714102	0.714185	0.714251	0.714317	0.714366	0.714414	0.714448	0.714482	0.714501	0.714521	0.714527	
0.7146	0.714602	0.714599	0.714596	0.714574	0.714551	0.714517	0.714484	0.714438	0.714393	0.71432	0.714247	0.714174	0.714101	0.713975	0.713849	0.713736	0.713622	0.713419	0.713215	0.713032	0.712849	0.712517	0.712186	0.711873	0.71156	0.710972	0.710383	0.70981	0.709237	0.708056	0.706874	0.707406	0.707939	0.708758	0.709576	0.710069	0.710563	0.710983	0.711404	0.711731	0.712059	0.712327	0.712595	0.712815	0.713035	0.713217	0.713398	0.713543	0.713687	0.713811	0.713935	0.714027	0.71412	0.714203	0.714286	0.714341	0.714396	0.714448	0.714499	0.714525	0.714552	0.714575	0.714599	0.7146	
0.714674	0.71467	0.714672	0.714674	0.71465	0.714625	0.714597	0.714569	0.714524	0.714479	0.714414	0.71435	0.714281	0.714212	0.714099	0.713986	0.713883	0.71378	0.713601	0.713421	0.713262	0.713103	0.712823	0.712544	0.712296	0.712048	0.711605	0.711161	0.710817	0.710473	0.709683	0.708893	0.70933	0.709767	0.710174	0.710581	0.710931	0.711281	0.711591	0.7119	0.712167	0.712433	0.71266	0.712886	0.713072	0.713258	0.713422	0.713586	0.713709	0.713831	0.713949	0.714066	0.714144	0.714222	0.714304	0.714387	0.714431	0.714476	0.71453	0.714584	0.714603	0.714622	0.71465	0.714677	0.714674	
0.714678	0.714681	0.714676	0.714672	0.714654	0.714636	0.714604	0.714573	0.714536	0.714498	0.714433	0.714368	0.714311	0.714254	0.714145	0.714035	0.713953	0.713871	0.7137	0.713528	0.713404	0.713281	0.71302	0.712759	0.712564	0.712369	0.711978	0.711586	0.711323	0.71106	0.710442	0.709823	0.71015	0.710477	0.710771	0.711066	0.711388	0.71171	0.711949	0.712188	0.712442	0.712696	0.712873	0.71305	0.713233	0.713415	0.713543	0.713672	0.713797	0.713922	0.714014	0.714107	0.714189	0.714272	0.714337	0.714402	0.714453	0.714504	0.714545	0.714587	0.714612	0.714638	0.714656	0.714675	0.714678	
0.714682	0.714691	0.714681	0.71467	0.714658	0.714647	0.714611	0.714576	0.714547	0.714518	0.714452	0.714386	0.714342	0.714297	0.71419	0.714084	0.714023	0.713961	0.713798	0.713635	0.713547	0.713459	0.713217	0.712974	0.712832	0.712689	0.71235	0.712012	0.711829	0.711647	0.7112	0.710752	0.71097	0.711187	0.711368	0.71155	0.711844	0.712139	0.712307	0.712476	0.712718	0.71296	0.713087	0.713215	0.713393	0.713572	0.713665	0.713757	0.713885	0.714012	0.714079	0.714147	0.714235	0.714323	0.71437	0.714417	0.714475	0.714532	0.714561	0.71459	0.714622	0.714653	0.714663	0.714673	0.714682	
0.714757	0.714758	0.714755	0.714751	0.714735	0.714718	0.714691	0.714664	0.714632	0.714599	0.714544	0.714489	0.714443	0.714398	0.714306	0.714215	0.714155	0.714095	0.713955	0.713816	0.713732	0.713647	0.713445	0.713243	0.713113	0.712983	0.712717	0.71245	0.712209	0.711968	0.711591	0.711214	0.711374	0.711535	0.711675	0.711815	0.712173	0.712531	0.712657	0.712783	0.713003	0.713223	0.713329	0.713435	0.713595	0.713755	0.713838	0.713921	0.714032	0.714143	0.714208	0.714273	0.714346	0.71442	0.714469	0.714519	0.714564	0.714609	0.714644	0.714678	0.7147	0.714722	0.714739	0.714755	0.714757	
0.714831	0.714826	0.714829	0.714832	0.714811	0.71479	0.71477	0.714751	0.714716	0.714681	0.714636	0.714591	0.714545	0.714499	0.714423	0.714346	0.714287	0.714228	0.714113	0.713997	0.713917	0.713836	0.713674	0.713511	0.713394	0.713278	0.713083	0.712889	0.712589	0.712288	0.711982	0.711676	0.711779	0.711882	0.711982	0.712081	0.712502	0.712923	0.713007	0.71309	0.713287	0.713485	0.71357	0.713654	0.713796	0.713938	0.714012	0.714085	0.71418	0.714274	0.714336	0.714399	0.714458	0.714517	0.714569	0.714621	0.714654	0.714687	0.714727	0.714766	0.714779	0.714791	0.714814	0.714837	0.714831	
0.714829	0.714832	0.714827	0.714822	0.714808	0.714795	0.71477	0.714746	0.71472	0.714694	0.714647	0.714599	0.714567	0.714534	0.714458	0.714381	0.714345	0.71431	0.714194	0.714079	0.714034	0.713989	0.713827	0.713665	0.713584	0.713503	0.713221	0.71294	0.712835	0.712731	0.712444	0.712157	0.712251	0.712346	0.71246	0.712574	0.712769	0.712964	0.713112	0.713259	0.713464	0.713669	0.713715	0.71376	0.713911	0.714062	0.714102	0.714142	0.714246	0.71435	0.714386	0.714421	0.714491	0.71456	0.714592	0.714624	0.714667	0.71471	0.714734	0.714759	0.71478	0.714802	0.714814	0.714826	0.714829	
0.714826	0.714838	0.714824	0.714811	0.714806	0.7148	0.71477	0.71474	0.714724	0.714707	0.714657	0.714607	0.714588	0.71457	0.714493	0.714415	0.714404	0.714392	0.714276	0.71416	0.714151	0.714143	0.713981	0.71382	0.713774	0.713729	0.713359	0.71299	0.713082	0.712863	0.712873	0.712601	0.71234	0.712294	0.712661	0.712729	0.712775	0.713005	0.713217	0.713429	0.713641	0.713852	0.713859	0.713867	0.714026	0.714186	0.714192	0.714198	0.714312	0.714426	0.714435	0.714444	0.714524	0.714604	0.714615	0.714626	0.71468	0.714733	0.714742	0.714751	0.714782	0.714814	0.714814	0.714814	0.714826	
0.714897	0.714899	0.714894	0.71489	0.714877	0.714865	0.714845	0.714825	0.714803	0.714781	0.714744	0.714707	0.714684	0.714661	0.714602	0.714542	0.714525	0.714508	0.714417	0.714325	0.714306	0.714286	0.714161	0.714036	0.713952	0.713868	0.713502	0.713137	0.713248	0.713197	0.713269	0.712948	0.712576	0.712593	0.713003	0.713095	0.713035	0.713102	0.713349	0.713596	0.713827	0.714057	0.714056	0.714054	0.714204	0.714353	0.714355	0.714358	0.714455	0.714553	0.714561	0.71457	0.714634	0.714698	0.714713	0.714727	0.714767	0.714806	0.714822	0.714838	0.714857	0.714877	0.714886	0.714895	0.714897	
0.714967	0.71496	0.714965	0.71497	0.714949	0.714929	0.71492	0.714911	0.714883	0.714855	0.714831	0.714807	0.714779	0.714752	0.71471	0.714669	0.714646	0.714624	0.714557	0.71449	0.71446	0.71443	0.71434	0.714251	0.714129	0.714007	0.713645	0.713283	0.713413	0.713277	0.713234	0.712849	0.712545	0.712524	0.713063	0.713178	0.713185	0.713198	0.71348	0.713763	0.714012	0.714262	0.714252	0.714242	0.714381	0.714521	0.714519	0.714517	0.714598	0.71468	0.714688	0.714696	0.714744	0.714792	0.71481	0.714829	0.714854	0.71488	0.714902	0.714925	0.714932	0.71494	0.714957	0.714975	0.714967	
0.714953	0.714956	0.714951	0.714946	0.714935	0.714924	0.714908	0.714892	0.714874	0.714856	0.714828	0.7148	0.714788	0.714777	0.714731	0.714685	0.714694	0.714703	0.714625	0.714547	0.714573	0.7146	0.714481	0.714362	0.71431	0.714257	0.713898	0.713539	0.713687	0.713609	0.713377	0.711503	0.712698	0.710908	0.713036	0.713322	0.713379	0.713434	0.713649	0.713864	0.714134	0.714403	0.714367	0.714331	0.714479	0.714626	0.714593	0.71456	0.714654	0.714748	0.714727	0.714705	0.714767	0.714828	0.714823	0.714818	0.714857	0.714895	0.7149	0.714904	0.714924	0.714943	0.714947	0.71495	0.714953	
0.71494	0.714953	0.714937	0.714922	0.71492	0.714918	0.714895	0.714872	0.714865	0.714858	0.714825	0.714792	0.714797	0.714801	0.714751	0.714702	0.714742	0.714781	0.714692	0.714603	0.714687	0.71477	0.714622	0.714473	0.714491	0.714508	0.714152	0.713796	0.713961	0.714181	0.714219	0.712614	0.715342	0.711431	0.713431	0.713573	0.713593	0.713669	0.713817	0.713965	0.714255	0.714545	0.714482	0.714419	0.714576	0.714732	0.714668	0.714603	0.714709	0.714816	0.714765	0.714714	0.71479	0.714865	0.714836	0.714807	0.714859	0.714911	0.714897	0.714883	0.714915	0.714947	0.714936	0.714926	0.71494	
0.715002	0.715003	0.714999	0.714995	0.714984	0.714972	0.714962	0.714952	0.714937	0.714922	0.714905	0.714888	0.714887	0.714886	0.714856	0.714827	0.714864	0.714901	0.714834	0.714767	0.714857	0.714947	0.714811	0.714676	0.714723	0.714769	0.714559	0.71435	0.714338	0.714474	0.714837	0.714485	0.733936	0.71465	0.713988	0.71378	0.713838	0.714019	0.714165	0.714312	0.714525	0.714737	0.714711	0.714684	0.714799	0.714914	0.714856	0.714797	0.714875	0.714952	0.714903	0.714853	0.714906	0.714959	0.714935	0.71491	0.714944	0.714978	0.714972	0.714967	0.714984	0.715	0.715001	0.715001	0.715002	
0.715064	0.715053	0.715061	0.715069	0.715047	0.715025	0.715028	0.715032	0.715009	0.714986	0.714985	0.714984	0.714977	0.714971	0.714961	0.714952	0.714986	0.71502	0.714976	0.714931	0.715027	0.715123	0.715001	0.714878	0.714954	0.715031	0.714967	0.714903	0.714714	0.714566	0.714574	0.714945	0.765043	0.714314	0.714336	0.713915	0.714205	0.714369	0.714513	0.714658	0.714794	0.71493	0.714939	0.714949	0.715022	0.715096	0.715044	0.714992	0.71504	0.715088	0.71504	0.714992	0.715023	0.715053	0.715033	0.715013	0.715029	0.715045	0.715048	0.71505	0.715052	0.715054	0.715065	0.715076	0.715064	
0.715037	0.715037	0.715033	0.715029	0.715017	0.715005	0.715	0.714994	0.714981	0.714968	0.714962	0.714955	0.714964	0.714973	0.714959	0.714944	0.715013	0.715083	0.715023	0.714962	0.715139	0.715315	0.715132	0.714949	0.715202	0.715454	0.71524	0.715027	0.714697	0.714566	0.713752	0.712869	0.749121	0.713256	0.714058	0.71399	0.714374	0.714502	0.714701	0.714901	0.714979	0.715058	0.715056	0.715054	0.715132	0.715209	0.715119	0.71503	0.715094	0.715159	0.715075	0.714991	0.715038	0.715085	0.715038	0.71499	0.715021	0.715052	0.715034	0.715016	0.715031	0.715046	0.715041	0.715036	0.715037	
0.715009	0.715021	0.715005	0.714988	0.714987	0.714985	0.714971	0.714956	0.714954	0.714951	0.714939	0.714927	0.714951	0.714976	0.714956	0.714937	0.715041	0.715145	0.715069	0.714993	0.71525	0.715507	0.715264	0.71502	0.715449	0.715877	0.715514	0.71515	0.71468	0.714707	0.713628	0.713994	0.734064	0.712	0.71351	0.714134	0.71454	0.714635	0.714889	0.715143	0.715164	0.715185	0.715173	0.71516	0.715241	0.715321	0.715194	0.715067	0.715149	0.71523	0.715109	0.714989	0.715053	0.715117	0.715042	0.714966	0.715012	0.715059	0.71502	0.714981	0.71501	0.715039	0.715018	0.714997	0.715009	
0.71506	0.715058	0.715054	0.715051	0.715038	0.715025	0.715025	0.715025	0.715013	0.715002	0.715008	0.715014	0.715032	0.71505	0.715055	0.715061	0.715162	0.715263	0.715216	0.71517	0.715452	0.715734	0.715483	0.715233	0.715883	0.716533	0.715915	0.715298	0.714808	0.714793	0.714232	0.715106	0.733834	0.712859	0.71244	0.71384	0.714625	0.714722	0.715199	0.715675	0.71555	0.715425	0.715476	0.715527	0.715537	0.715546	0.715428	0.71531	0.715346	0.715382	0.715264	0.715145	0.715178	0.715211	0.71514	0.71507	0.715093	0.715116	0.715087	0.715058	0.715069	0.71508	0.715071	0.715062	0.71506	
0.715111	0.715094	0.715104	0.715114	0.715089	0.715065	0.715079	0.715094	0.715073	0.715053	0.715077	0.715101	0.715112	0.715124	0.715155	0.715186	0.715283	0.71538	0.715363	0.715346	0.715653	0.71596	0.715703	0.715446	0.716318	0.717189	0.716317	0.715445	0.714936	0.714676	0.714728	0.717211	0.727138	0.718875	0.711649	0.713098	0.714477	0.71481	0.715508	0.716207	0.715936	0.715665	0.715779	0.715894	0.715833	0.715772	0.715662	0.715553	0.715544	0.715535	0.715418	0.715302	0.715303	0.715304	0.715239	0.715173	0.715174	0.715174	0.715154	0.715134	0.715128	0.715121	0.715124	0.715128	0.715111	
0.715068	0.715062	0.715059	0.715056	0.715041	0.715026	0.71503	0.715034	0.715022	0.715009	0.715027	0.715044	0.715066	0.715088	0.715116	0.715145	0.715266	0.715387	0.715373	0.71536	0.715711	0.716062	0.715839	0.715616	0.716549	0.717483	0.716654	0.715825	0.715089	0.713828	0.713666	0.718885	0.721452	0.715036	0.711648	0.714047	0.714843	0.714425	0.715294	0.716162	0.715999	0.715836	0.715899	0.715962	0.71593	0.715899	0.715736	0.715573	0.715591	0.715609	0.715448	0.715287	0.715308	0.715329	0.715232	0.715136	0.715152	0.715168	0.715127	0.715085	0.715092	0.715099	0.715086	0.715073	0.715068	
0.715024	0.715031	0.715014	0.714998	0.714993	0.714988	0.714981	0.714974	0.71497	0.714966	0.714976	0.714987	0.715019	0.715052	0.715078	0.715105	0.715249	0.715393	0.715384	0.715374	0.715768	0.716163	0.715975	0.715786	0.716781	0.717776	0.716991	0.716205	0.715241	0.713037	0.711723	0.716905	0.717217	0.70916	0.709771	0.714915	0.715158	0.71404	0.715079	0.716118	0.716063	0.716008	0.716018	0.716029	0.716028	0.716027	0.71581	0.715594	0.715638	0.715682	0.715477	0.715272	0.715312	0.715353	0.715226	0.715099	0.715131	0.715162	0.715099	0.715037	0.715057	0.715077	0.715047	0.715018	0.715024	
0.715059	0.715051	0.715048	0.715045	0.715027	0.71501	0.715017	0.715024	0.71501	0.714996	0.715025	0.715053	0.715076	0.715098	0.715155	0.715212	0.715339	0.715467	0.715512	0.715557	0.715929	0.716301	0.716208	0.716116	0.716993	0.717871	0.717494	0.717117	0.716603	0.714817	0.712972	0.714323	0.712761	0.708106	0.710277	0.714664	0.715029	0.713936	0.715038	0.716139	0.716183	0.716227	0.716307	0.716387	0.716315	0.716244	0.716045	0.715846	0.715835	0.715825	0.715626	0.715427	0.715428	0.71543	0.715311	0.715192	0.715197	0.715202	0.715151	0.715099	0.7151	0.715101	0.715085	0.715068	0.715059	
0.715094	0.715071	0.715081	0.715091	0.715062	0.715032	0.715053	0.715073	0.71505	0.715026	0.715073	0.71512	0.715132	0.715144	0.715231	0.715319	0.715429	0.71554	0.71564	0.715741	0.71609	0.716438	0.716442	0.716445	0.717205	0.717965	0.717997	0.718029	0.717964	0.717899	0.714279	0.710658	0.709142	0.707626	0.712107	0.716589	0.715211	0.713833	0.714996	0.71616	0.716303	0.716445	0.716595	0.716744	0.716602	0.716461	0.716279	0.716098	0.716033	0.715968	0.715775	0.715582	0.715544	0.715507	0.715396	0.715286	0.715264	0.715242	0.715202	0.715162	0.715144	0.715126	0.715122	0.715118	0.715094	
0.715038	0.715024	0.715021	0.715017	0.714996	0.714975	0.714983	0.714992	0.714974	0.714955	0.714993	0.715031	0.715046	0.715061	0.715148	0.715234	0.715343	0.715452	0.71558	0.715707	0.716024	0.71634	0.716419	0.716498	0.717123	0.717747	0.718742	0.719737	0.720401	0.721065	0.717209	0.713352	0.712265	0.711179	0.71445	0.717722	0.716285	0.714849	0.715427	0.716005	0.716256	0.716508	0.716573	0.716639	0.716582	0.716526	0.716301	0.716077	0.716043	0.716009	0.71578	0.715551	0.71553	0.715508	0.715372	0.715236	0.715227	0.715218	0.715159	0.715101	0.715094	0.715088	0.71507	0.715051	0.715038	
0.714981	0.714978	0.714961	0.714944	0.714931	0.714917	0.714914	0.714911	0.714898	0.714884	0.714913	0.714941	0.71496	0.714978	0.715064	0.71515	0.715257	0.715365	0.715519	0.715674	0.715957	0.716241	0.716397	0.716552	0.717041	0.717529	0.719487	0.721445	0.722839	0.724232	0.720138	0.716045	0.715389	0.714732	0.716793	0.718854	0.71736	0.715866	0.715858	0.71585	0.71621	0.71657	0.716552	0.716534	0.716562	0.71659	0.716324	0.716057	0.716053	0.71605	0.715785	0.71552	0.715515	0.71551	0.715348	0.715185	0.715189	0.715193	0.715116	0.71504	0.715045	0.71505	0.715017	0.714984	0.714981	
0.714997	0.71498	0.714975	0.71497	0.714945	0.71492	0.714928	0.714936	0.714914	0.714891	0.714933	0.714974	0.714984	0.714994	0.715103	0.715212	0.715311	0.71541	0.715604	0.715798	0.716054	0.71631	0.716459	0.716608	0.717201	0.717794	0.719946	0.722098	0.722201	0.722305	0.720259	0.718213	0.716844	0.715474	0.715074	0.714674	0.714729	0.714784	0.715156	0.715527	0.715929	0.716331	0.716424	0.716517	0.71656	0.716603	0.716392	0.716181	0.716139	0.716098	0.715858	0.715619	0.715578	0.715537	0.715391	0.715246	0.715224	0.715202	0.71514	0.715078	0.715065	0.715053	0.715033	0.715013	0.714997	
0.715012	0.714982	0.714989	0.714996	0.71496	0.714924	0.714943	0.714961	0.71493	0.714898	0.714952	0.715006	0.715008	0.71501	0.715142	0.715273	0.715364	0.715455	0.715689	0.715922	0.71615	0.716378	0.716521	0.716665	0.717361	0.718058	0.720405	0.722751	0.721564	0.720377	0.720379	0.72038	0.718298	0.716216	0.713355	0.710493	0.712097	0.713701	0.714453	0.715205	0.715649	0.716092	0.716296	0.7165	0.716558	0.716615	0.71646	0.716305	0.716225	0.716145	0.715932	0.715718	0.715641	0.715563	0.715435	0.715306	0.715258	0.71521	0.715163	0.715117	0.715086	0.715055	0.715049	0.715042	0.715012	
0.714944	0.714923	0.714918	0.714913	0.714882	0.714852	0.714858	0.714865	0.714836	0.714806	0.714849	0.714891	0.714894	0.714896	0.715022	0.715148	0.715233	0.715318	0.715563	0.715808	0.715951	0.716095	0.716202	0.716308	0.716499	0.716689	0.719277	0.721865	0.720012	0.718159	0.717894	0.717629	0.71742	0.717212	0.713882	0.710552	0.712305	0.714057	0.715107	0.716156	0.716156	0.716155	0.716387	0.716619	0.716618	0.716617	0.716452	0.716286	0.716208	0.716129	0.715897	0.715666	0.715596	0.715525	0.715381	0.715237	0.7152	0.715163	0.715102	0.715041	0.715022	0.715003	0.714984	0.714965	0.714944	
0.714876	0.714864	0.714847	0.714831	0.714805	0.714779	0.714774	0.71477	0.714742	0.714714	0.714745	0.714777	0.714779	0.714781	0.714902	0.715023	0.715101	0.71518	0.715436	0.715693	0.715752	0.715812	0.715882	0.715952	0.715636	0.715319	0.718149	0.720979	0.71846	0.71594	0.715409	0.714877	0.716542	0.718208	0.71441	0.710612	0.712513	0.714413	0.71576	0.717108	0.716663	0.716218	0.716478	0.716739	0.716679	0.71662	0.716443	0.716267	0.71619	0.716112	0.715863	0.715613	0.71555	0.715488	0.715328	0.715168	0.715141	0.715115	0.715041	0.714966	0.714958	0.714951	0.714919	0.714888	0.714876	
0.714873	0.71485	0.714845	0.714839	0.714803	0.714767	0.714771	0.714776	0.714738	0.7147	0.714741	0.714782	0.714777	0.714772	0.714909	0.715047	0.715119	0.715191	0.715472	0.715753	0.715794	0.715836	0.71589	0.715944	0.715452	0.714959	0.717175	0.719391	0.718633	0.717874	0.716453	0.715032	0.71627	0.717509	0.715191	0.712873	0.714267	0.715661	0.716396	0.717131	0.716811	0.716492	0.71664	0.716789	0.716729	0.716669	0.716473	0.716278	0.716186	0.716094	0.715861	0.715627	0.715542	0.715457	0.715316	0.715175	0.715132	0.715088	0.71503	0.714972	0.714952	0.714932	0.714914	0.714896	0.714873	
0.71487	0.714836	0.714842	0.714848	0.714801	0.714754	0.714768	0.714782	0.714734	0.714687	0.714737	0.714788	0.714775	0.714762	0.714916	0.71507	0.715137	0.715203	0.715508	0.715813	0.715836	0.71586	0.715898	0.715936	0.715268	0.714599	0.716201	0.717804	0.718805	0.719807	0.717497	0.715187	0.715998	0.716809	0.715972	0.715134	0.716021	0.716909	0.717031	0.717153	0.716959	0.716765	0.716802	0.71684	0.716779	0.716718	0.716503	0.716288	0.716182	0.716076	0.715859	0.715641	0.715534	0.715427	0.715305	0.715183	0.715122	0.715062	0.71502	0.714979	0.714946	0.714913	0.714908	0.714904	0.71487	
0.714796	0.71477	0.714765	0.71476	0.714718	0.714676	0.714678	0.71468	0.714632	0.714584	0.714622	0.71466	0.714644	0.714628	0.714772	0.714915	0.714979	0.715043	0.715356	0.71567	0.715687	0.715704	0.715854	0.716004	0.715184	0.714363	0.715828	0.717293	0.719117	0.72094	0.719605	0.71827	0.718897	0.719524	0.718465	0.717405	0.718078	0.71875	0.718377	0.718004	0.717643	0.717283	0.717157	0.717031	0.716893	0.716756	0.716484	0.716213	0.716108	0.716002	0.71577	0.715537	0.715441	0.715346	0.715215	0.715084	0.715037	0.71499	0.71494	0.71489	0.714869	0.714849	0.714835	0.714821	0.714796	
0.714721	0.714704	0.714689	0.714673	0.714635	0.714597	0.714588	0.714578	0.71453	0.714481	0.714507	0.714532	0.714513	0.714494	0.714627	0.71476	0.714821	0.714882	0.715204	0.715527	0.715537	0.715548	0.71581	0.716073	0.7151	0.714127	0.715455	0.716783	0.719428	0.722072	0.721713	0.721354	0.721796	0.722239	0.720957	0.719676	0.720134	0.720592	0.719723	0.718854	0.718327	0.717801	0.717511	0.717222	0.717007	0.716793	0.716466	0.716139	0.716033	0.715928	0.71568	0.715433	0.715349	0.715264	0.715125	0.714985	0.714952	0.714918	0.71486	0.714802	0.714793	0.714784	0.714761	0.714738	0.714721	
0.714705	0.714681	0.714675	0.71467	0.714623	0.714577	0.714574	0.714571	0.714513	0.714455	0.714485	0.714514	0.714486	0.714458	0.714597	0.714737	0.71479	0.714843	0.715184	0.715526	0.715566	0.715606	0.715913	0.716221	0.715357	0.714492	0.715184	0.715876	0.720386	0.724896	0.724921	0.724946	0.726547	0.728148	0.725281	0.722415	0.721941	0.721467	0.720122	0.718777	0.718451	0.718125	0.717677	0.717228	0.716984	0.71674	0.716396	0.716052	0.715931	0.715811	0.715588	0.715365	0.715268	0.715172	0.715056	0.71494	0.7149	0.714859	0.71482	0.71478	0.714764	0.714749	0.714739	0.714729	0.714705	
0.714689	0.714658	0.714662	0.714666	0.714611	0.714556	0.71456	0.714563	0.714496	0.71443	0.714463	0.714497	0.714459	0.714421	0.714567	0.714714	0.714759	0.714804	0.715164	0.715525	0.715594	0.715664	0.716016	0.716369	0.715613	0.714858	0.714914	0.71497	0.721345	0.72772	0.728129	0.728539	0.731298	0.734057	0.729605	0.725153	0.723747	0.722342	0.720521	0.718701	0.718575	0.71845	0.717842	0.717234	0.71696	0.716687	0.716327	0.715966	0.71583	0.715693	0.715495	0.715297	0.715188	0.715079	0.714987	0.714894	0.714847	0.714801	0.714779	0.714757	0.714736	0.714714	0.714717	0.714721	0.714689	
0.714616	0.714593	0.714588	0.714583	0.714532	0.714482	0.714474	0.714465	0.714398	0.71433	0.714349	0.714368	0.714324	0.71428	0.714408	0.714536	0.714577	0.714618	0.714968	0.715319	0.715416	0.715513	0.715918	0.716324	0.715629	0.714934	0.714978	0.715022	0.720642	0.726263	0.72603	0.725797	0.729412	0.733027	0.728557	0.724086	0.722657	0.721228	0.719931	0.718634	0.718454	0.718275	0.717724	0.717174	0.716847	0.716521	0.71616	0.715799	0.715664	0.715528	0.715333	0.715138	0.715046	0.714954	0.714864	0.714773	0.714743	0.714712	0.714688	0.714664	0.714654	0.714645	0.714642	0.714639	0.714616	
0.714543	0.714528	0.714514	0.7145	0.714454	0.714407	0.714387	0.714367	0.714299	0.714231	0.714234	0.714238	0.714188	0.714139	0.714249	0.714359	0.714396	0.714432	0.714773	0.715113	0.715237	0.715362	0.71582	0.716279	0.715644	0.71501	0.715042	0.715074	0.71994	0.724806	0.723931	0.723056	0.727526	0.731996	0.727508	0.723019	0.721566	0.720114	0.71934	0.718567	0.718333	0.718099	0.717606	0.717113	0.716734	0.716355	0.715994	0.715632	0.715498	0.715363	0.715171	0.714979	0.714904	0.714829	0.714741	0.714652	0.714638	0.714624	0.714597	0.71457	0.714573	0.714576	0.714567	0.714558	0.714543	
0.714523	0.714504	0.714499	0.714493	0.71444	0.714388	0.714372	0.714357	0.714281	0.714205	0.714207	0.714209	0.714148	0.714088	0.714189	0.714291	0.714317	0.714342	0.714679	0.715017	0.715164	0.715311	0.715838	0.716365	0.715766	0.715168	0.715393	0.715618	0.719139	0.722659	0.721803	0.720946	0.724535	0.728124	0.725298	0.722471	0.720919	0.719367	0.718753	0.718138	0.718062	0.717985	0.717473	0.716961	0.716549	0.716138	0.715797	0.715455	0.71531	0.715164	0.715	0.714836	0.714765	0.714695	0.714633	0.714571	0.71456	0.714549	0.714541	0.714533	0.714535	0.714536	0.714539	0.714543	0.714523	
0.714504	0.714481	0.714483	0.714486	0.714427	0.714369	0.714357	0.714346	0.714262	0.714178	0.714179	0.71418	0.714108	0.714037	0.71413	0.714224	0.714238	0.714252	0.714586	0.714921	0.715091	0.715261	0.715856	0.716451	0.715888	0.715326	0.715744	0.716162	0.718337	0.720513	0.719674	0.718836	0.721543	0.724251	0.723087	0.721924	0.720272	0.718621	0.718165	0.71771	0.717791	0.717871	0.71734	0.716808	0.716365	0.715921	0.7156	0.715279	0.715122	0.714965	0.714829	0.714694	0.714627	0.71456	0.714525	0.71449	0.714482	0.714474	0.714485	0.714495	0.714496	0.714496	0.714512	0.714527	0.714504	
0.71444	0.714424	0.714419	0.714415	0.71436	0.714305	0.714284	0.714262	0.714178	0.714093	0.714079	0.714065	0.713986	0.713907	0.713977	0.714047	0.714049	0.714051	0.714358	0.714664	0.71485	0.715036	0.715713	0.71639	0.715947	0.715503	0.715795	0.716087	0.717485	0.718883	0.717755	0.716627	0.718424	0.720221	0.720711	0.721201	0.719335	0.717469	0.717446	0.717423	0.717517	0.717612	0.717097	0.716583	0.716092	0.7156	0.715301	0.715003	0.714864	0.714725	0.714612	0.714499	0.714457	0.714415	0.714391	0.714368	0.714377	0.714386	0.714398	0.71441	0.714422	0.714433	0.714445	0.714457	0.71444	
0.714376	0.714367	0.714355	0.714344	0.714293	0.714242	0.71421	0.714179	0.714094	0.714009	0.71398	0.713951	0.713864	0.713776	0.713823	0.71387	0.71386	0.71385	0.714129	0.714408	0.714609	0.71481	0.71557	0.716329	0.716005	0.71568	0.715846	0.716011	0.716633	0.717254	0.715836	0.714418	0.715305	0.716191	0.718334	0.720478	0.718398	0.716317	0.716727	0.717137	0.717244	0.717352	0.716855	0.716359	0.715818	0.715278	0.715002	0.714727	0.714606	0.714486	0.714395	0.714304	0.714287	0.714269	0.714257	0.714246	0.714272	0.714298	0.714312	0.714326	0.714348	0.71437	0.714378	0.714386	0.714376	
0.714364	0.714352	0.714347	0.714342	0.714288	0.714233	0.714204	0.714175	0.714084	0.713994	0.713961	0.713927	0.71383	0.713733	0.713763	0.713793	0.713762	0.713732	0.713982	0.714231	0.71442	0.714609	0.71543	0.716252	0.716164	0.716076	0.71632	0.716564	0.715794	0.715024	0.714198	0.713372	0.714838	0.716305	0.717798	0.719291	0.71753	0.715769	0.716358	0.716947	0.717041	0.717136	0.716587	0.716039	0.715476	0.714913	0.714676	0.71444	0.714336	0.714233	0.714182	0.714132	0.714132	0.714132	0.714148	0.714163	0.714197	0.71423	0.714261	0.714292	0.714315	0.714338	0.714357	0.714375	0.714364	
0.714351	0.714337	0.714339	0.714341	0.714283	0.714224	0.714198	0.714171	0.714075	0.713979	0.713941	0.713904	0.713796	0.713689	0.713702	0.713715	0.713665	0.713615	0.713835	0.714055	0.714231	0.714407	0.715291	0.716175	0.716323	0.716472	0.716794	0.717116	0.714955	0.712794	0.712559	0.712325	0.714372	0.716419	0.717261	0.718104	0.716662	0.71522	0.715989	0.716758	0.716839	0.71692	0.71632	0.71572	0.715133	0.714548	0.71435	0.714153	0.714066	0.713979	0.71397	0.71396	0.713978	0.713996	0.714038	0.714081	0.714122	0.714163	0.714211	0.714258	0.714283	0.714307	0.714336	0.714365	0.714351	
0.714302	0.714293	0.714289	0.714286	0.714231	0.714176	0.714142	0.714107	0.714011	0.713915	0.713864	0.713814	0.713699	0.713584	0.713573	0.713563	0.713492	0.713421	0.713597	0.713773	0.713924	0.714074	0.714934	0.715794	0.716196	0.716598	0.717073	0.717549	0.714379	0.71121	0.711652	0.712095	0.713421	0.714747	0.715712	0.716676	0.715835	0.714994	0.715779	0.716564	0.716494	0.716424	0.715799	0.715175	0.714646	0.714117	0.713967	0.713818	0.71378	0.713743	0.713764	0.713785	0.713828	0.713872	0.713928	0.713984	0.714039	0.714094	0.714144	0.714194	0.714226	0.714257	0.714284	0.714311	0.714302	
