x=95	y=200	z=200	n=65	len=1
b
0	0	0	0	0	0	0	0	0	0	0	0	0	0	0	0	0	0	0	0	0	0	0	0	0	0	0	0	0	0	0	0	0	0	0	0	0	0	0	0	0	0	0	0	0	0	0	0	0	0	0	0	0	0	0	0	0	0	0	0	0	0	0	0	0	
0.0235523	0.0235528	0.0235517	0.0235506	0.0235524	0.0235543	0.0235534	0.0235525	0.0235555	0.0235585	0.0235588	0.023559	0.0235627	0.0235664	0.0235681	0.0235699	0.0235733	0.0235768	0.0235794	0.023582	0.023584	0.0235861	0.023588	0.02359	0.0235899	0.0235898	0.0235905	0.0235912	0.0235898	0.0235884	0.0235889	0.0235893	0.0235885	0.0235878	0.0235876	0.0235874	0.0235872	0.023587	0.0235872	0.0235875	0.0235868	0.0235862	0.0235859	0.0235856	0.0235836	0.0235815	0.0235803	0.0235791	0.0235759	0.0235726	0.0235713	0.02357	0.0235667	0.0235634	0.0235625	0.0235616	0.0235592	0.0235568	0.0235561	0.0235555	0.0235545	0.0235536	0.0235527	0.0235518	0.0235523	
0.0471044	0.0471057	0.0471031	0.0471006	0.0471044	0.0471082	0.0471061	0.0471039	0.0471099	0.047116	0.0471159	0.0471158	0.0471233	0.0471307	0.0471337	0.0471367	0.0471439	0.0471511	0.0471561	0.0471611	0.0471656	0.0471702	0.0471742	0.0471782	0.0471787	0.0471791	0.0471806	0.0471821	0.0471799	0.0471777	0.0471784	0.047179	0.047178	0.0471769	0.047176	0.0471751	0.0471751	0.0471751	0.0471747	0.0471743	0.0471735	0.0471727	0.047171	0.0471694	0.0471657	0.047162	0.0471588	0.0471557	0.0471497	0.0471437	0.0471407	0.0471377	0.0471316	0.0471255	0.0471235	0.0471216	0.0471173	0.047113	0.0471116	0.0471102	0.0471086	0.047107	0.0471051	0.0471032	0.0471044	
0.0706566	0.0706585	0.0706546	0.0706506	0.0706564	0.0706622	0.0706587	0.0706552	0.0706643	0.0706734	0.070673	0.0706726	0.0706838	0.0706951	0.0706993	0.0707036	0.0707145	0.0707254	0.0707327	0.0707401	0.0707472	0.0707543	0.0707604	0.0707664	0.0707674	0.0707685	0.0707708	0.0707731	0.07077	0.070767	0.0707678	0.0707687	0.0707674	0.0707661	0.0707644	0.0707627	0.070763	0.0707632	0.0707622	0.0707612	0.0707601	0.0707591	0.0707562	0.0707532	0.0707478	0.0707424	0.0707374	0.0707323	0.0707235	0.0707147	0.0707101	0.0707055	0.0706965	0.0706875	0.0706846	0.0706817	0.0706755	0.0706692	0.0706671	0.0706649	0.0706627	0.0706605	0.0706575	0.0706546	0.0706566	
0.0942122	0.0942149	0.0942093	0.0942037	0.0942113	0.0942189	0.0942135	0.094208	0.0942198	0.0942317	0.0942299	0.0942281	0.0942428	0.0942576	0.0942621	0.0942666	0.0942813	0.094296	0.0943055	0.094315	0.0943253	0.0943356	0.0943444	0.0943531	0.0943556	0.0943581	0.0943618	0.0943655	0.0943618	0.0943582	0.0943595	0.0943609	0.0943585	0.0943561	0.0943546	0.0943532	0.0943525	0.0943518	0.0943511	0.0943504	0.0943475	0.0943445	0.0943407	0.0943369	0.0943284	0.0943198	0.0943136	0.0943073	0.094295	0.0942826	0.0942775	0.0942723	0.0942605	0.0942486	0.0942457	0.0942428	0.0942348	0.0942268	0.0942245	0.0942223	0.0942196	0.094217	0.0942133	0.0942095	0.0942122	
0.117768	0.117771	0.117764	0.117757	0.117766	0.117776	0.117768	0.117761	0.117775	0.11779	0.117787	0.117784	0.117802	0.11782	0.117825	0.11783	0.117848	0.117867	0.117878	0.11789	0.117903	0.117917	0.117928	0.11794	0.117944	0.117948	0.117953	0.117958	0.117954	0.117949	0.117951	0.117953	0.11795	0.117946	0.117945	0.117944	0.117942	0.11794	0.11794	0.11794	0.117935	0.11793	0.117925	0.117921	0.117909	0.117897	0.11789	0.117882	0.117866	0.117851	0.117845	0.117839	0.117824	0.11781	0.117807	0.117804	0.117794	0.117784	0.117782	0.11778	0.117777	0.117774	0.117769	0.117764	0.117768	
0.141327	0.141331	0.141322	0.141312	0.141323	0.141335	0.141324	0.141313	0.14133	0.141347	0.141341	0.141334	0.141356	0.141377	0.14138	0.141383	0.141405	0.141428	0.14144	0.141453	0.141471	0.141489	0.141503	0.141518	0.141525	0.141533	0.14154	0.141548	0.141544	0.141541	0.141543	0.141545	0.141541	0.141537	0.141536	0.141534	0.141532	0.14153	0.141528	0.141527	0.141519	0.141512	0.141505	0.141497	0.141482	0.141467	0.141458	0.141449	0.141431	0.141412	0.141406	0.1414	0.141384	0.141367	0.141365	0.141363	0.141353	0.141342	0.14134	0.141338	0.141336	0.141333	0.141327	0.141322	0.141327	
0.164885	0.164891	0.164879	0.164868	0.164881	0.164894	0.16488	0.164866	0.164885	0.164905	0.164895	0.164885	0.16491	0.164934	0.164935	0.164936	0.164963	0.164989	0.165002	0.165016	0.165038	0.16506	0.165078	0.165096	0.165107	0.165118	0.165127	0.165137	0.165135	0.165133	0.165135	0.165137	0.165133	0.165128	0.165127	0.165125	0.165122	0.165119	0.165116	0.165113	0.165104	0.165094	0.165084	0.165074	0.165056	0.165038	0.165027	0.165016	0.164995	0.164973	0.164967	0.164962	0.164943	0.164925	0.164924	0.164922	0.164911	0.1649	0.164899	0.164897	0.164894	0.164892	0.164886	0.164879	0.164885	
0.18845	0.188457	0.188443	0.188429	0.188443	0.188458	0.18844	0.188422	0.188443	0.188464	0.188449	0.188434	0.188461	0.188488	0.188485	0.188481	0.188511	0.188541	0.188552	0.188564	0.188592	0.188619	0.18864	0.18866	0.188677	0.188695	0.188708	0.188721	0.188722	0.188723	0.188725	0.188727	0.188721	0.188715	0.188716	0.188717	0.188711	0.188705	0.188701	0.188698	0.188682	0.188667	0.188655	0.188643	0.18862	0.188597	0.188586	0.188575	0.188551	0.188527	0.188523	0.18852	0.188501	0.188481	0.188482	0.188483	0.188472	0.188461	0.188461	0.18846	0.188458	0.188457	0.18845	0.188443	0.18845	
0.212015	0.212023	0.212007	0.21199	0.212006	0.212022	0.212	0.211978	0.212001	0.212024	0.212004	0.211984	0.212013	0.212042	0.212034	0.212026	0.212059	0.212092	0.212103	0.212113	0.212145	0.212178	0.212202	0.212225	0.212248	0.212271	0.212288	0.212305	0.212309	0.212313	0.212315	0.212317	0.212309	0.212301	0.212305	0.212309	0.2123	0.212291	0.212286	0.212282	0.212261	0.212241	0.212226	0.212211	0.212184	0.212156	0.212146	0.212135	0.212108	0.212081	0.212079	0.212078	0.212058	0.212037	0.21204	0.212043	0.212033	0.212023	0.212023	0.212023	0.212022	0.212022	0.212014	0.212007	0.212015	
0.235584	0.235594	0.235575	0.235556	0.235573	0.23559	0.235564	0.235537	0.235561	0.235585	0.235558	0.235532	0.235562	0.235592	0.235576	0.23556	0.235595	0.23563	0.235635	0.235639	0.235676	0.235714	0.235737	0.235761	0.235793	0.235825	0.235846	0.235868	0.235879	0.23589	0.235891	0.235892	0.235884	0.235876	0.235883	0.235889	0.235878	0.235867	0.235857	0.235846	0.235821	0.235796	0.235777	0.235758	0.235728	0.235698	0.235689	0.235679	0.235652	0.235625	0.235627	0.235629	0.23561	0.235592	0.235597	0.235603	0.235594	0.235586	0.235587	0.235588	0.23559	0.235591	0.235583	0.235574	0.235584	
0.259153	0.259165	0.259143	0.259122	0.25914	0.259159	0.259128	0.259097	0.259122	0.259146	0.259113	0.25908	0.259111	0.259142	0.259118	0.259093	0.259131	0.259168	0.259167	0.259165	0.259207	0.259249	0.259273	0.259298	0.259338	0.259378	0.259404	0.259431	0.259449	0.259467	0.259466	0.259466	0.259459	0.259451	0.259461	0.25947	0.259456	0.259443	0.259427	0.259411	0.259381	0.259352	0.259328	0.259304	0.259272	0.25924	0.259232	0.259223	0.259196	0.25917	0.259175	0.259181	0.259163	0.259146	0.259154	0.259162	0.259156	0.25915	0.259152	0.259153	0.259157	0.259161	0.259151	0.259142	0.259153	
0.282727	0.282741	0.282717	0.282694	0.282713	0.282732	0.282698	0.282664	0.282689	0.282713	0.282674	0.282634	0.282664	0.282695	0.282661	0.282626	0.282663	0.2827	0.282687	0.282675	0.282719	0.282764	0.282783	0.282802	0.282852	0.282902	0.282934	0.282966	0.282996	0.283027	0.283024	0.28302	0.283015	0.283011	0.283025	0.28304	0.283021	0.283001	0.282977	0.282952	0.282917	0.282881	0.282855	0.28283	0.282798	0.282765	0.282762	0.282759	0.282734	0.28271	0.28272	0.282731	0.282717	0.282703	0.282714	0.282724	0.282721	0.282719	0.28272	0.282722	0.282729	0.282735	0.282724	0.282714	0.282727	
0.306301	0.306316	0.306291	0.306266	0.306286	0.306306	0.306268	0.306231	0.306255	0.30628	0.306234	0.306188	0.306218	0.306248	0.306204	0.306159	0.306196	0.306233	0.306208	0.306184	0.306231	0.306278	0.306293	0.306307	0.306367	0.306427	0.306464	0.3065	0.306544	0.306588	0.306581	0.306574	0.306572	0.30657	0.30659	0.306609	0.306585	0.30656	0.306527	0.306494	0.306452	0.30641	0.306383	0.306356	0.306323	0.306291	0.306292	0.306294	0.306272	0.30625	0.306266	0.306282	0.306271	0.30626	0.306273	0.306287	0.306287	0.306287	0.306289	0.306291	0.3063	0.306309	0.306298	0.306286	0.306301	
0.329874	0.329891	0.329865	0.32984	0.32986	0.32988	0.329842	0.329804	0.329827	0.32985	0.329801	0.329753	0.32978	0.329806	0.329753	0.3297	0.329733	0.329765	0.329725	0.329686	0.329729	0.329772	0.329772	0.329772	0.329837	0.329901	0.329941	0.329981	0.330042	0.330104	0.330099	0.330094	0.330102	0.33011	0.330123	0.330136	0.330108	0.330079	0.330028	0.329977	0.329938	0.329899	0.329875	0.32985	0.329825	0.3298	0.32981	0.32982	0.329805	0.329791	0.329811	0.329831	0.329826	0.329822	0.329835	0.329848	0.329853	0.329859	0.329859	0.329859	0.329871	0.329884	0.32987	0.329857	0.329874	
0.353447	0.353465	0.35344	0.353414	0.353433	0.353453	0.353415	0.353378	0.353399	0.35342	0.353369	0.353318	0.353341	0.353365	0.353303	0.353242	0.35327	0.353297	0.353242	0.353187	0.353226	0.353265	0.353251	0.353237	0.353306	0.353375	0.353418	0.353462	0.353541	0.35362	0.353617	0.353614	0.353633	0.353651	0.353657	0.353662	0.35363	0.353598	0.353529	0.35346	0.353425	0.353389	0.353366	0.353344	0.353327	0.35331	0.353328	0.353346	0.353339	0.353331	0.353356	0.35338	0.353382	0.353384	0.353397	0.353409	0.35342	0.35343	0.353428	0.353426	0.353442	0.353458	0.353443	0.353429	0.353447	
0.377014	0.377034	0.37701	0.376985	0.377004	0.377023	0.376989	0.376956	0.376974	0.376992	0.376945	0.376898	0.376916	0.376934	0.376872	0.376809	0.376829	0.376849	0.376781	0.376713	0.37674	0.376768	0.376731	0.376694	0.376757	0.376821	0.376859	0.376898	0.377003	0.377108	0.377118	0.377127	0.377167	0.377206	0.377181	0.377156	0.377111	0.377066	0.376985	0.376903	0.376877	0.376851	0.376843	0.376835	0.376831	0.376826	0.376854	0.376881	0.376884	0.376887	0.37691	0.376934	0.376944	0.376955	0.376962	0.37697	0.376986	0.377003	0.376996	0.376989	0.377009	0.377028	0.377011	0.376995	0.377014	
0.400582	0.400603	0.40058	0.400557	0.400575	0.400593	0.400563	0.400534	0.400549	0.400564	0.400521	0.400477	0.400491	0.400504	0.40044	0.400376	0.400388	0.400401	0.40032	0.400238	0.400255	0.400271	0.400211	0.400151	0.400208	0.400266	0.4003	0.400335	0.400465	0.400596	0.400618	0.400641	0.400701	0.400761	0.400705	0.400649	0.400591	0.400533	0.40044	0.400346	0.40033	0.400313	0.400319	0.400325	0.400334	0.400343	0.400379	0.400415	0.400429	0.400443	0.400465	0.400488	0.400507	0.400526	0.400528	0.40053	0.400553	0.400575	0.400564	0.400552	0.400575	0.400598	0.40058	0.400561	0.400582	
0.424136	0.424157	0.424137	0.424118	0.424133	0.424149	0.424128	0.424107	0.424117	0.424128	0.424097	0.424066	0.424073	0.424079	0.424027	0.423975	0.423977	0.423978	0.423898	0.423818	0.423814	0.42381	0.423729	0.423648	0.423669	0.423689	0.423704	0.423719	0.423851	0.423983	0.424051	0.424118	0.424189	0.42426	0.424139	0.424018	0.42396	0.423901	0.42382	0.423738	0.423755	0.423772	0.423801	0.42383	0.423859	0.423888	0.423926	0.423963	0.42399	0.424017	0.424029	0.424042	0.42407	0.424099	0.42409	0.424082	0.424111	0.42414	0.424122	0.424103	0.424129	0.424155	0.424135	0.424115	0.424136	
0.447689	0.44771	0.447695	0.447679	0.447692	0.447705	0.447692	0.44768	0.447686	0.447691	0.447673	0.447655	0.447654	0.447654	0.447614	0.447573	0.447565	0.447556	0.447477	0.447398	0.447374	0.447349	0.447247	0.447145	0.447129	0.447113	0.447108	0.447103	0.447237	0.44737	0.447483	0.447595	0.447677	0.447759	0.447573	0.447387	0.447328	0.447269	0.447199	0.44713	0.44718	0.447231	0.447284	0.447336	0.447385	0.447434	0.447473	0.447512	0.447551	0.447591	0.447593	0.447596	0.447634	0.447673	0.447653	0.447634	0.447669	0.447705	0.447679	0.447654	0.447683	0.447712	0.44769	0.447668	0.447689	
0.471225	0.471245	0.471234	0.471222	0.471232	0.471241	0.471239	0.471237	0.471237	0.471236	0.471236	0.471236	0.471227	0.471219	0.471204	0.471189	0.471171	0.471153	0.4711	0.471047	0.471007	0.470967	0.470865	0.470762	0.47069	0.470618	0.470575	0.470532	0.470638	0.470744	0.470948	0.471152	0.471193	0.471234	0.470978	0.470721	0.470669	0.470616	0.470601	0.470585	0.470682	0.47078	0.470843	0.470906	0.470972	0.471038	0.471056	0.471075	0.471128	0.471182	0.471162	0.471142	0.471191	0.47124	0.471205	0.471171	0.471213	0.471254	0.471221	0.471188	0.47122	0.471252	0.471228	0.471205	0.471225	
0.494761	0.49478	0.494773	0.494766	0.494771	0.494777	0.494786	0.494795	0.494788	0.494781	0.494799	0.494817	0.4948	0.494783	0.494794	0.494805	0.494777	0.49475	0.494722	0.494695	0.494639	0.494584	0.494482	0.49438	0.494252	0.494124	0.494042	0.49396	0.494039	0.494117	0.494413	0.494709	0.494709	0.494709	0.494382	0.494055	0.494009	0.493963	0.494002	0.494041	0.494185	0.494328	0.494402	0.494476	0.494559	0.494642	0.49464	0.494638	0.494705	0.494772	0.49473	0.494689	0.494748	0.494807	0.494758	0.494708	0.494756	0.494804	0.494763	0.494723	0.494757	0.494791	0.494766	0.494741	0.494761	
0.518279	0.518296	0.518292	0.518289	0.51829	0.518291	0.518308	0.518325	0.518312	0.518298	0.518332	0.518366	0.51834	0.518315	0.518355	0.518395	0.51836	0.518325	0.518344	0.518362	0.518307	0.518252	0.518197	0.518141	0.517997	0.517852	0.517722	0.517591	0.51753	0.517468	0.517739	0.51801	0.51799	0.51797	0.517665	0.51736	0.517422	0.517485	0.517598	0.51771	0.517868	0.518026	0.518065	0.518104	0.518191	0.518278	0.518237	0.518196	0.518272	0.518347	0.518282	0.518216	0.518282	0.518348	0.518288	0.518227	0.518278	0.518329	0.518285	0.518242	0.518275	0.518309	0.518285	0.518261	0.518279	
0.541796	0.541811	0.541812	0.541812	0.541809	0.541806	0.541831	0.541856	0.541835	0.541815	0.541865	0.541914	0.54188	0.541846	0.541915	0.541984	0.541942	0.5419	0.541965	0.54203	0.541975	0.54192	0.541911	0.541903	0.541741	0.541579	0.541401	0.541222	0.541021	0.54082	0.541065	0.541311	0.541271	0.541231	0.540947	0.540664	0.540836	0.541008	0.541193	0.541379	0.541551	0.541724	0.541728	0.541732	0.541823	0.541913	0.541834	0.541754	0.541838	0.541921	0.541833	0.541744	0.541817	0.541889	0.541818	0.541747	0.541801	0.541855	0.541808	0.54176	0.541794	0.541828	0.541805	0.541782	0.541796	
0.565306	0.565317	0.56532	0.565322	0.565315	0.565308	0.565334	0.565361	0.565335	0.56531	0.565363	0.565416	0.565374	0.565333	0.565414	0.565495	0.565446	0.565396	0.565495	0.565595	0.565549	0.565503	0.56557	0.565637	0.565568	0.565499	0.565334	0.565169	0.564889	0.564608	0.564688	0.564767	0.564731	0.564695	0.564565	0.564436	0.564707	0.564979	0.565133	0.565287	0.565386	0.565485	0.565403	0.565322	0.56541	0.565497	0.565382	0.565267	0.565356	0.565444	0.565347	0.565249	0.565323	0.565396	0.565326	0.565256	0.565308	0.56536	0.565317	0.565273	0.565304	0.565334	0.565315	0.565295	0.565306	
0.588816	0.588823	0.588828	0.588832	0.588821	0.58881	0.588838	0.588865	0.588835	0.588804	0.588861	0.588917	0.588868	0.58882	0.588913	0.589007	0.588949	0.588892	0.589026	0.58916	0.589123	0.589086	0.589228	0.589371	0.589395	0.589419	0.589267	0.589115	0.588756	0.588397	0.58831	0.588223	0.588191	0.588159	0.588184	0.588208	0.588579	0.588949	0.589072	0.589196	0.589221	0.589246	0.589079	0.588911	0.588996	0.589082	0.588931	0.588781	0.588874	0.588967	0.588861	0.588754	0.588828	0.588903	0.588834	0.588766	0.588815	0.588865	0.588826	0.588786	0.588814	0.588841	0.588825	0.588808	0.588816	
0.612333	0.612336	0.612341	0.612345	0.612333	0.612321	0.612342	0.612364	0.612334	0.612304	0.612348	0.612393	0.612344	0.612296	0.612372	0.612447	0.612387	0.612326	0.612444	0.612561	0.612517	0.612474	0.61263	0.612787	0.612842	0.612896	0.612978	0.61306	0.612909	0.612759	0.612436	0.612112	0.6121	0.612089	0.612411	0.612733	0.612856	0.61298	0.612882	0.612785	0.612757	0.612729	0.612562	0.612395	0.612461	0.612527	0.612403	0.61228	0.612356	0.612432	0.612352	0.612271	0.61233	0.612389	0.612339	0.61229	0.612328	0.612366	0.612339	0.612311	0.612331	0.612351	0.61234	0.612329	0.612333	
0.63585	0.635849	0.635854	0.635858	0.635845	0.635831	0.635847	0.635862	0.635834	0.635805	0.635836	0.635868	0.63582	0.635773	0.63583	0.635888	0.635824	0.63576	0.635861	0.635963	0.635912	0.635862	0.636032	0.636203	0.636288	0.636373	0.636688	0.637004	0.637062	0.637121	0.636561	0.636001	0.63601	0.636018	0.636638	0.637258	0.637134	0.63701	0.636692	0.636375	0.636293	0.636211	0.636045	0.635878	0.635925	0.635972	0.635875	0.635779	0.635838	0.635897	0.635842	0.635787	0.635831	0.635875	0.635845	0.635814	0.635841	0.635867	0.635852	0.635836	0.635848	0.63586	0.635855	0.63585	0.63585	
0.65939	0.659386	0.659389	0.659392	0.659382	0.659372	0.659379	0.659385	0.659366	0.659348	0.65936	0.659372	0.659341	0.659309	0.659332	0.659356	0.659306	0.659257	0.659304	0.659352	0.659283	0.659213	0.659314	0.659415	0.659341	0.659267	0.659556	0.659845	0.66007	0.660295	0.659955	0.659614	0.659572	0.65953	0.659942	0.660355	0.66011	0.659865	0.659599	0.659332	0.659397	0.659461	0.659375	0.65929	0.659341	0.659393	0.659356	0.659319	0.659351	0.659383	0.659368	0.659353	0.65937	0.659388	0.659382	0.659376	0.659384	0.659392	0.65939	0.659389	0.65939	0.659392	0.659393	0.659394	0.65939	
0.68293	0.682922	0.682924	0.682926	0.68292	0.682913	0.68291	0.682908	0.682899	0.682891	0.682884	0.682876	0.682861	0.682845	0.682835	0.682824	0.682789	0.682753	0.682747	0.682741	0.682653	0.682565	0.682596	0.682626	0.682393	0.68216	0.682424	0.682687	0.683078	0.683432	0.683744	0.683435	0.683296	0.68361	0.683735	0.683515	0.683148	0.68272	0.682505	0.68229	0.6825	0.682711	0.682706	0.682701	0.682757	0.682813	0.682837	0.68286	0.682865	0.682869	0.682894	0.682918	0.682909	0.6829	0.682918	0.682937	0.682927	0.682916	0.682928	0.682941	0.682932	0.682923	0.68293	0.682937	0.68293	
0.706498	0.706489	0.70649	0.706491	0.706492	0.706492	0.706483	0.706474	0.706484	0.706494	0.706473	0.706453	0.706471	0.70649	0.706455	0.706421	0.706441	0.706461	0.706417	0.706372	0.706364	0.706357	0.706324	0.706291	0.70616	0.706029	0.706007	0.705985	0.706071	0.705486	0.705496	0.705112	0.70479	0.705198	0.705583	0.705659	0.705897	0.706049	0.706092	0.706134	0.706257	0.706381	0.706422	0.706463	0.706453	0.706443	0.706499	0.706555	0.706511	0.706466	0.706513	0.70656	0.706518	0.706475	0.706509	0.706543	0.706512	0.706481	0.706502	0.706524	0.706504	0.706485	0.706496	0.706507	0.706498	
0.730066	0.730055	0.730056	0.730056	0.730064	0.730071	0.730056	0.730041	0.730069	0.730097	0.730063	0.730029	0.730081	0.730134	0.730076	0.730018	0.730094	0.73017	0.730086	0.730002	0.730076	0.730149	0.730052	0.729955	0.729926	0.729897	0.72959	0.729283	0.729064	0.728934	0.728692	0.727671	0.726708	0.728049	0.728818	0.729158	0.729523	0.729377	0.729678	0.729979	0.730014	0.73005	0.730138	0.730226	0.73015	0.730073	0.730162	0.73025	0.730157	0.730063	0.730132	0.730202	0.730126	0.730051	0.730099	0.730148	0.730097	0.730045	0.730076	0.730107	0.730077	0.730047	0.730062	0.730077	0.730066	
0.753652	0.753641	0.753642	0.753643	0.753657	0.753671	0.753654	0.753639	0.753682	0.753725	0.753689	0.753653	0.753733	0.753813	0.753753	0.753694	0.75382	0.753946	0.753858	0.75377	0.753946	0.754122	0.754006	0.75389	0.754101	0.754312	0.754219	0.754126	0.754107	0.754405	0.754538	0.754955	0.755389	0.754939	0.754682	0.754552	0.754322	0.754209	0.754277	0.754345	0.754143	0.753941	0.754046	0.754152	0.753979	0.753807	0.753898	0.75399	0.753853	0.753716	0.753788	0.753859	0.75376	0.753662	0.753713	0.753765	0.7537	0.753635	0.753669	0.753702	0.753666	0.75363	0.753646	0.753663	0.753652	
0.777238	0.777226	0.777228	0.777229	0.777249	0.77727	0.777253	0.777236	0.777294	0.777352	0.777314	0.777277	0.777385	0.777492	0.77743	0.777369	0.777546	0.777723	0.77763	0.777538	0.777817	0.778096	0.77796	0.777824	0.778276	0.778727	0.778848	0.77897	0.779151	0.779431	0.779964	0.781035	0.781674	0.780774	0.77983	0.779477	0.778929	0.77904	0.778875	0.778711	0.778271	0.777831	0.777955	0.778078	0.777809	0.777541	0.777635	0.777729	0.777549	0.77737	0.777443	0.777516	0.777395	0.777273	0.777327	0.777382	0.777304	0.777226	0.777262	0.777298	0.777255	0.777212	0.777231	0.777249	0.777238	
0.800822	0.800811	0.800814	0.800816	0.800837	0.800858	0.800844	0.80083	0.800886	0.800943	0.800911	0.800878	0.800978	0.801077	0.801023	0.80097	0.801118	0.801266	0.801184	0.801101	0.801303	0.801505	0.801372	0.801238	0.801512	0.801786	0.801568	0.801351	0.801251	0.801674	0.801622	0.802162	0.802145	0.801657	0.801495	0.801667	0.801579	0.801358	0.80156	0.801763	0.80148	0.801197	0.801331	0.801464	0.801265	0.801066	0.801156	0.801245	0.801095	0.800945	0.801012	0.80108	0.800969	0.800859	0.800909	0.80096	0.800885	0.800811	0.800845	0.80088	0.800838	0.800796	0.800815	0.800833	0.800822	
0.824406	0.824396	0.8244	0.824404	0.824425	0.824446	0.824435	0.824424	0.824479	0.824535	0.824507	0.82448	0.824571	0.824662	0.824616	0.82457	0.82469	0.82481	0.824737	0.824664	0.824789	0.824914	0.824784	0.824653	0.824749	0.824845	0.824288	0.823732	0.82335	0.822573	0.822086	0.821718	0.821566	0.821499	0.821997	0.822489	0.82318	0.823677	0.824246	0.824814	0.824688	0.824562	0.824706	0.824851	0.824721	0.824591	0.824676	0.824762	0.824641	0.82452	0.824581	0.824643	0.824544	0.824444	0.824491	0.824538	0.824467	0.824396	0.824429	0.824461	0.824421	0.82438	0.824398	0.824417	0.824406	
0.847972	0.847962	0.847967	0.847973	0.847988	0.848003	0.847996	0.847988	0.848027	0.848066	0.848045	0.848023	0.848078	0.848133	0.848095	0.848056	0.848103	0.84815	0.848087	0.848024	0.84801	0.847995	0.847886	0.847777	0.847619	0.847461	0.847172	0.846884	0.846735	0.845849	0.845952	0.846185	0.846388	0.846193	0.845904	0.84571	0.846176	0.846768	0.847116	0.847463	0.847564	0.847664	0.847807	0.84795	0.84794	0.847931	0.848016	0.848101	0.848045	0.847989	0.848047	0.848106	0.84804	0.847975	0.848018	0.848061	0.848007	0.847953	0.847983	0.848014	0.84798	0.847946	0.847964	0.847982	0.847972	
0.871538	0.871528	0.871535	0.871542	0.871551	0.871561	0.871556	0.871552	0.871575	0.871598	0.871582	0.871565	0.871585	0.871604	0.871573	0.871542	0.871516	0.87149	0.871437	0.871384	0.87123	0.871076	0.870989	0.870901	0.870488	0.870076	0.870056	0.870035	0.870121	0.870207	0.871014	0.87182	0.871886	0.871952	0.870999	0.870046	0.869952	0.869859	0.869986	0.870112	0.87044	0.870767	0.870908	0.871049	0.87116	0.87127	0.871356	0.871441	0.871449	0.871457	0.871513	0.871569	0.871537	0.871505	0.871545	0.871585	0.871547	0.871509	0.871538	0.871566	0.871539	0.871512	0.871529	0.871547	0.871538	
0.895082	0.895073	0.895081	0.895089	0.895089	0.89509	0.895089	0.895087	0.89509	0.895093	0.895082	0.89507	0.895055	0.895039	0.895017	0.894995	0.894923	0.89485	0.894817	0.894784	0.894606	0.894428	0.894401	0.894374	0.894085	0.893797	0.893972	0.894148	0.894392	0.894635	0.895098	0.89556	0.895596	0.895632	0.895095	0.894558	0.894275	0.893993	0.893906	0.89382	0.894033	0.894246	0.894329	0.894412	0.894543	0.894674	0.894743	0.894812	0.89486	0.894908	0.894957	0.895007	0.895007	0.895007	0.895042	0.895078	0.89506	0.895042	0.895068	0.895093	0.895075	0.895058	0.895074	0.895091	0.895082	
0.918627	0.918618	0.918627	0.918636	0.918628	0.91862	0.918621	0.918623	0.918605	0.918587	0.918581	0.918575	0.918525	0.918474	0.918461	0.918448	0.918329	0.918211	0.918198	0.918184	0.917982	0.917779	0.917813	0.917847	0.917682	0.917517	0.917889	0.918261	0.918662	0.919064	0.919182	0.9193	0.919306	0.919311	0.919191	0.91907	0.918598	0.918127	0.917827	0.917528	0.917627	0.917726	0.917751	0.917775	0.917926	0.918078	0.91813	0.918182	0.918271	0.91836	0.918402	0.918444	0.918476	0.918509	0.91854	0.918571	0.918573	0.918575	0.918597	0.91862	0.918612	0.918604	0.918619	0.918635	0.918627	
0.942156	0.942148	0.942157	0.942166	0.942151	0.942136	0.94214	0.942144	0.942113	0.942081	0.942081	0.942081	0.942015	0.941949	0.941948	0.941946	0.941828	0.941711	0.941725	0.941739	0.94159	0.941442	0.941528	0.941615	0.9416	0.941585	0.941899	0.942214	0.942468	0.942722	0.942652	0.942581	0.942569	0.942557	0.942659	0.942761	0.942443	0.942125	0.941856	0.941587	0.941554	0.941522	0.941485	0.941448	0.941549	0.94165	0.941673	0.941696	0.941782	0.941868	0.941898	0.941928	0.941973	0.942018	0.942043	0.942069	0.942083	0.942098	0.942118	0.942137	0.942136	0.942135	0.94215	0.942164	0.942156	
0.965685	0.965677	0.965687	0.965697	0.965675	0.965652	0.965659	0.965666	0.965621	0.965575	0.965581	0.965586	0.965505	0.965424	0.965434	0.965445	0.965328	0.965211	0.965252	0.965293	0.965199	0.965105	0.965244	0.965383	0.965518	0.965652	0.965909	0.966166	0.966273	0.96638	0.966121	0.965863	0.965832	0.965802	0.966127	0.966452	0.966287	0.966122	0.965884	0.965646	0.965482	0.965317	0.965219	0.96512	0.965171	0.965222	0.965216	0.96521	0.965293	0.965376	0.965394	0.965412	0.96547	0.965527	0.965547	0.965567	0.965594	0.965621	0.965638	0.965655	0.965661	0.965667	0.96568	0.965693	0.965685	
0.989213	0.989205	0.989215	0.989225	0.9892	0.989174	0.989184	0.989193	0.989144	0.989096	0.989107	0.989118	0.989042	0.988966	0.988988	0.989009	0.988919	0.988829	0.988886	0.988944	0.988906	0.988869	0.989007	0.989144	0.989292	0.98944	0.989607	0.989774	0.989783	0.989791	0.989533	0.989275	0.98925	0.989225	0.989542	0.989858	0.989807	0.989757	0.989604	0.989451	0.989279	0.989108	0.989001	0.988894	0.988895	0.988896	0.988868	0.98884	0.988898	0.988956	0.98896	0.988964	0.989016	0.989069	0.989081	0.989093	0.989123	0.989153	0.989166	0.989179	0.989188	0.989197	0.989209	0.989221	0.989213	
1.01274	1.01273	1.01274	1.01275	1.01272	1.0127	1.01271	1.01272	1.01267	1.01262	1.01263	1.01265	1.01258	1.01251	1.01254	1.01257	1.01251	1.01245	1.01252	1.01259	1.01261	1.01263	1.01277	1.01291	1.01307	1.01323	1.01331	1.01338	1.01329	1.0132	1.01294	1.01269	1.01267	1.01265	1.01296	1.01326	1.01333	1.01339	1.01332	1.01326	1.01308	1.0129	1.01278	1.01267	1.01262	1.01257	1.01252	1.01247	1.0125	1.01254	1.01253	1.01252	1.01256	1.01261	1.01262	1.01262	1.01265	1.01269	1.01269	1.0127	1.01272	1.01273	1.01274	1.01275	1.01274	
1.03627	1.03627	1.03628	1.03629	1.03626	1.03623	1.03625	1.03626	1.03621	1.03617	1.03619	1.03621	1.03615	1.0361	1.03614	1.03617	1.03614	1.0361	1.03618	1.03625	1.03629	1.03633	1.03644	1.03655	1.03668	1.0368	1.03682	1.03684	1.03675	1.03666	1.03647	1.03629	1.03627	1.03626	1.03649	1.03672	1.03679	1.03686	1.03685	1.03683	1.0367	1.03656	1.03647	1.03637	1.03631	1.03624	1.03619	1.03613	1.03614	1.03615	1.03613	1.03611	1.03615	1.03618	1.03618	1.03618	1.0362	1.03623	1.03624	1.03624	1.03625	1.03627	1.03627	1.03628	1.03627	
1.05981	1.0598	1.05981	1.05982	1.0598	1.05977	1.05978	1.0598	1.05976	1.05972	1.05974	1.05977	1.05973	1.05968	1.05973	1.05978	1.05977	1.05976	1.05983	1.05991	1.05997	1.06003	1.06012	1.0602	1.06028	1.06037	1.06033	1.0603	1.06021	1.06013	1.06001	1.05988	1.05987	1.05986	1.06002	1.06018	1.06026	1.06034	1.06037	1.0604	1.06032	1.06023	1.06015	1.06008	1.06	1.05992	1.05986	1.05979	1.05978	1.05977	1.05974	1.05971	1.05973	1.05975	1.05974	1.05973	1.05976	1.05978	1.05978	1.05978	1.05979	1.0598	1.05981	1.05982	1.05981	
1.08335	1.08335	1.08336	1.08337	1.08335	1.08332	1.08334	1.08336	1.08332	1.08329	1.08332	1.08335	1.08332	1.08329	1.08334	1.08338	1.08339	1.0834	1.08346	1.08353	1.08359	1.08366	1.08371	1.08377	1.08383	1.08388	1.08383	1.08379	1.08371	1.08364	1.08356	1.08348	1.08348	1.08347	1.08358	1.08369	1.08375	1.08382	1.08387	1.08392	1.08387	1.08381	1.08376	1.0837	1.08363	1.08355	1.0835	1.08344	1.08341	1.08339	1.08336	1.08332	1.08333	1.08334	1.08332	1.08331	1.08333	1.08334	1.08334	1.08334	1.08335	1.08335	1.08336	1.08336	1.08335	
1.1069	1.10689	1.1069	1.10692	1.1069	1.10688	1.1069	1.10691	1.10689	1.10686	1.1069	1.10693	1.10691	1.1069	1.10695	1.10699	1.10702	1.10704	1.1071	1.10715	1.10722	1.10728	1.10731	1.10734	1.10737	1.10739	1.10733	1.10727	1.10721	1.10715	1.10712	1.10708	1.10708	1.10708	1.10713	1.10719	1.10725	1.10731	1.10737	1.10743	1.10741	1.10739	1.10736	1.10732	1.10726	1.10719	1.10714	1.10708	1.10705	1.10701	1.10697	1.10693	1.10693	1.10693	1.10691	1.10689	1.1069	1.10691	1.1069	1.10689	1.1069	1.1069	1.10691	1.10691	1.1069	
1.13046	1.13045	1.13046	1.13047	1.13046	1.13044	1.13046	1.13048	1.13046	1.13045	1.13048	1.13051	1.13051	1.13051	1.13055	1.13059	1.13062	1.13065	1.1307	1.13074	1.1308	1.13085	1.13086	1.13088	1.13089	1.13091	1.13085	1.13079	1.13075	1.13071	1.13069	1.13067	1.13067	1.13067	1.1307	1.13074	1.13078	1.13083	1.13089	1.13094	1.13094	1.13093	1.13091	1.13089	1.13084	1.13078	1.13074	1.13069	1.13065	1.13061	1.13058	1.13054	1.13053	1.13052	1.1305	1.13047	1.13048	1.13048	1.13047	1.13046	1.13046	1.13046	1.13046	1.13047	1.13046	
1.15402	1.15401	1.15402	1.15403	1.15402	1.15401	1.15403	1.15405	1.15404	1.15403	1.15406	1.15409	1.1541	1.15411	1.15415	1.15419	1.15422	1.15426	1.15429	1.15433	1.15437	1.15442	1.15442	1.15442	1.15442	1.15442	1.15436	1.15431	1.15428	1.15426	1.15426	1.15425	1.15425	1.15425	1.15427	1.15428	1.15431	1.15435	1.1544	1.15445	1.15446	1.15447	1.15446	1.15446	1.15442	1.15437	1.15434	1.1543	1.15426	1.15422	1.15418	1.15415	1.15413	1.15411	1.15408	1.15406	1.15405	1.15405	1.15404	1.15403	1.15403	1.15402	1.15402	1.15402	1.15402	
1.17758	1.17758	1.17759	1.1776	1.17759	1.17758	1.1776	1.17762	1.17762	1.17762	1.17765	1.17767	1.17769	1.1777	1.17774	1.17777	1.17781	1.17784	1.17787	1.17789	1.17793	1.17796	1.17796	1.17795	1.17795	1.17794	1.1779	1.17785	1.17783	1.17781	1.17781	1.17782	1.17782	1.17782	1.17783	1.17783	1.17786	1.17788	1.17793	1.17797	1.17798	1.17799	1.178	1.178	1.17797	1.17794	1.17791	1.17788	1.17784	1.1778	1.17777	1.17774	1.17772	1.17769	1.17767	1.17765	1.17764	1.17763	1.17761	1.1776	1.1776	1.17759	1.17759	1.17759	1.17758	
1.20115	1.20115	1.20115	1.20116	1.20116	1.20116	1.20117	1.20119	1.2012	1.2012	1.20123	1.20126	1.20128	1.2013	1.20132	1.20135	1.20139	1.20142	1.20144	1.20146	1.20148	1.20151	1.2015	1.20148	1.20147	1.20147	1.20143	1.20139	1.20138	1.20137	1.20137	1.20138	1.20138	1.20138	1.20138	1.20138	1.2014	1.20142	1.20146	1.20149	1.20151	1.20152	1.20154	1.20155	1.20152	1.2015	1.20148	1.20146	1.20142	1.20139	1.20136	1.20133	1.2013	1.20128	1.20125	1.20123	1.20122	1.2012	1.20119	1.20118	1.20117	1.20116	1.20116	1.20116	1.20115	
1.22472	1.22472	1.22473	1.22473	1.22473	1.22473	1.22475	1.22477	1.22477	1.22478	1.22481	1.22483	1.22485	1.22487	1.2249	1.22492	1.22495	1.22498	1.22499	1.22501	1.22503	1.22505	1.22503	1.22502	1.22501	1.225	1.22497	1.22494	1.22493	1.22493	1.22493	1.22494	1.22494	1.22494	1.22494	1.22494	1.22495	1.22497	1.225	1.22503	1.22504	1.22505	1.22507	1.22508	1.22506	1.22505	1.22503	1.22502	1.22499	1.22496	1.22493	1.22491	1.22488	1.22485	1.22483	1.22481	1.22479	1.22478	1.22476	1.22475	1.22474	1.22473	1.22473	1.22473	1.22472	
1.24829	1.24829	1.2483	1.2483	1.2483	1.24831	1.24832	1.24834	1.24835	1.24836	1.24838	1.2484	1.24843	1.24845	1.24847	1.24849	1.24852	1.24855	1.24855	1.24856	1.24857	1.24859	1.24857	1.24855	1.24854	1.24854	1.24851	1.24849	1.24849	1.24848	1.24849	1.24849	1.24849	1.2485	1.24849	1.24849	1.2485	1.24851	1.24853	1.24856	1.24857	1.24859	1.2486	1.24861	1.2486	1.24859	1.24859	1.24858	1.24855	1.24852	1.2485	1.24848	1.24846	1.24843	1.24841	1.24839	1.24837	1.24835	1.24834	1.24833	1.24831	1.2483	1.2483	1.2483	1.24829	
1.27187	1.27186	1.27187	1.27187	1.27188	1.27188	1.27189	1.27191	1.27192	1.27193	1.27195	1.27197	1.27199	1.27202	1.27203	1.27205	1.27207	1.2721	1.2721	1.2721	1.27211	1.27212	1.27211	1.27209	1.27208	1.27208	1.27206	1.27204	1.27204	1.27204	1.27204	1.27204	1.27205	1.27205	1.27205	1.27204	1.27205	1.27206	1.27208	1.27209	1.27211	1.27212	1.27213	1.27215	1.27214	1.27213	1.27213	1.27212	1.2721	1.27208	1.27206	1.27204	1.27202	1.27199	1.27198	1.27196	1.27194	1.27192	1.27191	1.2719	1.27189	1.27188	1.27187	1.27187	1.27187	
1.29544	1.29543	1.29544	1.29544	1.29545	1.29545	1.29547	1.29548	1.29549	1.29551	1.29552	1.29554	1.29556	1.29558	1.29559	1.2956	1.29562	1.29565	1.29564	1.29564	1.29565	1.29566	1.29564	1.29563	1.29562	1.29562	1.29561	1.29559	1.29559	1.29559	1.29559	1.29559	1.2956	1.2956	1.2956	1.29559	1.2956	1.29561	1.29562	1.29563	1.29564	1.29565	1.29567	1.29568	1.29568	1.29567	1.29567	1.29567	1.29565	1.29563	1.29562	1.29561	1.29558	1.29556	1.29555	1.29553	1.29551	1.29549	1.29548	1.29547	1.29546	1.29545	1.29544	1.29544	1.29544	
1.31901	1.319	1.31901	1.31901	1.31902	1.31902	1.31903	1.31904	1.31906	1.31907	1.31908	1.3191	1.31912	1.31914	1.31915	1.31915	1.31917	1.31919	1.31919	1.31918	1.31919	1.3192	1.31918	1.31917	1.31917	1.31916	1.31915	1.31914	1.31914	1.31914	1.31914	1.31914	1.31914	1.31915	1.31914	1.31914	1.31915	1.31915	1.31916	1.31917	1.31918	1.31919	1.3192	1.31922	1.31921	1.31921	1.31921	1.31921	1.3192	1.31918	1.31917	1.31916	1.31914	1.31912	1.31911	1.31909	1.31907	1.31906	1.31905	1.31904	1.31903	1.31902	1.31901	1.31901	1.31901	
1.34258	1.34257	1.34258	1.34258	1.34259	1.34259	1.3426	1.34261	1.34262	1.34264	1.34265	1.34266	1.34267	1.34269	1.3427	1.3427	1.34272	1.34273	1.34273	1.34273	1.34273	1.34274	1.34272	1.34271	1.34271	1.34271	1.3427	1.34269	1.34269	1.34269	1.34269	1.34269	1.34269	1.3427	1.34269	1.34269	1.3427	1.3427	1.34271	1.34272	1.34272	1.34273	1.34274	1.34275	1.34275	1.34275	1.34275	1.34275	1.34274	1.34273	1.34272	1.34271	1.34269	1.34268	1.34267	1.34265	1.34264	1.34262	1.34261	1.3426	1.34259	1.34258	1.34258	1.34258	1.34258	
1.36614	1.36614	1.36614	1.36615	1.36615	1.36616	1.36616	1.36617	1.36618	1.36619	1.3662	1.36621	1.36623	1.36624	1.36625	1.36625	1.36626	1.36627	1.36627	1.36627	1.36627	1.36627	1.36626	1.36625	1.36625	1.36625	1.36624	1.36624	1.36624	1.36624	1.36624	1.36624	1.36624	1.36624	1.36624	1.36624	1.36624	1.36625	1.36625	1.36626	1.36626	1.36627	1.36628	1.36629	1.36629	1.36629	1.36629	1.36629	1.36628	1.36627	1.36627	1.36626	1.36624	1.36623	1.36622	1.36621	1.3662	1.36618	1.36617	1.36617	1.36616	1.36615	1.36615	1.36614	1.36614	
1.38971	1.38971	1.38971	1.38971	1.38972	1.38972	1.38973	1.38973	1.38974	1.38975	1.38976	1.38977	1.38978	1.38979	1.38979	1.3898	1.38981	1.38982	1.38981	1.38981	1.38981	1.38981	1.3898	1.3898	1.3898	1.38979	1.38979	1.38978	1.38978	1.38979	1.38979	1.38978	1.38979	1.38979	1.38979	1.38979	1.38979	1.38979	1.3898	1.3898	1.3898	1.38981	1.38982	1.38982	1.38982	1.38982	1.38983	1.38983	1.38982	1.38981	1.38981	1.38981	1.38979	1.38978	1.38977	1.38977	1.38975	1.38974	1.38974	1.38973	1.38972	1.38971	1.38971	1.38971	1.38971	
1.41327	1.41327	1.41327	1.41327	1.41328	1.41328	1.41329	1.41329	1.4133	1.41331	1.41331	1.41332	1.41333	1.41334	1.41334	1.41334	1.41335	1.41336	1.41335	1.41335	1.41335	1.41335	1.41335	1.41334	1.41334	1.41334	1.41333	1.41333	1.41333	1.41333	1.41333	1.41333	1.41333	1.41333	1.41333	1.41333	1.41333	1.41334	1.41334	1.41334	1.41335	1.41335	1.41335	1.41336	1.41336	1.41336	1.41336	1.41337	1.41336	1.41335	1.41335	1.41335	1.41334	1.41333	1.41332	1.41332	1.41331	1.4133	1.41329	1.41329	1.41328	1.41328	1.41327	1.41327	1.41327	
1.43683	1.43683	1.43683	1.43683	1.43684	1.43684	1.43684	1.43685	1.43685	1.43686	1.43686	1.43687	1.43687	1.43688	1.43688	1.43688	1.43689	1.4369	1.43689	1.43689	1.43689	1.43689	1.43689	1.43688	1.43688	1.43688	1.43688	1.43688	1.43688	1.43688	1.43688	1.43688	1.43688	1.43688	1.43688	1.43688	1.43688	1.43688	1.43688	1.43688	1.43689	1.43689	1.43689	1.4369	1.4369	1.4369	1.4369	1.4369	1.4369	1.43689	1.43689	1.43689	1.43688	1.43688	1.43687	1.43687	1.43686	1.43685	1.43685	1.43685	1.43684	1.43684	1.43684	1.43683	1.43683	
1.46039	1.46039	1.46039	1.46039	1.4604	1.4604	1.4604	1.4604	1.46041	1.46041	1.46041	1.46042	1.46042	1.46043	1.46043	1.46043	1.46043	1.46043	1.46043	1.46043	1.46043	1.46043	1.46043	1.46043	1.46043	1.46043	1.46042	1.46042	1.46042	1.46042	1.46042	1.46042	1.46042	1.46042	1.46042	1.46042	1.46042	1.46043	1.46043	1.46043	1.46043	1.46043	1.46043	1.46044	1.46044	1.46044	1.46044	1.46044	1.46044	1.46043	1.46043	1.46043	1.46043	1.46042	1.46042	1.46042	1.46041	1.46041	1.4604	1.4604	1.4604	1.4604	1.46039	1.46039	1.46039	
1.48395	1.48395	1.48395	1.48395	1.48396	1.48396	1.48396	1.48396	1.48396	1.48396	1.48396	1.48397	1.48397	1.48397	1.48397	1.48397	1.48397	1.48397	1.48397	1.48397	1.48397	1.48397	1.48397	1.48397	1.48397	1.48397	1.48397	1.48397	1.48397	1.48397	1.48397	1.48397	1.48397	1.48397	1.48397	1.48397	1.48397	1.48397	1.48397	1.48397	1.48397	1.48397	1.48397	1.48397	1.48397	1.48397	1.48398	1.48398	1.48398	1.48397	1.48397	1.48397	1.48397	1.48397	1.48397	1.48397	1.48396	1.48396	1.48396	1.48396	1.48396	1.48396	1.48395	1.48395	1.48395	
1.50751	1.50751	1.50751	1.50751	1.50751	1.50751	1.50751	1.50751	1.50751	1.50751	1.50751	1.50751	1.50751	1.50751	1.50751	1.50751	1.50751	1.50751	1.50751	1.50751	1.50751	1.50751	1.50751	1.50751	1.50751	1.50751	1.50751	1.50751	1.50751	1.50751	1.50751	1.50751	1.50751	1.50751	1.50751	1.50751	1.50751	1.50751	1.50751	1.50751	1.50751	1.50751	1.50751	1.50751	1.50751	1.50751	1.50751	1.50751	1.50751	1.50751	1.50751	1.50751	1.50751	1.50751	1.50751	1.50751	1.50751	1.50751	1.50751	1.50751	1.50751	1.50751	1.50751	1.50751	1.50751	
