x=125	y=200	z=200	n=65	len=1
b
0	0	0	0	0	0	0	0	0	0	0	0	0	0	0	0	0	0	0	0	0	0	0	0	0	0	0	0	0	0	0	0	0	0	0	0	0	0	0	0	0	0	0	0	0	0	0	0	0	0	0	0	0	0	0	0	0	0	0	0	0	0	0	0	0	
0.0238984	0.0239656	0.0240118	0.0240337	0.0240287	0.0239983	0.0239447	0.0238744	0.0237949	0.0237153	0.0236451	0.0235912	0.0235598	0.0235511	0.0235642	0.0235922	0.0236285	0.0236638	0.0236921	0.0237089	0.0237132	0.0237071	0.023694	0.0236779	0.0236627	0.0236502	0.0236425	0.0236391	0.0236407	0.0236458	0.0236542	0.0236651	0.0236775	0.0236915	0.0237049	0.0237183	0.0237289	0.0237369	0.0237397	0.0237374	0.0237281	0.0237117	0.0236872	0.0236548	0.0236145	0.0235677	0.0235155	0.0234603	0.0234044	0.0233508	0.0233021	0.0232614	0.0232314	0.0232143	0.0232121	0.0232259	0.0232567	0.023304	0.0233672	0.0234441	0.0235322	0.0236268	0.0237233	0.0238158	0.0238984	
0.0477701	0.0479049	0.048	0.0480485	0.0480446	0.0479902	0.0478892	0.0477536	0.0475973	0.0474385	0.0472959	0.0471841	0.0471161	0.0470936	0.0471158	0.0471694	0.0472416	0.0473139	0.0473731	0.0474097	0.0474209	0.0474101	0.0473844	0.0473519	0.0473206	0.0472946	0.0472781	0.0472705	0.0472727	0.0472824	0.0472989	0.0473205	0.0473455	0.0473739	0.0474013	0.0474288	0.0474504	0.047467	0.0474731	0.0474691	0.0474512	0.0474193	0.0473711	0.0473074	0.0472282	0.0471359	0.0470333	0.0469246	0.0468145	0.0467088	0.0466131	0.0465329	0.0464738	0.0464398	0.046435	0.0464613	0.0465208	0.0466122	0.0467346	0.0468833	0.0470536	0.047237	0.047425	0.0476064	0.0477701	
0.0715891	0.0717932	0.071943	0.0720273	0.0720364	0.0719712	0.0718351	0.0716438	0.0714165	0.0711793	0.0709601	0.0707824	0.0706674	0.0706207	0.0706433	0.0707176	0.0708251	0.0709374	0.0710332	0.0710958	0.0711188	0.0711065	0.0710691	0.0710192	0.07097	0.0709281	0.0709005	0.0708864	0.0708878	0.0709008	0.0709246	0.0709568	0.0709947	0.0710384	0.0710808	0.0711234	0.0711573	0.0711833	0.0711938	0.0711891	0.0711638	0.0711176	0.0710475	0.0709543	0.0708386	0.0707037	0.0705539	0.0703956	0.0702355	0.0700821	0.0699432	0.0698268	0.0697406	0.0696902	0.0696814	0.0697167	0.0697991	0.0699267	0.0700987	0.0703083	0.0705498	0.0708116	0.0710824	0.0713468	0.0715891	
0.0953307	0.0956043	0.0958153	0.0959476	0.0959866	0.0959296	0.0957774	0.0955466	0.095259	0.0949473	0.0946477	0.0943938	0.0942169	0.0941299	0.0941391	0.0942251	0.0943654	0.0945211	0.0946614	0.0947593	0.0948026	0.0947941	0.0947466	0.0946784	0.0946084	0.0945469	0.0945047	0.0944809	0.0944787	0.0944928	0.0945229	0.0945657	0.0946168	0.0946772	0.0947361	0.0947954	0.0948427	0.0948794	0.0948954	0.0948913	0.0948602	0.0948013	0.0947113	0.0945911	0.0944422	0.0942688	0.0940769	0.0938749	0.0936715	0.0934773	0.0933016	0.0931548	0.0930453	0.0929801	0.0929659	0.0930056	0.0931028	0.0932554	0.0934628	0.0937177	0.0940139	0.0943383	0.0946781	0.0950152	0.0953307	
0.118973	0.119312	0.119589	0.119782	0.11987	0.119845	0.119703	0.119457	0.119127	0.118751	0.11837	0.11803	0.117774	0.117626	0.117602	0.117684	0.11785	0.118052	0.118245	0.118391	0.118467	0.118471	0.118417	0.11833	0.118235	0.118149	0.118088	0.118049	0.11804	0.118052	0.118087	0.11814	0.118206	0.118284	0.118362	0.118439	0.118501	0.118549	0.118572	0.11857	0.118534	0.118464	0.118356	0.118212	0.118034	0.117827	0.1176	0.117362	0.117125	0.116899	0.116696	0.116527	0.116401	0.116325	0.116305	0.116345	0.116448	0.116613	0.116839	0.117119	0.117449	0.117814	0.118202	0.118595	0.118973	
0.1425	0.142894	0.143235	0.143498	0.143655	0.14369	0.14359	0.143361	0.143017	0.142596	0.142142	0.14171	0.141357	0.141122	0.141037	0.141094	0.141272	0.141516	0.141772	0.141981	0.142106	0.142135	0.142082	0.141976	0.141853	0.141736	0.141648	0.141589	0.141568	0.141575	0.141613	0.141677	0.141757	0.141857	0.141954	0.142051	0.142128	0.142188	0.142218	0.142218	0.142179	0.142098	0.141975	0.141809	0.141606	0.141372	0.141118	0.140856	0.140596	0.140352	0.140134	0.139955	0.139821	0.13974	0.139717	0.139755	0.139857	0.14002	0.140246	0.140529	0.140864	0.141242	0.141653	0.142078	0.1425	
0.165904	0.166334	0.16673	0.167065	0.167306	0.167427	0.167405	0.167234	0.166916	0.166481	0.165973	0.165453	0.164989	0.164642	0.164463	0.164461	0.164627	0.164904	0.165227	0.165516	0.165711	0.165786	0.165743	0.165622	0.165466	0.165311	0.165188	0.165101	0.165061	0.165058	0.165098	0.165173	0.165271	0.165393	0.165512	0.165628	0.165721	0.165792	0.165829	0.16583	0.165787	0.165696	0.165558	0.165373	0.16515	0.164896	0.164625	0.164349	0.164082	0.163835	0.16362	0.163446	0.163318	0.163243	0.163223	0.163258	0.163352	0.163502	0.163709	0.163969	0.164282	0.164641	0.165039	0.165465	0.165904	
0.189193	0.189628	0.190057	0.190454	0.190784	0.191013	0.191104	0.191036	0.190795	0.190395	0.189869	0.189279	0.188703	0.188222	0.18791	0.187808	0.187924	0.188211	0.188596	0.188978	0.18927	0.189416	0.189405	0.189275	0.189082	0.18888	0.188713	0.188589	0.188522	0.188504	0.188543	0.188633	0.188749	0.188896	0.189038	0.189172	0.189278	0.189359	0.189402	0.189403	0.189354	0.18925	0.189096	0.188892	0.188653	0.188387	0.188111	0.187837	0.187579	0.18735	0.187156	0.187006	0.186903	0.186847	0.186839	0.186876	0.18696	0.187086	0.187257	0.187471	0.187731	0.188036	0.188385	0.188773	0.189193	
0.212389	0.212787	0.213215	0.21365	0.214059	0.214403	0.214635	0.214715	0.214608	0.214305	0.213819	0.213202	0.21253	0.211904	0.211426	0.211172	0.211185	0.211439	0.211867	0.212348	0.212762	0.213015	0.213063	0.212941	0.212712	0.212454	0.21223	0.212056	0.211954	0.211916	0.211954	0.212062	0.212201	0.212372	0.212536	0.212684	0.2128	0.212889	0.212935	0.212931	0.212872	0.21275	0.212577	0.212356	0.212105	0.211835	0.211566	0.211311	0.211082	0.210891	0.210743	0.210641	0.210582	0.210563	0.210581	0.210628	0.210703	0.210799	0.210922	0.211069	0.21125	0.211466	0.211726	0.212034	0.212389	
0.235538	0.235849	0.236226	0.236655	0.237113	0.237559	0.237942	0.238206	0.238291	0.238159	0.237791	0.237215	0.236494	0.235737	0.23507	0.234613	0.234455	0.234611	0.235037	0.235604	0.23616	0.236559	0.23671	0.236624	0.236365	0.236043	0.235748	0.235511	0.235364	0.235302	0.235341	0.235471	0.235638	0.235831	0.236012	0.23617	0.236291	0.236385	0.236429	0.236414	0.236336	0.236189	0.235993	0.235753	0.235494	0.23523	0.234981	0.234762	0.234584	0.234456	0.234378	0.234348	0.234357	0.234397	0.234456	0.234524	0.234595	0.234662	0.234729	0.234796	0.234875	0.234974	0.235109	0.235293	0.235538	
0.258699	0.258871	0.259139	0.259505	0.259958	0.260468	0.260984	0.261441	0.261762	0.261874	0.261718	0.261281	0.260595	0.259758	0.258909	0.258209	0.257805	0.257775	0.258121	0.258729	0.259427	0.26001	0.260319	0.260315	0.260046	0.259657	0.259275	0.258962	0.258763	0.258676	0.258716	0.258876	0.259075	0.259283	0.259472	0.259634	0.259757	0.259852	0.259889	0.259851	0.259742	0.259559	0.259333	0.259074	0.258812	0.258562	0.258349	0.258185	0.258081	0.25804	0.258058	0.258125	0.258226	0.258343	0.258461	0.258562	0.258639	0.258681	0.258691	0.258672	0.258638	0.258601	0.258585	0.25861	0.258699	
0.281946	0.281933	0.282035	0.28227	0.282647	0.283151	0.283747	0.284372	0.284939	0.285348	0.285497	0.285319	0.284792	0.283976	0.282998	0.28205	0.281337	0.281018	0.28117	0.281728	0.282527	0.283312	0.28384	0.283985	0.283747	0.283303	0.282821	0.282416	0.282161	0.282057	0.2821	0.282291	0.282526	0.282737	0.282921	0.283083	0.283209	0.2833	0.28332	0.28324	0.283083	0.282852	0.28259	0.282313	0.282053	0.28183	0.281667	0.281578	0.281571	0.281642	0.281781	0.281967	0.282179	0.28239	0.282579	0.282725	0.282815	0.282839	0.2828	0.2827	0.282553	0.282378	0.2822	0.282045	0.281946	
0.30535	0.305127	0.305017	0.305057	0.305276	0.305684	0.30627	0.30699	0.307762	0.308477	0.308998	0.309197	0.308981	0.30834	0.307355	0.306217	0.305172	0.304468	0.304284	0.30465	0.305449	0.306406	0.307198	0.307574	0.307441	0.306976	0.306392	0.305888	0.30558	0.305467	0.305511	0.30573	0.305999	0.306197	0.306361	0.306526	0.306661	0.30674	0.306724	0.306578	0.306352	0.306062	0.305762	0.30547	0.30522	0.305036	0.304942	0.30495	0.305063	0.30527	0.305549	0.305871	0.306203	0.306515	0.306779	0.306972	0.30708	0.307094	0.307016	0.306849	0.306608	0.306309	0.305979	0.305647	0.30535	
0.328969	0.32854	0.3282	0.328	0.327988	0.328201	0.328659	0.329352	0.330227	0.331186	0.332082	0.33274	0.332989	0.332719	0.331924	0.330741	0.329422	0.328289	0.327633	0.327618	0.328237	0.329254	0.330302	0.330988	0.331067	0.330658	0.329998	0.329403	0.32905	0.328938	0.328973	0.329195	0.329487	0.329658	0.329794	0.329977	0.330132	0.33018	0.330095	0.329851	0.329537	0.329186	0.32885	0.328551	0.328325	0.328196	0.328193	0.328322	0.328579	0.328941	0.329373	0.329834	0.330284	0.330687	0.331013	0.331243	0.331364	0.331371	0.331267	0.331055	0.330748	0.330362	0.329918	0.329442	0.328969	
0.35282	0.352231	0.351686	0.351239	0.350951	0.350885	0.351093	0.351608	0.352423	0.353483	0.354661	0.355772	0.356584	0.356881	0.356528	0.355548	0.354134	0.352633	0.351434	0.350853	0.351049	0.351906	0.353099	0.354113	0.35453	0.35431	0.353656	0.353008	0.352611	0.352497	0.352507	0.352684	0.352963	0.353111	0.353236	0.353459	0.353637	0.353616	0.353411	0.35304	0.352629	0.352224	0.351865	0.351574	0.351388	0.35134	0.351455	0.351737	0.352163	0.352694	0.353278	0.353863	0.354404	0.354863	0.355219	0.355456	0.355572	0.355567	0.355446	0.355216	0.354886	0.354465	0.353967	0.353411	0.35282	
0.37687	0.376208	0.37553	0.374884	0.374331	0.373945	0.373808	0.373995	0.374556	0.3755	0.376761	0.378188	0.37954	0.380523	0.380859	0.380403	0.379213	0.377569	0.375902	0.374659	0.374187	0.374573	0.37565	0.376889	0.377727	0.377877	0.377394	0.376763	0.376302	0.37617	0.376147	0.3762	0.376391	0.376546	0.37672	0.376995	0.377166	0.377009	0.376627	0.376116	0.375622	0.375188	0.374828	0.374566	0.374449	0.374519	0.374797	0.375268	0.375886	0.376587	0.3773	0.377967	0.378541	0.378997	0.379323	0.379519	0.379595	0.379561	0.379429	0.379207	0.378898	0.378507	0.378035	0.377486	0.37687	
0.401024	0.400409	0.399718	0.398977	0.398236	0.397564	0.397053	0.39681	0.396939	0.397521	0.39858	0.400051	0.401747	0.403364	0.404523	0.404896	0.404331	0.402946	0.401106	0.399315	0.398069	0.397682	0.398255	0.399419	0.400619	0.40129	0.401186	0.400661	0.400119	0.399986	0.399952	0.399776	0.399752	0.399968	0.400284	0.400573	0.400638	0.400271	0.399684	0.39906	0.398529	0.398103	0.397772	0.397572	0.397572	0.397822	0.398322	0.399025	0.399844	0.400691	0.401477	0.402147	0.402666	0.403028	0.403245	0.403336	0.403328	0.403244	0.4031	0.402905	0.402659	0.402359	0.401994	0.401552	0.401024	
0.42513	0.424692	0.424132	0.42345	0.422666	0.421828	0.421014	0.420339	0.419937	0.419955	0.420512	0.421663	0.423338	0.425309	0.427192	0.428528	0.428938	0.428301	0.426794	0.424856	0.423025	0.421778	0.42149	0.42211	0.423349	0.424469	0.424829	0.424506	0.424005	0.423989	0.423955	0.423433	0.423058	0.423363	0.423878	0.424069	0.423885	0.423285	0.422542	0.421883	0.421383	0.421009	0.420749	0.420671	0.420873	0.421394	0.422187	0.423152	0.424152	0.425074	0.425829	0.42638	0.426724	0.426884	0.426905	0.426828	0.426695	0.426539	0.426379	0.426224	0.426071	0.425908	0.425713	0.425463	0.425131	
0.449016	0.448854	0.448558	0.4481	0.447462	0.446652	0.445715	0.444736	0.443848	0.443227	0.443069	0.443547	0.44475	0.446606	0.448832	0.450961	0.452459	0.452936	0.452305	0.450813	0.448908	0.447121	0.445966	0.445686	0.446378	0.447386	0.44792	0.447868	0.447753	0.448052	0.447937	0.44703	0.446328	0.446656	0.447233	0.447195	0.446724	0.445986	0.445228	0.444637	0.444239	0.443966	0.443853	0.444009	0.444544	0.44545	0.446593	0.447801	0.448889	0.449743	0.450305	0.45058	0.450614	0.450474	0.450231	0.449946	0.44967	0.449436	0.449263	0.449154	0.449103	0.449092	0.449096	0.449084	0.449016	
0.472532	0.472677	0.472718	0.472606	0.47229	0.471735	0.47093	0.469906	0.468748	0.467612	0.466716	0.466317	0.466657	0.467863	0.469851	0.472279	0.474602	0.476249	0.476834	0.476326	0.474973	0.473263	0.471718	0.470685	0.470368	0.470316	0.470253	0.470343	0.470863	0.471518	0.471184	0.470094	0.469413	0.469659	0.469965	0.46968	0.469141	0.468465	0.467829	0.467397	0.467182	0.467108	0.467286	0.46786	0.46889	0.470266	0.471734	0.473048	0.474018	0.474573	0.47473	0.474566	0.474186	0.473692	0.473173	0.472694	0.472298	0.472009	0.471837	0.471777	0.471818	0.471942	0.472124	0.472333	0.472532	
0.495633	0.49602	0.496366	0.496617	0.496711	0.496579	0.496161	0.495413	0.49434	0.493018	0.491619	0.490412	0.489731	0.489887	0.491042	0.493096	0.495649	0.498112	0.499883	0.500613	0.500262	0.499159	0.497795	0.496576	0.495454	0.494016	0.49286	0.492616	0.493195	0.493621	0.492973	0.492199	0.492013	0.492213	0.492103	0.491716	0.491392	0.490894	0.490425	0.490259	0.49042	0.490772	0.491471	0.492659	0.494273	0.496052	0.497624	0.498726	0.499239	0.499207	0.498763	0.498063	0.497257	0.496455	0.495738	0.495149	0.494709	0.494422	0.494282	0.494275	0.494386	0.494599	0.494892	0.495246	0.495633	
0.518441	0.518924	0.519429	0.519923	0.520358	0.520663	0.520755	0.520534	0.519919	0.518866	0.51743	0.515794	0.514281	0.513308	0.51325	0.51429	0.516312	0.518905	0.521454	0.523385	0.5243	0.52417	0.523345	0.522379	0.521152	0.519331	0.517834	0.516831	0.515915	0.51483	0.513951	0.514045	0.51439	0.51461	0.514378	0.513994	0.513767	0.51334	0.513179	0.513654	0.51459	0.515649	0.51701	0.518811	0.520822	0.522632	0.523821	0.524221	0.523897	0.523064	0.521966	0.520803	0.519714	0.51878	0.518036	0.517487	0.517122	0.516919	0.516854	0.516908	0.517061	0.517302	0.517618	0.518001	0.518441	
0.541255	0.541661	0.542125	0.542642	0.543197	0.543751	0.54424	0.544564	0.544596	0.54419	0.543243	0.541763	0.539942	0.538164	0.536907	0.536581	0.537395	0.53929	0.541883	0.544621	0.546856	0.548039	0.548151	0.547836	0.547267	0.546455	0.545827	0.544034	0.540534	0.537226	0.536398	0.537644	0.53805	0.537893	0.537729	0.537172	0.536543	0.536176	0.536888	0.538683	0.540713	0.542409	0.544135	0.546097	0.547903	0.549044	0.549209	0.548471	0.547144	0.545588	0.544066	0.542737	0.541672	0.54088	0.540337	0.540003	0.539833	0.539791	0.53984	0.539959	0.540131	0.540347	0.540603	0.540905	0.541255	
0.564462	0.564667	0.564924	0.565251	0.565663	0.566162	0.566735	0.56733	0.567853	0.568142	0.567993	0.56721	0.565756	0.563834	0.561853	0.560288	0.559556	0.559975	0.56162	0.564297	0.567403	0.569956	0.571408	0.572354	0.573362	0.574477	0.57522	0.573085	0.567608	0.562699	0.562161	0.564339	0.564326	0.563086	0.562489	0.561376	0.56037	0.560827	0.56312	0.56625	0.568805	0.570392	0.571693	0.572965	0.573736	0.573568	0.572384	0.570547	0.568544	0.566736	0.565293	0.564255	0.563583	0.563209	0.563057	0.563061	0.563158	0.563309	0.563482	0.563658	0.563826	0.563984	0.564136	0.564291	0.564462	
0.588346	0.588331	0.588335	0.588378	0.588492	0.588703	0.589039	0.589512	0.590102	0.590731	0.591227	0.591309	0.590706	0.589333	0.587398	0.585254	0.583281	0.581958	0.581814	0.583216	0.586	0.589237	0.59185	0.594008	0.59667	0.599731	0.601704	0.600369	0.595236	0.590391	0.590657	0.593085	0.592163	0.58969	0.588021	0.586184	0.585476	0.587597	0.59141	0.594689	0.596325	0.596784	0.596947	0.596953	0.596373	0.594952	0.592848	0.5906	0.588695	0.58735	0.586553	0.5862	0.586167	0.586343	0.586629	0.586965	0.587298	0.587602	0.587857	0.588059	0.588203	0.588296	0.588343	0.588355	0.588346	
0.612887	0.612743	0.612582	0.612415	0.612268	0.612168	0.612154	0.612272	0.612566	0.613063	0.613715	0.614326	0.614556	0.614063	0.612813	0.610986	0.608728	0.606291	0.604254	0.603384	0.604322	0.607028	0.610268	0.613049	0.616256	0.620157	0.622233	0.621805	0.619203	0.616549	0.618113	0.619816	0.61807	0.615831	0.613745	0.611612	0.611303	0.614002	0.617753	0.619756	0.619625	0.618875	0.618248	0.617504	0.616225	0.614299	0.61211	0.610315	0.609264	0.608917	0.609055	0.609483	0.61005	0.610658	0.611234	0.611748	0.612176	0.612519	0.612773	0.612948	0.61305	0.613087	0.613067	0.612997	0.612887	
0.637685	0.637556	0.637399	0.637214	0.637008	0.63679	0.636581	0.636416	0.636355	0.636483	0.636878	0.637519	0.638193	0.638466	0.638046	0.636967	0.635214	0.6327	0.629653	0.626772	0.625279	0.626321	0.629141	0.631714	0.634321	0.638229	0.639962	0.639308	0.638779	0.638952	0.640955	0.640863	0.639189	0.638933	0.638073	0.636854	0.637	0.638478	0.640245	0.6407	0.639718	0.638855	0.638409	0.63776	0.636448	0.634584	0.63287	0.632035	0.632113	0.632748	0.633602	0.634487	0.6353	0.635999	0.636567	0.637012	0.637344	0.637583	0.637742	0.637839	0.637884	0.637885	0.637851	0.637783	0.637685	
0.66209	0.662078	0.662064	0.662038	0.661995	0.661926	0.661827	0.661693	0.661543	0.661444	0.661525	0.661927	0.662654	0.663358	0.663609	0.663342	0.662564	0.661002	0.658474	0.65517	0.652004	0.650536	0.650814	0.651164	0.65182	0.655605	0.6588	0.658187	0.657313	0.658904	0.661021	0.659247	0.657696	0.659243	0.660524	0.661455	0.66274	0.662942	0.662328	0.662029	0.661845	0.661807	0.661766	0.661205	0.659738	0.657882	0.656734	0.656862	0.657794	0.658892	0.659844	0.6606	0.661166	0.66157	0.661837	0.662004	0.662096	0.662141	0.662154	0.66215	0.662138	0.662123	0.66211	0.662099	0.66209	
0.68553	0.685619	0.685737	0.685881	0.686047	0.686228	0.686412	0.686575	0.686683	0.686717	0.686718	0.686857	0.687359	0.688123	0.688766	0.689195	0.689364	0.688879	0.687568	0.685478	0.682719	0.680019	0.678008	0.676046	0.674218	0.676055	0.680082	0.680592	0.678476	0.67951	0.682153	0.680822	0.678932	0.680376	0.683031	0.687057	0.694741	0.694646	0.688585	0.686114	0.686566	0.687328	0.687234	0.686335	0.684714	0.683219	0.682949	0.683865	0.684986	0.685731	0.686094	0.68624	0.686254	0.686186	0.68607	0.685936	0.685803	0.685681	0.685581	0.685503	0.685453	0.68543	0.685435	0.685467	0.68553	
0.70788	0.707941	0.708027	0.70814	0.708282	0.708453	0.708653	0.70887	0.709067	0.709175	0.70909	0.708757	0.70854	0.708748	0.709046	0.7092	0.709295	0.709256	0.709089	0.708848	0.708387	0.707536	0.706418	0.704443	0.701367	0.700719	0.704253	0.705896	0.703292	0.703039	0.705436	0.704916	0.702749	0.703178	0.70313	0.710217	0.728328	0.733903	0.725524	0.708419	0.70821	0.708518	0.70807	0.707626	0.707067	0.707124	0.708287	0.709709	0.710353	0.710251	0.709895	0.709552	0.709233	0.708936	0.708677	0.708456	0.708275	0.708129	0.708016	0.707931	0.707873	0.70784	0.70783	0.707844	0.70788	
0.729638	0.729568	0.729485	0.729384	0.729262	0.729117	0.728944	0.72874	0.728492	0.728235	0.72798	0.727647	0.72745	0.727625	0.727831	0.727545	0.726945	0.726712	0.727155	0.728036	0.728941	0.729479	0.729496	0.728779	0.726963	0.726451	0.729854	0.732559	0.730828	0.729939	0.731749	0.731287	0.728654	0.727415	0.726458	0.725861	0.73474	0.745458	0.742571	0.727378	0.726688	0.726197	0.72653	0.727382	0.727964	0.728616	0.7294	0.729922	0.730093	0.730115	0.730112	0.73009	0.730056	0.730022	0.72999	0.72996	0.729934	0.729908	0.729882	0.729853	0.729822	0.729786	0.729745	0.729696	0.729638	
0.75169	0.751555	0.751386	0.751179	0.750935	0.750651	0.750331	0.749978	0.749629	0.749402	0.74939	0.74951	0.749617	0.749708	0.749834	0.749772	0.749503	0.749551	0.750168	0.751122	0.751945	0.752295	0.752163	0.752145	0.752149	0.75287	0.755171	0.757243	0.756833	0.756419	0.758699	0.759378	0.756768	0.753883	0.752734	0.74961	0.74346	0.744743	0.743678	0.747326	0.747386	0.747555	0.749246	0.750814	0.751472	0.75134	0.750633	0.749791	0.749446	0.749696	0.750153	0.750536	0.750856	0.751129	0.751355	0.751538	0.751683	0.75179	0.751865	0.751909	0.751923	0.751908	0.751865	0.751793	0.75169	
0.774711	0.774662	0.774602	0.774536	0.774472	0.774421	0.774396	0.774415	0.774519	0.774748	0.775011	0.775027	0.774615	0.774026	0.773777	0.774049	0.774632	0.775438	0.776403	0.777467	0.778457	0.779067	0.77905	0.778821	0.77908	0.780278	0.780809	0.7797	0.778746	0.77904	0.78206	0.784327	0.782634	0.779431	0.776524	0.773001	0.768226	0.766142	0.768535	0.770783	0.771389	0.772218	0.774165	0.776069	0.777237	0.777545	0.777012	0.775866	0.774747	0.774104	0.773871	0.77383	0.773887	0.773996	0.774129	0.774267	0.774397	0.774511	0.774606	0.774678	0.774728	0.774754	0.77476	0.774744	0.774711	
0.798782	0.798888	0.799015	0.799167	0.799348	0.799561	0.799805	0.800071	0.800341	0.800551	0.800539	0.800113	0.799371	0.798833	0.799012	0.799864	0.800977	0.802181	0.803455	0.804724	0.805728	0.806083	0.805811	0.805195	0.804765	0.804724	0.803505	0.800555	0.79861	0.798579	0.800613	0.803012	0.802913	0.80084	0.799186	0.798009	0.795898	0.794502	0.79475	0.795527	0.795997	0.796823	0.798556	0.800676	0.802655	0.804114	0.804562	0.803888	0.802618	0.80137	0.800389	0.799667	0.799155	0.798807	0.798586	0.798458	0.798397	0.798381	0.798397	0.798432	0.798483	0.798543	0.798612	0.798691	0.798782	
0.823474	0.823666	0.823885	0.82412	0.824365	0.824598	0.824794	0.824916	0.824911	0.824702	0.824211	0.823478	0.822852	0.822894	0.82382	0.825279	0.826801	0.82821	0.829472	0.830469	0.830951	0.830611	0.829641	0.82834	0.826875	0.824962	0.822421	0.819962	0.818214	0.817173	0.817682	0.820073	0.822216	0.822361	0.82232	0.821836	0.819202	0.816824	0.816482	0.817275	0.818166	0.819275	0.820781	0.822681	0.824896	0.827063	0.828582	0.82908	0.828687	0.827833	0.826863	0.825949	0.82516	0.824513	0.824005	0.823623	0.823349	0.823168	0.823062	0.82302	0.82303	0.823085	0.82318	0.823311	0.823474	
0.84815	0.84828	0.84841	0.848517	0.848581	0.848568	0.848447	0.848183	0.847751	0.847152	0.846462	0.845928	0.845962	0.846866	0.848459	0.850198	0.85167	0.852761	0.8535	0.853831	0.853607	0.852591	0.850942	0.849112	0.847556	0.845933	0.843678	0.841693	0.840021	0.838717	0.839674	0.842954	0.845769	0.846597	0.846899	0.846378	0.843911	0.840738	0.839043	0.839243	0.839955	0.840564	0.841106	0.842141	0.844013	0.846426	0.848799	0.850571	0.851495	0.8517	0.85146	0.850988	0.850425	0.849858	0.849339	0.848895	0.848535	0.848261	0.848067	0.847948	0.847893	0.847896	0.847946	0.848034	0.84815	
0.872306	0.872245	0.872144	0.871981	0.871733	0.871381	0.870915	0.870343	0.869712	0.86913	0.868794	0.868991	0.869939	0.871565	0.873426	0.874966	0.875902	0.876241	0.876119	0.875532	0.874365	0.872512	0.870438	0.868933	0.868436	0.8685	0.867912	0.866781	0.865613	0.865521	0.867682	0.870638	0.872014	0.871703	0.87143	0.871722	0.871666	0.869775	0.867255	0.866098	0.865652	0.864876	0.863699	0.863118	0.863784	0.865539	0.86788	0.870207	0.872063	0.873304	0.874003	0.874287	0.874288	0.874117	0.873859	0.87357	0.873288	0.873036	0.872824	0.872659	0.872535	0.87245	0.872392	0.872349	0.872306	
0.895777	0.895482	0.895128	0.894703	0.894206	0.89365	0.89307	0.892534	0.892153	0.892084	0.892506	0.89354	0.89513	0.896945	0.898487	0.89933	0.89937	0.898751	0.897659	0.896091	0.894004	0.891632	0.889817	0.889356	0.890185	0.891484	0.892303	0.892804	0.893414	0.894847	0.89697	0.898206	0.897856	0.896665	0.895889	0.896268	0.897661	0.897908	0.896447	0.895105	0.894188	0.892714	0.890396	0.888252	0.887177	0.8874	0.88869	0.890556	0.892494	0.894178	0.895479	0.896389	0.896963	0.897272	0.897389	0.897375	0.89728	0.897137	0.896971	0.896796	0.896616	0.896433	0.896238	0.896024	0.895777	
0.918734	0.918279	0.917778	0.917249	0.91672	0.91624	0.915881	0.915743	0.915936	0.916564	0.917672	0.91918	0.920846	0.922268	0.923032	0.922907	0.921973	0.920449	0.918523	0.91623	0.913712	0.911569	0.91073	0.911671	0.913753	0.915743	0.917056	0.918358	0.919977	0.921751	0.922971	0.922637	0.921295	0.920201	0.919734	0.919927	0.921081	0.922237	0.922402	0.922066	0.921622	0.920491	0.918319	0.915732	0.91356	0.912361	0.91225	0.913024	0.9143	0.915729	0.917078	0.918221	0.919115	0.919761	0.92019	0.920436	0.920539	0.920531	0.920439	0.92028	0.920066	0.919806	0.919497	0.919141	0.918734	
0.941535	0.941068	0.940606	0.940193	0.939876	0.939726	0.939814	0.940214	0.940977	0.942093	0.943476	0.944919	0.946121	0.946732	0.946505	0.945415	0.943677	0.941561	0.939268	0.936933	0.934904	0.9339	0.934581	0.936867	0.939638	0.941609	0.942507	0.943154	0.943998	0.944878	0.94528	0.944517	0.94314	0.942407	0.94246	0.942855	0.943634	0.944742	0.94568	0.946151	0.946321	0.945965	0.944733	0.942763	0.940579	0.938775	0.937683	0.937394	0.937752	0.938528	0.939491	0.940471	0.941362	0.942101	0.94267	0.943065	0.943303	0.943399	0.943377	0.943251	0.943036	0.942746	0.942391	0.941983	0.941535	
0.964525	0.964206	0.963956	0.963828	0.963872	0.964142	0.964678	0.965492	0.966553	0.967765	0.968957	0.969891	0.9703	0.969964	0.968822	0.967023	0.964876	0.962686	0.960709	0.95919	0.958531	0.959197	0.961265	0.964051	0.966315	0.967293	0.967203	0.966839	0.966605	0.966531	0.966476	0.965974	0.965057	0.964545	0.964765	0.965375	0.966126	0.96707	0.968062	0.968731	0.969214	0.969472	0.969168	0.96813	0.966565	0.964905	0.963508	0.962614	0.962249	0.962347	0.962765	0.963358	0.96401	0.964628	0.965161	0.965572	0.965855	0.966004	0.966034	0.965953	0.965777	0.965525	0.965216	0.964874	0.964525	
0.987902	0.987839	0.987892	0.988103	0.988504	0.98911	0.989916	0.990874	0.991893	0.992829	0.993498	0.993697	0.993258	0.992117	0.990384	0.988326	0.9863	0.984629	0.983583	0.983398	0.984278	0.986223	0.988745	0.990874	0.991715	0.99131	0.99047	0.989823	0.989293	0.988813	0.988389	0.987987	0.987629	0.987388	0.987467	0.988007	0.988781	0.98964	0.990511	0.991115	0.99164	0.992135	0.992354	0.992041	0.991188	0.990013	0.988778	0.987739	0.987011	0.986643	0.986586	0.986764	0.987088	0.987471	0.987852	0.988181	0.988434	0.988592	0.988658	0.988635	0.988541	0.988392	0.988215	0.988041	0.987902	
1.01169	1.0119	1.01225	1.01273	1.01337	1.01413	1.01497	1.0158	1.0165	1.01694	1.01696	1.01645	1.01535	1.01375	1.01187	1.01004	1.00861	1.00786	1.00796	1.00898	1.01081	1.01306	1.01503	1.01592	1.0154	1.01411	1.01312	1.01272	1.01235	1.01187	1.01119	1.01061	1.0106	1.01068	1.01067	1.01104	1.01172	1.01249	1.01325	1.01377	1.01424	1.01474	1.01513	1.01521	1.01487	1.01418	1.01327	1.01236	1.01155	1.01097	1.01061	1.01046	1.01049	1.01062	1.01081	1.01102	1.0112	1.01135	1.01144	1.01149	1.01151	1.01151	1.01152	1.01157	1.01169	
1.03576	1.0362	1.03674	1.03738	1.03808	1.0388	1.03947	1.03999	1.04024	1.04013	1.03958	1.03855	1.03712	1.03546	1.03386	1.03263	1.03205	1.03226	1.03326	1.03492	1.03688	1.03864	1.03961	1.0394	1.03817	1.03674	1.03594	1.03576	1.03556	1.03523	1.03455	1.03387	1.03391	1.03413	1.03417	1.03444	1.03495	1.03558	1.03623	1.03671	1.03714	1.03756	1.03794	1.03816	1.0381	1.03776	1.03717	1.03646	1.03574	1.03511	1.03461	1.03427	1.03408	1.03402	1.03405	1.03413	1.03425	1.03438	1.03451	1.03464	1.03478	1.03494	1.03515	1.03541	1.03576	
1.05995	1.06052	1.06114	1.06178	1.0624	1.06293	1.0633	1.06343	1.06324	1.06268	1.06174	1.06049	1.05907	1.0577	1.05666	1.05618	1.05639	1.0573	1.05874	1.06043	1.06197	1.06294	1.063	1.06216	1.06083	1.05966	1.0591	1.05899	1.05885	1.05867	1.05819	1.05763	1.05761	1.05775	1.05785	1.05807	1.05841	1.05888	1.05941	1.05984	1.06024	1.06059	1.06092	1.06116	1.06122	1.06107	1.06071	1.06021	1.05962	1.05904	1.05852	1.05811	1.0578	1.05761	1.05753	1.05753	1.0576	1.05772	1.05788	1.05809	1.05835	1.05865	1.05902	1.05945	1.05995	
1.08409	1.08467	1.08525	1.08578	1.08621	1.08648	1.08652	1.0863	1.08577	1.08494	1.08387	1.08267	1.08153	1.08065	1.08024	1.08041	1.08118	1.08241	1.08386	1.0852	1.08612	1.08636	1.08585	1.08482	1.08369	1.08288	1.0825	1.08238	1.08229	1.08221	1.08194	1.08162	1.08157	1.0816	1.08169	1.08184	1.08204	1.08236	1.08274	1.08311	1.08346	1.08376	1.08405	1.08427	1.08437	1.08433	1.08411	1.08377	1.08332	1.08283	1.08236	1.08194	1.0816	1.08136	1.08122	1.08117	1.08122	1.08134	1.08154	1.08181	1.08215	1.08255	1.08301	1.08353	1.08409	
1.10805	1.10856	1.10901	1.10935	1.10955	1.10955	1.10932	1.10884	1.10813	1.10722	1.10623	1.10529	1.10457	1.10422	1.10435	1.10498	1.106	1.10723	1.1084	1.10926	1.1096	1.10934	1.10858	1.10761	1.10678	1.10627	1.10601	1.1059	1.10586	1.10585	1.10575	1.10564	1.1056	1.10557	1.10563	1.10571	1.10579	1.10597	1.10621	1.10649	1.10678	1.10703	1.10728	1.10747	1.10759	1.1076	1.10749	1.10726	1.10693	1.10655	1.10615	1.10578	1.10546	1.10522	1.10507	1.10502	1.10506	1.10519	1.10541	1.10571	1.10608	1.10652	1.107	1.10752	1.10805	
1.13178	1.13215	1.13243	1.13257	1.13254	1.13232	1.13191	1.1313	1.13056	1.12975	1.12898	1.12839	1.12811	1.1282	1.1287	1.12954	1.13058	1.13159	1.13239	1.13279	1.13271	1.13219	1.1314	1.13061	1.13003	1.12972	1.12957	1.12951	1.12951	1.12955	1.12955	1.12957	1.12958	1.12954	1.12958	1.12958	1.12959	1.12966	1.12977	1.12995	1.13017	1.13037	1.13059	1.13076	1.13089	1.13093	1.13089	1.13075	1.13053	1.13026	1.12995	1.12965	1.12938	1.12918	1.12904	1.12899	1.12904	1.12917	1.12939	1.12969	1.13005	1.13046	1.13091	1.13136	1.13178	
1.15528	1.15548	1.15557	1.15553	1.15533	1.15497	1.15446	1.15386	1.1532	1.15259	1.15212	1.15189	1.15197	1.15237	1.15306	1.15392	1.1548	1.15553	1.15596	1.156	1.15567	1.15506	1.15436	1.15377	1.15339	1.15323	1.15315	1.15315	1.15319	1.15325	1.15332	1.1534	1.15344	1.15343	1.15345	1.15342	1.15339	1.15338	1.1534	1.15349	1.15363	1.15378	1.15396	1.15411	1.15424	1.15432	1.15433	1.15428	1.15415	1.15397	1.15375	1.15354	1.15334	1.15318	1.15307	1.15304	1.15309	1.15321	1.15341	1.15367	1.15398	1.15432	1.15467	1.155	1.15528	
1.17858	1.17862	1.17855	1.17836	1.17805	1.17763	1.17714	1.17661	1.17613	1.17576	1.17558	1.17565	1.17597	1.17654	1.17726	1.17802	1.17868	1.17912	1.17925	1.17907	1.17862	1.17805	1.17748	1.17706	1.17683	1.17675	1.17675	1.17678	1.17685	1.17694	1.17703	1.17713	1.17719	1.17721	1.17723	1.17718	1.17714	1.17708	1.17705	1.17708	1.17714	1.17725	1.17739	1.17753	1.17766	1.17776	1.17782	1.17783	1.17778	1.17769	1.17757	1.17743	1.1773	1.17719	1.17712	1.1771	1.17714	1.17724	1.17739	1.17759	1.17781	1.17804	1.17827	1.17845	1.17858	
1.20175	1.20164	1.20145	1.20118	1.20082	1.20041	1.2	1.19961	1.19933	1.1992	1.19926	1.19953	1.19999	1.2006	1.20126	1.20185	1.20229	1.20249	1.20242	1.20211	1.20165	1.20116	1.20073	1.20045	1.20032	1.20031	1.20034	1.20041	1.20049	1.20058	1.20068	1.20078	1.20085	1.20089	1.2009	1.20087	1.20082	1.20075	1.2007	1.20068	1.2007	1.20077	1.20088	1.201	1.20113	1.20125	1.20135	1.20142	1.20144	1.20142	1.20138	1.20131	1.20124	1.20118	1.20114	1.20113	1.20115	1.20121	1.20129	1.20141	1.20153	1.20164	1.20173	1.20177	1.20175	
1.22485	1.22465	1.22438	1.22407	1.22372	1.22338	1.22307	1.22285	1.22275	1.22281	1.22304	1.22343	1.22395	1.22451	1.22505	1.22547	1.22571	1.22574	1.22555	1.22521	1.22479	1.22439	1.22408	1.22391	1.22384	1.22387	1.22393	1.22401	1.2241	1.22419	1.22429	1.22438	1.22445	1.22449	1.22451	1.22448	1.22445	1.22438	1.22432	1.22429	1.22429	1.22433	1.22441	1.22452	1.22465	1.22479	1.22492	1.22502	1.2251	1.22515	1.22517	1.22516	1.22514	1.22511	1.22509	1.22507	1.22507	1.22508	1.2251	1.22512	1.22513	1.22512	1.22508	1.225	1.22485	
1.24796	1.24769	1.24739	1.24709	1.24679	1.24653	1.24635	1.24628	1.24633	1.24653	1.24686	1.2473	1.24779	1.24827	1.24868	1.24895	1.24904	1.24895	1.24871	1.24838	1.24803	1.24773	1.24752	1.24742	1.2474	1.24745	1.24752	1.2476	1.24769	1.24778	1.24786	1.24794	1.24801	1.24805	1.24807	1.24806	1.24803	1.24798	1.24793	1.2479	1.24789	1.24792	1.24798	1.24808	1.24821	1.24835	1.2485	1.24864	1.24876	1.24885	1.24892	1.24896	1.24897	1.24897	1.24895	1.24893	1.24889	1.24885	1.2488	1.24873	1.24864	1.24853	1.24838	1.24819	1.24796	
1.27112	1.27083	1.27053	1.27026	1.27003	1.26987	1.26981	1.26985	1.27002	1.2703	1.27067	1.2711	1.27154	1.27192	1.2722	1.27234	1.27233	1.27219	1.27194	1.27165	1.27137	1.27115	1.27101	1.27097	1.27098	1.27103	1.27111	1.27119	1.27127	1.27135	1.27142	1.27149	1.27155	1.27159	1.27161	1.27161	1.27159	1.27156	1.27153	1.2715	1.2715	1.27152	1.27158	1.27167	1.2718	1.27194	1.2721	1.27225	1.2724	1.27252	1.27262	1.27269	1.27273	1.27274	1.27272	1.27268	1.27261	1.27252	1.27241	1.27226	1.27209	1.27189	1.27166	1.2714	1.27112	
1.29437	1.29408	1.29381	1.29359	1.29344	1.29337	1.2934	1.29353	1.29376	1.29408	1.29445	1.29483	1.29519	1.29548	1.29565	1.29571	1.29564	1.29547	1.29524	1.295	1.29479	1.29464	1.29455	1.29454	1.29457	1.29463	1.2947	1.29478	1.29485	1.29492	1.29498	1.29503	1.29508	1.29512	1.29514	1.29515	1.29514	1.29513	1.29511	1.2951	1.29511	1.29513	1.29519	1.29528	1.2954	1.29554	1.2957	1.29586	1.29602	1.29615	1.29627	1.29636	1.29641	1.29642	1.2964	1.29634	1.29624	1.29611	1.29594	1.29575	1.29551	1.29525	1.29497	1.29468	1.29437	
1.31773	1.31746	1.31724	1.31707	1.31699	1.31699	1.31708	1.31727	1.31753	1.31784	1.31819	1.31851	1.31879	1.31899	1.31909	1.31908	1.31898	1.31882	1.31862	1.31843	1.31828	1.31818	1.31813	1.31814	1.31818	1.31824	1.3183	1.31837	1.31843	1.31849	1.31854	1.31859	1.31863	1.31866	1.31868	1.31869	1.3187	1.3187	1.3187	1.3187	1.31871	1.31875	1.31881	1.3189	1.31901	1.31914	1.3193	1.31945	1.31961	1.31975	1.31987	1.31996	1.32002	1.32003	1.32	1.31992	1.3198	1.31964	1.31944	1.3192	1.31893	1.31864	1.31833	1.31803	1.31773	
1.3412	1.34097	1.34079	1.34068	1.34064	1.3407	1.34083	1.34104	1.3413	1.34159	1.34188	1.34215	1.34236	1.34248	1.34253	1.34249	1.34238	1.34223	1.34207	1.34193	1.34182	1.34177	1.34174	1.34177	1.3418	1.34186	1.34192	1.34197	1.34202	1.34207	1.34211	1.34215	1.34218	1.34221	1.34223	1.34225	1.34226	1.34227	1.34228	1.3423	1.34232	1.34236	1.34242	1.34251	1.34261	1.34274	1.34288	1.34303	1.34318	1.34331	1.34343	1.34351	1.34356	1.34357	1.34353	1.34344	1.3433	1.34313	1.34291	1.34265	1.34237	1.34207	1.34177	1.34147	1.3412	
1.36477	1.36458	1.36444	1.36438	1.36438	1.36447	1.36462	1.36482	1.36506	1.36532	1.36556	1.36576	1.36591	1.36599	1.36599	1.36594	1.36584	1.36572	1.36559	1.36549	1.36542	1.36538	1.36538	1.36541	1.36544	1.36549	1.36554	1.36559	1.36563	1.36567	1.3657	1.36573	1.36576	1.36578	1.3658	1.36582	1.36584	1.36585	1.36587	1.3659	1.36593	1.36597	1.36603	1.36611	1.36621	1.36632	1.36645	1.36658	1.36672	1.36684	1.36694	1.36701	1.36705	1.36705	1.36701	1.36691	1.36677	1.36659	1.36637	1.36612	1.36584	1.36556	1.36527	1.36501	1.36477	
1.38843	1.38828	1.38818	1.38815	1.38818	1.38828	1.38842	1.38861	1.38882	1.38903	1.38922	1.38937	1.38947	1.38951	1.3895	1.38944	1.38935	1.38926	1.38916	1.38909	1.38905	1.38903	1.38904	1.38906	1.3891	1.38914	1.38918	1.38922	1.38925	1.38928	1.38931	1.38933	1.38935	1.38937	1.38939	1.38941	1.38943	1.38945	1.38947	1.3895	1.38953	1.38958	1.38963	1.38971	1.38979	1.38989	1.39	1.39011	1.39023	1.39033	1.39042	1.39048	1.39051	1.3905	1.39045	1.39036	1.39022	1.39005	1.38985	1.38961	1.38936	1.38911	1.38885	1.38863	1.38843	
1.41216	1.41205	1.41199	1.41198	1.41202	1.41211	1.41224	1.4124	1.41257	1.41273	1.41287	1.41298	1.41304	1.41306	1.41304	1.41299	1.41292	1.41285	1.41278	1.41273	1.4127	1.4127	1.41271	1.41273	1.41276	1.4128	1.41283	1.41286	1.41288	1.41291	1.41293	1.41294	1.41296	1.41298	1.41299	1.41301	1.41303	1.41305	1.41307	1.4131	1.41313	1.41317	1.41323	1.41329	1.41336	1.41344	1.41353	1.41362	1.41371	1.4138	1.41386	1.41391	1.41393	1.41392	1.41387	1.41379	1.41367	1.41352	1.41334	1.41314	1.41292	1.41271	1.4125	1.41232	1.41216	
1.43595	1.43588	1.43584	1.43584	1.43588	1.43595	1.43606	1.43618	1.43631	1.43642	1.43653	1.4366	1.43664	1.43664	1.43662	1.43658	1.43653	1.43648	1.43643	1.4364	1.43639	1.43639	1.4364	1.43642	1.43644	1.43647	1.43649	1.43651	1.43653	1.43655	1.43656	1.43657	1.43659	1.4366	1.43661	1.43662	1.43664	1.43666	1.43668	1.4367	1.43673	1.43677	1.43681	1.43686	1.43691	1.43697	1.43704	1.43711	1.43718	1.43724	1.43729	1.43733	1.43734	1.43733	1.43729	1.43722	1.43712	1.437	1.43686	1.4367	1.43653	1.43636	1.43621	1.43607	1.43595	
1.45979	1.45974	1.45971	1.45972	1.45975	1.45981	1.45988	1.45996	1.46004	1.46012	1.46018	1.46023	1.46025	1.46025	1.46023	1.46021	1.46017	1.46014	1.46011	1.4601	1.46009	1.46009	1.4601	1.46011	1.46013	1.46014	1.46016	1.46017	1.46018	1.4602	1.4602	1.46021	1.46022	1.46023	1.46024	1.46025	1.46026	1.46027	1.46029	1.46031	1.46033	1.46035	1.46038	1.46041	1.46045	1.4605	1.46054	1.46059	1.46063	1.46067	1.46071	1.46073	1.46074	1.46072	1.4607	1.46065	1.46058	1.46049	1.46039	1.46029	1.46017	1.46006	1.45995	1.45986	1.45979	
1.48364	1.48362	1.48361	1.48361	1.48363	1.48366	1.4837	1.48374	1.48378	1.48382	1.48385	1.48387	1.48388	1.48388	1.48387	1.48385	1.48384	1.48382	1.48381	1.4838	1.4838	1.4838	1.4838	1.48381	1.48382	1.48383	1.48383	1.48384	1.48385	1.48385	1.48386	1.48386	1.48387	1.48387	1.48387	1.48388	1.48389	1.48389	1.4839	1.48391	1.48392	1.48393	1.48395	1.48397	1.48399	1.48401	1.48403	1.48405	1.48408	1.4841	1.48411	1.48412	1.48413	1.48412	1.4841	1.48408	1.48404	1.484	1.48395	1.48389	1.48384	1.48378	1.48372	1.48368	1.48364	
1.50751	1.50751	1.50751	1.50751	1.50751	1.50751	1.50751	1.50751	1.50751	1.50751	1.50751	1.50751	1.50751	1.50751	1.50751	1.50751	1.50751	1.50751	1.50751	1.50751	1.50751	1.50751	1.50751	1.50751	1.50751	1.50751	1.50751	1.50751	1.50751	1.50751	1.50751	1.50751	1.50751	1.50751	1.50751	1.50751	1.50751	1.50751	1.50751	1.50751	1.50751	1.50751	1.50751	1.50751	1.50751	1.50751	1.50751	1.50751	1.50751	1.50751	1.50751	1.50751	1.50751	1.50751	1.50751	1.50751	1.50751	1.50751	1.50751	1.50751	1.50751	1.50751	1.50751	1.50751	1.50751	
