x=110	y=200	z=200	n=65	len=1
b
0	0	0	0	0	0	0	0	0	0	0	0	0	0	0	0	0	0	0	0	0	0	0	0	0	0	0	0	0	0	0	0	0	0	0	0	0	0	0	0	0	0	0	0	0	0	0	0	0	0	0	0	0	0	0	0	0	0	0	0	0	0	0	0	0	
0.0238424	0.0239179	0.0239724	0.0240019	0.0240038	0.0239789	0.0239301	0.0238636	0.0237874	0.0237107	0.0236432	0.0235917	0.0235619	0.0235536	0.0235651	0.0235891	0.0236189	0.023646	0.0236651	0.0236733	0.0236712	0.0236615	0.023648	0.0236341	0.0236229	0.023615	0.0236117	0.0236121	0.023616	0.0236222	0.0236307	0.0236402	0.0236511	0.023663	0.0236754	0.0236884	0.0237004	0.0237114	0.0237188	0.0237228	0.0237205	0.0237124	0.0236961	0.0236721	0.0236395	0.0235989	0.0235509	0.0234971	0.0234394	0.0233804	0.023323	0.0232707	0.0232268	0.0231949	0.0231779	0.0231779	0.0231967	0.0232346	0.0232915	0.0233651	0.0234529	0.0235503	0.0236521	0.0237516	0.0238424	
0.0476621	0.0478138	0.0479256	0.0479891	0.0479985	0.0479548	0.0478626	0.0477338	0.0475834	0.0474297	0.0472918	0.0471844	0.0471195	0.0470981	0.0471175	0.047164	0.0472239	0.04728	0.0473208	0.0473398	0.0473371	0.0473183	0.0472914	0.047263	0.0472397	0.0472232	0.047216	0.0472162	0.0472238	0.047236	0.0472528	0.047272	0.0472942	0.0473185	0.0473441	0.0473711	0.0473959	0.0474188	0.0474343	0.047443	0.0474392	0.0474235	0.0473919	0.0473448	0.0472808	0.047201	0.0471064	0.0470002	0.0468857	0.0467685	0.0466542	0.04655	0.0464623	0.046398	0.0463631	0.046362	0.0463977	0.0464711	0.0465818	0.0467253	0.0468966	0.0470867	0.047286	0.0474819	0.0476621	
0.0714344	0.0716644	0.0718395	0.0719463	0.071975	0.0719251	0.0718012	0.0716188	0.0713985	0.0711672	0.0709535	0.0707812	0.0706705	0.070626	0.0706458	0.0707113	0.0708019	0.0708909	0.0709587	0.0709934	0.0709936	0.0709671	0.0709262	0.0708819	0.070845	0.0708181	0.0708056	0.0708045	0.070815	0.0708326	0.0708577	0.070887	0.0709212	0.0709593	0.0709996	0.0710424	0.0710817	0.0711181	0.0711431	0.0711576	0.0711533	0.0711313	0.0710858	0.0710175	0.0709242	0.0708077	0.0706693	0.0705135	0.0703452	0.0701726	0.0700038	0.0698494	0.0697189	0.0696222	0.069568	0.0695624	0.0696101	0.0697122	0.0698684	0.0700723	0.0703172	0.0705906	0.0708796	0.0711666	0.0714344	
0.0951365	0.0954455	0.0956906	0.0958531	0.0959178	0.0958804	0.0957429	0.0955218	0.0952406	0.0949337	0.0946385	0.0943895	0.0942174	0.0941339	0.0941417	0.0942193	0.0943404	0.0944672	0.0945701	0.0946284	0.094637	0.0946052	0.0945498	0.0944876	0.0944343	0.0943942	0.0943742	0.0943698	0.0943821	0.0944042	0.0944376	0.0944774	0.0945248	0.0945789	0.0946362	0.0946975	0.0947534	0.0948055	0.0948415	0.0948632	0.0948598	0.0948329	0.0947756	0.0946883	0.094569	0.0944193	0.0942411	0.09404	0.0938224	0.093599	0.09338	0.0931792	0.0930083	0.0928802	0.0928054	0.0927915	0.0928445	0.0929658	0.0931551	0.0934051	0.0937086	0.0940508	0.0944169	0.0947858	0.0951364	
0.118748	0.119133	0.119453	0.119683	0.119803	0.119802	0.119676	0.119439	0.119114	0.118739	0.118359	0.118021	0.117769	0.117625	0.117602	0.11768	0.117828	0.117997	0.118146	0.118239	0.118265	0.118231	0.118161	0.118078	0.118005	0.117947	0.117917	0.117906	0.117918	0.117944	0.117985	0.118036	0.118099	0.118172	0.118249	0.118333	0.118408	0.118478	0.118526	0.118556	0.118554	0.118524	0.118457	0.118354	0.118212	0.118034	0.117821	0.11758	0.11732	0.117052	0.116789	0.116547	0.116341	0.116184	0.116089	0.116064	0.116116	0.116246	0.116454	0.116733	0.117075	0.117466	0.11789	0.118325	0.118748	
0.142255	0.142704	0.143098	0.143406	0.143601	0.143663	0.143581	0.143359	0.143016	0.14259	0.14213	0.141694	0.141341	0.141111	0.141031	0.141089	0.141256	0.14147	0.141676	0.141819	0.141875	0.141847	0.141763	0.141655	0.141555	0.141475	0.141429	0.141408	0.141418	0.141445	0.141494	0.141559	0.141639	0.141735	0.141837	0.141946	0.142043	0.142132	0.142192	0.14223	0.142232	0.142198	0.142124	0.142008	0.141848	0.141647	0.141405	0.141132	0.140836	0.140531	0.140233	0.139959	0.139726	0.139547	0.139436	0.1394	0.139446	0.139575	0.139786	0.140073	0.14043	0.140844	0.1413	0.141777	0.142255	
0.165648	0.166142	0.166599	0.166987	0.167271	0.167425	0.167422	0.167258	0.166936	0.166489	0.165965	0.165431	0.16496	0.164615	0.164444	0.164453	0.164619	0.164876	0.16515	0.165362	0.165466	0.165454	0.165358	0.165221	0.165088	0.164979	0.164911	0.164874	0.164878	0.164903	0.16496	0.16504	0.165142	0.165268	0.165398	0.165537	0.165656	0.165765	0.165837	0.165882	0.165885	0.165849	0.165769	0.165643	0.165471	0.165251	0.164988	0.164689	0.164365	0.164035	0.163713	0.16342	0.163172	0.162983	0.162864	0.162821	0.16286	0.162978	0.163178	0.163452	0.163797	0.164201	0.164656	0.165144	0.165648	
0.188936	0.189441	0.189938	0.190394	0.190774	0.19104	0.191155	0.191094	0.190845	0.190426	0.189872	0.189256	0.18866	0.188172	0.187869	0.187787	0.187921	0.188208	0.188557	0.188859	0.189036	0.189059	0.188955	0.188783	0.188609	0.18846	0.188361	0.1883	0.188294	0.188314	0.188379	0.188478	0.188608	0.188771	0.188934	0.189107	0.18925	0.189375	0.189457	0.189504	0.189507	0.189468	0.189384	0.189252	0.18907	0.188838	0.188557	0.18824	0.187899	0.187555	0.187225	0.18693	0.186685	0.186503	0.18639	0.18635	0.186384	0.186489	0.186665	0.186905	0.187209	0.18757	0.187985	0.188444	0.188935	
0.212139	0.212611	0.213109	0.213607	0.214071	0.214459	0.21472	0.214812	0.214698	0.214371	0.213847	0.213186	0.212476	0.211828	0.211352	0.211125	0.211178	0.211464	0.211885	0.212298	0.212581	0.212664	0.212565	0.212355	0.212127	0.211925	0.211786	0.21169	0.211665	0.211677	0.21175	0.211876	0.212041	0.212249	0.212452	0.21266	0.212823	0.212961	0.213046	0.213091	0.213092	0.213049	0.212962	0.212827	0.212638	0.212395	0.212102	0.211773	0.211423	0.211079	0.210759	0.210484	0.210267	0.210115	0.21003	0.210008	0.210048	0.21014	0.210284	0.210472	0.210709	0.210992	0.211325	0.211708	0.212139	
0.235303	0.235685	0.23613	0.236623	0.237139	0.237635	0.238056	0.23834	0.238425	0.23827	0.237857	0.237223	0.236441	0.235638	0.234955	0.234522	0.234424	0.234654	0.235126	0.235664	0.236092	0.236276	0.236203	0.235953	0.235655	0.235387	0.235192	0.235047	0.234995	0.234994	0.235078	0.235238	0.23545	0.235713	0.235959	0.236201	0.236378	0.236519	0.2366	0.236637	0.236633	0.236586	0.236499	0.236361	0.236166	0.235912	0.235605	0.235266	0.234918	0.234589	0.234302	0.234075	0.233916	0.233825	0.233795	0.233814	0.233874	0.23396	0.234069	0.234194	0.234342	0.234514	0.234726	0.234985	0.235303	
0.258488	0.25872	0.259047	0.259472	0.259982	0.260546	0.261109	0.261602	0.261937	0.262037	0.26184	0.261336	0.260566	0.25965	0.258752	0.258057	0.257722	0.257812	0.258278	0.258937	0.25955	0.259893	0.259885	0.259602	0.259218	0.258861	0.258592	0.258382	0.25829	0.258272	0.258372	0.258579	0.258849	0.259175	0.259462	0.259731	0.259912	0.260045	0.260115	0.260138	0.260129	0.260081	0.259995	0.259853	0.259646	0.259373	0.259048	0.2587	0.258362	0.258067	0.257841	0.257695	0.25763	0.257634	0.25769	0.257776	0.257875	0.257965	0.258043	0.2581	0.258145	0.258185	0.258242	0.258335	0.258488	
0.281768	0.281797	0.281941	0.282221	0.282647	0.283206	0.283857	0.284534	0.285139	0.28556	0.285686	0.285446	0.28482	0.283892	0.282817	0.281831	0.281168	0.281001	0.281364	0.282103	0.282929	0.283505	0.283629	0.283334	0.282847	0.282374	0.282009	0.281712	0.281565	0.28153	0.281654	0.281921	0.28226	0.282648	0.282968	0.28325	0.283421	0.283533	0.283586	0.283596	0.283586	0.283542	0.283457	0.283305	0.283072	0.282763	0.282408	0.282048	0.281731	0.281495	0.281363	0.281336	0.281404	0.281539	0.281712	0.281889	0.282046	0.282154	0.282208	0.282201	0.28214	0.282039	0.281924	0.281822	0.281768	
0.305219	0.30501	0.304916	0.304978	0.305229	0.305684	0.306329	0.307115	0.307952	0.308715	0.30925	0.309415	0.309108	0.308331	0.307194	0.305945	0.30489	0.304331	0.30444	0.30516	0.306195	0.307083	0.307443	0.307195	0.306594	0.305964	0.305471	0.305066	0.304849	0.304801	0.304962	0.305298	0.305706	0.306143	0.306474	0.306744	0.306892	0.306975	0.307014	0.307019	0.307018	0.306986	0.306898	0.306717	0.306431	0.30606	0.305658	0.305287	0.305011	0.304865	0.304868	0.305002	0.30524	0.305538	0.30585	0.306134	0.306359	0.306495	0.306534	0.306471	0.306315	0.306081	0.305797	0.305496	0.305219	
0.328896	0.328448	0.328092	0.327883	0.327876	0.328117	0.328626	0.329393	0.330357	0.331405	0.332367	0.333046	0.333244	0.332845	0.331856	0.330472	0.329031	0.327963	0.327624	0.328146	0.32931	0.330576	0.331318	0.331235	0.330534	0.329689	0.329019	0.328485	0.328188	0.328142	0.328355	0.328756	0.329209	0.329655	0.329961	0.330191	0.330308	0.330366	0.330405	0.330429	0.330455	0.330439	0.33033	0.330083	0.329702	0.329234	0.328772	0.328402	0.3282	0.328191	0.328375	0.328712	0.329149	0.329623	0.33008	0.330468	0.330757	0.330919	0.330948	0.330843	0.330614	0.330275	0.329853	0.32938	0.328896	
0.352816	0.352174	0.351577	0.351085	0.350769	0.350699	0.350936	0.351516	0.35243	0.353612	0.354915	0.356123	0.356965	0.35719	0.356645	0.355387	0.353698	0.352085	0.351103	0.351164	0.352267	0.353897	0.355194	0.355497	0.354766	0.353625	0.352694	0.352009	0.351648	0.351637	0.351907	0.352335	0.352769	0.353151	0.353388	0.353553	0.353647	0.353711	0.353784	0.353862	0.353936	0.353927	0.353757	0.353381	0.352847	0.35225	0.351732	0.3514	0.351328	0.351518	0.351935	0.352504	0.353149	0.353789	0.354364	0.354826	0.35515	0.35532	0.355336	0.355203	0.354932	0.354535	0.354032	0.353449	0.352816	
0.376936	0.376195	0.375435	0.37471	0.374091	0.373662	0.373516	0.373738	0.374383	0.375459	0.376887	0.37849	0.37998	0.381007	0.381234	0.380491	0.378881	0.376861	0.375129	0.374422	0.37512	0.376936	0.378913	0.379927	0.379351	0.377843	0.376522	0.375668	0.375308	0.375391	0.375695	0.376059	0.376351	0.376568	0.3767	0.376795	0.376904	0.377039	0.377198	0.377374	0.377503	0.377456	0.377145	0.376553	0.375807	0.375073	0.374544	0.37433	0.374477	0.37494	0.375632	0.376442	0.377267	0.37802	0.378649	0.379118	0.379422	0.379561	0.37955	0.379399	0.379121	0.378726	0.378222	0.37762	0.376936	
0.40115	0.400443	0.399652	0.39881	0.397972	0.397217	0.39665	0.396391	0.396559	0.397245	0.398475	0.40017	0.402106	0.403919	0.405137	0.405338	0.404317	0.40229	0.399928	0.398228	0.398065	0.399645	0.402185	0.404131	0.404041	0.402281	0.400485	0.399467	0.399241	0.399501	0.399767	0.399902	0.39988	0.399817	0.399844	0.399913	0.40011	0.400414	0.400719	0.401016	0.401166	0.400981	0.400404	0.399501	0.398519	0.397704	0.397276	0.397312	0.397795	0.398601	0.399585	0.400596	0.401522	0.402287	0.402861	0.403239	0.403444	0.4035	0.403436	0.403273	0.403023	0.402691	0.402272	0.40176	0.40115	
0.425294	0.424769	0.424113	0.423326	0.42243	0.421481	0.420566	0.419815	0.419382	0.419434	0.420108	0.421464	0.423423	0.425718	0.427878	0.429297	0.429424	0.428047	0.425537	0.422917	0.421502	0.422207	0.42472	0.427352	0.42809	0.426594	0.42454	0.423463	0.423493	0.423958	0.424062	0.423781	0.423282	0.422856	0.422821	0.422969	0.423369	0.423945	0.424425	0.424795	0.424849	0.424359	0.423373	0.422112	0.420961	0.420226	0.420096	0.420565	0.4215	0.422685	0.423914	0.425019	0.425903	0.426527	0.426907	0.427079	0.427099	0.427018	0.426877	0.426704	0.426508	0.426288	0.426028	0.425706	0.425294	
0.44918	0.448957	0.448591	0.448049	0.447312	0.446388	0.445325	0.444222	0.443229	0.442544	0.442392	0.442976	0.444404	0.446606	0.449263	0.45179	0.453393	0.453385	0.451569	0.448599	0.445938	0.445159	0.446662	0.449213	0.450856	0.450359	0.448729	0.447831	0.448011	0.448489	0.44829	0.447536	0.446556	0.445762	0.445712	0.446089	0.446847	0.447742	0.448319	0.448588	0.448334	0.44735	0.445878	0.444348	0.443249	0.442881	0.443321	0.444406	0.445855	0.447362	0.448689	0.449692	0.45033	0.450631	0.450671	0.450536	0.45031	0.45006	0.449832	0.449652	0.449524	0.449442	0.44938	0.449307	0.44918	
0.472651	0.472773	0.472788	0.472636	0.472262	0.471623	0.470707	0.469547	0.468239	0.466954	0.465939	0.465492	0.465894	0.467314	0.469699	0.472696	0.475581	0.477337	0.477119	0.474841	0.471552	0.469129	0.468831	0.470452	0.472662	0.473613	0.473189	0.472634	0.472507	0.472592	0.472013	0.471013	0.469844	0.468802	0.468722	0.469447	0.470714	0.471825	0.472217	0.472083	0.47128	0.469723	0.467882	0.46639	0.465752	0.466141	0.467413	0.4692	0.471077	0.472691	0.473832	0.474452	0.474608	0.47442	0.474024	0.473541	0.473066	0.472661	0.472364	0.472189	0.472133	0.472182	0.472308	0.47248	0.472651	
0.495659	0.496065	0.496431	0.496697	0.496791	0.496635	0.496159	0.495315	0.494109	0.492619	0.491031	0.48964	0.488822	0.48895	0.490265	0.492755	0.49605	0.499247	0.50103	0.500468	0.497707	0.494337	0.492347	0.492649	0.494749	0.496836	0.497729	0.497359	0.496486	0.495901	0.495064	0.49421	0.49329	0.492279	0.492142	0.493172	0.494897	0.495895	0.495697	0.494882	0.493447	0.491499	0.489716	0.488818	0.489173	0.490655	0.49284	0.495164	0.497126	0.498427	0.498989	0.498921	0.498413	0.497669	0.496855	0.49609	0.495447	0.494964	0.494652	0.49451	0.49452	0.494666	0.494923	0.495266	0.495659	
0.518335	0.518864	0.519425	0.519977	0.520465	0.520811	0.52092	0.520684	0.520014	0.51886	0.517272	0.515431	0.513677	0.512469	0.512266	0.513387	0.515904	0.519434	0.522782	0.524368	0.52333	0.520456	0.517854	0.517224	0.518568	0.520557	0.521728	0.52118	0.519719	0.518657	0.517933	0.517552	0.5171	0.516383	0.516199	0.517223	0.518802	0.51919	0.5183	0.516863	0.515049	0.513279	0.512304	0.512668	0.514378	0.516939	0.519696	0.522006	0.523431	0.523869	0.523473	0.522549	0.521387	0.520211	0.519157	0.518297	0.517652	0.517218	0.516976	0.516902	0.516972	0.517167	0.517469	0.517863	0.518335	
0.541006	0.541466	0.541995	0.542586	0.543219	0.54385	0.544411	0.544792	0.544862	0.544468	0.5435	0.541946	0.539975	0.537956	0.536416	0.53589	0.536822	0.539393	0.543065	0.546308	0.547518	0.546512	0.544809	0.54415	0.544544	0.545005	0.544875	0.543876	0.542499	0.541463	0.54122	0.541502	0.541584	0.54135	0.541008	0.541175	0.541337	0.540819	0.539986	0.53863	0.537101	0.536404	0.537021	0.538903	0.541708	0.544704	0.547177	0.548605	0.548791	0.547956	0.546517	0.544905	0.54339	0.542124	0.541149	0.540459	0.540013	0.539768	0.539677	0.539707	0.539828	0.540025	0.540288	0.540614	0.541006	
0.564108	0.564355	0.564662	0.565046	0.565524	0.566094	0.566741	0.567411	0.568008	0.56837	0.568305	0.567615	0.566225	0.564272	0.562144	0.560404	0.559708	0.560646	0.563312	0.56687	0.569842	0.57141	0.571964	0.572288	0.571997	0.570246	0.567874	0.566374	0.565384	0.564448	0.564817	0.56597	0.566879	0.567221	0.566241	0.564244	0.561792	0.560923	0.561699	0.561674	0.561312	0.562264	0.564508	0.567234	0.570027	0.572232	0.573336	0.573165	0.571845	0.569902	0.567873	0.566126	0.564796	0.563885	0.563327	0.563041	0.562945	0.562976	0.563079	0.563221	0.563381	0.563547	0.563718	0.563901	0.564108	
0.587979	0.587985	0.58801	0.588078	0.58822	0.588465	0.588839	0.589349	0.589975	0.590639	0.591193	0.591382	0.590944	0.58972	0.587838	0.585674	0.583887	0.58331	0.584416	0.587038	0.590424	0.593798	0.596783	0.598856	0.598653	0.595354	0.591603	0.589911	0.58885	0.588025	0.589172	0.591322	0.592941	0.593151	0.590633	0.585872	0.581559	0.581656	0.584749	0.586715	0.588055	0.590325	0.592995	0.595048	0.596457	0.596948	0.59626	0.594588	0.592336	0.590108	0.588336	0.587169	0.586533	0.586304	0.586342	0.586537	0.586804	0.587088	0.58735	0.587572	0.587742	0.587861	0.587933	0.587967	0.587979	
0.612617	0.612475	0.612313	0.612144	0.611996	0.611896	0.611882	0.611993	0.612268	0.612722	0.613322	0.613914	0.614205	0.613798	0.612515	0.610419	0.60799	0.606225	0.605973	0.607452	0.610121	0.613313	0.616919	0.62025	0.621238	0.618941	0.61657	0.615344	0.613677	0.61295	0.614368	0.6165	0.617617	0.616635	0.612893	0.607614	0.604111	0.605297	0.608993	0.611876	0.614307	0.617161	0.619317	0.619615	0.619039	0.618047	0.61636	0.614182	0.612009	0.610416	0.609596	0.60942	0.60965	0.610099	0.61063	0.611159	0.611634	0.612033	0.612344	0.612569	0.61271	0.612777	0.612778	0.612721	0.612617	
0.63758	0.637444	0.637278	0.637085	0.636871	0.636648	0.636436	0.636268	0.636188	0.636259	0.636549	0.637064	0.637655	0.637911	0.637314	0.635469	0.632555	0.629677	0.628197	0.628531	0.629975	0.631859	0.634509	0.638085	0.640701	0.641263	0.641743	0.640994	0.638575	0.637836	0.638356	0.638522	0.638049	0.636453	0.633625	0.630713	0.629368	0.630314	0.631837	0.633782	0.63856	0.645152	0.647053	0.643604	0.640582	0.638649	0.636776	0.634932	0.633493	0.63294	0.633167	0.633816	0.634598	0.635359	0.636023	0.63657	0.636995	0.637312	0.637532	0.637673	0.637749	0.637769	0.637746	0.63768	0.63758	
0.662128	0.662112	0.662092	0.662063	0.662019	0.661957	0.661873	0.661769	0.661654	0.661565	0.661586	0.661842	0.662418	0.663163	0.663546	0.662573	0.659718	0.655883	0.65271	0.651106	0.65102	0.651983	0.654028	0.657733	0.661307	0.663017	0.664331	0.663481	0.660807	0.659785	0.658731	0.656972	0.655659	0.654571	0.653349	0.652996	0.653172	0.653141	0.651809	0.654755	0.66769	0.681152	0.682154	0.672338	0.664824	0.662122	0.66018	0.658646	0.657939	0.658271	0.659112	0.659987	0.660707	0.661254	0.661638	0.661892	0.662048	0.662133	0.662173	0.662184	0.662181	0.662169	0.662156	0.662141	0.662128	
0.685622	0.685711	0.685829	0.685972	0.686137	0.686318	0.686504	0.68668	0.686819	0.686894	0.686903	0.68692	0.687116	0.687712	0.688795	0.689357	0.687853	0.684338	0.68038	0.677576	0.676733	0.67741	0.678812	0.681285	0.68391	0.684601	0.684763	0.683577	0.68059	0.678818	0.677568	0.676055	0.674643	0.672724	0.670827	0.671162	0.677987	0.677727	0.675423	0.676731	0.692305	0.70748	0.709816	0.700053	0.690107	0.68673	0.685368	0.684272	0.684163	0.684927	0.685708	0.686144	0.686291	0.686289	0.686203	0.68608	0.685944	0.685815	0.685705	0.685617	0.68556	0.68553	0.68553	0.685561	0.685622	
0.70793	0.707995	0.708085	0.708201	0.708343	0.70851	0.708699	0.7089	0.709095	0.709239	0.709279	0.70918	0.708978	0.708887	0.709359	0.710426	0.710832	0.709541	0.706936	0.704341	0.702977	0.70263	0.702432	0.70343	0.706016	0.70646	0.705696	0.704709	0.701803	0.70045	0.701304	0.701714	0.700209	0.69445	0.683642	0.684943	0.70504	0.714641	0.717568	0.712727	0.712015	0.721956	0.724103	0.716839	0.709336	0.707802	0.707951	0.708253	0.709099	0.709827	0.709962	0.709723	0.709394	0.709081	0.7088	0.708558	0.708359	0.708197	0.708073	0.707981	0.707919	0.707884	0.707874	0.70789	0.70793	
0.729591	0.729528	0.729451	0.72936	0.729251	0.729122	0.728974	0.728808	0.728626	0.728428	0.728241	0.72808	0.727896	0.727655	0.727545	0.727986	0.728546	0.728509	0.728066	0.727851	0.728194	0.728674	0.729106	0.730617	0.733312	0.733067	0.730961	0.730399	0.729112	0.728449	0.730559	0.734313	0.742369	0.735646	0.701463	0.717418	0.746616	0.758089	0.751971	0.744929	0.741045	0.741711	0.735258	0.728	0.726768	0.72803	0.728737	0.729057	0.72948	0.729727	0.729774	0.729773	0.729777	0.729786	0.729795	0.729799	0.729798	0.729793	0.729783	0.729768	0.729747	0.72972	0.729686	0.729643	0.729591	
0.751557	0.751424	0.751256	0.751051	0.750811	0.750535	0.75023	0.749903	0.749572	0.749267	0.749064	0.748985	0.748964	0.748929	0.748993	0.749331	0.749722	0.750219	0.751536	0.754039	0.757068	0.759459	0.760325	0.759922	0.759266	0.757591	0.755807	0.75702	0.758629	0.758406	0.758888	0.759514	0.77273	0.768394	0.762944	0.773913	0.777642	0.776499	0.767573	0.756482	0.750674	0.748729	0.747714	0.747059	0.748705	0.750521	0.751224	0.75091	0.750341	0.749975	0.749986	0.750237	0.75054	0.750817	0.751068	0.75128	0.751451	0.751584	0.751679	0.751739	0.751767	0.751761	0.751725	0.751657	0.751557	
0.774574	0.77452	0.774454	0.774379	0.774303	0.774232	0.774179	0.77415	0.774162	0.774226	0.774351	0.774451	0.774425	0.774323	0.774413	0.774935	0.775791	0.776989	0.778965	0.781974	0.785204	0.787	0.785967	0.782575	0.778775	0.775913	0.775419	0.778687	0.782527	0.783718	0.783564	0.782893	0.783999	0.790289	0.792212	0.792962	0.793346	0.793397	0.783803	0.770429	0.765067	0.766683	0.76964	0.771375	0.773105	0.774906	0.776179	0.776561	0.776258	0.775563	0.774902	0.77448	0.774283	0.77421	0.774218	0.774273	0.774349	0.77443	0.774504	0.774564	0.774606	0.774627	0.774629	0.77461	0.774574	
0.798757	0.798859	0.798984	0.799132	0.799309	0.799514	0.799746	0.799994	0.800241	0.800454	0.800575	0.80051	0.800257	0.800045	0.800217	0.800865	0.8018	0.803037	0.804983	0.80758	0.809479	0.809152	0.807058	0.804656	0.801598	0.797697	0.795835	0.798383	0.802727	0.80537	0.806527	0.807833	0.81056	0.812895	0.813049	0.812457	0.811336	0.809669	0.804326	0.795356	0.790572	0.792099	0.795038	0.796902	0.798441	0.800189	0.801774	0.802771	0.803009	0.802523	0.80169	0.800844	0.800132	0.799576	0.799166	0.79888	0.798694	0.798583	0.798527	0.79851	0.798522	0.798556	0.798607	0.798673	0.798757	
0.823636	0.823827	0.824048	0.824292	0.824547	0.824795	0.825012	0.825163	0.825211	0.825109	0.82482	0.824367	0.823925	0.823835	0.824316	0.825259	0.826437	0.827907	0.829813	0.831487	0.831211	0.828282	0.825196	0.824226	0.823482	0.820927	0.819157	0.821442	0.826156	0.829674	0.831369	0.833329	0.83546	0.835504	0.833789	0.831765	0.830332	0.829678	0.827976	0.823309	0.818597	0.817266	0.818039	0.819295	0.82078	0.822546	0.824403	0.826053	0.827165	0.827539	0.827308	0.826737	0.826052	0.825386	0.824794	0.824304	0.82392	0.823637	0.823446	0.823333	0.823289	0.823304	0.82337	0.823483	0.823636	
0.848476	0.848598	0.848725	0.848834	0.8489	0.848892	0.84878	0.848531	0.848131	0.84759	0.846976	0.84646	0.846309	0.84676	0.847768	0.849072	0.850449	0.851882	0.853193	0.853401	0.851096	0.846518	0.842771	0.842084	0.843097	0.843879	0.845374	0.849054	0.853417	0.856557	0.85782	0.858172	0.858102	0.856812	0.854428	0.851829	0.850934	0.851606	0.851747	0.849604	0.845913	0.842877	0.840996	0.840409	0.840998	0.842397	0.844282	0.846363	0.848291	0.849712	0.850497	0.850738	0.850624	0.850315	0.849919	0.849512	0.84914	0.848828	0.848586	0.848418	0.848319	0.848285	0.848306	0.848374	0.848476	
0.872693	0.87261	0.872485	0.872296	0.872018	0.871632	0.871128	0.870518	0.86985	0.869225	0.868807	0.868822	0.869437	0.870638	0.872157	0.87365	0.874898	0.875744	0.875762	0.874077	0.870271	0.86566	0.862835	0.863335	0.865949	0.869097	0.872849	0.876708	0.879421	0.881004	0.881032	0.879644	0.877965	0.87612	0.874002	0.871975	0.871675	0.873215	0.8752	0.876121	0.875136	0.872541	0.869077	0.866069	0.864341	0.863998	0.864783	0.866365	0.868351	0.870295	0.871863	0.872941	0.873578	0.873871	0.873928	0.873841	0.873678	0.873489	0.873302	0.873139	0.873004	0.872901	0.872822	0.872758	0.872693	
0.896108	0.895775	0.895373	0.894892	0.894332	0.893707	0.893052	0.892441	0.891978	0.891819	0.892115	0.892979	0.894374	0.896057	0.897642	0.898775	0.899262	0.898909	0.897372	0.894336	0.8904	0.887396	0.886904	0.889136	0.892517	0.895736	0.898813	0.901147	0.902096	0.902129	0.900962	0.898726	0.89645	0.89441	0.892714	0.891666	0.892058	0.893712	0.896241	0.899099	0.901011	0.900806	0.898324	0.894823	0.891594	0.889389	0.888436	0.888652	0.889757	0.891338	0.89299	0.894439	0.895573	0.896378	0.896897	0.897191	0.897318	0.897328	0.897262	0.897146	0.896996	0.896821	0.896619	0.896385	0.896108	
0.918932	0.91843	0.917871	0.917275	0.916672	0.916119	0.915689	0.915489	0.915629	0.916211	0.917282	0.918771	0.92046	0.921992	0.922978	0.923154	0.922416	0.920683	0.917951	0.914635	0.911946	0.911392	0.913359	0.916845	0.920091	0.922003	0.922893	0.923188	0.922914	0.922257	0.920793	0.918479	0.915984	0.913786	0.912349	0.91205	0.913029	0.914607	0.916709	0.919533	0.92251	0.924407	0.924207	0.922212	0.919392	0.916671	0.914624	0.913526	0.91339	0.914025	0.915116	0.916354	0.917532	0.918532	0.919313	0.919871	0.920232	0.920423	0.920478	0.920421	0.920272	0.920043	0.919741	0.91937	0.918932	
0.941578	0.941073	0.940564	0.940099	0.939733	0.939543	0.939606	0.940003	0.940786	0.941946	0.943396	0.944934	0.946252	0.947002	0.946911	0.945884	0.943998	0.941413	0.938504	0.936085	0.935328	0.936986	0.940445	0.944088	0.946284	0.946484	0.945589	0.94454	0.943543	0.942836	0.941843	0.939876	0.937444	0.93541	0.934322	0.934488	0.935662	0.936913	0.93831	0.94028	0.942845	0.945442	0.946972	0.946902	0.945477	0.943384	0.941255	0.939556	0.938533	0.938234	0.938528	0.939201	0.940047	0.940905	0.941675	0.942299	0.942757	0.943045	0.943179	0.94317	0.943037	0.942796	0.942461	0.942049	0.941578	
0.964438	0.964106	0.96384	0.963699	0.96374	0.964025	0.964597	0.965472	0.966615	0.967925	0.969219	0.970245	0.970717	0.970397	0.9692	0.967239	0.964797	0.962279	0.960296	0.959612	0.96084	0.963842	0.967427	0.969996	0.970513	0.969402	0.967978	0.966648	0.965284	0.96453	0.963948	0.962537	0.960683	0.959158	0.958425	0.958777	0.959827	0.960661	0.961458	0.962537	0.964155	0.966362	0.968424	0.969573	0.9695	0.968477	0.966937	0.965337	0.964007	0.963148	0.962788	0.962853	0.963212	0.963726	0.964282	0.964793	0.96521	0.9655	0.965659	0.965686	0.965593	0.965397	0.965121	0.96479	0.964438	
0.987736	0.987693	0.987769	0.988012	0.988459	0.989129	0.990014	0.991066	0.992182	0.993205	0.993932	0.994144	0.993655	0.992402	0.990499	0.988237	0.986049	0.984447	0.983985	0.985047	0.98755	0.99074	0.993305	0.994149	0.993181	0.991586	0.990453	0.989477	0.98822	0.987365	0.986768	0.985948	0.985104	0.984271	0.983785	0.984064	0.984791	0.985261	0.985667	0.986099	0.98685	0.988283	0.990059	0.991561	0.992276	0.992162	0.991374	0.990233	0.989029	0.98801	0.987294	0.986918	0.986836	0.986968	0.987227	0.987529	0.987816	0.988042	0.98819	0.988247	0.988222	0.98813	0.987996	0.987852	0.987736	
1.01149	1.01176	1.01216	1.01272	1.01343	1.01428	1.01521	1.01613	1.0169	1.01737	1.01738	1.01679	1.01556	1.0138	1.01178	1.00988	1.00856	1.00825	1.00919	1.01129	1.01401	1.01641	1.01748	1.01685	1.01517	1.01371	1.01297	1.01244	1.01168	1.01091	1.01019	1.00978	1.0098	1.00969	1.00954	1.00971	1.01002	1.01017	1.01032	1.01034	1.01054	1.01126	1.01246	1.01377	1.01471	1.01511	1.01491	1.01427	1.01338	1.01246	1.01166	1.01105	1.01067	1.0105	1.01048	1.01057	1.0107	1.01084	1.01097	1.01106	1.01113	1.01118	1.01124	1.01133	1.01149	
1.03559	1.0361	1.03672	1.03744	1.03823	1.03904	1.03978	1.04035	1.04062	1.04049	1.03986	1.03871	1.03715	1.03539	1.03376	1.03266	1.03241	1.0332	1.03494	1.03722	1.03935	1.04055	1.04033	1.03892	1.03721	1.03612	1.03567	1.03546	1.03521	1.03475	1.03412	1.03391	1.03428	1.03467	1.03492	1.03509	1.03512	1.03503	1.03497	1.03477	1.03468	1.03492	1.03558	1.03649	1.03733	1.03789	1.03801	1.03776	1.03719	1.03648	1.03574	1.03509	1.03457	1.03421	1.034	1.03391	1.03392	1.03398	1.03409	1.03423	1.0344	1.0346	1.03486	1.03518	1.03559	
1.05983	1.06047	1.06117	1.06189	1.06259	1.06318	1.0636	1.06374	1.06353	1.06291	1.06188	1.06052	1.05903	1.05766	1.05672	1.0565	1.05713	1.05853	1.06042	1.06226	1.06346	1.0636	1.06262	1.06103	1.05964	1.05894	1.05872	1.0587	1.05878	1.05864	1.05829	1.05822	1.0586	1.05914	1.05964	1.05989	1.05982	1.05964	1.05943	1.05913	1.05891	1.05887	1.05914	1.05967	1.06027	1.06078	1.06103	1.061	1.06068	1.06019	1.05959	1.05899	1.05845	1.05802	1.05771	1.05752	1.05745	1.05748	1.05759	1.05778	1.05803	1.05836	1.05877	1.05926	1.05983	
1.08403	1.08468	1.08532	1.08592	1.0864	1.0867	1.08676	1.08652	1.08594	1.08504	1.0839	1.08265	1.08151	1.08073	1.08051	1.08098	1.08211	1.08364	1.08521	1.08636	1.08672	1.08615	1.0849	1.0835	1.08253	1.08216	1.08211	1.08221	1.08242	1.08247	1.08239	1.08248	1.0828	1.08331	1.08384	1.08412	1.08408	1.0839	1.08363	1.08329	1.08302	1.08284	1.08288	1.08313	1.0835	1.08388	1.08413	1.0842	1.08405	1.08373	1.08329	1.0828	1.08231	1.0819	1.08157	1.08136	1.08126	1.08127	1.0814	1.08162	1.08194	1.08235	1.08285	1.08341	1.08403	
1.10806	1.10861	1.1091	1.10949	1.10971	1.10972	1.10948	1.10897	1.10821	1.10725	1.10623	1.1053	1.10465	1.10444	1.10479	1.10566	1.10691	1.10824	1.1093	1.10978	1.10953	1.10864	1.10744	1.10638	1.10579	1.10565	1.10572	1.10588	1.10613	1.10626	1.10634	1.10654	1.10683	1.10723	1.10769	1.10795	1.10797	1.10783	1.10756	1.10724	1.10696	1.10673	1.10666	1.10672	1.10692	1.10717	1.10737	1.10747	1.10742	1.10724	1.10693	1.10657	1.10618	1.10583	1.10554	1.10535	1.10526	1.10528	1.10542	1.10566	1.10601	1.10644	1.10694	1.10749	1.10806	
1.13184	1.13224	1.13253	1.13269	1.13266	1.13244	1.132	1.13136	1.13058	1.12975	1.129	1.12846	1.12828	1.12853	1.12921	1.13021	1.13132	1.13228	1.13283	1.13282	1.13224	1.13129	1.1303	1.12959	1.12928	1.12929	1.12943	1.12961	1.12984	1.12999	1.13015	1.13039	1.13065	1.13097	1.13131	1.13153	1.13159	1.1315	1.13128	1.13101	1.13074	1.13051	1.13038	1.13035	1.13044	1.13059	1.13074	1.13084	1.13085	1.13077	1.13059	1.13034	1.13007	1.12981	1.12958	1.12944	1.12937	1.12941	1.12955	1.12979	1.13011	1.1305	1.13094	1.1314	1.13184	
1.15539	1.15559	1.15568	1.15563	1.15541	1.15504	1.15451	1.15388	1.15321	1.15261	1.15218	1.15203	1.15221	1.15274	1.15354	1.15447	1.15532	1.15589	1.15603	1.15571	1.15502	1.15418	1.15345	1.15301	1.15289	1.15298	1.15315	1.15333	1.15352	1.15367	1.15384	1.15407	1.1543	1.15455	1.1548	1.15498	1.15504	1.155	1.15484	1.15462	1.1544	1.15419	1.15405	1.15398	1.15401	1.1541	1.15422	1.15432	1.15437	1.15436	1.15427	1.15414	1.15397	1.1538	1.15365	1.15356	1.15352	1.15357	1.15369	1.15389	1.15415	1.15446	1.15479	1.15511	1.15539	
1.17873	1.17874	1.17866	1.17845	1.17811	1.17767	1.17716	1.17663	1.17615	1.17581	1.17569	1.17583	1.17625	1.17689	1.17766	1.17841	1.17897	1.17922	1.17909	1.17863	1.17796	1.17729	1.17679	1.17656	1.17655	1.17668	1.17685	1.17701	1.17716	1.17729	1.17746	1.17766	1.17784	1.17804	1.17822	1.17835	1.17842	1.1784	1.17829	1.17814	1.17796	1.17779	1.17767	1.1776	1.1776	1.17766	1.17776	1.17787	1.17795	1.178	1.178	1.17795	1.17788	1.17779	1.17771	1.17765	1.17764	1.17768	1.17777	1.1779	1.17808	1.17827	1.17846	1.17862	1.17873	
1.20192	1.20179	1.20157	1.20126	1.20088	1.20045	1.20002	1.19964	1.19937	1.19928	1.19939	1.19972	1.20025	1.20089	1.20155	1.20208	1.20239	1.2024	1.20213	1.20164	1.20107	1.20057	1.20026	1.20016	1.20021	1.20035	1.20051	1.20065	1.20077	1.20088	1.20102	1.20118	1.20133	1.20147	1.2016	1.2017	1.20176	1.20176	1.2017	1.2016	1.20147	1.20135	1.20125	1.2012	1.2012	1.20126	1.20136	1.20147	1.20158	1.20168	1.20174	1.20176	1.20176	1.20174	1.20171	1.20169	1.20168	1.2017	1.20173	1.2018	1.20187	1.20193	1.20198	1.20198	1.20192	
1.22506	1.22481	1.22451	1.22416	1.22379	1.22343	1.22312	1.2229	1.22282	1.22292	1.22319	1.22362	1.22416	1.22473	1.22523	1.22557	1.22568	1.22555	1.22522	1.22477	1.22432	1.22398	1.2238	1.22378	1.22386	1.224	1.22413	1.22425	1.22435	1.22445	1.22456	1.22467	1.22479	1.22489	1.22498	1.22506	1.22511	1.22513	1.2251	1.22504	1.22496	1.22488	1.22482	1.22479	1.22481	1.22487	1.22497	1.2251	1.22524	1.22536	1.22547	1.22555	1.2256	1.22563	1.22563	1.22562	1.22561	1.22559	1.22557	1.22555	1.22552	1.22546	1.22537	1.22524	1.22506	
1.24819	1.24788	1.24754	1.2472	1.24688	1.24661	1.24642	1.24635	1.24643	1.24665	1.24701	1.24746	1.24796	1.24841	1.24876	1.24894	1.24892	1.24872	1.2484	1.24802	1.24769	1.24747	1.24738	1.24741	1.2475	1.24762	1.24773	1.24783	1.24791	1.24799	1.24808	1.24816	1.24825	1.24832	1.24839	1.24844	1.24849	1.24851	1.24851	1.24849	1.24845	1.24841	1.24838	1.24838	1.24842	1.24849	1.24861	1.24874	1.2489	1.24905	1.24918	1.2493	1.24938	1.24944	1.24946	1.24945	1.24942	1.24937	1.24929	1.24919	1.24906	1.2489	1.2487	1.24846	1.24819	
1.27137	1.27103	1.2707	1.2704	1.27015	1.26997	1.2699	1.26995	1.27013	1.27042	1.2708	1.27123	1.27164	1.27199	1.27221	1.27227	1.27218	1.27196	1.27167	1.27138	1.27114	1.27101	1.27098	1.27103	1.27113	1.27123	1.27133	1.27141	1.27147	1.27154	1.2716	1.27166	1.27172	1.27177	1.27182	1.27186	1.2719	1.27193	1.27194	1.27195	1.27194	1.27194	1.27194	1.27197	1.27202	1.27211	1.27224	1.27238	1.27254	1.27271	1.27286	1.27299	1.27309	1.27316	1.27318	1.27317	1.27311	1.27302	1.27289	1.27272	1.27252	1.27228	1.272	1.2717	1.27137	
1.29464	1.29431	1.294	1.29375	1.29358	1.29349	1.29351	1.29364	1.29387	1.29419	1.29456	1.29492	1.29525	1.29549	1.29561	1.2956	1.29547	1.29527	1.29503	1.29481	1.29466	1.29459	1.2946	1.29466	1.29474	1.29483	1.29491	1.29498	1.29503	1.29508	1.29513	1.29517	1.29521	1.29525	1.29528	1.29532	1.29535	1.29538	1.29541	1.29543	1.29545	1.29548	1.29551	1.29555	1.29563	1.29573	1.29586	1.296	1.29617	1.29633	1.29649	1.29663	1.29673	1.2968	1.29682	1.29679	1.29671	1.29658	1.29641	1.29619	1.29593	1.29564	1.29532	1.29498	1.29464	
1.318	1.3177	1.31744	1.31725	1.31714	1.31713	1.31721	1.31738	1.31764	1.31794	1.31827	1.31857	1.31881	1.31896	1.31902	1.31896	1.31883	1.31865	1.31847	1.31832	1.31822	1.31819	1.31822	1.31828	1.31836	1.31844	1.3185	1.31856	1.3186	1.31864	1.31867	1.3187	1.31873	1.31876	1.31878	1.31881	1.31884	1.31888	1.31891	1.31895	1.31898	1.31902	1.31907	1.31914	1.31922	1.31933	1.31946	1.3196	1.31976	1.31992	1.32007	1.3202	1.3203	1.32036	1.32036	1.32032	1.32022	1.32007	1.31987	1.31962	1.31933	1.31901	1.31867	1.31833	1.318	
1.34146	1.3412	1.341	1.34086	1.34081	1.34084	1.34096	1.34115	1.3414	1.34167	1.34194	1.34218	1.34235	1.34244	1.34245	1.34238	1.34225	1.34211	1.34197	1.34187	1.34182	1.34182	1.34185	1.34191	1.34198	1.34204	1.3421	1.34214	1.34218	1.34221	1.34223	1.34225	1.34227	1.34229	1.34231	1.34234	1.34236	1.3424	1.34244	1.34248	1.34253	1.34258	1.34264	1.34272	1.34281	1.34291	1.34304	1.34318	1.34333	1.34347	1.34361	1.34372	1.34381	1.34385	1.34385	1.34379	1.34368	1.34351	1.3433	1.34304	1.34274	1.34242	1.34209	1.34177	1.34146	
1.36502	1.36481	1.36465	1.36456	1.36455	1.36461	1.36474	1.36493	1.36515	1.36538	1.3656	1.36577	1.36589	1.36593	1.36591	1.36584	1.36574	1.36563	1.36553	1.36547	1.36544	1.36545	1.36549	1.36555	1.3656	1.36566	1.3657	1.36574	1.36577	1.36579	1.36581	1.36582	1.36583	1.36585	1.36587	1.36589	1.36591	1.36595	1.36599	1.36604	1.36609	1.36615	1.36621	1.36629	1.36638	1.36648	1.3666	1.36672	1.36685	1.36698	1.3671	1.3672	1.36727	1.36729	1.36728	1.36721	1.3671	1.36693	1.36672	1.36646	1.36618	1.36588	1.36558	1.36529	1.36502	
1.38866	1.38849	1.38837	1.38832	1.38833	1.38841	1.38854	1.38871	1.38889	1.38908	1.38924	1.38937	1.38944	1.38946	1.38943	1.38936	1.38928	1.3892	1.38913	1.38909	1.38909	1.38911	1.38914	1.38919	1.38924	1.38928	1.38932	1.38935	1.38937	1.38938	1.3894	1.38941	1.38942	1.38943	1.38944	1.38946	1.38949	1.38952	1.38956	1.3896	1.38965	1.38971	1.38978	1.38985	1.38994	1.39003	1.39013	1.39024	1.39035	1.39046	1.39056	1.39063	1.39069	1.3907	1.39068	1.39061	1.3905	1.39034	1.39014	1.38991	1.38965	1.38939	1.38912	1.38888	1.38866	
1.41236	1.41223	1.41215	1.41213	1.41215	1.41223	1.41234	1.41248	1.41263	1.41277	1.41289	1.41297	1.41301	1.41302	1.41298	1.41293	1.41287	1.41281	1.41277	1.41275	1.41275	1.41277	1.4128	1.41284	1.41288	1.41291	1.41294	1.41296	1.41298	1.41299	1.413	1.41301	1.41302	1.41303	1.41304	1.41305	1.41308	1.4131	1.41314	1.41318	1.41323	1.41328	1.41334	1.4134	1.41347	1.41355	1.41364	1.41373	1.41382	1.4139	1.41398	1.41404	1.41408	1.41408	1.41406	1.41399	1.41389	1.41375	1.41358	1.41338	1.41317	1.41295	1.41273	1.41253	1.41236	
1.43611	1.43602	1.43597	1.43596	1.43598	1.43605	1.43614	1.43624	1.43635	1.43645	1.43653	1.43659	1.43661	1.43661	1.43658	1.43654	1.43649	1.43646	1.43643	1.43642	1.43643	1.43645	1.43647	1.4365	1.43653	1.43656	1.43658	1.43659	1.4366	1.43661	1.43662	1.43662	1.43663	1.43664	1.43665	1.43666	1.43668	1.4367	1.43673	1.43676	1.4368	1.43684	1.43689	1.43694	1.437	1.43706	1.43713	1.43719	1.43726	1.43733	1.43738	1.43742	1.43745	1.43745	1.43742	1.43737	1.43729	1.43718	1.43704	1.43688	1.43672	1.43655	1.43638	1.43624	1.43611	
1.45989	1.45984	1.45981	1.4598	1.45983	1.45987	1.45993	1.46	1.46007	1.46014	1.46019	1.46022	1.46023	1.46023	1.46021	1.46018	1.46015	1.46013	1.46011	1.46011	1.46012	1.46013	1.46015	1.46017	1.46019	1.4602	1.46022	1.46023	1.46024	1.46024	1.46025	1.46025	1.46025	1.46026	1.46026	1.46027	1.46028	1.4603	1.46032	1.46034	1.46037	1.4604	1.46043	1.46047	1.46051	1.46055	1.4606	1.46064	1.46069	1.46073	1.46077	1.46079	1.46081	1.46081	1.46079	1.46075	1.46069	1.46061	1.46052	1.46041	1.4603	1.46018	1.46007	1.45998	1.45989	
1.4837	1.48367	1.48366	1.48366	1.48367	1.48369	1.48372	1.48376	1.48379	1.48382	1.48385	1.48386	1.48387	1.48386	1.48385	1.48384	1.48383	1.48382	1.48381	1.48381	1.48381	1.48382	1.48383	1.48384	1.48385	1.48386	1.48386	1.48387	1.48387	1.48388	1.48388	1.48388	1.48388	1.48388	1.48389	1.48389	1.4839	1.48391	1.48392	1.48393	1.48394	1.48396	1.48398	1.48399	1.48401	1.48404	1.48406	1.48408	1.4841	1.48413	1.48414	1.48416	1.48416	1.48416	1.48415	1.48413	1.4841	1.48406	1.48401	1.48396	1.4839	1.48384	1.48379	1.48374	1.4837	
1.50751	1.50751	1.50751	1.50751	1.50751	1.50751	1.50751	1.50751	1.50751	1.50751	1.50751	1.50751	1.50751	1.50751	1.50751	1.50751	1.50751	1.50751	1.50751	1.50751	1.50751	1.50751	1.50751	1.50751	1.50751	1.50751	1.50751	1.50751	1.50751	1.50751	1.50751	1.50751	1.50751	1.50751	1.50751	1.50751	1.50751	1.50751	1.50751	1.50751	1.50751	1.50751	1.50751	1.50751	1.50751	1.50751	1.50751	1.50751	1.50751	1.50751	1.50751	1.50751	1.50751	1.50751	1.50751	1.50751	1.50751	1.50751	1.50751	1.50751	1.50751	1.50751	1.50751	1.50751	1.50751	
