x=95	y=200	z=200	n=65	len=1
b
0	0	0	0	0	0	0	0	0	0	0	0	0	0	0	0	0	0	0	0	0	0	0	0	0	0	0	0	0	0	0	0	0	0	0	0	0	0	0	0	0	0	0	0	0	0	0	0	0	0	0	0	0	0	0	0	0	0	0	0	0	0	0	0	0	
0.02392	0.0231037	0.0224169	0.0219816	0.0219265	0.0223246	0.023106	0.0240863	0.0250058	0.0256129	0.0257869	0.0254875	0.0248342	0.0240884	0.0234968	0.023219	0.0232601	0.0234857	0.0236995	0.0237671	0.0236563	0.023437	0.0232047	0.023032	0.0229335	0.0228917	0.0228964	0.0229239	0.0229607	0.0229868	0.022996	0.02301	0.023069	0.0232053	0.0234162	0.0236665	0.023895	0.0240843	0.0242168	0.0242866	0.0243424	0.0244102	0.0245294	0.024706	0.0249112	0.0250983	0.0251562	0.0250061	0.0245892	0.0239014	0.0230486	0.022217	0.0215881	0.0212914	0.0213832	0.0218533	0.0226352	0.0235755	0.0244663	0.0251457	0.0255425	0.025594	0.0252892	0.0246991	0.02392	
0.0480411	0.0466228	0.0453761	0.0445584	0.0443998	0.0450505	0.0463967	0.0480915	0.0497078	0.0508257	0.051175	0.0506767	0.0495235	0.0481491	0.0470247	0.0464549	0.0464731	0.0468752	0.0473112	0.0475089	0.0473699	0.0469913	0.0465527	0.0462064	0.0459941	0.045897	0.045899	0.0459484	0.0460149	0.0460641	0.0460928	0.0461382	0.0462658	0.0465287	0.0469159	0.0473608	0.0477527	0.0480652	0.0482845	0.0483992	0.0484952	0.0486246	0.0488595	0.0492129	0.0496215	0.0499803	0.050082	0.049785	0.0489884	0.0477086	0.0461455	0.0446259	0.0435157	0.0430486	0.043289	0.044199	0.0455741	0.047111	0.0485568	0.049705	0.0504158	0.0505847	0.0501911	0.0493073	0.0480412	
0.0720577	0.0705973	0.0691982	0.0682019	0.0678818	0.0684606	0.0698852	0.0717987	0.0737332	0.0752175	0.0758361	0.0753863	0.0740156	0.0722011	0.0705958	0.0696842	0.0695993	0.0701271	0.0708091	0.0712276	0.0711724	0.0707224	0.0701237	0.0696091	0.0692632	0.0690949	0.0690817	0.0691377	0.0692169	0.0692848	0.0693528	0.0694596	0.0696708	0.0700433	0.07055	0.0711	0.0715517	0.0718792	0.072102	0.0722113	0.0723178	0.0725052	0.0728585	0.0733811	0.0739671	0.0744454	0.0745472	0.0740897	0.0729603	0.0712491	0.0692507	0.0673759	0.0660659	0.065585	0.065974	0.0671372	0.0687515	0.070445	0.0719936	0.0732298	0.0740298	0.0743105	0.0740419	0.0732571	0.0720578	
0.0959387	0.0950444	0.0940276	0.093148	0.0926515	0.0928226	0.0937568	0.0953005	0.0970908	0.0986599	0.0995398	0.0993717	0.0981393	0.0962036	0.0942703	0.0930043	0.0927161	0.0932654	0.0941651	0.0948761	0.095036	0.0946427	0.0939626	0.0932924	0.0927878	0.0925251	0.0924701	0.0924995	0.0925692	0.0926639	0.0928103	0.093026	0.0933426	0.0937917	0.0943281	0.0948592	0.0952485	0.0954865	0.0956396	0.0957095	0.0958074	0.0960396	0.096488	0.0971293	0.0978156	0.0983203	0.0983513	0.0977149	0.0963426	0.0944468	0.0923974	0.0906182	0.0894837	0.089179	0.0896703	0.0907686	0.0921512	0.0935387	0.0947432	0.0956705	0.0963326	0.0967238	0.0968015	0.0965331	0.0959387	
0.11973	0.11985	0.119657	0.119222	0.11869	0.118317	0.118361	0.118979	0.120082	0.121317	0.122252	0.122453	0.121687	0.120054	0.11811	0.116588	0.116	0.116394	0.117381	0.118379	0.118866	0.118688	0.118047	0.117252	0.116569	0.11618	0.116031	0.115981	0.116025	0.116181	0.116466	0.116846	0.117283	0.117751	0.118192	0.118564	0.118794	0.118894	0.118955	0.118988	0.119072	0.119317	0.119794	0.120449	0.121104	0.121511	0.121383	0.120571	0.119125	0.11737	0.115698	0.11446	0.113863	0.113917	0.114456	0.115214	0.115963	0.11659	0.117035	0.117355	0.117709	0.11819	0.118768	0.11933	0.11973	
0.143174	0.144485	0.145362	0.145663	0.145371	0.144629	0.143762	0.143162	0.143108	0.143557	0.144221	0.144693	0.144568	0.143625	0.142085	0.14055	0.139655	0.139713	0.140564	0.141714	0.142546	0.142711	0.142249	0.141406	0.140562	0.140008	0.139688	0.139506	0.139536	0.139806	0.140285	0.140853	0.141392	0.141795	0.142013	0.142127	0.142182	0.142188	0.142195	0.142207	0.142263	0.142462	0.142867	0.143394	0.14387	0.144042	0.14367	0.142734	0.141428	0.140142	0.139226	0.138875	0.139057	0.139538	0.140016	0.140251	0.140144	0.139742	0.13919	0.138734	0.13867	0.139179	0.140237	0.141663	0.143173	
0.166012	0.168283	0.17016	0.171329	0.171564	0.170851	0.169449	0.167827	0.166527	0.165886	0.165932	0.166398	0.166841	0.166787	0.166035	0.164862	0.163831	0.16347	0.163932	0.164965	0.166006	0.166544	0.166379	0.165625	0.164705	0.16395	0.163377	0.163064	0.163129	0.16354	0.164195	0.164898	0.165466	0.165728	0.165663	0.16552	0.165495	0.165542	0.165555	0.165528	0.165508	0.165576	0.165794	0.166061	0.166223	0.166049	0.165406	0.16445	0.163477	0.162904	0.162975	0.163652	0.164603	0.165368	0.165621	0.165236	0.164249	0.162879	0.16144	0.160294	0.159844	0.160319	0.16167	0.163683	0.166012	
0.188321	0.190966	0.193404	0.195279	0.196236	0.196022	0.194705	0.192665	0.190499	0.18882	0.188014	0.188093	0.18876	0.189473	0.189691	0.189262	0.188461	0.187815	0.187748	0.188356	0.189313	0.190094	0.19028	0.189792	0.188954	0.188	0.187154	0.186787	0.186935	0.187387	0.188046	0.188736	0.189241	0.189372	0.189115	0.188864	0.188939	0.189153	0.189165	0.188998	0.188822	0.188687	0.188635	0.188562	0.188327	0.187777	0.186927	0.186068	0.185571	0.185822	0.186876	0.188403	0.189787	0.190515	0.190397	0.189433	0.187828	0.185926	0.184077	0.182661	0.182064	0.182437	0.183742	0.185807	0.188321	
0.210567	0.212799	0.215121	0.217271	0.218894	0.219561	0.219	0.217318	0.215007	0.212729	0.211103	0.210468	0.210828	0.211809	0.212802	0.213289	0.213126	0.212585	0.212123	0.212148	0.212682	0.213418	0.213879	0.213805	0.213241	0.212202	0.211198	0.210878	0.211034	0.211243	0.211604	0.212106	0.212527	0.212701	0.212549	0.212449	0.212727	0.213061	0.212945	0.212493	0.212093	0.211744	0.211402	0.210983	0.210388	0.20956	0.208649	0.208026	0.208094	0.209115	0.210861	0.212733	0.214015	0.214356	0.213778	0.212464	0.21077	0.209036	0.207509	0.206444	0.206046	0.20629	0.207167	0.208643	0.210567	
0.233343	0.234416	0.235911	0.237771	0.239734	0.241329	0.241998	0.241439	0.239826	0.237655	0.235581	0.234166	0.233742	0.234278	0.235405	0.236541	0.237188	0.237216	0.236814	0.23642	0.236356	0.2367	0.237197	0.237528	0.237378	0.236525	0.235627	0.235343	0.235234	0.234867	0.234685	0.234909	0.235357	0.235906	0.236269	0.236536	0.236872	0.237011	0.236569	0.235774	0.235161	0.234655	0.234095	0.233442	0.232658	0.231776	0.23102	0.230805	0.231456	0.232985	0.234889	0.236432	0.237071	0.236755	0.23577	0.234516	0.233358	0.232506	0.232025	0.231872	0.231951	0.232081	0.232258	0.232647	0.233343	
0.256912	0.256455	0.256654	0.257694	0.259508	0.261707	0.263645	0.264669	0.26447	0.263189	0.261307	0.259413	0.258056	0.257576	0.258015	0.259064	0.260216	0.26101	0.261202	0.260912	0.260448	0.260213	0.260378	0.260835	0.261084	0.260739	0.260223	0.259803	0.259119	0.258102	0.257424	0.257409	0.258046	0.259254	0.260377	0.261027	0.261085	0.260573	0.259665	0.258645	0.257921	0.257372	0.256786	0.256134	0.25544	0.2548	0.254461	0.254791	0.255888	0.257451	0.25884	0.25945	0.259082	0.258052	0.256938	0.256221	0.256133	0.25664	0.257532	0.258456	0.25907	0.259099	0.258543	0.257711	0.256912	
0.281062	0.279273	0.278168	0.278115	0.279278	0.281491	0.284211	0.286665	0.288172	0.2884	0.287447	0.285703	0.283736	0.282138	0.281344	0.281488	0.282395	0.283617	0.284628	0.285059	0.284809	0.284226	0.283792	0.283861	0.284223	0.284495	0.284458	0.283753	0.282486	0.281196	0.280389	0.280263	0.281092	0.282864	0.284574	0.285407	0.284922	0.283513	0.282155	0.281138	0.28047	0.280025	0.279656	0.27931	0.27902	0.278912	0.279178	0.279988	0.281144	0.282141	0.282454	0.281816	0.280446	0.279013	0.278212	0.278413	0.279586	0.281396	0.28338	0.285029	0.285935	0.285849	0.284795	0.283064	0.281062	
0.305418	0.303011	0.301062	0.300009	0.300197	0.301738	0.304378	0.307493	0.310309	0.312159	0.312674	0.311842	0.310007	0.307756	0.305761	0.304567	0.304466	0.305371	0.306862	0.308267	0.308934	0.308674	0.307828	0.307147	0.307118	0.30766	0.30794	0.307082	0.305707	0.304747	0.304258	0.304191	0.304985	0.306683	0.308368	0.309092	0.308116	0.306046	0.304435	0.303596	0.303129	0.302903	0.302949	0.303192	0.303554	0.304091	0.304824	0.305687	0.306336	0.306321	0.3054	0.303709	0.301859	0.300657	0.300652	0.301885	0.304004	0.306483	0.308789	0.310472	0.311237	0.310993	0.309798	0.307827	0.305418	
0.329856	0.327727	0.325668	0.324026	0.323203	0.323556	0.325207	0.327903	0.33106	0.333964	0.335951	0.33657	0.335713	0.333669	0.331071	0.328677	0.3272	0.327073	0.328293	0.330302	0.332147	0.33294	0.332396	0.33122	0.33045	0.330576	0.330829	0.330206	0.329368	0.329154	0.329252	0.329399	0.329821	0.330598	0.331515	0.331889	0.330752	0.328646	0.32713	0.326496	0.32622	0.326273	0.32688	0.32786	0.328835	0.329688	0.330352	0.330692	0.330455	0.329405	0.327636	0.325661	0.324246	0.323997	0.325054	0.327058	0.329448	0.331703	0.333445	0.334462	0.334711	0.334289	0.333294	0.33178	0.329856	
0.354346	0.35313	0.351614	0.349932	0.348393	0.347465	0.347587	0.348941	0.35136	0.354351	0.357236	0.359305	0.359986	0.359044	0.356752	0.353797	0.351093	0.349544	0.34972	0.351518	0.354114	0.356207	0.356761	0.355875	0.354559	0.353862	0.353797	0.353642	0.353607	0.354118	0.35477	0.355123	0.354939	0.354392	0.354174	0.354059	0.353086	0.35159	0.350575	0.350096	0.349904	0.350313	0.351526	0.353024	0.354096	0.354613	0.354656	0.354188	0.353124	0.35149	0.349708	0.348452	0.348295	0.349367	0.351319	0.353537	0.355475	0.356798	0.357412	0.35742	0.357043	0.356512	0.355934	0.355256	0.354346	
0.378608	0.378352	0.377626	0.376351	0.374639	0.372854	0.371545	0.371232	0.372204	0.374375	0.377304	0.380297	0.382544	0.383315	0.382286	0.379719	0.376415	0.373515	0.372122	0.372791	0.375198	0.378123	0.380054	0.380223	0.379069	0.377885	0.377464	0.377532	0.377981	0.378842	0.379714	0.380028	0.379273	0.377755	0.376617	0.376022	0.375329	0.374693	0.374369	0.374146	0.374194	0.375051	0.376588	0.377972	0.378509	0.378239	0.377451	0.376268	0.374789	0.373291	0.372343	0.372461	0.373769	0.375887	0.378168	0.380004	0.381053	0.381261	0.380814	0.380044	0.379286	0.378784	0.378593	0.378605	0.378608	
0.402413	0.402603	0.402422	0.401684	0.400291	0.398361	0.396286	0.39468	0.394132	0.394971	0.397169	0.400295	0.403598	0.406134	0.407049	0.405934	0.403082	0.399473	0.396486	0.395331	0.396442	0.399162	0.401995	0.403518	0.403329	0.402409	0.401716	0.401463	0.401847	0.402628	0.403254	0.403257	0.402308	0.400647	0.399172	0.398272	0.397789	0.397755	0.397949	0.39822	0.398864	0.400085	0.401409	0.40212	0.401833	0.400721	0.399223	0.39766	0.396322	0.395594	0.395907	0.397374	0.39966	0.402101	0.404052	0.405143	0.405321	0.404783	0.403878	0.402944	0.402231	0.401877	0.401863	0.402092	0.402413	
0.425787	0.425863	0.425779	0.425382	0.424485	0.422986	0.420982	0.418881	0.417286	0.41679	0.417773	0.420218	0.423688	0.427361	0.430209	0.431272	0.43009	0.427017	0.423209	0.420222	0.419257	0.420536	0.423123	0.425532	0.426649	0.426603	0.42581	0.424894	0.424814	0.425224	0.425355	0.425063	0.424434	0.42345	0.422366	0.421508	0.421131	0.421304	0.421677	0.422357	0.423505	0.424773	0.425585	0.425491	0.424357	0.422538	0.420675	0.419238	0.418588	0.418973	0.420445	0.422699	0.425161	0.427188	0.428377	0.428661	0.428265	0.42753	0.426768	0.426161	0.425773	0.425599	0.425584	0.425668	0.425787	
0.448784	0.448661	0.448486	0.448205	0.447692	0.446798	0.445403	0.443583	0.441675	0.440235	0.439877	0.440992	0.443618	0.447323	0.451268	0.45435	0.455523	0.454328	0.451204	0.447445	0.444604	0.443716	0.444748	0.446836	0.448774	0.449756	0.44923	0.447866	0.447186	0.447074	0.44687	0.446615	0.446559	0.446619	0.446581	0.446342	0.446152	0.446177	0.446165	0.446648	0.447871	0.449009	0.449278	0.448345	0.446407	0.44421	0.442581	0.441941	0.44243	0.443921	0.44607	0.448344	0.450227	0.451326	0.451552	0.451109	0.450379	0.449697	0.449232	0.449002	0.448926	0.448917	0.448909	0.448872	0.448784	
0.471652	0.47168	0.471604	0.471426	0.471107	0.470599	0.469797	0.468581	0.466973	0.465214	0.46381	0.463357	0.464353	0.466922	0.470675	0.474734	0.4779	0.479111	0.477999	0.475136	0.471758	0.469206	0.468227	0.46892	0.470684	0.47213	0.472014	0.470819	0.46975	0.469051	0.468774	0.468972	0.469589	0.470549	0.471546	0.472125	0.472162	0.471648	0.470796	0.470857	0.472101	0.473025	0.472506	0.47063	0.46825	0.466457	0.465923	0.466645	0.468326	0.470492	0.472622	0.474227	0.475025	0.474951	0.474207	0.473138	0.472111	0.471361	0.470961	0.470857	0.470946	0.471136	0.471351	0.471541	0.471652	
0.494923	0.495455	0.495771	0.495852	0.495661	0.495228	0.494591	0.493696	0.492481	0.490896	0.489079	0.487435	0.48663	0.487301	0.489664	0.493335	0.497346	0.50041	0.501563	0.500677	0.498395	0.49583	0.493957	0.493386	0.494006	0.494548	0.494129	0.493517	0.492827	0.491785	0.491467	0.492336	0.4937	0.49517	0.496471	0.497108	0.496876	0.495754	0.494643	0.494933	0.496129	0.49645	0.49497	0.492518	0.490634	0.490201	0.49125	0.493192	0.495457	0.497532	0.498993	0.499552	0.499179	0.498064	0.496562	0.495006	0.493673	0.492721	0.492211	0.492111	0.492352	0.492862	0.493532	0.494259	0.494923	
0.518919	0.519906	0.520652	0.521098	0.521137	0.520747	0.520022	0.519026	0.517848	0.51644	0.514691	0.512604	0.510556	0.509318	0.50964	0.5118	0.515321	0.519072	0.52183	0.522993	0.522783	0.521918	0.520981	0.520227	0.519397	0.517807	0.515843	0.51542	0.515894	0.51544	0.515301	0.516594	0.518151	0.519452	0.520574	0.520741	0.519867	0.518499	0.518004	0.518852	0.519438	0.518797	0.516863	0.514795	0.514249	0.515403	0.51755	0.51987	0.521902	0.523348	0.52393	0.523506	0.522246	0.520479	0.518571	0.516802	0.515394	0.514457	0.514048	0.514141	0.514669	0.515548	0.516632	0.517802	0.518919	
0.543261	0.544216	0.545059	0.545753	0.546137	0.546044	0.545481	0.544482	0.543236	0.541874	0.540322	0.538364	0.535917	0.53343	0.531797	0.53187	0.533815	0.536965	0.540247	0.542852	0.54473	0.546184	0.547046	0.547017	0.545642	0.542424	0.538721	0.537683	0.539021	0.539999	0.54052	0.541509	0.542331	0.543158	0.544153	0.544121	0.543149	0.541846	0.541496	0.542027	0.541515	0.540161	0.538741	0.537971	0.538894	0.541055	0.54347	0.545535	0.547072	0.547875	0.547635	0.546369	0.544494	0.542442	0.540561	0.539062	0.538078	0.537615	0.537661	0.538146	0.538963	0.540003	0.541118	0.542233	0.543261	
0.566718	0.56719	0.567765	0.568508	0.569275	0.569754	0.569784	0.569269	0.568382	0.567348	0.566237	0.56484	0.56278	0.560048	0.557185	0.555206	0.554876	0.556243	0.558759	0.561742	0.565015	0.568494	0.5712	0.572202	0.571451	0.568556	0.564452	0.562449	0.563443	0.565199	0.565887	0.565772	0.566024	0.567278	0.568134	0.567983	0.567742	0.566692	0.565282	0.564052	0.562373	0.561257	0.561404	0.562486	0.564584	0.567064	0.569279	0.571032	0.57216	0.572258	0.571005	0.568845	0.566588	0.564683	0.563316	0.56251	0.562229	0.56235	0.562787	0.563437	0.564197	0.564977	0.565667	0.566255	0.566718	
0.588411	0.588351	0.58855	0.589246	0.590368	0.591497	0.592291	0.592558	0.592404	0.592057	0.591722	0.591299	0.590353	0.588531	0.585801	0.582766	0.580296	0.579142	0.579606	0.581556	0.585051	0.589923	0.594465	0.59659	0.59668	0.595376	0.592427	0.58975	0.589205	0.590308	0.590806	0.590279	0.590708	0.592259	0.592449	0.591708	0.591768	0.590932	0.588578	0.585918	0.584004	0.584233	0.586552	0.589347	0.592054	0.594203	0.595722	0.59677	0.596991	0.595915	0.593559	0.590901	0.588891	0.58769	0.58713	0.586984	0.5871	0.587312	0.587576	0.587843	0.588097	0.588321	0.588448	0.588496	0.588411	
0.609647	0.609168	0.60886	0.6093	0.610585	0.612183	0.613577	0.614473	0.614912	0.615134	0.615422	0.615829	0.616079	0.615803	0.614595	0.612393	0.609406	0.606352	0.604194	0.603765	0.605761	0.610332	0.615885	0.619432	0.6207	0.621273	0.620569	0.618664	0.616872	0.616525	0.617014	0.617213	0.617279	0.617214	0.616163	0.614289	0.613123	0.612111	0.610424	0.608672	0.607947	0.610203	0.614692	0.61818	0.620303	0.621254	0.621328	0.620889	0.619523	0.617109	0.614334	0.612447	0.61179	0.611761	0.61189	0.611928	0.611842	0.611579	0.611208	0.610798	0.610459	0.610234	0.610083	0.609965	0.609647	
0.634052	0.633179	0.631903	0.631426	0.632354	0.634088	0.635904	0.637193	0.637838	0.638163	0.638483	0.638939	0.639517	0.640067	0.640244	0.639642	0.63775	0.634626	0.631051	0.628299	0.627504	0.629365	0.633538	0.637707	0.64035	0.642522	0.644365	0.644629	0.642983	0.641087	0.640976	0.642134	0.641798	0.639503	0.636792	0.633852	0.631528	0.630337	0.629664	0.629561	0.63093	0.636218	0.643411	0.647218	0.647694	0.646516	0.644673	0.642658	0.640208	0.637627	0.635973	0.636034	0.637	0.637728	0.637946	0.637715	0.637238	0.63653	0.635707	0.634881	0.634305	0.634045	0.634079	0.634269	0.634052	
0.663805	0.66319	0.661025	0.659027	0.658605	0.659378	0.660622	0.661681	0.662229	0.662471	0.662728	0.663127	0.663608	0.664078	0.664519	0.664721	0.663913	0.661604	0.658159	0.654583	0.651701	0.650282	0.651073	0.653137	0.654946	0.656987	0.660403	0.662976	0.662318	0.659787	0.658841	0.659846	0.658925	0.655181	0.651465	0.648565	0.646736	0.645855	0.645966	0.648317	0.654041	0.664908	0.675838	0.678999	0.675504	0.670701	0.667206	0.664973	0.663307	0.662245	0.662528	0.66403	0.665284	0.665693	0.665647	0.66543	0.665174	0.66465	0.663844	0.662871	0.66224	0.662138	0.66248	0.663247	0.663805	
0.692205	0.692465	0.690595	0.688033	0.686464	0.685884	0.685917	0.686262	0.686574	0.686772	0.687073	0.687616	0.688216	0.688683	0.68912	0.689661	0.68959	0.68803	0.685317	0.682308	0.679028	0.675807	0.673663	0.673126	0.673744	0.674864	0.676732	0.67927	0.680272	0.678083	0.675488	0.673712	0.671038	0.667096	0.663984	0.662493	0.662757	0.663274	0.663084	0.666411	0.676744	0.692764	0.705343	0.708338	0.703304	0.695069	0.689769	0.688199	0.687873	0.687855	0.688876	0.690556	0.69128	0.691415	0.691713	0.692092	0.692405	0.69231	0.691674	0.690592	0.689789	0.689643	0.689972	0.690919	0.692205	
0.711546	0.711907	0.711302	0.710252	0.709538	0.709191	0.709081	0.709123	0.709197	0.709263	0.709371	0.709595	0.709937	0.710286	0.710754	0.7115	0.711689	0.710406	0.708172	0.705609	0.70265	0.700051	0.698771	0.699243	0.701334	0.702438	0.699967	0.701574	0.706852	0.706724	0.703086	0.698013	0.693542	0.691201	0.689541	0.689625	0.694693	0.698415	0.694424	0.689307	0.69305	0.705054	0.716198	0.722821	0.722705	0.716866	0.712318	0.711402	0.711466	0.711186	0.710585	0.71017	0.71024	0.710791	0.711485	0.71201	0.71225	0.712182	0.711814	0.711175	0.710658	0.710476	0.710535	0.710898	0.711546	
0.725999	0.725672	0.726553	0.728264	0.729819	0.730873	0.731285	0.73119	0.730914	0.730666	0.730409	0.730077	0.729743	0.729438	0.729298	0.729228	0.728728	0.728031	0.727885	0.727912	0.727465	0.727546	0.729285	0.73222	0.735579	0.735971	0.730097	0.728698	0.734967	0.739316	0.739533	0.739611	0.734836	0.7319	0.732515	0.73466	0.743961	0.747845	0.738339	0.722172	0.71328	0.715271	0.721834	0.729091	0.732327	0.731906	0.73126	0.731168	0.73109	0.730682	0.729403	0.727607	0.726689	0.726636	0.726646	0.726575	0.726404	0.726302	0.726375	0.726642	0.72695	0.727099	0.727083	0.726703	0.725999	
0.745669	0.745658	0.747792	0.750963	0.753247	0.754174	0.753921	0.753077	0.752286	0.751741	0.751274	0.750772	0.750208	0.749588	0.748963	0.748126	0.747271	0.747482	0.749291	0.75182	0.754011	0.755984	0.758191	0.760444	0.762276	0.762253	0.75859	0.755795	0.758036	0.762315	0.765101	0.767504	0.765293	0.769142	0.772283	0.77323	0.77868	0.777733	0.768186	0.755364	0.74478	0.738827	0.737603	0.740462	0.743618	0.746072	0.747906	0.748617	0.74886	0.748924	0.748613	0.747491	0.74609	0.745139	0.744511	0.744078	0.743802	0.743926	0.744517	0.745529	0.746486	0.747037	0.747183	0.746617	0.745669	
0.77334	0.774216	0.77637	0.778339	0.778765	0.777756	0.77601	0.774338	0.773235	0.772673	0.77237	0.772136	0.771847	0.771437	0.770965	0.770484	0.770403	0.771383	0.773547	0.776358	0.779162	0.781435	0.782701	0.782817	0.781891	0.780406	0.779103	0.778663	0.779172	0.780055	0.78127	0.781792	0.782669	0.787533	0.791214	0.79203	0.794815	0.794079	0.789082	0.782428	0.774019	0.76524	0.759975	0.760307	0.763352	0.766529	0.769026	0.770723	0.77199	0.772758	0.772855	0.772076	0.770931	0.770082	0.76962	0.769461	0.769498	0.769981	0.770912	0.772167	0.773216	0.773794	0.77393	0.773545	0.77334	
0.80199	0.802516	0.803286	0.803283	0.80199	0.799946	0.797897	0.79641	0.795675	0.795531	0.795637	0.795713	0.795572	0.795209	0.794967	0.795124	0.79603	0.797948	0.800712	0.803748	0.806237	0.8076	0.80758	0.805998	0.802907	0.798883	0.796145	0.795565	0.796062	0.796603	0.797192	0.797695	0.797818	0.798644	0.800507	0.804496	0.809972	0.812935	0.811646	0.806791	0.799895	0.792935	0.788048	0.787455	0.789434	0.791565	0.793637	0.795552	0.797344	0.798809	0.79975	0.799922	0.799479	0.798902	0.798572	0.798654	0.798994	0.799646	0.800492	0.801429	0.802121	0.802414	0.802357	0.802023	0.80199	
0.826292	0.826133	0.825811	0.824935	0.823441	0.821821	0.820585	0.82	0.820032	0.820417	0.820738	0.820766	0.82058	0.820465	0.820894	0.821948	0.823612	0.82583	0.828193	0.830107	0.830838	0.830017	0.827876	0.824711	0.820751	0.816496	0.81368	0.813363	0.814831	0.816172	0.816849	0.817241	0.816641	0.815422	0.816466	0.820984	0.826211	0.829462	0.83031	0.829113	0.825866	0.821342	0.817359	0.815927	0.816219	0.816894	0.817851	0.81904	0.820599	0.822375	0.8241	0.825417	0.826104	0.826196	0.825978	0.825868	0.82596	0.826265	0.826649	0.827024	0.827217	0.82716	0.826927	0.826552	0.826292	
0.847875	0.847652	0.84728	0.846595	0.845655	0.844843	0.84444	0.844538	0.844951	0.845383	0.845599	0.845633	0.845898	0.846703	0.848134	0.849915	0.851756	0.853439	0.854595	0.85477	0.85342	0.850433	0.846653	0.843183	0.840422	0.838368	0.837862	0.839575	0.84213	0.843778	0.844691	0.845079	0.844576	0.843013	0.842174	0.843406	0.845868	0.848302	0.850086	0.851082	0.85032	0.847764	0.844774	0.842846	0.842002	0.841785	0.841932	0.842369	0.84323	0.844475	0.846027	0.847734	0.849274	0.85024	0.850485	0.850317	0.850017	0.849754	0.84952	0.849301	0.849035	0.848717	0.848411	0.848099	0.847875	
0.869899	0.869724	0.869486	0.869115	0.868673	0.8684	0.868396	0.868695	0.869166	0.869658	0.870201	0.870966	0.872215	0.873911	0.875758	0.877373	0.878508	0.879033	0.878743	0.877294	0.874392	0.870379	0.866662	0.86454	0.864206	0.865261	0.86746	0.870373	0.872585	0.873847	0.874622	0.874415	0.873512	0.871771	0.869356	0.867394	0.866988	0.86827	0.870661	0.873287	0.874362	0.873194	0.870939	0.869097	0.868064	0.867567	0.867228	0.866999	0.867006	0.867337	0.868104	0.869382	0.870995	0.872478	0.873386	0.873663	0.873464	0.873016	0.87245	0.871853	0.871275	0.870761	0.870375	0.870083	0.869899	
0.893437	0.893008	0.892597	0.892195	0.891875	0.89179	0.89198	0.892483	0.893278	0.89431	0.895596	0.897154	0.898919	0.900643	0.902012	0.902761	0.902792	0.902043	0.900385	0.8977	0.894214	0.890824	0.88886	0.88899	0.890751	0.893345	0.896102	0.898587	0.900209	0.90103	0.901002	0.899589	0.897615	0.89545	0.893102	0.890707	0.88891	0.88885	0.890832	0.893968	0.896155	0.896136	0.894812	0.893635	0.892983	0.892616	0.892241	0.891798	0.89137	0.891112	0.891196	0.891821	0.893035	0.894582	0.896	0.896976	0.897402	0.897371	0.89701	0.89644	0.895767	0.895077	0.894453	0.893897	0.893437	
0.917598	0.91681	0.916155	0.915672	0.91546	0.915619	0.916154	0.917081	0.918336	0.919815	0.921395	0.922977	0.924398	0.925425	0.925871	0.925603	0.924574	0.922741	0.920133	0.917062	0.914314	0.912911	0.913423	0.915562	0.918321	0.920771	0.922535	0.92396	0.925055	0.925197	0.92412	0.921952	0.919657	0.917955	0.916813	0.915345	0.913208	0.911758	0.912284	0.914626	0.917077	0.918136	0.917857	0.9171	0.916453	0.916137	0.915987	0.915758	0.915409	0.915085	0.914943	0.915176	0.915948	0.917251	0.918796	0.920226	0.921265	0.921818	0.921905	0.921606	0.921021	0.92024	0.919364	0.918456	0.917598	
0.941299	0.940566	0.940078	0.939881	0.940046	0.940597	0.941477	0.942637	0.943946	0.945292	0.946539	0.94758	0.948282	0.948452	0.947958	0.946717	0.944739	0.942144	0.939301	0.936944	0.936013	0.937086	0.939805	0.943048	0.945609	0.947031	0.947663	0.948153	0.948309	0.947378	0.945542	0.943403	0.941742	0.941162	0.941598	0.941644	0.940008	0.937606	0.936305	0.936947	0.938827	0.940679	0.94158	0.941387	0.940643	0.940018	0.939686	0.939488	0.939276	0.939056	0.938926	0.939019	0.939489	0.940431	0.941719	0.943093	0.944267	0.945047	0.94536	0.94524	0.944766	0.944022	0.943125	0.942177	0.9413	
0.964598	0.964382	0.964434	0.964745	0.965314	0.966099	0.967034	0.96807	0.96911	0.970093	0.970894	0.971376	0.971365	0.97068	0.969244	0.96709	0.96442	0.961683	0.959589	0.958951	0.960262	0.963281	0.966944	0.969915	0.971357	0.97151	0.971248	0.970917	0.969961	0.968159	0.966424	0.965477	0.96529	0.965595	0.966565	0.967506	0.966724	0.964242	0.961853	0.961024	0.961914	0.963758	0.965486	0.966294	0.966132	0.965482	0.964782	0.964268	0.963884	0.963534	0.963238	0.963087	0.963208	0.963705	0.964535	0.965527	0.96643	0.967047	0.967286	0.967168	0.966779	0.966214	0.965593	0.96502	0.964598	
0.98804	0.988332	0.988795	0.989385	0.990083	0.99087	0.991741	0.992692	0.993641	0.994469	0.994952	0.994873	0.994051	0.992425	0.990094	0.987325	0.984616	0.982706	0.982354	0.983932	0.987073	0.990726	0.993619	0.994933	0.994692	0.993688	0.992716	0.991729	0.990256	0.988701	0.988261	0.989235	0.990541	0.991122	0.991303	0.991683	0.991258	0.989331	0.987128	0.985945	0.986162	0.987388	0.988953	0.99031	0.991125	0.991225	0.990747	0.99008	0.989394	0.988691	0.987964	0.98729	0.986823	0.986722	0.987012	0.987564	0.988149	0.988572	0.988739	0.988669	0.988454	0.988193	0.987993	0.987925	0.98804	
1.01187	1.01226	1.01272	1.01326	1.01392	1.01475	1.01576	1.01688	1.0179	1.01854	1.01852	1.01766	1.01592	1.01349	1.01069	1.00806	1.00633	1.00622	1.00802	1.01129	1.01491	1.01761	1.01854	1.01774	1.01599	1.01425	1.01286	1.01164	1.01059	1.01034	1.01155	1.01385	1.01601	1.01687	1.01618	1.01501	1.01404	1.01286	1.01172	1.01097	1.01085	1.0113	1.01204	1.01309	1.01436	1.01538	1.01575	1.01553	1.0149	1.014	1.01284	1.01155	1.01036	1.00954	1.00924	1.00939	1.00981	1.01027	1.01065	1.0109	1.01106	1.01118	1.01133	1.01155	1.01187	
1.03594	1.03611	1.03637	1.03683	1.03757	1.03861	1.03984	1.04102	1.04179	1.04184	1.04097	1.03922	1.03679	1.03409	1.03165	1.03018	1.03033	1.0323	1.03561	1.03914	1.04165	1.04235	1.0412	1.03894	1.03661	1.03483	1.03351	1.03254	1.03237	1.03347	1.03555	1.03793	1.0401	1.04134	1.04065	1.0385	1.03676	1.03611	1.03599	1.03574	1.03544	1.03529	1.03522	1.03549	1.03637	1.03765	1.03879	1.0394	1.0394	1.0388	1.03763	1.03602	1.03426	1.03277	1.03186	1.0316	1.0319	1.03253	1.0333	1.03405	1.03469	1.03518	1.03553	1.03576	1.03594	
1.0599	1.06001	1.06032	1.06097	1.06194	1.06313	1.06426	1.06497	1.06492	1.06396	1.06215	1.05978	1.05725	1.05509	1.05396	1.05438	1.0565	1.05979	1.06319	1.06553	1.06606	1.06478	1.06238	1.05985	1.05796	1.05681	1.05596	1.05543	1.05589	1.05748	1.05942	1.06119	1.06286	1.06419	1.06415	1.06235	1.06047	1.05988	1.06009	1.0601	1.05987	1.05951	1.05898	1.05847	1.05842	1.05909	1.06028	1.06155	1.06247	1.06277	1.06227	1.06098	1.05917	1.0573	1.05582	1.05502	1.05495	1.0555	1.05642	1.05747	1.05843	1.05915	1.0596	1.05981	1.0599	
1.08363	1.08416	1.08496	1.086	1.08714	1.0881	1.08856	1.08822	1.08699	1.08502	1.08261	1.08023	1.07839	1.07762	1.07832	1.08054	1.08374	1.08695	1.08908	1.08949	1.08821	1.08588	1.08343	1.08164	1.08076	1.08042	1.08008	1.07984	1.08034	1.0816	1.08296	1.08415	1.0853	1.08645	1.08707	1.08635	1.08496	1.08414	1.08403	1.08403	1.08395	1.08375	1.08324	1.08235	1.08141	1.08104	1.08153	1.08278	1.08434	1.08571	1.08641	1.08618	1.08505	1.08336	1.0816	1.0802	1.07942	1.07933	1.07978	1.08057	1.08144	1.08222	1.0828	1.08323	1.08363	
1.10725	1.10855	1.10997	1.1113	1.11227	1.11255	1.11193	1.11039	1.10816	1.10565	1.10336	1.10178	1.10134	1.1023	1.10455	1.10757	1.11047	1.1123	1.11254	1.11126	1.10912	1.10695	1.10537	1.10465	1.10459	1.10475	1.10476	1.1047	1.10498	1.10566	1.10646	1.10728	1.10811	1.10903	1.11001	1.11026	1.10953	1.10856	1.10793	1.10767	1.1076	1.10766	1.10757	1.10691	1.10565	1.10441	1.10386	1.10435	1.10576	1.10769	1.10952	1.11068	1.11083	1.10998	1.10845	1.10671	1.10516	1.10407	1.10353	1.10349	1.10386	1.10449	1.10526	1.10616	1.10725	
1.13089	1.13277	1.1345	1.13574	1.13616	1.13555	1.13393	1.1316	1.12907	1.12689	1.12556	1.12542	1.12655	1.12876	1.13148	1.13393	1.13534	1.13529	1.13394	1.13194	1.13008	1.12885	1.12832	1.12832	1.12859	1.12893	1.1292	1.12937	1.12953	1.1298	1.13021	1.1308	1.1314	1.13209	1.13314	1.13394	1.13381	1.1329	1.13193	1.13135	1.13115	1.13136	1.13174	1.13171	1.13084	1.12937	1.12799	1.12738	1.12787	1.12942	1.13159	1.13373	1.13515	1.13548	1.1347	1.13313	1.1312	1.12931	1.12778	1.1268	1.1265	1.12685	1.12776	1.12915	1.13089	
1.15456	1.15643	1.1579	1.1586	1.15828	1.15694	1.15486	1.15258	1.15069	1.1497	1.14987	1.15117	1.15328	1.15563	1.15755	1.15844	1.15801	1.1565	1.15456	1.15293	1.152	1.1517	1.15173	1.15194	1.15229	1.15277	1.15326	1.15359	1.15374	1.15382	1.15402	1.15445	1.1549	1.15543	1.15638	1.15739	1.15768	1.15704	1.15604	1.15529	1.15497	1.15519	1.1558	1.15636	1.15627	1.15527	1.15368	1.15222	1.15151	1.15192	1.1534	1.15553	1.15759	1.15888	1.15906	1.15816	1.15651	1.1545	1.15256	1.15106	1.15027	1.15032	1.15118	1.15269	1.15456	
1.17834	1.17947	1.18009	1.17995	1.17898	1.17737	1.17556	1.17416	1.17366	1.17425	1.1758	1.17788	1.17994	1.18138	1.18176	1.18093	1.17922	1.17727	1.17579	1.17511	1.17502	1.17513	1.17521	1.17539	1.17583	1.17644	1.17696	1.17728	1.17742	1.17743	1.17749	1.17778	1.17822	1.17879	1.17965	1.18063	1.18117	1.18088	1.1801	1.17941	1.17909	1.17924	1.17982	1.18067	1.18126	1.18106	1.17991	1.1782	1.17657	1.17565	1.1758	1.177	1.17879	1.18046	1.18145	1.18154	1.18077	1.17944	1.17789	1.17652	1.17564	1.17546	1.17599	1.17705	1.17834	
1.20209	1.20197	1.20144	1.20045	1.19911	1.19773	1.19681	1.1968	1.19785	1.19975	1.202	1.20399	1.20518	1.20522	1.20412	1.20226	1.20031	1.19894	1.19843	1.19856	1.19881	1.19883	1.19872	1.19888	1.1994	1.19999	1.20038	1.2006	1.20069	1.20059	1.20049	1.20064	1.20114	1.20192	1.20281	1.20372	1.20437	1.20442	1.20396	1.20345	1.20322	1.20331	1.20375	1.20457	1.20548	1.20594	1.20549	1.20409	1.20212	1.20022	1.19904	1.19893	1.19983	1.20127	1.20269	1.20369	1.20412	1.20398	1.20346	1.20279	1.2022	1.20186	1.20181	1.20195	1.20209	
1.22548	1.22406	1.2225	1.22092	1.21958	1.21884	1.21906	1.22039	1.22258	1.22509	1.22726	1.22851	1.22852	1.22738	1.22552	1.22364	1.22238	1.22204	1.22237	1.22282	1.22293	1.22265	1.22242	1.22261	1.22311	1.22351	1.22373	1.22386	1.22383	1.22356	1.22327	1.2233	1.2238	1.22472	1.22573	1.22666	1.22742	1.22775	1.2276	1.22728	1.22712	1.22715	1.22741	1.22804	1.22893	1.22971	1.22984	1.229	1.22723	1.22498	1.22293	1.22169	1.22154	1.22237	1.22378	1.22536	1.22681	1.22794	1.22865	1.22892	1.22877	1.22832	1.22762	1.22666	1.22548	
1.2484	1.24609	1.24393	1.2422	1.24121	1.24124	1.24245	1.24463	1.24724	1.24959	1.25105	1.2513	1.25037	1.24871	1.24701	1.24593	1.24576	1.2463	1.247	1.2473	1.24705	1.24657	1.24636	1.24658	1.24697	1.24716	1.24723	1.24726	1.24707	1.24663	1.24625	1.24617	1.24655	1.24739	1.24842	1.24944	1.25035	1.25094	1.25106	1.25089	1.25073	1.25065	1.25073	1.2511	1.25178	1.25257	1.25304	1.25276	1.25153	1.24953	1.24727	1.24539	1.24442	1.24454	1.24562	1.24734	1.24935	1.25133	1.25297	1.25398	1.25423	1.2537	1.25246	1.25061	1.2484	
1.27118	1.2686	1.2664	1.26493	1.26447	1.26517	1.26689	1.2692	1.27144	1.27299	1.27347	1.27286	1.27153	1.2701	1.26922	1.26925	1.27003	1.27102	1.27163	1.27158	1.27107	1.27058	1.27049	1.27072	1.27096	1.271	1.27095	1.27083	1.27051	1.27003	1.26967	1.26953	1.26969	1.27025	1.27111	1.27213	1.27316	1.27395	1.27431	1.27428	1.27409	1.27386	1.27373	1.27382	1.27421	1.27486	1.27547	1.27567	1.27512	1.27378	1.27191	1.27002	1.26867	1.26824	1.2688	1.27022	1.27221	1.27438	1.27633	1.27767	1.2781	1.27753	1.27603	1.27378	1.27118	
1.29425	1.29205	1.29033	1.2894	1.28945	1.29043	1.29202	1.29372	1.29498	1.29543	1.29499	1.29392	1.29275	1.29206	1.29225	1.29325	1.29456	1.29558	1.29589	1.29555	1.29499	1.29464	1.29469	1.29491	1.29501	1.29495	1.29481	1.29455	1.29419	1.2938	1.29353	1.29337	1.29332	1.29351	1.29404	1.29488	1.29587	1.29676	1.2973	1.2974	1.29719	1.29683	1.29651	1.29634	1.29647	1.29694	1.29759	1.29816	1.29831	1.29782	1.29674	1.29536	1.2941	1.29337	1.29341	1.2942	1.29562	1.29734	1.29899	1.30018	1.30058	1.30003	1.2986	1.29655	1.29425	
1.31786	1.31656	1.31567	1.31536	1.31567	1.31642	1.31729	1.31788	1.3179	1.31728	1.31622	1.31513	1.31451	1.31474	1.31586	1.31745	1.31888	1.31967	1.3197	1.31927	1.31883	1.3187	1.31886	1.31904	1.31905	1.31894	1.31874	1.31843	1.3181	1.31784	1.31766	1.31747	1.31727	1.31715	1.3173	1.31782	1.31859	1.31941	1.32002	1.32023	1.32005	1.31963	1.31918	1.31884	1.31877	1.31909	1.31977	1.32063	1.32138	1.32175	1.3216	1.321	1.32016	1.31939	1.31897	1.31902	1.31953	1.32037	1.32128	1.32197	1.32217	1.32173	1.32071	1.31933	1.31786	
1.34203	1.34182	1.3418	1.34197	1.3422	1.34233	1.34216	1.34151	1.34039	1.33901	1.33772	1.33694	1.33703	1.33807	1.33977	1.34153	1.3428	1.34331	1.34318	1.34281	1.3426	1.34267	1.3429	1.34305	1.34303	1.3429	1.3427	1.34241	1.34215	1.34199	1.34185	1.34162	1.34131	1.341	1.34083	1.34097	1.34141	1.34203	1.34259	1.34285	1.34274	1.34235	1.34188	1.34146	1.3413	1.34155	1.34225	1.34332	1.34453	1.34559	1.34626	1.34644	1.34613	1.34548	1.34474	1.34408	1.34363	1.34344	1.34344	1.3435	1.34345	1.34322	1.34283	1.3424	1.34203	
1.36651	1.36726	1.36789	1.36825	1.36818	1.36755	1.36636	1.36469	1.3628	1.36107	1.35989	1.35961	1.36033	1.36188	1.36376	1.36539	1.36637	1.36664	1.36648	1.36628	1.36628	1.36651	1.36677	1.36692	1.36691	1.3668	1.36663	1.3664	1.36623	1.36611	1.36595	1.36568	1.3653	1.36486	1.36448	1.36431	1.3644	1.36474	1.36515	1.36541	1.36539	1.36511	1.3647	1.36434	1.36419	1.36443	1.36515	1.36634	1.36781	1.36932	1.37056	1.37132	1.37146	1.37098	1.37003	1.36882	1.36757	1.36648	1.36566	1.36515	1.36493	1.36498	1.36527	1.36581	1.36651	
1.39095	1.39231	1.39328	1.39361	1.39315	1.39188	1.38996	1.3877	1.38549	1.38379	1.38295	1.38314	1.38429	1.386	1.38775	1.38906	1.38972	1.38985	1.38974	1.38971	1.38989	1.39021	1.39049	1.39064	1.39067	1.39059	1.39047	1.39033	1.39021	1.3901	1.38991	1.3896	1.38918	1.38868	1.38818	1.3878	1.38761	1.38767	1.3879	1.38811	1.38817	1.38803	1.38777	1.38752	1.38746	1.38773	1.38846	1.38966	1.39121	1.3929	1.39442	1.39549	1.3959	1.39555	1.39451	1.39297	1.39121	1.38951	1.38814	1.38726	1.38698	1.3873	1.38818	1.38947	1.39095	
1.41507	1.41666	1.41767	1.41786	1.41709	1.41545	1.41324	1.41086	1.40875	1.40735	1.40689	1.40741	1.40868	1.41027	1.41169	1.41263	1.41304	1.41309	1.41306	1.41316	1.41343	1.41378	1.41406	1.41422	1.41427	1.41424	1.41418	1.4141	1.41402	1.4139	1.41369	1.41337	1.41295	1.41245	1.41192	1.41143	1.41108	1.41094	1.411	1.41114	1.41124	1.41123	1.41113	1.41103	1.41108	1.41139	1.41208	1.41319	1.41464	1.41627	1.41779	1.41893	1.41942	1.41916	1.41813	1.4165	1.41456	1.41264	1.41105	1.41005	1.4098	1.41033	1.41155	1.41324	1.41507	
1.43875	1.44022	1.44108	1.4411	1.44023	1.43859	1.43652	1.43442	1.43269	1.43168	1.43153	1.43217	1.43332	1.43458	1.43561	1.43622	1.43644	1.43646	1.43649	1.43666	1.43695	1.43727	1.43752	1.43767	1.43774	1.43774	1.43772	1.43768	1.43763	1.43751	1.43731	1.43702	1.43664	1.4362	1.43571	1.43523	1.43484	1.4346	1.43454	1.43461	1.43472	1.4348	1.43482	1.43485	1.43497	1.43528	1.43588	1.43681	1.43802	1.43939	1.4407	1.4417	1.44215	1.44194	1.44103	1.43956	1.43778	1.43598	1.4345	1.43358	1.43341	1.43401	1.43529	1.43698	1.43875	
1.46197	1.46308	1.46368	1.46361	1.46286	1.46156	1.45998	1.45845	1.45726	1.45663	1.45665	1.4572	1.45805	1.4589	1.45955	1.45989	1.46	1.46001	1.46006	1.46023	1.46046	1.46071	1.4609	1.46101	1.46108	1.46109	1.46109	1.46108	1.46105	1.46096	1.4608	1.46057	1.46028	1.45995	1.45957	1.4592	1.45887	1.45864	1.45854	1.45856	1.45865	1.45875	1.45883	1.45891	1.45905	1.45931	1.45975	1.46042	1.46129	1.46227	1.46322	1.46395	1.46428	1.46412	1.46344	1.46233	1.46098	1.45961	1.45848	1.4578	1.45771	1.45823	1.45926	1.4606	1.46197	
1.48484	1.48543	1.48573	1.48567	1.48524	1.48452	1.48367	1.48287	1.48227	1.48198	1.48202	1.48234	1.48278	1.48321	1.48352	1.48367	1.48371	1.48372	1.48375	1.48385	1.48398	1.48412	1.48422	1.48428	1.48432	1.48433	1.48434	1.48434	1.48432	1.48427	1.48418	1.48406	1.4839	1.48372	1.48352	1.48332	1.48313	1.48299	1.48292	1.48292	1.48297	1.48303	1.4831	1.48316	1.48325	1.4834	1.48364	1.48398	1.48443	1.48495	1.48544	1.48582	1.486	1.48591	1.48555	1.48495	1.48422	1.48349	1.48288	1.48252	1.48248	1.48278	1.48336	1.4841	1.48484	
1.50751	1.50751	1.50751	1.50751	1.50751	1.50751	1.50751	1.50751	1.50751	1.50751	1.50751	1.50751	1.50751	1.50751	1.50751	1.50751	1.50751	1.50751	1.50751	1.50751	1.50751	1.50751	1.50751	1.50751	1.50751	1.50751	1.50751	1.50751	1.50751	1.50751	1.50751	1.50751	1.50751	1.50751	1.50751	1.50751	1.50751	1.50751	1.50751	1.50751	1.50751	1.50751	1.50751	1.50751	1.50751	1.50751	1.50751	1.50751	1.50751	1.50751	1.50751	1.50751	1.50751	1.50751	1.50751	1.50751	1.50751	1.50751	1.50751	1.50751	1.50751	1.50751	1.50751	1.50751	1.50751	
