x=200	y=80	z=200	n=65	len=1
b
0.60254	0.602565	0.602581	0.602593	0.602601	0.602607	0.602614	0.602622	0.602631	0.602644	0.602657	0.602674	0.602689	0.602707	0.60272	0.602734	0.60274	0.602744	0.602737	0.602724	0.602696	0.602657	0.602599	0.602528	0.602435	0.602328	0.602201	0.602062	0.601908	0.601746	0.601578	0.60141	0.601246	0.601088	0.600945	0.600813	0.6007	0.600603	0.600528	0.60047	0.600436	0.600419	0.600425	0.600447	0.60049	0.60055	0.600628	0.60072	0.600829	0.600948	0.60108	0.601218	0.601362	0.601507	0.601652	0.601792	0.601924	0.602046	0.602157	0.602254	0.602338	0.602408	0.602464	0.602508	0.60254	
0.602521	0.602541	0.602552	0.602557	0.602558	0.602557	0.602555	0.602555	0.602555	0.602557	0.60256	0.602564	0.602566	0.60257	0.602569	0.602567	0.602559	0.602548	0.602528	0.602502	0.602463	0.602413	0.602346	0.602265	0.602164	0.602049	0.601914	0.601767	0.601606	0.601438	0.601267	0.601096	0.60093	0.600774	0.600633	0.600506	0.600401	0.600313	0.600249	0.600203	0.600183	0.600179	0.600199	0.600236	0.600293	0.600366	0.600459	0.600564	0.600687	0.600819	0.600965	0.601116	0.601274	0.601432	0.601589	0.60174	0.601883	0.602014	0.602131	0.602234	0.602321	0.602393	0.602449	0.602491	0.602521	
0.602487	0.602504	0.602512	0.602514	0.602511	0.602507	0.602503	0.602499	0.602495	0.602494	0.602491	0.602489	0.602484	0.602479	0.602469	0.602458	0.602439	0.60242	0.60239	0.602356	0.602309	0.602252	0.602176	0.602088	0.601979	0.601855	0.601712	0.601556	0.601388	0.601214	0.601037	0.600861	0.600693	0.600536	0.600395	0.600271	0.60017	0.600089	0.600033	0.599997	0.599986	0.599994	0.600025	0.600072	0.60014	0.600222	0.600324	0.600438	0.600569	0.60071	0.600864	0.601023	0.60119	0.601356	0.601522	0.601681	0.601831	0.601969	0.602092	0.6022	0.60229	0.602363	0.602419	0.60246	0.602487	
0.602442	0.602458	0.602466	0.602468	0.602466	0.602464	0.602462	0.602461	0.60246	0.602461	0.60246	0.602458	0.602451	0.602443	0.602428	0.602413	0.60239	0.602366	0.602333	0.602296	0.602245	0.602185	0.602104	0.602011	0.601894	0.601762	0.60161	0.601445	0.601271	0.601089	0.600906	0.600724	0.60055	0.600389	0.600244	0.600119	0.600018	0.599939	0.599888	0.599857	0.599854	0.599868	0.599906	0.599959	0.600033	0.600121	0.600227	0.600344	0.600478	0.600621	0.600777	0.60094	0.60111	0.601281	0.601451	0.601615	0.60177	0.601913	0.60204	0.60215	0.602243	0.602317	0.602374	0.602415	0.602442	
0.602383	0.602402	0.602413	0.602419	0.602425	0.60243	0.602437	0.602446	0.602454	0.602463	0.602468	0.602471	0.602467	0.602461	0.602447	0.602432	0.60241	0.602388	0.602358	0.602324	0.602275	0.602216	0.602134	0.602037	0.601914	0.601774	0.601616	0.601443	0.601263	0.601075	0.600888	0.600699	0.600517	0.600347	0.600194	0.600063	0.599957	0.599876	0.599824	0.599794	0.599792	0.599809	0.599851	0.599907	0.599982	0.60007	0.600175	0.60029	0.60042	0.60056	0.600712	0.600872	0.601039	0.601208	0.601378	0.601542	0.601699	0.601843	0.601972	0.602085	0.602178	0.602254	0.602312	0.602354	0.602383	
0.602314	0.602339	0.602358	0.602375	0.602393	0.602414	0.602436	0.602462	0.602486	0.602509	0.602526	0.602538	0.60254	0.602539	0.60253	0.60252	0.602504	0.60249	0.602469	0.602445	0.602404	0.602351	0.602272	0.602172	0.602046	0.6019	0.601738	0.60156	0.60138	0.601191	0.601003	0.60081	0.600617	0.600435	0.600265	0.600121	0.600002	0.599911	0.599851	0.599816	0.59981	0.599824	0.599864	0.599918	0.599992	0.600076	0.600175	0.600282	0.600402	0.600531	0.600672	0.60082	0.600978	0.601139	0.601303	0.601464	0.601618	0.601762	0.60189	0.602003	0.602098	0.602175	0.602236	0.602281	0.602314	
0.602237	0.602272	0.602305	0.602339	0.602376	0.602419	0.602465	0.602513	0.602558	0.6026	0.60263	0.602653	0.602663	0.602668	0.602665	0.602663	0.602659	0.60266	0.602656	0.602649	0.602624	0.602582	0.602509	0.602409	0.602282	0.602133	0.601974	0.6018	0.601634	0.601456	0.601281	0.601092	0.600889	0.600688	0.600491	0.600322	0.600177	0.600066	0.599985	0.599935	0.599915	0.59992	0.599951	0.6	0.600066	0.600143	0.600232	0.600326	0.600431	0.600542	0.600664	0.600794	0.600934	0.601081	0.601232	0.601383	0.60153	0.601669	0.601795	0.601907	0.602002	0.602081	0.602145	0.602196	0.602237	
0.602155	0.602205	0.602258	0.602316	0.602381	0.602454	0.602529	0.602605	0.602675	0.602734	0.602778	0.602808	0.602823	0.602832	0.602836	0.602846	0.602859	0.602883	0.602906	0.602927	0.602926	0.602902	0.602838	0.602741	0.602615	0.602466	0.60232	0.602165	0.602033	0.60189	0.601752	0.601584	0.601377	0.601154	0.600915	0.600703	0.600511	0.600358	0.600239	0.600156	0.600109	0.600093	0.600108	0.600145	0.600201	0.600268	0.600345	0.600424	0.60051	0.600598	0.600694	0.600798	0.600913	0.601036	0.601168	0.601303	0.601438	0.601568	0.601689	0.601798	0.601893	0.601974	0.602044	0.602102	0.602155	
0.602072	0.602144	0.602224	0.602313	0.602413	0.60252	0.60263	0.602736	0.602827	0.6029	0.602949	0.602979	0.602991	0.603	0.603009	0.603035	0.603074	0.603133	0.603197	0.603259	0.603293	0.603292	0.603241	0.603146	0.603026	0.602886	0.602767	0.602653	0.602584	0.602514	0.602448	0.60233	0.602132	0.601878	0.601582	0.601303	0.601037	0.600816	0.600631	0.60049	0.600393	0.60034	0.600327	0.600344	0.600387	0.600444	0.60051	0.600576	0.600642	0.600704	0.600769	0.600839	0.600921	0.601013	0.601117	0.601229	0.601345	0.601462	0.601574	0.601678	0.601772	0.601857	0.601933	0.602003	0.602072	
0.601993	0.602093	0.602206	0.602333	0.602473	0.60262	0.602764	0.602894	0.602998	0.603072	0.60311	0.603123	0.603121	0.603122	0.603137	0.603185	0.603265	0.603379	0.603505	0.603626	0.603707	0.603738	0.603704	0.603616	0.603509	0.603393	0.603324	0.603278	0.603305	0.603344	0.603371	0.603331	0.603167	0.602881	0.602516	0.602144	0.601776	0.601453	0.601164	0.600932	0.600754	0.600638	0.600579	0.600567	0.600593	0.600643	0.600704	0.600765	0.600816	0.600856	0.600889	0.600922	0.600963	0.601016	0.601084	0.601165	0.601257	0.601355	0.601454	0.601552	0.601645	0.601733	0.601818	0.601903	0.601993	
0.601922	0.602055	0.602207	0.602377	0.60256	0.602746	0.602917	0.603059	0.603155	0.603204	0.603209	0.603187	0.603161	0.603153	0.603181	0.603266	0.603406	0.603597	0.603808	0.604011	0.604159	0.604232	0.604222	0.60415	0.604073	0.604003	0.604008	0.604061	0.6042	0.60435	0.604444	0.604494	0.604414	0.604125	0.603707	0.60323	0.602732	0.602271	0.601843	0.601482	0.601188	0.600978	0.600846	0.600786	0.600785	0.600826	0.600891	0.600961	0.601014	0.601043	0.60105	0.601045	0.601041	0.601048	0.601073	0.601116	0.601177	0.601252	0.601335	0.601423	0.601513	0.601606	0.601702	0.601806	0.601922	
0.601862	0.602032	0.602228	0.602443	0.602668	0.602884	0.603065	0.603191	0.603247	0.603238	0.603184	0.603115	0.603064	0.603059	0.603121	0.603269	0.603496	0.603795	0.604123	0.604437	0.604671	0.604796	0.604815	0.604774	0.604753	0.60476	0.604861	0.605013	0.605226	0.605402	0.605438	0.605542	0.605631	0.605444	0.605059	0.604513	0.603889	0.603273	0.60268	0.602161	0.601726	0.601393	0.601156	0.601013	0.600954	0.600966	0.601029	0.601118	0.601193	0.601236	0.601236	0.601202	0.601155	0.601113	0.601088	0.601088	0.601111	0.601156	0.601219	0.601296	0.601382	0.60148	0.60159	0.601716	0.601862	
0.601815	0.602026	0.602266	0.602524	0.602781	0.603008	0.603166	0.603235	0.603213	0.603126	0.603012	0.602918	0.602877	0.602916	0.603049	0.603289	0.60363	0.604061	0.60453	0.604968	0.605285	0.605443	0.605487	0.605499	0.605569	0.605682	0.605877	0.606085	0.606259	0.606301	0.606079	0.606111	0.606445	0.606538	0.606369	0.605879	0.60519	0.604454	0.603721	0.603059	0.602477	0.602006	0.601636	0.601366	0.601185	0.601105	0.60112	0.601208	0.601316	0.601398	0.601418	0.601377	0.601297	0.601207	0.60113	0.60108	0.60106	0.601072	0.60111	0.601173	0.601256	0.601359	0.601484	0.601635	0.601815	
0.60178	0.602032	0.602313	0.602606	0.602876	0.603077	0.603168	0.603143	0.603029	0.602887	0.602774	0.602731	0.602773	0.602909	0.603148	0.603501	0.603969	0.604539	0.605139	0.605662	0.605992	0.60612	0.606158	0.60623	0.60641	0.606656	0.606936	0.60714	0.607158	0.606944	0.606357	0.606169	0.606706	0.607212	0.60744	0.607161	0.606525	0.605781	0.605012	0.60428	0.603591	0.60299	0.602475	0.602038	0.601665	0.601388	0.601247	0.601258	0.601368	0.601497	0.601561	0.601543	0.601452	0.601322	0.601194	0.601093	0.601027	0.601001	0.601013	0.60106	0.601137	0.601246	0.601388	0.601565	0.60178	
0.601755	0.602045	0.602361	0.602671	0.60292	0.603055	0.603049	0.602931	0.602783	0.60269	0.602685	0.602769	0.602934	0.603188	0.603546	0.604035	0.60465	0.605358	0.606033	0.606517	0.606705	0.606673	0.606623	0.606697	0.606957	0.607338	0.607713	0.607901	0.607754	0.607307	0.60648	0.606065	0.60666	0.607535	0.60818	0.608187	0.607732	0.607159	0.606519	0.605832	0.605103	0.604402	0.603753	0.603151	0.602568	0.602029	0.601602	0.601387	0.601392	0.601526	0.601646	0.601675	0.601599	0.601448	0.601276	0.601124	0.60101	0.600944	0.600927	0.600956	0.601027	0.601142	0.601301	0.601505	0.601755	
0.601735	0.602056	0.602392	0.602694	0.602888	0.602929	0.602827	0.602685	0.602621	0.60268	0.602823	0.603007	0.60324	0.603578	0.604073	0.60475	0.605571	0.606429	0.607101	0.607379	0.607239	0.6069	0.606642	0.606592	0.606818	0.607286	0.607782	0.608017	0.607853	0.607361	0.606628	0.606233	0.606736	0.607713	0.60857	0.608794	0.608593	0.608346	0.60799	0.607477	0.606793	0.606034	0.605279	0.60455	0.603824	0.603074	0.602336	0.60176	0.601495	0.601523	0.601668	0.601756	0.601714	0.601568	0.601365	0.601167	0.601008	0.600902	0.600853	0.600864	0.600929	0.601049	0.601224	0.601454	0.601735	
0.601714	0.602057	0.602397	0.602663	0.60278	0.602732	0.602595	0.602544	0.602655	0.602847	0.603017	0.60316	0.603375	0.603787	0.604458	0.605378	0.606454	0.607465	0.608042	0.607966	0.607373	0.606644	0.606101	0.605822	0.605864	0.606257	0.60681	0.607168	0.607185	0.606913	0.606665	0.606693	0.607039	0.607743	0.608521	0.608838	0.608912	0.609052	0.609087	0.608891	0.608369	0.607611	0.606761	0.605925	0.605124	0.604295	0.603377	0.602462	0.601809	0.60158	0.601655	0.601782	0.60179	0.601667	0.601452	0.601216	0.601014	0.600869	0.600791	0.600783	0.600841	0.600966	0.601155	0.601407	0.601714	
0.601686	0.60204	0.602364	0.602576	0.602615	0.602511	0.602426	0.602538	0.602776	0.602935	0.602963	0.603011	0.603275	0.603873	0.60478	0.605923	0.607178	0.608212	0.608538	0.608003	0.606945	0.605876	0.605142	0.604687	0.60445	0.604508	0.604886	0.605309	0.605566	0.605727	0.606277	0.607049	0.607278	0.607402	0.607879	0.60826	0.608614	0.60916	0.609673	0.609918	0.609657	0.608947	0.608025	0.60708	0.606212	0.605374	0.604437	0.603356	0.602357	0.601774	0.601662	0.601773	0.601828	0.601737	0.601525	0.601262	0.601023	0.600844	0.600738	0.600712	0.600762	0.60089	0.601091	0.601361	0.601686	
0.601649	0.602002	0.602297	0.602454	0.602435	0.60233	0.602359	0.602602	0.602826	0.60284	0.602771	0.602922	0.603485	0.604423	0.605554	0.606751	0.607885	0.608615	0.608463	0.607385	0.605929	0.604709	0.60407	0.603685	0.603173	0.602685	0.602568	0.602758	0.603021	0.603661	0.60509	0.606548	0.606695	0.606246	0.606458	0.607061	0.607787	0.608775	0.609825	0.61052	0.610531	0.609922	0.609028	0.608055	0.607124	0.606246	0.605331	0.604231	0.603035	0.602115	0.601739	0.601764	0.601837	0.60178	0.601579	0.6013	0.601031	0.600822	0.600691	0.600648	0.600691	0.600821	0.60103	0.601313	0.601649	
0.601598	0.601943	0.602205	0.602316	0.602268	0.602208	0.602352	0.602652	0.602811	0.602761	0.602816	0.603336	0.604358	0.60561	0.606806	0.607815	0.608517	0.60864	0.607819	0.606155	0.604395	0.603284	0.603122	0.603132	0.602468	0.601348	0.6005	0.600061	0.599994	0.601013	0.603021	0.604683	0.604628	0.603893	0.604208	0.605286	0.606427	0.607763	0.609232	0.610246	0.610539	0.610237	0.609662	0.608909	0.608039	0.6071	0.606134	0.605016	0.60372	0.60255	0.601907	0.601791	0.601845	0.601807	0.601614	0.601326	0.601034	0.600799	0.600647	0.600589	0.600626	0.600755	0.60097	0.60126	0.601598	
0.601539	0.601873	0.602111	0.602195	0.602146	0.602138	0.602359	0.602693	0.602858	0.602908	0.603263	0.604214	0.605531	0.6068	0.607801	0.608436	0.608564	0.607959	0.606433	0.60426	0.602322	0.601443	0.60184	0.602395	0.601826	0.600281	0.598752	0.597605	0.597192	0.598414	0.600392	0.60154	0.601116	0.600602	0.601515	0.603114	0.604371	0.605651	0.607247	0.60847	0.609212	0.609645	0.609859	0.609697	0.609113	0.608168	0.607074	0.605831	0.604408	0.603045	0.60217	0.601887	0.601878	0.601831	0.601639	0.601342	0.60103	0.600775	0.600605	0.600535	0.600565	0.600693	0.600909	0.601201	0.601539	
0.601472	0.601795	0.60202	0.602098	0.602065	0.602105	0.602383	0.602781	0.603057	0.603317	0.603974	0.605117	0.606297	0.607155	0.607655	0.607754	0.607286	0.60606	0.604034	0.601621	0.599741	0.599148	0.599926	0.600903	0.600777	0.599408	0.597554	0.595815	0.595303	0.596463	0.597571	0.597447	0.596333	0.59656	0.598608	0.600619	0.601549	0.60227	0.603656	0.605079	0.606508	0.608044	0.609465	0.610308	0.610294	0.609473	0.608248	0.606777	0.605139	0.603577	0.602508	0.602068	0.601968	0.60188	0.601665	0.60135	0.601019	0.600747	0.600563	0.600483	0.600507	0.600632	0.600847	0.601139	0.601472	
0.601406	0.601725	0.60195	0.602036	0.602019	0.602079	0.602391	0.602897	0.603393	0.603946	0.60481	0.605816	0.606453	0.606606	0.606395	0.605802	0.604713	0.603033	0.600854	0.59862	0.597129	0.596907	0.597838	0.599096	0.599854	0.599481	0.597763	0.595519	0.59488	0.595545	0.595107	0.593366	0.59169	0.592653	0.595684	0.597951	0.598455	0.598513	0.599444	0.601043	0.603256	0.605939	0.60865	0.610675	0.611407	0.610831	0.609533	0.607827	0.605935	0.604163	0.602927	0.602345	0.602133	0.601968	0.601704	0.601357	0.601007	0.600718	0.600524	0.600436	0.600455	0.600576	0.600789	0.601077	0.601406	
0.60134	0.601662	0.601901	0.602017	0.602029	0.602101	0.602439	0.603087	0.603882	0.604769	0.605705	0.606294	0.606198	0.605583	0.60465	0.603437	0.601927	0.600159	0.598269	0.596571	0.595614	0.595709	0.596663	0.598083	0.599762	0.600917	0.599998	0.597645	0.596667	0.596839	0.595358	0.592379	0.590625	0.591461	0.593937	0.595864	0.596241	0.596032	0.596477	0.598234	0.600941	0.604238	0.607806	0.6107	0.612062	0.611822	0.610586	0.608759	0.606688	0.604774	0.603423	0.602718	0.602374	0.602096	0.601757	0.601365	0.60099	0.600689	0.600486	0.600393	0.600406	0.600524	0.600731	0.601014	0.60134	
0.601285	0.601612	0.601874	0.60203	0.602083	0.602162	0.602483	0.603194	0.604232	0.605398	0.606311	0.606504	0.605892	0.604792	0.603383	0.60177	0.600111	0.59857	0.59724	0.596275	0.595982	0.596516	0.597688	0.599191	0.601246	0.603777	0.604225	0.602279	0.601287	0.601679	0.600503	0.596991	0.594306	0.593374	0.593723	0.594471	0.59492	0.595444	0.596199	0.597928	0.600224	0.60312	0.606764	0.610063	0.611948	0.612186	0.611219	0.609467	0.607373	0.605422	0.604004	0.603172	0.602671	0.602255	0.601825	0.60138	0.600979	0.600665	0.600457	0.60036	0.60037	0.600483	0.600685	0.600962	0.601285	
0.601233	0.601568	0.601862	0.602072	0.60219	0.602314	0.602627	0.603365	0.604532	0.605798	0.606586	0.606494	0.605743	0.604594	0.603024	0.601284	0.59975	0.598708	0.598096	0.597853	0.59821	0.599265	0.600911	0.602649	0.604751	0.607935	0.609398	0.607539	0.606455	0.607556	0.607351	0.60414	0.600347	0.597256	0.595254	0.594521	0.595083	0.596667	0.597618	0.598253	0.599364	0.601574	0.605078	0.608634	0.611021	0.6119	0.611465	0.610057	0.608142	0.606224	0.604701	0.603674	0.602975	0.602409	0.601886	0.601391	0.600966	0.600644	0.600434	0.600335	0.600341	0.600448	0.600643	0.600913	0.601233	
0.6012	0.601543	0.601865	0.602129	0.602313	0.602479	0.602755	0.603379	0.604427	0.605674	0.60656	0.606556	0.605709	0.604351	0.602758	0.601268	0.600134	0.599631	0.599653	0.599954	0.60082	0.602361	0.604305	0.60632	0.608784	0.611857	0.613395	0.611245	0.609475	0.610681	0.610881	0.608737	0.605855	0.602701	0.599603	0.597477	0.597334	0.598345	0.597759	0.59634	0.59648	0.598843	0.602862	0.60684	0.609725	0.611288	0.611524	0.610649	0.609051	0.607188	0.605496	0.604202	0.603271	0.602552	0.601941	0.601405	0.600965	0.600639	0.600428	0.600328	0.600332	0.600434	0.600621	0.600884	0.6012	
0.60117	0.601516	0.60186	0.602168	0.602408	0.602609	0.602846	0.603289	0.604083	0.605218	0.606346	0.606843	0.606271	0.604808	0.603029	0.601399	0.600059	0.599239	0.599078	0.59954	0.601116	0.60383	0.606572	0.608893	0.611313	0.613413	0.614561	0.612768	0.61011	0.610089	0.610355	0.609812	0.608758	0.607009	0.604545	0.601805	0.600248	0.59928	0.596583	0.593591	0.593419	0.596591	0.601466	0.605774	0.60887	0.61084	0.611584	0.611175	0.60987	0.608072	0.606231	0.60468	0.603522	0.602661	0.601978	0.601413	0.600965	0.600639	0.600431	0.600333	0.600333	0.600428	0.600606	0.60086	0.60117	
0.601168	0.601517	0.60188	0.602231	0.602535	0.6028	0.603059	0.603421	0.604	0.604867	0.605916	0.60674	0.606794	0.60584	0.604068	0.601948	0.599735	0.597741	0.596422	0.596232	0.59797	0.60166	0.605913	0.609374	0.611588	0.612838	0.613882	0.612634	0.609448	0.608177	0.608546	0.608998	0.608925	0.608226	0.606738	0.604564	0.602671	0.600599	0.596994	0.593767	0.593639	0.596955	0.601866	0.605813	0.608474	0.610336	0.61137	0.611364	0.610327	0.608603	0.606693	0.60499	0.603677	0.60272	0.601996	0.601423	0.60098	0.600662	0.60046	0.600363	0.600361	0.600449	0.600618	0.600862	0.601168	
0.601168	0.601514	0.601887	0.602262	0.602609	0.602915	0.60319	0.603495	0.603909	0.604519	0.605341	0.606207	0.606705	0.60645	0.605243	0.603155	0.600326	0.597203	0.594631	0.593498	0.594892	0.599031	0.604443	0.608846	0.610989	0.611918	0.612397	0.610764	0.607992	0.606908	0.607284	0.6077	0.607626	0.606974	0.605716	0.604347	0.60324	0.601796	0.598552	0.59561	0.595621	0.598514	0.602996	0.606522	0.608644	0.610073	0.610955	0.611052	0.610141	0.608508	0.606659	0.604978	0.603658	0.602696	0.601979	0.601424	0.600998	0.600695	0.6005	0.600406	0.6004	0.600481	0.600639	0.600872	0.601168	
0.601197	0.601541	0.601921	0.602319	0.602707	0.603064	0.60338	0.603683	0.604014	0.604429	0.604964	0.605596	0.606136	0.606262	0.605531	0.603716	0.600748	0.597095	0.59395	0.592842	0.595446	0.601361	0.607363	0.610753	0.611385	0.611285	0.610236	0.607435	0.60549	0.605644	0.606532	0.606667	0.60599	0.604889	0.60393	0.603451	0.602894	0.601736	0.59888	0.596215	0.596288	0.598762	0.602869	0.606572	0.608643	0.609753	0.610368	0.610331	0.609439	0.607877	0.606142	0.6046	0.603414	0.602557	0.601916	0.601415	0.601028	0.600749	0.600567	0.600476	0.600467	0.60054	0.600687	0.600909	0.601197	
0.60123	0.601565	0.601945	0.60235	0.602757	0.603137	0.603471	0.603767	0.604043	0.604337	0.604681	0.605098	0.605503	0.605687	0.605168	0.603545	0.600603	0.596899	0.594051	0.593957	0.598192	0.60548	0.611472	0.613496	0.61199	0.609673	0.607294	0.604766	0.604141	0.605394	0.606591	0.606358	0.605363	0.604539	0.604205	0.603891	0.602369	0.599796	0.597099	0.595652	0.596331	0.598572	0.602859	0.607466	0.609707	0.610537	0.610758	0.610174	0.608867	0.607104	0.60538	0.603999	0.603025	0.602342	0.601821	0.601399	0.601063	0.600812	0.600645	0.600557	0.600545	0.600609	0.600745	0.600954	0.60123	
0.601286	0.601612	0.601987	0.602396	0.602814	0.603214	0.603568	0.60387	0.604132	0.604357	0.604543	0.60473	0.604882	0.604852	0.604231	0.602663	0.600009	0.596904	0.594904	0.595648	0.60013	0.60718	0.613049	0.614859	0.612354	0.608069	0.604956	0.603683	0.604099	0.605475	0.606467	0.606377	0.605899	0.605591	0.605039	0.603428	0.600195	0.596723	0.594997	0.595335	0.59729	0.600377	0.60531	0.610389	0.612756	0.613206	0.612535	0.610791	0.608558	0.606353	0.604571	0.603347	0.602597	0.602107	0.601723	0.601392	0.601115	0.600897	0.600744	0.60066	0.600644	0.6007	0.600825	0.601021	0.601286	
0.601348	0.601661	0.602026	0.602427	0.602842	0.60324	0.603592	0.603889	0.604139	0.60434	0.604483	0.604592	0.604602	0.604335	0.60342	0.601689	0.599359	0.597149	0.596065	0.597127	0.601139	0.607535	0.613124	0.614896	0.612145	0.606956	0.603226	0.60234	0.603024	0.604317	0.605525	0.605996	0.605956	0.605518	0.604154	0.601391	0.597932	0.595676	0.595483	0.596846	0.599578	0.603413	0.60825	0.612717	0.615036	0.615372	0.614025	0.611341	0.608285	0.605656	0.603826	0.602769	0.60223	0.601913	0.601652	0.601406	0.601182	0.600993	0.600853	0.600771	0.600752	0.600799	0.600913	0.601097	0.601348	
0.601421	0.601721	0.602071	0.602457	0.602856	0.603237	0.60357	0.603848	0.604085	0.604303	0.604506	0.604679	0.604667	0.604214	0.60302	0.601096	0.598961	0.597485	0.59725	0.598661	0.602319	0.607878	0.612489	0.613753	0.611197	0.605881	0.601945	0.601286	0.601991	0.603231	0.60456	0.605152	0.604905	0.603942	0.601956	0.598867	0.596542	0.596588	0.597935	0.599768	0.602238	0.604941	0.608142	0.611521	0.613996	0.61493	0.613888	0.611189	0.607864	0.605033	0.60323	0.602344	0.601987	0.601806	0.601639	0.601456	0.601272	0.601104	0.600974	0.600894	0.600871	0.600909	0.601013	0.601184	0.601421	
0.601503	0.601788	0.602123	0.602493	0.602873	0.603234	0.603549	0.603816	0.604063	0.604322	0.604579	0.604753	0.604593	0.603823	0.602361	0.600553	0.599071	0.598497	0.598906	0.600375	0.603479	0.608097	0.611678	0.612426	0.610459	0.605684	0.601785	0.600842	0.600893	0.601909	0.60335	0.604044	0.603736	0.602336	0.59969	0.596411	0.59524	0.597449	0.600346	0.602228	0.603602	0.604408	0.605364	0.607517	0.61032	0.612276	0.612259	0.610332	0.607351	0.604596	0.602873	0.602105	0.60186	0.601768	0.601667	0.601531	0.601376	0.601224	0.601101	0.601021	0.600994	0.601025	0.601119	0.601278	0.601503	
0.601584	0.601854	0.602172	0.602521	0.602875	0.603208	0.603495	0.603748	0.60401	0.604319	0.604634	0.604784	0.604468	0.603466	0.601947	0.600564	0.599972	0.600242	0.600967	0.602123	0.604278	0.60784	0.61106	0.611985	0.610505	0.606393	0.602501	0.600847	0.600151	0.600717	0.602112	0.603312	0.603582	0.602155	0.599154	0.595778	0.595225	0.598401	0.60154	0.602749	0.603508	0.604027	0.604641	0.606464	0.609091	0.611002	0.611036	0.609272	0.606506	0.604012	0.602546	0.60197	0.601836	0.601804	0.601741	0.60163	0.60149	0.601346	0.601227	0.601147	0.601115	0.60114	0.601225	0.601373	0.601584	
0.601673	0.601931	0.602233	0.602565	0.602898	0.603206	0.603472	0.603719	0.603994	0.604318	0.6046	0.604641	0.604212	0.603191	0.601787	0.600722	0.600639	0.601362	0.60223	0.603153	0.604676	0.607383	0.610522	0.612421	0.612335	0.60987	0.606419	0.603944	0.602222	0.601349	0.601484	0.602612	0.6038	0.60315	0.600772	0.597913	0.597661	0.600676	0.602987	0.603746	0.60482	0.605908	0.607177	0.609262	0.611268	0.612002	0.610869	0.608298	0.605361	0.603211	0.602154	0.601841	0.601835	0.601861	0.601829	0.601736	0.601608	0.601471	0.601355	0.601273	0.601239	0.601257	0.601335	0.601473	0.601673	
0.601754	0.601998	0.602285	0.602598	0.602911	0.603197	0.603442	0.603678	0.603953	0.604259	0.604486	0.604479	0.604115	0.603272	0.601982	0.60083	0.600573	0.601244	0.602217	0.603231	0.604654	0.606889	0.609753	0.612561	0.614399	0.61436	0.612246	0.60941	0.606751	0.604708	0.603318	0.603077	0.604198	0.604293	0.60279	0.600911	0.601238	0.604029	0.605315	0.605795	0.60739	0.608702	0.610126	0.612028	0.613214	0.61282	0.610616	0.607316	0.60432	0.602536	0.601858	0.601766	0.60186	0.601927	0.601916	0.601836	0.601716	0.601585	0.601471	0.601389	0.601351	0.601365	0.601435	0.601565	0.601754	
0.601839	0.602073	0.602349	0.602649	0.602948	0.603218	0.603446	0.603663	0.603917	0.604188	0.604367	0.604351	0.604082	0.603437	0.602281	0.600909	0.600023	0.600065	0.60082	0.602016	0.603581	0.605525	0.60795	0.610881	0.613562	0.61494	0.613984	0.611605	0.609769	0.608619	0.607018	0.606045	0.606926	0.606731	0.604809	0.603196	0.604063	0.606798	0.607253	0.606842	0.608332	0.610161	0.611902	0.61343	0.613811	0.612615	0.609783	0.606232	0.603403	0.601966	0.601592	0.601689	0.601879	0.601989	0.601999	0.601932	0.601821	0.601695	0.601583	0.601502	0.601462	0.601472	0.601537	0.601659	0.601839	
0.60191	0.602133	0.602398	0.602686	0.602973	0.603232	0.603444	0.60364	0.603868	0.604125	0.604307	0.604316	0.604115	0.60362	0.602665	0.60128	0.599887	0.599068	0.599114	0.599963	0.60129	0.602912	0.605075	0.607977	0.610948	0.612662	0.611933	0.610214	0.609483	0.609314	0.60915	0.609988	0.61155	0.610487	0.607255	0.605069	0.605697	0.607738	0.608077	0.607551	0.608635	0.61085	0.612812	0.613887	0.613551	0.61173	0.60862	0.605212	0.602676	0.601512	0.601351	0.601598	0.601873	0.602022	0.602055	0.602003	0.601903	0.601785	0.601678	0.601598	0.601558	0.601564	0.601624	0.601739	0.60191	
0.601981	0.602196	0.602453	0.602734	0.603015	0.603269	0.603473	0.603645	0.603836	0.604076	0.604297	0.604391	0.604291	0.603926	0.603163	0.60192	0.600364	0.59899	0.598321	0.598527	0.599281	0.600487	0.602691	0.605889	0.608913	0.61057	0.610409	0.609559	0.60866	0.608129	0.609858	0.613129	0.615062	0.613363	0.609422	0.606649	0.6064	0.606882	0.60705	0.607665	0.60913	0.611335	0.61303	0.613534	0.612607	0.610371	0.607287	0.604235	0.602058	0.601146	0.601159	0.601526	0.601868	0.602052	0.602106	0.602068	0.601978	0.601868	0.601767	0.601689	0.601649	0.601653	0.601709	0.601818	0.601981	
0.602037	0.602243	0.60249	0.602764	0.60304	0.603292	0.603491	0.603643	0.603789	0.603987	0.604228	0.604438	0.604529	0.604395	0.603883	0.602841	0.601322	0.599777	0.5988	0.598551	0.598616	0.599171	0.601283	0.604652	0.607466	0.609113	0.60973	0.609499	0.60861	0.608025	0.610343	0.614218	0.615907	0.614047	0.610335	0.607659	0.606767	0.605921	0.605398	0.606647	0.608825	0.610919	0.612111	0.612144	0.610954	0.608726	0.605917	0.60326	0.601462	0.600834	0.601016	0.60147	0.601848	0.602056	0.602131	0.602108	0.602032	0.601932	0.601837	0.601763	0.601724	0.601727	0.601779	0.601881	0.602037	
0.60209	0.602289	0.602528	0.602796	0.603071	0.603326	0.60353	0.603675	0.603787	0.603921	0.604117	0.604367	0.604616	0.604745	0.604546	0.603772	0.602399	0.60087	0.599797	0.599248	0.598733	0.598654	0.600393	0.60357	0.606195	0.607838	0.608612	0.608649	0.608457	0.608461	0.610184	0.612999	0.61406	0.612315	0.609601	0.607951	0.607314	0.606211	0.604971	0.605501	0.607544	0.609528	0.610442	0.610269	0.609135	0.607146	0.604677	0.602397	0.600986	0.600649	0.600971	0.60146	0.601843	0.602061	0.602151	0.602142	0.602078	0.601987	0.6019	0.601831	0.601794	0.601796	0.601844	0.601942	0.60209	
0.602129	0.602318	0.602549	0.60281	0.603081	0.603341	0.603554	0.603705	0.603805	0.603892	0.604024	0.604243	0.604543	0.604846	0.604934	0.604486	0.603375	0.60195	0.600788	0.599994	0.599201	0.598806	0.60009	0.602796	0.605077	0.606335	0.606733	0.606821	0.607203	0.607844	0.608948	0.610232	0.610462	0.609159	0.607947	0.607779	0.607999	0.607458	0.605926	0.604987	0.605824	0.607573	0.60873	0.608846	0.607926	0.606104	0.603851	0.601889	0.600778	0.600604	0.600965	0.60144	0.601818	0.602049	0.602153	0.602159	0.602109	0.602028	0.601949	0.601884	0.60185	0.601851	0.601897	0.601989	0.602129	
0.602166	0.602347	0.602568	0.602823	0.603092	0.603355	0.60358	0.603746	0.603851	0.60392	0.604006	0.604172	0.604455	0.604827	0.60511	0.604967	0.60417	0.602896	0.601616	0.600558	0.599628	0.599185	0.600179	0.602365	0.60415	0.604888	0.604863	0.604692	0.604966	0.605794	0.606551	0.606752	0.606397	0.605755	0.606035	0.607295	0.608309	0.608321	0.606956	0.605175	0.604871	0.606122	0.607499	0.608014	0.60734	0.60563	0.6035	0.601727	0.600757	0.600611	0.600948	0.601401	0.601784	0.60203	0.602151	0.602171	0.602133	0.602063	0.601991	0.601932	0.601901	0.601903	0.601946	0.602033	0.602166	
0.602192	0.602363	0.602574	0.60282	0.603084	0.603348	0.603584	0.603768	0.603887	0.603956	0.604018	0.604143	0.604391	0.604775	0.605171	0.605281	0.604825	0.603791	0.602469	0.601107	0.599864	0.599256	0.600013	0.601753	0.603098	0.603516	0.60327	0.602771	0.602485	0.602837	0.603294	0.603132	0.602671	0.602623	0.603859	0.606057	0.607572	0.607856	0.606962	0.605354	0.604673	0.605469	0.606722	0.607346	0.606816	0.605233	0.603219	0.601543	0.600637	0.600511	0.600861	0.601336	0.601744	0.60201	0.602147	0.602179	0.602151	0.602089	0.602024	0.60197	0.601941	0.601943	0.601984	0.602066	0.602192	
0.602217	0.602379	0.60258	0.602817	0.603075	0.603338	0.603583	0.603785	0.603923	0.604003	0.604056	0.604146	0.604347	0.604703	0.605148	0.605445	0.605308	0.604606	0.603439	0.60194	0.600316	0.599207	0.599398	0.600577	0.601586	0.60198	0.60178	0.601125	0.600443	0.600246	0.600364	0.600195	0.599943	0.600192	0.601554	0.603898	0.605568	0.606022	0.605682	0.604763	0.604326	0.604978	0.606013	0.606483	0.605947	0.604462	0.602588	0.601064	0.600313	0.600316	0.600758	0.601289	0.601726	0.602007	0.602151	0.60219	0.602167	0.602112	0.602053	0.602004	0.601978	0.601982	0.602021	0.602098	0.602217	
0.602235	0.602387	0.602578	0.602804	0.603053	0.603313	0.603563	0.603779	0.603939	0.604036	0.604091	0.604152	0.604296	0.604594	0.605031	0.605435	0.605544	0.60518	0.604344	0.603036	0.601318	0.599702	0.59906	0.599431	0.600051	0.600517	0.600542	0.599939	0.599171	0.598869	0.598938	0.598886	0.598815	0.598981	0.599803	0.601501	0.602924	0.603505	0.603703	0.603623	0.603664	0.604328	0.605156	0.605383	0.604719	0.60327	0.601588	0.600362	0.59992	0.60016	0.600732	0.601311	0.601757	0.602033	0.602171	0.602206	0.602183	0.602131	0.602076	0.602031	0.602008	0.602013	0.60205	0.602123	0.602235	
0.602255	0.602398	0.602577	0.602792	0.603032	0.603287	0.603539	0.603768	0.603948	0.604069	0.604136	0.604181	0.60427	0.604485	0.604859	0.605293	0.605566	0.605463	0.604953	0.60403	0.602629	0.600943	0.599709	0.599304	0.599479	0.599909	0.60005	0.599543	0.598913	0.598821	0.599065	0.599132	0.59908	0.598988	0.599155	0.599935	0.600814	0.601424	0.601982	0.602509	0.602947	0.603584	0.604145	0.604079	0.603241	0.601867	0.600526	0.599759	0.599717	0.600195	0.600849	0.601426	0.601842	0.602087	0.602202	0.602225	0.602198	0.602147	0.602096	0.602055	0.602036	0.602042	0.602079	0.602149	0.602255	
0.602271	0.602405	0.602572	0.602774	0.603003	0.603251	0.603501	0.603738	0.603937	0.604083	0.604172	0.604219	0.604271	0.604404	0.604679	0.605073	0.605431	0.605518	0.605245	0.604655	0.603743	0.602464	0.601209	0.600426	0.600252	0.600454	0.600461	0.600061	0.599734	0.599867	0.600185	0.600248	0.60011	0.599811	0.599563	0.599642	0.599921	0.60034	0.600933	0.601652	0.602257	0.60276	0.602979	0.602623	0.601716	0.600614	0.599786	0.599539	0.599848	0.60046	0.601104	0.601618	0.601965	0.602158	0.602239	0.602243	0.602209	0.602158	0.602111	0.602075	0.60206	0.602068	0.602105	0.602172	0.602271	
0.602289	0.602414	0.602571	0.602759	0.602975	0.603213	0.603459	0.6037	0.603914	0.604086	0.604202	0.604267	0.604309	0.604383	0.604553	0.604855	0.605216	0.605439	0.60536	0.604979	0.604418	0.603646	0.602765	0.602031	0.60168	0.601571	0.601394	0.601197	0.601203	0.601399	0.601564	0.60149	0.601262	0.600909	0.60052	0.600258	0.60011	0.600196	0.600534	0.601077	0.601595	0.601899	0.60182	0.601322	0.600578	0.599923	0.599626	0.599782	0.600274	0.600881	0.60143	0.601837	0.602095	0.602226	0.602269	0.602255	0.602215	0.602165	0.602123	0.602093	0.602083	0.602094	0.602131	0.602196	0.602289	
0.602308	0.602424	0.602568	0.602743	0.602944	0.603168	0.603406	0.603645	0.60387	0.604063	0.604208	0.604302	0.604356	0.604404	0.6045	0.604697	0.604993	0.605273	0.605361	0.605156	0.60478	0.604317	0.60381	0.603303	0.602934	0.602661	0.602475	0.602485	0.602641	0.602719	0.602652	0.602457	0.602221	0.601933	0.601587	0.601263	0.600937	0.600752	0.60075	0.600931	0.601174	0.601259	0.601037	0.600613	0.600181	0.599947	0.60001	0.600348	0.600841	0.601339	0.60175	0.602035	0.602202	0.602273	0.602283	0.602255	0.602212	0.602166	0.602131	0.602108	0.602103	0.602119	0.602157	0.60222	0.602308	
0.602329	0.602437	0.60257	0.60273	0.602915	0.603124	0.603349	0.603581	0.603808	0.604016	0.604188	0.604315	0.604395	0.604448	0.604509	0.604623	0.604824	0.605082	0.605271	0.605244	0.605017	0.604705	0.604399	0.604083	0.603792	0.603551	0.603442	0.603487	0.603568	0.603496	0.603312	0.603113	0.602937	0.602751	0.602513	0.60225	0.601919	0.60162	0.60139	0.601268	0.601224	0.601128	0.600888	0.600625	0.600455	0.60046	0.600658	0.600993	0.601382	0.601734	0.602004	0.602177	0.602266	0.602291	0.602277	0.602242	0.602201	0.602163	0.602136	0.602122	0.602125	0.602145	0.602185	0.602246	0.602329	
0.602352	0.602452	0.602572	0.602717	0.602884	0.603075	0.603284	0.603505	0.603727	0.60394	0.604129	0.604285	0.604397	0.604474	0.604534	0.604607	0.604731	0.604918	0.60512	0.60522	0.605152	0.604965	0.604764	0.604564	0.60437	0.604196	0.604091	0.604029	0.603973	0.603834	0.603661	0.603523	0.603422	0.603327	0.603194	0.603014	0.602741	0.602441	0.602133	0.601869	0.601657	0.601456	0.601242	0.601087	0.601037	0.601109	0.601292	0.601538	0.601793	0.602008	0.60216	0.602246	0.60228	0.602276	0.602251	0.602216	0.602183	0.602156	0.60214	0.602136	0.602146	0.602172	0.602214	0.602274	0.602352	
0.602378	0.60247	0.602578	0.602708	0.602857	0.603028	0.603217	0.603421	0.603631	0.60384	0.604036	0.60421	0.604352	0.604459	0.604536	0.604605	0.604687	0.604807	0.604963	0.6051	0.605146	0.605082	0.604969	0.604842	0.604707	0.604557	0.60441	0.604258	0.604125	0.603984	0.603859	0.603774	0.603724	0.603686	0.603618	0.603494	0.603279	0.603018	0.602719	0.602427	0.602161	0.601929	0.60174	0.601623	0.601593	0.601643	0.601758	0.6019	0.602038	0.602146	0.602216	0.602246	0.602249	0.602232	0.602207	0.602181	0.60216	0.602146	0.602143	0.60215	0.60217	0.602201	0.602246	0.602305	0.602378	
0.602406	0.602489	0.602586	0.602699	0.60283	0.60298	0.603147	0.603329	0.603521	0.603718	0.60391	0.604091	0.604249	0.604381	0.604483	0.604565	0.604639	0.604722	0.604825	0.604936	0.605015	0.605027	0.604983	0.604902	0.604796	0.604651	0.604487	0.604317	0.604168	0.60404	0.603944	0.603884	0.603857	0.603835	0.603783	0.603678	0.603501	0.60328	0.603018	0.602751	0.602496	0.602277	0.602106	0.601996	0.601951	0.601958	0.602004	0.602065	0.602122	0.602164	0.602185	0.602189	0.60218	0.602166	0.602151	0.602139	0.602134	0.602136	0.602147	0.602166	0.602194	0.602232	0.602279	0.602336	0.602406	
0.602435	0.60251	0.602595	0.602694	0.602806	0.602934	0.603077	0.603235	0.603404	0.603582	0.60376	0.603934	0.604095	0.60424	0.604362	0.604463	0.604545	0.604618	0.604692	0.604767	0.60483	0.60486	0.604846	0.60479	0.604705	0.604578	0.604431	0.604281	0.604142	0.604023	0.603933	0.603874	0.603836	0.603793	0.603725	0.603616	0.603457	0.603265	0.603042	0.602813	0.602593	0.602401	0.602249	0.602141	0.60208	0.602054	0.602054	0.602065	0.602079	0.602089	0.602092	0.60209	0.602088	0.602085	0.602088	0.602094	0.602108	0.602127	0.602152	0.602183	0.602221	0.602264	0.602313	0.60237	0.602435	
0.602463	0.602531	0.602604	0.602688	0.602781	0.602888	0.603007	0.60314	0.603283	0.603435	0.603592	0.603751	0.603903	0.604046	0.604173	0.604285	0.604378	0.604455	0.60452	0.604576	0.604618	0.60464	0.604629	0.604585	0.604514	0.604409	0.604286	0.604158	0.604028	0.603909	0.603809	0.603727	0.603656	0.603578	0.603484	0.603362	0.603211	0.603039	0.602848	0.602656	0.602473	0.602311	0.602181	0.602082	0.602017	0.601977	0.601958	0.60195	0.60195	0.601954	0.60196	0.601969	0.601982	0.601999	0.602022	0.602049	0.602082	0.602119	0.602159	0.602202	0.602248	0.602296	0.602348	0.602403	0.602463	
0.602491	0.60255	0.602613	0.602682	0.602758	0.602844	0.602939	0.603046	0.603162	0.603287	0.603418	0.603554	0.603687	0.603817	0.603936	0.604045	0.604139	0.60422	0.604284	0.604333	0.604365	0.604378	0.604363	0.604322	0.604258	0.604167	0.604056	0.603936	0.603808	0.603681	0.603563	0.603452	0.603348	0.603237	0.603118	0.602982	0.602834	0.602675	0.602511	0.60235	0.602201	0.60207	0.601963	0.601881	0.601824	0.601788	0.60177	0.601765	0.601771	0.601785	0.601807	0.601835	0.60187	0.60191	0.601956	0.602005	0.602058	0.602112	0.602166	0.60222	0.602274	0.602328	0.602381	0.602436	0.602491	
0.602515	0.602566	0.602618	0.602674	0.602733	0.602799	0.602872	0.602953	0.603043	0.603141	0.603244	0.603353	0.603462	0.603571	0.603674	0.60377	0.603854	0.603927	0.603985	0.604028	0.604052	0.604057	0.604038	0.603996	0.603932	0.603845	0.603736	0.603615	0.603483	0.603348	0.603214	0.603081	0.602951	0.602815	0.602678	0.602533	0.602387	0.60224	0.602098	0.601964	0.601845	0.601742	0.601661	0.601601	0.601562	0.601541	0.601537	0.601548	0.601571	0.601605	0.601649	0.6017	0.60176	0.601824	0.601893	0.601963	0.602035	0.602105	0.602173	0.602238	0.602299	0.602357	0.602412	0.602464	0.602515	
0.602534	0.602578	0.60262	0.602662	0.602706	0.602754	0.602806	0.602865	0.602929	0.603	0.603076	0.603158	0.603241	0.603325	0.603405	0.603482	0.603549	0.603608	0.603652	0.603684	0.603698	0.603695	0.603668	0.603623	0.603553	0.603465	0.603354	0.60323	0.603093	0.60295	0.602805	0.602656	0.602509	0.602358	0.60221	0.602061	0.601921	0.601786	0.601665	0.601554	0.601461	0.601384	0.601328	0.601291	0.601273	0.601273	0.60129	0.601322	0.601367	0.601424	0.601493	0.601569	0.601653	0.601741	0.601832	0.601922	0.602012	0.602097	0.602178	0.602252	0.60232	0.602382	0.602438	0.602488	0.602534	
0.602546	0.602582	0.602614	0.602645	0.602675	0.602707	0.602741	0.602779	0.602821	0.602869	0.60292	0.602976	0.603033	0.603092	0.603148	0.603203	0.603249	0.60329	0.603318	0.603335	0.603336	0.603322	0.603286	0.603233	0.603157	0.603064	0.602949	0.602821	0.602679	0.602529	0.602375	0.602215	0.602057	0.601898	0.601748	0.601602	0.601471	0.601349	0.601245	0.601155	0.601085	0.601031	0.600999	0.600983	0.600988	0.60101	0.601049	0.601103	0.601172	0.601252	0.601345	0.601444	0.601552	0.601661	0.601773	0.601881	0.601987	0.602086	0.602178	0.602261	0.602335	0.6024	0.602456	0.602504	0.602546	
0.602549	0.602579	0.602603	0.602623	0.602641	0.602658	0.602677	0.602698	0.602721	0.602749	0.602779	0.602813	0.602847	0.602883	0.602916	0.602949	0.602974	0.602996	0.603006	0.603007	0.602993	0.602966	0.60292	0.602858	0.602774	0.602674	0.602554	0.602421	0.602273	0.602118	0.601956	0.60179	0.601627	0.601467	0.60132	0.601181	0.60106	0.600951	0.600863	0.60079	0.600739	0.600706	0.600694	0.600699	0.600724	0.600766	0.600826	0.600901	0.600991	0.601093	0.601207	0.601327	0.601455	0.601584	0.601713	0.601839	0.601959	0.60207	0.602172	0.602263	0.602342	0.60241	0.602466	0.602512	0.602549	
0.60254	0.602565	0.602581	0.602593	0.602601	0.602607	0.602614	0.602622	0.602631	0.602644	0.602657	0.602674	0.602689	0.602707	0.60272	0.602734	0.60274	0.602744	0.602737	0.602724	0.602696	0.602657	0.602599	0.602528	0.602435	0.602328	0.602201	0.602062	0.601908	0.601746	0.601578	0.60141	0.601246	0.601088	0.600945	0.600813	0.6007	0.600603	0.600528	0.60047	0.600436	0.600419	0.600425	0.600447	0.60049	0.60055	0.600628	0.60072	0.600829	0.600948	0.60108	0.601218	0.601362	0.601507	0.601652	0.601792	0.601924	0.602046	0.602157	0.602254	0.602338	0.602408	0.602464	0.602508	0.60254	
