x=200	y=105	z=200	n=65	len=1
b
0.789587	0.789567	0.789542	0.789515	0.789485	0.789454	0.78942	0.789387	0.789353	0.789321	0.789289	0.789262	0.789236	0.789215	0.789196	0.789184	0.789174	0.789171	0.78917	0.789176	0.789182	0.789194	0.789206	0.789221	0.789233	0.789245	0.789253	0.789257	0.789257	0.789252	0.789242	0.789227	0.78921	0.78919	0.789171	0.78915	0.789134	0.789119	0.789111	0.789107	0.78911	0.789118	0.789134	0.789153	0.78918	0.789209	0.789244	0.78928	0.789319	0.789358	0.789398	0.789435	0.789472	0.789505	0.789535	0.789561	0.789584	0.789601	0.789614	0.789622	0.789625	0.789623	0.789616	0.789604	0.789587	
0.789578	0.789556	0.789531	0.789502	0.789471	0.789438	0.789404	0.78937	0.789335	0.789303	0.78927	0.789242	0.789215	0.789194	0.789174	0.789161	0.789149	0.789145	0.789141	0.789145	0.789149	0.789159	0.789169	0.789181	0.789191	0.789202	0.789209	0.789213	0.789214	0.789211	0.789205	0.789195	0.789184	0.789171	0.789159	0.789146	0.789138	0.78913	0.789128	0.789128	0.789135	0.789145	0.789162	0.789181	0.789206	0.789234	0.789266	0.789299	0.789335	0.789371	0.789408	0.789442	0.789477	0.789508	0.789537	0.789561	0.789582	0.789599	0.789611	0.789617	0.789619	0.789616	0.789608	0.789595	0.789578	
0.789562	0.78954	0.789513	0.789483	0.789451	0.789417	0.789382	0.789347	0.789312	0.789279	0.789247	0.78922	0.789193	0.789173	0.789153	0.789141	0.78913	0.789126	0.789122	0.789126	0.78913	0.789139	0.789147	0.789159	0.789168	0.789178	0.789184	0.789188	0.789189	0.789187	0.789182	0.789175	0.789168	0.789158	0.789152	0.789144	0.789141	0.789137	0.78914	0.789143	0.789152	0.789163	0.789179	0.789197	0.789221	0.789246	0.789276	0.789306	0.78934	0.789373	0.789407	0.78944	0.789473	0.789502	0.78953	0.789554	0.789574	0.78959	0.789601	0.789607	0.789608	0.789604	0.789595	0.789581	0.789562	
0.78954	0.789516	0.789488	0.789457	0.789424	0.789389	0.789353	0.789318	0.789283	0.789251	0.78922	0.789194	0.78917	0.789152	0.789135	0.789125	0.789116	0.789114	0.789112	0.789118	0.789123	0.789134	0.789143	0.789155	0.789164	0.789174	0.789179	0.789181	0.789181	0.789177	0.789172	0.789165	0.78916	0.789152	0.789149	0.789144	0.789145	0.789144	0.789149	0.789154	0.789165	0.789175	0.789191	0.789207	0.789229	0.789251	0.789278	0.789305	0.789335	0.789366	0.789398	0.789429	0.78946	0.789489	0.789515	0.789539	0.789558	0.789573	0.789584	0.78959	0.78959	0.789585	0.789575	0.78956	0.78954	
0.789513	0.789487	0.789457	0.789425	0.78939	0.789355	0.789318	0.789284	0.789249	0.78922	0.789191	0.789169	0.789148	0.789134	0.789121	0.789116	0.789111	0.789113	0.789116	0.789125	0.789134	0.789148	0.789159	0.789174	0.789183	0.789192	0.789195	0.789195	0.789191	0.789184	0.789177	0.789167	0.789162	0.789154	0.789153	0.789149	0.789152	0.789153	0.78916	0.789166	0.789177	0.789186	0.789201	0.789215	0.789233	0.789251	0.789274	0.789298	0.789324	0.789352	0.789381	0.789411	0.78944	0.789468	0.789494	0.789516	0.789536	0.789551	0.789561	0.789567	0.789566	0.789561	0.78955	0.789534	0.789513	
0.789478	0.789451	0.78942	0.789387	0.78935	0.789314	0.789278	0.789244	0.789212	0.789186	0.789162	0.789145	0.78913	0.789122	0.789116	0.789117	0.789118	0.789127	0.789135	0.78915	0.789164	0.789183	0.789199	0.789217	0.789227	0.789236	0.789235	0.789231	0.789221	0.789207	0.789194	0.78918	0.789172	0.789162	0.789161	0.789158	0.789164	0.789166	0.789176	0.789183	0.789194	0.789203	0.789215	0.789226	0.78924	0.789253	0.78927	0.789288	0.78931	0.789334	0.78936	0.789386	0.789414	0.78944	0.789465	0.789488	0.789507	0.789522	0.789532	0.789537	0.789537	0.78953	0.789518	0.789501	0.789478	
0.789438	0.78941	0.789377	0.789342	0.789305	0.789269	0.789234	0.789203	0.789174	0.789154	0.789136	0.789128	0.789122	0.789124	0.789127	0.789138	0.789147	0.789164	0.789179	0.789202	0.789223	0.78925	0.789271	0.789294	0.789306	0.789313	0.789308	0.789296	0.789274	0.789251	0.789227	0.789205	0.789193	0.78918	0.78918	0.789177	0.789186	0.789191	0.789205	0.789213	0.789226	0.789234	0.789244	0.78925	0.789258	0.789264	0.789273	0.789283	0.789298	0.789315	0.789336	0.789359	0.789383	0.789408	0.789432	0.789454	0.789473	0.789488	0.789498	0.789503	0.789501	0.789494	0.789481	0.789463	0.789438	
0.789393	0.789363	0.789328	0.789292	0.789255	0.78922	0.789187	0.78916	0.789139	0.789127	0.789121	0.789125	0.789132	0.789148	0.789163	0.789185	0.789205	0.789231	0.789255	0.789288	0.789318	0.789355	0.789384	0.789413	0.789426	0.789431	0.789416	0.789392	0.789354	0.789314	0.789275	0.789241	0.789222	0.789205	0.789206	0.789205	0.789221	0.78923	0.789251	0.789264	0.789282	0.78929	0.789298	0.789298	0.789299	0.789294	0.789292	0.789291	0.789295	0.789302	0.789315	0.789331	0.789351	0.789373	0.789395	0.789416	0.789434	0.789448	0.789458	0.789463	0.789461	0.789453	0.789439	0.789419	0.789393	
0.789342	0.789311	0.789275	0.789238	0.789202	0.789169	0.789141	0.789122	0.789112	0.789115	0.789126	0.789149	0.789175	0.789209	0.78924	0.789276	0.789307	0.789343	0.789377	0.78942	0.789462	0.78951	0.789549	0.789585	0.789599	0.789599	0.789569	0.789525	0.789461	0.789398	0.789334	0.789284	0.789258	0.789237	0.789243	0.789247	0.789274	0.789294	0.789327	0.78935	0.789377	0.789389	0.789397	0.789391	0.789381	0.789362	0.789343	0.789323	0.78931	0.789302	0.789301	0.789308	0.78932	0.789337	0.789355	0.789374	0.789391	0.789405	0.789414	0.789418	0.789416	0.789407	0.789392	0.78937	0.789342	
0.789288	0.789255	0.789218	0.789182	0.789147	0.78912	0.7891	0.789095	0.789102	0.789127	0.789163	0.789213	0.789265	0.789323	0.789373	0.789424	0.789467	0.789513	0.789557	0.789611	0.789664	0.789725	0.789775	0.789818	0.789829	0.789819	0.789765	0.789693	0.789589	0.789493	0.789395	0.789325	0.789292	0.789269	0.789286	0.789302	0.789348	0.789386	0.789442	0.789484	0.789527	0.78955	0.789561	0.789549	0.789525	0.789485	0.789441	0.789396	0.789357	0.789326	0.789306	0.789296	0.789296	0.789304	0.789317	0.789332	0.789346	0.789359	0.789367	0.78937	0.789367	0.789357	0.78934	0.789317	0.789288	
0.78923	0.789196	0.78916	0.789125	0.789096	0.789077	0.789072	0.789087	0.789122	0.789181	0.789254	0.789343	0.789429	0.789516	0.789587	0.789652	0.789704	0.789756	0.789806	0.789868	0.789932	0.790005	0.790064	0.790109	0.790111	0.790083	0.789995	0.789881	0.789724	0.789582	0.789436	0.789341	0.789307	0.78929	0.789329	0.789366	0.789443	0.789514	0.789606	0.789682	0.789756	0.789799	0.78982	0.789805	0.789763	0.789695	0.789616	0.789531	0.789453	0.789386	0.789336	0.789302	0.789284	0.789278	0.789281	0.78929	0.7893	0.78931	0.789317	0.789319	0.789315	0.789304	0.789285	0.789261	0.78923	
0.789171	0.789137	0.789101	0.789071	0.78905	0.789046	0.789063	0.78911	0.789186	0.789294	0.789421	0.789561	0.789691	0.789811	0.789903	0.789978	0.790032	0.790081	0.790129	0.790192	0.790261	0.790341	0.790402	0.790442	0.790431	0.790375	0.790235	0.790058	0.789826	0.789627	0.789413	0.789291	0.789275	0.789278	0.789358	0.789433	0.789559	0.789679	0.789829	0.789959	0.790081	0.79016	0.790199	0.790185	0.790125	0.790021	0.789893	0.789753	0.789619	0.789501	0.789406	0.789337	0.789291	0.789265	0.789254	0.789253	0.789257	0.789263	0.789267	0.789267	0.789261	0.789249	0.789229	0.789203	0.789171	
0.789112	0.789078	0.789046	0.789024	0.789016	0.789035	0.789087	0.789182	0.789318	0.789495	0.789694	0.789899	0.79008	0.790232	0.790337	0.790407	0.790447	0.790478	0.790512	0.790564	0.790628	0.790702	0.790753	0.790773	0.790719	0.7906	0.790392	0.790157	0.789844	0.789566	0.789257	0.789108	0.789142	0.789196	0.789343	0.789477	0.789673	0.789866	0.790098	0.790306	0.790502	0.790646	0.790728	0.790725	0.790645	0.790495	0.790303	0.79009	0.789879	0.789688	0.78953	0.789409	0.789323	0.789268	0.789236	0.789221	0.789216	0.789216	0.789216	0.789213	0.789206	0.789192	0.789171	0.789143	0.789112	
0.789054	0.789023	0.788997	0.788986	0.789	0.789052	0.789153	0.789314	0.789534	0.789808	0.790102	0.790392	0.790629	0.7908	0.790893	0.790926	0.790925	0.79092	0.790925	0.790953	0.790996	0.791043	0.791043	0.790957	0.790733	0.790435	0.790131	0.78992	0.789629	0.78931	0.788878	0.788704	0.788849	0.789001	0.78925	0.789466	0.789747	0.790035	0.790376	0.790704	0.791019	0.791272	0.79143	0.791459	0.791362	0.791156	0.790878	0.790565	0.790253	0.789965	0.789722	0.789531	0.789391	0.789295	0.789235	0.7892	0.789182	0.789174	0.789168	0.789162	0.789151	0.789136	0.789113	0.789085	0.789054	
0.789	0.788973	0.788958	0.788965	0.789009	0.789109	0.789277	0.78953	0.789866	0.790272	0.790692	0.791063	0.791311	0.791424	0.791426	0.791382	0.791332	0.7913	0.791293	0.791305	0.791306	0.791262	0.791062	0.790636	0.790009	0.789395	0.789013	0.788976	0.788948	0.788758	0.788212	0.788007	0.788345	0.788673	0.789048	0.789352	0.789719	0.790117	0.790596	0.79107	0.791519	0.791894	0.792163	0.792283	0.792222	0.791986	0.791625	0.791196	0.790753	0.790343	0.789991	0.789708	0.789497	0.789349	0.789251	0.78919	0.789154	0.789135	0.789122	0.789111	0.789098	0.78908	0.789057	0.789029	0.789	
0.788951	0.788932	0.78893	0.788962	0.789046	0.789207	0.789464	0.789842	0.790336	0.790906	0.791429	0.791767	0.791839	0.791698	0.791479	0.791323	0.791267	0.791285	0.791366	0.791431	0.791384	0.791111	0.790444	0.789394	0.788253	0.787426	0.787104	0.78732	0.787734	0.787926	0.787516	0.787275	0.787725	0.788279	0.788737	0.789072	0.789467	0.789959	0.790544	0.79107	0.791559	0.792031	0.79246	0.792787	0.792913	0.792795	0.792449	0.791947	0.791375	0.790821	0.790337	0.789945	0.789645	0.789432	0.789288	0.789195	0.789137	0.789104	0.789082	0.789065	0.789048	0.789029	0.789004	0.788977	0.788951	
0.78891	0.788901	0.788918	0.788982	0.789117	0.789354	0.789726	0.790266	0.790949	0.791643	0.792096	0.792099	0.791673	0.791082	0.790595	0.790357	0.790365	0.790538	0.79081	0.791028	0.79095	0.790303	0.788958	0.787308	0.786037	0.785488	0.785458	0.785745	0.786463	0.787137	0.787317	0.787112	0.787327	0.787981	0.788332	0.788483	0.788717	0.78918	0.789727	0.790154	0.790576	0.791095	0.791693	0.792317	0.792825	0.793105	0.793043	0.792652	0.79204	0.791366	0.790742	0.790228	0.789831	0.789543	0.789343	0.789212	0.789129	0.789078	0.789045	0.789023	0.789002	0.78898	0.788956	0.788931	0.78891	
0.788876	0.78888	0.78892	0.789021	0.789213	0.789542	0.790053	0.790777	0.791611	0.792244	0.79227	0.791558	0.790476	0.789558	0.789044	0.788883	0.788967	0.789256	0.789694	0.790037	0.789884	0.788777	0.78689	0.78528	0.784762	0.785058	0.785325	0.785233	0.785767	0.786593	0.787554	0.787598	0.787289	0.787788	0.787723	0.787192	0.786874	0.787201	0.787725	0.788097	0.78847	0.788994	0.789671	0.790523	0.791463	0.792365	0.792935	0.793003	0.792584	0.791897	0.791168	0.790538	0.790039	0.789671	0.789412	0.78924	0.789129	0.78906	0.789015	0.788985	0.78896	0.788937	0.788913	0.788891	0.788876	
0.788853	0.788872	0.788936	0.789077	0.789332	0.789758	0.790419	0.791302	0.79214	0.792387	0.79162	0.790126	0.788777	0.788165	0.788123	0.788232	0.78829	0.78838	0.788635	0.788823	0.788371	0.78685	0.785052	0.784515	0.785417	0.786517	0.786684	0.785881	0.785825	0.786515	0.788224	0.788606	0.787543	0.787418	0.786552	0.78469	0.783374	0.783709	0.784688	0.785398	0.785942	0.786514	0.787127	0.787935	0.789025	0.790424	0.79177	0.79263	0.792751	0.79228	0.791545	0.790836	0.790248	0.789805	0.78949	0.789276	0.789136	0.789047	0.78899	0.788953	0.788924	0.788899	0.788877	0.788859	0.788853	
0.788835	0.788869	0.788958	0.789138	0.789452	0.789971	0.790759	0.791701	0.792304	0.79188	0.790324	0.788577	0.787792	0.788103	0.788725	0.789051	0.788939	0.78854	0.788175	0.787784	0.786843	0.785241	0.784357	0.785438	0.787499	0.788733	0.788315	0.786887	0.786391	0.787439	0.790207	0.790749	0.788394	0.786979	0.785075	0.782113	0.779945	0.780141	0.781812	0.783112	0.784088	0.784876	0.785407	0.785937	0.786708	0.788052	0.789829	0.791475	0.792361	0.792364	0.791785	0.791069	0.790424	0.789923	0.789559	0.789309	0.789143	0.789037	0.788969	0.788925	0.788892	0.788867	0.788846	0.788833	0.788835	
0.788826	0.788874	0.788983	0.789194	0.789554	0.79014	0.790994	0.791871	0.792097	0.791059	0.789146	0.787809	0.788022	0.789208	0.790184	0.790411	0.78995	0.789079	0.788081	0.786991	0.785689	0.784524	0.784935	0.787325	0.789823	0.790576	0.789554	0.78805	0.787741	0.789861	0.793746	0.793671	0.789418	0.786753	0.784461	0.78204	0.780237	0.779742	0.781159	0.782445	0.783647	0.78473	0.785319	0.785605	0.785798	0.786485	0.788005	0.789993	0.791511	0.792083	0.791814	0.791188	0.79054	0.79001	0.789614	0.789337	0.78915	0.789029	0.788951	0.788901	0.788866	0.788841	0.788823	0.788815	0.788826	
0.788819	0.788878	0.789001	0.789231	0.789614	0.790225	0.791074	0.791821	0.791732	0.790371	0.788493	0.787722	0.788677	0.790296	0.791227	0.791037	0.790062	0.788812	0.787515	0.786182	0.784959	0.784482	0.785892	0.788972	0.791447	0.791749	0.790803	0.790187	0.790735	0.793814	0.797711	0.795716	0.789918	0.787319	0.785885	0.785318	0.78473	0.783094	0.782946	0.783281	0.784217	0.785515	0.786353	0.786672	0.78644	0.786352	0.787197	0.788978	0.790707	0.791653	0.791674	0.791189	0.790581	0.790051	0.789641	0.789349	0.789149	0.789018	0.788934	0.78888	0.788844	0.788819	0.788804	0.7888	0.788819	
0.788815	0.78888	0.78901	0.789244	0.789624	0.790215	0.791015	0.79168	0.791499	0.790118	0.788372	0.78785	0.789036	0.790716	0.79147	0.790916	0.789544	0.787986	0.786579	0.785466	0.784806	0.785102	0.786961	0.790119	0.792673	0.792734	0.79204	0.793144	0.794915	0.797844	0.799906	0.795878	0.790623	0.789518	0.790024	0.79177	0.791325	0.787251	0.783724	0.78191	0.783198	0.785614	0.787192	0.78803	0.787848	0.787362	0.787609	0.788878	0.790332	0.791296	0.791464	0.791099	0.790551	0.790046	0.789641	0.789347	0.789141	0.789005	0.788917	0.788861	0.788825	0.788802	0.788789	0.788791	0.788815	
0.788811	0.788877	0.789005	0.789229	0.789584	0.790118	0.79084	0.791488	0.791426	0.790242	0.788578	0.787888	0.788815	0.790356	0.791145	0.790684	0.789325	0.787693	0.786429	0.786161	0.786854	0.788336	0.790316	0.792704	0.794872	0.794542	0.793721	0.796076	0.798207	0.799757	0.800106	0.795959	0.792939	0.793405	0.795627	0.798053	0.794808	0.787012	0.778971	0.77381	0.776917	0.783034	0.786515	0.788522	0.789172	0.788951	0.788842	0.78951	0.790475	0.791204	0.79133	0.790995	0.790487	0.790009	0.789618	0.789328	0.789124	0.788988	0.788899	0.788844	0.788809	0.788788	0.788779	0.788783	0.788811	
0.788807	0.788872	0.788992	0.789197	0.789516	0.789981	0.790606	0.791246	0.791436	0.79069	0.789211	0.788074	0.788197	0.789245	0.790212	0.790357	0.789496	0.788113	0.787426	0.788584	0.791408	0.794874	0.797327	0.798473	0.799062	0.798161	0.797331	0.799246	0.799229	0.798742	0.799863	0.798335	0.797937	0.799232	0.80131	0.801664	0.794614	0.783756	0.772351	0.76427	0.768631	0.77817	0.783413	0.786522	0.788691	0.789903	0.790164	0.790441	0.790955	0.791346	0.791283	0.790907	0.790413	0.789956	0.78958	0.789299	0.789099	0.788966	0.78888	0.788827	0.788795	0.788777	0.78877	0.788778	0.788807	
0.788803	0.788864	0.788971	0.78915	0.789425	0.789815	0.79033	0.790912	0.791318	0.791113	0.790116	0.788811	0.788038	0.78819	0.789044	0.789974	0.790117	0.78938	0.789349	0.791508	0.795857	0.801164	0.804728	0.805549	0.804542	0.802795	0.801874	0.80229	0.799025	0.796287	0.799084	0.801651	0.804058	0.805673	0.806186	0.804974	0.797778	0.78549	0.77088	0.760176	0.762707	0.7719	0.778111	0.782027	0.785424	0.788622	0.790493	0.791252	0.791522	0.791548	0.791274	0.790834	0.790339	0.789895	0.789532	0.789261	0.789069	0.788942	0.78886	0.788811	0.788783	0.788768	0.788765	0.788774	0.788803	
0.7888	0.788855	0.78895	0.789103	0.789335	0.78966	0.79008	0.790567	0.79102	0.791191	0.79082	0.789924	0.788914	0.788336	0.788518	0.789314	0.790056	0.79021	0.790676	0.79286	0.797053	0.802328	0.806435	0.807758	0.806397	0.8042	0.802915	0.801783	0.797828	0.794518	0.796952	0.801908	0.806617	0.808835	0.808466	0.807773	0.804816	0.793968	0.775608	0.761613	0.760394	0.766818	0.773702	0.778071	0.781335	0.785458	0.78902	0.791062	0.791692	0.791625	0.791241	0.79076	0.790267	0.789833	0.789481	0.78922	0.789036	0.788915	0.788839	0.788795	0.788771	0.78876	0.78876	0.788772	0.7888	
0.788799	0.788848	0.788929	0.789057	0.789247	0.789512	0.789854	0.790253	0.790659	0.790969	0.791027	0.790694	0.790042	0.789371	0.788996	0.789082	0.789602	0.790243	0.790974	0.792526	0.795224	0.798807	0.802169	0.803564	0.802486	0.800114	0.797669	0.795801	0.794741	0.793753	0.794728	0.798488	0.802788	0.806033	0.807163	0.807863	0.80891	0.802247	0.786035	0.771212	0.764667	0.767533	0.774052	0.777113	0.779414	0.78347	0.787486	0.790354	0.791503	0.79156	0.791152	0.790663	0.790179	0.789759	0.78942	0.789172	0.788999	0.788887	0.788819	0.78878	0.788762	0.788755	0.788759	0.788772	0.788799	
0.788799	0.788843	0.788913	0.789021	0.789177	0.789393	0.789672	0.79	0.79035	0.790659	0.790881	0.790915	0.790715	0.790357	0.789974	0.789756	0.789885	0.790412	0.791217	0.792363	0.793923	0.79604	0.798168	0.799198	0.798786	0.796698	0.792917	0.790041	0.790668	0.792346	0.793084	0.794163	0.796328	0.799845	0.802525	0.804002	0.806668	0.806446	0.799873	0.788533	0.778084	0.775976	0.777474	0.776931	0.77898	0.783476	0.787344	0.790144	0.791353	0.791458	0.791071	0.790588	0.790111	0.789697	0.789367	0.789127	0.788963	0.788859	0.788797	0.788765	0.788752	0.78875	0.788757	0.788772	0.788799	
0.788802	0.788842	0.788902	0.788993	0.789122	0.789299	0.789528	0.789802	0.790105	0.7904	0.790666	0.790854	0.790938	0.790879	0.790684	0.790455	0.790369	0.790619	0.791284	0.792378	0.793867	0.795752	0.797575	0.798767	0.798741	0.796508	0.791869	0.787767	0.787339	0.789447	0.790665	0.790712	0.791485	0.794363	0.798769	0.802153	0.805886	0.809424	0.809134	0.801314	0.788592	0.780375	0.777232	0.775854	0.778821	0.784188	0.78797	0.790383	0.79136	0.791404	0.790998	0.790506	0.790029	0.789621	0.789303	0.789075	0.788923	0.788829	0.788776	0.788751	0.788745	0.788748	0.788759	0.788775	0.788802	
0.788806	0.788844	0.788898	0.788977	0.789087	0.789235	0.789429	0.789662	0.789928	0.790203	0.790476	0.790724	0.790933	0.791016	0.790922	0.790741	0.790671	0.790872	0.7914	0.792469	0.794204	0.796561	0.798837	0.799809	0.798547	0.795175	0.790534	0.787293	0.786345	0.786599	0.786894	0.787822	0.78974	0.792193	0.797589	0.802953	0.807279	0.809719	0.808756	0.80278	0.790248	0.779655	0.776131	0.776889	0.780806	0.785777	0.789107	0.790999	0.791698	0.791589	0.791088	0.790525	0.79001	0.789582	0.789259	0.789033	0.788888	0.788801	0.788756	0.788738	0.788737	0.788745	0.78876	0.788779	0.788806	
0.788814	0.78885	0.788901	0.788971	0.789068	0.789198	0.789368	0.789576	0.789819	0.790081	0.790359	0.790639	0.790897	0.791006	0.790884	0.790663	0.790656	0.791025	0.791698	0.792993	0.795176	0.797912	0.799881	0.799482	0.797036	0.793546	0.78996	0.788647	0.788472	0.787967	0.788376	0.79086	0.79395	0.794574	0.797387	0.802825	0.806877	0.807909	0.805855	0.800638	0.789558	0.778298	0.77558	0.779388	0.783844	0.787558	0.790191	0.791701	0.792174	0.791846	0.791173	0.79051	0.789956	0.789519	0.789199	0.788983	0.788848	0.788772	0.788737	0.788727	0.788733	0.788746	0.788764	0.788786	0.788814	
0.788823	0.788859	0.788908	0.788973	0.789063	0.789183	0.789339	0.789531	0.78976	0.790013	0.790288	0.790566	0.790794	0.790796	0.790527	0.79033	0.790608	0.791349	0.792286	0.793727	0.796076	0.798764	0.800217	0.799402	0.797082	0.79389	0.790887	0.790363	0.791286	0.792418	0.795187	0.79995	0.803869	0.800354	0.799338	0.805152	0.807459	0.806354	0.803269	0.798056	0.789658	0.780657	0.779242	0.783562	0.786801	0.78906	0.790798	0.791941	0.7924	0.792128	0.791384	0.79059	0.789956	0.789487	0.789157	0.788941	0.788814	0.788746	0.788719	0.788716	0.788728	0.788747	0.788769	0.788794	0.788823	
0.788836	0.788873	0.788921	0.788985	0.789072	0.789189	0.789341	0.78953	0.789755	0.790008	0.790279	0.790542	0.790732	0.790707	0.790438	0.790245	0.790587	0.791592	0.792998	0.794759	0.797109	0.799546	0.800604	0.79987	0.797701	0.793937	0.790524	0.790387	0.792397	0.795224	0.799129	0.803524	0.805425	0.804422	0.805144	0.808045	0.807676	0.803916	0.798718	0.793919	0.790205	0.786615	0.785933	0.787699	0.789171	0.790549	0.791712	0.792386	0.792557	0.792167	0.791371	0.790536	0.789883	0.789413	0.789093	0.78889	0.788775	0.78872	0.788703	0.788708	0.788727	0.78875	0.788777	0.788804	0.788836	
0.788849	0.788888	0.788937	0.789001	0.789088	0.789205	0.789358	0.789548	0.789775	0.790027	0.790289	0.790516	0.790644	0.790622	0.790474	0.790382	0.790684	0.791656	0.793394	0.795849	0.798742	0.800996	0.800947	0.798786	0.795513	0.791138	0.788475	0.790189	0.793566	0.796688	0.79964	0.802185	0.804251	0.80603	0.807328	0.808453	0.807233	0.803021	0.79542	0.78864	0.786315	0.786299	0.787159	0.788372	0.78968	0.791107	0.792369	0.793008	0.792923	0.79221	0.791262	0.790411	0.789776	0.789322	0.789019	0.788834	0.788736	0.788693	0.788687	0.788701	0.788726	0.788755	0.788785	0.788815	0.788849	
0.788866	0.788906	0.788957	0.789024	0.789115	0.789237	0.789397	0.789597	0.789834	0.790096	0.790344	0.790471	0.7904	0.790241	0.790264	0.790665	0.791392	0.792468	0.794345	0.797237	0.800179	0.801375	0.799848	0.796363	0.792087	0.788105	0.78706	0.790364	0.794582	0.796892	0.797999	0.798558	0.80074	0.804396	0.805924	0.805777	0.80507	0.802591	0.794463	0.783634	0.779593	0.78216	0.785358	0.78722	0.788811	0.790537	0.792014	0.792789	0.792767	0.792048	0.791101	0.790267	0.789654	0.789223	0.788944	0.78878	0.788698	0.78867	0.788675	0.788697	0.788729	0.788762	0.788796	0.78883	0.788866	
0.788882	0.788925	0.788978	0.789047	0.789142	0.78927	0.789438	0.789648	0.789899	0.79017	0.790365	0.790298	0.789958	0.789722	0.790063	0.79098	0.79209	0.793439	0.795493	0.798035	0.799985	0.800436	0.799394	0.796748	0.793037	0.789464	0.787183	0.788494	0.792416	0.794965	0.795565	0.795655	0.797328	0.799897	0.799942	0.799458	0.798243	0.79794	0.7931	0.782211	0.77599	0.778373	0.783238	0.786522	0.788753	0.790735	0.792134	0.792723	0.792491	0.79169	0.790774	0.790013	0.789462	0.789084	0.788847	0.788715	0.788657	0.788646	0.788664	0.788695	0.788733	0.788771	0.788809	0.788845	0.788882	
0.788902	0.788947	0.789002	0.789075	0.789174	0.78931	0.789489	0.789716	0.78999	0.790268	0.790365	0.790081	0.789558	0.789382	0.789932	0.790935	0.792012	0.793395	0.795326	0.797294	0.798844	0.800109	0.801001	0.800333	0.798027	0.795023	0.790747	0.787394	0.788479	0.791608	0.793598	0.794416	0.795088	0.795376	0.794709	0.791852	0.790402	0.791187	0.788687	0.778772	0.771522	0.775268	0.783253	0.788036	0.790663	0.79225	0.792914	0.792877	0.792265	0.791347	0.790467	0.789779	0.789289	0.788959	0.788761	0.788659	0.788624	0.788629	0.788658	0.788698	0.788742	0.788784	0.788824	0.788863	0.788902	
0.788922	0.788967	0.789023	0.789098	0.789201	0.789342	0.789528	0.789768	0.790062	0.790345	0.790376	0.789958	0.78934	0.789183	0.789758	0.790669	0.791593	0.792764	0.794361	0.796083	0.797634	0.799089	0.800583	0.801348	0.800698	0.799251	0.795695	0.789934	0.787349	0.789163	0.792337	0.794518	0.794488	0.793086	0.791265	0.788044	0.786912	0.786355	0.784352	0.776958	0.772709	0.777936	0.786131	0.790303	0.792554	0.793646	0.793653	0.792926	0.791909	0.790916	0.7901	0.789496	0.789079	0.78881	0.788662	0.788597	0.788588	0.788612	0.788655	0.788703	0.788752	0.788798	0.788841	0.788881	0.788922	
0.788945	0.78899	0.789047	0.789123	0.789227	0.789371	0.789563	0.789812	0.790122	0.790434	0.790505	0.790092	0.789373	0.78898	0.789358	0.790228	0.791179	0.792253	0.793569	0.794997	0.796232	0.797118	0.79792	0.798503	0.798573	0.798617	0.796915	0.79218	0.788947	0.789544	0.792919	0.795973	0.795329	0.792514	0.790415	0.787747	0.785435	0.784449	0.783694	0.781859	0.781566	0.784367	0.788493	0.791211	0.793069	0.794076	0.793991	0.792984	0.791698	0.790608	0.789813	0.789263	0.788905	0.788689	0.788583	0.78855	0.788565	0.788604	0.788657	0.788713	0.788768	0.788817	0.788862	0.788903	0.788945	
0.788967	0.789012	0.789068	0.789142	0.789244	0.789386	0.789577	0.789825	0.790138	0.790479	0.790674	0.790441	0.789759	0.789071	0.788955	0.789506	0.790369	0.791391	0.792564	0.793856	0.795048	0.79576	0.795801	0.795377	0.79539	0.796356	0.795848	0.79286	0.790992	0.791319	0.794229	0.797056	0.796108	0.793117	0.7905	0.788486	0.785856	0.78436	0.785067	0.785969	0.786424	0.787194	0.788989	0.7911	0.792872	0.793971	0.794013	0.792984	0.791541	0.790333	0.789526	0.789023	0.788723	0.788564	0.788503	0.788505	0.788544	0.7886	0.788665	0.788727	0.788786	0.788838	0.788884	0.788926	0.788967	
0.788992	0.789036	0.78909	0.789161	0.78926	0.789397	0.78958	0.789818	0.790116	0.790459	0.790755	0.790784	0.790376	0.789693	0.789182	0.789184	0.789653	0.790454	0.791527	0.792819	0.794042	0.794779	0.794839	0.794732	0.795356	0.796448	0.796184	0.794741	0.79433	0.793946	0.794417	0.795554	0.795226	0.794195	0.791955	0.789236	0.787378	0.786572	0.787112	0.788579	0.789647	0.789978	0.790553	0.791858	0.793316	0.794209	0.794088	0.792916	0.791342	0.790062	0.789268	0.788818	0.788577	0.788468	0.788448	0.788478	0.788536	0.788606	0.788679	0.788747	0.788809	0.788863	0.78891	0.788952	0.788992	
0.789018	0.789059	0.78911	0.789176	0.789268	0.789396	0.789567	0.78979	0.790066	0.790389	0.79071	0.790908	0.790818	0.790436	0.790005	0.789831	0.790078	0.790751	0.791768	0.792944	0.793947	0.794664	0.795303	0.796222	0.797381	0.797995	0.797812	0.797777	0.798542	0.797227	0.794422	0.793452	0.794292	0.795738	0.794162	0.790221	0.787826	0.787548	0.78875	0.790839	0.792603	0.793106	0.793144	0.793815	0.794702	0.794848	0.794025	0.792497	0.790866	0.789667	0.788969	0.788602	0.788431	0.788378	0.788398	0.788457	0.788535	0.788618	0.788699	0.788772	0.788837	0.788891	0.788938	0.788979	0.789018	
0.789046	0.789085	0.789132	0.789193	0.789278	0.789394	0.789552	0.789755	0.790005	0.790297	0.790598	0.790839	0.790912	0.790788	0.790602	0.790594	0.790961	0.791746	0.792783	0.79371	0.794346	0.795051	0.796174	0.797584	0.798661	0.798894	0.799028	0.799656	0.800537	0.798667	0.794592	0.793178	0.795164	0.797431	0.795805	0.791302	0.78815	0.787749	0.789295	0.791911	0.794238	0.795015	0.794966	0.795379	0.795749	0.795029	0.793476	0.791704	0.790206	0.789227	0.788685	0.788418	0.78832	0.788318	0.788373	0.788455	0.788548	0.78864	0.788726	0.788802	0.788868	0.788923	0.788969	0.789009	0.789046	
0.789075	0.789111	0.789153	0.789207	0.789283	0.789387	0.789529	0.789712	0.789937	0.790198	0.790472	0.790708	0.790832	0.790812	0.790736	0.790805	0.791227	0.792068	0.793106	0.793873	0.794294	0.795007	0.79628	0.797692	0.798565	0.798642	0.798841	0.799143	0.799316	0.797901	0.794943	0.794287	0.79668	0.798286	0.79649	0.792641	0.789518	0.788829	0.789873	0.791969	0.794243	0.795283	0.795423	0.795753	0.795699	0.794415	0.792497	0.790751	0.789523	0.788792	0.788412	0.788253	0.788226	0.788274	0.788361	0.788465	0.78857	0.78867	0.78876	0.788838	0.788904	0.788958	0.789003	0.789041	0.789075	
0.789107	0.789138	0.789176	0.789224	0.789291	0.789383	0.789509	0.789673	0.789874	0.790108	0.790356	0.790581	0.79072	0.790723	0.790632	0.790616	0.790903	0.791634	0.792647	0.793482	0.793908	0.794568	0.795728	0.796818	0.797354	0.797337	0.797364	0.797012	0.796427	0.795923	0.795245	0.795768	0.797418	0.797691	0.796163	0.79362	0.791197	0.790659	0.791383	0.792395	0.793685	0.794584	0.794972	0.795371	0.795042	0.793438	0.791426	0.789872	0.788934	0.788429	0.7882	0.788139	0.788174	0.788261	0.788373	0.788491	0.788605	0.788709	0.7888	0.788878	0.788944	0.788996	0.789039	0.789075	0.789107	
0.789139	0.789167	0.789198	0.78924	0.789297	0.789377	0.789487	0.789632	0.789812	0.790023	0.79025	0.790468	0.790629	0.790666	0.790568	0.790437	0.79048	0.790942	0.791811	0.792761	0.793388	0.794046	0.794996	0.795734	0.795896	0.795689	0.795438	0.794641	0.793534	0.793417	0.794596	0.79599	0.796459	0.7959	0.795177	0.794137	0.792861	0.792891	0.793809	0.793912	0.793607	0.793716	0.794214	0.794777	0.794224	0.792372	0.790411	0.789117	0.788444	0.788136	0.78804	0.788063	0.788151	0.788271	0.788402	0.78853	0.78865	0.788756	0.788847	0.788924	0.788987	0.789038	0.789078	0.789111	0.789139	
0.789173	0.789196	0.789223	0.789258	0.789306	0.789375	0.78947	0.789596	0.789756	0.789947	0.790157	0.790369	0.790548	0.790639	0.790584	0.790404	0.790224	0.790306	0.790834	0.791722	0.792556	0.793303	0.794131	0.79472	0.794688	0.794267	0.793797	0.79291	0.791638	0.791359	0.792979	0.794388	0.794201	0.793704	0.79391	0.794299	0.794317	0.794973	0.79614	0.79577	0.794121	0.793293	0.793779	0.794238	0.793216	0.791192	0.789455	0.78849	0.788074	0.78794	0.787951	0.788038	0.788165	0.788307	0.788449	0.788583	0.788703	0.788808	0.788898	0.788972	0.789033	0.789081	0.789118	0.789148	0.789173	
0.789208	0.789227	0.789248	0.789275	0.789315	0.789372	0.789451	0.789561	0.789701	0.789873	0.790067	0.790272	0.790466	0.790611	0.790641	0.790512	0.790248	0.790006	0.790058	0.790603	0.791434	0.792254	0.793034	0.793612	0.793609	0.793102	0.792522	0.791802	0.790801	0.790414	0.791505	0.792342	0.791977	0.791793	0.792512	0.793718	0.794678	0.795657	0.79664	0.796243	0.794479	0.793367	0.793567	0.793348	0.79176	0.789863	0.788574	0.787993	0.787818	0.787825	0.787919	0.788054	0.788209	0.788364	0.788513	0.788647	0.788766	0.788868	0.788954	0.789025	0.789082	0.789126	0.789161	0.789187	0.789208	
0.789243	0.789258	0.789274	0.789295	0.789326	0.789371	0.789437	0.789529	0.789649	0.789801	0.789978	0.790174	0.790372	0.790553	0.790668	0.790653	0.790452	0.790092	0.78975	0.789759	0.79025	0.790983	0.79172	0.792281	0.79234	0.791863	0.791303	0.790907	0.790502	0.790335	0.790794	0.790936	0.790471	0.790434	0.791198	0.792449	0.793612	0.794469	0.794977	0.794801	0.793973	0.793194	0.792715	0.791669	0.789999	0.788637	0.787912	0.787685	0.787694	0.787797	0.787945	0.78811	0.788279	0.78844	0.788587	0.788718	0.788833	0.788931	0.789012	0.789079	0.789132	0.789172	0.789203	0.789226	0.789243	
0.789279	0.78929	0.7893	0.789315	0.789337	0.789372	0.789424	0.789498	0.789599	0.789729	0.789887	0.790068	0.790262	0.790458	0.79063	0.790732	0.790676	0.790405	0.789941	0.789517	0.789442	0.789799	0.790371	0.790835	0.790889	0.790506	0.790118	0.79013	0.790326	0.790438	0.790438	0.790018	0.789476	0.78953	0.790185	0.791099	0.791931	0.79242	0.792517	0.792396	0.792261	0.791791	0.790855	0.789641	0.788477	0.787791	0.787549	0.787564	0.787685	0.787844	0.788022	0.7882	0.788372	0.78853	0.788673	0.788798	0.788906	0.788997	0.789073	0.789135	0.789183	0.78922	0.789247	0.789266	0.789279	
0.789315	0.789321	0.789327	0.789336	0.78935	0.789375	0.789414	0.789472	0.789552	0.789661	0.789796	0.789959	0.790139	0.790333	0.790527	0.7907	0.790791	0.790715	0.790391	0.789875	0.789388	0.789222	0.789387	0.789622	0.789653	0.789457	0.789325	0.789599	0.790071	0.790217	0.789883	0.78923	0.788818	0.789018	0.789559	0.790101	0.790503	0.790645	0.790491	0.790228	0.790106	0.789715	0.788913	0.788144	0.787622	0.787435	0.787469	0.787597	0.787768	0.787949	0.788135	0.788312	0.788479	0.788628	0.788763	0.788879	0.788979	0.789064	0.789134	0.78919	0.789234	0.789266	0.789289	0.789305	0.789315	
0.789351	0.789353	0.789355	0.789357	0.789364	0.789379	0.789406	0.789448	0.78951	0.789596	0.789707	0.789846	0.790006	0.790186	0.790378	0.790574	0.790748	0.790848	0.790771	0.790459	0.789964	0.789516	0.789272	0.789232	0.789236	0.789209	0.789196	0.78937	0.789674	0.789638	0.789175	0.78868	0.78858	0.788886	0.789282	0.789549	0.789655	0.789571	0.789309	0.788947	0.788659	0.788299	0.787836	0.787528	0.787407	0.787448	0.787573	0.787732	0.787912	0.788093	0.788273	0.78844	0.788595	0.788733	0.788857	0.788963	0.789055	0.789132	0.789195	0.789246	0.789285	0.789313	0.789333	0.789344	0.789351	
0.789385	0.789384	0.789382	0.789379	0.78938	0.789386	0.789402	0.78943	0.789475	0.78954	0.789626	0.789738	0.789873	0.790031	0.790204	0.790393	0.790585	0.790765	0.790874	0.790844	0.790611	0.790256	0.789909	0.789723	0.789676	0.78965	0.789533	0.789395	0.789324	0.789117	0.788773	0.788606	0.788746	0.789018	0.789235	0.789309	0.789254	0.789068	0.78879	0.788445	0.788123	0.787837	0.787607	0.787522	0.78754	0.787628	0.787763	0.787919	0.788089	0.788256	0.788421	0.788572	0.788713	0.788838	0.788949	0.789045	0.789128	0.789197	0.789254	0.789299	0.789333	0.789357	0.789373	0.789382	0.789385	
0.789419	0.789415	0.789409	0.789402	0.789396	0.789395	0.789401	0.789417	0.789445	0.78949	0.789554	0.78964	0.789746	0.789876	0.790023	0.790189	0.790365	0.790549	0.790721	0.790848	0.790869	0.790763	0.790558	0.790386	0.790277	0.790143	0.789899	0.789571	0.789261	0.789027	0.788883	0.788918	0.789082	0.789225	0.789284	0.789225	0.78909	0.788879	0.788627	0.788352	0.788096	0.787898	0.787768	0.787736	0.787775	0.78786	0.787985	0.788124	0.788277	0.788425	0.788571	0.788705	0.78883	0.788941	0.78904	0.789126	0.7892	0.789261	0.789312	0.789351	0.789381	0.789401	0.789414	0.789419	0.789419	
0.789451	0.789444	0.789434	0.789424	0.789413	0.789406	0.789403	0.789408	0.789423	0.789451	0.789493	0.789555	0.789633	0.789734	0.789851	0.789987	0.790134	0.790292	0.790453	0.790603	0.790718	0.790771	0.790735	0.790647	0.790525	0.790352	0.790107	0.789794	0.789484	0.789312	0.789264	0.789308	0.789378	0.789392	0.789341	0.789212	0.789043	0.788839	0.788623	0.788411	0.788223	0.788085	0.788001	0.787984	0.788023	0.788098	0.788208	0.788328	0.788459	0.788587	0.788714	0.78883	0.78894	0.789038	0.789125	0.789201	0.789266	0.78932	0.789365	0.789399	0.789424	0.789441	0.789451	0.789453	0.789451	
0.789481	0.789472	0.789459	0.789445	0.789431	0.789418	0.789408	0.789404	0.789406	0.78942	0.789444	0.789484	0.789538	0.789611	0.789698	0.789802	0.789917	0.790044	0.790174	0.790303	0.790416	0.790498	0.790534	0.790515	0.790437	0.790314	0.790146	0.78994	0.789731	0.789618	0.789576	0.789564	0.789545	0.789478	0.789369	0.789216	0.789045	0.78886	0.788679	0.788514	0.788375	0.788278	0.788224	0.788218	0.788256	0.788322	0.788415	0.788516	0.788628	0.788737	0.788846	0.788947	0.789043	0.789128	0.789205	0.789272	0.789329	0.789376	0.789415	0.789444	0.789466	0.789479	0.789486	0.789486	0.789481	
0.789508	0.789497	0.789482	0.789465	0.789447	0.78943	0.789414	0.789403	0.789396	0.789398	0.789407	0.789429	0.789462	0.78951	0.789569	0.789645	0.78973	0.789827	0.789927	0.790027	0.79012	0.790195	0.790244	0.790255	0.790225	0.790164	0.790073	0.789965	0.789847	0.78977	0.789716	0.789663	0.789595	0.789494	0.789368	0.789218	0.789063	0.788906	0.788759	0.788632	0.788529	0.78846	0.788427	0.788428	0.788464	0.788521	0.7886	0.788685	0.788779	0.788872	0.788966	0.789053	0.789135	0.789209	0.789276	0.789334	0.789385	0.789426	0.789459	0.789485	0.789502	0.789513	0.789517	0.789515	0.789508	
0.789533	0.789519	0.789503	0.789484	0.789463	0.789442	0.789421	0.789404	0.789389	0.789381	0.789379	0.789387	0.789402	0.78943	0.789467	0.789518	0.789576	0.789646	0.78972	0.789796	0.789869	0.789932	0.789979	0.790005	0.790005	0.789986	0.789946	0.789895	0.789832	0.789777	0.789718	0.789651	0.789568	0.789462	0.789343	0.789211	0.789079	0.788953	0.788838	0.788743	0.788669	0.788621	0.788602	0.788608	0.788642	0.788691	0.788758	0.78883	0.788911	0.78899	0.789071	0.789146	0.789217	0.789282	0.78934	0.789391	0.789435	0.789471	0.7895	0.789521	0.789536	0.789544	0.789545	0.789541	0.789533	
0.789553	0.789538	0.78952	0.789499	0.789476	0.789452	0.789428	0.789406	0.789385	0.78937	0.789358	0.789355	0.789357	0.789369	0.789388	0.789419	0.789456	0.789504	0.789555	0.789611	0.789667	0.789718	0.78976	0.789791	0.789806	0.78981	0.789797	0.789774	0.789737	0.789697	0.789645	0.789582	0.789504	0.789411	0.789309	0.789201	0.789095	0.788996	0.78891	0.78884	0.788788	0.788756	0.788748	0.788759	0.788791	0.788834	0.788892	0.788954	0.789023	0.789091	0.78916	0.789225	0.789288	0.789344	0.789395	0.789439	0.789478	0.789509	0.789534	0.789552	0.789564	0.789569	0.789569	0.789563	0.789553	
0.78957	0.789554	0.789534	0.789511	0.789486	0.78946	0.789433	0.789408	0.789383	0.789362	0.789343	0.789331	0.789322	0.789323	0.789328	0.789344	0.789364	0.789394	0.789428	0.789468	0.789508	0.789548	0.789584	0.789614	0.789634	0.789647	0.789647	0.789639	0.789618	0.789588	0.789547	0.789493	0.789428	0.789352	0.789271	0.789186	0.789106	0.789032	0.788969	0.78892	0.788886	0.788867	0.788867	0.788881	0.788912	0.78895	0.789002	0.789055	0.789116	0.789175	0.789235	0.789292	0.789347	0.789396	0.789441	0.78948	0.789514	0.789541	0.789563	0.789578	0.789587	0.789591	0.789589	0.789582	0.78957	
0.789581	0.789564	0.789543	0.789519	0.789493	0.789465	0.789436	0.789408	0.789379	0.789354	0.78933	0.789312	0.789296	0.789288	0.789283	0.789288	0.789296	0.789313	0.789332	0.789359	0.789387	0.789418	0.789446	0.789472	0.789492	0.789508	0.789514	0.789513	0.789501	0.789481	0.78945	0.789408	0.789357	0.789299	0.789238	0.789175	0.789116	0.789063	0.789019	0.788986	0.788966	0.788957	0.788963	0.788979	0.789009	0.789044	0.78909	0.789137	0.78919	0.789242	0.789296	0.789346	0.789394	0.789438	0.789478	0.789513	0.789542	0.789566	0.789585	0.789598	0.789605	0.789607	0.789603	0.789595	0.789581	
0.789589	0.789571	0.789548	0.789523	0.789496	0.789466	0.789435	0.789405	0.789374	0.789346	0.789318	0.789296	0.789274	0.78926	0.789248	0.789245	0.789244	0.789251	0.789261	0.789278	0.789297	0.789319	0.78934	0.789362	0.78938	0.789395	0.789404	0.789406	0.7894	0.789386	0.789364	0.789333	0.789296	0.789253	0.789209	0.789164	0.789123	0.789086	0.789058	0.789037	0.789027	0.789026	0.789037	0.789054	0.789083	0.789117	0.789158	0.789201	0.789248	0.789295	0.789342	0.789387	0.789431	0.78947	0.789506	0.789537	0.789564	0.789585	0.789602	0.789612	0.789618	0.789618	0.789613	0.789603	0.789589	
0.789591	0.789571	0.789548	0.789522	0.789493	0.789463	0.78943	0.789398	0.789366	0.789335	0.789305	0.78928	0.789255	0.789237	0.78922	0.789211	0.789205	0.789206	0.789209	0.789219	0.789231	0.789247	0.789263	0.78928	0.789295	0.789309	0.789317	0.789321	0.789319	0.78931	0.789295	0.789273	0.789248	0.789217	0.789187	0.789156	0.789129	0.789105	0.789089	0.789077	0.789075	0.789079	0.789093	0.789112	0.78914	0.789171	0.789209	0.789248	0.789291	0.789333	0.789376	0.789417	0.789456	0.789492	0.789525	0.789553	0.789577	0.789597	0.789611	0.78962	0.789624	0.789623	0.789617	0.789606	0.789591	
0.789587	0.789567	0.789542	0.789515	0.789485	0.789454	0.78942	0.789387	0.789353	0.789321	0.789289	0.789262	0.789236	0.789215	0.789196	0.789184	0.789174	0.789171	0.78917	0.789176	0.789182	0.789194	0.789206	0.789221	0.789233	0.789245	0.789253	0.789257	0.789257	0.789252	0.789242	0.789227	0.78921	0.78919	0.789171	0.78915	0.789134	0.789119	0.789111	0.789107	0.78911	0.789118	0.789134	0.789153	0.78918	0.789209	0.789244	0.78928	0.789319	0.789358	0.789398	0.789435	0.789472	0.789505	0.789535	0.789561	0.789584	0.789601	0.789614	0.789622	0.789625	0.789623	0.789616	0.789604	0.789587	
