x=200	y=70	z=200	n=65	len=1
b
0.526778	0.526781	0.526784	0.526785	0.526789	0.526794	0.526807	0.526825	0.526855	0.526893	0.526944	0.527004	0.527078	0.52716	0.527251	0.527347	0.527447	0.527546	0.527641	0.527729	0.527805	0.52787	0.527915	0.527944	0.52795	0.527937	0.527902	0.527848	0.527774	0.527683	0.527577	0.527458	0.527329	0.527192	0.527051	0.526909	0.52677	0.526637	0.526513	0.5264	0.526301	0.526217	0.526149	0.526098	0.526063	0.526047	0.526045	0.526059	0.526085	0.526125	0.526172	0.526228	0.526287	0.52635	0.526412	0.526474	0.526532	0.526586	0.526633	0.526674	0.526709	0.526735	0.526756	0.526769	0.526778	
0.526701	0.526703	0.526705	0.526703	0.526704	0.526706	0.526715	0.526728	0.526752	0.526782	0.526825	0.526876	0.52694	0.527011	0.527092	0.527178	0.527268	0.527359	0.527448	0.527533	0.527609	0.527675	0.527725	0.527761	0.527776	0.527775	0.527752	0.527711	0.52765	0.527572	0.527479	0.527373	0.527255	0.527131	0.527002	0.526871	0.526741	0.526616	0.526499	0.52639	0.526294	0.52621	0.52614	0.526086	0.526047	0.526025	0.526017	0.526024	0.526044	0.526077	0.526118	0.526169	0.526224	0.526284	0.526343	0.526403	0.526459	0.526512	0.526559	0.526599	0.526633	0.52666	0.52668	0.526692	0.526701	
0.526619	0.526622	0.526624	0.526623	0.526625	0.526628	0.526637	0.52665	0.526674	0.526704	0.526747	0.526797	0.526859	0.526928	0.527006	0.52709	0.527178	0.527268	0.527357	0.527443	0.527522	0.527592	0.527649	0.527693	0.527716	0.527725	0.527711	0.52768	0.527629	0.527562	0.527478	0.527381	0.527272	0.527156	0.527034	0.526909	0.526784	0.526661	0.526544	0.526434	0.526333	0.526243	0.526166	0.526102	0.526052	0.526018	0.525998	0.525995	0.526003	0.526026	0.526059	0.526102	0.526151	0.526206	0.526262	0.526319	0.526374	0.526426	0.526473	0.526514	0.526548	0.526575	0.526596	0.526609	0.526619	
0.526533	0.526539	0.526545	0.526547	0.526554	0.52656	0.526575	0.526594	0.526625	0.526662	0.526712	0.526769	0.526838	0.526914	0.526999	0.527089	0.527183	0.52728	0.527376	0.52747	0.527557	0.527636	0.527702	0.527755	0.527787	0.527804	0.527798	0.527775	0.52773	0.527669	0.527591	0.527499	0.527395	0.527281	0.527161	0.527035	0.526909	0.526783	0.52666	0.526541	0.52643	0.526327	0.526234	0.526154	0.526086	0.526034	0.525996	0.525975	0.525967	0.525976	0.525997	0.52603	0.526071	0.52612	0.526171	0.526226	0.526279	0.52633	0.526377	0.526419	0.526454	0.526483	0.526506	0.526522	0.526533	
0.526444	0.526455	0.526467	0.526476	0.526491	0.526507	0.526533	0.526564	0.526609	0.526661	0.526726	0.5268	0.526885	0.526977	0.527078	0.527183	0.527293	0.527405	0.527515	0.527624	0.527725	0.527819	0.527897	0.527961	0.528003	0.528028	0.528029	0.528011	0.52797	0.527913	0.527836	0.527745	0.52764	0.527525	0.527402	0.527271	0.527138	0.527002	0.526868	0.526734	0.526605	0.526481	0.526366	0.52626	0.526166	0.526087	0.526023	0.525977	0.525947	0.525936	0.525939	0.525958	0.525987	0.526027	0.526073	0.526123	0.526174	0.526225	0.526272	0.526315	0.526352	0.526383	0.526409	0.526429	0.526444	
0.526355	0.526373	0.526393	0.526413	0.52644	0.526471	0.526514	0.526565	0.526631	0.526707	0.526797	0.526897	0.527008	0.527126	0.527252	0.527382	0.527515	0.52765	0.527783	0.527914	0.528035	0.528147	0.52824	0.528318	0.528369	0.528401	0.528406	0.528391	0.528351	0.528294	0.528217	0.528124	0.528016	0.527896	0.527766	0.527627	0.527483	0.527332	0.527181	0.527026	0.526874	0.526722	0.526576	0.526437	0.526308	0.526193	0.526094	0.526014	0.525953	0.525914	0.525893	0.525893	0.525906	0.525935	0.525972	0.526017	0.526064	0.526113	0.526161	0.526205	0.526245	0.526279	0.526309	0.526333	0.526355	
0.526266	0.526294	0.526326	0.52636	0.526404	0.526456	0.526523	0.526602	0.526698	0.526808	0.526933	0.527069	0.527216	0.527369	0.527529	0.527691	0.527855	0.52802	0.528181	0.528339	0.528484	0.528618	0.528728	0.528818	0.528876	0.528912	0.528917	0.528903	0.528863	0.528806	0.528728	0.528633	0.528522	0.528397	0.528261	0.528112	0.527956	0.527789	0.527618	0.527439	0.527259	0.527073	0.52689	0.526708	0.526535	0.526372	0.526227	0.526102	0.525999	0.525923	0.52587	0.525842	0.525834	0.525845	0.52587	0.525907	0.525949	0.525996	0.526043	0.526089	0.526131	0.52617	0.526205	0.526236	0.526266	
0.526181	0.526221	0.526269	0.526323	0.52639	0.52647	0.526569	0.526684	0.526821	0.526974	0.527144	0.527326	0.527517	0.527714	0.527913	0.528114	0.528313	0.528512	0.528705	0.528893	0.529063	0.529217	0.52934	0.529436	0.529494	0.529528	0.529529	0.529513	0.529472	0.529417	0.529341	0.529249	0.529141	0.529015	0.528877	0.528723	0.528559	0.528378	0.52819	0.527986	0.527776	0.527553	0.527327	0.527095	0.526867	0.526647	0.526443	0.526259	0.526103	0.525976	0.52588	0.525816	0.525779	0.525768	0.525776	0.525801	0.525836	0.525878	0.525924	0.525971	0.526017	0.52606	0.526101	0.526141	0.526181	
0.5261	0.526157	0.526225	0.526304	0.526401	0.526516	0.526656	0.526819	0.527007	0.527214	0.52744	0.527676	0.52792	0.528164	0.528406	0.528646	0.528881	0.529114	0.529337	0.529551	0.529742	0.529908	0.530033	0.530122	0.530167	0.530186	0.530175	0.530154	0.530116	0.530069	0.530005	0.529927	0.529833	0.52972	0.529592	0.529444	0.529281	0.529096	0.528897	0.528675	0.528438	0.528179	0.527908	0.527621	0.527331	0.527041	0.526765	0.526508	0.526282	0.526091	0.525938	0.525826	0.525749	0.525707	0.525692	0.5257	0.525724	0.52576	0.525804	0.525851	0.5259	0.525949	0.525998	0.526047	0.5261	
0.52603	0.526107	0.5262	0.526309	0.526444	0.526603	0.526794	0.527014	0.527264	0.527537	0.527827	0.528124	0.528421	0.528713	0.528994	0.529268	0.529532	0.52979	0.530036	0.530267	0.530465	0.530625	0.530729	0.530786	0.530793	0.530776	0.530743	0.530716	0.530688	0.530662	0.530629	0.530585	0.530526	0.530449	0.530352	0.530231	0.530088	0.529917	0.529722	0.529496	0.529243	0.528957	0.528645	0.528303	0.527946	0.527578	0.527216	0.526871	0.526558	0.526285	0.52606	0.525885	0.525757	0.525674	0.525627	0.525613	0.525622	0.525649	0.525688	0.525735	0.525787	0.525842	0.5259	0.525961	0.52603	
0.525971	0.526072	0.526195	0.526343	0.526523	0.526737	0.52699	0.527278	0.527601	0.527947	0.528306	0.528665	0.529012	0.52934	0.529648	0.529939	0.530215	0.530483	0.530733	0.53096	0.531139	0.531259	0.531304	0.531285	0.531217	0.531137	0.531071	0.53104	0.531035	0.531054	0.531078	0.5311	0.531111	0.531102	0.531069	0.531006	0.530912	0.530782	0.530616	0.530408	0.530161	0.529866	0.529529	0.529143	0.528723	0.528273	0.527816	0.527368	0.52695	0.526577	0.52626	0.526005	0.525811	0.525674	0.525587	0.525542	0.525531	0.525545	0.525577	0.525622	0.525677	0.525738	0.525807	0.525883	0.525971	
0.525927	0.526058	0.526218	0.52641	0.526644	0.526922	0.527247	0.527615	0.528018	0.528442	0.52887	0.52928	0.52966	0.530002	0.530307	0.530585	0.530846	0.531095	0.531321	0.53151	0.531628	0.531655	0.531579	0.531421	0.531228	0.531054	0.530946	0.530922	0.530963	0.531057	0.531176	0.531306	0.531431	0.531534	0.531608	0.531646	0.53164	0.531588	0.531486	0.531332	0.531123	0.530853	0.53052	0.530116	0.52965	0.529128	0.528576	0.528015	0.527477	0.526984	0.526556	0.526202	0.525925	0.525721	0.525581	0.525498	0.525459	0.525455	0.525478	0.52552	0.525576	0.525644	0.525725	0.525817	0.525927	
0.525901	0.526065	0.526267	0.526512	0.52681	0.527161	0.527568	0.528023	0.528512	0.52901	0.529494	0.529933	0.530311	0.530622	0.530878	0.531099	0.531304	0.531497	0.531661	0.531763	0.531758	0.531618	0.53134	0.530971	0.530604	0.530319	0.530181	0.530188	0.530297	0.530492	0.530738	0.531014	0.531297	0.531558	0.531789	0.531975	0.532101	0.532172	0.532174	0.532119	0.531994	0.531799	0.531522	0.531149	0.53068	0.530115	0.529482	0.528811	0.528144	0.527516	0.526957	0.526484	0.526105	0.525818	0.525613	0.525481	0.525407	0.52538	0.525389	0.525425	0.525483	0.525559	0.525652	0.525764	0.525901	
0.525895	0.526098	0.526348	0.526653	0.527021	0.527453	0.527949	0.528493	0.529063	0.529622	0.530132	0.530554	0.53087	0.531084	0.531226	0.531332	0.531432	0.531527	0.531584	0.531545	0.531347	0.530955	0.530394	0.529756	0.5292	0.528832	0.528708	0.528779	0.52896	0.529253	0.529629	0.530068	0.530536	0.530983	0.53141	0.531784	0.532085	0.532318	0.532467	0.532555	0.532567	0.532513	0.532366	0.532104	0.531707	0.531163	0.530495	0.529736	0.528946	0.528174	0.52747	0.526861	0.526362	0.525976	0.525692	0.5255	0.525383	0.525328	0.525319	0.525347	0.525405	0.525488	0.525596	0.52573	0.525895	
0.525909	0.526154	0.526459	0.526829	0.527274	0.527793	0.528379	0.529008	0.529643	0.530231	0.530716	0.531048	0.531217	0.531245	0.531195	0.53113	0.531087	0.531054	0.530969	0.530739	0.530279	0.52956	0.528657	0.527744	0.527055	0.526712	0.526694	0.526863	0.527074	0.527394	0.527844	0.528418	0.529054	0.529674	0.530303	0.530872	0.531365	0.531778	0.532099	0.532366	0.532564	0.532723	0.532799	0.532757	0.532548	0.532135	0.531518	0.530732	0.529848	0.528942	0.528086	0.527328	0.526694	0.526193	0.525817	0.525554	0.525386	0.525294	0.525264	0.525282	0.525339	0.525429	0.525553	0.52571	0.525909	
0.525945	0.526236	0.526598	0.527037	0.527562	0.528167	0.528837	0.529535	0.530205	0.530767	0.531147	0.531288	0.5312	0.530949	0.530644	0.530377	0.530185	0.530024	0.529783	0.529328	0.528552	0.527462	0.526227	0.525137	0.5245	0.52439	0.52461	0.524892	0.525031	0.525211	0.52558	0.526181	0.526893	0.527605	0.528388	0.529113	0.529775	0.530352	0.530847	0.531307	0.531726	0.532155	0.532541	0.532839	0.532965	0.532833	0.532406	0.531698	0.53079	0.529785	0.528788	0.527878	0.527099	0.526471	0.525992	0.525649	0.525421	0.525289	0.525233	0.525237	0.525292	0.525389	0.525529	0.525711	0.525945	
0.525998	0.526338	0.526759	0.527269	0.527872	0.528557	0.529298	0.530037	0.530691	0.531152	0.531325	0.531161	0.530718	0.530127	0.529557	0.52912	0.528825	0.528575	0.528189	0.527491	0.526379	0.524938	0.523482	0.522448	0.522154	0.52252	0.523074	0.523444	0.523383	0.523221	0.52329	0.523725	0.524328	0.52496	0.525769	0.526544	0.527308	0.528004	0.528656	0.529307	0.529957	0.530673	0.531408	0.532126	0.53271	0.533026	0.532965	0.532491	0.531672	0.530638	0.529536	0.528484	0.52756	0.526799	0.526209	0.525777	0.525483	0.525304	0.525218	0.525207	0.525258	0.525362	0.525518	0.525728	0.525998	
0.52607	0.526457	0.526936	0.527513	0.528188	0.52894	0.529726	0.530464	0.531038	0.531306	0.531166	0.530605	0.529758	0.528842	0.52808	0.527579	0.527291	0.527029	0.526538	0.525613	0.524194	0.522498	0.521035	0.520365	0.520704	0.521686	0.522548	0.522918	0.522577	0.521973	0.521579	0.521633	0.521878	0.522204	0.522841	0.5235	0.524251	0.524998	0.52578	0.526611	0.527476	0.528438	0.52948	0.530601	0.531684	0.532554	0.533022	0.53296	0.532382	0.531423	0.530278	0.529116	0.528059	0.527167	0.526462	0.525938	0.525574	0.525345	0.525227	0.525198	0.525244	0.525354	0.525527	0.525763	0.52607	
0.526153	0.526586	0.527121	0.527758	0.528493	0.529292	0.530092	0.530782	0.531209	0.531204	0.530683	0.529699	0.528486	0.527357	0.526563	0.526168	0.526025	0.525842	0.525292	0.524171	0.522507	0.520711	0.519497	0.519469	0.520585	0.522121	0.523128	0.523369	0.522763	0.521838	0.521007	0.520534	0.520212	0.520032	0.520293	0.520649	0.521253	0.521971	0.522844	0.523822	0.524844	0.525945	0.527156	0.528546	0.530034	0.531438	0.532503	0.532991	0.532811	0.532056	0.530951	0.52973	0.528564	0.527552	0.526736	0.526119	0.525683	0.525402	0.525249	0.525201	0.525241	0.525357	0.525546	0.525809	0.526153	
0.526245	0.52672	0.527302	0.52799	0.528768	0.52959	0.530372	0.530967	0.531193	0.530874	0.529967	0.528619	0.527176	0.526018	0.525383	0.525256	0.525365	0.525308	0.524721	0.523442	0.521633	0.519932	0.519214	0.519982	0.521816	0.523683	0.524644	0.524632	0.52382	0.522859	0.521846	0.520879	0.519946	0.51923	0.518982	0.518886	0.51921	0.519789	0.52065	0.521674	0.522731	0.523811	0.524998	0.526443	0.528135	0.529926	0.531527	0.5326	0.532919	0.532483	0.531512	0.530289	0.529049	0.527938	0.527021	0.526316	0.52581	0.525478	0.525291	0.525224	0.525257	0.525377	0.525581	0.525868	0.526245	
0.526339	0.526851	0.527473	0.528199	0.529005	0.529829	0.530565	0.531041	0.531053	0.530441	0.529225	0.527652	0.526159	0.525149	0.524816	0.525042	0.525426	0.525465	0.524802	0.52338	0.521536	0.520141	0.520134	0.52175	0.524152	0.52615	0.526954	0.526618	0.525629	0.524862	0.524022	0.522812	0.521487	0.52042	0.519663	0.519038	0.51895	0.519187	0.519798	0.520671	0.521587	0.522473	0.523457	0.524756	0.52644	0.528412	0.530382	0.531951	0.532767	0.532707	0.531937	0.530767	0.529491	0.528302	0.527298	0.526513	0.525941	0.52556	0.52534	0.525253	0.52528	0.525404	0.525622	0.525932	0.526339	
0.526434	0.526975	0.527627	0.528378	0.529195	0.530005	0.530683	0.531038	0.530868	0.530039	0.52864	0.526998	0.525593	0.524819	0.524806	0.525335	0.525903	0.525945	0.525148	0.523612	0.521884	0.521018	0.521913	0.524381	0.527189	0.5292	0.52985	0.529222	0.528039	0.527476	0.527068	0.526061	0.524811	0.5237	0.522534	0.521394	0.520786	0.520383	0.520374	0.520852	0.521458	0.522006	0.522651	0.523672	0.525208	0.5272	0.529367	0.531282	0.532506	0.532798	0.532247	0.531161	0.529877	0.528633	0.527559	0.526706	0.526077	0.525651	0.5254	0.525296	0.525316	0.525444	0.525673	0.526002	0.526434	
0.526524	0.527088	0.527762	0.528529	0.529348	0.530137	0.530761	0.531025	0.530736	0.529795	0.528336	0.526728	0.525456	0.524877	0.525062	0.525725	0.526325	0.526305	0.525425	0.523928	0.522539	0.522401	0.524223	0.527357	0.530307	0.532146	0.532639	0.531849	0.530495	0.530014	0.530159	0.529799	0.529078	0.528234	0.526864	0.525374	0.524269	0.522983	0.521993	0.521876	0.5221	0.522264	0.522532	0.52322	0.524532	0.526446	0.528695	0.530824	0.532328	0.532881	0.532507	0.531498	0.530214	0.528928	0.527796	0.526884	0.526204	0.525739	0.525461	0.525341	0.525355	0.525486	0.525726	0.526071	0.526524	
0.52661	0.52719	0.527877	0.52865	0.529464	0.530232	0.530817	0.531029	0.530686	0.529712	0.528256	0.526686	0.525458	0.52489	0.525023	0.52557	0.526049	0.526004	0.525283	0.524177	0.523449	0.524127	0.526595	0.529904	0.532568	0.533961	0.534171	0.533303	0.531969	0.531576	0.532165	0.532457	0.532344	0.532049	0.531	0.529635	0.528339	0.526235	0.524124	0.523292	0.523164	0.522985	0.522802	0.523049	0.524087	0.525926	0.528266	0.530582	0.532291	0.533014	0.532748	0.531785	0.530498	0.529181	0.528004	0.527046	0.526325	0.525828	0.525527	0.525394	0.525404	0.525537	0.525784	0.526141	0.52661	
0.526689	0.52728	0.527975	0.52875	0.529558	0.53031	0.530873	0.531065	0.530717	0.529752	0.528306	0.52672	0.525419	0.524688	0.524571	0.524843	0.525156	0.52522	0.524962	0.524584	0.524658	0.525923	0.528462	0.531334	0.533373	0.534217	0.533939	0.532881	0.531893	0.531732	0.532327	0.532789	0.533047	0.533533	0.533455	0.532946	0.532053	0.529514	0.526389	0.524738	0.524287	0.523704	0.522819	0.522459	0.52325	0.525184	0.527812	0.530445	0.532385	0.533236	0.53302	0.532063	0.530757	0.529405	0.528186	0.527188	0.526432	0.525908	0.525589	0.525445	0.525451	0.525586	0.525841	0.526208	0.526689	
0.526763	0.527359	0.528056	0.528827	0.529626	0.530366	0.530919	0.531114	0.530787	0.529849	0.528396	0.52672	0.52523	0.524231	0.523805	0.523802	0.524001	0.524273	0.524646	0.525159	0.525991	0.527485	0.529569	0.53159	0.532881	0.533248	0.532352	0.530857	0.53035	0.530582	0.530873	0.531064	0.53148	0.532848	0.533975	0.534613	0.534606	0.532199	0.528424	0.526011	0.525141	0.524001	0.522301	0.52128	0.521855	0.524026	0.527119	0.530192	0.532408	0.533387	0.533215	0.532263	0.530947	0.529575	0.52833	0.527305	0.526525	0.525982	0.525651	0.5255	0.525504	0.525641	0.525901	0.526275	0.526763	
0.526831	0.527431	0.528127	0.528893	0.529683	0.530413	0.530963	0.531172	0.530877	0.529974	0.52851	0.526713	0.524975	0.523663	0.522978	0.522865	0.523138	0.523683	0.524554	0.52571	0.527033	0.528547	0.530169	0.53152	0.532163	0.531976	0.530378	0.52835	0.527984	0.528679	0.528911	0.528556	0.528661	0.530122	0.531646	0.53335	0.534976	0.533648	0.530057	0.527382	0.525959	0.524092	0.521732	0.520201	0.520591	0.522937	0.526422	0.529887	0.532366	0.533486	0.533369	0.532431	0.531107	0.529717	0.528449	0.527402	0.526603	0.526046	0.525705	0.52555	0.525553	0.525694	0.525958	0.526339	0.526831	
0.526896	0.527494	0.528185	0.528942	0.529721	0.53044	0.530989	0.531213	0.530955	0.530093	0.528629	0.52672	0.524716	0.523045	0.522067	0.521915	0.522476	0.523518	0.524882	0.526375	0.527799	0.52921	0.530731	0.532001	0.532297	0.531273	0.528813	0.526431	0.525977	0.52709	0.527855	0.527494	0.527189	0.527525	0.527901	0.52952	0.532771	0.533674	0.531504	0.529347	0.52746	0.524876	0.522011	0.520135	0.520335	0.522614	0.526141	0.529696	0.532266	0.533464	0.5334	0.532492	0.53118	0.529792	0.52852	0.527466	0.526661	0.5261	0.525756	0.525601	0.525606	0.52575	0.526018	0.526402	0.526896	
0.526957	0.527553	0.528238	0.528985	0.529751	0.530459	0.531004	0.531238	0.531005	0.530173	0.528709	0.526712	0.524483	0.52247	0.521168	0.520927	0.521813	0.523531	0.525573	0.527395	0.528752	0.529981	0.531487	0.532787	0.532701	0.53063	0.527358	0.525238	0.525432	0.526959	0.528253	0.528567	0.528389	0.527764	0.526745	0.52685	0.529776	0.532762	0.532979	0.531811	0.529833	0.526779	0.523395	0.521093	0.520975	0.522999	0.526317	0.529738	0.53226	0.533469	0.53343	0.53254	0.531235	0.529847	0.528571	0.527514	0.526705	0.526143	0.5258	0.525647	0.525655	0.525803	0.526075	0.526462	0.526957	
0.527017	0.527608	0.528284	0.529017	0.529767	0.530459	0.530993	0.531227	0.531008	0.530197	0.528739	0.526693	0.524317	0.522062	0.520499	0.520144	0.521246	0.523567	0.526394	0.528871	0.530532	0.53161	0.532476	0.532806	0.531674	0.528801	0.525685	0.525231	0.527101	0.528731	0.529418	0.529491	0.529127	0.528137	0.526812	0.525987	0.527528	0.530972	0.53302	0.532894	0.531348	0.528374	0.524734	0.522099	0.521725	0.523553	0.526685	0.529944	0.532355	0.5335	0.533433	0.532535	0.531231	0.529848	0.528579	0.527529	0.526728	0.526173	0.525837	0.525691	0.525706	0.525858	0.526134	0.526523	0.527017	
0.527074	0.52766	0.528326	0.529046	0.529778	0.530451	0.530968	0.531192	0.530971	0.530166	0.528707	0.52663	0.524173	0.521784	0.520077	0.519667	0.520924	0.523706	0.527307	0.53076	0.53324	0.53438	0.534133	0.532614	0.530098	0.52712	0.525174	0.526628	0.529542	0.530682	0.530341	0.529615	0.528627	0.527117	0.525751	0.524777	0.525543	0.528599	0.53114	0.531485	0.530305	0.527897	0.524764	0.522378	0.522072	0.523902	0.526997	0.53019	0.532517	0.533582	0.533455	0.532528	0.531212	0.529829	0.528567	0.527527	0.526737	0.526193	0.525867	0.52573	0.525752	0.525912	0.526192	0.526582	0.527074	
0.527131	0.52771	0.528364	0.529068	0.529779	0.530428	0.53092	0.531121	0.530884	0.53007	0.52861	0.526534	0.524076	0.521686	0.519997	0.519654	0.521055	0.524101	0.528146	0.532257	0.535437	0.536881	0.536127	0.533371	0.529805	0.526968	0.526227	0.528384	0.530713	0.530946	0.53015	0.529303	0.528097	0.526296	0.524769	0.523682	0.524191	0.526785	0.528967	0.529117	0.527843	0.525824	0.523555	0.522037	0.522295	0.524371	0.527491	0.530587	0.532771	0.533698	0.533469	0.532487	0.53115	0.529768	0.528518	0.527496	0.526726	0.5262	0.525891	0.525767	0.525799	0.525966	0.52625	0.526641	0.527131	
0.527185	0.527757	0.528399	0.529086	0.529775	0.530398	0.530861	0.531033	0.530771	0.529944	0.528485	0.526432	0.524026	0.521724	0.520155	0.519938	0.521424	0.524472	0.528458	0.532526	0.535722	0.537207	0.536528	0.533913	0.530577	0.528329	0.528347	0.529996	0.530839	0.530134	0.529004	0.527969	0.526785	0.525312	0.524	0.523242	0.524125	0.526464	0.527976	0.527532	0.525791	0.523673	0.52198	0.521448	0.522538	0.525013	0.528157	0.531068	0.53303	0.53378	0.533438	0.532399	0.531045	0.529669	0.528439	0.527443	0.526698	0.526196	0.525907	0.525799	0.525843	0.526018	0.526307	0.526699	0.527185	
0.52724	0.527803	0.528433	0.529101	0.529766	0.53036	0.530788	0.530922	0.530626	0.529774	0.528313	0.526298	0.523986	0.521843	0.520487	0.520499	0.522163	0.525258	0.529061	0.532606	0.534935	0.535544	0.534535	0.532615	0.530926	0.530435	0.530786	0.530909	0.530323	0.529225	0.527944	0.52674	0.525775	0.524813	0.523911	0.523799	0.525347	0.527475	0.528031	0.526622	0.52426	0.522024	0.520716	0.520901	0.522685	0.525585	0.52883	0.531606	0.533345	0.533886	0.533398	0.532284	0.530904	0.529535	0.528332	0.527368	0.526656	0.526183	0.525918	0.525829	0.525887	0.526071	0.526364	0.526757	0.52724	
0.527291	0.527846	0.528461	0.529111	0.529753	0.530317	0.530711	0.530809	0.530478	0.529605	0.528148	0.526185	0.523987	0.522022	0.520887	0.521125	0.523008	0.526305	0.530133	0.533096	0.534092	0.533132	0.531268	0.529903	0.52986	0.531077	0.531863	0.531082	0.529793	0.528692	0.527618	0.526684	0.526007	0.525353	0.524856	0.52531	0.526995	0.528303	0.527904	0.526041	0.523574	0.521527	0.520586	0.521169	0.523274	0.526339	0.529568	0.532171	0.533657	0.533957	0.533299	0.532099	0.5307	0.52935	0.528185	0.527265	0.526595	0.526158	0.525922	0.525855	0.525928	0.526122	0.52642	0.526813	0.527291	
0.527341	0.527887	0.528489	0.529121	0.52974	0.530275	0.530635	0.530694	0.530326	0.529428	0.527979	0.526081	0.524029	0.522283	0.521385	0.521792	0.523761	0.52714	0.530962	0.533481	0.53346	0.531265	0.52877	0.527863	0.528711	0.530372	0.531372	0.530662	0.529119	0.527975	0.527298	0.526972	0.526609	0.526036	0.52581	0.526673	0.528071	0.528312	0.527306	0.525635	0.523633	0.521988	0.521428	0.52234	0.52458	0.527539	0.530484	0.532737	0.533893	0.533937	0.533125	0.531858	0.530454	0.529136	0.528019	0.52715	0.526527	0.52613	0.525925	0.52588	0.525969	0.526173	0.526475	0.526868	0.527341	
0.527387	0.527923	0.528511	0.529124	0.529721	0.530231	0.530562	0.53059	0.530196	0.529286	0.527856	0.526039	0.524143	0.522608	0.521887	0.522319	0.524108	0.527217	0.53087	0.533387	0.533409	0.531092	0.52831	0.527242	0.527966	0.529125	0.529979	0.529635	0.528142	0.526994	0.526889	0.527415	0.527392	0.526731	0.526413	0.527212	0.528076	0.527602	0.526486	0.525222	0.523696	0.522371	0.522098	0.523332	0.525812	0.528781	0.531482	0.533348	0.534111	0.533848	0.532866	0.531534	0.53014	0.528869	0.527815	0.527009	0.526443	0.526092	0.525922	0.525904	0.52601	0.526223	0.526529	0.52692	0.527387	
0.52743	0.527955	0.52853	0.529128	0.529706	0.530196	0.530504	0.53051	0.530097	0.529179	0.527768	0.526019	0.524251	0.522884	0.5223	0.522742	0.524343	0.527104	0.530536	0.533349	0.5342	0.532723	0.530012	0.528183	0.527797	0.52775	0.527989	0.528006	0.527246	0.526651	0.526933	0.527902	0.528046	0.527124	0.526503	0.526732	0.526867	0.526161	0.525376	0.524575	0.523384	0.522448	0.522668	0.524319	0.527024	0.529969	0.532407	0.533873	0.534239	0.533686	0.53255	0.531174	0.529803	0.528591	0.527607	0.526868	0.526361	0.526057	0.525922	0.525928	0.526051	0.526273	0.526581	0.52697	0.52743	
0.527468	0.527981	0.528541	0.529123	0.529684	0.530158	0.530452	0.530449	0.530031	0.529118	0.527725	0.526014	0.524312	0.523037	0.52256	0.523098	0.52472	0.527339	0.530523	0.533374	0.534821	0.534356	0.532365	0.53027	0.528863	0.527529	0.526593	0.526165	0.525971	0.526176	0.526475	0.527191	0.527353	0.526462	0.525694	0.525285	0.524919	0.524268	0.523781	0.523479	0.522957	0.522782	0.523711	0.525813	0.528614	0.531341	0.53334	0.534294	0.534219	0.533381	0.532119	0.530728	0.529406	0.528272	0.527373	0.526713	0.526271	0.526019	0.525922	0.525955	0.526093	0.526323	0.526632	0.527016	0.527468	
0.527501	0.528001	0.528548	0.529116	0.529665	0.530131	0.530425	0.530429	0.530027	0.529134	0.527757	0.526047	0.524328	0.523026	0.522546	0.523131	0.524814	0.527397	0.530369	0.533009	0.534535	0.534595	0.533419	0.531871	0.530378	0.528556	0.526916	0.525671	0.524832	0.524609	0.524528	0.524878	0.525065	0.524717	0.524151	0.523555	0.523133	0.522599	0.522423	0.522804	0.523375	0.52411	0.525492	0.527657	0.530205	0.532497	0.533982	0.534448	0.534006	0.532961	0.531629	0.530257	0.529006	0.52796	0.52715	0.526568	0.526191	0.525987	0.525926	0.525983	0.526135	0.526371	0.52668	0.527058	0.527501	
0.527527	0.528013	0.528543	0.529097	0.529636	0.530098	0.530399	0.530425	0.53006	0.529212	0.527873	0.52617	0.524401	0.522999	0.522411	0.522932	0.524582	0.527069	0.529814	0.532196	0.533664	0.533992	0.533435	0.532616	0.531499	0.529851	0.528519	0.52717	0.525275	0.523281	0.522353	0.52289	0.523376	0.523601	0.523418	0.523037	0.522761	0.522319	0.522341	0.523192	0.524542	0.525934	0.527562	0.529571	0.531666	0.533376	0.534288	0.534296	0.533564	0.532385	0.531039	0.529726	0.528571	0.527631	0.52692	0.526423	0.526114	0.525962	0.525937	0.526016	0.526181	0.526421	0.526727	0.527097	0.527527	
0.527547	0.528017	0.528531	0.529071	0.529602	0.530067	0.530387	0.530453	0.53015	0.529383	0.528122	0.526462	0.52466	0.523129	0.522338	0.522628	0.524026	0.526198	0.528602	0.530796	0.532413	0.533248	0.533445	0.533326	0.532685	0.531727	0.53141	0.530685	0.528277	0.524622	0.52272	0.523471	0.524215	0.524559	0.524533	0.524303	0.524063	0.523626	0.523709	0.524726	0.526252	0.527811	0.529438	0.531184	0.532796	0.533935	0.534322	0.533942	0.532996	0.531748	0.530432	0.529205	0.528158	0.527327	0.526714	0.526298	0.526052	0.525946	0.525953	0.526052	0.526227	0.526468	0.52677	0.52713	0.527547	
0.52756	0.528011	0.528507	0.52903	0.529552	0.530019	0.53036	0.530473	0.530247	0.529582	0.528434	0.526863	0.525083	0.523468	0.522472	0.522462	0.523487	0.52523	0.527247	0.529297	0.53118	0.532655	0.53367	0.534299	0.534415	0.534459	0.535047	0.534978	0.532669	0.528337	0.525852	0.526412	0.527113	0.527256	0.52701	0.526657	0.526194	0.525584	0.525677	0.526759	0.528237	0.529691	0.531099	0.532455	0.533526	0.534105	0.534026	0.533347	0.532271	0.53102	0.529779	0.528667	0.527746	0.527033	0.526521	0.526187	0.526004	0.525943	0.52598	0.526096	0.526278	0.526519	0.526812	0.52716	0.52756	
0.527565	0.527996	0.528472	0.528978	0.52949	0.529961	0.530326	0.530493	0.530356	0.529814	0.528809	0.527373	0.525672	0.524031	0.522871	0.522569	0.523222	0.524575	0.526236	0.528062	0.530021	0.531935	0.533616	0.534984	0.535934	0.536697	0.537546	0.537759	0.53597	0.532073	0.529726	0.529995	0.530537	0.530515	0.529853	0.529044	0.528156	0.527348	0.527418	0.528507	0.529907	0.531169	0.532268	0.533212	0.533792	0.533899	0.533466	0.532599	0.531478	0.530282	0.529151	0.528168	0.527375	0.526776	0.526359	0.5261	0.525972	0.52595	0.526011	0.526141	0.526327	0.526564	0.526849	0.527182	0.527565	
0.527565	0.527973	0.528425	0.528911	0.529409	0.52988	0.530265	0.530483	0.530434	0.530018	0.529168	0.527886	0.526296	0.524668	0.523379	0.522814	0.523143	0.52421	0.525629	0.527203	0.528978	0.530957	0.532991	0.534869	0.5363	0.53722	0.537826	0.538024	0.536907	0.534192	0.532588	0.532848	0.533371	0.533242	0.532193	0.530843	0.529564	0.528674	0.528724	0.529736	0.530985	0.532016	0.532786	0.533345	0.533534	0.533305	0.532663	0.53172	0.530632	0.529537	0.52854	0.527698	0.527036	0.52655	0.526226	0.526037	0.525961	0.525974	0.526057	0.526197	0.526384	0.526615	0.526887	0.527203	0.527564	
0.527555	0.527939	0.528367	0.528831	0.529313	0.529781	0.530185	0.53045	0.530489	0.530201	0.529513	0.528402	0.526947	0.52536	0.523968	0.523144	0.523131	0.523905	0.525133	0.526518	0.528032	0.529793	0.531801	0.533804	0.535298	0.536032	0.536294	0.53641	0.535882	0.53444	0.533863	0.534481	0.535101	0.534858	0.533544	0.531879	0.530447	0.529647	0.52975	0.530601	0.531564	0.5323	0.532772	0.533012	0.532923	0.532491	0.531755	0.530821	0.529817	0.528849	0.527994	0.52729	0.526751	0.526368	0.526124	0.525997	0.525964	0.526005	0.526105	0.526251	0.526437	0.526659	0.526918	0.527215	0.527555	
0.527543	0.5279	0.528301	0.528738	0.529201	0.529661	0.530075	0.530382	0.530499	0.530334	0.529806	0.528875	0.527573	0.526054	0.524582	0.5235	0.523092	0.523465	0.52442	0.525654	0.527001	0.528528	0.530308	0.532148	0.533507	0.534044	0.534024	0.533946	0.533804	0.533441	0.533804	0.534814	0.53544	0.535017	0.533603	0.531981	0.530731	0.53019	0.530411	0.531105	0.531749	0.532186	0.532405	0.532401	0.532128	0.531585	0.530829	0.52995	0.529056	0.528224	0.527511	0.52694	0.526516	0.526227	0.526057	0.525984	0.525989	0.526054	0.526166	0.526316	0.526497	0.526708	0.52695	0.527227	0.527543	
0.527523	0.527853	0.528224	0.528634	0.529074	0.529522	0.529943	0.530283	0.530472	0.530425	0.530057	0.529314	0.52819	0.526782	0.525286	0.523991	0.523182	0.52306	0.52358	0.524542	0.525725	0.527079	0.528634	0.530251	0.531494	0.531985	0.531783	0.531384	0.531378	0.531782	0.532765	0.533911	0.534342	0.53372	0.532412	0.53115	0.530366	0.530208	0.530585	0.531171	0.531579	0.531796	0.531826	0.531658	0.531272	0.530682	0.529951	0.529157	0.528383	0.527687	0.527107	0.526656	0.526334	0.526127	0.526019	0.52599	0.526025	0.526108	0.526227	0.526377	0.526551	0.52675	0.526976	0.527232	0.527523	
0.527501	0.527802	0.528143	0.528522	0.528935	0.529365	0.529784	0.530149	0.530398	0.530457	0.530243	0.529691	0.52877	0.527523	0.526076	0.524656	0.523514	0.522889	0.52286	0.523366	0.524232	0.525346	0.526663	0.52807	0.529264	0.529862	0.529685	0.529058	0.529009	0.529813	0.531035	0.532004	0.532116	0.531405	0.530414	0.529699	0.529482	0.529725	0.530263	0.530803	0.531092	0.53119	0.531106	0.530845	0.530403	0.529815	0.529141	0.528448	0.527799	0.527234	0.526778	0.526436	0.526204	0.526067	0.526012	0.526021	0.52608	0.526175	0.526299	0.526445	0.526611	0.526796	0.527003	0.527236	0.527501	
0.527473	0.527744	0.528054	0.528401	0.528785	0.529193	0.529604	0.529983	0.530281	0.530432	0.530362	0.530001	0.5293	0.528261	0.52695	0.525527	0.524187	0.523159	0.522586	0.522526	0.522894	0.523598	0.524552	0.525662	0.526739	0.527465	0.527535	0.527016	0.526942	0.527808	0.528925	0.529526	0.529365	0.528758	0.528231	0.528095	0.528386	0.528945	0.5296	0.530125	0.53038	0.530434	0.530299	0.530003	0.529557	0.529012	0.52842	0.527839	0.527312	0.526869	0.526522	0.526274	0.526117	0.526038	0.526025	0.526063	0.526139	0.526242	0.526367	0.526508	0.526664	0.526834	0.527023	0.527234	0.527473	
0.527445	0.527686	0.527963	0.528277	0.528629	0.529009	0.529404	0.529787	0.530117	0.530343	0.530398	0.530215	0.529736	0.528939	0.527837	0.52653	0.525153	0.523895	0.52291	0.522318	0.522128	0.522303	0.522764	0.523446	0.524227	0.52493	0.525284	0.525169	0.525246	0.525966	0.526749	0.526987	0.52675	0.526434	0.526411	0.526763	0.5274	0.528136	0.528834	0.529338	0.52958	0.529619	0.52947	0.529179	0.528768	0.528294	0.527799	0.527331	0.52692	0.526585	0.526335	0.526167	0.526074	0.526043	0.526064	0.526123	0.526211	0.526319	0.526442	0.526576	0.52672	0.526875	0.527044	0.527232	0.527444	
0.527411	0.527624	0.527869	0.528149	0.528467	0.528816	0.529189	0.529565	0.529914	0.530193	0.53035	0.530324	0.530055	0.529506	0.528662	0.527569	0.526306	0.525013	0.523821	0.522863	0.522204	0.521868	0.521813	0.522012	0.52238	0.522874	0.523327	0.523602	0.523909	0.52443	0.524864	0.524918	0.52483	0.524896	0.525294	0.52595	0.526742	0.527512	0.52817	0.528615	0.528828	0.528849	0.528702	0.528438	0.528081	0.527689	0.527292	0.526929	0.526619	0.526378	0.526207	0.526104	0.526061	0.526067	0.526112	0.526186	0.526282	0.526391	0.526509	0.526635	0.526767	0.526907	0.527058	0.527223	0.527411	
0.527378	0.527562	0.527776	0.528022	0.528304	0.528619	0.528963	0.529321	0.529673	0.529985	0.530215	0.530315	0.530228	0.529913	0.529338	0.528513	0.527473	0.526311	0.52512	0.524019	0.523091	0.522395	0.521939	0.521726	0.521704	0.521903	0.522234	0.522642	0.523053	0.52341	0.52365	0.523733	0.523898	0.524282	0.524911	0.525666	0.526447	0.527139	0.52769	0.528041	0.528199	0.528192	0.52805	0.527816	0.52752	0.527205	0.526898	0.526627	0.526405	0.526241	0.526135	0.526083	0.526079	0.526113	0.526176	0.526261	0.526359	0.526466	0.526579	0.526695	0.526815	0.526939	0.527071	0.527215	0.527378	
0.527341	0.527499	0.527682	0.527894	0.528141	0.52842	0.528731	0.529064	0.529405	0.52973	0.530007	0.530197	0.530255	0.530139	0.52981	0.529264	0.5285	0.527574	0.526543	0.5255	0.524521	0.523675	0.523001	0.522526	0.522234	0.522171	0.522285	0.522586	0.522928	0.52317	0.523362	0.523565	0.52392	0.524449	0.52511	0.525801	0.526458	0.526999	0.527404	0.52764	0.527725	0.527682	0.527539	0.527334	0.52709	0.526842	0.52661	0.526414	0.526261	0.526157	0.526101	0.526088	0.526113	0.526166	0.526241	0.52633	0.526429	0.526532	0.526638	0.526745	0.526852	0.526962	0.527077	0.527202	0.527341	
0.527305	0.527437	0.527592	0.527771	0.527982	0.528224	0.528499	0.5288	0.529119	0.529438	0.529736	0.529983	0.530141	0.530179	0.530055	0.529757	0.529268	0.528618	0.527831	0.526975	0.526108	0.525293	0.524582	0.524009	0.523587	0.523354	0.523279	0.523391	0.523579	0.523737	0.523923	0.52419	0.524586	0.525085	0.525637	0.52617	0.526644	0.527007	0.527257	0.527375	0.527386	0.527305	0.52716	0.526977	0.526778	0.526585	0.526414	0.526277	0.526178	0.526121	0.526103	0.526119	0.526163	0.526229	0.526311	0.526402	0.526499	0.526597	0.526695	0.526792	0.526887	0.526983	0.527082	0.527187	0.527305	
0.527265	0.527374	0.527502	0.527651	0.527828	0.528033	0.528271	0.528536	0.528825	0.529126	0.529423	0.529695	0.529916	0.530057	0.530086	0.529986	0.529733	0.529341	0.528815	0.528198	0.527529	0.526856	0.52623	0.525683	0.525241	0.524933	0.524745	0.524704	0.524748	0.524829	0.524973	0.525205	0.52552	0.525888	0.526268	0.52661	0.526893	0.527084	0.527191	0.527205	0.527151	0.527038	0.526891	0.526726	0.526562	0.526412	0.526287	0.526195	0.526137	0.526113	0.526122	0.526157	0.526215	0.526288	0.526373	0.526464	0.526557	0.526649	0.52674	0.526827	0.526911	0.526994	0.527079	0.527167	0.527265	
0.527225	0.527313	0.527416	0.527537	0.527682	0.527852	0.528052	0.528279	0.528532	0.528804	0.529084	0.529358	0.529606	0.529808	0.529936	0.529976	0.529904	0.529723	0.529425	0.529039	0.528583	0.528095	0.527611	0.527159	0.526767	0.526456	0.526227	0.526099	0.526043	0.526046	0.526111	0.526246	0.526429	0.526636	0.526837	0.526999	0.527114	0.527162	0.527155	0.527088	0.526984	0.52685	0.526703	0.526555	0.52642	0.526304	0.526215	0.526156	0.526128	0.526129	0.526156	0.526205	0.52627	0.526348	0.526433	0.526521	0.526609	0.526695	0.526778	0.526856	0.52693	0.527002	0.527073	0.527145	0.527225	
0.527181	0.527251	0.527332	0.527428	0.527544	0.527681	0.527845	0.528034	0.528249	0.528486	0.528739	0.528997	0.529246	0.529472	0.529655	0.529782	0.529831	0.529802	0.52968	0.529484	0.529216	0.528904	0.52857	0.528235	0.527925	0.527652	0.527426	0.527263	0.527148	0.527084	0.527065	0.527093	0.527146	0.527207	0.527256	0.527274	0.527259	0.5272	0.527112	0.526991	0.526856	0.52671	0.526569	0.526438	0.526325	0.526236	0.526174	0.52614	0.526133	0.526151	0.52619	0.526247	0.526317	0.526395	0.526479	0.526563	0.526647	0.526727	0.526802	0.526872	0.526938	0.526999	0.527059	0.527118	0.527181	
0.527136	0.527189	0.527252	0.527324	0.527414	0.527521	0.527652	0.527804	0.527982	0.528181	0.5284	0.52863	0.528863	0.529089	0.529292	0.529462	0.529582	0.529648	0.529646	0.529586	0.529462	0.529294	0.52909	0.528867	0.528641	0.528425	0.528226	0.528058	0.527915	0.527805	0.52772	0.527661	0.527612	0.527562	0.527502	0.527419	0.527317	0.527191	0.527052	0.526901	0.526751	0.526605	0.526472	0.526357	0.526265	0.526197	0.526156	0.526139	0.526148	0.526177	0.526224	0.526286	0.526357	0.526435	0.526516	0.526596	0.526675	0.526749	0.526818	0.52688	0.526938	0.52699	0.527039	0.527086	0.527136	
0.527087	0.527126	0.527173	0.527226	0.527293	0.527373	0.527474	0.527593	0.527735	0.527897	0.52808	0.528277	0.528484	0.528692	0.528891	0.529074	0.529225	0.529343	0.529412	0.529438	0.529412	0.529346	0.529241	0.529109	0.528958	0.528798	0.528635	0.52848	0.528331	0.528196	0.528069	0.527953	0.527837	0.527716	0.527586	0.527443	0.527291	0.527129	0.526967	0.526805	0.526653	0.526514	0.526394	0.526294	0.526219	0.526169	0.526143	0.52614	0.526158	0.526195	0.526247	0.526311	0.526382	0.526458	0.526536	0.526613	0.526686	0.526755	0.526818	0.526875	0.526926	0.52697	0.527012	0.527049	0.527087	
0.527035	0.527063	0.527095	0.527132	0.52718	0.527237	0.527312	0.527401	0.527511	0.527638	0.527786	0.527948	0.528123	0.528305	0.528487	0.528662	0.52882	0.528957	0.52906	0.529134	0.529166	0.529165	0.529127	0.529061	0.528969	0.528857	0.528731	0.528596	0.528455	0.528314	0.528169	0.528024	0.527874	0.527717	0.527553	0.527382	0.52721	0.527035	0.526868	0.526708	0.526564	0.526436	0.52633	0.526245	0.526185	0.526148	0.526133	0.52614	0.526165	0.526207	0.526261	0.526325	0.526395	0.526469	0.526543	0.526616	0.526685	0.52675	0.526808	0.526859	0.526905	0.526943	0.526977	0.527006	0.527035	
0.526978	0.526997	0.527018	0.527041	0.527073	0.527112	0.527165	0.527229	0.527311	0.527408	0.527523	0.527652	0.527796	0.527948	0.528105	0.528262	0.528411	0.528547	0.528662	0.528756	0.528818	0.528855	0.528858	0.528835	0.528783	0.528709	0.528614	0.528503	0.528377	0.528241	0.528096	0.527943	0.527782	0.527614	0.527441	0.527265	0.52709	0.526919	0.526758	0.526609	0.526477	0.526363	0.52627	0.526199	0.526151	0.526124	0.526118	0.526131	0.52616	0.526204	0.526259	0.526322	0.526391	0.526462	0.526533	0.526603	0.526668	0.526729	0.526783	0.526831	0.526872	0.526905	0.526934	0.526957	0.526978	
0.526917	0.526928	0.526941	0.526954	0.526973	0.526996	0.527032	0.527075	0.527135	0.527206	0.527294	0.527394	0.527509	0.527633	0.527765	0.527899	0.528031	0.528158	0.52827	0.528368	0.528442	0.528497	0.528523	0.528527	0.528503	0.528457	0.528386	0.528297	0.528189	0.528067	0.527932	0.527785	0.527629	0.527466	0.527299	0.52713	0.526964	0.526805	0.526656	0.52652	0.526402	0.526301	0.52622	0.52616	0.52612	0.5261	0.526099	0.526115	0.526146	0.526191	0.526244	0.526306	0.526372	0.526441	0.526509	0.526575	0.526638	0.526695	0.526746	0.526791	0.526828	0.526858	0.526883	0.526901	0.526917	
0.52685	0.526857	0.526863	0.526869	0.526879	0.526891	0.526913	0.526941	0.526983	0.527034	0.527101	0.527178	0.527269	0.527369	0.527478	0.527591	0.527705	0.527817	0.527921	0.528015	0.528092	0.528154	0.528192	0.528211	0.528205	0.528179	0.528128	0.528058	0.527968	0.527862	0.52774	0.527606	0.527463	0.527312	0.527157	0.527001	0.526849	0.526703	0.526568	0.526446	0.526339	0.526248	0.526176	0.526123	0.526088	0.526072	0.526072	0.526089	0.526119	0.526163	0.526214	0.526273	0.526336	0.526402	0.526468	0.526532	0.526592	0.526647	0.526696	0.526738	0.526774	0.526802	0.526824	0.526838	0.52685	
0.526778	0.526781	0.526784	0.526785	0.526789	0.526794	0.526807	0.526825	0.526855	0.526893	0.526944	0.527004	0.527078	0.52716	0.527251	0.527347	0.527447	0.527546	0.527641	0.527729	0.527805	0.52787	0.527915	0.527944	0.52795	0.527937	0.527902	0.527848	0.527774	0.527684	0.527577	0.527458	0.527329	0.527192	0.527051	0.526909	0.52677	0.526637	0.526513	0.5264	0.526301	0.526217	0.526149	0.526098	0.526063	0.526047	0.526045	0.526059	0.526085	0.526125	0.526172	0.526228	0.526287	0.52635	0.526412	0.526474	0.526532	0.526586	0.526633	0.526674	0.526709	0.526735	0.526756	0.526769	0.526778	
