x=200	y=120	z=200	n=65	len=1
b
0.905656	0.905677	0.905583	0.905489	0.905387	0.905286	0.905069	0.904852	0.90463	0.904408	0.904087	0.903765	0.903481	0.903196	0.902891	0.902586	0.902425	0.902264	0.902262	0.90226	0.902485	0.902709	0.903197	0.903686	0.904074	0.904461	0.904771	0.905081	0.904896	0.904712	0.904464	0.904216	0.904202	0.904188	0.904241	0.904293	0.904208	0.904123	0.903928	0.903732	0.903344	0.902956	0.902689	0.902421	0.902342	0.902263	0.90233	0.902397	0.902651	0.902906	0.903152	0.903398	0.90373	0.904063	0.904295	0.904526	0.904785	0.905043	0.905177	0.905312	0.905452	0.905593	0.905614	0.905635	0.905656	
0.905742	0.905756	0.905672	0.905588	0.905489	0.905391	0.905191	0.904992	0.904779	0.904566	0.904259	0.903952	0.903665	0.903377	0.903052	0.902727	0.90251	0.902294	0.902184	0.902074	0.902159	0.902245	0.902569	0.902893	0.903218	0.903543	0.903901	0.90426	0.904232	0.904205	0.904072	0.903939	0.903901	0.903862	0.903863	0.903865	0.903677	0.903489	0.903265	0.90304	0.902728	0.902416	0.902269	0.902121	0.902157	0.902192	0.902339	0.902486	0.902777	0.903068	0.903334	0.9036	0.903923	0.904246	0.904474	0.904703	0.90494	0.905177	0.905306	0.905436	0.905559	0.905683	0.905706	0.905729	0.905742	
0.90581	0.90583	0.905749	0.905668	0.905585	0.905502	0.905314	0.905126	0.904936	0.904745	0.904451	0.904157	0.903887	0.903617	0.903285	0.902953	0.902719	0.902485	0.902308	0.90213	0.902128	0.902126	0.902307	0.902487	0.902711	0.902934	0.90322	0.903505	0.903514	0.903523	0.903455	0.903388	0.903353	0.903319	0.903293	0.903267	0.903084	0.902901	0.902735	0.902568	0.90237	0.902172	0.902122	0.902072	0.902188	0.902303	0.902483	0.902664	0.902974	0.903283	0.90354	0.903796	0.904111	0.904426	0.904633	0.90484	0.905066	0.905293	0.905406	0.905519	0.905639	0.905759	0.905775	0.905791	0.90581	
0.905878	0.905904	0.905826	0.905748	0.90568	0.905613	0.905437	0.90526	0.905092	0.904924	0.904643	0.904361	0.904109	0.903856	0.903518	0.903179	0.902927	0.902676	0.902431	0.902187	0.902097	0.902007	0.902044	0.902082	0.902203	0.902324	0.902538	0.902751	0.902796	0.902842	0.902839	0.902836	0.902806	0.902776	0.902723	0.90267	0.902492	0.902314	0.902205	0.902097	0.902012	0.901928	0.901976	0.902023	0.902218	0.902414	0.902628	0.902842	0.90317	0.903499	0.903745	0.903992	0.904299	0.904606	0.904791	0.904977	0.905193	0.905409	0.905505	0.905601	0.905718	0.905835	0.905844	0.905853	0.905878	
0.905941	0.90596	0.905892	0.905825	0.905762	0.9057	0.905543	0.905387	0.905234	0.905081	0.904826	0.904571	0.904337	0.904103	0.903784	0.903465	0.903217	0.902969	0.902708	0.902446	0.902315	0.902184	0.902143	0.902103	0.902145	0.902188	0.90232	0.902453	0.902472	0.90249	0.9025	0.90251	0.90248	0.902449	0.902417	0.902386	0.902259	0.902133	0.902096	0.902059	0.902055	0.902051	0.902153	0.902256	0.902477	0.902698	0.902923	0.903148	0.903461	0.903774	0.90401	0.904245	0.904523	0.904801	0.904973	0.905145	0.905335	0.905525	0.905614	0.905702	0.905802	0.905902	0.905912	0.905922	0.905941	
0.906003	0.906016	0.905959	0.905902	0.905844	0.905786	0.90565	0.905513	0.905375	0.905237	0.905008	0.90478	0.904565	0.90435	0.904051	0.903752	0.903507	0.903262	0.902984	0.902705	0.902533	0.902361	0.902242	0.902124	0.902088	0.902052	0.902103	0.902155	0.902147	0.902139	0.902161	0.902183	0.902153	0.902123	0.902112	0.902101	0.902027	0.901953	0.901987	0.902021	0.902098	0.902174	0.902331	0.902488	0.902735	0.902983	0.903219	0.903455	0.903752	0.90405	0.904274	0.904498	0.904748	0.904997	0.905155	0.905313	0.905477	0.905641	0.905722	0.905803	0.905886	0.905969	0.90598	0.905991	0.906003	
0.906037	0.906054	0.906	0.905946	0.905902	0.905858	0.905733	0.905609	0.905494	0.905378	0.905169	0.90496	0.904773	0.904587	0.904307	0.904028	0.903805	0.903583	0.903306	0.90303	0.902854	0.902679	0.902524	0.902369	0.902303	0.902236	0.902231	0.902227	0.9022	0.902173	0.902181	0.90219	0.902163	0.902137	0.902145	0.902153	0.902127	0.902101	0.902167	0.902232	0.902348	0.902464	0.902628	0.902792	0.903044	0.903296	0.903512	0.903729	0.904012	0.904294	0.90449	0.904685	0.904916	0.905148	0.905281	0.905415	0.905567	0.905719	0.905784	0.90585	0.905929	0.906008	0.906014	0.906019	0.906037	
0.90607	0.906092	0.906042	0.905991	0.90596	0.90593	0.905817	0.905704	0.905612	0.90552	0.90533	0.90514	0.904982	0.904823	0.904563	0.904303	0.904103	0.903903	0.903628	0.903354	0.903176	0.902998	0.902806	0.902615	0.902518	0.90242	0.90236	0.902299	0.902253	0.902206	0.902201	0.902197	0.902174	0.902151	0.902177	0.902204	0.902227	0.90225	0.902346	0.902443	0.902598	0.902754	0.902924	0.903095	0.903352	0.903609	0.903806	0.904004	0.904271	0.904538	0.904705	0.904872	0.905085	0.905299	0.905407	0.905516	0.905656	0.905796	0.905847	0.905897	0.905973	0.906048	0.906048	0.906048	0.90607	
0.906098	0.906115	0.906073	0.906031	0.906004	0.905976	0.905881	0.905785	0.905705	0.905625	0.905461	0.905296	0.905159	0.905021	0.90479	0.904558	0.904381	0.904204	0.90395	0.903696	0.90353	0.903365	0.903171	0.902978	0.902876	0.902774	0.902692	0.90261	0.902559	0.902508	0.902495	0.902481	0.902465	0.902449	0.902484	0.902519	0.902564	0.902609	0.902711	0.902813	0.902974	0.903135	0.903298	0.903461	0.903699	0.903937	0.904117	0.904298	0.904534	0.904771	0.904921	0.90507	0.905253	0.905436	0.905533	0.90563	0.905747	0.905864	0.90591	0.905955	0.906016	0.906078	0.90608	0.906081	0.906098	
0.906126	0.906137	0.906104	0.906072	0.906047	0.906023	0.905944	0.905865	0.905798	0.905731	0.905591	0.905452	0.905335	0.905219	0.905016	0.904813	0.904659	0.904505	0.904271	0.904038	0.903885	0.903732	0.903536	0.90334	0.903234	0.903127	0.903024	0.90292	0.902866	0.902811	0.902788	0.902766	0.902757	0.902748	0.902791	0.902833	0.9029	0.902967	0.903076	0.903184	0.90335	0.903516	0.903671	0.903827	0.904047	0.904266	0.904429	0.904592	0.904798	0.905004	0.905136	0.905268	0.905421	0.905574	0.905659	0.905743	0.905837	0.905932	0.905972	0.906013	0.90606	0.906107	0.906111	0.906115	0.906126	
0.906121	0.906136	0.906106	0.906075	0.90606	0.906045	0.905975	0.905904	0.905853	0.905802	0.905678	0.905554	0.90546	0.905366	0.905185	0.905003	0.904874	0.904744	0.904531	0.904319	0.904186	0.904053	0.903867	0.903681	0.903584	0.903487	0.90338	0.903272	0.903224	0.903175	0.903145	0.903116	0.903115	0.903114	0.903149	0.903185	0.903259	0.903332	0.903427	0.903521	0.903681	0.903841	0.903974	0.904106	0.904309	0.904512	0.904647	0.904782	0.904969	0.905157	0.905263	0.905369	0.905509	0.905648	0.905714	0.90578	0.905867	0.905954	0.905984	0.906014	0.90606	0.906106	0.906106	0.906106	0.906121	
0.906116	0.906136	0.906107	0.906078	0.906073	0.906068	0.906006	0.905943	0.905909	0.905874	0.905765	0.905656	0.905585	0.905513	0.905353	0.905192	0.905088	0.904984	0.904792	0.9046	0.904486	0.904373	0.904197	0.904021	0.903935	0.903848	0.903736	0.903624	0.903581	0.903538	0.903502	0.903465	0.903472	0.903479	0.903508	0.903536	0.903617	0.903697	0.903778	0.903858	0.904013	0.904167	0.904276	0.904385	0.904572	0.904758	0.904865	0.904972	0.905141	0.90531	0.905391	0.905471	0.905596	0.905722	0.905769	0.905817	0.905897	0.905977	0.905996	0.906016	0.90606	0.906105	0.906101	0.906097	0.906116	
0.906113	0.906127	0.906105	0.906083	0.906079	0.906075	0.906024	0.905972	0.905945	0.905917	0.905824	0.905731	0.905674	0.905617	0.905477	0.905337	0.905252	0.905167	0.904995	0.904823	0.904729	0.904636	0.904472	0.904308	0.904237	0.904165	0.904054	0.903943	0.903912	0.903881	0.903838	0.903795	0.903812	0.903829	0.903847	0.903864	0.903947	0.90403	0.904095	0.90416	0.904304	0.904448	0.904539	0.904631	0.904796	0.904962	0.905053	0.905144	0.905289	0.905434	0.905504	0.905573	0.905677	0.905781	0.905823	0.905866	0.90593	0.905993	0.906012	0.906032	0.906066	0.9061	0.906099	0.906099	0.906113	
0.90611	0.906119	0.906104	0.906089	0.906085	0.906082	0.906041	0.906001	0.905981	0.905961	0.905884	0.905807	0.905764	0.905721	0.905601	0.905481	0.905415	0.90535	0.905198	0.905046	0.904972	0.904898	0.904746	0.904595	0.904539	0.904482	0.904372	0.904262	0.904243	0.904224	0.904175	0.904126	0.904152	0.904179	0.904185	0.904192	0.904277	0.904363	0.904412	0.904462	0.904595	0.904728	0.904803	0.904877	0.905021	0.905166	0.905241	0.905316	0.905437	0.905558	0.905617	0.905676	0.905758	0.90584	0.905877	0.905915	0.905962	0.906009	0.906028	0.906048	0.906071	0.906095	0.906098	0.906101	0.90611	
0.906075	0.906089	0.906073	0.906058	0.906061	0.906064	0.906027	0.90599	0.905978	0.905966	0.905898	0.905829	0.905797	0.905765	0.905659	0.905553	0.9055	0.905447	0.905313	0.905178	0.905117	0.905056	0.904921	0.904786	0.90474	0.904694	0.904594	0.904494	0.904481	0.904468	0.90442	0.904371	0.904399	0.904427	0.904426	0.904424	0.904502	0.904581	0.904615	0.904649	0.904769	0.904889	0.904944	0.904999	0.905129	0.90526	0.905316	0.905372	0.905483	0.905594	0.905638	0.905681	0.905758	0.905836	0.905863	0.90589	0.905937	0.905984	0.905997	0.906009	0.906035	0.906062	0.906061	0.906061	0.906075	
0.90604	0.906058	0.906043	0.906028	0.906037	0.906045	0.906012	0.905979	0.905975	0.905972	0.905912	0.905852	0.90583	0.905809	0.905717	0.905625	0.905585	0.905544	0.905428	0.905311	0.905262	0.905213	0.905095	0.904978	0.904941	0.904905	0.904815	0.904725	0.904719	0.904712	0.904664	0.904616	0.904646	0.904675	0.904666	0.904656	0.904727	0.904799	0.904818	0.904836	0.904943	0.90505	0.905085	0.905121	0.905237	0.905354	0.905391	0.905429	0.905529	0.90563	0.905658	0.905687	0.905759	0.905832	0.905849	0.905866	0.905912	0.905958	0.905965	0.905971	0.906	0.906028	0.906025	0.906022	0.90604	
0.906017	0.90603	0.90602	0.906009	0.906016	0.906024	0.905996	0.905968	0.905966	0.905965	0.905911	0.905857	0.905842	0.905826	0.905742	0.905658	0.905627	0.905596	0.905488	0.905379	0.905342	0.905305	0.905194	0.905082	0.905059	0.905036	0.904948	0.904861	0.904867	0.904874	0.904823	0.904773	0.90481	0.904847	0.904825	0.904803	0.904876	0.904948	0.90495	0.904953	0.905055	0.905158	0.905179	0.9052	0.905308	0.905416	0.905445	0.905474	0.905563	0.905652	0.905679	0.905705	0.905766	0.905827	0.905846	0.905864	0.905901	0.905937	0.905948	0.905958	0.905979	0.906	0.906002	0.906003	0.906017	
0.905993	0.906002	0.905996	0.90599	0.905996	0.906002	0.905979	0.905956	0.905957	0.905958	0.90591	0.905863	0.905853	0.905844	0.905768	0.905691	0.905669	0.905648	0.905548	0.905447	0.905422	0.905396	0.905292	0.905187	0.905176	0.905166	0.905082	0.904997	0.905016	0.905036	0.904982	0.904929	0.904974	0.905019	0.904985	0.904951	0.905024	0.905097	0.905083	0.905069	0.905167	0.905265	0.905272	0.905279	0.905378	0.905478	0.905498	0.905518	0.905597	0.905675	0.905699	0.905723	0.905772	0.905822	0.905843	0.905863	0.90589	0.905916	0.905931	0.905945	0.905959	0.905972	0.905978	0.905984	0.905993	
0.90594	0.905954	0.905947	0.905939	0.905949	0.905958	0.905935	0.905912	0.905914	0.905916	0.905872	0.905827	0.905817	0.905807	0.905738	0.905668	0.905646	0.905623	0.905534	0.905446	0.905421	0.905396	0.905307	0.905217	0.90521	0.905204	0.905133	0.905062	0.905085	0.905108	0.905061	0.905013	0.905056	0.905099	0.905063	0.905027	0.905089	0.90515	0.905128	0.905105	0.905189	0.905272	0.905268	0.905264	0.905355	0.905446	0.905457	0.905468	0.905545	0.905621	0.905638	0.905655	0.905708	0.905761	0.905777	0.905793	0.905826	0.905858	0.905869	0.90588	0.9059	0.905919	0.905923	0.905927	0.90594	
0.905887	0.905906	0.905897	0.905889	0.905901	0.905913	0.905891	0.905868	0.905871	0.905875	0.905833	0.905791	0.905781	0.905771	0.905708	0.905645	0.905622	0.905598	0.905521	0.905444	0.90542	0.905397	0.905322	0.905247	0.905244	0.905242	0.905185	0.905128	0.905154	0.90518	0.905139	0.905097	0.905138	0.905179	0.905142	0.905104	0.905154	0.905203	0.905172	0.905141	0.90521	0.905278	0.905264	0.905249	0.905332	0.905414	0.905415	0.905417	0.905492	0.905568	0.905578	0.905588	0.905644	0.905701	0.905712	0.905724	0.905761	0.905799	0.905807	0.905815	0.905841	0.905866	0.905868	0.905869	0.905887	
0.905855	0.905869	0.905864	0.905858	0.905867	0.905876	0.905853	0.905831	0.905832	0.905833	0.90579	0.905746	0.905735	0.905724	0.905659	0.905593	0.90557	0.905546	0.905467	0.905388	0.905367	0.905346	0.905272	0.905199	0.905205	0.905212	0.905162	0.905113	0.905153	0.905194	0.905163	0.905131	0.905174	0.905216	0.905171	0.905126	0.905171	0.905216	0.905169	0.905123	0.905192	0.905262	0.905234	0.905206	0.905292	0.905379	0.905374	0.905369	0.905447	0.905525	0.905536	0.905547	0.905603	0.905658	0.905675	0.905691	0.905725	0.905759	0.905773	0.905788	0.905808	0.905829	0.905835	0.905842	0.905855	
0.905823	0.905833	0.90583	0.905827	0.905832	0.905838	0.905816	0.905794	0.905793	0.905792	0.905747	0.905702	0.90569	0.905677	0.905609	0.905541	0.905518	0.905494	0.905413	0.905332	0.905314	0.905295	0.905223	0.905151	0.905166	0.905182	0.90514	0.905097	0.905153	0.905208	0.905187	0.905166	0.90521	0.905254	0.905201	0.905148	0.905189	0.90523	0.905167	0.905104	0.905175	0.905246	0.905204	0.905162	0.905253	0.905344	0.905333	0.905322	0.905402	0.905482	0.905495	0.905507	0.905561	0.905615	0.905637	0.905659	0.905689	0.905719	0.905739	0.90576	0.905775	0.905791	0.905803	0.905814	0.905823	
0.905763	0.905778	0.905772	0.905766	0.905773	0.90578	0.905755	0.905729	0.905725	0.90572	0.905673	0.905626	0.905606	0.905585	0.905518	0.905451	0.905418	0.905385	0.90531	0.905235	0.905214	0.905193	0.905133	0.905072	0.905097	0.905121	0.905092	0.905064	0.905126	0.905188	0.905169	0.90515	0.905201	0.905251	0.905202	0.905153	0.905181	0.905209	0.905142	0.905074	0.905125	0.905175	0.905127	0.905079	0.90516	0.905241	0.905226	0.90521	0.905293	0.905375	0.905385	0.905395	0.905458	0.90552	0.905541	0.905562	0.905602	0.905642	0.905661	0.90568	0.905705	0.905729	0.905739	0.905748	0.905763	
0.905702	0.905723	0.905714	0.905705	0.905713	0.905721	0.905693	0.905665	0.905657	0.905649	0.905599	0.90555	0.905522	0.905493	0.905427	0.90536	0.905318	0.905277	0.905207	0.905137	0.905115	0.905092	0.905043	0.904994	0.905027	0.90506	0.905045	0.90503	0.905099	0.905168	0.905151	0.905135	0.905192	0.905249	0.905204	0.905158	0.905174	0.905189	0.905117	0.905045	0.905074	0.905104	0.90505	0.904996	0.905067	0.905138	0.905118	0.905099	0.905183	0.905268	0.905276	0.905284	0.905355	0.905426	0.905445	0.905465	0.905515	0.905566	0.905583	0.905601	0.905634	0.905668	0.905675	0.905681	0.905702	
0.905669	0.905685	0.905677	0.90567	0.905672	0.905674	0.905644	0.905613	0.905598	0.905582	0.905527	0.905472	0.905435	0.905398	0.905324	0.90525	0.9052	0.90515	0.905075	0.905001	0.904976	0.904952	0.904908	0.904863	0.904911	0.904958	0.904966	0.904973	0.905067	0.905161	0.90518	0.905199	0.905236	0.905274	0.905235	0.905197	0.905185	0.905173	0.905088	0.905004	0.905024	0.905044	0.904973	0.904903	0.904982	0.90506	0.905031	0.905002	0.905099	0.905195	0.905202	0.90521	0.905288	0.905366	0.905391	0.905416	0.905468	0.905519	0.905544	0.905568	0.905599	0.905629	0.905641	0.905653	0.905669	
0.905636	0.905647	0.905641	0.905635	0.905631	0.905628	0.905594	0.905561	0.905539	0.905516	0.905455	0.905394	0.905348	0.905302	0.905221	0.90514	0.905081	0.905023	0.904943	0.904864	0.904838	0.904812	0.904772	0.904733	0.904795	0.904857	0.904886	0.904916	0.905034	0.905153	0.905208	0.905263	0.905281	0.905299	0.905267	0.905236	0.905196	0.905156	0.90506	0.904964	0.904974	0.904984	0.904896	0.904809	0.904896	0.904983	0.904944	0.904906	0.905014	0.905121	0.905129	0.905136	0.905221	0.905307	0.905337	0.905368	0.905421	0.905473	0.905505	0.905536	0.905563	0.905591	0.905608	0.905625	0.905636	
0.905573	0.90559	0.90558	0.905569	0.905566	0.905562	0.905523	0.905483	0.905454	0.905425	0.905356	0.905288	0.90523	0.905173	0.905085	0.904997	0.90493	0.904862	0.904782	0.904703	0.904684	0.904664	0.904635	0.904606	0.904691	0.904775	0.90482	0.904864	0.904965	0.905066	0.905097	0.905129	0.90518	0.905232	0.905201	0.905171	0.905146	0.905122	0.905031	0.90494	0.904914	0.904888	0.904805	0.904722	0.904786	0.90485	0.904814	0.904777	0.904883	0.904989	0.904997	0.905005	0.9051	0.905195	0.905226	0.905258	0.905323	0.905388	0.905419	0.90545	0.905489	0.905527	0.905541	0.905556	0.905573	
0.905511	0.905534	0.905519	0.905504	0.905501	0.905497	0.905451	0.905405	0.905369	0.905333	0.905257	0.905181	0.905112	0.905043	0.904949	0.904854	0.904778	0.904702	0.904622	0.904541	0.904529	0.904517	0.904498	0.904479	0.904586	0.904693	0.904753	0.904813	0.904896	0.90498	0.904987	0.904994	0.90508	0.905165	0.905135	0.905106	0.905097	0.905088	0.905001	0.904915	0.904854	0.904792	0.904714	0.904635	0.904677	0.904718	0.904683	0.904647	0.904752	0.904856	0.904865	0.904874	0.904979	0.905083	0.905115	0.905147	0.905226	0.905304	0.905334	0.905364	0.905414	0.905463	0.905475	0.905487	0.905511	
0.905479	0.905497	0.905482	0.905467	0.905455	0.905443	0.905392	0.905342	0.905294	0.905246	0.905163	0.905079	0.904996	0.904913	0.90481	0.904708	0.904623	0.904538	0.904453	0.904367	0.904365	0.904362	0.904349	0.904336	0.904467	0.904599	0.904665	0.904732	0.904791	0.90485	0.904792	0.904734	0.904822	0.90491	0.904877	0.904844	0.904919	0.904995	0.904949	0.904903	0.904818	0.904733	0.904644	0.904555	0.904595	0.904636	0.904588	0.90454	0.904657	0.904775	0.904781	0.904787	0.904903	0.905019	0.905056	0.905092	0.905175	0.905259	0.905295	0.905332	0.90538	0.905428	0.905444	0.905461	0.905479	
0.905447	0.905459	0.905445	0.905431	0.905409	0.905388	0.905334	0.90528	0.905219	0.905159	0.905068	0.904977	0.90488	0.904783	0.904672	0.904561	0.904467	0.904374	0.904284	0.904194	0.904201	0.904208	0.904201	0.904193	0.904349	0.904504	0.904577	0.904651	0.904685	0.90472	0.904597	0.904474	0.904564	0.904654	0.904618	0.904582	0.904742	0.904902	0.904896	0.90489	0.904782	0.904674	0.904574	0.904474	0.904514	0.904553	0.904493	0.904433	0.904563	0.904694	0.904697	0.904699	0.904828	0.904956	0.904996	0.905036	0.905125	0.905213	0.905256	0.905299	0.905346	0.905393	0.905414	0.905435	0.905447	
0.905386	0.905405	0.905384	0.905364	0.905342	0.90532	0.905256	0.905191	0.905124	0.905057	0.904952	0.904847	0.90474	0.904634	0.90451	0.904387	0.904293	0.9042	0.904108	0.904016	0.90405	0.904083	0.904092	0.904102	0.904294	0.904485	0.904577	0.904669	0.90459	0.904511	0.904318	0.904124	0.904021	0.903917	0.904073	0.904228	0.904473	0.904718	0.904777	0.904835	0.904676	0.904518	0.904457	0.904395	0.904395	0.904395	0.904355	0.904314	0.904431	0.904548	0.904559	0.90457	0.904703	0.904837	0.904881	0.904925	0.905026	0.905126	0.90517	0.905213	0.905272	0.905331	0.905349	0.905367	0.905386	
0.905324	0.905351	0.905323	0.905296	0.905274	0.905253	0.905178	0.905103	0.905028	0.904954	0.904835	0.904717	0.904601	0.904485	0.904349	0.904212	0.904119	0.904026	0.903933	0.903839	0.903898	0.903957	0.903984	0.904011	0.904239	0.904467	0.904577	0.904688	0.904495	0.904303	0.904039	0.903775	0.903477	0.903179	0.903527	0.903875	0.904205	0.904535	0.904657	0.904779	0.904571	0.904363	0.90434	0.904317	0.904277	0.904238	0.904216	0.904195	0.904299	0.904403	0.904422	0.904441	0.904579	0.904717	0.904765	0.904813	0.904926	0.905039	0.905083	0.905127	0.905198	0.905268	0.905283	0.905298	0.905324	
0.905293	0.905312	0.905285	0.905258	0.905224	0.905191	0.905111	0.905032	0.904943	0.904854	0.904728	0.904602	0.904476	0.904349	0.904206	0.904063	0.903978	0.903893	0.903797	0.9037	0.903803	0.903907	0.903936	0.903965	0.904244	0.904522	0.904631	0.904741	0.904442	0.904144	0.90367	0.903197	0.902956	0.902714	0.903187	0.90366	0.903941	0.904222	0.904407	0.904592	0.904421	0.90425	0.904245	0.904239	0.904192	0.904145	0.904121	0.904097	0.904208	0.904319	0.904336	0.904352	0.904502	0.904653	0.904704	0.904756	0.904876	0.904996	0.905046	0.905095	0.905165	0.905236	0.905255	0.905274	0.905293	
0.905262	0.905274	0.905247	0.90522	0.905174	0.905129	0.905045	0.904961	0.904858	0.904755	0.904621	0.904488	0.904351	0.904214	0.904063	0.903913	0.903837	0.903761	0.90366	0.90356	0.903708	0.903857	0.903888	0.90392	0.904249	0.904577	0.904686	0.904794	0.90439	0.903985	0.903302	0.902619	0.902434	0.90225	0.902847	0.903445	0.903677	0.903909	0.904157	0.904405	0.904271	0.904137	0.904149	0.904161	0.904107	0.904053	0.904026	0.903999	0.904118	0.904236	0.90425	0.904263	0.904426	0.904588	0.904643	0.904698	0.904825	0.904952	0.905008	0.905064	0.905133	0.905203	0.905226	0.90525	0.905262	
0.905205	0.905224	0.905189	0.905152	0.905108	0.905064	0.904966	0.904867	0.90476	0.904652	0.904502	0.904351	0.904212	0.904073	0.903912	0.903751	0.903689	0.903628	0.903539	0.90345	0.903639	0.903829	0.903892	0.903955	0.904323	0.904692	0.90478	0.904869	0.904309	0.90375	0.903097	0.902444	0.902543	0.902642	0.903257	0.903873	0.903711	0.90355	0.903775	0.904	0.903913	0.903825	0.90391	0.903993	0.903919	0.903844	0.903862	0.903881	0.903979	0.904078	0.904112	0.904147	0.904307	0.904466	0.90453	0.904594	0.90473	0.904866	0.904924	0.904982	0.905064	0.905145	0.905165	0.905185	0.905205	
0.905147	0.905175	0.90513	0.905085	0.905042	0.904999	0.904886	0.904774	0.904662	0.90455	0.904382	0.904214	0.904074	0.903933	0.903761	0.903588	0.903541	0.903494	0.903417	0.90334	0.903571	0.903802	0.903896	0.903989	0.904398	0.904806	0.904875	0.904943	0.904229	0.903515	0.902892	0.90227	0.902652	0.903035	0.903668	0.904301	0.903746	0.903191	0.903393	0.903594	0.903554	0.903514	0.90367	0.903826	0.90373	0.903634	0.903699	0.903763	0.903841	0.90392	0.903975	0.90403	0.904187	0.904344	0.904417	0.90449	0.904635	0.904781	0.904841	0.904901	0.904994	0.905087	0.905103	0.90512	0.905147	
0.905116	0.905136	0.905091	0.905047	0.904991	0.904935	0.904818	0.904702	0.904579	0.904456	0.904284	0.904113	0.903976	0.903838	0.90367	0.903503	0.903492	0.903482	0.903423	0.903365	0.903652	0.903939	0.904064	0.90419	0.90452	0.904849	0.904881	0.904912	0.904188	0.903464	0.90325	0.903036	0.903677	0.904318	0.904668	0.905019	0.904163	0.903307	0.903441	0.903575	0.903491	0.903406	0.903609	0.903813	0.903685	0.903557	0.903628	0.9037	0.903771	0.903843	0.903898	0.903952	0.904116	0.90428	0.904357	0.904434	0.904585	0.904737	0.904804	0.90487	0.904962	0.905055	0.905076	0.905097	0.905116	
0.905085	0.905097	0.905052	0.905008	0.904939	0.90487	0.90475	0.90463	0.904496	0.904361	0.904187	0.904012	0.903877	0.903742	0.90358	0.903417	0.903443	0.90347	0.90343	0.90339	0.903733	0.904076	0.904233	0.904391	0.904642	0.904893	0.904887	0.904881	0.904147	0.903413	0.903608	0.903803	0.904702	0.9056	0.905669	0.905737	0.90458	0.903424	0.90349	0.903557	0.903427	0.903297	0.903549	0.903801	0.90364	0.90348	0.903558	0.903637	0.903702	0.903767	0.90382	0.903874	0.904045	0.904215	0.904296	0.904377	0.904535	0.904693	0.904766	0.90484	0.904931	0.905023	0.905048	0.905074	0.905085	
0.905036	0.905055	0.905001	0.904946	0.90488	0.904814	0.904678	0.904543	0.904408	0.904273	0.904085	0.903896	0.903767	0.903639	0.903479	0.903319	0.903362	0.903406	0.903401	0.903397	0.903736	0.904075	0.904227	0.90438	0.904561	0.904742	0.90438	0.904019	0.903775	0.903532	0.904405	0.905277	0.905736	0.906194	0.905806	0.905419	0.904615	0.903811	0.903654	0.903497	0.903329	0.90316	0.903391	0.903621	0.903453	0.903285	0.903405	0.903526	0.903572	0.903619	0.903697	0.903776	0.903938	0.904101	0.904194	0.904287	0.90445	0.904613	0.90469	0.904768	0.90487	0.904972	0.904994	0.905016	0.905036	
0.904986	0.905014	0.904949	0.904884	0.904821	0.904757	0.904607	0.904455	0.904321	0.904186	0.903983	0.903779	0.903657	0.903535	0.903378	0.90322	0.903281	0.903342	0.903373	0.903405	0.903739	0.904074	0.904221	0.904369	0.90448	0.904591	0.903874	0.903156	0.903404	0.903651	0.905201	0.906751	0.906769	0.906787	0.905944	0.9051	0.904649	0.904198	0.903818	0.903438	0.903231	0.903023	0.903232	0.903442	0.903266	0.903089	0.903253	0.903416	0.903443	0.903471	0.903574	0.903678	0.903832	0.903986	0.904092	0.904197	0.904365	0.904533	0.904614	0.904696	0.904808	0.90492	0.904939	0.904958	0.904986	
0.904958	0.904977	0.904914	0.90485	0.904774	0.904699	0.904548	0.904397	0.904256	0.904115	0.90392	0.903725	0.90362	0.903515	0.903391	0.903266	0.903378	0.90349	0.903579	0.903668	0.904007	0.904346	0.904551	0.904755	0.904541	0.904327	0.904083	0.903838	0.903845	0.903853	0.904305	0.904756	0.905093	0.90543	0.904981	0.904532	0.904776	0.90502	0.904668	0.904316	0.903917	0.903519	0.903669	0.903819	0.903539	0.903259	0.903373	0.903486	0.903481	0.903475	0.903556	0.903637	0.903789	0.90394	0.904045	0.90415	0.904322	0.904493	0.904581	0.904669	0.90478	0.904891	0.904915	0.904939	0.904958	
0.904931	0.904941	0.904878	0.904816	0.904728	0.904641	0.904489	0.904338	0.90419	0.904043	0.903857	0.903671	0.903582	0.903494	0.903403	0.903313	0.903475	0.903638	0.903785	0.903932	0.904275	0.904619	0.90488	0.905142	0.904603	0.904064	0.904292	0.904519	0.904287	0.904054	0.903408	0.902761	0.903417	0.904073	0.904018	0.903964	0.904903	0.905842	0.905517	0.905193	0.904604	0.904015	0.904106	0.904196	0.903813	0.903429	0.903493	0.903556	0.903518	0.90348	0.903538	0.903596	0.903745	0.903894	0.903999	0.904103	0.904278	0.904453	0.904548	0.904643	0.904752	0.904861	0.904891	0.90492	0.904931	
0.904894	0.904913	0.90484	0.904767	0.904683	0.904599	0.904434	0.904269	0.904123	0.903978	0.903784	0.903591	0.903512	0.903434	0.903358	0.903282	0.903462	0.903642	0.903804	0.903967	0.904286	0.904604	0.904721	0.904838	0.904397	0.903957	0.904305	0.904653	0.904981	0.905308	0.905388	0.905468	0.905144	0.90482	0.904803	0.904786	0.905614	0.906442	0.905777	0.905112	0.904396	0.90368	0.903875	0.90407	0.903704	0.903338	0.903431	0.903524	0.903462	0.9034	0.90347	0.90354	0.903674	0.903808	0.903921	0.904034	0.904212	0.904389	0.904487	0.904585	0.904704	0.904823	0.904849	0.904874	0.904894	
0.904857	0.904884	0.904801	0.904718	0.904638	0.904557	0.904379	0.9042	0.904056	0.903912	0.903711	0.90351	0.903443	0.903375	0.903313	0.903252	0.903448	0.903645	0.903824	0.904002	0.904296	0.90459	0.904562	0.904534	0.904192	0.90385	0.904318	0.904786	0.905674	0.906562	0.907369	0.908175	0.906871	0.905567	0.905588	0.905609	0.906326	0.907043	0.906037	0.905031	0.904187	0.903344	0.903644	0.903944	0.903595	0.903247	0.903369	0.903492	0.903406	0.90332	0.903402	0.903485	0.903604	0.903723	0.903844	0.903965	0.904145	0.904325	0.904426	0.904527	0.904656	0.904785	0.904807	0.904829	0.904857	
0.904839	0.904858	0.904777	0.904696	0.904605	0.904513	0.904338	0.904162	0.904015	0.903869	0.903688	0.903508	0.903462	0.903415	0.90341	0.903404	0.903638	0.903872	0.904094	0.904317	0.904553	0.904789	0.904629	0.904469	0.903965	0.903461	0.904085	0.904709	0.905723	0.906738	0.907687	0.908636	0.906876	0.905116	0.905313	0.90551	0.905726	0.905941	0.905047	0.904152	0.903647	0.903142	0.903621	0.904101	0.903808	0.903514	0.903587	0.90366	0.903542	0.903424	0.903459	0.903494	0.903603	0.903711	0.903824	0.903938	0.904117	0.904297	0.904405	0.904513	0.904638	0.904764	0.904792	0.90482	0.904839	
0.904822	0.904832	0.904753	0.904674	0.904572	0.904469	0.904297	0.904124	0.903975	0.903825	0.903666	0.903506	0.903481	0.903455	0.903506	0.903556	0.903827	0.904098	0.904365	0.904632	0.90481	0.904988	0.904696	0.904405	0.903739	0.903073	0.903852	0.904631	0.905772	0.906913	0.908005	0.909097	0.906881	0.904664	0.905037	0.90541	0.905125	0.90484	0.904057	0.903273	0.903106	0.902939	0.903598	0.904258	0.90402	0.903781	0.903804	0.903828	0.903678	0.903527	0.903516	0.903504	0.903602	0.9037	0.903805	0.90391	0.90409	0.90427	0.904384	0.904498	0.904621	0.904744	0.904778	0.904812	0.904822	
0.904805	0.904823	0.904735	0.904646	0.904547	0.904448	0.904265	0.904081	0.903932	0.903783	0.903621	0.903459	0.903447	0.903434	0.903512	0.903591	0.903898	0.904205	0.904474	0.904744	0.904874	0.905005	0.90433	0.903656	0.902919	0.902181	0.902388	0.902595	0.903881	0.905166	0.906733	0.9083	0.906688	0.905076	0.904905	0.904734	0.9044	0.904065	0.903511	0.902956	0.902895	0.902834	0.903538	0.904242	0.904059	0.903876	0.903888	0.903899	0.903714	0.903528	0.903511	0.903494	0.903572	0.90365	0.903757	0.903865	0.904048	0.90423	0.904345	0.90446	0.904593	0.904727	0.904756	0.904786	0.904805	
0.904787	0.904815	0.904717	0.904619	0.904523	0.904428	0.904232	0.904037	0.903889	0.90374	0.903576	0.903412	0.903412	0.903412	0.903519	0.903626	0.903969	0.904312	0.904584	0.904855	0.904939	0.905022	0.903964	0.902907	0.902098	0.90129	0.900925	0.900559	0.90199	0.90342	0.905462	0.907504	0.906496	0.905488	0.904773	0.904058	0.903674	0.903291	0.902965	0.90264	0.902685	0.90273	0.903478	0.904227	0.904099	0.90397	0.90397	0.903971	0.90375	0.903529	0.903506	0.903484	0.903542	0.9036	0.90371	0.90382	0.904005	0.90419	0.904306	0.904422	0.904566	0.90471	0.904735	0.90476	0.904787	
0.904789	0.904808	0.904712	0.904617	0.904511	0.904405	0.904212	0.904019	0.903869	0.903718	0.903574	0.90343	0.903455	0.90348	0.903652	0.903825	0.904218	0.904612	0.904961	0.905311	0.905258	0.905206	0.904016	0.902827	0.901568	0.900308	0.899669	0.899029	0.900457	0.901885	0.904367	0.906849	0.906304	0.90576	0.905135	0.904511	0.903929	0.903347	0.903362	0.903376	0.90327	0.903164	0.90391	0.904656	0.904494	0.904332	0.904252	0.904172	0.903913	0.903653	0.903575	0.903497	0.903548	0.903599	0.903703	0.903806	0.903992	0.904179	0.904302	0.904426	0.904567	0.904707	0.904739	0.90477	0.904789	
0.904791	0.904801	0.904708	0.904615	0.904498	0.904381	0.904192	0.904002	0.903849	0.903697	0.903572	0.903447	0.903498	0.903548	0.903786	0.904024	0.904468	0.904912	0.905339	0.905766	0.905578	0.905389	0.904068	0.902746	0.901037	0.899327	0.898412	0.897498	0.898924	0.90035	0.903272	0.906194	0.906113	0.906032	0.905498	0.904964	0.904184	0.903403	0.903758	0.904113	0.903856	0.903599	0.904342	0.905085	0.904889	0.904693	0.904534	0.904374	0.904076	0.903777	0.903644	0.90351	0.903555	0.903599	0.903695	0.903792	0.903979	0.904167	0.904299	0.90443	0.904567	0.904705	0.904743	0.904781	0.904791	
0.904801	0.904821	0.904719	0.904617	0.904503	0.904389	0.904187	0.903985	0.903828	0.90367	0.903537	0.903404	0.903456	0.903508	0.90377	0.904032	0.904524	0.905016	0.905512	0.906007	0.905864	0.905721	0.904312	0.902903	0.900936	0.89897	0.897611	0.896251	0.897677	0.899103	0.902108	0.905114	0.905412	0.905711	0.905045	0.904379	0.903845	0.903311	0.903612	0.903914	0.903788	0.903662	0.904376	0.90509	0.90492	0.90475	0.904574	0.904398	0.904072	0.903746	0.903612	0.903478	0.903518	0.903557	0.903658	0.903759	0.903957	0.904155	0.904286	0.904417	0.904567	0.904716	0.904749	0.904782	0.904801	
0.904812	0.904841	0.904729	0.904618	0.904507	0.904396	0.904182	0.903968	0.903806	0.903644	0.903503	0.903361	0.903414	0.903467	0.903754	0.90404	0.904581	0.905121	0.905685	0.906248	0.90615	0.906053	0.904556	0.903059	0.900836	0.898613	0.896809	0.895005	0.89643	0.897855	0.900944	0.904033	0.904711	0.905389	0.904592	0.903794	0.903506	0.903218	0.903467	0.903716	0.90372	0.903725	0.90441	0.905095	0.904951	0.904807	0.904614	0.904421	0.904068	0.903715	0.90358	0.903445	0.903481	0.903516	0.903621	0.903727	0.903934	0.904142	0.904273	0.904404	0.904566	0.904728	0.904756	0.904783	0.904812	
0.904842	0.904862	0.904753	0.904645	0.904523	0.904401	0.904186	0.903971	0.903798	0.903626	0.903483	0.90334	0.903392	0.903445	0.903753	0.904062	0.904647	0.905231	0.905924	0.906616	0.906644	0.906672	0.905384	0.904096	0.901803	0.89951	0.897627	0.895743	0.8969	0.898056	0.901012	0.903968	0.904622	0.905277	0.904629	0.90398	0.903613	0.903246	0.903567	0.903889	0.904014	0.904138	0.904772	0.905406	0.905211	0.905017	0.904726	0.904434	0.904076	0.903718	0.903561	0.903403	0.903452	0.903501	0.903614	0.903728	0.903941	0.904155	0.904296	0.904437	0.904596	0.904754	0.904788	0.904822	0.904842	
0.904872	0.904883	0.904777	0.904672	0.904539	0.904406	0.904189	0.903973	0.903791	0.903608	0.903463	0.903318	0.90337	0.903422	0.903753	0.904084	0.904713	0.905342	0.906163	0.906984	0.907138	0.907292	0.906213	0.905133	0.90277	0.900407	0.898444	0.896482	0.89737	0.898258	0.90108	0.903902	0.904534	0.905165	0.904666	0.904166	0.90372	0.903274	0.903668	0.904062	0.904307	0.904552	0.905134	0.905716	0.905471	0.905226	0.904837	0.904448	0.904084	0.90372	0.903541	0.903361	0.903423	0.903486	0.903608	0.90373	0.903948	0.904167	0.904319	0.904471	0.904625	0.90478	0.904821	0.904862	0.904872	
0.904916	0.904936	0.904822	0.904709	0.904579	0.90445	0.90422	0.90399	0.903797	0.903603	0.90343	0.903257	0.903275	0.903292	0.903586	0.903879	0.904491	0.905104	0.905988	0.906873	0.907229	0.907585	0.906841	0.906098	0.90397	0.901842	0.899871	0.897901	0.898392	0.898884	0.901249	0.903614	0.904326	0.905038	0.904513	0.903989	0.903641	0.903293	0.903781	0.904269	0.90461	0.90495	0.905413	0.905876	0.905523	0.90517	0.904734	0.904298	0.903939	0.90358	0.903425	0.903269	0.903357	0.903446	0.90358	0.903715	0.903952	0.904189	0.904341	0.904492	0.904658	0.904825	0.90486	0.904895	0.904916	
0.904959	0.904988	0.904867	0.904746	0.90462	0.904494	0.904251	0.904008	0.903803	0.903599	0.903397	0.903196	0.903179	0.903162	0.903418	0.903674	0.90427	0.904866	0.905813	0.906761	0.907319	0.907877	0.90747	0.907063	0.90517	0.903277	0.901299	0.89932	0.899415	0.89951	0.901418	0.903326	0.904118	0.904911	0.904361	0.903811	0.903561	0.903311	0.903893	0.904476	0.904912	0.905348	0.905692	0.906035	0.905574	0.905113	0.90463	0.904148	0.903794	0.90344	0.903308	0.903177	0.903291	0.903406	0.903553	0.903701	0.903956	0.904212	0.904362	0.904512	0.904691	0.904871	0.9049	0.904929	0.904959	
0.905022	0.905043	0.904926	0.904809	0.904675	0.904541	0.904297	0.904054	0.903834	0.903615	0.903394	0.903173	0.903118	0.903064	0.903264	0.903464	0.904008	0.904552	0.90549	0.906428	0.907124	0.907819	0.907785	0.90775	0.906225	0.904699	0.902898	0.901098	0.900767	0.900437	0.901859	0.903281	0.904046	0.904811	0.90435	0.903889	0.903791	0.903692	0.904333	0.904975	0.905346	0.905716	0.905841	0.905965	0.905442	0.904919	0.904412	0.903904	0.903603	0.903301	0.903208	0.903114	0.903261	0.903407	0.903578	0.903748	0.904007	0.904267	0.904427	0.904587	0.904759	0.904931	0.904966	0.905001	0.905022	
0.905085	0.905097	0.904985	0.904873	0.90473	0.904587	0.904343	0.904099	0.903865	0.903632	0.903391	0.90315	0.903058	0.902966	0.90311	0.903254	0.903746	0.904239	0.905167	0.906096	0.906928	0.907761	0.908099	0.908437	0.907279	0.906122	0.904498	0.902875	0.902119	0.901364	0.9023	0.903236	0.903973	0.904711	0.904339	0.903968	0.90402	0.904072	0.904773	0.905474	0.905779	0.906084	0.905989	0.905895	0.90531	0.904725	0.904193	0.903661	0.903411	0.903162	0.903107	0.903052	0.903231	0.903409	0.903602	0.903795	0.904058	0.904322	0.904492	0.904662	0.904827	0.904991	0.905032	0.905073	0.905085	
0.905158	0.905178	0.905062	0.904946	0.904811	0.904676	0.904425	0.904174	0.903935	0.903696	0.903425	0.903154	0.903017	0.902881	0.902938	0.902995	0.903384	0.903774	0.904595	0.905417	0.906265	0.907113	0.907683	0.908252	0.907526	0.9068	0.905493	0.904187	0.903271	0.902354	0.902829	0.903303	0.903959	0.904614	0.904328	0.904042	0.904283	0.904524	0.90513	0.905737	0.905862	0.905987	0.905733	0.90548	0.904883	0.904285	0.903813	0.90334	0.903166	0.902993	0.902991	0.90299	0.903209	0.903428	0.903633	0.903837	0.904115	0.904394	0.904558	0.904723	0.904896	0.905069	0.905103	0.905137	0.905158	
0.90523	0.90526	0.905139	0.905019	0.904892	0.904766	0.904507	0.904248	0.904004	0.903761	0.903459	0.903158	0.902977	0.902795	0.902766	0.902736	0.903022	0.903308	0.904023	0.904738	0.905601	0.906465	0.907266	0.908067	0.907773	0.907478	0.906489	0.905499	0.904422	0.903345	0.903358	0.903371	0.903944	0.904517	0.904316	0.904116	0.904546	0.904975	0.905487	0.906	0.905945	0.90589	0.905477	0.905065	0.904455	0.903845	0.903432	0.90302	0.902922	0.902823	0.902876	0.902928	0.903188	0.903447	0.903663	0.90388	0.904173	0.904466	0.904625	0.904784	0.904965	0.905146	0.905173	0.905201	0.90523	
0.905317	0.905338	0.905225	0.905113	0.904984	0.904854	0.904604	0.904354	0.904105	0.903857	0.903546	0.903236	0.90302	0.902803	0.902705	0.902607	0.902786	0.902965	0.903531	0.904096	0.904862	0.905628	0.906472	0.907315	0.907309	0.907303	0.906705	0.906108	0.905156	0.904204	0.903995	0.903787	0.904181	0.904575	0.904526	0.904477	0.90484	0.905203	0.905528	0.905853	0.905634	0.905414	0.904946	0.904478	0.90395	0.903422	0.903107	0.902792	0.902778	0.902763	0.902871	0.902978	0.903259	0.903539	0.903771	0.904003	0.904288	0.904573	0.904735	0.904897	0.905065	0.905233	0.905264	0.905295	0.905317	
0.905403	0.905416	0.905311	0.905206	0.905075	0.904943	0.904701	0.904459	0.904206	0.903952	0.903633	0.903314	0.903063	0.902812	0.902645	0.902478	0.90255	0.902623	0.903038	0.903454	0.904123	0.904791	0.905677	0.906564	0.906845	0.907127	0.906922	0.906717	0.90589	0.905063	0.904633	0.904203	0.904419	0.904634	0.904736	0.904838	0.905134	0.90543	0.905568	0.905706	0.905322	0.904939	0.904414	0.90389	0.903444	0.902998	0.902781	0.902564	0.902634	0.902703	0.902865	0.903028	0.90333	0.903632	0.903878	0.904125	0.904403	0.90468	0.904845	0.905011	0.905166	0.905321	0.905355	0.90539	0.905403	
0.905486	0.905507	0.905402	0.905298	0.90518	0.905062	0.904824	0.904586	0.904344	0.904102	0.903774	0.903446	0.90318	0.902913	0.902688	0.902462	0.902445	0.902429	0.902689	0.90295	0.903466	0.903982	0.904752	0.905521	0.905887	0.906253	0.906281	0.906309	0.905725	0.90514	0.904744	0.904348	0.904461	0.904574	0.904677	0.90478	0.904937	0.905094	0.905079	0.905065	0.904642	0.904218	0.903762	0.903306	0.902986	0.902666	0.902551	0.902436	0.90258	0.902724	0.902918	0.903112	0.903434	0.903756	0.903997	0.904238	0.904516	0.904795	0.904947	0.905099	0.905255	0.905411	0.905439	0.905466	0.905486	
0.90557	0.905598	0.905493	0.905389	0.905285	0.905181	0.904946	0.904712	0.904481	0.904251	0.903915	0.903579	0.903297	0.903015	0.90273	0.902446	0.90234	0.902235	0.902341	0.902447	0.90281	0.903173	0.903826	0.904479	0.904929	0.905379	0.90564	0.905902	0.90556	0.905218	0.904856	0.904493	0.904504	0.904514	0.904618	0.904722	0.90474	0.904757	0.904591	0.904424	0.903961	0.903497	0.903109	0.902721	0.902527	0.902333	0.90232	0.902308	0.902526	0.902744	0.90297	0.903196	0.903538	0.90388	0.904115	0.90435	0.90463	0.904909	0.905048	0.905187	0.905345	0.905502	0.905522	0.905541	0.90557	
0.905656	0.905677	0.905583	0.905489	0.905387	0.905286	0.905069	0.904852	0.90463	0.904408	0.904087	0.903765	0.903481	0.903196	0.902891	0.902586	0.902425	0.902264	0.902262	0.90226	0.902485	0.902709	0.903197	0.903686	0.904074	0.904461	0.904771	0.905081	0.904896	0.904712	0.904464	0.904216	0.904202	0.904188	0.904241	0.904293	0.904208	0.904123	0.903928	0.903732	0.903344	0.902956	0.902689	0.902421	0.902342	0.902263	0.90233	0.902397	0.902651	0.902906	0.903152	0.903398	0.90373	0.904063	0.904295	0.904526	0.904785	0.905043	0.905177	0.905312	0.905452	0.905593	0.905614	0.905635	0.905656	
