y	b	u.x	u.y	u.z	
3.125	0.006996	-0.000231827	-0.000112443	-1.9869e-07
5.08207	0.0220821	-6.93375e-05	-0.00033724	2.66754e-06
7.03914	0.0371682	4.36887e-06	-0.00024668	3.90502e-06
8.99621	0.0522544	4.53941e-06	0.000105079	3.79346e-06
10.9533	0.0673408	4.94641e-06	0.000351752	1.09819e-05
12.9104	0.0824272	5.31098e-06	0.00031704	1.57738e-05
14.8674	0.0975133	5.55292e-06	-3.43756e-05	1.54366e-05
16.8245	0.1126	1.22305e-05	-0.000313353	1.13697e-05
18.7816	0.127686	1.96259e-05	-0.000343961	7.07732e-06
20.7386	0.142772	2.0733e-05	6.12637e-06	6.7871e-06
22.6957	0.157859	2.31748e-05	0.000303573	1.17211e-05
24.6528	0.172945	2.66071e-05	0.00038632	2.07642e-05
26.6098	0.188031	2.74329e-05	3.80307e-05	2.03104e-05
28.5669	0.203118	3.37851e-05	-0.000287253	1.59686e-05
30.524	0.218204	5.60198e-05	-0.000445965	8.53847e-07
32.4811	0.233291	6.05733e-05	-9.88293e-05	4.90795e-07
34.4381	0.248377	6.54472e-05	0.000244722	5.34603e-07
36.3952	0.263463	7.95465e-05	0.000452946	1.22267e-05
38.3523	0.278551	8.60124e-05	0.000109089	1.28346e-05
40.3093	0.293638	9.24784e-05	-0.000234768	1.34425e-05
42.2664	0.308725	0.000133819	-0.000510898	-1.01436e-05
44.2235	0.323814	0.000164658	-0.000199194	-9.02613e-06
46.1806	0.338903	0.000194557	0.000143952	-6.3029e-06
48.1376	0.353991	0.000230081	0.000434051	3.57232e-06
50.0947	0.368354	-0.000199681	0.000158412	-0.000165465
52.0518	0.383317	0.00025933	-0.000151856	7.25715e-07
54.0088	0.398439	0.000305177	-0.000423972	-2.63725e-05
55.9659	0.413581	0.000319017	-0.000214558	-5.35585e-05
57.923	0.428726	0.000204596	4.00575e-05	-0.00021728
59.88	0.443894	0.000161346	0.000376941	-0.000409365
61.8371	0.459118	7.00151e-05	0.000308139	-0.000278519
63.7942	0.474425	5.14157e-05	-6.22076e-05	-3.55137e-05
65.7513	0.489851	0.00120013	-0.000116318	-0.000111357
67.7083	0.505221	0.00471627	2.94169e-05	-0.000156645
69.6654	0.52044	0.00971237	2.51658e-06	0.000550572
71.6225	0.535719	0.0144841	-0.000229811	0.00128201
73.5795	0.550731	0.0163048	-0.00028122	0.00165266
75.5366	0.565533	0.018098	5.56392e-05	0.000502868
77.4937	0.580383	0.019796	0.000107262	-0.000464526
79.4507	0.595228	0.020441	0.000322253	-0.000309131
81.4078	0.609949	0.0179265	0.000132075	-0.000388076
83.3649	0.624616	0.0138316	-0.000176354	-0.000313466
85.322	0.639438	0.0116665	-0.000364007	0.000250708
87.279	0.65453	0.00907084	-7.44554e-05	-0.000219627
89.2361	0.669606	0.0064013	0.000252926	-0.000182008
91.1932	0.684693	0.00369138	0.000363212	-0.000243885
93.1502	0.699917	0.00281318	7.85682e-05	-0.000290394
95.1073	0.715163	0.00192873	-8.1704e-05	-0.000109317
97.0644	0.730413	0.00134117	-0.000139417	2.88688e-05
99.0215	0.74568	0.00131831	-4.04938e-05	-9.74028e-05
100.979	0.76099	0.000181355	2.38191e-05	-8.53285e-05
102.936	0.776278	0.0002756	0.000100806	-5.78318e-05
104.893	0.791478	0.000221008	7.92529e-05	-1.77554e-05
106.85	0.806644	0.000133591	-4.60906e-05	-2.4793e-05
108.807	0.821816	2.6396e-06	-0.000220341	-1.35118e-05
110.764	0.836943	-9.01778e-06	-0.000127753	-7.82334e-06
112.721	0.852083	-2.11787e-05	1.83645e-05	-7.79036e-06
114.678	0.867212	-2.06907e-05	0.000173957	-4.59069e-06
116.635	0.882342	-1.38133e-05	0.000121512	-1.46501e-05
118.592	0.89747	-1.53478e-05	-2.621e-05	-1.63537e-05
120.549	0.912598	-1.68823e-05	-0.000173932	-1.80573e-05
122.506	0.927727	-1.51324e-05	-0.000157867	-1.24814e-05
124.463	0.942842	-2.48124e-05	-1.79453e-05	-1.48846e-05
126.42	0.957901	-2.33836e-05	0.000134759	-1.46197e-05
128.378	0.973024	-9.67361e-06	0.000151998	-1.7102e-05
130.335	0.988146	-1.08582e-05	1.76143e-06	-1.82552e-05
132.292	1.00327	-1.20428e-05	-0.000148475	-1.94083e-05
134.249	1.01839	-8.45973e-06	-0.000192532	-1.01861e-05
136.206	1.03351	-8.79526e-06	-4.64958e-05	-9.182e-06
138.163	1.04862	-9.82757e-06	0.00010354	-9.56274e-06
140.12	1.06374	-3.38243e-06	0.000173726	-9.74764e-06
142.077	1.07886	1.90965e-06	4.00655e-05	-1.00242e-05
144.034	1.09398	2.01314e-06	-0.000113084	-1.04906e-05
145.991	1.1091	2.36433e-06	-0.000203858	-7.42608e-06
147.948	1.12422	2.8406e-06	-7.67628e-05	-1.3147e-06
149.905	1.13918	-4.02731e-05	0.000127971	3.07691e-05
151.862	1.15354	1.01664e-05	0.000191039	2.87196e-07
153.819	1.16863	1.73209e-05	9.20789e-05	-1.10707e-06
155.776	1.18371	1.80083e-05	-6.27885e-05	-1.14607e-06
157.734	1.1988	1.81416e-05	-0.000205754	-9.16668e-07
159.691	1.21389	9.79733e-06	-0.000118082	3.41101e-06
161.648	1.22897	1.00736e-05	3.72315e-05	3.52809e-06
163.605	1.24406	1.03498e-05	0.000192545	3.64518e-06
165.562	1.25914	1.45692e-05	0.000131563	4.42575e-07
167.519	1.27423	1.51636e-05	-2.16649e-05	3.45057e-07
169.476	1.28932	1.56305e-05	-0.000177605	3.56646e-07
171.433	1.3044	9.25684e-06	-0.000136202	2.66258e-06
173.39	1.31949	7.70216e-06	1.76552e-06	3.34315e-06
175.347	1.33457	7.89902e-06	0.00015792	3.43361e-06
177.304	1.34966	9.01002e-06	0.000140911	1.44333e-06
179.261	1.36475	9.74508e-06	1.91448e-05	3.26889e-07
181.218	1.37983	9.99137e-06	-0.000137132	3.36026e-07
183.175	1.39492	6.95341e-06	-0.000141887	1.13255e-06
185.133	1.41	4.05688e-06	-3.4833e-05	1.89461e-06
187.09	1.42509	4.1522e-06	0.00012156	1.93848e-06
189.047	1.44018	3.89988e-06	0.000149968	1.19703e-06
191.004	1.45526	3.48388e-06	5.91358e-05	8.72001e-08
192.961	1.47035	3.55764e-06	-9.718e-05	8.93664e-08
194.918	1.48544	2.47594e-06	-0.000148355	6.20386e-08
196.875	1.50052	-8.55413e-10	-7.25843e-05	-9.00039e-10
