x=100	y=200	z=200	n=65	len=1
b
0	0	0	0	0	0	0	0	0	0	0	0	0	0	0	0	0	0	0	0	0	0	0	0	0	0	0	0	0	0	0	0	0	0	0	0	0	0	0	0	0	0	0	0	0	0	0	0	0	0	0	0	0	0	0	0	0	0	0	0	0	0	0	0	0	
0.0232732	0.022775	0.0224273	0.0220796	0.0218644	0.0216492	0.0215954	0.0215417	0.0217584	0.021975	0.0225592	0.0231435	0.023923	0.0247025	0.0252872	0.0258719	0.0258112	0.0257504	0.0250744	0.0243983	0.0237995	0.0232007	0.0232213	0.0232419	0.0233975	0.0235531	0.0232983	0.0230435	0.0228305	0.0226175	0.0227413	0.0228651	0.0231041	0.0233432	0.0239268	0.0245105	0.0243601	0.0242098	0.0232001	0.0221904	0.022216	0.0222417	0.0229768	0.0237119	0.0238403	0.0239687	0.0234117	0.0228547	0.0222842	0.0217136	0.0220111	0.0223086	0.0231707	0.0240328	0.0247859	0.025539	0.0258823	0.0262257	0.0260375	0.0258493	0.0253645	0.0248797	0.0243255	0.0237714	0.0232732	
0.0467138	0.0458931	0.0452711	0.0446492	0.0442252	0.0438013	0.0436529	0.0435045	0.0438271	0.0441497	0.0451074	0.046065	0.0474112	0.0487574	0.0498498	0.0509423	0.0509923	0.0510424	0.049952	0.0488617	0.0477698	0.0466779	0.0465952	0.0465126	0.0467515	0.0469905	0.0466633	0.0463361	0.0459427	0.0455493	0.045741	0.0459328	0.046402	0.0468712	0.0477184	0.0485656	0.0481976	0.0478296	0.0462955	0.0447613	0.0449656	0.04517	0.0463386	0.0475073	0.0475142	0.0475211	0.0465704	0.0456196	0.0447797	0.0439399	0.0445578	0.0451759	0.0466707	0.0481657	0.0493746	0.0505835	0.0510663	0.051549	0.0512066	0.0508641	0.0500825	0.0493008	0.0484177	0.0475346	0.0467139	
0.0701545	0.0690111	0.0681149	0.0672187	0.066586	0.0659534	0.0657103	0.0654672	0.0658958	0.0663244	0.0676555	0.0689866	0.0708994	0.0728123	0.0744124	0.0760126	0.0761735	0.0763343	0.0748297	0.0733251	0.0717401	0.070155	0.0699692	0.0697833	0.0701056	0.0704279	0.0700283	0.0696288	0.069055	0.0684811	0.0687408	0.0690004	0.0696998	0.0703992	0.07151	0.0726208	0.0720351	0.0714494	0.0693909	0.0673323	0.0677152	0.0680982	0.0697004	0.0713026	0.0711881	0.0710735	0.069729	0.0683845	0.0672753	0.0661661	0.0671046	0.0680432	0.0701708	0.0722985	0.0739632	0.0756279	0.0762502	0.0768724	0.0763757	0.0758789	0.0748005	0.073722	0.07251	0.0712979	0.0701545	
0.0938913	0.0927966	0.0918524	0.0909082	0.0901624	0.0894165	0.089019	0.0886214	0.0889113	0.0892012	0.0904168	0.0916324	0.0936023	0.0955721	0.0974493	0.0993264	0.0998745	0.100423	0.0991186	0.0978147	0.0960304	0.0942462	0.0937036	0.0931611	0.0934523	0.0937434	0.0936717	0.0936	0.0929411	0.0922821	0.0924933	0.0927044	0.0934926	0.0942809	0.0950622	0.0958436	0.0950441	0.0942446	0.0926297	0.0910148	0.0916668	0.092319	0.0936121	0.0949053	0.0944061	0.0939068	0.0925886	0.0912704	0.0904992	0.089728	0.0909185	0.0921091	0.094294	0.096479	0.0980107	0.0995424	0.0999965	0.100451	0.0998902	0.0993298	0.0982913	0.0972528	0.0961194	0.094986	0.0938914	
0.117628	0.116582	0.11559	0.114598	0.113739	0.11288	0.112328	0.111776	0.111927	0.112078	0.113178	0.114278	0.116305	0.118332	0.120486	0.12264	0.123576	0.124511	0.123408	0.122304	0.120321	0.118337	0.117438	0.116539	0.116799	0.117059	0.117315	0.117571	0.116827	0.116083	0.116246	0.116408	0.117285	0.118162	0.118614	0.119066	0.118053	0.11704	0.115869	0.114697	0.115619	0.11654	0.117524	0.118508	0.117624	0.11674	0.115448	0.114156	0.113723	0.11329	0.114733	0.116175	0.118417	0.12066	0.122058	0.123457	0.123743	0.124029	0.123405	0.122781	0.121782	0.120784	0.119729	0.118674	0.117628	
0.141565	0.140834	0.140044	0.139254	0.138467	0.13768	0.13702	0.13636	0.136214	0.136068	0.136675	0.137283	0.138839	0.140394	0.142374	0.144353	0.145685	0.147016	0.146587	0.146158	0.14444	0.142723	0.141449	0.140176	0.140381	0.140587	0.141423	0.14226	0.141629	0.140998	0.140808	0.140618	0.141158	0.141697	0.141702	0.141708	0.140863	0.140018	0.139718	0.139419	0.140211	0.141003	0.141185	0.141366	0.140421	0.139476	0.138765	0.138054	0.138263	0.138472	0.139848	0.141224	0.142844	0.144464	0.145293	0.146122	0.146152	0.146182	0.145649	0.145116	0.144425	0.143734	0.143015	0.142295	0.141565	
0.165501	0.165087	0.164498	0.163909	0.163194	0.16248	0.161712	0.160945	0.160502	0.160058	0.160173	0.160288	0.161372	0.162457	0.164261	0.166066	0.167794	0.169521	0.169766	0.170012	0.16856	0.167108	0.16546	0.163812	0.163964	0.164115	0.165532	0.166949	0.166431	0.165912	0.16537	0.164828	0.16503	0.165232	0.16479	0.164349	0.163673	0.162996	0.163568	0.16414	0.164803	0.165467	0.164846	0.164224	0.163218	0.162211	0.162082	0.161952	0.162803	0.163653	0.164963	0.166274	0.167271	0.168269	0.168528	0.168788	0.168562	0.168336	0.167894	0.167452	0.167069	0.166685	0.1663	0.165916	0.165501	
0.189256	0.189117	0.188787	0.188458	0.18797	0.187483	0.186815	0.186148	0.185568	0.184989	0.184641	0.184294	0.184708	0.185123	0.18629	0.187456	0.189124	0.190792	0.1916	0.192407	0.191632	0.190856	0.189359	0.187861	0.188015	0.188169	0.189923	0.191677	0.19148	0.191282	0.190277	0.189273	0.188806	0.188339	0.187868	0.187397	0.187174	0.186952	0.18778	0.188608	0.188678	0.188748	0.187719	0.18669	0.186375	0.186061	0.186665	0.187269	0.188351	0.189434	0.190213	0.190992	0.191157	0.191322	0.191023	0.190724	0.190406	0.190089	0.189874	0.189659	0.189611	0.189563	0.189478	0.189394	0.189256	
0.21301	0.213147	0.213077	0.213006	0.212746	0.212486	0.211918	0.21135	0.210635	0.209921	0.20911	0.208299	0.208044	0.20779	0.208318	0.208846	0.210455	0.212064	0.213433	0.214803	0.214704	0.214604	0.213257	0.21191	0.212066	0.212222	0.214314	0.216405	0.216528	0.216652	0.215184	0.213717	0.212582	0.211447	0.210946	0.210445	0.210676	0.210908	0.211992	0.213076	0.212553	0.21203	0.210592	0.209155	0.209533	0.209911	0.211248	0.212585	0.2139	0.215215	0.215462	0.21571	0.215042	0.214375	0.213518	0.212661	0.212251	0.211842	0.211855	0.211867	0.212153	0.21244	0.212656	0.212873	0.21301	
0.236204	0.236384	0.236417	0.236451	0.236414	0.236377	0.236132	0.235886	0.235432	0.234977	0.234148	0.23332	0.232652	0.231984	0.231772	0.231561	0.232484	0.233407	0.234707	0.236007	0.23657	0.237132	0.236548	0.235964	0.236202	0.236439	0.238054	0.23967	0.240131	0.240592	0.239207	0.237823	0.236364	0.234904	0.23453	0.234155	0.234671	0.235186	0.235729	0.236273	0.235379	0.234485	0.233498	0.232511	0.233784	0.235056	0.236647	0.238237	0.23914	0.240042	0.23962	0.239197	0.238042	0.236886	0.235922	0.234958	0.234651	0.234343	0.234528	0.234713	0.235107	0.235502	0.235763	0.236023	0.236204	
0.259397	0.259622	0.259758	0.259895	0.260082	0.260269	0.260346	0.260423	0.260228	0.260033	0.259187	0.25834	0.257259	0.256178	0.255227	0.254277	0.254513	0.25475	0.255981	0.257211	0.258435	0.25966	0.259839	0.260019	0.260337	0.260656	0.261795	0.262934	0.263733	0.264532	0.26323	0.261928	0.260145	0.258361	0.258113	0.257865	0.258665	0.259465	0.259467	0.259469	0.258205	0.25694	0.256404	0.255868	0.258034	0.260201	0.262045	0.263889	0.264379	0.264869	0.263777	0.262685	0.261041	0.259397	0.258327	0.257256	0.25705	0.256844	0.257201	0.257558	0.258061	0.258564	0.258869	0.259173	0.259397	
0.282385	0.282519	0.282638	0.282757	0.283018	0.28328	0.283584	0.283887	0.284058	0.284229	0.283803	0.283377	0.282428	0.281479	0.280165	0.278852	0.278314	0.277776	0.27827	0.278764	0.280001	0.281238	0.2823	0.283361	0.283953	0.284544	0.284682	0.284819	0.285645	0.286471	0.285773	0.285076	0.283562	0.282048	0.281869	0.281691	0.282384	0.283077	0.282545	0.282013	0.280878	0.279742	0.280063	0.280383	0.28295	0.285516	0.286991	0.288465	0.288278	0.288091	0.286645	0.285198	0.283643	0.282087	0.281278	0.280469	0.280396	0.280324	0.280683	0.281041	0.28145	0.281859	0.282055	0.282252	0.282385	
0.305373	0.305416	0.305517	0.305618	0.305955	0.306292	0.306821	0.307351	0.307888	0.308425	0.30842	0.308414	0.307597	0.30678	0.305104	0.303428	0.302115	0.300801	0.300559	0.300316	0.301566	0.302815	0.30476	0.306704	0.307569	0.308433	0.307568	0.306704	0.307557	0.30841	0.308316	0.308223	0.306979	0.305734	0.305625	0.305516	0.306103	0.306689	0.305623	0.304556	0.303551	0.302545	0.303722	0.304899	0.307865	0.310832	0.311937	0.313042	0.312177	0.311313	0.309512	0.307712	0.306245	0.304777	0.304229	0.303682	0.303743	0.303804	0.304164	0.304524	0.304839	0.305153	0.305242	0.30533	0.305373	
0.328955	0.328996	0.329055	0.329115	0.329385	0.329655	0.330114	0.330572	0.331137	0.331702	0.331988	0.332273	0.331902	0.33153	0.330171	0.328813	0.327239	0.325665	0.324561	0.323458	0.323938	0.324419	0.326839	0.329259	0.330608	0.331956	0.330284	0.328611	0.328987	0.329362	0.329915	0.330467	0.330079	0.32969	0.329546	0.329402	0.32948	0.329559	0.328559	0.32756	0.327244	0.326927	0.328621	0.330315	0.332873	0.335431	0.33575	0.33607	0.334737	0.333404	0.331745	0.330086	0.329016	0.327945	0.327682	0.32742	0.327534	0.327649	0.327965	0.328282	0.328531	0.32878	0.328847	0.328914	0.328955	
0.352537	0.352576	0.352594	0.352612	0.352814	0.353017	0.353406	0.353794	0.354387	0.354979	0.355556	0.356132	0.356206	0.35628	0.355238	0.354197	0.352362	0.350528	0.348564	0.346599	0.346311	0.346022	0.348918	0.351814	0.353647	0.355479	0.352999	0.350519	0.350417	0.350314	0.351512	0.352711	0.353178	0.353646	0.353466	0.353287	0.352858	0.352428	0.351496	0.350564	0.350937	0.351309	0.35352	0.355732	0.357881	0.36003	0.359564	0.359098	0.357297	0.355495	0.353978	0.352461	0.351787	0.351113	0.351135	0.351158	0.351325	0.351493	0.351766	0.352039	0.352223	0.352407	0.352452	0.352498	0.352537	
0.376829	0.376962	0.377002	0.377042	0.377173	0.377303	0.377504	0.377705	0.378054	0.378403	0.378875	0.379347	0.379572	0.379798	0.379328	0.378859	0.377378	0.375897	0.373615	0.371333	0.370106	0.368879	0.371249	0.37362	0.375523	0.377426	0.375528	0.37363	0.373138	0.372645	0.374146	0.375648	0.377067	0.378486	0.377824	0.377162	0.376349	0.375536	0.375237	0.374938	0.375957	0.376977	0.37928	0.381584	0.382692	0.3838	0.382472	0.381144	0.379288	0.377432	0.376338	0.375244	0.37493	0.374617	0.374803	0.37499	0.375196	0.375401	0.375691	0.37598	0.376203	0.376425	0.376561	0.376697	0.376829	
0.401121	0.401347	0.40141	0.401472	0.401531	0.401589	0.401603	0.401617	0.401722	0.401826	0.402194	0.402562	0.402939	0.403316	0.403418	0.40352	0.402393	0.401266	0.398666	0.396067	0.393901	0.391736	0.393581	0.395426	0.397399	0.399373	0.398057	0.396741	0.395859	0.394976	0.39678	0.398584	0.400955	0.403326	0.402181	0.401036	0.399841	0.398645	0.398978	0.399311	0.400978	0.402644	0.40504	0.407436	0.407503	0.40757	0.40538	0.40319	0.401279	0.399369	0.398698	0.398027	0.398074	0.39812	0.398471	0.398822	0.399066	0.399309	0.399615	0.399921	0.400183	0.400444	0.40067	0.400896	0.401121	
0.424814	0.425053	0.425166	0.425279	0.425384	0.425489	0.425484	0.42548	0.425503	0.425527	0.42573	0.425933	0.426225	0.426517	0.426935	0.427354	0.426875	0.426397	0.424415	0.422434	0.419779	0.417125	0.417464	0.417802	0.419219	0.420635	0.420858	0.421081	0.42098	0.420879	0.422142	0.423405	0.425317	0.427228	0.426225	0.425222	0.424337	0.423452	0.424356	0.425261	0.42746	0.429659	0.431591	0.433522	0.432168	0.430813	0.427889	0.424965	0.423516	0.422067	0.421852	0.421638	0.421873	0.422108	0.422478	0.422849	0.423045	0.423242	0.423481	0.42372	0.423927	0.424133	0.424354	0.424576	0.424814	
0.448507	0.448759	0.448922	0.449086	0.449237	0.449388	0.449366	0.449343	0.449285	0.449227	0.449266	0.449304	0.449511	0.449718	0.450453	0.451187	0.451357	0.451527	0.450164	0.448801	0.445657	0.442514	0.441346	0.440179	0.441038	0.441897	0.443659	0.445421	0.446101	0.446782	0.447504	0.448227	0.449679	0.451131	0.45027	0.449408	0.448833	0.448258	0.449735	0.451211	0.453942	0.456674	0.458141	0.459608	0.456832	0.454056	0.450398	0.446739	0.445752	0.444766	0.445007	0.445248	0.445672	0.446096	0.446486	0.446875	0.447025	0.447174	0.447347	0.44752	0.447671	0.447822	0.448039	0.448255	0.448507	
0.471249	0.471436	0.471601	0.471766	0.471956	0.472147	0.472204	0.472262	0.472313	0.472363	0.472425	0.472487	0.472677	0.472868	0.473559	0.47425	0.474912	0.475575	0.475121	0.474668	0.472058	0.469448	0.467272	0.465095	0.46514	0.465185	0.467653	0.470122	0.471543	0.472965	0.473205	0.473446	0.47422	0.474994	0.474384	0.473774	0.473672	0.47357	0.475521	0.477473	0.479563	0.481652	0.482117	0.482581	0.479096	0.47561	0.472074	0.468539	0.46822	0.467901	0.468579	0.469257	0.469768	0.470279	0.470552	0.470824	0.470812	0.470799	0.470807	0.470816	0.470821	0.470826	0.470944	0.471062	0.471249	
0.493991	0.494113	0.49428	0.494446	0.494675	0.494905	0.495043	0.49518	0.49534	0.4955	0.495584	0.495669	0.495843	0.496017	0.496665	0.497312	0.498467	0.499623	0.500079	0.500535	0.498459	0.496383	0.493197	0.490012	0.489242	0.488473	0.491648	0.494823	0.496986	0.499149	0.498907	0.498664	0.498761	0.498857	0.498499	0.49814	0.498511	0.498881	0.501308	0.503735	0.505183	0.506631	0.506093	0.505554	0.501359	0.497164	0.493751	0.490338	0.490687	0.491036	0.492151	0.493266	0.493865	0.494463	0.494618	0.494773	0.494599	0.494424	0.494268	0.494113	0.493971	0.493829	0.493849	0.493869	0.493991	
0.517709	0.517798	0.517929	0.51806	0.518221	0.518381	0.518441	0.518502	0.518581	0.51866	0.518662	0.518664	0.518779	0.518894	0.519337	0.51978	0.520845	0.521909	0.52276	0.523611	0.522597	0.521583	0.518622	0.51566	0.513948	0.512235	0.5151	0.517965	0.519957	0.521948	0.521843	0.521738	0.521474	0.52121	0.52074	0.520271	0.521411	0.522551	0.524614	0.526677	0.526623	0.526569	0.52534	0.524112	0.521004	0.517896	0.516157	0.514418	0.514955	0.515493	0.516517	0.517541	0.518045	0.518548	0.518594	0.518639	0.518424	0.518208	0.518043	0.517878	0.51773	0.517583	0.517602	0.517621	0.517709	
0.541428	0.541482	0.541579	0.541675	0.541766	0.541856	0.54184	0.541823	0.541822	0.54182	0.541739	0.541658	0.541714	0.54177	0.542009	0.542249	0.543222	0.544194	0.545441	0.546687	0.546735	0.546783	0.544046	0.541309	0.538653	0.535998	0.538553	0.541108	0.542927	0.544747	0.544779	0.544811	0.544187	0.543562	0.542982	0.542401	0.544311	0.54622	0.54792	0.54962	0.548063	0.546506	0.544588	0.54267	0.540649	0.538628	0.538563	0.538498	0.539224	0.53995	0.540883	0.541815	0.542225	0.542634	0.542569	0.542505	0.542249	0.541993	0.541818	0.541643	0.54149	0.541337	0.541355	0.541374	0.541428	
0.566965	0.567006	0.567122	0.567239	0.567287	0.567335	0.567316	0.567298	0.567222	0.567147	0.566976	0.566806	0.566738	0.56667	0.566747	0.566824	0.567438	0.568053	0.569117	0.570181	0.570479	0.570778	0.568892	0.567005	0.562856	0.558707	0.558551	0.558395	0.561198	0.564	0.564286	0.564573	0.564197	0.563821	0.563204	0.562588	0.564571	0.566554	0.568077	0.569599	0.567648	0.565696	0.56478	0.563865	0.56302	0.562176	0.563056	0.563936	0.565137	0.566337	0.567155	0.567972	0.568071	0.56817	0.568	0.567831	0.567599	0.567367	0.567222	0.567076	0.566953	0.566829	0.566877	0.566925	0.566965	
0.592503	0.592529	0.592666	0.592802	0.592808	0.592814	0.592793	0.592772	0.592623	0.592474	0.592213	0.591953	0.591762	0.591571	0.591485	0.591398	0.591655	0.591913	0.592793	0.593674	0.594224	0.594773	0.593737	0.592702	0.587059	0.581416	0.578549	0.575682	0.579468	0.583253	0.583794	0.584334	0.584207	0.584079	0.583427	0.582774	0.584831	0.586888	0.588233	0.589578	0.587232	0.584886	0.584973	0.585059	0.585392	0.585724	0.587549	0.589374	0.59105	0.592725	0.593427	0.594129	0.593917	0.593706	0.593432	0.593157	0.592949	0.592741	0.592626	0.59251	0.592416	0.592322	0.592399	0.592476	0.592503	
0.61606	0.616089	0.616244	0.6164	0.616448	0.616495	0.616577	0.616659	0.616614	0.61657	0.616465	0.61636	0.616208	0.616056	0.615966	0.615876	0.615956	0.616035	0.617477	0.618919	0.621316	0.623713	0.623667	0.623621	0.61689	0.610158	0.605526	0.600895	0.601707	0.60252	0.604156	0.605792	0.606302	0.606812	0.606012	0.605213	0.607138	0.609063	0.610763	0.612464	0.611585	0.610706	0.611073	0.61144	0.610923	0.610406	0.611377	0.612348	0.613868	0.615388	0.616205	0.617021	0.616982	0.616943	0.616739	0.616535	0.616369	0.616203	0.616117	0.616032	0.615957	0.615882	0.615956	0.616031	0.61606	
0.639617	0.639648	0.639823	0.639998	0.640087	0.640177	0.640362	0.640546	0.640606	0.640666	0.640717	0.640768	0.640654	0.640541	0.640448	0.640354	0.640256	0.640158	0.64216	0.643267	0.647869	0.652217	0.656211	0.655927	0.647758	0.6389	0.632504	0.626107	0.623947	0.621788	0.624519	0.62725	0.628397	0.629544	0.628598	0.627651	0.629445	0.631238	0.633294	0.635349	0.635938	0.636527	0.637174	0.63782	0.636454	0.635088	0.635205	0.635322	0.636687	0.638052	0.638982	0.639913	0.640046	0.640179	0.640046	0.639912	0.639788	0.639664	0.639609	0.639555	0.639499	0.639442	0.639514	0.639586	0.639617	
0.660085	0.660112	0.66025	0.660387	0.660436	0.660485	0.660598	0.66071	0.660729	0.660748	0.660752	0.660756	0.660669	0.660582	0.660492	0.660402	0.660318	0.660234	0.661621	0.663206	0.668671	0.674639	0.678068	0.675825	0.669348	0.665536	0.666827	0.668117	0.66712	0.666123	0.661606	0.657088	0.656864	0.65664	0.656055	0.65547	0.658381	0.661292	0.66203	0.662767	0.663003	0.663238	0.663555	0.663871	0.662355	0.660838	0.659428	0.658018	0.658027	0.658036	0.658437	0.658837	0.65913	0.659422	0.659512	0.659603	0.659658	0.659714	0.659776	0.659838	0.659854	0.659869	0.659964	0.660058	0.660085	
0.680554	0.680577	0.680677	0.680776	0.680784	0.680792	0.680833	0.680875	0.680852	0.68083	0.680787	0.680743	0.680683	0.680622	0.680536	0.68045	0.68038	0.68031	0.681082	0.680339	0.681582	0.685014	0.689815	0.692681	0.691859	0.692172	0.70115	0.710128	0.710294	0.708973	0.695589	0.685591	0.682113	0.68281	0.682059	0.682611	0.68546	0.691347	0.690766	0.690184	0.690067	0.68995	0.689936	0.689923	0.688255	0.686588	0.683651	0.680715	0.679367	0.67802	0.677891	0.677761	0.678213	0.678665	0.678979	0.679293	0.679529	0.679764	0.679943	0.680122	0.680209	0.680296	0.680414	0.680531	0.680554	
0.70279	0.702761	0.702806	0.702852	0.702864	0.702876	0.702936	0.702997	0.70306	0.703124	0.703202	0.70328	0.703387	0.703493	0.703554	0.703616	0.703765	0.703914	0.704038	0.702298	0.701267	0.701481	0.70369	0.706943	0.709238	0.710466	0.718428	0.72639	0.727994	0.735527	0.723709	0.706727	0.699334	0.709321	0.711299	0.710384	0.709025	0.70862	0.708804	0.708987	0.709396	0.709804	0.711677	0.71355	0.712764	0.711978	0.709348	0.706717	0.704912	0.703107	0.702607	0.702107	0.702244	0.70238	0.702511	0.702643	0.70269	0.702737	0.702775	0.702813	0.702794	0.702774	0.702796	0.702819	0.70279	
0.725025	0.724944	0.724936	0.724928	0.724944	0.72496	0.72504	0.72512	0.725268	0.725417	0.725617	0.725817	0.726091	0.726364	0.726573	0.726781	0.727149	0.727517	0.726994	0.726471	0.72449	0.72251	0.721207	0.719904	0.724332	0.72876	0.735705	0.742651	0.745693	0.748265	0.739497	0.728922	0.705649	0.730603	0.733853	0.731377	0.728675	0.725893	0.726842	0.72779	0.728724	0.729657	0.733418	0.737178	0.737273	0.737368	0.735044	0.73272	0.730457	0.728194	0.727323	0.726453	0.726274	0.726096	0.726044	0.725992	0.725852	0.725711	0.725607	0.725504	0.725378	0.725251	0.725179	0.725107	0.725025	
0.750554	0.750509	0.7505	0.750492	0.750544	0.750595	0.750689	0.750782	0.750947	0.751112	0.751276	0.75144	0.751626	0.751811	0.751944	0.752078	0.752248	0.752419	0.751603	0.750787	0.748657	0.746526	0.74579	0.745054	0.749214	0.753375	0.758542	0.763709	0.764188	0.763044	0.755221	0.751739	0.778304	0.759385	0.754882	0.751251	0.749844	0.748499	0.749889	0.75128	0.752179	0.753077	0.755883	0.758689	0.758899	0.75911	0.757589	0.756068	0.7545	0.752933	0.752241	0.75155	0.751377	0.751206	0.751211	0.751216	0.751152	0.751087	0.751007	0.750926	0.750842	0.750758	0.750678	0.750599	0.750554	
0.776083	0.776074	0.776065	0.776056	0.776143	0.776231	0.776338	0.776444	0.776625	0.776806	0.776934	0.777063	0.777161	0.777258	0.777316	0.777374	0.777347	0.77732	0.776212	0.775104	0.772823	0.770543	0.770373	0.770203	0.774096	0.777989	0.781378	0.784767	0.782684	0.780746	0.774379	0.775501	0.798286	0.789543	0.782917	0.778595	0.774939	0.771105	0.772937	0.77477	0.775634	0.776497	0.778348	0.780199	0.780526	0.780852	0.780134	0.779416	0.778543	0.777671	0.777159	0.776646	0.77648	0.776315	0.776377	0.776439	0.776452	0.776464	0.776406	0.776348	0.776306	0.776264	0.776178	0.776092	0.776083	
0.800719	0.800774	0.800776	0.800777	0.800813	0.800849	0.80088	0.800912	0.800947	0.800981	0.801025	0.801069	0.801052	0.801035	0.801043	0.80105	0.800747	0.800443	0.79918	0.797917	0.795884	0.793851	0.79421	0.794568	0.798147	0.801727	0.804429	0.807131	0.803445	0.799583	0.796116	0.800093	0.804745	0.807014	0.808827	0.807363	0.802049	0.797456	0.797449	0.797443	0.798107	0.79877	0.800187	0.801604	0.80236	0.803116	0.802794	0.802472	0.801744	0.801017	0.800398	0.79978	0.799678	0.799577	0.799718	0.799859	0.800041	0.800224	0.800319	0.800413	0.800525	0.800637	0.800651	0.800664	0.800719	
0.825355	0.825475	0.825487	0.825499	0.825483	0.825466	0.825423	0.825381	0.825268	0.825156	0.825115	0.825075	0.824943	0.824812	0.824769	0.824726	0.824146	0.823566	0.822148	0.82073	0.818945	0.817159	0.818046	0.818933	0.822199	0.825465	0.82748	0.829495	0.824206	0.819052	0.818173	0.820882	0.822616	0.825491	0.830342	0.832108	0.828646	0.823807	0.821961	0.820116	0.82058	0.821044	0.822027	0.823009	0.824195	0.82538	0.825454	0.825528	0.824946	0.824364	0.823638	0.822913	0.822876	0.822839	0.823059	0.823278	0.823631	0.823985	0.824231	0.824478	0.824744	0.825011	0.825123	0.825236	0.825355	
0.848174	0.848268	0.848306	0.848345	0.848329	0.848313	0.848348	0.848383	0.84832	0.848257	0.848309	0.848362	0.848182	0.848003	0.847731	0.847459	0.846765	0.846071	0.845172	0.844273	0.84401	0.843747	0.845211	0.846675	0.848675	0.850674	0.850497	0.850319	0.846779	0.842919	0.843377	0.845492	0.846442	0.848411	0.852123	0.854548	0.853661	0.851524	0.849321	0.847117	0.846263	0.845409	0.845836	0.846262	0.847526	0.848789	0.849226	0.849664	0.849353	0.849043	0.848266	0.847489	0.847212	0.846934	0.846881	0.846828	0.847007	0.847187	0.84733	0.847474	0.847674	0.847874	0.847977	0.84808	0.848174	
0.870992	0.871061	0.871126	0.871191	0.871175	0.871159	0.871273	0.871386	0.871372	0.871358	0.871503	0.871649	0.871421	0.871193	0.870693	0.870192	0.869383	0.868575	0.868196	0.867817	0.869075	0.870334	0.872376	0.874418	0.875151	0.875884	0.873514	0.871143	0.869352	0.867561	0.870006	0.872451	0.872431	0.872411	0.87514	0.877868	0.878555	0.879242	0.87668	0.874119	0.871947	0.869775	0.869645	0.869515	0.870856	0.872198	0.872999	0.8738	0.873762	0.873723	0.872894	0.872065	0.871547	0.87103	0.870704	0.870378	0.870383	0.870389	0.87043	0.870471	0.870604	0.870737	0.87083	0.870924	0.870992	
0.894267	0.894264	0.894355	0.894445	0.894461	0.894476	0.894661	0.894846	0.894855	0.894864	0.89489	0.894917	0.894548	0.894178	0.893565	0.892952	0.892565	0.892179	0.89238	0.892582	0.894148	0.895714	0.897445	0.899176	0.89845	0.897724	0.895103	0.892481	0.89278	0.893079	0.895289	0.897499	0.89616	0.894821	0.896803	0.898785	0.900995	0.903205	0.901423	0.89964	0.897115	0.894589	0.893801	0.893013	0.894095	0.895178	0.8963	0.897421	0.897709	0.897996	0.897388	0.896779	0.896263	0.895747	0.895286	0.894824	0.894672	0.89452	0.894401	0.894282	0.894269	0.894256	0.894262	0.894269	0.894267	
0.917541	0.917468	0.917584	0.917699	0.917746	0.917793	0.91805	0.918306	0.918338	0.91837	0.918278	0.918186	0.917674	0.917163	0.916437	0.915711	0.915747	0.915784	0.916565	0.917346	0.91922	0.921093	0.922514	0.923934	0.921749	0.919563	0.916692	0.91382	0.916208	0.918597	0.920572	0.922547	0.919889	0.91723	0.918466	0.919701	0.923435	0.927169	0.926165	0.925162	0.922283	0.919404	0.917957	0.916511	0.917334	0.918158	0.9196	0.921043	0.921656	0.92227	0.921881	0.921493	0.920979	0.920465	0.919868	0.91927	0.918961	0.918651	0.918372	0.918092	0.917933	0.917774	0.917694	0.917614	0.917541	
0.941866	0.94181	0.941907	0.942004	0.941983	0.941961	0.942041	0.942121	0.941929	0.941737	0.941366	0.940994	0.940472	0.93995	0.93955	0.93915	0.939764	0.940379	0.941463	0.942547	0.94363	0.944712	0.944938	0.945164	0.942984	0.940803	0.939185	0.937567	0.940512	0.943457	0.944814	0.94617	0.9437	0.94123	0.941394	0.941557	0.944588	0.947619	0.947747	0.947874	0.945769	0.943664	0.942203	0.940741	0.941043	0.941344	0.942406	0.943468	0.944172	0.944875	0.944845	0.944816	0.944515	0.944215	0.943726	0.943236	0.942979	0.942722	0.942481	0.94224	0.942127	0.942013	0.941967	0.941922	0.941866	
0.966191	0.966152	0.96623	0.966309	0.966219	0.96613	0.966033	0.965936	0.96552	0.965105	0.964453	0.963802	0.963269	0.962736	0.962663	0.962589	0.963781	0.964974	0.966361	0.967749	0.968039	0.96833	0.967362	0.966394	0.964219	0.962043	0.961678	0.961314	0.964816	0.968318	0.969055	0.969793	0.967512	0.965231	0.964322	0.963414	0.965742	0.96807	0.969328	0.970585	0.969255	0.967924	0.966448	0.964972	0.964751	0.964531	0.965212	0.965894	0.966687	0.967481	0.96781	0.968139	0.968052	0.967965	0.967583	0.967202	0.966998	0.966793	0.966591	0.966388	0.96632	0.966251	0.966241	0.96623	0.966191	
0.990192	0.990191	0.990196	0.990202	0.989999	0.989796	0.989487	0.989178	0.988635	0.988093	0.987474	0.986856	0.986654	0.986452	0.98684	0.987229	0.988471	0.989713	0.990659	0.991606	0.990999	0.990392	0.98901	0.987628	0.986439	0.98525	0.986064	0.986878	0.989545	0.992212	0.992136	0.99206	0.990837	0.989613	0.988194	0.986776	0.987476	0.988176	0.989856	0.991536	0.991384	0.991231	0.990286	0.989341	0.989043	0.988746	0.988981	0.989217	0.989742	0.990267	0.990667	0.991067	0.991122	0.991176	0.990929	0.990682	0.990527	0.990372	0.990231	0.990091	0.990097	0.990102	0.990148	0.990194	0.990192	
1.01419	1.01423	1.01416	1.01409	1.01378	1.01346	1.01294	1.01242	1.01175	1.01108	1.01049	1.00991	1.01004	1.01017	1.01102	1.01187	1.01316	1.01445	1.01496	1.01546	1.01396	1.01245	1.01066	1.00886	1.00866	1.00846	1.01045	1.01244	1.01427	1.01611	1.01522	1.01433	1.01416	1.014	1.01207	1.01014	1.00921	1.00828	1.01038	1.01249	1.01351	1.01454	1.01412	1.01371	1.01334	1.01296	1.01275	1.01254	1.0128	1.01305	1.01352	1.014	1.01419	1.01439	1.01427	1.01416	1.01406	1.01395	1.01387	1.01379	1.01387	1.01395	1.01406	1.01416	1.01419	
1.03734	1.03728	1.03712	1.03695	1.0366	1.03625	1.03574	1.03523	1.03477	1.03431	1.03408	1.03385	1.03436	1.03488	1.03584	1.03681	1.03765	1.0385	1.03824	1.03798	1.03604	1.0341	1.03284	1.03159	1.03288	1.03417	1.03653	1.03889	1.0392	1.03951	1.03796	1.0364	1.03719	1.03798	1.03626	1.03454	1.0327	1.03085	1.0324	1.03396	1.0352	1.03644	1.03664	1.03684	1.0368	1.03676	1.03652	1.03628	1.03641	1.03654	1.03698	1.03742	1.03771	1.038	1.03799	1.03798	1.03787	1.03775	1.03761	1.03747	1.03744	1.0374	1.0374	1.03739	1.03734	
1.06048	1.06034	1.06007	1.0598	1.05942	1.05904	1.05855	1.05805	1.0578	1.05755	1.05767	1.05778	1.05869	1.05959	1.06067	1.06174	1.06215	1.06255	1.06152	1.0605	1.05812	1.05575	1.05503	1.05431	1.0571	1.05988	1.06261	1.06534	1.06413	1.06292	1.06069	1.05847	1.06022	1.06197	1.06046	1.05895	1.05618	1.05341	1.05442	1.05543	1.05689	1.05835	1.05916	1.05997	1.06026	1.06055	1.06029	1.06003	1.06003	1.06004	1.06044	1.06084	1.06122	1.06161	1.06171	1.0618	1.06168	1.06156	1.06135	1.06115	1.061	1.06086	1.06074	1.06062	1.06048	
1.08353	1.08321	1.08285	1.08249	1.08217	1.08184	1.08152	1.0812	1.08128	1.08136	1.08177	1.08218	1.08314	1.0841	1.08487	1.08564	1.08547	1.08531	1.084	1.0827	1.08085	1.079	1.07929	1.07958	1.08265	1.08572	1.08769	1.08967	1.08774	1.08582	1.08381	1.08181	1.08349	1.08517	1.08412	1.08306	1.08069	1.07831	1.07867	1.07902	1.07997	1.08093	1.08169	1.08245	1.08289	1.08333	1.08325	1.08316	1.08324	1.08333	1.08371	1.08409	1.08458	1.08506	1.08533	1.08559	1.08556	1.08553	1.0853	1.08508	1.08477	1.08447	1.08416	1.08385	1.08353	
1.10658	1.10608	1.10563	1.10518	1.10491	1.10464	1.1045	1.10436	1.10476	1.10516	1.10587	1.10658	1.10759	1.1086	1.10907	1.10953	1.1088	1.10807	1.10649	1.1049	1.10358	1.10225	1.10355	1.10484	1.1082	1.11156	1.11278	1.114	1.11136	1.10871	1.10693	1.10515	1.10676	1.10837	1.10777	1.10718	1.10519	1.10321	1.10291	1.10261	1.10306	1.10351	1.10422	1.10493	1.10551	1.1061	1.1062	1.1063	1.10646	1.10661	1.10698	1.10734	1.10793	1.10852	1.10895	1.10937	1.10944	1.1095	1.10925	1.109	1.10854	1.10809	1.10758	1.10707	1.10658	
1.13014	1.12958	1.12909	1.12861	1.12841	1.12821	1.1282	1.1282	1.12873	1.12926	1.12996	1.13066	1.13141	1.13217	1.13227	1.13237	1.13145	1.13053	1.12938	1.12823	1.12796	1.1277	1.12937	1.13105	1.13324	1.13543	1.13549	1.13556	1.13349	1.13143	1.13037	1.12931	1.13012	1.13092	1.13086	1.13079	1.12988	1.12897	1.1283	1.12762	1.12721	1.12679	1.12715	1.1275	1.12825	1.129	1.12929	1.12957	1.12968	1.12978	1.12999	1.1302	1.13076	1.13132	1.13187	1.13241	1.13266	1.1329	1.13279	1.13268	1.13225	1.13182	1.13127	1.13071	1.13014	
1.15371	1.15307	1.15256	1.15205	1.15191	1.15177	1.15191	1.15205	1.1527	1.15335	1.15404	1.15474	1.15524	1.15573	1.15547	1.15521	1.1541	1.15298	1.15227	1.15155	1.15235	1.15314	1.1552	1.15725	1.15828	1.15931	1.15821	1.15711	1.15563	1.15414	1.1538	1.15346	1.15347	1.15348	1.15394	1.15441	1.15457	1.15473	1.15368	1.15263	1.15135	1.15008	1.15008	1.15008	1.15099	1.1519	1.15237	1.15285	1.1529	1.15295	1.153	1.15305	1.15359	1.15412	1.15479	1.15545	1.15588	1.15631	1.15634	1.15636	1.15596	1.15555	1.15495	1.15435	1.15371	
1.17764	1.17712	1.17671	1.1763	1.17622	1.17614	1.17629	1.17644	1.17698	1.17751	1.17799	1.17846	1.17864	1.17883	1.17843	1.17804	1.17716	1.17628	1.17609	1.17589	1.17711	1.17833	1.17993	1.18153	1.18143	1.18132	1.17983	1.17834	1.17777	1.17719	1.17736	1.17752	1.17693	1.17634	1.17717	1.178	1.179	1.18	1.17886	1.17773	1.17592	1.17411	1.17375	1.17339	1.17434	1.17529	1.17591	1.17654	1.17653	1.17652	1.17636	1.17621	1.17653	1.17684	1.1774	1.17795	1.17847	1.17898	1.17919	1.1794	1.1792	1.179	1.17857	1.17815	1.17764	
1.20156	1.20118	1.20087	1.20056	1.20054	1.20052	1.20068	1.20084	1.20126	1.20168	1.20193	1.20218	1.20205	1.20192	1.20139	1.20086	1.20022	1.19958	1.19991	1.20023	1.20188	1.20352	1.20466	1.2058	1.20457	1.20334	1.20145	1.19956	1.19991	1.20025	1.20091	1.20158	1.20039	1.1992	1.20039	1.20159	1.20343	1.20527	1.20405	1.20283	1.20049	1.19815	1.19743	1.19671	1.1977	1.19869	1.19946	1.20022	1.20015	1.20008	1.19972	1.19937	1.19946	1.19956	1.20001	1.20046	1.20105	1.20165	1.20204	1.20244	1.20244	1.20244	1.20219	1.20195	1.20156	
1.22533	1.2252	1.22508	1.22497	1.22503	1.22509	1.22523	1.22536	1.22559	1.22581	1.22585	1.22589	1.22559	1.22528	1.22479	1.22431	1.22395	1.22359	1.22406	1.22453	1.22583	1.22713	1.22766	1.2282	1.22674	1.22528	1.22378	1.22228	1.22303	1.22379	1.22445	1.22511	1.22403	1.22294	1.22409	1.22524	1.22707	1.22891	1.228	1.22709	1.22514	1.22318	1.22222	1.22125	1.22188	1.2225	1.2232	1.2239	1.22391	1.22393	1.22354	1.22315	1.22299	1.22284	1.22303	1.22322	1.22368	1.22415	1.22459	1.22504	1.22523	1.22543	1.22544	1.22545	1.22533	
1.24909	1.24922	1.2493	1.24938	1.24952	1.24967	1.24978	1.24988	1.24992	1.24995	1.24978	1.24961	1.24912	1.24863	1.24819	1.24776	1.24768	1.24761	1.24821	1.24882	1.24978	1.25074	1.25066	1.25059	1.2489	1.24722	1.24611	1.245	1.24616	1.24733	1.24799	1.24864	1.24766	1.24668	1.24778	1.24888	1.25072	1.25255	1.25196	1.25136	1.24979	1.24822	1.24701	1.24579	1.24606	1.24632	1.24694	1.24757	1.24767	1.24778	1.24735	1.24693	1.24653	1.24613	1.24605	1.24598	1.24631	1.24665	1.24714	1.24763	1.24803	1.24842	1.24869	1.24896	1.24909	
1.27244	1.27281	1.27309	1.27338	1.27363	1.27389	1.27402	1.27415	1.27408	1.27401	1.27376	1.27351	1.27297	1.27244	1.27207	1.27169	1.27166	1.27163	1.27207	1.27251	1.273	1.27349	1.27313	1.27278	1.27145	1.27012	1.26952	1.26892	1.26997	1.27101	1.27148	1.27194	1.2714	1.27085	1.27163	1.27242	1.27367	1.27492	1.27484	1.27475	1.27398	1.27321	1.27203	1.27086	1.27065	1.27044	1.27077	1.2711	1.27131	1.27153	1.27123	1.27094	1.27046	1.26997	1.2697	1.26942	1.26951	1.2696	1.26997	1.27034	1.27077	1.27121	1.27164	1.27207	1.27244	
1.29579	1.2964	1.29689	1.29737	1.29774	1.29811	1.29826	1.29841	1.29824	1.29807	1.29774	1.29741	1.29683	1.29625	1.29594	1.29563	1.29565	1.29566	1.29593	1.2962	1.29622	1.29624	1.2956	1.29497	1.29399	1.29302	1.29293	1.29285	1.29377	1.2947	1.29497	1.29524	1.29513	1.29502	1.29549	1.29595	1.29662	1.29729	1.29772	1.29815	1.29817	1.2982	1.29706	1.29592	1.29524	1.29456	1.29459	1.29463	1.29495	1.29527	1.29512	1.29496	1.29439	1.29382	1.29334	1.29287	1.29271	1.29256	1.2928	1.29304	1.29352	1.29401	1.2946	1.29519	1.29579	
1.31893	1.31964	1.32025	1.32086	1.32133	1.32181	1.32202	1.32224	1.32208	1.32191	1.32162	1.32132	1.32075	1.32017	1.31989	1.3196	1.3195	1.3194	1.31946	1.31952	1.31929	1.31906	1.31845	1.31783	1.31723	1.31663	1.31679	1.31696	1.31762	1.31828	1.31849	1.3187	1.31887	1.31903	1.31915	1.31928	1.31944	1.31959	1.32031	1.32102	1.32157	1.32212	1.32124	1.32037	1.31951	1.31866	1.31841	1.31816	1.31848	1.3188	1.31879	1.31878	1.3183	1.31783	1.31733	1.31683	1.31647	1.31612	1.31619	1.31625	1.31664	1.31703	1.31762	1.31822	1.31893	
1.34206	1.34287	1.34361	1.34435	1.34493	1.3455	1.34579	1.34607	1.34592	1.34576	1.34549	1.34522	1.34466	1.3441	1.34383	1.34356	1.34335	1.34313	1.34299	1.34284	1.34237	1.34189	1.34129	1.34068	1.34046	1.34024	1.34065	1.34107	1.34147	1.34187	1.34202	1.34217	1.34261	1.34304	1.34282	1.3426	1.34225	1.3419	1.34289	1.34389	1.34496	1.34603	1.34543	1.34483	1.34379	1.34275	1.34222	1.34168	1.34201	1.34233	1.34246	1.34259	1.34222	1.34185	1.34132	1.34079	1.34023	1.33968	1.33957	1.33947	1.33976	1.34004	1.34064	1.34125	1.34206	
1.36532	1.3661	1.36684	1.36759	1.36819	1.3688	1.36913	1.36946	1.36936	1.36926	1.36905	1.36885	1.36833	1.36781	1.36754	1.36727	1.36697	1.36667	1.36641	1.36616	1.36567	1.36518	1.36468	1.36419	1.36413	1.36408	1.36452	1.36495	1.36521	1.36547	1.36562	1.36576	1.36622	1.36668	1.36634	1.366	1.36546	1.36491	1.36585	1.3668	1.36795	1.3691	1.36878	1.36847	1.36752	1.36657	1.36594	1.3653	1.36554	1.36578	1.36597	1.36615	1.36593	1.36571	1.36527	1.36484	1.36424	1.36363	1.36342	1.3632	1.36336	1.36352	1.36403	1.36454	1.36532	
1.38857	1.38932	1.39007	1.39082	1.39146	1.3921	1.39248	1.39286	1.39281	1.39276	1.39262	1.39247	1.392	1.39152	1.39125	1.39097	1.39058	1.3902	1.38984	1.38947	1.38897	1.38846	1.38808	1.38769	1.38781	1.38792	1.38838	1.38884	1.38895	1.38907	1.38921	1.38935	1.38984	1.39033	1.38987	1.38941	1.38867	1.38792	1.38882	1.38971	1.39094	1.39216	1.39214	1.39211	1.39126	1.3904	1.38966	1.38891	1.38908	1.38924	1.38948	1.38972	1.38964	1.38957	1.38923	1.38889	1.38824	1.38758	1.38726	1.38694	1.38697	1.387	1.38741	1.38783	1.38857	
1.41215	1.41278	1.41342	1.41407	1.41464	1.41521	1.41556	1.41592	1.4159	1.41589	1.41579	1.41569	1.41529	1.41489	1.41465	1.4144	1.41403	1.41366	1.41332	1.41297	1.41256	1.41214	1.41186	1.41157	1.41169	1.41181	1.41221	1.41261	1.41267	1.41273	1.41285	1.41296	1.41336	1.41376	1.41337	1.41299	1.41232	1.41164	1.41233	1.41301	1.41405	1.41508	1.41518	1.41529	1.41461	1.41394	1.41327	1.4126	1.4127	1.41279	1.413	1.41322	1.41322	1.41323	1.41299	1.41276	1.41219	1.41162	1.4113	1.41099	1.41095	1.41091	1.41122	1.41153	1.41215	
1.43574	1.43623	1.43678	1.43732	1.43782	1.43831	1.43864	1.43897	1.439	1.43902	1.43897	1.43892	1.43859	1.43827	1.43805	1.43783	1.43748	1.43712	1.4368	1.43647	1.43615	1.43582	1.43564	1.43545	1.43558	1.43571	1.43604	1.43637	1.43639	1.4364	1.43648	1.43656	1.43687	1.43719	1.43688	1.43657	1.43597	1.43536	1.43584	1.43632	1.43716	1.438	1.43823	1.43846	1.43797	1.43748	1.43689	1.43629	1.43632	1.43634	1.43653	1.43672	1.4368	1.43688	1.43675	1.43662	1.43614	1.43566	1.43535	1.43503	1.43493	1.43482	1.43503	1.43524	1.43574	
1.45962	1.45996	1.46033	1.4607	1.46104	1.46138	1.46161	1.46184	1.46186	1.46188	1.46185	1.46182	1.4616	1.46138	1.46123	1.46108	1.46083	1.46058	1.46036	1.46013	1.45992	1.4597	1.45958	1.45946	1.45955	1.45964	1.45986	1.46009	1.4601	1.46011	1.46015	1.4602	1.46041	1.46062	1.46042	1.46022	1.45981	1.4594	1.4597	1.46	1.46057	1.46113	1.46131	1.46148	1.46116	1.46085	1.46044	1.46003	1.46004	1.46004	1.46017	1.4603	1.46037	1.46043	1.46036	1.46028	1.45995	1.45963	1.45941	1.45919	1.4591	1.45902	1.45915	1.45928	1.45962	
1.48351	1.48368	1.48388	1.48407	1.48426	1.48445	1.48458	1.48471	1.48473	1.48475	1.48474	1.48473	1.48461	1.48449	1.48441	1.48432	1.48418	1.48405	1.48392	1.48379	1.48369	1.48358	1.48353	1.48347	1.48352	1.48357	1.48369	1.4838	1.48381	1.48381	1.48383	1.48384	1.48395	1.48405	1.48396	1.48387	1.48365	1.48343	1.48356	1.48368	1.48397	1.48426	1.48438	1.48451	1.48436	1.48421	1.48399	1.48376	1.48375	1.48375	1.48381	1.48388	1.48393	1.48399	1.48396	1.48394	1.48377	1.48359	1.48347	1.48334	1.48328	1.48322	1.48328	1.48333	1.48351	
1.50751	1.50751	1.50751	1.50751	1.50751	1.50751	1.50751	1.50751	1.50751	1.50751	1.50751	1.50751	1.50751	1.50751	1.50751	1.50751	1.50751	1.50751	1.50751	1.50751	1.50751	1.50751	1.50751	1.50751	1.50751	1.50751	1.50751	1.50751	1.50751	1.50751	1.50751	1.50751	1.50751	1.50751	1.50751	1.50751	1.50751	1.50751	1.50751	1.50751	1.50751	1.50751	1.50751	1.50751	1.50751	1.50751	1.50751	1.50751	1.50751	1.50751	1.50751	1.50751	1.50751	1.50751	1.50751	1.50751	1.50751	1.50751	1.50751	1.50751	1.50751	1.50751	1.50751	1.50751	1.50751	
