x=90	y=200	z=200	n=65	len=1
b
0	0	0	0	0	0	0	0	0	0	0	0	0	0	0	0	0	0	0	0	0	0	0	0	0	0	0	0	0	0	0	0	0	0	0	0	0	0	0	0	0	0	0	0	0	0	0	0	0	0	0	0	0	0	0	0	0	0	0	0	0	0	0	0	0	
0.021689	0.0199753	0.019669	0.0207286	0.0234001	0.027262	0.0313815	0.0349169	0.0371791	0.0380904	0.0377142	0.0363867	0.0348056	0.0332856	0.031895	0.0305949	0.0293139	0.0279643	0.026484	0.0248943	0.0232175	0.0215315	0.0200249	0.0188624	0.0181076	0.0177548	0.017743	0.0180358	0.01862	0.0194169	0.0203149	0.0212076	0.0220647	0.0229391	0.0238623	0.0248284	0.0258305	0.0268244	0.0277275	0.0284231	0.0287679	0.0286333	0.0279946	0.0268821	0.0253544	0.0235515	0.0216502	0.0198619	0.0183686	0.0172867	0.016736	0.0167489	0.01736	0.0189495	0.0218254	0.0255727	0.0295208	0.0330604	0.0356088	0.036469	0.035366	0.0325914	0.0287717	0.0248386	0.0216892	
0.0447418	0.0411179	0.0402209	0.0422165	0.0470917	0.0537123	0.0604783	0.0663138	0.0702805	0.0720993	0.0719036	0.0700083	0.0672901	0.0645622	0.0621581	0.0600738	0.0581535	0.056154	0.0538457	0.0511863	0.0482572	0.0451986	0.0422701	0.039803	0.0380305	0.0370998	0.0369856	0.0376136	0.0389082	0.0406307	0.0425167	0.0443701	0.0460987	0.047687	0.0491976	0.0507229	0.0523112	0.0539019	0.0553247	0.0563408	0.0566664	0.0561556	0.0548231	0.0527308	0.0500005	0.0468221	0.04346	0.0402738	0.0375903	0.0356387	0.034681	0.0348163	0.0361346	0.0391055	0.0438049	0.0496571	0.0560245	0.0619139	0.066097	0.0675241	0.0658857	0.0617304	0.0561686	0.0502202	0.0447421	
0.0682802	0.0639794	0.0627234	0.0649383	0.0704831	0.0780497	0.0858926	0.0929184	0.0980866	0.100808	0.101128	0.0993229	0.0961174	0.0925471	0.0893106	0.0866265	0.0843208	0.0820062	0.0793487	0.0762158	0.0726312	0.0687988	0.065053	0.0617909	0.0593421	0.0579906	0.0577989	0.0586725	0.0604531	0.0627791	0.065288	0.06774	0.0700314	0.0721374	0.074132	0.0761261	0.0781615	0.0801379	0.0818039	0.0828241	0.0828554	0.0818382	0.0799073	0.0771638	0.0737154	0.0697503	0.0655956	0.0616587	0.0582834	0.055705	0.054266	0.0542028	0.0556514	0.0590393	0.0644215	0.0712988	0.0790357	0.086268	0.0912593	0.0930179	0.0912551	0.0866104	0.0806022	0.0742723	0.0682805	
0.0926219	0.0890027	0.0879979	0.0898717	0.0946293	0.101394	0.108759	0.115693	0.121163	0.124417	0.125191	0.123751	0.120681	0.116855	0.113223	0.110269	0.107894	0.105631	0.103027	0.0998808	0.0961319	0.0920033	0.0879611	0.0844437	0.0817947	0.0803251	0.0801294	0.0810943	0.0830112	0.085505	0.088203	0.0908478	0.0933637	0.0957514	0.098051	0.100312	0.102523	0.10454	0.106064	0.106751	0.106358	0.104985	0.102845	0.0999872	0.0964427	0.0924166	0.0882651	0.0842876	0.0807068	0.0777566	0.0757999	0.0751922	0.0761683	0.0791086	0.0842074	0.0911637	0.0992859	0.106975	0.112278	0.11433	0.113003	0.108943	0.103542	0.097838	0.0926222	
0.118303	0.116309	0.116245	0.11801	0.121504	0.126277	0.131653	0.136986	0.141462	0.144378	0.145235	0.144171	0.141609	0.138168	0.134768	0.13199	0.12988	0.127999	0.125814	0.123072	0.119641	0.115701	0.111744	0.108275	0.105708	0.104336	0.1042	0.105147	0.106951	0.109292	0.111845	0.114358	0.116788	0.119144	0.12141	0.123556	0.125506	0.127066	0.127968	0.128018	0.127214	0.125794	0.123892	0.121436	0.118431	0.115094	0.111637	0.108138	0.104716	0.101629	0.0992456	0.0979716	0.0982527	0.100435	0.104702	0.110943	0.118463	0.125671	0.130688	0.132791	0.132202	0.129527	0.125729	0.121724	0.118303	
0.144965	0.145409	0.147008	0.149292	0.151704	0.153937	0.156208	0.158642	0.160874	0.162439	0.162829	0.161934	0.159974	0.157352	0.154673	0.152425	0.150784	0.149432	0.147884	0.145852	0.143175	0.139954	0.136572	0.133562	0.131389	0.13031	0.130272	0.131098	0.132564	0.134406	0.136406	0.138373	0.140325	0.142305	0.144234	0.145947	0.147238	0.147911	0.147882	0.147256	0.146252	0.14509	0.143747	0.142095	0.14017	0.138077	0.13572	0.132983	0.129952	0.126906	0.124266	0.12244	0.122071	0.123472	0.126704	0.131787	0.138013	0.143927	0.147867	0.149501	0.149585	0.148599	0.147039	0.145634	0.144965	
0.171331	0.174596	0.178298	0.181463	0.183128	0.182999	0.181851	0.180763	0.180097	0.179716	0.179198	0.178224	0.176811	0.175155	0.173478	0.17204	0.171015	0.170263	0.169447	0.168285	0.166646	0.164534	0.162198	0.160136	0.15871	0.158066	0.15809	0.158637	0.159516	0.160528	0.161594	0.162641	0.163755	0.16501	0.16629	0.167264	0.16759	0.167178	0.166258	0.165214	0.164318	0.163656	0.163094	0.162499	0.161923	0.161276	0.160171	0.158353	0.155845	0.152965	0.150272	0.148181	0.147416	0.148199	0.150405	0.154088	0.158564	0.162559	0.164731	0.165356	0.165859	0.166589	0.167471	0.168935	0.171331	
0.195869	0.201485	0.206999	0.210982	0.212315	0.210543	0.20659	0.202401	0.199058	0.196754	0.195192	0.193999	0.193028	0.192293	0.191727	0.191282	0.190996	0.190859	0.190746	0.190482	0.189956	0.189118	0.188122	0.187308	0.186812	0.186619	0.186624	0.186765	0.186893	0.186888	0.186787	0.186627	0.186601	0.186855	0.187248	0.187296	0.186582	0.18521	0.183717	0.182613	0.182099	0.182093	0.182373	0.182877	0.18362	0.184348	0.184448	0.183548	0.181619	0.179026	0.176548	0.174674	0.173908	0.174291	0.17563	0.177823	0.18021	0.181835	0.181839	0.181145	0.181742	0.183911	0.186997	0.190944	0.195869	
0.218057	0.225022	0.231552	0.236042	0.237358	0.234745	0.229128	0.223027	0.217905	0.214194	0.211726	0.210204	0.209472	0.209434	0.209859	0.210451	0.211005	0.211497	0.211991	0.212501	0.212955	0.213315	0.213617	0.213949	0.214272	0.214502	0.214521	0.21428	0.213649	0.212557	0.211183	0.209718	0.208458	0.207615	0.207046	0.206182	0.204611	0.202652	0.201008	0.200175	0.200238	0.200891	0.201882	0.203325	0.205224	0.207104	0.208156	0.207947	0.206521	0.204396	0.202539	0.2014	0.201009	0.201235	0.201804	0.202429	0.202587	0.201666	0.19948	0.197558	0.198081	0.201215	0.205902	0.211568	0.218057	
0.238702	0.245981	0.252662	0.257234	0.258606	0.255909	0.249905	0.243197	0.237409	0.233023	0.229931	0.22797	0.227134	0.227336	0.22832	0.229723	0.231136	0.232355	0.23342	0.23448	0.235623	0.236872	0.238136	0.239258	0.24013	0.240714	0.240791	0.240196	0.238855	0.236782	0.234276	0.23171	0.229381	0.227477	0.225936	0.224302	0.222288	0.22029	0.218957	0.218693	0.219379	0.220504	0.22196	0.224114	0.226944	0.229648	0.231259	0.231374	0.230296	0.228864	0.227972	0.227786	0.22803	0.228235	0.227969	0.226996	0.22497	0.221778	0.217933	0.215315	0.215881	0.219543	0.225091	0.231621	0.238702	
0.259037	0.265706	0.271704	0.275873	0.277252	0.275148	0.27006	0.264043	0.258615	0.254246	0.250902	0.248501	0.247147	0.246958	0.247809	0.249429	0.251435	0.253419	0.255169	0.256731	0.258295	0.26003	0.26182	0.263327	0.264417	0.265129	0.265131	0.264121	0.262144	0.259368	0.256126	0.252836	0.249691	0.246825	0.244388	0.242306	0.240459	0.239045	0.238507	0.239	0.240129	0.241413	0.243071	0.245751	0.249274	0.252438	0.254108	0.254144	0.253325	0.252679	0.252818	0.253547	0.254321	0.254328	0.253138	0.25065	0.246831	0.242216	0.237762	0.235298	0.236183	0.240005	0.245689	0.252248	0.259037	
0.279985	0.28526	0.28986	0.293161	0.294455	0.29336	0.290212	0.286135	0.282121	0.278551	0.27547	0.272822	0.270738	0.269545	0.269465	0.270487	0.272396	0.274807	0.277281	0.279537	0.281541	0.283481	0.285362	0.286856	0.287802	0.288296	0.287967	0.286479	0.284008	0.280837	0.277266	0.273603	0.26988	0.266252	0.263283	0.261325	0.260227	0.259898	0.260445	0.261618	0.262912	0.264122	0.2659	0.269008	0.27292	0.276025	0.277213	0.276881	0.276284	0.27639	0.277383	0.278699	0.279422	0.278827	0.276707	0.273118	0.268526	0.26377	0.259937	0.25845	0.259813	0.26341	0.268532	0.274307	0.279985	
0.301978	0.305325	0.308095	0.31014	0.311168	0.311144	0.310283	0.308891	0.307286	0.305494	0.303438	0.301063	0.298521	0.296238	0.29474	0.2944	0.295318	0.297319	0.300005	0.302873	0.305478	0.307707	0.309532	0.31074	0.311212	0.311069	0.310078	0.3081	0.305372	0.30215	0.298623	0.294916	0.290978	0.287088	0.284181	0.282806	0.282677	0.28344	0.284819	0.286355	0.287668	0.288966	0.29117	0.294657	0.298389	0.300695	0.301002	0.300265	0.299897	0.300568	0.301912	0.303042	0.303081	0.30172	0.299094	0.29547	0.291442	0.287845	0.285562	0.285328	0.286972	0.289916	0.29384	0.298083	0.301978	
0.325117	0.326387	0.327233	0.327766	0.328202	0.328955	0.330012	0.331073	0.332017	0.332556	0.332384	0.331286	0.329293	0.326775	0.324302	0.322483	0.321772	0.322392	0.324245	0.326921	0.329833	0.332488	0.334451	0.33537	0.335195	0.334016	0.332006	0.329623	0.327062	0.324316	0.321387	0.318244	0.314808	0.311385	0.308897	0.307941	0.30831	0.309467	0.310977	0.312462	0.313837	0.315674	0.31863	0.322255	0.325118	0.32618	0.325637	0.3247	0.324534	0.32522	0.326052	0.326279	0.325538	0.323968	0.321881	0.319491	0.317198	0.31555	0.314912	0.315428	0.316783	0.318664	0.320987	0.323291	0.325116	
0.349365	0.348778	0.347832	0.346815	0.346377	0.347329	0.349409	0.351872	0.354422	0.356828	0.358787	0.359915	0.359919	0.358762	0.35673	0.354377	0.352304	0.351107	0.351152	0.352477	0.354724	0.357308	0.359415	0.360242	0.359489	0.357127	0.353971	0.351441	0.349697	0.348216	0.346661	0.344878	0.342691	0.3402	0.337999	0.336794	0.336746	0.337397	0.338329	0.339346	0.340741	0.343079	0.346381	0.349619	0.35149	0.35169	0.350887	0.350087	0.349789	0.349659	0.349327	0.348651	0.347708	0.346829	0.346234	0.345896	0.34591	0.3462	0.346593	0.347057	0.347532	0.348103	0.348833	0.349368	0.349365	
0.374332	0.372297	0.369941	0.367673	0.366372	0.366914	0.368913	0.371492	0.374379	0.377609	0.381105	0.384508	0.387272	0.388833	0.388882	0.387526	0.385249	0.382749	0.38077	0.379911	0.380387	0.381936	0.38371	0.384501	0.383398	0.380218	0.376389	0.37409	0.373517	0.373749	0.37404	0.373981	0.373306	0.371818	0.36974	0.367976	0.367074	0.366759	0.36668	0.366867	0.367842	0.369869	0.372578	0.37506	0.376476	0.376716	0.376362	0.37576	0.374747	0.373355	0.371996	0.370955	0.370425	0.370663	0.371695	0.373336	0.375336	0.377087	0.378089	0.378311	0.377924	0.377292	0.376649	0.375765	0.374332	
0.398938	0.39598	0.392934	0.390125	0.388306	0.38811	0.389174	0.390844	0.393047	0.3961	0.400199	0.405094	0.410182	0.414643	0.417615	0.418547	0.417425	0.414754	0.411416	0.4084	0.406528	0.406146	0.406877	0.407445	0.406347	0.403176	0.399587	0.397899	0.398272	0.399758	0.401501	0.402825	0.403373	0.40282	0.401172	0.399294	0.397858	0.396704	0.3956	0.394697	0.394669	0.395646	0.397239	0.399041	0.400531	0.401429	0.401568	0.4006	0.3986	0.396342	0.394621	0.393758	0.39389	0.39505	0.397115	0.399858	0.402917	0.405619	0.407323	0.407859	0.407289	0.405871	0.403944	0.401619	0.398939	
0.422377	0.419054	0.41604	0.413415	0.411547	0.410705	0.410602	0.410938	0.411909	0.414031	0.417753	0.423022	0.429306	0.435782	0.441386	0.44503	0.446042	0.444395	0.440782	0.436405	0.432402	0.429663	0.428547	0.428439	0.427767	0.425663	0.42337	0.422668	0.42359	0.425503	0.427756	0.429612	0.430704	0.430832	0.42993	0.428513	0.427096	0.425559	0.423812	0.422054	0.420943	0.420824	0.421523	0.422919	0.424648	0.425911	0.425598	0.423509	0.420716	0.41837	0.417131	0.417111	0.418167	0.420022	0.422505	0.425501	0.42876	0.43176	0.433858	0.434763	0.434335	0.432507	0.42954	0.425963	0.422378	
0.445136	0.44198	0.439344	0.437155	0.435477	0.4343	0.433356	0.432529	0.432213	0.433042	0.435578	0.440054	0.446191	0.453301	0.460412	0.466298	0.46979	0.470193	0.467565	0.462876	0.457455	0.452526	0.449061	0.447595	0.447344	0.447171	0.447108	0.447694	0.449036	0.451049	0.453154	0.454569	0.45527	0.455528	0.455252	0.454541	0.453628	0.452319	0.450554	0.448609	0.446979	0.446181	0.446336	0.447441	0.448971	0.449437	0.447597	0.444245	0.441258	0.439783	0.440115	0.441827	0.444306	0.446966	0.449652	0.452413	0.455103	0.457297	0.458585	0.458848	0.458027	0.455918	0.452639	0.448806	0.445136	
0.468334	0.465939	0.463917	0.462183	0.460707	0.459378	0.457952	0.456346	0.454943	0.454412	0.45533	0.45808	0.462773	0.46905	0.476196	0.4833	0.489179	0.492453	0.492119	0.488297	0.482228	0.475585	0.46989	0.466506	0.465889	0.467469	0.469875	0.471928	0.473915	0.476173	0.477861	0.478298	0.478011	0.477906	0.478036	0.478107	0.477928	0.477219	0.475958	0.474321	0.472648	0.471566	0.471344	0.472025	0.472524	0.471233	0.468023	0.464522	0.462661	0.4633	0.466188	0.470214	0.474248	0.477417	0.479661	0.481318	0.48242	0.482712	0.482148	0.480902	0.479193	0.476941	0.474141	0.471135	0.468334	
0.492645	0.491533	0.490538	0.489541	0.488518	0.487323	0.485713	0.483604	0.481283	0.479325	0.478331	0.478803	0.481091	0.485252	0.491062	0.498167	0.505962	0.512673	0.515838	0.514134	0.508165	0.500191	0.492569	0.487154	0.485349	0.487445	0.491473	0.494882	0.4977	0.500171	0.501319	0.501107	0.500338	0.500005	0.500431	0.501143	0.501249	0.500463	0.499473	0.498377	0.497018	0.49608	0.495802	0.495906	0.494931	0.492361	0.489385	0.487483	0.488098	0.491484	0.496872	0.502569	0.506915	0.508974	0.509313	0.508963	0.508162	0.506673	0.504564	0.502126	0.499777	0.497676	0.49575	0.494043	0.492645	
0.51763	0.517822	0.518076	0.518257	0.518281	0.517841	0.516615	0.514485	0.511614	0.508409	0.505421	0.503275	0.502561	0.503736	0.507079	0.512967	0.521659	0.531535	0.538837	0.540567	0.536062	0.527454	0.518266	0.511295	0.508205	0.509416	0.513368	0.517366	0.520751	0.523144	0.524031	0.524289	0.524257	0.524235	0.52481	0.525691	0.525295	0.52308	0.521213	0.520711	0.520518	0.520432	0.520181	0.519225	0.517185	0.515266	0.514372	0.515012	0.51798	0.523067	0.529283	0.534591	0.537072	0.53639	0.534422	0.532569	0.530799	0.528674	0.526237	0.523751	0.521533	0.51981	0.518572	0.517821	0.51763	
0.542752	0.543485	0.544617	0.545913	0.547046	0.547582	0.547088	0.545408	0.542608	0.538919	0.534743	0.530569	0.527083	0.52509	0.525435	0.52911	0.537057	0.548255	0.558828	0.564719	0.564102	0.557644	0.548588	0.541335	0.537562	0.536773	0.538574	0.541559	0.544565	0.546775	0.548138	0.549656	0.550919	0.551598	0.552244	0.552667	0.551223	0.54718	0.543526	0.542907	0.544068	0.544935	0.544315	0.542359	0.540525	0.541355	0.543926	0.546713	0.550327	0.554953	0.559616	0.562126	0.561388	0.558386	0.555556	0.553501	0.551601	0.549576	0.547765	0.546344	0.545162	0.544125	0.543227	0.542656	0.542752	
0.569303	0.570039	0.571622	0.573567	0.575376	0.576682	0.576858	0.575464	0.572577	0.568547	0.563804	0.558708	0.553635	0.549254	0.546866	0.547883	0.55341	0.563072	0.574125	0.58307	0.587609	0.586932	0.582208	0.577553	0.575019	0.572618	0.570823	0.570872	0.572033	0.573611	0.575289	0.577043	0.578741	0.580407	0.581174	0.580233	0.577256	0.572357	0.567501	0.565559	0.566599	0.567859	0.567239	0.565668	0.566845	0.573895	0.580851	0.582527	0.582905	0.584643	0.586123	0.585146	0.582021	0.578643	0.576311	0.574393	0.572279	0.570392	0.569524	0.569681	0.570174	0.570354	0.57002	0.569447	0.569303	
0.598614	0.599895	0.602108	0.604659	0.607165	0.609425	0.610722	0.610078	0.607293	0.602832	0.597224	0.590955	0.584356	0.577874	0.572848	0.570976	0.573177	0.579163	0.58746	0.596438	0.603988	0.608339	0.610191	0.611257	0.612074	0.610552	0.606856	0.604085	0.602936	0.60288	0.603511	0.604111	0.605107	0.606393	0.605969	0.603182	0.599025	0.594459	0.58978	0.586872	0.587291	0.588647	0.588362	0.589344	0.600128	0.618573	0.631723	0.626981	0.618119	0.613024	0.610158	0.607141	0.604265	0.60178	0.59965	0.597208	0.594599	0.592927	0.593004	0.594595	0.596671	0.598072	0.598497	0.598371	0.598613	
0.630962	0.633459	0.636219	0.638867	0.641448	0.64402	0.646064	0.646575	0.645034	0.641529	0.636331	0.629827	0.622229	0.613731	0.605699	0.600334	0.5987	0.600243	0.603741	0.609578	0.61744	0.623197	0.627242	0.631923	0.635714	0.636796	0.634659	0.631724	0.62968	0.628078	0.627427	0.627529	0.626822	0.624909	0.622238	0.618583	0.615281	0.612581	0.608526	0.6056	0.605457	0.605672	0.605554	0.610098	0.630903	0.66118	0.677032	0.672658	0.658247	0.64578	0.638334	0.63413	0.631553	0.629239	0.626753	0.623828	0.621156	0.620038	0.620915	0.623318	0.626082	0.627843	0.628572	0.629307	0.630962	
0.662178	0.66418	0.666131	0.667931	0.669685	0.671506	0.673228	0.674255	0.674051	0.672559	0.66999	0.666322	0.660837	0.652708	0.64284	0.634246	0.629026	0.626434	0.625003	0.626082	0.632339	0.638328	0.640425	0.643545	0.648323	0.652695	0.653777	0.652178	0.650561	0.647955	0.645571	0.645102	0.643469	0.63914	0.635088	0.631517	0.630074	0.629878	0.626873	0.624541	0.623047	0.620452	0.62095	0.630212	0.655648	0.683413	0.696986	0.700787	0.694234	0.680565	0.66908	0.662566	0.659358	0.657533	0.656285	0.654713	0.653187	0.653195	0.654829	0.657147	0.65917	0.660056	0.660179	0.660681	0.662177	
0.684083	0.684524	0.68534	0.686489	0.687872	0.6896	0.691577	0.693012	0.693318	0.692862	0.692329	0.691738	0.68959	0.68403	0.674849	0.664973	0.657536	0.652093	0.647899	0.646088	0.648991	0.653416	0.654709	0.656957	0.663059	0.671335	0.675089	0.673528	0.671199	0.666979	0.66251	0.66105	0.660584	0.657879	0.656046	0.654369	0.653502	0.654359	0.65613	0.657462	0.649497	0.638332	0.638377	0.653225	0.680531	0.704503	0.714018	0.716506	0.71412	0.703948	0.69166	0.684572	0.682175	0.681727	0.682552	0.683556	0.684102	0.685036	0.686477	0.687725	0.688172	0.687133	0.685335	0.684219	0.684083	
0.699671	0.69941	0.699698	0.700427	0.70177	0.703996	0.706594	0.708331	0.708653	0.707996	0.707199	0.707108	0.706973	0.703844	0.696469	0.687168	0.678641	0.672344	0.668819	0.667059	0.666849	0.668013	0.67012	0.676247	0.686247	0.696647	0.699826	0.695758	0.691221	0.685397	0.680797	0.68076	0.681501	0.681178	0.68571	0.690941	0.6953	0.704371	0.714462	0.715542	0.698084	0.669764	0.657655	0.67317	0.699691	0.718181	0.723282	0.72269	0.720498	0.714147	0.705778	0.70118	0.699847	0.69899	0.69875	0.699512	0.700967	0.70259	0.703878	0.704809	0.705188	0.704382	0.702595	0.700781	0.699671	
0.713965	0.713304	0.712722	0.712833	0.713953	0.716179	0.718799	0.720751	0.721531	0.721101	0.71967	0.7184	0.718829	0.717425	0.710775	0.701675	0.69371	0.689348	0.687836	0.68634	0.685137	0.686195	0.691772	0.703732	0.716602	0.724121	0.722669	0.715866	0.710496	0.70684	0.705714	0.706572	0.705428	0.706469	0.716994	0.729368	0.740827	0.755259	0.764712	0.765047	0.751041	0.716622	0.684515	0.689548	0.71189	0.724169	0.725623	0.723884	0.721816	0.71753	0.712944	0.710764	0.710455	0.709599	0.708348	0.707931	0.709136	0.710933	0.712024	0.712425	0.712539	0.713173	0.714134	0.714364	0.713966	
0.72076	0.72093	0.721224	0.721995	0.723353	0.72548	0.728081	0.730387	0.731776	0.732111	0.73112	0.729279	0.728823	0.728224	0.722576	0.714876	0.711487	0.712455	0.713458	0.711969	0.710719	0.713777	0.7232	0.736318	0.745648	0.747307	0.742332	0.735595	0.731953	0.733013	0.735066	0.732456	0.727706	0.733323	0.748382	0.760709	0.770634	0.777975	0.780097	0.779792	0.775712	0.755217	0.72087	0.709276	0.721553	0.729004	0.727907	0.725044	0.72326	0.720013	0.717464	0.716832	0.717094	0.717125	0.717162	0.717818	0.719408	0.721079	0.721751	0.721475	0.720887	0.720568	0.720492	0.720533	0.72076	
0.730539	0.730693	0.731244	0.731815	0.732682	0.734264	0.736507	0.738564	0.740041	0.741442	0.741871	0.739784	0.737064	0.735813	0.733092	0.730106	0.731682	0.736107	0.739206	0.739761	0.740062	0.743394	0.751095	0.759383	0.763048	0.762204	0.758665	0.754663	0.752955	0.754435	0.754718	0.749073	0.746008	0.757987	0.773819	0.782488	0.788432	0.79086	0.791872	0.792681	0.784277	0.766571	0.744585	0.731317	0.733971	0.736943	0.734007	0.730484	0.729272	0.728798	0.728637	0.72889	0.728991	0.728996	0.729215	0.729942	0.731072	0.732254	0.733504	0.735134	0.73661	0.736347	0.73418	0.731726	0.730539	
0.753481	0.753003	0.752313	0.75075	0.749107	0.748323	0.748433	0.748683	0.749858	0.754534	0.760328	0.761755	0.757443	0.750549	0.745806	0.745794	0.750605	0.757065	0.760371	0.761629	0.763792	0.766076	0.769172	0.772204	0.772868	0.772371	0.771528	0.770551	0.770114	0.76979	0.767538	0.76241	0.763069	0.776026	0.788961	0.796229	0.802317	0.805848	0.809139	0.809587	0.796572	0.773991	0.757176	0.75002	0.749123	0.748381	0.744768	0.742125	0.742409	0.745677	0.749185	0.75049	0.750566	0.750187	0.749529	0.749337	0.749943	0.751563	0.754582	0.758184	0.760564	0.760376	0.758022	0.755178	0.753481	
0.780575	0.782515	0.783785	0.782427	0.778867	0.77459	0.770583	0.767103	0.766127	0.771594	0.78207	0.791618	0.794889	0.790882	0.785809	0.786269	0.793053	0.799447	0.797226	0.79115	0.788591	0.787185	0.786061	0.785428	0.784267	0.783502	0.783607	0.784219	0.78481	0.78446	0.782226	0.778903	0.779583	0.787817	0.797814	0.806147	0.814396	0.821271	0.826671	0.82758	0.8185	0.799179	0.779017	0.768882	0.769569	0.771726	0.769708	0.766394	0.766196	0.771185	0.776485	0.778335	0.778472	0.778143	0.777753	0.778479	0.780871	0.784394	0.787572	0.789026	0.788304	0.78579	0.782556	0.78037	0.780575	
0.808841	0.813402	0.816985	0.817498	0.814641	0.809243	0.802831	0.797022	0.794428	0.79796	0.807387	0.819322	0.82952	0.835078	0.836675	0.838739	0.842992	0.842424	0.832835	0.821772	0.814651	0.809287	0.804722	0.801559	0.799205	0.797754	0.797777	0.79893	0.799825	0.799832	0.798627	0.796718	0.79644	0.799947	0.807008	0.816064	0.826033	0.835314	0.842378	0.845527	0.843434	0.832237	0.81292	0.799046	0.798984	0.802729	0.802457	0.79934	0.798832	0.803325	0.807669	0.809889	0.810638	0.810573	0.810247	0.811105	0.813935	0.817313	0.818481	0.816794	0.813405	0.809541	0.806503	0.806024	0.808841	
0.83909	0.843062	0.845684	0.846184	0.844451	0.840604	0.835645	0.831482	0.83051	0.834119	0.84156	0.850877	0.859635	0.865775	0.868713	0.869742	0.868802	0.862328	0.851984	0.843847	0.838176	0.832346	0.826323	0.821601	0.818355	0.816467	0.81647	0.818157	0.820103	0.821177	0.820622	0.819144	0.818699	0.820651	0.825156	0.831755	0.840375	0.849818	0.857844	0.863268	0.865589	0.862579	0.852022	0.840351	0.835176	0.833599	0.832358	0.830587	0.83112	0.8348	0.838514	0.84129	0.842402	0.841965	0.840511	0.839658	0.840645	0.842577	0.843204	0.841651	0.838671	0.835646	0.834192	0.835491	0.839089	
0.869259	0.870541	0.870552	0.869557	0.867777	0.865329	0.862935	0.861849	0.863113	0.867024	0.8732	0.880836	0.888152	0.892344	0.892161	0.889176	0.884139	0.876446	0.868644	0.863856	0.861027	0.857331	0.852255	0.847677	0.844694	0.843399	0.844128	0.846875	0.850709	0.852892	0.852161	0.850661	0.850195	0.851189	0.852226	0.853848	0.85855	0.866016	0.874072	0.881177	0.885762	0.886902	0.883905	0.87827	0.872866	0.868453	0.865085	0.862216	0.861737	0.863491	0.865559	0.867163	0.867504	0.866645	0.86479	0.863165	0.863102	0.864531	0.865999	0.866417	0.865848	0.865136	0.865462	0.867161	0.869259	
0.89707	0.896124	0.894242	0.892029	0.889818	0.887927	0.887175	0.888105	0.890623	0.894666	0.900159	0.90651	0.911888	0.913751	0.911027	0.905313	0.898379	0.891155	0.885845	0.883893	0.884044	0.883697	0.881807	0.87978	0.878854	0.8792	0.880986	0.884228	0.887934	0.889249	0.887837	0.88583	0.88412	0.882737	0.880278	0.878157	0.879395	0.88422	0.890961	0.898032	0.903661	0.906847	0.907589	0.906595	0.904837	0.902355	0.899254	0.895759	0.893281	0.891983	0.89117	0.890379	0.889225	0.887663	0.88562	0.883904	0.883561	0.884993	0.887432	0.889913	0.892025	0.893818	0.895442	0.896727	0.89707	
0.922146	0.920867	0.918603	0.916038	0.913826	0.91254	0.912844	0.914716	0.917771	0.922053	0.927365	0.932398	0.934709	0.932775	0.927354	0.920403	0.913518	0.907926	0.905062	0.905461	0.907899	0.910205	0.911545	0.912692	0.914248	0.91623	0.91856	0.921134	0.922912	0.922385	0.920046	0.916841	0.913452	0.910508	0.907064	0.903812	0.902796	0.904735	0.908887	0.91431	0.919661	0.923722	0.926307	0.928037	0.929344	0.929555	0.928193	0.925387	0.922254	0.919387	0.916852	0.914486	0.912137	0.909689	0.907111	0.905038	0.904285	0.905344	0.907938	0.911366	0.914891	0.918057	0.920528	0.922011	0.922146	
0.944605	0.944122	0.942525	0.940497	0.939019	0.938878	0.940235	0.942784	0.946345	0.950861	0.955348	0.95765	0.955735	0.949824	0.942328	0.935336	0.929858	0.926685	0.926381	0.928813	0.932703	0.936349	0.93947	0.942558	0.945539	0.948111	0.950059	0.951449	0.951678	0.949966	0.946691	0.942502	0.938495	0.935783	0.933433	0.930755	0.928555	0.927756	0.928813	0.931767	0.935809	0.939622	0.942793	0.945907	0.949187	0.951586	0.952215	0.950821	0.948316	0.945565	0.942836	0.940177	0.937495	0.934652	0.931639	0.928931	0.927345	0.927487	0.929335	0.932437	0.935964	0.939245	0.941895	0.943769	0.944605	
0.964733	0.965137	0.964597	0.963659	0.9633	0.964314	0.966702	0.970221	0.974607	0.978934	0.981204	0.979413	0.973301	0.964934	0.957053	0.951301	0.948161	0.947694	0.949804	0.953749	0.958213	0.962296	0.96612	0.969827	0.972895	0.974831	0.975615	0.97563	0.974608	0.972136	0.96864	0.964733	0.961233	0.959179	0.958187	0.957009	0.955192	0.953188	0.951961	0.952304	0.954096	0.956651	0.959627	0.963238	0.96759	0.971612	0.97416	0.974721	0.973666	0.971645	0.969154	0.966521	0.963884	0.961197	0.958342	0.955462	0.953201	0.952286	0.952897	0.9548	0.957319	0.959781	0.961849	0.963503	0.964733	
0.984102	0.985025	0.985456	0.985676	0.986443	0.988402	0.991723	0.996152	1.00077	1.00367	1.00273	0.997194	0.988577	0.979935	0.973608	0.970368	0.969963	0.971975	0.975791	0.980277	0.984531	0.988451	0.992218	0.995519	0.997549	0.99798	0.997294	0.996106	0.994384	0.992181	0.98975	0.987031	0.984262	0.98236	0.981663	0.981492	0.981046	0.979903	0.978223	0.976776	0.976127	0.976532	0.978219	0.981288	0.985657	0.990491	0.994652	0.997272	0.998146	0.997347	0.995332	0.992704	0.989945	0.987314	0.984784	0.982275	0.980039	0.978581	0.978152	0.978697	0.979789	0.980944	0.981966	0.982985	0.984102	
1.00473	1.00585	1.00696	1.00819	1.00998	1.01273	1.01649	1.02071	1.02395	1.0243	1.02037	1.01269	1.00394	0.99729	0.994084	0.993968	0.996172	0.999879	1.00415	1.00813	1.01157	1.01476	1.01771	1.01982	1.02026	1.01907	1.01725	1.01575	1.01478	1.01422	1.01348	1.01192	1.00955	1.00717	1.00565	1.00518	1.00546	1.00573	1.00506	1.00333	1.00127	0.999785	0.999662	1.00116	1.00425	1.00854	1.01334	1.01762	1.02054	1.02161	1.02087	1.01885	1.01614	1.01331	1.01066	1.00828	1.00628	1.00478	1.00388	1.00353	1.00341	1.00333	1.00339	1.00384	1.00473	
1.02786	1.02905	1.03064	1.03273	1.03532	1.03838	1.04153	1.04396	1.04449	1.04199	1.03602	1.02804	1.02126	1.01803	1.01843	1.02137	1.02556	1.02983	1.03349	1.03631	1.03854	1.04052	1.04212	1.0427	1.04174	1.03969	1.03783	1.03728	1.03796	1.03908	1.03956	1.03884	1.0369	1.03416	1.03156	1.02992	1.02957	1.03007	1.03019	1.0291	1.02707	1.02494	1.02358	1.02336	1.02441	1.02694	1.03094	1.03582	1.04045	1.04379	1.04532	1.04503	1.04329	1.04062	1.03762	1.03479	1.03249	1.0308	1.02967	1.02885	1.02803	1.02724	1.02682	1.02705	1.02786	
1.05317	1.05435	1.05623	1.05885	1.06181	1.06438	1.06583	1.06556	1.06311	1.0583	1.05159	1.04499	1.04124	1.04149	1.04503	1.05025	1.05541	1.05941	1.06195	1.06332	1.06414	1.06476	1.06497	1.06433	1.06282	1.06116	1.06046	1.06131	1.06307	1.06473	1.06557	1.06534	1.06411	1.06196	1.05926	1.05664	1.05494	1.0544	1.05428	1.05367	1.05231	1.05052	1.04877	1.04741	1.04665	1.04703	1.0492	1.05327	1.05851	1.06372	1.06784	1.07019	1.07056	1.0691	1.06634	1.06306	1.06001	1.05761	1.05596	1.05474	1.05366	1.05276	1.05229	1.05246	1.05317	
1.07927	1.08005	1.08167	1.08421	1.0869	1.08843	1.08791	1.08524	1.08073	1.07496	1.06909	1.06503	1.06451	1.06772	1.07338	1.07951	1.0844	1.08727	1.08823	1.0881	1.08767	1.08715	1.08641	1.08534	1.08429	1.08393	1.08466	1.08623	1.08787	1.08908	1.08969	1.08977	1.08944	1.08854	1.08676	1.08406	1.08133	1.07961	1.07894	1.07854	1.07781	1.07654	1.07478	1.07277	1.07081	1.06945	1.06955	1.07179	1.07618	1.08192	1.08786	1.09278	1.09581	1.09659	1.09532	1.09263	1.08935	1.08628	1.0839	1.08219	1.08089	1.07989	1.07924	1.07904	1.07927	
1.10506	1.10471	1.10535	1.10708	1.10901	1.10951	1.10775	1.10401	1.09921	1.09436	1.0908	1.08996	1.09254	1.09788	1.10419	1.10946	1.11246	1.11311	1.11222	1.1108	1.10947	1.10831	1.10726	1.10645	1.10631	1.10716	1.10861	1.11	1.11091	1.11144	1.11184	1.11228	1.11281	1.11311	1.11251	1.11055	1.10783	1.10568	1.10476	1.10455	1.10423	1.10328	1.10155	1.09923	1.0966	1.09412	1.09255	1.09273	1.09519	1.09989	1.10606	1.11244	1.1177	1.12102	1.12226	1.12169	1.11976	1.11719	1.11469	1.11259	1.11083	1.10916	1.10751	1.10609	1.10506	
1.13027	1.12805	1.12708	1.12751	1.12847	1.12846	1.12673	1.12378	1.12071	1.11855	1.1183	1.12066	1.12537	1.1311	1.13599	1.13857	1.13862	1.13688	1.13446	1.13221	1.13048	1.12921	1.12833	1.12798	1.12846	1.1297	1.13108	1.13195	1.13219	1.1323	1.1327	1.13355	1.13479	1.13607	1.13674	1.13612	1.13436	1.13251	1.13148	1.13122	1.13104	1.13027	1.12872	1.12646	1.12367	1.12063	1.11793	1.11632	1.11656	1.11916	1.12405	1.13037	1.13673	1.14204	1.14591	1.14831	1.14919	1.14871	1.14731	1.1454	1.1431	1.14024	1.13685	1.13337	1.13027	
1.15472	1.15034	1.14748	1.1464	1.14654	1.14669	1.14625	1.14567	1.14571	1.14696	1.14981	1.15411	1.15897	1.16305	1.16509	1.16462	1.16223	1.15897	1.15578	1.15329	1.15163	1.15057	1.14995	1.14981	1.15027	1.15126	1.15222	1.15259	1.15246	1.15244	1.15299	1.15418	1.15589	1.15797	1.15995	1.16104	1.16078	1.15962	1.15849	1.15783	1.15743	1.15676	1.15555	1.1537	1.15117	1.14809	1.14476	1.14184	1.14011	1.14039	1.14319	1.14826	1.15451	1.1608	1.16661	1.17166	1.17555	1.17785	1.17836	1.17725	1.17466	1.17064	1.16554	1.16	1.15472	
1.17801	1.17191	1.16737	1.16499	1.16457	1.16536	1.16686	1.16906	1.17207	1.17587	1.18027	1.18473	1.18837	1.1903	1.19	1.18768	1.18417	1.18042	1.17722	1.17493	1.17349	1.17257	1.17194	1.17163	1.17176	1.1723	1.17276	1.17274	1.17247	1.17256	1.17329	1.17466	1.17665	1.17929	1.18232	1.18497	1.1863	1.18612	1.18513	1.18403	1.18316	1.18241	1.18146	1.18006	1.17803	1.17525	1.17182	1.16818	1.16509	1.16351	1.16422	1.16751	1.17279	1.17911	1.18582	1.19244	1.1984	1.20291	1.20518	1.20498	1.20239	1.19769	1.19156	1.18478	1.17801	
1.20015	1.19326	1.18776	1.18458	1.18387	1.18535	1.1885	1.19266	1.1973	1.202	1.20642	1.21016	1.21267	1.21332	1.21198	1.20911	1.20556	1.20219	1.19946	1.19749	1.1961	1.19499	1.19408	1.19349	1.19332	1.1934	1.19336	1.19306	1.19287	1.1932	1.19415	1.19565	1.19774	1.20058	1.20411	1.20768	1.21027	1.21123	1.21077	1.20961	1.20839	1.20735	1.20639	1.20523	1.20364	1.20138	1.19832	1.19467	1.19103	1.18835	1.18755	1.18917	1.19314	1.19883	1.20546	1.21243	1.21907	1.22449	1.22768	1.22805	1.22558	1.22077	1.2145	1.20744	1.20015	
1.22198	1.21532	1.20981	1.20645	1.20567	1.20749	1.21132	1.21602	1.2208	1.22514	1.22886	1.23182	1.23366	1.23384	1.23236	1.22979	1.22695	1.22445	1.22242	1.22073	1.21919	1.21774	1.21655	1.21577	1.21532	1.21497	1.21452	1.21413	1.21417	1.21488	1.21617	1.21784	1.21992	1.22262	1.226	1.22968	1.23285	1.23474	1.23511	1.23434	1.2331	1.23183	1.2307	1.2296	1.22836	1.22671	1.22437	1.22137	1.21802	1.21508	1.21356	1.21408	1.21678	1.22137	1.22711	1.23332	1.23929	1.24424	1.24726	1.2477	1.24539	1.24094	1.23527	1.22882	1.22198	
1.24459	1.23913	1.23448	1.23158	1.23087	1.2325	1.23583	1.2397	1.24339	1.24658	1.24929	1.25148	1.25288	1.25297	1.25181	1.25001	1.24823	1.24682	1.24557	1.24421	1.24264	1.24105	1.23971	1.23876	1.23804	1.23734	1.2367	1.23644	1.23685	1.23802	1.23967	1.24157	1.24364	1.24599	1.24874	1.25183	1.25482	1.25712	1.25823	1.25812	1.25719	1.25598	1.25482	1.25385	1.25301	1.25205	1.25069	1.24878	1.2464	1.24399	1.24247	1.24248	1.2441	1.24722	1.25129	1.25571	1.25991	1.26332	1.26528	1.26532	1.26327	1.25965	1.25517	1.25008	1.24459	
1.26867	1.26511	1.26196	1.25993	1.25932	1.26025	1.26217	1.2642	1.26601	1.26757	1.26903	1.27038	1.27135	1.27147	1.2708	1.26989	1.26923	1.2689	1.26847	1.26763	1.26638	1.26499	1.26371	1.26264	1.26171	1.2609	1.26038	1.26046	1.26131	1.2628	1.26467	1.26669	1.26872	1.27068	1.27264	1.27475	1.27702	1.27913	1.28059	1.28109	1.28074	1.27997	1.27916	1.2786	1.27837	1.27825	1.27799	1.27734	1.27624	1.27485	1.27371	1.2734	1.27397	1.27532	1.27716	1.27909	1.28083	1.28209	1.28255	1.28201	1.28041	1.27805	1.27529	1.27214	1.26867	
1.29398	1.29256	1.29112	1.29	1.28941	1.28932	1.28941	1.2893	1.28905	1.2889	1.28904	1.28946	1.28989	1.28998	1.28976	1.28965	1.28997	1.29055	1.29091	1.29076	1.29015	1.28932	1.28839	1.28746	1.28662	1.28603	1.28589	1.2864	1.28753	1.28909	1.29088	1.29278	1.2946	1.29616	1.29742	1.29859	1.29994	1.30147	1.30287	1.30379	1.30412	1.30409	1.30405	1.30425	1.30482	1.30564	1.30641	1.30687	1.30683	1.30634	1.30555	1.30475	1.30412	1.30358	1.30303	1.30235	1.30155	1.30065	1.29966	1.29866	1.2977	1.29689	1.29614	1.2952	1.29398	
1.3196	1.32001	1.32003	1.31966	1.31896	1.31786	1.31627	1.31435	1.31244	1.31088	1.30987	1.30937	1.30916	1.30906	1.30914	1.30964	1.31067	1.31193	1.31296	1.31354	1.31374	1.31371	1.31348	1.31313	1.3128	1.31273	1.31309	1.31391	1.31508	1.31644	1.31792	1.31943	1.32083	1.3219	1.32261	1.3231	1.32367	1.32454	1.32564	1.32675	1.32772	1.32858	1.32951	1.33066	1.33208	1.33369	1.33521	1.33638	1.33692	1.33675	1.3359	1.33443	1.33252	1.3302	1.32752	1.32464	1.32177	1.31917	1.31715	1.316	1.31583	1.31654	1.3177	1.3188	1.3196	
1.34463	1.34634	1.34732	1.34741	1.34653	1.34467	1.34201	1.33899	1.33608	1.33362	1.33177	1.3305	1.32967	1.32927	1.32944	1.3303	1.33175	1.3334	1.33489	1.33611	1.33713	1.33799	1.33868	1.33921	1.3397	1.34028	1.34106	1.34201	1.343	1.34399	1.34501	1.34601	1.34685	1.34744	1.34774	1.34782	1.34791	1.34827	1.34904	1.3502	1.35163	1.35327	1.35509	1.35709	1.35922	1.36133	1.3632	1.36458	1.3652	1.36488	1.36357	1.36133	1.35826	1.35449	1.35026	1.34586	1.34166	1.33808	1.33562	1.33464	1.33526	1.33719	1.33976	1.34237	1.34463	
1.36885	1.37124	1.37267	1.37292	1.37188	1.36967	1.36665	1.36333	1.3601	1.3572	1.35481	1.35299	1.3517	1.35102	1.35113	1.35207	1.35359	1.35534	1.35706	1.35872	1.3604	1.36207	1.36364	1.36507	1.36634	1.36749	1.36853	1.3694	1.37009	1.37069	1.37125	1.37174	1.37211	1.37232	1.37238	1.37228	1.37218	1.37229	1.37285	1.37398	1.37565	1.37775	1.38015	1.38269	1.3852	1.38749	1.38934	1.39057	1.39094	1.39026	1.38843	1.38547	1.38151	1.37681	1.3717	1.36653	1.36177	1.35793	1.35557	1.35499	1.35624	1.35893	1.36231	1.36577	1.36885	
1.39249	1.395	1.39646	1.39667	1.39558	1.39341	1.39061	1.38759	1.38454	1.38161	1.379	1.37687	1.37531	1.37444	1.3744	1.37518	1.37649	1.37807	1.37982	1.38173	1.38384	1.38605	1.38823	1.39026	1.39203	1.39348	1.39457	1.39529	1.39573	1.39604	1.39625	1.39638	1.39643	1.39639	1.39629	1.39615	1.39605	1.39613	1.39662	1.3977	1.39938	1.40159	1.40416	1.40683	1.40936	1.41155	1.4132	1.41413	1.41415	1.41311	1.41089	1.40747	1.40305	1.39798	1.39261	1.38739	1.38272	1.37916	1.37722	1.37713	1.37882	1.38183	1.38549	1.3892	1.39249	
1.4158	1.41806	1.41926	1.41933	1.41835	1.41653	1.41428	1.41182	1.40924	1.40662	1.40414	1.40201	1.40039	1.39941	1.39919	1.39966	1.40061	1.40191	1.40352	1.40547	1.40771	1.41012	1.4125	1.41471	1.41658	1.41803	1.41905	1.41963	1.41993	1.42007	1.42009	1.42	1.41985	1.41967	1.41949	1.41937	1.41934	1.41948	1.41997	1.42097	1.42247	1.42447	1.42682	1.42926	1.43155	1.43349	1.43488	1.4355	1.43521	1.43394	1.43159	1.4281	1.42372	1.41882	1.41378	1.40902	1.40494	1.40201	1.40061	1.40091	1.4028	1.40577	1.40925	1.41275	1.4158	
1.4389	1.4407	1.44155	1.44147	1.4407	1.43938	1.43777	1.43597	1.43401	1.43194	1.42988	1.42805	1.42658	1.42561	1.42525	1.42541	1.42599	1.42697	1.42833	1.43008	1.43212	1.43433	1.43651	1.43851	1.44017	1.44142	1.44227	1.44274	1.44295	1.44301	1.44292	1.44271	1.44245	1.44222	1.44206	1.442	1.44204	1.44223	1.44269	1.44351	1.44472	1.4463	1.44818	1.45016	1.45203	1.45361	1.45468	1.45504	1.4546	1.45336	1.4512	1.44805	1.44418	1.43996	1.43572	1.43183	1.42864	1.42649	1.42561	1.42613	1.42789	1.43048	1.43345	1.43639	1.4389	
1.46187	1.46311	1.46362	1.46349	1.46294	1.46211	1.46111	1.45997	1.4587	1.45729	1.45583	1.45449	1.45338	1.45259	1.4522	1.45216	1.45247	1.45313	1.45413	1.45546	1.45702	1.45869	1.46034	1.46184	1.46307	1.46398	1.46459	1.46491	1.46506	1.46507	1.46495	1.46473	1.46447	1.46426	1.46414	1.46413	1.4642	1.46439	1.46474	1.46532	1.46614	1.46721	1.4685	1.46988	1.4712	1.47232	1.47305	1.47323	1.47283	1.47186	1.4702	1.4678	1.46491	1.46178	1.4587	1.45595	1.45381	1.45245	1.45201	1.45253	1.45387	1.45576	1.45794	1.46008	1.46187	
1.48472	1.48537	1.4856	1.4855	1.48522	1.4848	1.48433	1.48381	1.48319	1.48247	1.48171	1.481	1.4804	1.47996	1.47971	1.47963	1.47976	1.48011	1.48065	1.48137	1.48222	1.48312	1.48399	1.48479	1.48544	1.48592	1.48624	1.48641	1.48647	1.48647	1.4864	1.48628	1.48613	1.486	1.48593	1.48592	1.48596	1.48606	1.48625	1.48655	1.48697	1.4875	1.48815	1.48885	1.48953	1.49012	1.49049	1.49056	1.49035	1.48983	1.48892	1.48762	1.48606	1.48438	1.48274	1.48133	1.48027	1.47963	1.47946	1.47977	1.4805	1.48151	1.48265	1.48378	1.48472	
1.50751	1.50751	1.50751	1.50751	1.50751	1.50751	1.50751	1.50751	1.50751	1.50751	1.50751	1.50751	1.50751	1.50751	1.50751	1.50751	1.50751	1.50751	1.50751	1.50751	1.50751	1.50751	1.50751	1.50751	1.50751	1.50751	1.50751	1.50751	1.50751	1.50751	1.50751	1.50751	1.50751	1.50751	1.50751	1.50751	1.50751	1.50751	1.50751	1.50751	1.50751	1.50751	1.50751	1.50751	1.50751	1.50751	1.50751	1.50751	1.50751	1.50751	1.50751	1.50751	1.50751	1.50751	1.50751	1.50751	1.50751	1.50751	1.50751	1.50751	1.50751	1.50751	1.50751	1.50751	1.50751	
