x=200	y=80	z=200	n=65	len=1
b
0.607219	0.607424	0.607645	0.607882	0.60813	0.608388	0.608651	0.608914	0.609169	0.609406	0.609611	0.609758	0.609823	0.609745	0.609464	0.608876	0.607923	0.606523	0.604801	0.602888	0.601198	0.599874	0.599384	0.599715	0.600379	0.601331	0.6026	0.604064	0.605455	0.606597	0.607401	0.607886	0.608145	0.608226	0.608206	0.608146	0.608082	0.608102	0.608157	0.608264	0.60832	0.608335	0.608267	0.608152	0.607981	0.60779	0.607579	0.607371	0.607168	0.606984	0.606817	0.606676	0.606559	0.60647	0.606408	0.606375	0.606368	0.606388	0.606434	0.606507	0.606604	0.606725	0.606868	0.607034	0.607219	
0.607181	0.607382	0.607602	0.60784	0.608095	0.608364	0.608647	0.608939	0.609237	0.609534	0.609824	0.61009	0.610322	0.610481	0.61053	0.610396	0.610029	0.609341	0.608346	0.607048	0.605742	0.60449	0.603762	0.60355	0.603536	0.604034	0.605086	0.606375	0.607579	0.608503	0.609134	0.609488	0.609673	0.609712	0.609682	0.609608	0.609499	0.609439	0.609359	0.609308	0.6092	0.609074	0.608883	0.608671	0.608421	0.608165	0.6079	0.607647	0.607405	0.607187	0.60699	0.606822	0.606681	0.606571	0.606489	0.606438	0.606415	0.606421	0.606454	0.606514	0.606599	0.60671	0.606844	0.607002	0.607181	
0.607162	0.607359	0.607579	0.607819	0.60808	0.60836	0.608659	0.608975	0.609307	0.609652	0.610007	0.610365	0.61072	0.611055	0.61135	0.611561	0.611653	0.611556	0.61124	0.610612	0.609822	0.608822	0.608071	0.607431	0.606838	0.606993	0.607777	0.608766	0.609676	0.610321	0.610755	0.610963	0.611068	0.611051	0.610997	0.610888	0.610715	0.610579	0.610387	0.610222	0.609995	0.609767	0.609486	0.609198	0.608881	0.608568	0.608252	0.607954	0.607671	0.607415	0.607186	0.606988	0.606821	0.606687	0.606584	0.606515	0.606475	0.606465	0.606485	0.606533	0.606608	0.60671	0.606836	0.606987	0.607162	
0.607161	0.607357	0.607577	0.60782	0.608087	0.608377	0.60869	0.609026	0.609385	0.609766	0.61017	0.610592	0.611032	0.611482	0.611937	0.612369	0.612755	0.613047	0.613204	0.613109	0.612796	0.612166	0.611566	0.610816	0.610026	0.609972	0.610465	0.61108	0.61165	0.612005	0.612248	0.612326	0.612362	0.612295	0.612225	0.612082	0.611839	0.61164	0.611354	0.611104	0.610787	0.610482	0.610129	0.609776	0.609398	0.609027	0.608656	0.608308	0.607978	0.60768	0.607413	0.607182	0.606984	0.606824	0.606698	0.606607	0.606549	0.606525	0.60653	0.606567	0.606632	0.606725	0.606844	0.60699	0.607161	
0.607178	0.607374	0.607595	0.607842	0.608116	0.608415	0.608741	0.609094	0.609475	0.609885	0.610323	0.61079	0.611285	0.611806	0.612348	0.612902	0.613442	0.61394	0.614344	0.61457	0.614585	0.614304	0.61392	0.613324	0.612717	0.612601	0.612823	0.613087	0.613361	0.613493	0.613602	0.613591	0.613591	0.613495	0.613437	0.613272	0.612956	0.612707	0.612341	0.612025	0.611637	0.611271	0.610857	0.610443	0.610002	0.609567	0.609133	0.608724	0.608339	0.60799	0.607677	0.607406	0.607173	0.606982	0.60683	0.606716	0.606639	0.606598	0.606589	0.606614	0.606669	0.606754	0.606868	0.60701	0.607178	
0.607215	0.607411	0.607635	0.607888	0.608168	0.608478	0.608816	0.609185	0.609585	0.610018	0.610482	0.610981	0.611512	0.612074	0.612661	0.613269	0.613874	0.614458	0.614963	0.615342	0.615542	0.615517	0.615347	0.615008	0.614688	0.614584	0.614609	0.614608	0.614692	0.614715	0.614783	0.614749	0.614749	0.614656	0.614635	0.614471	0.614104	0.613825	0.613399	0.613035	0.612592	0.612179	0.611713	0.611239	0.610729	0.610218	0.609708	0.609223	0.608769	0.608358	0.60799	0.607669	0.607395	0.607168	0.606985	0.606845	0.606746	0.606687	0.606664	0.606676	0.606722	0.6068	0.606908	0.607047	0.607215	
0.607269	0.607468	0.607697	0.607956	0.608246	0.608567	0.608919	0.609305	0.609723	0.610176	0.610664	0.611187	0.611743	0.612332	0.612942	0.613571	0.614193	0.614799	0.61533	0.615769	0.61606	0.616188	0.616176	0.616038	0.615907	0.615788	0.615705	0.615572	0.615583	0.615624	0.61576	0.615779	0.615816	0.615755	0.615778	0.615645	0.615278	0.615006	0.614556	0.614161	0.613686	0.61324	0.612737	0.612202	0.611613	0.611008	0.610401	0.609822	0.609281	0.608791	0.608354	0.607975	0.60765	0.607381	0.607162	0.606993	0.60687	0.606791	0.606752	0.606752	0.606789	0.60686	0.606965	0.607102	0.607269	
0.607343	0.607545	0.60778	0.608048	0.608349	0.608683	0.609051	0.609454	0.609892	0.610367	0.610878	0.611424	0.612003	0.612611	0.613237	0.613876	0.614498	0.615094	0.615614	0.616058	0.616373	0.616557	0.616606	0.616532	0.616435	0.61626	0.616108	0.615895	0.615894	0.61609	0.616438	0.616606	0.61671	0.61671	0.616768	0.616703	0.616434	0.616233	0.615813	0.615416	0.614937	0.61449	0.613975	0.613386	0.612706	0.611979	0.611246	0.610543	0.609892	0.609304	0.608783	0.608331	0.607947	0.607627	0.607367	0.607164	0.607014	0.606913	0.606857	0.606844	0.606871	0.606937	0.607037	0.607174	0.607343	
0.607434	0.607643	0.607886	0.608164	0.608477	0.608827	0.609212	0.609635	0.610096	0.610594	0.61113	0.611701	0.612304	0.612933	0.613574	0.614218	0.614833	0.615406	0.615897	0.616306	0.616593	0.616744	0.616748	0.616602	0.616403	0.616082	0.615791	0.61538	0.615273	0.615781	0.6166	0.617084	0.617306	0.617383	0.617446	0.61751	0.617491	0.617466	0.617146	0.616775	0.616326	0.615923	0.615443	0.614819	0.614039	0.613161	0.612264	0.611401	0.610611	0.609901	0.609278	0.60874	0.608284	0.607905	0.607597	0.607356	0.607175	0.60705	0.606976	0.60695	0.606967	0.607027	0.607126	0.607262	0.607434	
0.607544	0.60776	0.608013	0.608303	0.608632	0.608998	0.609404	0.609849	0.610334	0.610859	0.611423	0.612022	0.612652	0.613304	0.613961	0.614607	0.615207	0.615747	0.616185	0.616527	0.616736	0.616775	0.616624	0.616269	0.615816	0.615191	0.614588	0.613683	0.613268	0.614242	0.615865	0.616921	0.617353	0.617518	0.617584	0.617899	0.61834	0.618642	0.618508	0.618187	0.617796	0.617499	0.617129	0.616512	0.615633	0.614575	0.61348	0.612419	0.611454	0.610596	0.609851	0.60921	0.60867	0.608221	0.607858	0.607572	0.607356	0.607205	0.607111	0.607071	0.607079	0.607133	0.60723	0.607368	0.607544	
0.607671	0.607895	0.608159	0.608464	0.608809	0.609194	0.609621	0.61009	0.610601	0.611154	0.611746	0.612374	0.613031	0.613703	0.614368	0.615005	0.615576	0.616057	0.616401	0.616627	0.616707	0.616548	0.616115	0.615394	0.614501	0.613367	0.612241	0.610627	0.609839	0.611374	0.613987	0.615857	0.616601	0.616861	0.617023	0.617759	0.618848	0.619653	0.619784	0.619504	0.61915	0.618975	0.618797	0.618316	0.617412	0.616177	0.61486	0.613577	0.612416	0.611384	0.610497	0.609737	0.609099	0.608571	0.608145	0.607809	0.607555	0.607374	0.607259	0.607204	0.607202	0.607252	0.607348	0.607488	0.607671	
0.607814	0.608048	0.608325	0.608645	0.609007	0.609413	0.609862	0.610355	0.610891	0.61147	0.61209	0.612742	0.613415	0.614089	0.614746	0.615354	0.615861	0.616235	0.616417	0.616472	0.616371	0.615923	0.615045	0.61376	0.612196	0.610339	0.608567	0.60638	0.605405	0.607434	0.610776	0.613497	0.614811	0.615245	0.615716	0.616974	0.618722	0.62017	0.620681	0.620377	0.619831	0.619598	0.619717	0.619691	0.619055	0.617827	0.616348	0.614852	0.613493	0.612272	0.611224	0.610328	0.609579	0.60896	0.608462	0.60807	0.607773	0.60756	0.607422	0.607351	0.60734	0.607385	0.607481	0.607625	0.607814	
0.607971	0.608216	0.608506	0.608841	0.609221	0.609645	0.610114	0.610627	0.611184	0.611782	0.612416	0.61307	0.613728	0.61437	0.614973	0.61549	0.615851	0.616019	0.615935	0.615758	0.615445	0.614608	0.61309	0.611056	0.608634	0.605966	0.603618	0.601284	0.60043	0.602658	0.605892	0.609067	0.611347	0.612336	0.613443	0.615213	0.617425	0.619501	0.620511	0.620055	0.618926	0.618499	0.619097	0.619867	0.619949	0.619158	0.617768	0.616151	0.614635	0.613237	0.612021	0.610974	0.610101	0.609381	0.608803	0.608348	0.608005	0.607758	0.607595	0.607508	0.607488	0.607529	0.607625	0.607774	0.607971	
0.608142	0.608398	0.608701	0.609051	0.609446	0.609886	0.610371	0.610898	0.611466	0.612066	0.612687	0.613301	0.613893	0.614429	0.614879	0.61518	0.615232	0.615015	0.614486	0.614014	0.613527	0.612244	0.609915	0.606992	0.60363	0.600272	0.597742	0.595879	0.595406	0.597524	0.599771	0.60252	0.605792	0.60774	0.609791	0.612055	0.614424	0.616884	0.618353	0.61769	0.615974	0.615663	0.617038	0.618796	0.61991	0.619983	0.619029	0.617454	0.615846	0.614288	0.6129	0.611683	0.61067	0.609835	0.609168	0.608646	0.608251	0.607967	0.607779	0.607676	0.607647	0.607685	0.607782	0.607936	0.608142	
0.608322	0.608589	0.608904	0.609266	0.609673	0.610122	0.610613	0.611139	0.611697	0.612267	0.612825	0.613333	0.613768	0.614069	0.614196	0.614064	0.613548	0.6127	0.611541	0.610718	0.610183	0.608578	0.605418	0.601547	0.597331	0.593655	0.591536	0.590656	0.59069	0.59239	0.593185	0.594865	0.598632	0.601421	0.604411	0.607072	0.609221	0.611802	0.613733	0.613049	0.611392	0.611923	0.614335	0.617087	0.619307	0.620461	0.620151	0.618747	0.617117	0.615411	0.613846	0.612445	0.611273	0.610312	0.609548	0.608952	0.608505	0.608183	0.60797	0.607851	0.607813	0.607848	0.607948	0.608107	0.608322	
0.608511	0.608787	0.609112	0.609483	0.609895	0.610345	0.610828	0.611335	0.61185	0.612341	0.612769	0.613073	0.613202	0.613062	0.612588	0.611698	0.610302	0.608626	0.606822	0.605649	0.605139	0.603428	0.599639	0.594891	0.590118	0.586795	0.585662	0.58592	0.586437	0.587224	0.586438	0.587186	0.590704	0.593691	0.597194	0.599831	0.601596	0.604359	0.606866	0.606669	0.606351	0.608526	0.611907	0.615562	0.618851	0.621057	0.621356	0.620154	0.61852	0.616643	0.614869	0.613259	0.611908	0.610805	0.609937	0.609266	0.608764	0.608404	0.608166	0.608032	0.607986	0.608019	0.608122	0.608288	0.608511	
0.608705	0.608988	0.60932	0.609692	0.6101	0.610535	0.610989	0.611442	0.611871	0.612222	0.612435	0.612408	0.612036	0.611179	0.609775	0.607811	0.605347	0.602869	0.60077	0.599485	0.598874	0.597118	0.593098	0.587818	0.583003	0.580693	0.580842	0.582026	0.582794	0.582187	0.580024	0.5804	0.582958	0.58529	0.588522	0.590601	0.592321	0.595702	0.598955	0.600015	0.601882	0.605796	0.610075	0.614613	0.618867	0.621884	0.622569	0.621594	0.619999	0.617943	0.615934	0.614091	0.612549	0.611295	0.610321	0.609573	0.609018	0.608623	0.608361	0.608214	0.608162	0.608195	0.608301	0.608474	0.608705	
0.608901	0.609189	0.609521	0.609888	0.61028	0.610684	0.611081	0.611442	0.611729	0.611865	0.611752	0.611226	0.610102	0.608238	0.605656	0.602504	0.599133	0.596334	0.5947	0.593904	0.592995	0.590779	0.586719	0.581378	0.576956	0.575608	0.57677	0.578894	0.579758	0.577641	0.57446	0.57483	0.576413	0.577534	0.579601	0.580797	0.582929	0.587308	0.591473	0.594238	0.598116	0.603503	0.608786	0.613866	0.61882	0.62246	0.623475	0.622847	0.62136	0.619183	0.616949	0.614877	0.613149	0.611755	0.610681	0.609864	0.609262	0.608836	0.608554	0.608396	0.608341	0.608375	0.608485	0.608663	0.608901	
0.609097	0.609387	0.609713	0.610063	0.610423	0.61077	0.611078	0.611305	0.611392	0.611237	0.610696	0.609524	0.607475	0.604489	0.600725	0.596595	0.592849	0.590477	0.590029	0.590343	0.589159	0.585775	0.580883	0.575371	0.571315	0.570362	0.572523	0.576539	0.578107	0.574925	0.570654	0.570785	0.572223	0.572186	0.572384	0.572441	0.574974	0.580082	0.584796	0.588751	0.593972	0.600662	0.606792	0.611824	0.617442	0.622484	0.624203	0.623902	0.622567	0.620256	0.617832	0.615551	0.61367	0.612156	0.611	0.610127	0.609487	0.609036	0.60874	0.608576	0.608519	0.608556	0.608671	0.608855	0.609097	
0.60929	0.609575	0.609887	0.610209	0.610519	0.610783	0.610964	0.611008	0.610835	0.610323	0.609275	0.607378	0.604388	0.600371	0.595669	0.591031	0.587473	0.586025	0.587084	0.588681	0.587237	0.582026	0.575249	0.569212	0.565962	0.567092	0.571883	0.577398	0.579244	0.576275	0.571523	0.570668	0.572095	0.570998	0.568945	0.567676	0.569776	0.574471	0.578788	0.582569	0.588	0.595607	0.602474	0.607672	0.614532	0.622256	0.625418	0.625043	0.623583	0.621056	0.61844	0.616013	0.614034	0.612456	0.611251	0.610347	0.609684	0.609221	0.608917	0.608751	0.608696	0.608737	0.608857	0.609046	0.60929	
0.609479	0.609755	0.610045	0.610325	0.610564	0.610719	0.610739	0.610559	0.610087	0.609189	0.607644	0.60511	0.601366	0.596556	0.591263	0.586528	0.583407	0.582896	0.585487	0.588315	0.586325	0.578808	0.570031	0.56434	0.565652	0.573685	0.581747	0.585571	0.585265	0.58287	0.579173	0.576945	0.576492	0.573813	0.570033	0.56781	0.56836	0.57106	0.574039	0.576543	0.581219	0.589211	0.596536	0.602291	0.611304	0.621813	0.626211	0.625543	0.623764	0.621329	0.618675	0.616214	0.614235	0.612649	0.611438	0.610525	0.609856	0.609389	0.609085	0.608921	0.60887	0.608917	0.609044	0.609237	0.609479	
0.609661	0.60992	0.610177	0.610399	0.610543	0.610557	0.61038	0.609934	0.609127	0.607832	0.605843	0.602827	0.598569	0.593247	0.587659	0.583071	0.58048	0.580709	0.584504	0.588467	0.586063	0.576928	0.568018	0.565	0.573056	0.587576	0.596007	0.596454	0.593277	0.590634	0.588382	0.585195	0.581465	0.576877	0.573102	0.571692	0.571294	0.571203	0.571796	0.572455	0.575535	0.582753	0.589813	0.597385	0.609701	0.621215	0.624615	0.623476	0.622355	0.620604	0.618287	0.616063	0.614224	0.612719	0.611549	0.610658	0.609999	0.60954	0.609242	0.609085	0.609042	0.609097	0.609229	0.609424	0.609661	
0.609838	0.610075	0.610288	0.610436	0.610466	0.610314	0.609907	0.60916	0.607989	0.606302	0.603944	0.600636	0.596148	0.590572	0.584787	0.580254	0.578061	0.57889	0.58354	0.588778	0.587472	0.579908	0.573611	0.574174	0.58559	0.600167	0.605463	0.603187	0.598966	0.595758	0.594128	0.591235	0.585798	0.579292	0.575696	0.575775	0.575885	0.574418	0.572554	0.570982	0.571588	0.576514	0.582548	0.593343	0.609801	0.620575	0.621482	0.620267	0.620432	0.619392	0.617588	0.61574	0.614112	0.612729	0.611624	0.610766	0.610126	0.609679	0.609392	0.609247	0.609214	0.609278	0.609416	0.609611	0.609838	
0.610005	0.61021	0.610367	0.610422	0.610314	0.609969	0.6093	0.608221	0.606671	0.604607	0.601958	0.59853	0.594085	0.588531	0.582642	0.578002	0.575988	0.577464	0.582846	0.58908	0.590207	0.586152	0.582988	0.587705	0.600235	0.61023	0.610524	0.606473	0.60306	0.600071	0.59875	0.597093	0.593063	0.587071	0.582149	0.580268	0.579467	0.577124	0.573875	0.57135	0.569947	0.57119	0.57654	0.590819	0.608004	0.616697	0.618192	0.618837	0.619554	0.618616	0.617106	0.615513	0.61403	0.612746	0.61169	0.610865	0.610244	0.609813	0.609539	0.609406	0.609385	0.609458	0.609601	0.609793	0.610005	
0.610169	0.610332	0.610415	0.610358	0.610091	0.609526	0.60857	0.607134	0.605183	0.602728	0.599791	0.596288	0.592005	0.586708	0.581021	0.576597	0.575116	0.577388	0.582664	0.58807	0.59034	0.589024	0.590323	0.599729	0.61101	0.615344	0.612362	0.608644	0.606964	0.605443	0.604192	0.602955	0.601266	0.598012	0.592889	0.588236	0.584878	0.580284	0.575366	0.57264	0.570665	0.568972	0.573111	0.587503	0.602926	0.612524	0.617695	0.619655	0.619762	0.618529	0.61702	0.61548	0.614044	0.612802	0.611772	0.610967	0.610361	0.609946	0.609686	0.609568	0.609561	0.609644	0.609792	0.609977	0.610169	
0.610322	0.610432	0.610427	0.61024	0.609792	0.608987	0.60773	0.605944	0.603616	0.600814	0.597668	0.59421	0.590235	0.585426	0.580359	0.576601	0.575716	0.578395	0.583022	0.587032	0.589335	0.591116	0.597325	0.607683	0.614834	0.615833	0.613642	0.611895	0.611449	0.610754	0.60907	0.607575	0.606548	0.604339	0.599794	0.595173	0.591186	0.585771	0.579512	0.575029	0.572359	0.569786	0.572061	0.583589	0.599038	0.61183	0.618639	0.620411	0.61998	0.618593	0.617079	0.615538	0.614117	0.612889	0.611869	0.611076	0.61048	0.610077	0.609833	0.609731	0.609738	0.609832	0.609982	0.610156	0.610322	
0.610469	0.6105	0.610375	0.610022	0.609354	0.608277	0.606706	0.604569	0.601866	0.598719	0.595381	0.592018	0.588433	0.584324	0.580298	0.577543	0.577057	0.579763	0.58446	0.5888	0.592238	0.596108	0.603015	0.611243	0.616017	0.616704	0.616187	0.615643	0.614971	0.61359	0.612044	0.610715	0.60897	0.60643	0.601866	0.597635	0.594334	0.589831	0.583964	0.578542	0.574965	0.572434	0.573507	0.58307	0.598276	0.610382	0.616304	0.619033	0.619982	0.618939	0.617236	0.615655	0.614209	0.612987	0.611969	0.611184	0.610599	0.610212	0.609986	0.609905	0.609932	0.610038	0.610188	0.610346	0.610469	
0.610595	0.610534	0.610272	0.609722	0.608792	0.607399	0.605487	0.603019	0.600009	0.596599	0.593091	0.589732	0.586397	0.582876	0.579785	0.578029	0.578199	0.581023	0.585838	0.591003	0.596156	0.600926	0.606414	0.612951	0.617532	0.618493	0.618082	0.6175	0.615912	0.613424	0.611811	0.610552	0.608615	0.606425	0.602449	0.598244	0.594742	0.590466	0.585602	0.580981	0.577353	0.575192	0.576511	0.585874	0.599625	0.608955	0.613514	0.616863	0.619126	0.618761	0.617181	0.615709	0.614281	0.613078	0.612065	0.611287	0.610712	0.610338	0.610133	0.610074	0.610122	0.610241	0.61039	0.610524	0.610595	
0.610706	0.610493	0.610012	0.609178	0.607906	0.606137	0.603876	0.601147	0.597993	0.594526	0.590996	0.587669	0.584526	0.581453	0.578974	0.577856	0.578587	0.581387	0.585695	0.591169	0.598366	0.605873	0.611883	0.616307	0.618698	0.618942	0.618145	0.616136	0.613049	0.610191	0.608671	0.607829	0.606667	0.604918	0.601453	0.597577	0.593927	0.589732	0.585428	0.581498	0.578434	0.576541	0.579639	0.592665	0.60827	0.615514	0.616411	0.617119	0.618023	0.617697	0.616695	0.615522	0.614259	0.613121	0.612139	0.611377	0.61082	0.61047	0.610299	0.610279	0.610361	0.610497	0.610639	0.610728	0.610706	
0.610743	0.610354	0.609626	0.608448	0.606734	0.604468	0.601766	0.598779	0.595626	0.592347	0.589047	0.585953	0.583137	0.580584	0.57865	0.577865	0.578869	0.582019	0.586839	0.593206	0.601983	0.611365	0.617365	0.618311	0.617065	0.61669	0.615411	0.611541	0.607666	0.605719	0.605301	0.605415	0.604897	0.603065	0.599775	0.596161	0.592264	0.588036	0.584018	0.580613	0.5781	0.576349	0.582025	0.602565	0.626599	0.633328	0.625745	0.620348	0.618806	0.617679	0.616666	0.615527	0.614297	0.613176	0.612206	0.611446	0.610902	0.610571	0.610432	0.610447	0.610566	0.610721	0.610851	0.61088	0.610743	
0.610719	0.610016	0.608873	0.607215	0.604967	0.602211	0.599233	0.596298	0.593527	0.59088	0.588305	0.585871	0.583662	0.581758	0.580357	0.579822	0.580988	0.58462	0.590063	0.595999	0.603559	0.611536	0.615539	0.614112	0.611242	0.61084	0.609707	0.60608	0.603246	0.602144	0.60204	0.602402	0.602249	0.600658	0.597705	0.594303	0.5903	0.585965	0.581986	0.578945	0.576681	0.575608	0.584258	0.614993	0.651908	0.651549	0.630279	0.622195	0.619274	0.617857	0.616923	0.615806	0.614497	0.613296	0.612278	0.611505	0.610979	0.610689	0.610619	0.61072	0.610907	0.611084	0.611168	0.611066	0.610719	
0.610391	0.609376	0.607816	0.605616	0.602832	0.59977	0.596821	0.594236	0.592145	0.590514	0.589181	0.588021	0.586994	0.586124	0.585506	0.585469	0.586854	0.590275	0.594634	0.5978	0.602033	0.607894	0.610317	0.607937	0.604346	0.603162	0.603182	0.602004	0.600579	0.599662	0.599172	0.599181	0.59907	0.597698	0.595064	0.591991	0.58846	0.584494	0.581032	0.579028	0.577625	0.577261	0.584612	0.615629	0.676749	0.66815	0.628977	0.621934	0.619586	0.617849	0.616884	0.615872	0.614559	0.613341	0.612293	0.611504	0.610985	0.610713	0.610683	0.610836	0.611069	0.611236	0.611235	0.610974	0.610391	
0.610043	0.608307	0.605943	0.603163	0.600249	0.597545	0.595289	0.593471	0.592116	0.591286	0.590945	0.590992	0.591302	0.591747	0.592331	0.593331	0.595338	0.598469	0.601684	0.60318	0.605129	0.608375	0.608415	0.604476	0.599874	0.597476	0.598224	0.599478	0.599266	0.598554	0.597774	0.597181	0.59654	0.595028	0.592688	0.59003	0.586881	0.583559	0.581233	0.580328	0.580075	0.580884	0.585053	0.602203	0.638536	0.642399	0.624137	0.621203	0.620148	0.618016	0.616697	0.615576	0.614265	0.613082	0.612099	0.611362	0.610918	0.610739	0.610884	0.611318	0.611769	0.611937	0.611727	0.611117	0.610043	
0.610228	0.608381	0.605772	0.602879	0.600108	0.597676	0.595632	0.593828	0.592221	0.59097	0.590319	0.590458	0.591373	0.592882	0.59486	0.59733	0.600438	0.603999	0.607565	0.60998	0.611586	0.611601	0.608619	0.603949	0.599185	0.596387	0.597183	0.598926	0.59905	0.598455	0.597536	0.596391	0.595027	0.593267	0.591158	0.588824	0.586074	0.583593	0.582136	0.581816	0.582101	0.583237	0.586205	0.593907	0.608903	0.622336	0.629085	0.629682	0.623891	0.618974	0.617201	0.615791	0.614232	0.612907	0.611894	0.611162	0.610746	0.610591	0.610763	0.611221	0.611698	0.611891	0.611734	0.61123	0.610228	
0.610611	0.609524	0.60765	0.605197	0.602448	0.599582	0.596682	0.593778	0.590999	0.588576	0.586842	0.586159	0.586712	0.588377	0.590954	0.594442	0.59892	0.604061	0.609637	0.614262	0.615717	0.612917	0.6093	0.606445	0.602213	0.59864	0.598537	0.599624	0.599433	0.598807	0.597928	0.596637	0.594937	0.592989	0.590903	0.588701	0.586351	0.584561	0.583702	0.583956	0.584667	0.584834	0.586356	0.593558	0.607391	0.621272	0.62966	0.627654	0.620421	0.617299	0.616191	0.615021	0.613623	0.612413	0.61149	0.610821	0.610433	0.610263	0.610321	0.610541	0.610834	0.611052	0.611138	0.611042	0.610611	
0.610652	0.609959	0.608655	0.606729	0.604255	0.601296	0.597922	0.594259	0.59059	0.587261	0.584642	0.583086	0.582903	0.584194	0.586791	0.590665	0.595855	0.601813	0.608668	0.614978	0.616516	0.613055	0.610865	0.610008	0.606034	0.601007	0.599451	0.600228	0.600168	0.599709	0.599024	0.597891	0.596195	0.594104	0.591878	0.589652	0.587457	0.585946	0.585582	0.586108	0.587084	0.587572	0.590866	0.602938	0.615949	0.618867	0.618345	0.616984	0.615063	0.615492	0.614966	0.613869	0.612783	0.611758	0.610994	0.610423	0.610105	0.609973	0.610041	0.610241	0.610506	0.610745	0.6109	0.610895	0.610652	
0.610478	0.610033	0.60913	0.607674	0.605616	0.602898	0.599512	0.595601	0.591529	0.587733	0.584631	0.582564	0.581841	0.582725	0.585184	0.589054	0.593868	0.598856	0.604844	0.611235	0.613635	0.612461	0.612345	0.611634	0.607329	0.601504	0.599178	0.600224	0.600874	0.600959	0.600722	0.599992	0.598515	0.596379	0.593937	0.59148	0.589168	0.587666	0.587616	0.588262	0.588813	0.589907	0.597651	0.617205	0.631073	0.626177	0.619794	0.61938	0.618104	0.616472	0.615003	0.613499	0.612308	0.611292	0.610568	0.610044	0.609756	0.609631	0.609676	0.609829	0.610058	0.610296	0.610496	0.610585	0.610478	
0.610206	0.609858	0.609125	0.607902	0.606105	0.603649	0.600513	0.596817	0.59288	0.589113	0.585937	0.583707	0.582718	0.583219	0.585257	0.588605	0.592415	0.595969	0.599997	0.604768	0.608342	0.61094	0.612749	0.610618	0.605203	0.600051	0.598288	0.599733	0.601158	0.601831	0.602032	0.601783	0.600883	0.599133	0.596733	0.594086	0.591617	0.590209	0.59019	0.590673	0.59115	0.59275	0.599833	0.616933	0.630701	0.631028	0.626619	0.622738	0.619351	0.616538	0.614511	0.612859	0.611661	0.61072	0.610081	0.609636	0.609406	0.60932	0.609381	0.609533	0.60975	0.609977	0.610175	0.610274	0.610206	
0.609897	0.609595	0.608954	0.607863	0.606233	0.603986	0.601106	0.597708	0.594076	0.59059	0.587629	0.585527	0.584606	0.585093	0.586925	0.589733	0.592767	0.595656	0.598391	0.601131	0.605248	0.610493	0.612653	0.607924	0.600927	0.597536	0.597343	0.59899	0.60077	0.601716	0.602103	0.602344	0.602384	0.601582	0.599662	0.597125	0.594707	0.593682	0.593782	0.593841	0.594488	0.596346	0.601945	0.61606	0.631135	0.63883	0.635802	0.626568	0.620479	0.616872	0.614339	0.612481	0.611206	0.610276	0.609674	0.609276	0.60908	0.609017	0.609083	0.609228	0.609433	0.609649	0.609841	0.609947	0.609897	
0.609621	0.609323	0.608697	0.607634	0.606045	0.603862	0.6011	0.597903	0.594576	0.591492	0.588967	0.587252	0.586613	0.587195	0.588848	0.59131	0.594357	0.597864	0.600844	0.602643	0.606114	0.611091	0.611959	0.605473	0.598118	0.595923	0.5963	0.597631	0.599414	0.600681	0.601367	0.601986	0.602919	0.603291	0.602188	0.600094	0.598011	0.597394	0.597659	0.598	0.599128	0.601925	0.612947	0.630195	0.645172	0.650534	0.640608	0.62716	0.619945	0.616167	0.613589	0.611796	0.610583	0.609751	0.609227	0.608901	0.608758	0.608734	0.608823	0.608979	0.609184	0.609394	0.609579	0.609676	0.609621	
0.609349	0.609033	0.608383	0.607286	0.605653	0.60343	0.600664	0.597563	0.594484	0.591797	0.589755	0.588486	0.588091	0.588607	0.59002	0.59248	0.596193	0.600692	0.604114	0.605242	0.607455	0.611617	0.61189	0.605394	0.598837	0.596634	0.595795	0.595875	0.59762	0.600231	0.601988	0.602414	0.603297	0.60444	0.604288	0.602968	0.601571	0.601314	0.602176	0.605142	0.607917	0.609994	0.634364	0.665317	0.674716	0.65627	0.636524	0.62373	0.617904	0.614634	0.612471	0.610956	0.60993	0.609237	0.608807	0.608555	0.60846	0.608471	0.608578	0.608744	0.60895	0.609157	0.609333	0.60942	0.609349	
0.609137	0.608794	0.608097	0.606925	0.605179	0.602815	0.599926	0.596801	0.593854	0.591442	0.589729	0.588719	0.588438	0.589027	0.590878	0.594404	0.599414	0.60455	0.60758	0.607749	0.608852	0.612758	0.614006	0.60879	0.602774	0.599428	0.596373	0.594954	0.597325	0.601989	0.604613	0.603997	0.603744	0.60501	0.60589	0.605719	0.606155	0.607469	0.609249	0.613685	0.61649	0.615253	0.622857	0.665631	0.666938	0.644635	0.627798	0.619678	0.615757	0.613132	0.611365	0.610124	0.609285	0.608731	0.608398	0.60822	0.608178	0.608228	0.608361	0.608544	0.608759	0.608969	0.609144	0.609223	0.609137	
0.608956	0.608586	0.607838	0.606576	0.604693	0.602154	0.599109	0.595916	0.592999	0.590655	0.588978	0.587976	0.58783	0.589011	0.592098	0.597115	0.603119	0.608534	0.611722	0.612183	0.612543	0.615655	0.617909	0.61353	0.606901	0.602329	0.597935	0.596221	0.599749	0.60503	0.606465	0.604478	0.603589	0.605008	0.60678	0.607498	0.608775	0.610904	0.612782	0.61543	0.6168	0.615304	0.617526	0.624029	0.629553	0.624835	0.619122	0.615604	0.613219	0.611424	0.61016	0.60925	0.60864	0.60824	0.608013	0.60791	0.607919	0.608006	0.608163	0.608362	0.608587	0.608803	0.608978	0.609053	0.608956	
0.608848	0.60847	0.607688	0.606354	0.604345	0.601644	0.59845	0.595152	0.592146	0.589684	0.58788	0.586877	0.587068	0.588973	0.59277	0.597866	0.603217	0.608097	0.612062	0.614372	0.615999	0.61908	0.620613	0.615013	0.6068	0.602379	0.599838	0.599414	0.602861	0.606103	0.605422	0.602964	0.602144	0.603897	0.60641	0.607743	0.608476	0.609564	0.610709	0.61188	0.612696	0.61277	0.613779	0.615845	0.617129	0.616465	0.614406	0.612604	0.611162	0.609995	0.609128	0.608495	0.608072	0.607802	0.607665	0.607629	0.607684	0.607807	0.607988	0.608207	0.608446	0.608674	0.60886	0.608943	0.608848	
0.608786	0.608419	0.607634	0.606265	0.604182	0.601382	0.598091	0.594684	0.591523	0.588865	0.586905	0.585878	0.586151	0.587939	0.59098	0.594568	0.598136	0.601825	0.606082	0.61044	0.614472	0.617839	0.617424	0.610598	0.602852	0.600972	0.601957	0.602459	0.60391	0.604745	0.603864	0.601834	0.600124	0.601234	0.604338	0.606843	0.607789	0.608043	0.608342	0.608898	0.609528	0.610057	0.610812	0.611785	0.612378	0.612153	0.611264	0.610309	0.609472	0.608756	0.608214	0.607817	0.607558	0.607406	0.607352	0.607376	0.607474	0.607628	0.607831	0.608067	0.608321	0.608563	0.608764	0.608864	0.608786	
0.608793	0.608469	0.607726	0.606386	0.60431	0.601493	0.598155	0.594638	0.591285	0.588389	0.586204	0.584923	0.584713	0.585575	0.587192	0.58908	0.590976	0.593305	0.597033	0.602127	0.607082	0.610038	0.608835	0.603409	0.599198	0.601125	0.604842	0.605509	0.604713	0.604418	0.604584	0.602786	0.599655	0.598938	0.601628	0.605271	0.607036	0.606996	0.606562	0.606575	0.606986	0.607561	0.608248	0.608975	0.609429	0.609404	0.609049	0.60861	0.608172	0.607783	0.607484	0.607266	0.607133	0.607073	0.607085	0.607158	0.60729	0.60747	0.607693	0.607946	0.608217	0.608478	0.608702	0.608834	0.608793	
0.608835	0.608585	0.607934	0.606702	0.604739	0.602017	0.598723	0.595161	0.591655	0.588532	0.586075	0.58442	0.58356	0.583423	0.583808	0.584388	0.584938	0.585757	0.587788	0.591605	0.596283	0.599569	0.599747	0.597823	0.597709	0.602185	0.607633	0.609802	0.60902	0.608356	0.607745	0.604677	0.600971	0.598997	0.600091	0.603521	0.606136	0.606337	0.605418	0.604943	0.605048	0.60551	0.606153	0.606817	0.607281	0.607478	0.607454	0.607332	0.607172	0.607015	0.606893	0.606809	0.606775	0.606789	0.606855	0.606967	0.607127	0.607329	0.607568	0.607836	0.608121	0.608402	0.608652	0.608821	0.608835	
0.608911	0.608762	0.608252	0.607206	0.605464	0.602964	0.599839	0.596355	0.592823	0.589565	0.586868	0.584858	0.583483	0.58261	0.582063	0.58165	0.581269	0.581113	0.581753	0.583812	0.587153	0.590675	0.593141	0.594867	0.597837	0.603078	0.60876	0.612739	0.614022	0.613138	0.60982	0.60501	0.601833	0.600387	0.600363	0.602491	0.605234	0.605814	0.604674	0.603762	0.603564	0.603902	0.604517	0.605182	0.605732	0.606098	0.6063	0.606398	0.606434	0.60644	0.606442	0.606455	0.606493	0.606562	0.606666	0.606807	0.606988	0.607204	0.607456	0.607735	0.608034	0.608335	0.608613	0.608828	0.608911	
0.608981	0.608946	0.608607	0.607805	0.606378	0.604228	0.601422	0.598177	0.594782	0.591533	0.588677	0.586342	0.584529	0.583129	0.581984	0.580989	0.58018	0.579817	0.58033	0.581975	0.584342	0.587335	0.590973	0.59483	0.599015	0.603731	0.608192	0.611688	0.613727	0.612496	0.607833	0.603301	0.601572	0.601718	0.601952	0.602798	0.604688	0.605327	0.60413	0.602867	0.60239	0.602615	0.603228	0.603948	0.604594	0.605106	0.605471	0.605723	0.605892	0.606008	0.606098	0.60618	0.60627	0.606378	0.60651	0.606672	0.606866	0.607093	0.607351	0.607638	0.607946	0.608262	0.608566	0.608824	0.608981	
0.609028	0.609107	0.608944	0.608409	0.607352	0.60565	0.603307	0.600465	0.597371	0.594285	0.591409	0.588848	0.586645	0.584784	0.583205	0.5819	0.581008	0.580911	0.582018	0.584273	0.586871	0.589827	0.593743	0.59763	0.600808	0.603924	0.606392	0.607736	0.608727	0.607466	0.603765	0.601136	0.601289	0.603096	0.604186	0.604346	0.604843	0.604882	0.603587	0.602105	0.601411	0.601564	0.602211	0.603012	0.60377	0.604401	0.604888	0.605249	0.60551	0.605702	0.605852	0.60598	0.606105	0.606238	0.606388	0.606561	0.606762	0.606993	0.607253	0.607543	0.607856	0.608183	0.608508	0.608804	0.609028	
0.609026	0.609201	0.609196	0.608907	0.608214	0.606993	0.605197	0.602891	0.600247	0.597474	0.594749	0.592154	0.589739	0.587549	0.585637	0.584117	0.583237	0.58346	0.585129	0.587992	0.591209	0.59478	0.598774	0.601567	0.602893	0.603911	0.603904	0.603035	0.602757	0.601596	0.599512	0.599196	0.601396	0.604579	0.606433	0.606365	0.605569	0.604526	0.60294	0.601334	0.600516	0.600659	0.601382	0.602296	0.603168	0.603908	0.604489	0.604928	0.605253	0.605494	0.605683	0.60584	0.605986	0.606133	0.606291	0.606469	0.606671	0.606901	0.60716	0.607447	0.607759	0.60809	0.608427	0.60875	0.609026	
0.608974	0.609218	0.609335	0.609246	0.608857	0.608066	0.606806	0.605081	0.602982	0.60065	0.598222	0.595778	0.593372	0.591058	0.588953	0.587272	0.58635	0.58668	0.588588	0.591791	0.595493	0.599525	0.603193	0.604815	0.604788	0.603908	0.601643	0.599147	0.597781	0.596687	0.596121	0.597682	0.601467	0.60569	0.608119	0.607956	0.606248	0.604184	0.602131	0.60044	0.599624	0.599844	0.6007	0.601754	0.602748	0.603586	0.604242	0.604737	0.605102	0.605374	0.605582	0.605753	0.605908	0.606059	0.606219	0.606395	0.606593	0.606818	0.607069	0.607349	0.607656	0.607984	0.608325	0.608663	0.608974	
0.608869	0.609155	0.609356	0.609409	0.609246	0.608788	0.607972	0.606767	0.605209	0.603369	0.601335	0.599166	0.596917	0.594643	0.592473	0.590661	0.589596	0.589808	0.591676	0.594969	0.598864	0.60292	0.606007	0.606898	0.606166	0.60377	0.600128	0.596902	0.594854	0.593802	0.594105	0.59648	0.600832	0.605662	0.608597	0.60845	0.606243	0.603529	0.601065	0.599351	0.598678	0.599088	0.600138	0.601365	0.602486	0.603411	0.604123	0.604653	0.605039	0.605322	0.605536	0.60571	0.605863	0.606012	0.606167	0.606337	0.606526	0.606741	0.606982	0.607251	0.607546	0.607865	0.608201	0.608542	0.608869	
0.608727	0.609032	0.60928	0.609427	0.609417	0.609191	0.608699	0.607899	0.60679	0.605396	0.603761	0.601909	0.599877	0.597705	0.595521	0.593571	0.592285	0.592245	0.593904	0.597091	0.600917	0.604665	0.607269	0.607951	0.606743	0.603342	0.599172	0.595817	0.593526	0.59249	0.593001	0.59531	0.599383	0.604201	0.607459	0.607474	0.605159	0.602253	0.599666	0.598072	0.597696	0.598419	0.599722	0.601137	0.602381	0.603374	0.60412	0.604663	0.605051	0.605331	0.605538	0.605703	0.605848	0.605987	0.606132	0.606291	0.606468	0.60667	0.606897	0.607152	0.607433	0.607738	0.608062	0.608396	0.608727	
0.608557	0.608865	0.609135	0.609336	0.609423	0.60935	0.609076	0.608561	0.607787	0.606744	0.605444	0.603878	0.602059	0.599997	0.597803	0.595709	0.594182	0.59384	0.595191	0.598124	0.601697	0.604995	0.607353	0.608085	0.60642	0.602569	0.598438	0.595159	0.592937	0.592002	0.592455	0.594301	0.597561	0.601731	0.604901	0.605144	0.603054	0.600327	0.597957	0.596703	0.596768	0.597899	0.599496	0.601097	0.602439	0.603471	0.604223	0.604756	0.605127	0.605389	0.605578	0.605727	0.605856	0.605981	0.606112	0.606257	0.60642	0.606606	0.606817	0.607055	0.607318	0.607606	0.607914	0.608234	0.608557	
0.608374	0.608675	0.608951	0.609177	0.609322	0.609348	0.609218	0.608897	0.608357	0.607572	0.606527	0.605192	0.603553	0.601591	0.599384	0.597154	0.595391	0.594711	0.595669	0.598155	0.601288	0.604192	0.606448	0.607193	0.605332	0.601569	0.597731	0.594699	0.592774	0.592046	0.592408	0.593708	0.595967	0.599057	0.60168	0.602066	0.600367	0.598046	0.596163	0.595467	0.596093	0.597665	0.599543	0.601284	0.602674	0.603701	0.604424	0.604921	0.605258	0.605488	0.60565	0.605776	0.605884	0.60599	0.606104	0.606232	0.606379	0.606549	0.606742	0.606962	0.607206	0.607475	0.607763	0.608066	0.608374	
0.608189	0.608478	0.60875	0.608986	0.609162	0.60925	0.609216	0.609026	0.608653	0.608056	0.607207	0.606057	0.60457	0.6027	0.600494	0.598146	0.596137	0.595071	0.595513	0.597344	0.59989	0.602455	0.604543	0.605203	0.603508	0.600254	0.596977	0.594477	0.593047	0.592609	0.592917	0.593746	0.595075	0.596965	0.598728	0.599044	0.597738	0.595941	0.594708	0.594706	0.595929	0.597883	0.599945	0.601731	0.603089	0.604055	0.60471	0.605146	0.605431	0.605618	0.605746	0.605843	0.605927	0.606012	0.606107	0.606217	0.606346	0.606498	0.606674	0.606874	0.607099	0.607347	0.607615	0.607898	0.608189	
0.60801	0.608285	0.608549	0.608787	0.608981	0.609107	0.609139	0.609044	0.608793	0.608343	0.607654	0.606664	0.605318	0.603551	0.601375	0.598938	0.596676	0.595176	0.594992	0.596037	0.597878	0.600001	0.601742	0.602324	0.601147	0.598761	0.596352	0.594579	0.593726	0.593634	0.593981	0.594512	0.59515	0.595999	0.596833	0.596884	0.59589	0.594661	0.594127	0.5948	0.596501	0.59867	0.600741	0.602434	0.603667	0.604511	0.605063	0.605416	0.605635	0.605771	0.605859	0.605924	0.605981	0.606044	0.606118	0.60621	0.60632	0.606455	0.606612	0.606794	0.606999	0.607226	0.607474	0.607737	0.60801	
0.607844	0.608104	0.608359	0.608596	0.608801	0.608954	0.609033	0.609011	0.608857	0.60853	0.607983	0.607146	0.605952	0.604316	0.602216	0.599743	0.597256	0.595309	0.59445	0.594645	0.595655	0.59719	0.598557	0.599233	0.598825	0.597497	0.596074	0.595066	0.594787	0.595058	0.595522	0.595935	0.59619	0.596352	0.596429	0.596163	0.595406	0.594706	0.594778	0.595934	0.597857	0.599997	0.601879	0.603338	0.604359	0.605034	0.605456	0.60571	0.605855	0.605937	0.605982	0.606015	0.606044	0.606083	0.606137	0.60621	0.606302	0.606419	0.606558	0.606721	0.606907	0.607116	0.607344	0.607588	0.607844	
0.607693	0.60794	0.608186	0.608422	0.608635	0.60881	0.608928	0.608966	0.608895	0.608677	0.608266	0.607589	0.606569	0.605107	0.603148	0.600718	0.598084	0.595735	0.594207	0.593552	0.59371	0.594572	0.595649	0.596569	0.597012	0.596702	0.596161	0.59589	0.596146	0.596775	0.597404	0.597832	0.597961	0.597826	0.597487	0.597014	0.596445	0.596163	0.596635	0.597985	0.599827	0.601689	0.603216	0.604341	0.605101	0.60558	0.60586	0.606012	0.606083	0.606109	0.606112	0.606111	0.606114	0.60613	0.606163	0.606217	0.606292	0.606391	0.606512	0.606658	0.606826	0.607017	0.607226	0.607454	0.607693	
0.60756	0.607795	0.608033	0.608268	0.608489	0.608684	0.608837	0.608929	0.608934	0.608818	0.608541	0.608033	0.607214	0.605976	0.604237	0.601962	0.599316	0.596685	0.594588	0.593171	0.592538	0.592753	0.593593	0.594766	0.595933	0.596461	0.596638	0.597017	0.59774	0.598673	0.599464	0.599971	0.600128	0.599971	0.599559	0.599071	0.598666	0.598652	0.599282	0.600545	0.60206	0.603473	0.60456	0.605327	0.605819	0.606108	0.606252	0.606307	0.606308	0.606282	0.606245	0.606212	0.606189	0.606183	0.606196	0.606231	0.606289	0.606371	0.606476	0.606605	0.606756	0.60693	0.607124	0.607335	0.60756	
0.607446	0.607671	0.607903	0.608137	0.608365	0.608578	0.608763	0.608905	0.608983	0.608965	0.608818	0.608485	0.60789	0.606923	0.605486	0.603492	0.601015	0.598306	0.595846	0.593856	0.592573	0.592199	0.592781	0.59404	0.595613	0.59675	0.597512	0.598415	0.599502	0.600653	0.601561	0.602146	0.602384	0.602325	0.602036	0.60168	0.601432	0.601546	0.602128	0.603107	0.604168	0.60509	0.605759	0.606211	0.60647	0.606592	0.606618	0.606588	0.606526	0.606453	0.60638	0.606318	0.60627	0.606243	0.606236	0.606253	0.606294	0.60636	0.606449	0.606563	0.606699	0.606858	0.607036	0.607234	0.607446	
0.607351	0.607568	0.607796	0.60803	0.608265	0.608494	0.608709	0.608896	0.60904	0.609118	0.609098	0.608937	0.608575	0.607908	0.60684	0.605252	0.60314	0.600615	0.598077	0.595786	0.594094	0.593232	0.593489	0.594598	0.596183	0.597617	0.598778	0.600057	0.601386	0.602651	0.603605	0.60422	0.604515	0.604555	0.604416	0.604225	0.604106	0.604241	0.604653	0.605283	0.605904	0.606417	0.606759	0.606962	0.607035	0.607025	0.606954	0.606854	0.606738	0.606624	0.606517	0.606428	0.606356	0.606309	0.606284	0.606284	0.606309	0.606359	0.606433	0.606532	0.606654	0.606799	0.606964	0.607149	0.607351	
0.607276	0.607486	0.60771	0.607945	0.608187	0.608431	0.608671	0.608899	0.609103	0.609266	0.609367	0.609369	0.609232	0.60887	0.608202	0.607105	0.605531	0.603467	0.601184	0.598913	0.597084	0.595894	0.595772	0.596558	0.597801	0.599141	0.600469	0.601939	0.603375	0.604636	0.605554	0.606134	0.606434	0.606522	0.606473	0.606384	0.606326	0.606419	0.606639	0.606966	0.607255	0.607476	0.60758	0.607598	0.60753	0.607418	0.60727	0.607112	0.60695	0.606799	0.606662	0.606547	0.606452	0.606384	0.606341	0.606324	0.606333	0.606369	0.606428	0.606514	0.606622	0.606755	0.606908	0.607083	0.607276	
0.607219	0.607424	0.607645	0.607882	0.60813	0.608388	0.608651	0.608914	0.609169	0.609406	0.609611	0.609758	0.609823	0.609745	0.609464	0.608876	0.607923	0.606523	0.6048	0.602888	0.601197	0.599874	0.599384	0.599715	0.600378	0.601331	0.6026	0.604063	0.605455	0.606596	0.607401	0.607886	0.608145	0.608226	0.608206	0.608146	0.608081	0.608102	0.608157	0.608264	0.60832	0.608335	0.608267	0.608152	0.607981	0.60779	0.607579	0.607371	0.607168	0.606984	0.606817	0.606676	0.606559	0.60647	0.606408	0.606375	0.606368	0.606388	0.606434	0.606507	0.606604	0.606725	0.606868	0.607034	0.607219	
