x=120	y=200	z=200	n=65	len=1
b
0	0	0	0	0	0	0	0	0	0	0	0	0	0	0	0	0	0	0	0	0	0	0	0	0	0	0	0	0	0	0	0	0	0	0	0	0	0	0	0	0	0	0	0	0	0	0	0	0	0	0	0	0	0	0	0	0	0	0	0	0	0	0	0	0	
0.0205988	0.0202381	0.0200792	0.0201305	0.0204231	0.021005	0.0218578	0.0229192	0.0240505	0.0250888	0.0259131	0.0264332	0.0266383	0.0265565	0.0262755	0.0259199	0.0255529	0.0252242	0.0249486	0.0247054	0.0244876	0.0243125	0.024203	0.024161	0.0241862	0.0242859	0.0244584	0.0246969	0.0249884	0.0253224	0.0256727	0.0260111	0.0263106	0.026546	0.0267024	0.0267628	0.026716	0.0265493	0.0262465	0.0257915	0.0251832	0.0244194	0.0235205	0.0225629	0.0216243	0.0207587	0.0200212	0.0194861	0.01923	0.0192682	0.0195992	0.0201954	0.0209708	0.0218288	0.0226637	0.0233762	0.0238953	0.0241724	0.0241548	0.0238467	0.0233066	0.0226053	0.021842	0.0211409	0.0205988	
0.0420616	0.0412362	0.0408529	0.0409471	0.0415813	0.0428201	0.0445424	0.0465462	0.0485824	0.0504178	0.0518494	0.0527147	0.0530199	0.052813	0.0522154	0.0514629	0.0507159	0.0500789	0.0495735	0.0491515	0.0487782	0.0484708	0.0482844	0.0482345	0.0483203	0.0485504	0.0489128	0.0493902	0.0499539	0.0505858	0.0512391	0.051863	0.0524112	0.0528439	0.053142	0.0532797	0.0532337	0.0529713	0.0524561	0.0516585	0.0505736	0.0492203	0.0476503	0.0459464	0.0442226	0.0425938	0.0411693	0.0400722	0.0394346	0.0392979	0.0396416	0.040441	0.0415926	0.0429485	0.0443498	0.0456294	0.0466512	0.0473117	0.047495	0.0472087	0.0465446	0.0455685	0.0443914	0.0431683	0.0420617	
0.064118	0.0631045	0.0626373	0.062817	0.0637492	0.0654942	0.0678326	0.0704596	0.0731154	0.075543	0.0774688	0.078653	0.0790609	0.0787193	0.0777909	0.076616	0.0754574	0.0745018	0.0737948	0.0732553	0.0727947	0.0724045	0.0721595	0.0721048	0.0722503	0.0725896	0.0730902	0.0737248	0.0744558	0.0752636	0.0760966	0.0768983	0.077614	0.0782008	0.0786384	0.0788885	0.0789019	0.0786192	0.0779869	0.0769688	0.0755641	0.0738054	0.0717589	0.0695036	0.0671704	0.0649211	0.0629192	0.0613192	0.0602775	0.0598843	0.0601275	0.0609778	0.062342	0.0640384	0.06584	0.0675036	0.0688554	0.0697726	0.0701196	0.0699015	0.0692185	0.0681534	0.0668417	0.0654407	0.0641181	
0.0868914	0.0861082	0.0858643	0.0862521	0.0873658	0.0892876	0.0918038	0.0946278	0.0975523	0.100298	0.102549	0.104	0.104512	0.104073	0.102867	0.101278	0.0996786	0.0983814	0.0974942	0.0969122	0.0964655	0.0960723	0.095805	0.0957525	0.0959415	0.096342	0.0968965	0.0975748	0.0983409	0.0991766	0.100045	0.100904	0.101698	0.102389	0.102955	0.103338	0.10345	0.103203	0.102537	0.101415	0.0998428	0.0978472	0.0954966	0.092876	0.0901243	0.0874292	0.0849982	0.0830211	0.0816663	0.0810571	0.081213	0.0820946	0.0835897	0.0854847	0.0874875	0.0892925	0.0907222	0.0916882	0.092083	0.0919172	0.0913103	0.0903636	0.0892064	0.0879963	0.0868914	
0.110881	0.110687	0.110977	0.111725	0.11294	0.114718	0.116962	0.119514	0.122212	0.124812	0.127034	0.128563	0.129136	0.128665	0.127291	0.125349	0.123311	0.121652	0.120595	0.120053	0.119757	0.119481	0.119258	0.119227	0.11944	0.119847	0.120371	0.120991	0.121679	0.122415	0.123189	0.123991	0.124774	0.125511	0.126174	0.126683	0.126903	0.12673	0.126107	0.125003	0.123429	0.121389	0.118948	0.11619	0.11326	0.110353	0.107693	0.105509	0.103982	0.103227	0.103278	0.104084	0.105499	0.107289	0.109148	0.110785	0.112036	0.112863	0.113245	0.113246	0.113005	0.112573	0.112	0.111388	0.110881	
0.136311	0.13708	0.138132	0.13934	0.140635	0.142069	0.143659	0.145423	0.147324	0.149241	0.150987	0.152315	0.152881	0.152461	0.151072	0.148923	0.146513	0.14448	0.14323	0.14277	0.142749	0.142737	0.142655	0.142666	0.142862	0.143193	0.14359	0.144056	0.144577	0.145118	0.14569	0.146331	0.147021	0.147742	0.148453	0.149048	0.14935	0.149257	0.148735	0.147761	0.146336	0.144443	0.142129	0.139488	0.136676	0.13387	0.131275	0.129125	0.127605	0.126813	0.126755	0.127346	0.128419	0.129747	0.131048	0.132126	0.1329	0.133405	0.133755	0.134086	0.134482	0.134909	0.135333	0.135773	0.136311	
0.162962	0.164982	0.166959	0.168702	0.170096	0.171114	0.171827	0.172405	0.173011	0.173748	0.174584	0.175381	0.175812	0.175512	0.174301	0.172194	0.169578	0.167198	0.1657	0.16529	0.165605	0.166009	0.166206	0.166285	0.166384	0.166519	0.166679	0.166912	0.167207	0.167503	0.167808	0.168203	0.168723	0.169361	0.170044	0.170639	0.170963	0.170934	0.170547	0.169784	0.168628	0.167044	0.165078	0.162833	0.160455	0.158091	0.155914	0.15412	0.152839	0.15212	0.151941	0.152183	0.152674	0.153212	0.153594	0.153721	0.153683	0.153686	0.153994	0.154761	0.155941	0.157441	0.159157	0.16101	0.162962	
0.190047	0.193333	0.196284	0.198625	0.200166	0.200815	0.200661	0.199978	0.199096	0.19838	0.198006	0.197989	0.198117	0.197951	0.197107	0.195362	0.192834	0.190215	0.188395	0.187905	0.188515	0.18945	0.190096	0.190282	0.190174	0.189964	0.189783	0.18973	0.189779	0.189833	0.189856	0.189944	0.190218	0.190692	0.19123	0.191699	0.191958	0.191964	0.19173	0.191222	0.190409	0.189258	0.187841	0.18627	0.184654	0.18307	0.181669	0.180563	0.179737	0.179178	0.178838	0.178592	0.178289	0.177791	0.177	0.175922	0.174856	0.174256	0.174501	0.175706	0.177697	0.1803	0.183347	0.186654	0.190047	
0.216569	0.220723	0.224388	0.227224	0.22895	0.229438	0.228742	0.227123	0.225017	0.222967	0.221361	0.220395	0.220071	0.220001	0.219655	0.218592	0.216558	0.213966	0.211794	0.210983	0.21168	0.213142	0.214377	0.214731	0.214322	0.213645	0.213057	0.212704	0.212523	0.212376	0.212146	0.211907	0.211866	0.212062	0.212298	0.212481	0.212578	0.2126	0.212529	0.212285	0.211841	0.211194	0.210474	0.209798	0.20921	0.208714	0.208355	0.208093	0.207829	0.207482	0.206934	0.206083	0.204849	0.203207	0.201171	0.198908	0.196915	0.195812	0.196014	0.197567	0.200231	0.203727	0.207805	0.21218	0.216569	
0.242024	0.246309	0.250074	0.253028	0.254881	0.255495	0.254788	0.252864	0.25016	0.247242	0.244671	0.242848	0.242005	0.241938	0.242118	0.241949	0.240814	0.238691	0.236356	0.234984	0.235336	0.237057	0.238858	0.239458	0.238793	0.237673	0.236699	0.236055	0.235658	0.235352	0.234936	0.234402	0.23398	0.233752	0.233503	0.233248	0.23312	0.233164	0.233268	0.233265	0.233159	0.233029	0.233088	0.233439	0.234018	0.234704	0.235367	0.235861	0.236069	0.235861	0.235075	0.233616	0.231511	0.228876	0.225878	0.222875	0.220443	0.21921	0.219515	0.221299	0.224315	0.22824	0.232725	0.237419	0.242023	
0.266644	0.270195	0.273287	0.275799	0.277576	0.278495	0.278284	0.276774	0.274203	0.271055	0.267984	0.265579	0.26424	0.264042	0.26464	0.265369	0.265368	0.264158	0.262091	0.2602	0.259738	0.261119	0.263157	0.264061	0.26345	0.262181	0.260955	0.260024	0.259372	0.258887	0.258342	0.257591	0.256747	0.255933	0.255043	0.254279	0.253942	0.254057	0.254339	0.254527	0.254697	0.255064	0.255924	0.257299	0.258948	0.260556	0.261902	0.262836	0.26322	0.262958	0.2619	0.25999	0.257409	0.254378	0.251193	0.248324	0.246277	0.245518	0.246182	0.248079	0.251011	0.254674	0.258688	0.26275	0.266643	
0.290945	0.292964	0.294694	0.296208	0.297587	0.298801	0.299447	0.298956	0.297183	0.294472	0.29145	0.288813	0.287084	0.286615	0.287342	0.288702	0.289766	0.289687	0.288319	0.286299	0.284918	0.285307	0.286979	0.288171	0.288115	0.287227	0.285984	0.28475	0.283737	0.28296	0.282262	0.281368	0.280111	0.278621	0.277083	0.275916	0.275481	0.275715	0.276147	0.276469	0.27689	0.277771	0.279395	0.281583	0.283903	0.285897	0.287344	0.288187	0.288389	0.287893	0.286615	0.284682	0.282373	0.279945	0.277703	0.276041	0.275251	0.275493	0.276641	0.278441	0.280781	0.283423	0.286094	0.288634	0.290944	
0.314983	0.315037	0.315023	0.315185	0.315864	0.317216	0.318808	0.319728	0.319336	0.317664	0.315217	0.312725	0.310818	0.30998	0.310427	0.311909	0.313614	0.314515	0.314041	0.31235	0.310394	0.309567	0.310333	0.311668	0.312533	0.312489	0.311518	0.310037	0.308557	0.307314	0.306352	0.305336	0.303745	0.301742	0.299883	0.298649	0.298253	0.298536	0.298993	0.299417	0.300183	0.30168	0.303958	0.306546	0.308851	0.31043	0.311246	0.311481	0.311242	0.310543	0.309449	0.308195	0.307043	0.306213	0.30589	0.306202	0.307088	0.308352	0.309722	0.311037	0.312281	0.313362	0.314188	0.314725	0.314983	
0.338095	0.336384	0.334744	0.333552	0.333377	0.334609	0.336949	0.339368	0.34076	0.340659	0.339293	0.337345	0.335536	0.33437	0.334232	0.335237	0.33689	0.338248	0.338513	0.33739	0.335325	0.333568	0.333286	0.334511	0.336227	0.337139	0.336702	0.335224	0.333299	0.331472	0.330124	0.32897	0.327301	0.325369	0.323878	0.323026	0.322669	0.32267	0.322899	0.323476	0.324821	0.327087	0.329842	0.332183	0.333496	0.333739	0.333316	0.332715	0.332134	0.331644	0.331369	0.331479	0.332145	0.33345	0.335349	0.3376	0.339754	0.341422	0.342422	0.342776	0.342605	0.341996	0.341006	0.33968	0.338095	
0.3597	0.356877	0.354154	0.351946	0.350955	0.351789	0.354452	0.35807	0.361298	0.363171	0.36343	0.362505	0.3611	0.359757	0.358931	0.359008	0.359934	0.361091	0.36166	0.360999	0.359047	0.356709	0.355537	0.356427	0.358585	0.360263	0.360543	0.359416	0.357235	0.354873	0.353179	0.352009	0.350769	0.349756	0.349346	0.349141	0.348602	0.347876	0.347683	0.348529	0.350597	0.353552	0.356258	0.357522	0.357041	0.355432	0.353677	0.352476	0.352011	0.352301	0.353379	0.355251	0.357918	0.361243	0.364876	0.368206	0.370614	0.371823	0.371858	0.370936	0.369361	0.367356	0.365024	0.362447	0.3597	
0.379975	0.376715	0.373549	0.370841	0.369259	0.369508	0.371921	0.376056	0.380694	0.38458	0.38693	0.387587	0.387003	0.385748	0.384362	0.383421	0.383255	0.383653	0.383964	0.383405	0.38152	0.378769	0.376822	0.377164	0.379296	0.381503	0.382623	0.382112	0.38	0.377428	0.375631	0.374675	0.374311	0.374728	0.375596	0.375941	0.375099	0.373691	0.373227	0.3743	0.376653	0.379444	0.381159	0.380816	0.378525	0.375435	0.372949	0.371765	0.371964	0.373466	0.376131	0.379762	0.384127	0.388808	0.39315	0.39642	0.398168	0.398331	0.397138	0.395008	0.392356	0.389444	0.386374	0.383208	0.379975	
0.399656	0.39643	0.393339	0.39062	0.388745	0.388374	0.390023	0.393791	0.39897	0.404321	0.408741	0.411393	0.41215	0.411487	0.410031	0.408485	0.407369	0.406757	0.406297	0.405369	0.403373	0.400299	0.397597	0.397118	0.398883	0.401486	0.403468	0.403714	0.402091	0.399789	0.398077	0.397326	0.397752	0.399283	0.400959	0.401639	0.400893	0.399655	0.399334	0.400157	0.401636	0.40295	0.403019	0.401244	0.39793	0.394438	0.392164	0.391666	0.392956	0.395828	0.39997	0.404985	0.41035	0.415378	0.419331	0.421714	0.42236	0.421429	0.419326	0.416462	0.413187	0.409762	0.406333	0.402962	0.399656	
0.419545	0.416606	0.413894	0.411477	0.409574	0.408694	0.409366	0.412054	0.416716	0.422474	0.42819	0.432684	0.435195	0.435793	0.435094	0.433805	0.432419	0.431067	0.429625	0.42788	0.425502	0.422203	0.418874	0.417414	0.418543	0.421309	0.423924	0.424865	0.424001	0.42232	0.420744	0.419965	0.420649	0.422434	0.424207	0.425121	0.425157	0.425016	0.424972	0.424817	0.424432	0.423698	0.4223	0.419834	0.416562	0.413727	0.412444	0.413096	0.415648	0.419793	0.425054	0.43076	0.436126	0.440451	0.443271	0.444441	0.444091	0.442615	0.440351	0.437385	0.433844	0.430034	0.426275	0.422758	0.419545	
0.440406	0.437825	0.435593	0.433581	0.431813	0.430601	0.430382	0.431705	0.434989	0.44	0.44586	0.451348	0.455416	0.45768	0.458539	0.458563	0.458037	0.45686	0.45481	0.45197	0.448737	0.445163	0.441539	0.439283	0.439485	0.441721	0.444239	0.445487	0.44543	0.444621	0.443301	0.442358	0.44283	0.44415	0.445468	0.44655	0.447658	0.448653	0.448588	0.447235	0.445125	0.442908	0.440769	0.438423	0.435975	0.434344	0.434388	0.436356	0.440165	0.445371	0.45122	0.456765	0.461215	0.464187	0.465627	0.465709	0.464849	0.463529	0.46179	0.459254	0.455679	0.451454	0.447252	0.44352	0.440406	
0.462931	0.460762	0.459037	0.457429	0.455835	0.45441	0.453446	0.453443	0.454983	0.458364	0.463228	0.468598	0.473454	0.477136	0.47979	0.481977	0.483846	0.484651	0.483303	0.479474	0.474399	0.469699	0.465899	0.463308	0.462401	0.463111	0.464462	0.465473	0.466147	0.466314	0.465439	0.464466	0.464657	0.465264	0.465745	0.466737	0.468547	0.470029	0.469741	0.467789	0.464989	0.462256	0.460038	0.458309	0.457043	0.456713	0.458055	0.461302	0.466253	0.472207	0.478093	0.482895	0.486074	0.487584	0.487689	0.486884	0.485764	0.484788	0.483749	0.481884	0.478585	0.474208	0.469733	0.46589	0.462931	
0.487295	0.485808	0.484729	0.483581	0.48218	0.480586	0.478984	0.477783	0.477563	0.478865	0.481842	0.486093	0.490846	0.495214	0.49927	0.503991	0.509784	0.514757	0.515999	0.511988	0.504193	0.496776	0.492063	0.489239	0.487228	0.485823	0.485257	0.485555	0.486617	0.487477	0.487161	0.48663	0.486849	0.486831	0.486296	0.48667	0.488345	0.489675	0.489509	0.488046	0.485588	0.482972	0.481047	0.480131	0.480113	0.481118	0.483738	0.48817	0.493984	0.500186	0.505604	0.509439	0.511399	0.511558	0.510342	0.508515	0.506836	0.505763	0.504977	0.50359	0.500926	0.497143	0.493098	0.489689	0.487295	
0.512795	0.512318	0.512054	0.511461	0.510302	0.508626	0.50659	0.504494	0.502811	0.502149	0.503005	0.505513	0.509218	0.513182	0.517624	0.524439	0.534458	0.544035	0.54851	0.54596	0.537185	0.527387	0.521168	0.517738	0.514642	0.511086	0.50825	0.507145	0.507849	0.509059	0.509497	0.509812	0.510154	0.509715	0.50854	0.50779	0.508078	0.508797	0.509787	0.51012	0.508686	0.506518	0.505118	0.504895	0.505851	0.508226	0.512226	0.517734	0.523995	0.529723	0.533887	0.53618	0.536668	0.535484	0.532967	0.529942	0.527346	0.525659	0.524526	0.523145	0.521199	0.518767	0.516144	0.514034	0.512795	
0.538257	0.538705	0.539149	0.539106	0.538238	0.536567	0.534334	0.531779	0.529262	0.52737	0.526733	0.527675	0.529839	0.532321	0.535678	0.54295	0.555055	0.567	0.573811	0.574253	0.568253	0.55956	0.553623	0.550523	0.546876	0.54129	0.535788	0.53239	0.531874	0.533125	0.534102	0.534622	0.534881	0.534892	0.533981	0.531639	0.529506	0.529865	0.533419	0.536733	0.537137	0.536346	0.53592	0.535915	0.536856	0.539603	0.544034	0.549564	0.555127	0.559269	0.561359	0.561597	0.560266	0.557632	0.554005	0.550065	0.546732	0.54444	0.542805	0.541196	0.539794	0.538971	0.538457	0.53819	0.538257	
0.563638	0.564428	0.565225	0.565712	0.565232	0.563613	0.561191	0.558264	0.555323	0.552929	0.551577	0.551416	0.552124	0.55296	0.554611	0.560272	0.57097	0.582496	0.590911	0.594684	0.592953	0.588156	0.585097	0.584074	0.581425	0.575549	0.568688	0.563636	0.561679	0.561921	0.56206	0.561616	0.562028	0.563493	0.562939	0.559049	0.555515	0.556795	0.563084	0.569132	0.572288	0.574174	0.575468	0.575768	0.575306	0.575653	0.577339	0.579864	0.582451	0.58419	0.584759	0.583871	0.581246	0.577291	0.572849	0.568682	0.565379	0.563074	0.561355	0.559887	0.559244	0.56004	0.561567	0.562837	0.563638	
0.590952	0.591227	0.591899	0.592955	0.593351	0.592425	0.590256	0.587053	0.583552	0.580402	0.577966	0.576219	0.575116	0.574301	0.57439	0.577627	0.585153	0.594941	0.604116	0.610079	0.611476	0.610042	0.60932	0.609494	0.608507	0.60586	0.601944	0.59814	0.595363	0.593945	0.593491	0.592694	0.592654	0.593901	0.59283	0.589058	0.586289	0.58815	0.595279	0.60303	0.608596	0.612882	0.616917	0.617379	0.613263	0.609058	0.605842	0.60366	0.603225	0.604171	0.604977	0.60402	0.60063	0.595642	0.590826	0.58724	0.584908	0.583446	0.582447	0.581943	0.582734	0.585277	0.58831	0.59032	0.590952	
0.621858	0.621688	0.622191	0.62372	0.625223	0.625781	0.624776	0.62187	0.617871	0.61357	0.609307	0.604956	0.600908	0.59747	0.595284	0.595888	0.600451	0.608636	0.617793	0.624197	0.626793	0.626872	0.626375	0.625994	0.625957	0.626608	0.626993	0.626375	0.624396	0.622977	0.623575	0.623691	0.622116	0.620132	0.618622	0.617425	0.615838	0.618084	0.627845	0.635922	0.642032	0.650439	0.660376	0.658751	0.645267	0.635299	0.628482	0.623382	0.622365	0.624139	0.625407	0.624377	0.620841	0.615778	0.611258	0.608636	0.607738	0.607813	0.608424	0.609686	0.612193	0.615931	0.619387	0.621444	0.621858	
0.653943	0.655117	0.65605	0.657341	0.658749	0.659888	0.659985	0.658082	0.654374	0.649677	0.644529	0.638552	0.632047	0.625915	0.62116	0.619005	0.620533	0.626165	0.634306	0.640352	0.642472	0.642744	0.641718	0.641424	0.643754	0.645376	0.645101	0.6456	0.646239	0.646573	0.64785	0.647906	0.644081	0.639894	0.64051	0.642669	0.641726	0.648332	0.668049	0.671878	0.674469	0.683339	0.693869	0.693194	0.678016	0.664162	0.653621	0.646518	0.645131	0.646367	0.647144	0.646615	0.644624	0.641461	0.638347	0.636757	0.637111	0.638635	0.640618	0.642945	0.645772	0.64862	0.650621	0.652317	0.653943	
0.68069	0.682809	0.683646	0.68404	0.684457	0.685188	0.686164	0.686202	0.684273	0.681494	0.678581	0.674077	0.667596	0.660356	0.653965	0.649725	0.648897	0.652032	0.65773	0.661767	0.661834	0.659957	0.656902	0.657953	0.665183	0.668615	0.66542	0.663412	0.665852	0.669259	0.670812	0.669074	0.664182	0.659989	0.663586	0.670629	0.669908	0.667114	0.692155	0.714402	0.714814	0.704637	0.704869	0.719271	0.704778	0.696135	0.685158	0.673933	0.671091	0.671513	0.671767	0.671556	0.670908	0.669751	0.668598	0.668681	0.670194	0.672346	0.674398	0.676127	0.67754	0.678089	0.6777	0.67832	0.68069	
0.69776	0.698547	0.699103	0.699443	0.699852	0.700772	0.702606	0.70399	0.703817	0.703431	0.703079	0.701113	0.696658	0.690567	0.684737	0.680659	0.679852	0.682766	0.686977	0.688626	0.685839	0.678675	0.670195	0.673137	0.687084	0.694128	0.690195	0.686046	0.688842	0.693524	0.693894	0.69136	0.689725	0.688889	0.692792	0.701047	0.719784	0.695199	0.69998	0.701493	0.723638	0.745953	0.753945	0.734029	0.722093	0.722187	0.719598	0.697354	0.695171	0.695918	0.695545	0.69382	0.691894	0.691328	0.69233	0.694151	0.695865	0.69738	0.698519	0.699186	0.699334	0.698855	0.698003	0.697462	0.69776	
0.709403	0.709019	0.71005	0.711596	0.712487	0.712787	0.713797	0.715267	0.716115	0.716389	0.716347	0.715849	0.714225	0.711649	0.709427	0.708219	0.70894	0.712268	0.715741	0.714249	0.707352	0.69674	0.686318	0.693171	0.711491	0.719549	0.716128	0.711545	0.713304	0.715958	0.7147	0.712622	0.728385	0.730592	0.71507	0.715906	0.689652	0.70835	0.706333	0.716901	0.729774	0.754893	0.754849	0.742014	0.733705	0.725903	0.720324	0.713334	0.714845	0.715843	0.715101	0.712573	0.709467	0.70807	0.70882	0.710144	0.710893	0.711412	0.711767	0.71188	0.711694	0.711363	0.711189	0.710582	0.709403	
0.721309	0.721711	0.723217	0.72451	0.724028	0.722521	0.721652	0.722427	0.724263	0.725791	0.726698	0.727781	0.729259	0.730873	0.732764	0.734798	0.737278	0.740711	0.743217	0.740995	0.732886	0.722337	0.715006	0.722141	0.736196	0.742083	0.739836	0.734987	0.734468	0.735511	0.734445	0.732727	0.759996	0.731357	0.73655	0.742667	0.76057	0.767378	0.763011	0.761044	0.763883	0.7624	0.751801	0.732876	0.731057	0.726268	0.725969	0.72875	0.730671	0.731461	0.730947	0.729449	0.727496	0.725664	0.724492	0.723944	0.723482	0.723052	0.722757	0.722646	0.722637	0.7224	0.721994	0.721564	0.721309	
0.735589	0.737165	0.738864	0.738859	0.736397	0.733211	0.730837	0.730037	0.731372	0.733783	0.735894	0.738442	0.742266	0.747209	0.75253	0.757157	0.760963	0.764355	0.765776	0.764958	0.761269	0.755294	0.751029	0.752768	0.758201	0.761939	0.760539	0.755217	0.753147	0.754272	0.754367	0.753048	0.750206	0.779457	0.754574	0.784452	0.767224	0.765538	0.764244	0.766134	0.76076	0.759737	0.752456	0.733264	0.731951	0.736255	0.742341	0.744829	0.744616	0.744435	0.744312	0.74451	0.744967	0.744761	0.74363	0.742066	0.740252	0.738493	0.737332	0.737161	0.73764	0.737543	0.736423	0.735302	0.735589	
0.756407	0.756202	0.756103	0.754964	0.75245	0.749493	0.747181	0.746048	0.746754	0.749134	0.75226	0.756445	0.761922	0.768145	0.77422	0.779217	0.782809	0.785461	0.786061	0.78485	0.78349	0.781556	0.779182	0.778229	0.779744	0.782352	0.780999	0.775124	0.771185	0.771134	0.772476	0.773869	0.773679	0.776462	0.776346	0.773227	0.771452	0.765078	0.773063	0.786278	0.77659	0.754481	0.75271	0.747758	0.739446	0.748152	0.760154	0.763324	0.761991	0.760761	0.761185	0.763624	0.76679	0.768868	0.769126	0.767878	0.765664	0.763242	0.76133	0.760259	0.759928	0.759711	0.758982	0.757531	0.756407	
0.783606	0.780936	0.778502	0.776095	0.774207	0.77327	0.773308	0.774469	0.776916	0.780635	0.785285	0.790689	0.79613	0.800505	0.803537	0.805995	0.808385	0.810632	0.811497	0.810249	0.807578	0.802666	0.798275	0.797585	0.799088	0.799903	0.797411	0.792912	0.789841	0.789008	0.789569	0.791753	0.795244	0.799353	0.79977	0.799025	0.799585	0.800517	0.805896	0.80668	0.796078	0.777741	0.778679	0.770726	0.74473	0.75385	0.7776	0.786412	0.785902	0.784267	0.784557	0.788064	0.79282	0.796586	0.798436	0.7984	0.796975	0.794903	0.792707	0.79049	0.788581	0.787556	0.787273	0.7861	0.783606	
0.81254	0.810716	0.809276	0.807854	0.807062	0.80752	0.809149	0.811865	0.815361	0.819303	0.823368	0.827214	0.830252	0.832072	0.832788	0.833292	0.834492	0.836134	0.836414	0.832917	0.826037	0.818139	0.813217	0.812433	0.812918	0.812848	0.811834	0.811203	0.812523	0.814153	0.814011	0.813495	0.814873	0.819243	0.823955	0.827174	0.829	0.83054	0.831415	0.829255	0.822992	0.815413	0.809527	0.788699	0.754566	0.759871	0.793929	0.810485	0.811415	0.810035	0.810124	0.813305	0.81811	0.822404	0.825072	0.825963	0.825547	0.82452	0.823308	0.821813	0.819957	0.818059	0.816423	0.814626	0.81254	
0.841324	0.841365	0.842162	0.842989	0.843756	0.844665	0.845922	0.847775	0.850087	0.852556	0.854874	0.856837	0.858304	0.859235	0.859463	0.859078	0.858367	0.857164	0.853859	0.846151	0.836767	0.831615	0.831325	0.832295	0.833062	0.834676	0.836981	0.839483	0.842862	0.845849	0.846999	0.846764	0.846654	0.848733	0.85201	0.854128	0.854966	0.855762	0.85593	0.854932	0.851813	0.846347	0.82873	0.780935	0.756673	0.776423	0.819824	0.833231	0.833723	0.832458	0.832641	0.835359	0.83982	0.844209	0.847263	0.848703	0.849111	0.849258	0.849576	0.849776	0.849175	0.847457	0.844963	0.842583	0.841324	
0.86828	0.868934	0.870266	0.871694	0.872789	0.873536	0.874349	0.875661	0.877551	0.879807	0.882087	0.884077	0.885544	0.886269	0.885787	0.883661	0.879705	0.874083	0.866452	0.857935	0.852903	0.854158	0.85896	0.86305	0.866014	0.869269	0.872631	0.875146	0.876845	0.878434	0.880356	0.882064	0.882663	0.882382	0.88166	0.8808	0.880107	0.879878	0.880148	0.880573	0.879382	0.874802	0.861199	0.826843	0.806843	0.828154	0.85499	0.858943	0.857462	0.854899	0.853765	0.855184	0.858895	0.863309	0.866879	0.869072	0.870317	0.871291	0.872444	0.873604	0.873982	0.872993	0.870926	0.868948	0.86828	
0.893757	0.894393	0.895289	0.896116	0.896761	0.897469	0.898676	0.900678	0.903401	0.90639	0.909094	0.911066	0.911993	0.911658	0.909612	0.905263	0.898359	0.889595	0.881054	0.876092	0.877098	0.883052	0.889961	0.895087	0.899318	0.903942	0.908129	0.909753	0.908805	0.907865	0.908561	0.910114	0.910559	0.908901	0.906175	0.904178	0.903394	0.903291	0.903487	0.903945	0.903617	0.901171	0.896247	0.887108	0.8794	0.883381	0.889104	0.888296	0.885485	0.881596	0.878473	0.877531	0.879314	0.882817	0.886539	0.889575	0.891762	0.893308	0.894553	0.895655	0.896282	0.895988	0.894927	0.893909	0.893757	
0.920203	0.920908	0.921565	0.922138	0.92283	0.924008	0.925942	0.928583	0.931499	0.934035	0.935659	0.936098	0.93522	0.932967	0.929079	0.923204	0.915352	0.906706	0.900426	0.899769	0.904814	0.912394	0.918854	0.923212	0.927219	0.932163	0.936846	0.938504	0.936592	0.933718	0.932145	0.931794	0.931124	0.929011	0.926269	0.924679	0.924517	0.924994	0.925391	0.925601	0.925447	0.924457	0.9229	0.920934	0.919556	0.920203	0.92008	0.917707	0.914389	0.910387	0.906515	0.903879	0.903535	0.905368	0.908372	0.911449	0.913938	0.915575	0.916522	0.917251	0.918047	0.918748	0.919228	0.919633	0.920203	
0.947636	0.949084	0.950263	0.951355	0.952636	0.954303	0.95632	0.958311	0.959715	0.960063	0.959184	0.957201	0.95426	0.950386	0.945428	0.939283	0.932304	0.92596	0.923123	0.925927	0.933054	0.94087	0.946462	0.949608	0.952269	0.955838	0.959558	0.961201	0.959715	0.956509	0.953468	0.951109	0.948868	0.946272	0.94407	0.94339	0.944023	0.945055	0.945773	0.946135	0.94628	0.946085	0.945828	0.945809	0.946265	0.947056	0.946596	0.944593	0.941783	0.938397	0.934937	0.932046	0.930586	0.930904	0.932571	0.934707	0.936602	0.937827	0.938448	0.93904	0.940157	0.94188	0.943911	0.945887	0.947635	
0.974131	0.976671	0.978851	0.980787	0.982595	0.9842	0.985313	0.985498	0.984411	0.982035	0.97865	0.974652	0.970297	0.965634	0.960586	0.95526	0.950267	0.947013	0.947608	0.952809	0.960669	0.967983	0.97254	0.974655	0.976048	0.977719	0.979479	0.98027	0.979187	0.976592	0.973408	0.96997	0.966382	0.963224	0.961435	0.961496	0.962792	0.964337	0.9655	0.966233	0.966654	0.96677	0.966887	0.967374	0.968359	0.969582	0.97009	0.969522	0.967988	0.965649	0.962945	0.960328	0.958351	0.957397	0.957517	0.958313	0.959274	0.959976	0.960434	0.961147	0.962649	0.965086	0.968117	0.971234	0.974131	
0.998372	1.00166	1.00461	1.00712	1.00903	1.01002	1.00973	1.00791	1.00461	1.00026	0.995379	0.99038	0.985483	0.980797	0.976424	0.972663	0.970161	0.970028	0.973357	0.979851	0.987389	0.993414	0.996648	0.997782	0.998126	0.998198	0.998087	0.997663	0.996577	0.994802	0.99241	0.989066	0.984977	0.981503	0.979846	0.98022	0.981863	0.983797	0.985476	0.986729	0.987472	0.987661	0.987633	0.987949	0.989014	0.990817	0.992638	0.993738	0.993747	0.992621	0.990632	0.988149	0.985654	0.983545	0.98214	0.981498	0.981427	0.981632	0.982063	0.98303	0.984915	0.98776	0.99121	0.994841	0.998371	
1.02055	1.02404	1.0272	1.02976	1.03135	1.03152	1.02995	1.02666	1.02208	1.01685	1.01149	1.00637	1.00174	0.997782	0.994745	0.992985	0.993006	0.995454	1.0005	1.00715	1.01343	1.01765	1.01944	1.01955	1.01876	1.01744	1.01593	1.01453	1.01333	1.01233	1.01116	1.00887	1.00538	1.0022	1.00059	1.00085	1.00231	1.00416	1.00604	1.00775	1.00903	1.00958	1.0095	1.00943	1.01016	1.01216	1.01492	1.01736	1.01874	1.01874	1.01743	1.01511	1.01225	1.00928	1.00664	1.00464	1.00344	1.00301	1.0033	1.00443	1.00657	1.0096	1.01315	1.01687	1.02055	
1.04149	1.04474	1.0476	1.04977	1.05079	1.05018	1.04773	1.0437	1.03878	1.03362	1.0287	1.02435	1.02083	1.01836	1.01716	1.01748	1.01956	1.02353	1.02894	1.03453	1.03886	1.04117	1.04156	1.04052	1.03856	1.0362	1.03395	1.03211	1.03093	1.03058	1.03062	1.02998	1.02818	1.02613	1.02486	1.02471	1.02528	1.02621	1.02751	1.02908	1.03068	1.03188	1.03237	1.0324	1.03275	1.03428	1.03699	1.03993	1.0421	1.04296	1.04237	1.04052	1.0378	1.03459	1.03133	1.02845	1.0263	1.02513	1.02505	1.02604	1.0281	1.03104	1.03445	1.038	1.04149	
1.06195	1.06459	1.06677	1.06825	1.06859	1.06736	1.06449	1.06046	1.05606	1.05188	1.04833	1.04566	1.04403	1.04354	1.04424	1.04617	1.04929	1.05335	1.0577	1.06139	1.06367	1.06427	1.06328	1.06105	1.05825	1.05566	1.05357	1.05191	1.05093	1.05092	1.05178	1.05276	1.05309	1.05284	1.05243	1.05199	1.05142	1.05093	1.0509	1.05145	1.05252	1.05383	1.05496	1.05563	1.05608	1.05702	1.05889	1.06135	1.0636	1.06496	1.06511	1.06408	1.06209	1.05941	1.05635	1.05333	1.0508	1.04914	1.04862	1.04921	1.05079	1.05319	1.05605	1.05905	1.06195	
1.08266	1.08423	1.0854	1.08596	1.08558	1.08395	1.08118	1.0779	1.07484	1.07249	1.07107	1.07064	1.07113	1.0724	1.07435	1.07686	1.07975	1.08273	1.08536	1.0872	1.08784	1.08701	1.08472	1.08159	1.0787	1.0768	1.0757	1.07482	1.07422	1.07435	1.07548	1.07726	1.07902	1.08041	1.08116	1.08093	1.07982	1.07839	1.07709	1.0762	1.07591	1.0763	1.07715	1.07807	1.07875	1.07937	1.08039	1.08194	1.08375	1.08529	1.08613	1.08611	1.0853	1.08383	1.08185	1.07961	1.07749	1.07588	1.0751	1.07516	1.07594	1.0773	1.07901	1.08086	1.08266	
1.10401	1.10409	1.10397	1.10349	1.10243	1.10067	1.09851	1.0966	1.0955	1.09544	1.09635	1.09799	1.10003	1.10223	1.10442	1.1065	1.10839	1.11003	1.1113	1.1119	1.11133	1.1093	1.10614	1.10288	1.10069	1.09987	1.09992	1.10009	1.10025	1.10079	1.10191	1.10347	1.10533	1.10743	1.10912	1.1095	1.10858	1.10699	1.10511	1.10322	1.1016	1.10054	1.10021	1.10041	1.10073	1.10099	1.10134	1.10208	1.10329	1.10477	1.10615	1.10718	1.10778	1.10796	1.10773	1.10711	1.10623	1.10532	1.10457	1.10409	1.10385	1.10373	1.10374	1.10386	1.10401	
1.12599	1.12438	1.12285	1.12136	1.1198	1.11825	1.11708	1.11685	1.11783	1.11987	1.12261	1.12556	1.12829	1.13055	1.13228	1.13353	1.13446	1.13525	1.13579	1.13554	1.134	1.13123	1.12806	1.12562	1.12448	1.12448	1.12514	1.1261	1.1273	1.12873	1.12999	1.13087	1.13193	1.13378	1.1358	1.13673	1.13629	1.13493	1.13297	1.13074	1.12843	1.12632	1.12471	1.1237	1.12307	1.12259	1.12227	1.12233	1.12296	1.12422	1.12592	1.12783	1.1298	1.1317	1.13342	1.1348	1.13567	1.13593	1.13551	1.13455	1.13317	1.13142	1.12956	1.12773	1.12599	
1.14827	1.14518	1.14248	1.1402	1.13846	1.13742	1.13743	1.13878	1.14139	1.14484	1.14853	1.1519	1.15456	1.15641	1.15749	1.15809	1.15856	1.15902	1.15911	1.15819	1.15606	1.15332	1.15099	1.14976	1.14955	1.14992	1.15063	1.15192	1.15394	1.15617	1.15769	1.15818	1.15851	1.15961	1.16125	1.16234	1.16235	1.16132	1.15948	1.15725	1.15481	1.15233	1.15002	1.14806	1.14644	1.14508	1.14403	1.14347	1.14358	1.14449	1.14622	1.14867	1.15163	1.15489	1.15822	1.16136	1.16389	1.16532	1.16538	1.16412	1.16175	1.15863	1.15516	1.15165	1.14827	
1.17075	1.16679	1.16342	1.16084	1.15926	1.15891	1.15999	1.16247	1.16596	1.16989	1.17361	1.17663	1.17873	1.17995	1.18054	1.18091	1.18132	1.18167	1.18145	1.18018	1.17808	1.17602	1.17479	1.17457	1.17494	1.17542	1.17604	1.17735	1.17957	1.18197	1.18356	1.18414	1.18432	1.18476	1.18562	1.18642	1.18667	1.186	1.18443	1.18237	1.18008	1.17769	1.17529	1.173	1.17087	1.16892	1.16731	1.16623	1.16589	1.1664	1.16787	1.17039	1.17374	1.17766	1.18189	1.18607	1.18962	1.19186	1.19233	1.19098	1.18807	1.18413	1.17969	1.17513	1.17075	
1.19384	1.18977	1.18641	1.18406	1.18293	1.18323	1.18499	1.18788	1.19138	1.19489	1.19787	1.20002	1.20129	1.20189	1.20222	1.20262	1.2031	1.20342	1.20308	1.20189	1.20035	1.1992	1.19887	1.19923	1.19984	1.20037	1.20099	1.20222	1.20413	1.20609	1.20749	1.20828	1.20868	1.20879	1.20893	1.20928	1.20955	1.20919	1.20802	1.20632	1.20437	1.20233	1.20024	1.19818	1.19613	1.19415	1.19239	1.19103	1.19036	1.19049	1.19153	1.19365	1.19674	1.20053	1.20475	1.20903	1.21281	1.21532	1.21601	1.21474	1.21179	1.20775	1.20314	1.19839	1.19384	
1.21809	1.21463	1.21191	1.21021	1.20962	1.21028	1.21212	1.21465	1.21733	1.2197	1.22143	1.22244	1.22284	1.22297	1.22321	1.22366	1.22424	1.2246	1.22434	1.22355	1.22273	1.2224	1.22267	1.22328	1.22393	1.2245	1.22518	1.22625	1.22762	1.22893	1.22998	1.23083	1.23139	1.2314	1.23117	1.23117	1.23137	1.23128	1.2306	1.22945	1.22804	1.22655	1.22504	1.22353	1.22201	1.22048	1.21901	1.21775	1.21693	1.21675	1.21729	1.21869	1.22095	1.22387	1.22725	1.23082	1.23411	1.23639	1.2371	1.23604	1.23348	1.23001	1.22605	1.22198	1.21809	
1.24355	1.24129	1.2396	1.23865	1.23847	1.23913	1.24042	1.24189	1.2432	1.24405	1.24437	1.24425	1.24391	1.24373	1.2439	1.24441	1.24508	1.24552	1.24549	1.24519	1.24505	1.24531	1.24591	1.24661	1.24724	1.24783	1.24852	1.24935	1.25019	1.2509	1.25156	1.25226	1.25279	1.25281	1.2525	1.25237	1.25253	1.25268	1.25254	1.25207	1.25136	1.25058	1.24979	1.24901	1.24821	1.24737	1.24648	1.24559	1.24484	1.24441	1.2444	1.2449	1.24599	1.24759	1.24963	1.25196	1.25427	1.25595	1.25651	1.25578	1.25397	1.25156	1.24887	1.24614	1.24355	
1.2697	1.26888	1.26828	1.26795	1.26795	1.26823	1.26853	1.26865	1.26842	1.26777	1.26682	1.26578	1.26492	1.26452	1.26465	1.2652	1.26591	1.26644	1.26668	1.26685	1.26721	1.26784	1.26861	1.26933	1.26994	1.27052	1.27112	1.27167	1.27206	1.27231	1.27261	1.27305	1.27343	1.27346	1.27324	1.27315	1.27335	1.27376	1.27415	1.27438	1.27446	1.27448	1.27448	1.27447	1.27441	1.27428	1.27399	1.27353	1.27294	1.2723	1.27171	1.27127	1.2711	1.27128	1.27182	1.27272	1.27383	1.27474	1.2751	1.27478	1.27392	1.27285	1.27173	1.27067	1.2697	
1.29573	1.29624	1.29657	1.29671	1.29669	1.29633	1.29556	1.29439	1.2928	1.29094	1.28904	1.28737	1.28619	1.28565	1.28575	1.28629	1.28699	1.28761	1.28809	1.28861	1.28929	1.29012	1.29096	1.29168	1.29227	1.29278	1.29323	1.29352	1.29356	1.29348	1.29348	1.29363	1.2938	1.29384	1.29377	1.29381	1.29416	1.29483	1.2957	1.2966	1.29745	1.29827	1.29903	1.29974	1.30035	1.30079	1.30095	1.30079	1.30028	1.29942	1.29827	1.29697	1.29567	1.29452	1.29368	1.29322	1.29316	1.29332	1.2935	1.29363	1.29377	1.29406	1.29452	1.29511	1.29573	
1.32104	1.3226	1.32365	1.32412	1.32395	1.32299	1.3213	1.31907	1.3165	1.31384	1.31136	1.30934	1.30799	1.30738	1.30743	1.3079	1.30855	1.30922	1.30987	1.3106	1.31146	1.31237	1.31321	1.31391	1.31446	1.31489	1.31516	1.31521	1.31501	1.3147	1.31446	1.31435	1.31433	1.31436	1.31443	1.31466	1.3152	1.31615	1.31743	1.31889	1.32042	1.32194	1.32337	1.32468	1.3258	1.32664	1.32707	1.32702	1.32643	1.32529	1.32363	1.3216	1.31938	1.31717	1.31518	1.31361	1.31259	1.31215	1.31222	1.31278	1.31384	1.31532	1.31714	1.31912	1.32104	
1.34544	1.34775	1.3493	1.34994	1.34959	1.3482	1.34589	1.343	1.33987	1.33679	1.33406	1.33191	1.33051	1.32987	1.32983	1.33021	1.33078	1.33145	1.33218	1.333	1.33391	1.33481	1.33562	1.33627	1.33676	1.33708	1.3372	1.33706	1.3367	1.33623	1.33582	1.33551	1.33535	1.33536	1.33555	1.33597	1.33672	1.33791	1.3395	1.34139	1.34343	1.34548	1.34743	1.34917	1.35063	1.35169	1.35222	1.35211	1.35132	1.34987	1.34778	1.34519	1.34228	1.3393	1.3365	1.33415	1.3325	1.33169	1.33173	1.33266	1.33442	1.33682	1.33964	1.34262	1.34544	
1.36908	1.3718	1.37361	1.37431	1.37383	1.3722	1.36966	1.36654	1.36323	1.36006	1.35733	1.35522	1.35385	1.35319	1.35307	1.35334	1.35382	1.35443	1.35516	1.35597	1.35684	1.35767	1.35839	1.35897	1.35939	1.3596	1.35959	1.35933	1.35888	1.35832	1.35779	1.35736	1.3571	1.3571	1.35739	1.35796	1.35889	1.36026	1.36206	1.3642	1.36655	1.36893	1.37118	1.37318	1.37479	1.37589	1.37636	1.37611	1.37512	1.37339	1.37097	1.368	1.36467	1.36124	1.35799	1.35524	1.35327	1.35231	1.35241	1.3536	1.3558	1.35877	1.3622	1.36576	1.36908	
1.39223	1.39504	1.39689	1.39757	1.39705	1.39542	1.39294	1.38993	1.38676	1.38377	1.38123	1.37928	1.37801	1.37736	1.37718	1.37734	1.37771	1.37824	1.37889	1.37962	1.38038	1.38109	1.38171	1.3822	1.38252	1.38265	1.38255	1.38223	1.38173	1.38115	1.38057	1.38009	1.3798	1.3798	1.38012	1.38079	1.38183	1.38329	1.38516	1.38738	1.38981	1.39228	1.39462	1.39666	1.39825	1.39927	1.3996	1.3992	1.39803	1.39612	1.39354	1.39042	1.38696	1.38342	1.3801	1.37729	1.3753	1.37434	1.37451	1.37585	1.37823	1.38142	1.38506	1.38878	1.39223	
1.41517	1.41778	1.41947	1.42009	1.41963	1.41817	1.41596	1.4133	1.41053	1.40793	1.40573	1.40406	1.40295	1.40234	1.40212	1.40219	1.40246	1.40288	1.40341	1.404	1.40461	1.40519	1.40568	1.40607	1.4063	1.40635	1.40621	1.40588	1.4054	1.40484	1.40429	1.40382	1.40354	1.40354	1.40388	1.40456	1.40561	1.40703	1.40882	1.41092	1.41322	1.41555	1.41774	1.41963	1.42105	1.42188	1.42206	1.42154	1.42029	1.41836	1.41585	1.41286	1.4096	1.4063	1.40323	1.40065	1.39883	1.39797	1.39822	1.39958	1.4019	1.40495	1.40841	1.41193	1.41517	
1.43812	1.44027	1.44166	1.44218	1.44181	1.44065	1.43888	1.43675	1.43455	1.43249	1.43075	1.42942	1.42853	1.42802	1.4278	1.42781	1.42798	1.42828	1.42867	1.42911	1.42956	1.42998	1.43035	1.43062	1.43078	1.43079	1.43064	1.43034	1.42993	1.42946	1.42898	1.42859	1.42835	1.42835	1.42865	1.42926	1.4302	1.43145	1.433	1.43479	1.43674	1.43871	1.44055	1.44211	1.44325	1.44387	1.44391	1.44337	1.44221	1.44049	1.43828	1.43572	1.43296	1.4302	1.42763	1.42547	1.42397	1.42331	1.42361	1.42484	1.42686	1.42948	1.43243	1.43541	1.43812	
1.46115	1.46267	1.46367	1.46404	1.46379	1.46299	1.46176	1.46029	1.45876	1.45734	1.45614	1.45523	1.4546	1.45422	1.45405	1.45403	1.45413	1.45431	1.45456	1.45485	1.45514	1.45541	1.45565	1.45583	1.45591	1.4559	1.45578	1.45556	1.45526	1.45491	1.45457	1.45428	1.45411	1.45412	1.45435	1.4548	1.45551	1.45644	1.45759	1.4589	1.46031	1.46174	1.46306	1.46418	1.46497	1.46537	1.46535	1.46491	1.46403	1.46273	1.46109	1.4592	1.4572	1.45518	1.4533	1.45175	1.4507	1.45027	1.45054	1.45149	1.45299	1.45491	1.45707	1.45922	1.46115	
1.48429	1.48508	1.4856	1.48579	1.48567	1.48526	1.48464	1.48389	1.48311	1.48238	1.48177	1.4813	1.48098	1.48078	1.48068	1.48067	1.48071	1.48079	1.48092	1.48105	1.4812	1.48133	1.48145	1.48153	1.48157	1.48156	1.48149	1.48137	1.48121	1.48103	1.48085	1.4807	1.48061	1.48062	1.48074	1.48098	1.48136	1.48187	1.48247	1.48317	1.48391	1.48466	1.48535	1.48593	1.48634	1.48654	1.48651	1.48627	1.48578	1.48509	1.48421	1.48322	1.48216	1.48107	1.48008	1.47927	1.47872	1.47852	1.47869	1.47921	1.48001	1.48103	1.48217	1.48329	1.48429	
1.50751	1.50751	1.50751	1.50751	1.50751	1.50751	1.50751	1.50751	1.50751	1.50751	1.50751	1.50751	1.50751	1.50751	1.50751	1.50751	1.50751	1.50751	1.50751	1.50751	1.50751	1.50751	1.50751	1.50751	1.50751	1.50751	1.50751	1.50751	1.50751	1.50751	1.50751	1.50751	1.50751	1.50751	1.50751	1.50751	1.50751	1.50751	1.50751	1.50751	1.50751	1.50751	1.50751	1.50751	1.50751	1.50751	1.50751	1.50751	1.50751	1.50751	1.50751	1.50751	1.50751	1.50751	1.50751	1.50751	1.50751	1.50751	1.50751	1.50751	1.50751	1.50751	1.50751	1.50751	1.50751	
