x=200	y=90	z=200	n=65	len=1
b
0.701145	0.701183	0.701274	0.701373	0.701433	0.701397	0.701204	0.700828	0.700309	0.699743	0.699212	0.698799	0.698516	0.69832	0.698241	0.698348	0.698649	0.699074	0.699454	0.699672	0.699732	0.699576	0.698819	0.697935	0.697498	0.696972	0.696058	0.695119	0.69418	0.693073	0.692018	0.691117	0.690367	0.689775	0.689241	0.689045	0.689894	0.691365	0.692739	0.693921	0.694795	0.695273	0.695801	0.696851	0.698014	0.698618	0.698673	0.698619	0.698729	0.699018	0.699283	0.699415	0.699543	0.699929	0.700582	0.701151	0.701439	0.701539	0.701554	0.701519	0.701445	0.701349	0.701249	0.701174	0.701145	
0.701472	0.701596	0.701755	0.701887	0.7019	0.70167	0.701112	0.700289	0.699341	0.698428	0.697696	0.697212	0.696915	0.696718	0.696638	0.696761	0.697168	0.697853	0.6986	0.699101	0.699248	0.699158	0.698633	0.69792	0.697281	0.69663	0.695774	0.694911	0.694027	0.692808	0.69157	0.69054	0.689797	0.689228	0.688807	0.688848	0.689833	0.691203	0.692297	0.693071	0.693557	0.694144	0.695266	0.6965	0.697107	0.697288	0.697408	0.697511	0.697793	0.698321	0.698845	0.699116	0.699212	0.699445	0.699982	0.700579	0.700982	0.701212	0.701349	0.701419	0.701437	0.701432	0.701415	0.701416	0.701472	
0.701731	0.70193	0.70215	0.702261	0.702053	0.701342	0.700151	0.698735	0.697393	0.69632	0.695581	0.695161	0.694908	0.694731	0.694706	0.694953	0.695569	0.696531	0.697524	0.698232	0.698499	0.698528	0.698315	0.697818	0.696974	0.696185	0.695468	0.69474	0.693895	0.692643	0.69134	0.690208	0.689389	0.688682	0.68826	0.688604	0.689935	0.69137	0.692256	0.692744	0.69306	0.693735	0.694637	0.695183	0.695317	0.695425	0.695667	0.695879	0.69626	0.697055	0.698037	0.698714	0.698971	0.699133	0.699496	0.699986	0.700407	0.700746	0.701032	0.701241	0.701366	0.701449	0.701517	0.701599	0.701731	
0.701956	0.702207	0.70243	0.702344	0.701609	0.700156	0.698323	0.696587	0.695259	0.69438	0.693824	0.693488	0.693234	0.693047	0.69306	0.693411	0.69421	0.695322	0.696273	0.69699	0.697421	0.697757	0.697921	0.697606	0.696482	0.695351	0.694683	0.694212	0.69358	0.692456	0.691284	0.690155	0.689251	0.688429	0.687967	0.688431	0.689858	0.6913	0.692259	0.692861	0.693137	0.693392	0.693681	0.693803	0.693783	0.693825	0.694001	0.69417	0.694468	0.695266	0.696572	0.69781	0.698486	0.698755	0.699012	0.699355	0.699711	0.700103	0.70054	0.700934	0.701216	0.701408	0.701574	0.701753	0.701956	
0.702137	0.702411	0.702507	0.701974	0.700534	0.69853	0.69659	0.695137	0.694257	0.693725	0.693285	0.692869	0.692461	0.692149	0.692028	0.692312	0.693212	0.694304	0.694935	0.695524	0.696259	0.697081	0.697555	0.697404	0.69602	0.694336	0.693443	0.693071	0.69281	0.692077	0.69122	0.69025	0.689436	0.688755	0.688345	0.688562	0.689429	0.690559	0.691762	0.692704	0.692989	0.692915	0.692942	0.692932	0.692656	0.692447	0.692556	0.692769	0.69296	0.693502	0.694676	0.696179	0.697382	0.698024	0.698406	0.698722	0.699013	0.699371	0.699876	0.700453	0.700946	0.701307	0.701595	0.701864	0.702137	
0.702244	0.702483	0.702286	0.701181	0.699282	0.697365	0.69592	0.69505	0.694653	0.694322	0.693766	0.69308	0.692416	0.691874	0.691429	0.691485	0.692486	0.693607	0.694082	0.69465	0.695614	0.696724	0.697295	0.697248	0.695657	0.693532	0.69234	0.691748	0.691659	0.691394	0.690975	0.690336	0.689861	0.689581	0.689268	0.688949	0.688848	0.689461	0.69087	0.692056	0.692348	0.692258	0.692323	0.692185	0.691639	0.691323	0.691572	0.691998	0.692171	0.692388	0.693104	0.694369	0.695825	0.696929	0.697659	0.698151	0.698486	0.69877	0.69919	0.699836	0.700538	0.701118	0.701558	0.701914	0.702244	
0.702257	0.702371	0.701784	0.70022	0.698274	0.696808	0.695924	0.695512	0.695399	0.695128	0.69449	0.693645	0.692759	0.691959	0.691149	0.690862	0.6919	0.693288	0.694046	0.694716	0.695607	0.696588	0.69701	0.696797	0.695051	0.693054	0.691983	0.69115	0.690791	0.690621	0.690548	0.690306	0.690297	0.690512	0.690315	0.689589	0.688869	0.688972	0.690079	0.691064	0.691427	0.6917	0.691899	0.69154	0.690907	0.690789	0.691328	0.691982	0.692223	0.692243	0.692543	0.693384	0.694707	0.696032	0.69704	0.697703	0.698126	0.698405	0.698684	0.699226	0.700033	0.700832	0.701444	0.701897	0.702257	
0.702142	0.702074	0.70113	0.699304	0.697516	0.696458	0.695907	0.69572	0.695772	0.695745	0.695421	0.694735	0.693688	0.692527	0.691357	0.690606	0.69131	0.692948	0.694199	0.695008	0.695689	0.696317	0.696356	0.695669	0.693959	0.692603	0.692216	0.691701	0.690982	0.690362	0.690224	0.690224	0.690592	0.691173	0.691087	0.690267	0.689452	0.689205	0.689784	0.690608	0.691302	0.691881	0.691879	0.691162	0.690633	0.690991	0.691852	0.692605	0.693024	0.69318	0.693325	0.693819	0.694809	0.695971	0.696899	0.697496	0.697877	0.698161	0.698388	0.69877	0.699527	0.700464	0.701243	0.70179	0.702142	
0.70189	0.701639	0.700439	0.698511	0.69695	0.69623	0.695866	0.695694	0.695849	0.696172	0.696293	0.695946	0.694947	0.693499	0.692068	0.690872	0.690784	0.692095	0.693632	0.694688	0.695217	0.695414	0.694933	0.693823	0.692516	0.692271	0.693212	0.693829	0.693041	0.691414	0.69059	0.690416	0.69076	0.691435	0.691473	0.690783	0.689959	0.689553	0.690207	0.691506	0.6926	0.693121	0.692477	0.691227	0.69086	0.691639	0.692696	0.693493	0.69419	0.69471	0.694972	0.69525	0.695804	0.696509	0.697117	0.697562	0.697836	0.69801	0.698182	0.698469	0.699098	0.700058	0.700961	0.701585	0.70189	
0.701539	0.70115	0.699818	0.697906	0.696581	0.696163	0.695956	0.695727	0.695764	0.696038	0.696278	0.696235	0.69555	0.694184	0.692737	0.691555	0.690778	0.690938	0.691886	0.692922	0.693388	0.693261	0.69245	0.691626	0.692186	0.694291	0.696623	0.697942	0.697128	0.694326	0.692315	0.691407	0.691073	0.69154	0.691706	0.69115	0.690328	0.690149	0.691416	0.693462	0.695054	0.695894	0.694855	0.692708	0.691717	0.692088	0.692963	0.693702	0.694562	0.695377	0.695856	0.696048	0.696205	0.696463	0.696851	0.697362	0.697775	0.69794	0.698013	0.698213	0.698733	0.699646	0.700616	0.701292	0.701539	
0.701137	0.700681	0.699344	0.697549	0.696398	0.696095	0.695959	0.695705	0.69549	0.695371	0.695271	0.69505	0.694563	0.69375	0.692702	0.691938	0.691342	0.690617	0.690212	0.690392	0.690512	0.690258	0.689853	0.691173	0.695027	0.698586	0.700048	0.700403	0.699957	0.697886	0.69618	0.694524	0.692332	0.691746	0.691982	0.691584	0.690885	0.69106	0.692788	0.695334	0.697511	0.698727	0.698299	0.696214	0.693582	0.692144	0.692129	0.692596	0.693443	0.694339	0.694951	0.69517	0.695187	0.695326	0.69576	0.696518	0.697298	0.697714	0.697814	0.697948	0.698379	0.699239	0.700238	0.700937	0.701137	
0.700728	0.700262	0.699019	0.697399	0.696266	0.695854	0.695726	0.695494	0.695074	0.694528	0.693859	0.693108	0.692537	0.69226	0.692063	0.692033	0.692161	0.69183	0.690809	0.689699	0.68885	0.688423	0.689373	0.693435	0.698345	0.699839	0.698109	0.697002	0.697993	0.698478	0.697756	0.696836	0.694455	0.692444	0.692862	0.693127	0.692288	0.69213	0.693844	0.696476	0.698497	0.698909	0.699433	0.69949	0.696428	0.692686	0.691205	0.69142	0.692219	0.693036	0.693665	0.694045	0.694261	0.694581	0.69514	0.695889	0.696662	0.697232	0.697499	0.697656	0.698021	0.698841	0.699849	0.700554	0.700728	
0.700334	0.699879	0.698753	0.697211	0.695954	0.695493	0.695486	0.695275	0.694656	0.693804	0.692896	0.692095	0.691738	0.692149	0.693509	0.69512	0.696074	0.696041	0.69496	0.693041	0.690749	0.689326	0.691051	0.695088	0.697358	0.695633	0.691856	0.690435	0.692349	0.693911	0.691799	0.69213	0.694295	0.69418	0.69582	0.697797	0.696344	0.694441	0.695428	0.697507	0.69811	0.695871	0.696546	0.699751	0.698517	0.694106	0.691421	0.691253	0.691869	0.692583	0.693227	0.693793	0.694282	0.694772	0.695339	0.695907	0.696314	0.696696	0.697069	0.697312	0.697667	0.698468	0.699481	0.700179	0.700334	
0.699957	0.69952	0.69843	0.696795	0.695433	0.695128	0.695334	0.695158	0.694437	0.693592	0.693138	0.693626	0.695337	0.697772	0.700404	0.702307	0.702087	0.700024	0.697939	0.696325	0.694496	0.69272	0.693264	0.69473	0.693643	0.689834	0.685985	0.6849	0.686395	0.686866	0.682724	0.68478	0.692936	0.696706	0.699203	0.702377	0.701775	0.698754	0.698515	0.699694	0.698612	0.692709	0.691292	0.696353	0.697715	0.69475	0.692083	0.691374	0.691622	0.692252	0.692967	0.69363	0.694236	0.694789	0.69536	0.695895	0.69604	0.696145	0.696553	0.696926	0.697325	0.698132	0.69914	0.699816	0.699957	
0.699594	0.699145	0.697974	0.696265	0.69499	0.694858	0.695206	0.695178	0.694702	0.694345	0.695485	0.698895	0.703007	0.705972	0.707532	0.707291	0.703762	0.698713	0.695572	0.694464	0.694479	0.694592	0.69478	0.694147	0.690254	0.684813	0.681172	0.679843	0.681177	0.681195	0.677021	0.68199	0.693299	0.697763	0.699279	0.70233	0.704084	0.702484	0.701916	0.702652	0.700527	0.691325	0.686328	0.69126	0.69499	0.694574	0.692473	0.690907	0.690708	0.691434	0.692325	0.69303	0.693682	0.694324	0.694997	0.695524	0.695461	0.695439	0.695985	0.696524	0.696994	0.697837	0.698828	0.699469	0.699594	
0.699241	0.698736	0.69751	0.695924	0.694773	0.694539	0.694935	0.695298	0.695435	0.696141	0.699653	0.705048	0.708523	0.709429	0.709155	0.707462	0.702324	0.696177	0.69281	0.691626	0.691891	0.693373	0.694507	0.692768	0.686375	0.679643	0.675869	0.673279	0.674926	0.677041	0.674995	0.681802	0.692854	0.69526	0.695788	0.699406	0.702963	0.703466	0.703589	0.703992	0.700709	0.688928	0.682025	0.688019	0.695958	0.699571	0.696464	0.691174	0.689097	0.690012	0.691357	0.692176	0.692896	0.693792	0.694658	0.695018	0.694616	0.694578	0.695415	0.696133	0.696678	0.697579	0.698552	0.699151	0.699241	
0.698898	0.69836	0.69726	0.695858	0.694529	0.693881	0.694327	0.695346	0.696333	0.698445	0.703461	0.708439	0.710313	0.710439	0.710017	0.707878	0.70213	0.69572	0.692473	0.691453	0.691175	0.691731	0.691713	0.687909	0.680497	0.67383	0.668356	0.663258	0.665623	0.671472	0.67308	0.681033	0.690609	0.691449	0.692295	0.696779	0.700535	0.701526	0.701694	0.701954	0.69766	0.685147	0.679408	0.689141	0.702208	0.707985	0.704023	0.694913	0.688555	0.688404	0.690145	0.691156	0.69195	0.693317	0.694489	0.69449	0.69366	0.693751	0.694928	0.695764	0.696388	0.697354	0.698302	0.698856	0.698898	
0.698612	0.698144	0.697231	0.695746	0.693964	0.692969	0.693509	0.695178	0.697016	0.700049	0.705274	0.709672	0.711699	0.712748	0.71284	0.710044	0.703127	0.695517	0.691401	0.690332	0.689366	0.687506	0.68474	0.679968	0.674221	0.668889	0.662478	0.655991	0.657963	0.666226	0.672171	0.680951	0.688325	0.689009	0.69132	0.695311	0.696844	0.696726	0.697084	0.697686	0.695233	0.689569	0.688693	0.69913	0.710741	0.712473	0.708044	0.699277	0.689982	0.687386	0.68884	0.689835	0.690652	0.692645	0.694294	0.693909	0.69279	0.69319	0.694566	0.695407	0.696138	0.69716	0.698075	0.698588	0.698612	
0.698445	0.69809	0.697135	0.695261	0.693248	0.692364	0.69307	0.695003	0.69707	0.700119	0.705142	0.709602	0.712353	0.714201	0.714501	0.711435	0.703916	0.694759	0.68843	0.686396	0.685351	0.682113	0.677612	0.673856	0.671675	0.67164	0.671255	0.666473	0.663104	0.667906	0.675891	0.682939	0.686526	0.687878	0.691926	0.69409	0.692193	0.69024	0.689945	0.69203	0.698307	0.706281	0.71073	0.715938	0.7191	0.713894	0.707098	0.699892	0.691431	0.68759	0.688063	0.688332	0.6888	0.691471	0.693891	0.693334	0.69217	0.692866	0.69424	0.695069	0.695929	0.696986	0.697877	0.698377	0.698445	
0.698377	0.698007	0.696691	0.694514	0.692811	0.692375	0.693231	0.695046	0.696764	0.699039	0.702996	0.706728	0.709229	0.711079	0.711587	0.709231	0.702339	0.692653	0.68447	0.680375	0.679295	0.677682	0.674758	0.673616	0.675615	0.679546	0.682627	0.680671	0.675222	0.674542	0.678602	0.681612	0.683451	0.687216	0.692285	0.69284	0.688347	0.68275	0.680385	0.688345	0.703836	0.719357	0.727459	0.728018	0.724454	0.715342	0.706309	0.698752	0.69197	0.688744	0.688089	0.687067	0.686871	0.689982	0.693091	0.692662	0.691697	0.692588	0.693898	0.694773	0.695745	0.696821	0.697713	0.698243	0.698377	
0.698293	0.697662	0.695956	0.693926	0.692791	0.692673	0.693505	0.695121	0.69654	0.697662	0.699353	0.700889	0.70177	0.702677	0.703755	0.703419	0.698452	0.689112	0.679351	0.672269	0.669844	0.67116	0.673773	0.677519	0.680999	0.682284	0.682623	0.682015	0.67817	0.673903	0.672084	0.673076	0.677644	0.683997	0.689039	0.690911	0.687515	0.677835	0.672389	0.683992	0.699213	0.71253	0.725423	0.729283	0.7261	0.718194	0.70895	0.699894	0.693005	0.689917	0.688119	0.686165	0.685912	0.689138	0.692156	0.691806	0.691263	0.692338	0.693597	0.694556	0.695602	0.696686	0.697598	0.698176	0.698293	
0.698063	0.69712	0.695351	0.693732	0.692964	0.692982	0.693869	0.695548	0.697064	0.697625	0.697707	0.697303	0.695895	0.694702	0.695563	0.697019	0.694583	0.686179	0.674761	0.664525	0.659711	0.663411	0.673464	0.682469	0.684992	0.683067	0.681083	0.678899	0.673036	0.666498	0.663987	0.665223	0.670169	0.676748	0.682313	0.686864	0.685205	0.67277	0.665025	0.674134	0.683968	0.695966	0.714613	0.723854	0.722859	0.717375	0.711143	0.704335	0.696292	0.690651	0.687505	0.685613	0.686237	0.689324	0.691356	0.690914	0.690985	0.692276	0.693488	0.694506	0.695561	0.696614	0.697522	0.698088	0.698063	
0.697826	0.696796	0.695292	0.694053	0.69333	0.693211	0.694046	0.695829	0.697639	0.698528	0.698629	0.697999	0.695591	0.692124	0.69064	0.691959	0.691954	0.685673	0.67441	0.662871	0.65612	0.658918	0.672008	0.684877	0.688605	0.685222	0.679134	0.674458	0.669515	0.665808	0.669079	0.669629	0.664713	0.666329	0.67245	0.676781	0.672119	0.660689	0.65822	0.664649	0.671222	0.686591	0.707322	0.715075	0.71213	0.709447	0.710968	0.710205	0.701647	0.692106	0.687307	0.686092	0.687472	0.689782	0.690557	0.690337	0.691129	0.692591	0.693728	0.694714	0.695687	0.69664	0.697481	0.697982	0.697826	
0.697805	0.696893	0.695742	0.694736	0.693802	0.693147	0.693173	0.69395	0.695217	0.69683	0.698359	0.699006	0.697619	0.693582	0.68938	0.688835	0.690107	0.686793	0.678168	0.668727	0.662558	0.661972	0.670321	0.681769	0.687284	0.685275	0.676924	0.670123	0.668293	0.670675	0.67916	0.678067	0.661481	0.653765	0.6573	0.658477	0.652739	0.648097	0.655243	0.66376	0.669483	0.682982	0.697041	0.700024	0.698319	0.702978	0.713202	0.716165	0.706513	0.694208	0.688385	0.687724	0.688851	0.689961	0.690221	0.690717	0.692031	0.693401	0.694363	0.695232	0.696071	0.696869	0.697574	0.697995	0.697805	
0.698181	0.697525	0.696615	0.695407	0.693722	0.691771	0.689955	0.688934	0.689249	0.691568	0.695316	0.698126	0.698462	0.69556	0.690211	0.686878	0.68755	0.687141	0.682084	0.676715	0.674507	0.67334	0.67514	0.68033	0.684449	0.684619	0.678408	0.669336	0.66578	0.669788	0.674766	0.671581	0.659528	0.650622	0.647138	0.64354	0.641607	0.642877	0.653166	0.662082	0.663883	0.67191	0.681067	0.685416	0.690494	0.702792	0.717298	0.720503	0.709364	0.696057	0.69055	0.689739	0.690049	0.690545	0.691123	0.692192	0.693468	0.694421	0.695157	0.695946	0.696733	0.697408	0.697953	0.698306	0.698181	
0.698995	0.698435	0.697413	0.695723	0.692836	0.68917	0.686485	0.685645	0.686754	0.68967	0.693044	0.695232	0.695928	0.694793	0.69056	0.685518	0.683789	0.684204	0.682382	0.680653	0.681871	0.683181	0.684199	0.685656	0.686771	0.68584	0.67982	0.668643	0.662198	0.663902	0.66304	0.656804	0.655675	0.656823	0.648722	0.639806	0.639837	0.641698	0.646826	0.649972	0.648818	0.656917	0.670038	0.680329	0.688978	0.704641	0.719672	0.72135	0.710049	0.697695	0.693378	0.691923	0.691603	0.692085	0.692915	0.693907	0.694698	0.695193	0.695737	0.696519	0.697389	0.698138	0.698686	0.699042	0.698995	
0.699948	0.699201	0.697672	0.695175	0.69085	0.686028	0.684133	0.685207	0.688995	0.694676	0.697654	0.696061	0.69299	0.690518	0.687419	0.683076	0.679443	0.678157	0.67733	0.676059	0.675796	0.678328	0.683005	0.686102	0.686224	0.682917	0.674613	0.663942	0.660406	0.662368	0.660086	0.652361	0.651256	0.656466	0.650946	0.641715	0.642087	0.643739	0.643167	0.641001	0.639284	0.650224	0.667633	0.676056	0.685923	0.706242	0.718515	0.717174	0.707839	0.699002	0.695977	0.693933	0.693205	0.693504	0.694167	0.694817	0.695255	0.695558	0.695981	0.696677	0.69753	0.69842	0.699274	0.699899	0.699948	
0.700642	0.699933	0.698009	0.695318	0.690783	0.685522	0.683436	0.684888	0.689888	0.698488	0.70469	0.703709	0.697619	0.690838	0.68588	0.681793	0.677561	0.673902	0.67102	0.6671	0.662935	0.663703	0.669338	0.67302	0.67315	0.671284	0.665904	0.660816	0.662594	0.665058	0.661792	0.655168	0.648327	0.646519	0.646228	0.644617	0.647416	0.651631	0.649583	0.641142	0.639265	0.652912	0.668212	0.670898	0.680317	0.703512	0.714954	0.712399	0.7051	0.700914	0.699399	0.695858	0.694013	0.693709	0.694095	0.694711	0.695328	0.695893	0.696382	0.696874	0.697409	0.698084	0.699002	0.700053	0.700642	
0.700379	0.700512	0.698766	0.696535	0.693955	0.690367	0.687695	0.687576	0.690422	0.696913	0.704359	0.708061	0.705325	0.698004	0.690918	0.685651	0.681207	0.676613	0.671444	0.664727	0.657829	0.655526	0.657598	0.65933	0.661375	0.66412	0.66411	0.664805	0.668222	0.667957	0.661307	0.655584	0.648699	0.640473	0.640391	0.646392	0.65501	0.666439	0.669322	0.656782	0.645114	0.651811	0.665594	0.670173	0.677656	0.695875	0.710667	0.710339	0.701896	0.70124	0.703126	0.698559	0.694482	0.693098	0.693289	0.694086	0.695129	0.696101	0.696757	0.697122	0.697437	0.697877	0.698453	0.699281	0.700379	
0.699234	0.700157	0.699464	0.697335	0.695674	0.694477	0.693282	0.692805	0.693309	0.695352	0.699106	0.703159	0.704533	0.701307	0.695646	0.690357	0.686047	0.681823	0.676678	0.67007	0.663051	0.658494	0.656886	0.658401	0.66495	0.672025	0.674405	0.675785	0.675624	0.670924	0.660117	0.652242	0.64989	0.643632	0.64074	0.647553	0.661792	0.676805	0.681653	0.685604	0.656047	0.646313	0.654316	0.662787	0.6746	0.692447	0.709089	0.709259	0.696844	0.695409	0.701681	0.699127	0.694253	0.692482	0.692631	0.693553	0.694744	0.695756	0.696422	0.696881	0.697407	0.697953	0.698291	0.698507	0.699234	
0.698152	0.698687	0.699071	0.697662	0.69534	0.694126	0.694346	0.694954	0.695281	0.695515	0.696038	0.697114	0.698283	0.697949	0.695598	0.692343	0.689149	0.685789	0.681623	0.676495	0.670898	0.666086	0.662657	0.664274	0.674319	0.683803	0.686041	0.684916	0.680061	0.67172	0.659399	0.647976	0.645884	0.646242	0.646466	0.652778	0.668086	0.677574	0.67252	0.66013	0.654331	0.649398	0.64625	0.654244	0.674625	0.697465	0.707648	0.702	0.692608	0.691257	0.696055	0.695506	0.692917	0.692036	0.692308	0.693208	0.694275	0.695114	0.69569	0.696379	0.697301	0.69803	0.698311	0.698264	0.698152	
0.697569	0.697094	0.697288	0.696942	0.694956	0.692719	0.691941	0.692446	0.693225	0.693967	0.694594	0.694845	0.69461	0.693764	0.692376	0.690797	0.68925	0.687285	0.684206	0.680122	0.676169	0.673003	0.669626	0.670084	0.677405	0.683581	0.685183	0.684175	0.678911	0.670006	0.658933	0.647471	0.642448	0.645379	0.651941	0.661937	0.677021	0.681374	0.667354	0.654045	0.651658	0.656644	0.654325	0.659981	0.683525	0.703872	0.706347	0.696886	0.69324	0.693284	0.692903	0.692204	0.69153	0.691361	0.691692	0.692314	0.693124	0.693936	0.694743	0.695854	0.697215	0.698131	0.698356	0.698162	0.697569	
0.697348	0.695949	0.694906	0.694774	0.693892	0.691656	0.689576	0.689123	0.689954	0.691229	0.692374	0.69292	0.692201	0.689975	0.687241	0.685103	0.684107	0.683742	0.682903	0.680967	0.678866	0.677724	0.676089	0.674354	0.67412	0.674342	0.676062	0.67856	0.67695	0.66954	0.659256	0.649505	0.643819	0.645153	0.65151	0.665462	0.686133	0.693814	0.67853	0.654365	0.648399	0.668392	0.676866	0.680278	0.696893	0.707932	0.70879	0.703717	0.701066	0.697722	0.692773	0.690047	0.689296	0.689674	0.690238	0.690657	0.691225	0.692106	0.693449	0.6953	0.697175	0.698197	0.698289	0.698014	0.697348	
0.698216	0.696728	0.694485	0.693224	0.692412	0.690701	0.688541	0.687769	0.688735	0.689991	0.69046	0.690052	0.688504	0.685689	0.682301	0.679368	0.67818	0.678676	0.679703	0.680188	0.679715	0.678949	0.677607	0.674883	0.671071	0.668263	0.669606	0.675099	0.677532	0.671616	0.661591	0.653286	0.648547	0.646539	0.647784	0.662328	0.688701	0.729754	0.689484	0.65954	0.654819	0.677911	0.695924	0.699283	0.705412	0.710249	0.711287	0.710924	0.71064	0.706177	0.696437	0.688641	0.686446	0.687188	0.688352	0.689113	0.689891	0.691254	0.69344	0.695894	0.697736	0.698475	0.698558	0.698515	0.698216	
0.69888	0.698242	0.696028	0.693347	0.691374	0.689763	0.688434	0.688798	0.690874	0.691995	0.690877	0.688478	0.685421	0.682294	0.679045	0.675797	0.674428	0.675806	0.679397	0.683234	0.683757	0.680925	0.677759	0.674522	0.670352	0.667387	0.668641	0.67531	0.679459	0.674371	0.665524	0.658846	0.654958	0.65138	0.650261	0.660903	0.682292	0.691559	0.679458	0.670193	0.669625	0.68548	0.701647	0.70648	0.709647	0.711722	0.710849	0.712085	0.715163	0.713867	0.702459	0.689791	0.685229	0.685702	0.687352	0.688668	0.689836	0.691658	0.694205	0.69641	0.697647	0.69817	0.698447	0.698673	0.69888	
0.698078	0.698042	0.696866	0.694355	0.691771	0.690041	0.689644	0.691365	0.693862	0.694606	0.693085	0.689593	0.684605	0.679686	0.675448	0.671988	0.67177	0.676119	0.683809	0.689984	0.688746	0.683291	0.678823	0.673638	0.670897	0.671678	0.673685	0.679341	0.682361	0.677587	0.670434	0.665687	0.663489	0.660589	0.65646	0.660063	0.671241	0.679111	0.678676	0.676526	0.681848	0.696865	0.711428	0.718643	0.719303	0.711547	0.704969	0.709181	0.714794	0.712385	0.700436	0.689918	0.685744	0.686003	0.688036	0.689816	0.691221	0.692749	0.694395	0.69561	0.696276	0.696763	0.697226	0.697695	0.698078	
0.697035	0.697244	0.696898	0.695575	0.693617	0.692089	0.691907	0.69342	0.694972	0.695577	0.695101	0.691941	0.685674	0.678517	0.672635	0.669095	0.670221	0.676802	0.686236	0.691236	0.68755	0.681918	0.676744	0.672746	0.676205	0.680688	0.681682	0.684406	0.685687	0.68213	0.677122	0.673091	0.674804	0.667752	0.661926	0.659751	0.662167	0.670639	0.677554	0.680604	0.692495	0.709584	0.738605	0.737831	0.720224	0.699853	0.6963	0.702068	0.704811	0.700073	0.693312	0.688882	0.686656	0.686936	0.689113	0.691143	0.692549	0.693628	0.694407	0.69487	0.695076	0.695277	0.695677	0.696379	0.697035	
0.696146	0.696724	0.696769	0.69637	0.695483	0.694673	0.69473	0.695879	0.696844	0.6971	0.696701	0.693944	0.687693	0.679762	0.673013	0.669148	0.669931	0.675742	0.683755	0.687061	0.683746	0.678951	0.673099	0.673923	0.683434	0.688116	0.686831	0.686675	0.687816	0.686905	0.684187	0.681525	0.680039	0.672974	0.670148	0.667392	0.66378	0.670511	0.683442	0.693914	0.714881	0.740858	0.757749	0.745309	0.720216	0.704099	0.694917	0.693707	0.694303	0.692589	0.691001	0.689178	0.687484	0.687564	0.689293	0.691334	0.692796	0.693911	0.694695	0.695061	0.695004	0.694724	0.694616	0.695151	0.696145	
0.695539	0.696543	0.696889	0.696961	0.696934	0.697227	0.698365	0.699724	0.699888	0.699388	0.698724	0.696247	0.690842	0.683652	0.677065	0.672749	0.672248	0.675932	0.681313	0.68361	0.681225	0.675866	0.669372	0.672287	0.68416	0.689549	0.686403	0.683571	0.685727	0.688767	0.688587	0.686121	0.682795	0.682583	0.683006	0.685825	0.688079	0.677006	0.695711	0.710293	0.72385	0.749984	0.756788	0.739223	0.726434	0.72517	0.70913	0.691748	0.691086	0.691531	0.691274	0.689858	0.688388	0.687992	0.688875	0.690659	0.692436	0.694016	0.695215	0.695877	0.695977	0.695428	0.694586	0.694504	0.695539	
0.6951	0.696411	0.697242	0.697666	0.698211	0.699331	0.700695	0.701151	0.700322	0.7	0.700422	0.699219	0.695625	0.690558	0.685289	0.680995	0.679111	0.680399	0.682738	0.682979	0.679942	0.673402	0.665795	0.667234	0.67983	0.68759	0.683396	0.677971	0.679814	0.685223	0.686942	0.684412	0.681761	0.68388	0.70124	0.706546	0.722494	0.687009	0.696548	0.708884	0.725323	0.722266	0.729588	0.707112	0.710319	0.715679	0.714061	0.692446	0.690557	0.69113	0.691049	0.690264	0.689223	0.688537	0.688704	0.689824	0.691465	0.693312	0.695	0.696285	0.697018	0.696885	0.695723	0.69464	0.6951	
0.695083	0.695614	0.697104	0.698308	0.699286	0.700449	0.700558	0.69954	0.698248	0.697816	0.698817	0.699343	0.698437	0.696626	0.694106	0.691226	0.688814	0.687523	0.686309	0.68351	0.679365	0.673458	0.665764	0.665192	0.675825	0.683998	0.681114	0.674859	0.67421	0.678058	0.679766	0.677877	0.676232	0.701509	0.720077	0.72067	0.703921	0.683968	0.693487	0.714912	0.720777	0.718151	0.701766	0.695722	0.700927	0.705048	0.693749	0.687333	0.687223	0.687942	0.688491	0.688888	0.688976	0.688908	0.689092	0.689684	0.690646	0.692067	0.693893	0.695854	0.697477	0.698177	0.697544	0.696047	0.695083	
0.696871	0.696077	0.696352	0.69719	0.698336	0.699809	0.699847	0.698073	0.696218	0.694756	0.693996	0.694116	0.694913	0.696044	0.696611	0.695808	0.693819	0.69105	0.68775	0.684053	0.68026	0.675572	0.668096	0.665339	0.67199	0.679277	0.680005	0.67508	0.671254	0.671133	0.671173	0.669917	0.669733	0.680276	0.724321	0.724386	0.714354	0.684254	0.696663	0.715463	0.708844	0.71262	0.699826	0.691895	0.690021	0.687448	0.6841	0.681972	0.681699	0.682848	0.684506	0.686167	0.687695	0.688926	0.689703	0.69023	0.690881	0.692004	0.693484	0.695169	0.69704	0.698498	0.698844	0.698138	0.696871	
0.699868	0.698716	0.69746	0.696456	0.695898	0.696468	0.697831	0.697404	0.69558	0.693934	0.692168	0.690359	0.689067	0.689319	0.690778	0.691534	0.69082	0.689004	0.686722	0.684417	0.681584	0.677018	0.669716	0.665814	0.669747	0.677402	0.681401	0.677734	0.671189	0.666681	0.664389	0.663347	0.666252	0.67433	0.715528	0.738865	0.716058	0.679374	0.702042	0.702665	0.709085	0.702627	0.694995	0.690324	0.688626	0.688125	0.686295	0.682943	0.68047	0.680622	0.682605	0.684921	0.686998	0.688717	0.689827	0.69078	0.692198	0.69389	0.695168	0.695974	0.69709	0.698618	0.699925	0.700452	0.699868	
0.701335	0.701419	0.699865	0.697402	0.695564	0.69597	0.696626	0.69752	0.69615	0.694532	0.692855	0.69029	0.686863	0.684481	0.684033	0.684394	0.684708	0.684765	0.68428	0.682995	0.680511	0.676574	0.671516	0.669548	0.673487	0.681198	0.685215	0.681357	0.673701	0.666156	0.661617	0.660537	0.663808	0.671252	0.682076	0.726482	0.715882	0.674819	0.720757	0.706709	0.698162	0.698475	0.693256	0.686584	0.684214	0.686369	0.688346	0.68705	0.68388	0.682414	0.683527	0.685243	0.686693	0.688119	0.689738	0.691814	0.693777	0.694972	0.695515	0.695858	0.696648	0.698155	0.699898	0.701064	0.701063	
0.69964	0.698632	0.697512	0.696811	0.696688	0.697164	0.698026	0.69803	0.696634	0.694963	0.693385	0.691605	0.689179	0.686309	0.683721	0.681929	0.681318	0.681487	0.681096	0.679621	0.677348	0.674853	0.673637	0.675572	0.681053	0.687139	0.688823	0.685349	0.67876	0.670593	0.664762	0.663307	0.66516	0.670397	0.675879	0.677038	0.674797	0.673781	0.682568	0.689782	0.693778	0.695419	0.691574	0.68396	0.680456	0.682594	0.686715	0.688873	0.687534	0.685764	0.685234	0.685311	0.686071	0.687999	0.690722	0.693307	0.694694	0.694777	0.694513	0.694713	0.695834	0.697607	0.699072	0.699768	0.69964	
0.696847	0.695808	0.695512	0.696377	0.697624	0.698518	0.69867	0.698165	0.697295	0.696443	0.695771	0.695167	0.69411	0.692075	0.689158	0.68602	0.683616	0.682034	0.680281	0.678126	0.676057	0.675266	0.677429	0.681545	0.685831	0.688549	0.688798	0.687744	0.684484	0.678173	0.67283	0.671361	0.671418	0.673133	0.676212	0.677348	0.676492	0.677722	0.682723	0.687778	0.692215	0.693472	0.689952	0.682923	0.6793	0.680921	0.684903	0.688647	0.689798	0.688945	0.686989	0.685529	0.68648	0.689205	0.69196	0.693945	0.694917	0.695022	0.694847	0.695043	0.695979	0.697228	0.697863	0.697623	0.696847	
0.695352	0.695146	0.69555	0.696704	0.697832	0.698433	0.698427	0.698175	0.698003	0.697909	0.697892	0.697967	0.697854	0.696983	0.694962	0.691928	0.688485	0.685144	0.682021	0.679043	0.67721	0.678565	0.682912	0.685916	0.686718	0.686783	0.686624	0.688093	0.688652	0.685197	0.681314	0.680096	0.679012	0.677607	0.677265	0.677974	0.679165	0.681239	0.684872	0.688668	0.691002	0.69049	0.686401	0.681149	0.679211	0.680968	0.684063	0.687737	0.690639	0.691009	0.688584	0.686607	0.687941	0.690327	0.692103	0.693766	0.695003	0.69548	0.69549	0.695559	0.69587	0.696189	0.696104	0.695688	0.695352	
0.695935	0.696174	0.696215	0.696549	0.697295	0.697942	0.698063	0.697906	0.697866	0.698034	0.698318	0.698646	0.698991	0.698777	0.697355	0.694556	0.690502	0.685764	0.681634	0.679302	0.680197	0.684504	0.68851	0.688558	0.687198	0.68607	0.685385	0.687935	0.690902	0.689914	0.687189	0.685895	0.684	0.680368	0.6779	0.678376	0.680296	0.682637	0.685565	0.687955	0.688228	0.686097	0.682625	0.680016	0.679612	0.681184	0.683507	0.686359	0.689787	0.690926	0.688833	0.687698	0.689057	0.690416	0.691669	0.693454	0.695176	0.696074	0.696134	0.695891	0.695715	0.69559	0.695493	0.695584	0.695935	
0.696801	0.697075	0.696818	0.696597	0.697012	0.697588	0.697707	0.697517	0.697413	0.697612	0.698057	0.698598	0.699134	0.698886	0.697003	0.693215	0.687583	0.681997	0.679718	0.681786	0.686552	0.691361	0.692858	0.69068	0.68817	0.686019	0.68565	0.68895	0.692288	0.692025	0.690146	0.689225	0.686851	0.681732	0.678354	0.679319	0.681342	0.683582	0.686386	0.687898	0.686905	0.684533	0.682599	0.681121	0.680179	0.680852	0.682764	0.685094	0.688091	0.689337	0.688323	0.688445	0.689598	0.690334	0.691394	0.693263	0.695447	0.696834	0.696934	0.696379	0.695925	0.695748	0.695861	0.696262	0.696801	
0.697395	0.697417	0.697047	0.696698	0.696927	0.697378	0.697512	0.697408	0.697359	0.697582	0.698098	0.698822	0.699493	0.69896	0.695855	0.689833	0.682603	0.679154	0.682138	0.688151	0.693189	0.6956	0.694845	0.692	0.688823	0.686721	0.688207	0.691735	0.693536	0.692561	0.691123	0.690715	0.688282	0.682794	0.679488	0.680996	0.682633	0.684641	0.687887	0.68952	0.688672	0.68671	0.684993	0.683032	0.681329	0.680948	0.682173	0.684343	0.686624	0.687745	0.688117	0.689095	0.690112	0.690844	0.691733	0.693476	0.695938	0.697737	0.697963	0.697269	0.696726	0.696601	0.696776	0.697111	0.697395	
0.697602	0.697401	0.697051	0.696717	0.69679	0.697167	0.697426	0.697517	0.697567	0.697794	0.69841	0.699493	0.700543	0.69959	0.694632	0.686291	0.679964	0.681171	0.687981	0.693986	0.696598	0.696705	0.695077	0.692367	0.688954	0.687873	0.691232	0.694489	0.6948	0.69304	0.691279	0.690556	0.688312	0.683645	0.681259	0.683252	0.684305	0.685654	0.689054	0.691149	0.690943	0.689236	0.68736	0.685598	0.684247	0.683422	0.683472	0.684498	0.685924	0.687246	0.688606	0.690055	0.691184	0.692006	0.692848	0.694458	0.696947	0.698943	0.699301	0.698602	0.698007	0.697786	0.697727	0.697695	0.697602	
0.697563	0.697304	0.696997	0.696638	0.69657	0.696912	0.697314	0.697562	0.697738	0.698112	0.699091	0.700805	0.702155	0.700253	0.693277	0.68452	0.681188	0.685522	0.692569	0.696801	0.697235	0.696147	0.69455	0.692125	0.688474	0.687122	0.691065	0.695177	0.695582	0.693589	0.691369	0.690072	0.688021	0.684479	0.683336	0.685722	0.68616	0.686323	0.689157	0.691614	0.692311	0.69127	0.689706	0.688601	0.688034	0.68776	0.687506	0.687438	0.687872	0.688799	0.690108	0.691552	0.692624	0.693427	0.694428	0.696038	0.698388	0.700322	0.700668	0.699952	0.699245	0.698774	0.698338	0.697907	0.697563	
0.697534	0.697355	0.697065	0.696706	0.696626	0.696915	0.697301	0.697576	0.697881	0.698613	0.700264	0.702529	0.703423	0.700078	0.691959	0.684581	0.684086	0.689197	0.694717	0.697098	0.696447	0.695221	0.69367	0.691523	0.687841	0.68466	0.687292	0.692332	0.693928	0.692184	0.690105	0.689439	0.688165	0.685792	0.685785	0.688168	0.687977	0.686818	0.68863	0.69157	0.693495	0.69332	0.692003	0.6912	0.69119	0.691663	0.692117	0.692329	0.692419	0.692569	0.69286	0.693463	0.694184	0.695031	0.696228	0.697856	0.700017	0.701691	0.701818	0.700969	0.700099	0.699355	0.69858	0.697903	0.697534	
0.697556	0.69751	0.69729	0.697029	0.697009	0.69718	0.697348	0.697492	0.6979	0.699233	0.701618	0.70384	0.703619	0.698948	0.690874	0.685211	0.686303	0.691159	0.695172	0.696348	0.695215	0.693643	0.692348	0.69122	0.688386	0.683989	0.683437	0.686921	0.689096	0.688301	0.687563	0.688498	0.688334	0.687343	0.688543	0.690584	0.689768	0.687661	0.688441	0.691627	0.694525	0.695099	0.693874	0.693031	0.693199	0.694062	0.695063	0.695885	0.696402	0.696524	0.696238	0.695951	0.696102	0.696862	0.698089	0.699673	0.701656	0.702958	0.702684	0.701623	0.700623	0.69969	0.69866	0.697841	0.697556	
0.697539	0.697656	0.69763	0.697458	0.697336	0.697213	0.697066	0.697088	0.697831	0.699937	0.702658	0.704235	0.702874	0.697563	0.690382	0.686234	0.687593	0.691575	0.694531	0.695076	0.693794	0.69191	0.691264	0.691501	0.690325	0.686684	0.683734	0.684163	0.685443	0.685915	0.686895	0.688488	0.688804	0.689395	0.691665	0.693078	0.691723	0.689244	0.689043	0.691706	0.695116	0.696439	0.695293	0.694223	0.69438	0.695354	0.696508	0.697578	0.698385	0.698831	0.698845	0.698525	0.698371	0.698867	0.699966	0.701481	0.703154	0.703833	0.70306	0.701879	0.700906	0.69994	0.698768	0.697813	0.697539	
0.697425	0.697629	0.697884	0.697847	0.697562	0.697104	0.696715	0.696754	0.697894	0.700381	0.70297	0.703977	0.702137	0.697258	0.691574	0.688435	0.689065	0.691734	0.693806	0.693763	0.692504	0.691425	0.691691	0.692345	0.692506	0.691341	0.688862	0.687559	0.687649	0.688495	0.689774	0.690467	0.690619	0.69229	0.694695	0.695265	0.693783	0.691432	0.69035	0.691931	0.695392	0.697335	0.696217	0.694837	0.694964	0.696081	0.697395	0.698614	0.699573	0.700225	0.700553	0.700607	0.700642	0.701046	0.701961	0.703184	0.704113	0.703952	0.702857	0.701771	0.701002	0.700168	0.698993	0.697872	0.697425	
0.697389	0.697406	0.697832	0.698075	0.697927	0.69747	0.697016	0.697013	0.69802	0.700208	0.702661	0.703831	0.702713	0.699363	0.695281	0.692484	0.691982	0.693139	0.694159	0.693692	0.692592	0.692546	0.693519	0.693642	0.693911	0.695007	0.694675	0.69358	0.693171	0.693466	0.693591	0.693125	0.693474	0.695439	0.697072	0.696932	0.695536	0.693431	0.691829	0.69244	0.695564	0.697778	0.696611	0.694893	0.694919	0.696182	0.697777	0.699248	0.700454	0.70137	0.701961	0.702296	0.702553	0.702919	0.703485	0.704053	0.70411	0.703405	0.70234	0.701492	0.700981	0.700407	0.699414	0.698186	0.697389	
0.697751	0.697285	0.697486	0.697861	0.698045	0.697988	0.697836	0.697836	0.698295	0.699608	0.701872	0.704013	0.704656	0.703299	0.70056	0.697834	0.696457	0.696346	0.69627	0.695523	0.694699	0.694792	0.695621	0.695117	0.694657	0.69641	0.69754	0.697154	0.696696	0.696341	0.695613	0.69507	0.695976	0.697359	0.697608	0.697133	0.696344	0.694922	0.69339	0.693416	0.695846	0.697745	0.696504	0.694648	0.694493	0.695678	0.697451	0.699155	0.700598	0.701773	0.70263	0.703164	0.703481	0.703708	0.703876	0.703854	0.703454	0.702697	0.701847	0.701198	0.700857	0.700552	0.699911	0.69884	0.697751	
0.698625	0.697755	0.697409	0.697503	0.697732	0.697973	0.698245	0.698512	0.69872	0.699151	0.700697	0.703565	0.706093	0.706672	0.705337	0.703177	0.701521	0.700649	0.699867	0.698814	0.697796	0.697143	0.697226	0.696398	0.695527	0.696668	0.697808	0.6979	0.697538	0.697002	0.696337	0.696248	0.696918	0.696902	0.695819	0.695132	0.695161	0.694975	0.694398	0.694559	0.696173	0.697258	0.696	0.694383	0.694116	0.694979	0.696667	0.698502	0.70007	0.701387	0.702445	0.703143	0.703492	0.703608	0.703554	0.703301	0.702833	0.70222	0.701572	0.70102	0.700704	0.700552	0.700272	0.699618	0.698625	
0.699574	0.698812	0.698144	0.697792	0.697719	0.697852	0.698168	0.698603	0.698932	0.699055	0.699606	0.701782	0.705218	0.707631	0.707972	0.707061	0.705838	0.704684	0.703516	0.702083	0.700474	0.698997	0.698282	0.697285	0.696631	0.69693	0.697195	0.69746	0.697336	0.696944	0.696525	0.696453	0.696213	0.695032	0.693419	0.692502	0.692766	0.693548	0.694256	0.695062	0.696003	0.696347	0.69536	0.694284	0.694025	0.694507	0.695939	0.69774	0.699302	0.700616	0.701772	0.702667	0.703163	0.703292	0.703165	0.702882	0.702494	0.702029	0.701513	0.701009	0.70064	0.700471	0.700368	0.700118	0.699574	
0.700069	0.699728	0.699266	0.698837	0.698549	0.698437	0.698508	0.698758	0.699057	0.699175	0.699186	0.699937	0.702366	0.705611	0.707742	0.708286	0.707875	0.70687	0.705438	0.703623	0.70174	0.700071	0.698866	0.69771	0.697367	0.6973	0.696873	0.696922	0.696807	0.696348	0.695823	0.695377	0.694522	0.69307	0.691554	0.690786	0.691234	0.692449	0.693758	0.694781	0.695312	0.695464	0.695068	0.694592	0.694328	0.694501	0.695665	0.69729	0.698703	0.699844	0.700887	0.701869	0.702601	0.702923	0.702886	0.70265	0.702337	0.701984	0.70158	0.701141	0.700744	0.700467	0.700327	0.70024	0.700069	
0.700192	0.700108	0.699973	0.699792	0.699604	0.699457	0.699377	0.699382	0.699461	0.699507	0.699407	0.699355	0.700053	0.702084	0.704636	0.706364	0.706841	0.706197	0.704759	0.703086	0.701647	0.70032	0.699011	0.697772	0.697589	0.697502	0.696864	0.696582	0.69612	0.695281	0.694448	0.693763	0.692824	0.691621	0.6905	0.690101	0.690797	0.692187	0.693546	0.694445	0.694923	0.69539	0.695605	0.695416	0.695052	0.695155	0.696153	0.697441	0.698542	0.699394	0.700147	0.700939	0.701752	0.702344	0.702548	0.702448	0.702217	0.701955	0.701666	0.701331	0.700966	0.700631	0.70039	0.700262	0.700192	
0.700365	0.700329	0.700324	0.700321	0.700307	0.700269	0.700206	0.700123	0.700036	0.69994	0.699781	0.699571	0.69948	0.699893	0.701099	0.702586	0.70343	0.703283	0.702451	0.701558	0.700902	0.700143	0.698967	0.697787	0.697628	0.697499	0.69676	0.696097	0.695247	0.694179	0.693281	0.692579	0.691725	0.690813	0.690029	0.68978	0.690567	0.692038	0.693418	0.694444	0.695269	0.696065	0.696424	0.696208	0.696092	0.696629	0.697462	0.698161	0.698778	0.699305	0.699742	0.700202	0.700826	0.701527	0.702013	0.702146	0.702057	0.701896	0.701711	0.701481	0.701204	0.700914	0.700653	0.700468	0.700365	
0.700731	0.700708	0.700748	0.700813	0.700869	0.700874	0.700812	0.700657	0.700419	0.70014	0.699842	0.699563	0.699321	0.699202	0.69935	0.699801	0.700309	0.700547	0.700476	0.70032	0.700205	0.699877	0.698907	0.697876	0.69762	0.697299	0.696439	0.695521	0.694527	0.693459	0.692561	0.691785	0.690991	0.690285	0.689642	0.68939	0.690222	0.691735	0.693159	0.694416	0.695543	0.696305	0.696474	0.696609	0.697376	0.698287	0.698691	0.698813	0.699005	0.699297	0.699541	0.699741	0.700068	0.700652	0.701306	0.701698	0.701802	0.701767	0.701676	0.701542	0.701371	0.701177	0.700987	0.700831	0.700731	
0.701145	0.701182	0.701274	0.701373	0.701433	0.701397	0.701204	0.700828	0.700309	0.699743	0.699212	0.698799	0.698517	0.69832	0.698241	0.698348	0.698649	0.699074	0.699454	0.699672	0.699732	0.699576	0.698819	0.697935	0.697498	0.696972	0.696058	0.695119	0.69418	0.693073	0.692018	0.691117	0.690367	0.689775	0.689241	0.689045	0.689894	0.691365	0.692739	0.693921	0.694795	0.695273	0.695801	0.696851	0.698014	0.698618	0.698673	0.698619	0.698729	0.699018	0.699283	0.699415	0.699543	0.699929	0.700582	0.701151	0.701439	0.701539	0.701554	0.701519	0.701445	0.701349	0.701249	0.701174	0.701145	
