x=200	y=90	z=200	n=65	len=1
b
0.679839	0.679839	0.67988	0.679922	0.679979	0.680037	0.680144	0.680251	0.680376	0.680501	0.680656	0.680812	0.680983	0.681154	0.681223	0.681292	0.681198	0.681104	0.680454	0.679804	0.679284	0.678764	0.678255	0.677746	0.678629	0.679513	0.677921	0.676329	0.673768	0.671206	0.672994	0.675498	0.678252	0.683496	0.685335	0.682022	0.680132	0.680493	0.680609	0.680724	0.679789	0.678854	0.679419	0.679983	0.680379	0.680776	0.681121	0.681466	0.681398	0.68133	0.681175	0.68102	0.680865	0.68071	0.680556	0.680402	0.680292	0.680184	0.680091	0.679998	0.679944	0.679891	0.679866	0.67984	0.679839	
0.679833	0.679835	0.679878	0.679922	0.679985	0.680049	0.680163	0.680278	0.680416	0.680554	0.680731	0.680907	0.681107	0.681306	0.681426	0.681546	0.681493	0.68144	0.680848	0.680257	0.679651	0.679045	0.678556	0.678067	0.678831	0.679596	0.678355	0.677115	0.675228	0.673342	0.67497	0.677094	0.679198	0.680994	0.680532	0.678237	0.678501	0.680935	0.6808	0.680666	0.679928	0.67919	0.679799	0.680407	0.680802	0.681197	0.681443	0.681689	0.681592	0.681496	0.6813	0.681104	0.680934	0.680764	0.680593	0.680423	0.680308	0.680193	0.680094	0.679995	0.679941	0.679886	0.679859	0.679832	0.679833	
0.67984	0.679841	0.679887	0.679934	0.679999	0.680065	0.680186	0.680308	0.680453	0.680598	0.680792	0.680986	0.681206	0.681426	0.6816	0.681773	0.681778	0.681782	0.681291	0.680799	0.680182	0.679565	0.679008	0.678451	0.679154	0.679857	0.678514	0.677171	0.676103	0.675035	0.676601	0.678323	0.679817	0.678368	0.676879	0.676665	0.677751	0.680887	0.680771	0.680656	0.680198	0.679739	0.680363	0.680987	0.681308	0.681629	0.681777	0.681926	0.681778	0.68163	0.681409	0.681188	0.680998	0.680808	0.68063	0.680453	0.68033	0.680207	0.680107	0.680006	0.679949	0.679891	0.679865	0.679839	0.67984	
0.679847	0.679847	0.679897	0.679946	0.680014	0.680081	0.680209	0.680338	0.68049	0.680642	0.680853	0.681064	0.681305	0.681546	0.681773	0.682	0.682063	0.682125	0.681733	0.681341	0.680712	0.680084	0.67946	0.678835	0.679477	0.680118	0.678673	0.677228	0.676978	0.676728	0.678232	0.680896	0.680706	0.677438	0.676474	0.677199	0.678047	0.680839	0.680743	0.680646	0.680467	0.680288	0.680928	0.681568	0.681814	0.682061	0.682112	0.682164	0.681964	0.681764	0.681517	0.681271	0.681062	0.680852	0.680667	0.680483	0.680352	0.680221	0.680119	0.680017	0.679956	0.679895	0.679871	0.679847	0.679847	
0.679811	0.679814	0.679863	0.679913	0.679985	0.680057	0.680188	0.68032	0.680482	0.680644	0.68087	0.681096	0.681364	0.681632	0.681911	0.682189	0.682337	0.682485	0.682211	0.681938	0.681382	0.680826	0.680137	0.679448	0.680041	0.680634	0.678961	0.677288	0.678123	0.678957	0.681622	0.686019	0.683259	0.678898	0.67833	0.678617	0.679156	0.680663	0.680712	0.680762	0.680799	0.680836	0.68142	0.682004	0.682183	0.682361	0.682324	0.682286	0.682052	0.681819	0.681547	0.681276	0.681059	0.680843	0.680649	0.680455	0.680323	0.68019	0.680085	0.67998	0.67992	0.679861	0.679835	0.679809	0.679811	
0.679776	0.679781	0.67983	0.679879	0.679956	0.680032	0.680167	0.680303	0.680475	0.680647	0.680887	0.681128	0.681423	0.681718	0.682048	0.682378	0.682611	0.682845	0.68269	0.682535	0.682051	0.681567	0.680814	0.680061	0.680605	0.681149	0.679249	0.677349	0.679268	0.681187	0.685011	0.691953	0.687157	0.682127	0.68141	0.681033	0.680641	0.680487	0.680682	0.680878	0.681131	0.681385	0.681913	0.682441	0.682552	0.682662	0.682535	0.682408	0.682141	0.681874	0.681577	0.681281	0.681057	0.680833	0.68063	0.680427	0.680293	0.68016	0.680051	0.679943	0.679884	0.679826	0.679798	0.67977	0.679776	
0.679758	0.679762	0.679812	0.679863	0.679938	0.680013	0.680149	0.680286	0.680458	0.68063	0.680878	0.681126	0.68143	0.681734	0.6821	0.682466	0.682777	0.683088	0.683095	0.683102	0.682785	0.682469	0.681735	0.681001	0.681093	0.681186	0.679803	0.67842	0.680019	0.681618	0.683865	0.689956	0.686675	0.684701	0.684507	0.6839	0.682123	0.680336	0.681066	0.681795	0.681973	0.68215	0.682563	0.682975	0.682968	0.682961	0.682757	0.682552	0.682239	0.681926	0.681612	0.681298	0.681062	0.680826	0.68062	0.680414	0.680278	0.680141	0.680034	0.679926	0.679866	0.679806	0.67978	0.679755	0.679758	
0.679741	0.679743	0.679795	0.679846	0.67992	0.679993	0.680131	0.68027	0.680441	0.680613	0.680869	0.681124	0.681437	0.681751	0.682152	0.682554	0.682943	0.683331	0.6835	0.68367	0.68352	0.68337	0.682655	0.68194	0.681581	0.681223	0.680357	0.679491	0.68077	0.682049	0.682719	0.683834	0.683292	0.684649	0.685115	0.684494	0.682247	0.680185	0.681449	0.682713	0.682814	0.682915	0.683213	0.68351	0.683384	0.683259	0.682978	0.682697	0.682338	0.681979	0.681647	0.681315	0.681067	0.680818	0.68061	0.680402	0.680262	0.680122	0.680016	0.67991	0.679848	0.679787	0.679763	0.679739	0.679741	
0.67968	0.679685	0.679734	0.679783	0.679858	0.679933	0.680069	0.680204	0.680378	0.680551	0.680807	0.681062	0.681382	0.681702	0.68212	0.682539	0.682983	0.683427	0.683729	0.684032	0.684086	0.68414	0.683653	0.683166	0.682875	0.682584	0.681136	0.679688	0.681433	0.683178	0.683148	0.682803	0.682924	0.684528	0.683969	0.681852	0.680309	0.679716	0.681587	0.683459	0.683527	0.683595	0.683757	0.68392	0.68366	0.683399	0.68304	0.68268	0.6823	0.68192	0.68158	0.681239	0.680992	0.680745	0.680536	0.680327	0.680191	0.680055	0.679949	0.679843	0.679784	0.679726	0.679701	0.679675	0.67968	
0.679619	0.679627	0.679673	0.67972	0.679796	0.679873	0.680006	0.680139	0.680314	0.680489	0.680744	0.681	0.681327	0.681653	0.682088	0.682523	0.683023	0.683523	0.683959	0.684394	0.684651	0.684909	0.68465	0.684392	0.684168	0.683945	0.681914	0.679884	0.682095	0.684307	0.683577	0.68361	0.683747	0.68513	0.68304	0.679168	0.678594	0.679247	0.681725	0.684204	0.68424	0.684275	0.684302	0.684329	0.683935	0.68354	0.683101	0.682663	0.682262	0.681861	0.681513	0.681164	0.680918	0.680672	0.680462	0.680252	0.68012	0.679989	0.679882	0.679775	0.679721	0.679666	0.679639	0.679612	0.679619	
0.679584	0.67959	0.679636	0.679682	0.679754	0.679826	0.679955	0.680085	0.680251	0.680418	0.680667	0.680917	0.681232	0.681548	0.681976	0.682404	0.682911	0.683419	0.683919	0.684419	0.684841	0.685262	0.685285	0.685307	0.685333	0.685359	0.683365	0.681372	0.68294	0.684509	0.683737	0.683788	0.683954	0.685544	0.683076	0.678533	0.678397	0.680443	0.682764	0.685084	0.684954	0.684823	0.684699	0.684576	0.684096	0.683617	0.683131	0.682646	0.682229	0.681813	0.681459	0.681106	0.680862	0.680617	0.68041	0.680203	0.680074	0.679945	0.679841	0.679737	0.679683	0.67963	0.679604	0.679579	0.679584	
0.679549	0.679553	0.679599	0.679644	0.679711	0.679778	0.679904	0.680031	0.680189	0.680346	0.68059	0.680833	0.681138	0.681442	0.681864	0.682285	0.6828	0.683314	0.683879	0.684445	0.68503	0.685616	0.685919	0.686222	0.686497	0.686773	0.684816	0.682859	0.683785	0.68471	0.683896	0.683823	0.684743	0.687254	0.684574	0.679489	0.679388	0.681639	0.683802	0.685965	0.685667	0.68537	0.685097	0.684823	0.684258	0.683693	0.683161	0.682629	0.682196	0.681764	0.681406	0.681049	0.680805	0.680562	0.680358	0.680153	0.680027	0.679901	0.6798	0.679699	0.679646	0.679594	0.679569	0.679545	0.679549	
0.679474	0.67948	0.679522	0.679563	0.679628	0.679694	0.679813	0.679932	0.680083	0.680235	0.680466	0.680697	0.680989	0.68128	0.681684	0.682089	0.682592	0.683095	0.683675	0.684256	0.684917	0.685578	0.686057	0.686536	0.687202	0.687868	0.686135	0.684402	0.685185	0.685968	0.685973	0.68485	0.685743	0.687971	0.685728	0.681511	0.681513	0.684173	0.685605	0.687037	0.686439	0.68584	0.685373	0.684905	0.684252	0.683599	0.683037	0.682474	0.682044	0.681613	0.681261	0.680909	0.680677	0.680445	0.680246	0.680047	0.679929	0.679812	0.679713	0.679614	0.679566	0.679518	0.679493	0.679468	0.679474	
0.679399	0.679407	0.679444	0.679482	0.679546	0.67961	0.679722	0.679833	0.679978	0.680123	0.680343	0.680562	0.68084	0.681118	0.681505	0.681892	0.682384	0.682876	0.683471	0.684067	0.684803	0.68554	0.686195	0.68685	0.687907	0.688964	0.687454	0.685944	0.686585	0.687225	0.688049	0.688872	0.688436	0.689069	0.687696	0.685003	0.684711	0.686706	0.687408	0.688109	0.68721	0.686311	0.685649	0.684987	0.684246	0.683505	0.682912	0.682319	0.681891	0.681462	0.681116	0.68077	0.680548	0.680327	0.680134	0.67994	0.679831	0.679722	0.679625	0.679528	0.679486	0.679443	0.679417	0.679391	0.679399	
0.679355	0.679362	0.679398	0.679433	0.679491	0.679549	0.679655	0.67976	0.679892	0.680024	0.68023	0.680437	0.680692	0.680947	0.68131	0.681673	0.682131	0.682588	0.683163	0.683737	0.684448	0.685159	0.685908	0.686657	0.68772	0.688783	0.688217	0.687651	0.68734	0.687029	0.689194	0.691358	0.691217	0.692212	0.691102	0.68874	0.687869	0.688921	0.688922	0.688924	0.687719	0.686514	0.685702	0.68489	0.684113	0.683336	0.682738	0.68214	0.681733	0.681325	0.680987	0.68065	0.680445	0.68024	0.680052	0.679865	0.679765	0.679665	0.679571	0.679478	0.679438	0.679399	0.679374	0.679348	0.679355	
0.679312	0.679318	0.679351	0.679384	0.679436	0.679488	0.679588	0.679688	0.679806	0.679925	0.680118	0.680312	0.680544	0.680776	0.681115	0.681455	0.681877	0.6823	0.682854	0.683407	0.684093	0.684778	0.685621	0.686464	0.687533	0.688601	0.688979	0.689358	0.688095	0.686833	0.690338	0.693844	0.693999	0.69605	0.69513	0.692913	0.691025	0.691136	0.690437	0.689738	0.688227	0.686716	0.685755	0.684793	0.68398	0.683167	0.682564	0.681961	0.681574	0.681188	0.680859	0.680531	0.680341	0.680152	0.679971	0.67979	0.679699	0.679608	0.679517	0.679427	0.679391	0.679355	0.679331	0.679306	0.679312	
0.679234	0.679241	0.67927	0.6793	0.679348	0.679396	0.679487	0.679578	0.679686	0.679794	0.679972	0.68015	0.680359	0.680568	0.680881	0.681193	0.681577	0.681961	0.68248	0.682999	0.683652	0.684306	0.685153	0.685999	0.687125	0.688251	0.689183	0.690115	0.690044	0.689973	0.691802	0.69363	0.694529	0.698466	0.697629	0.695656	0.693005	0.691562	0.690449	0.689336	0.687824	0.686312	0.685333	0.684354	0.683579	0.682804	0.682237	0.68167	0.681318	0.680967	0.680659	0.680351	0.680182	0.680012	0.679841	0.679671	0.679591	0.679511	0.679424	0.679337	0.679307	0.679277	0.679252	0.679227	0.679234	
0.679156	0.679165	0.67919	0.679215	0.67926	0.679304	0.679387	0.679469	0.679567	0.679664	0.679826	0.679987	0.680174	0.680361	0.680646	0.680931	0.681276	0.681621	0.682106	0.68259	0.683212	0.683834	0.684684	0.685535	0.686718	0.6879	0.689386	0.690872	0.691993	0.693114	0.693265	0.693417	0.69506	0.698431	0.697864	0.696411	0.69351	0.691987	0.690461	0.688934	0.687421	0.685909	0.684912	0.683916	0.683179	0.682441	0.68191	0.681379	0.681063	0.680746	0.680458	0.680171	0.680022	0.679872	0.679712	0.679551	0.679482	0.679413	0.679331	0.679248	0.679224	0.679199	0.679174	0.679148	0.679156	
0.679114	0.679123	0.679145	0.679167	0.679206	0.679245	0.679321	0.679397	0.679481	0.679565	0.679714	0.679863	0.680025	0.680188	0.680447	0.680706	0.68101	0.681314	0.681753	0.682193	0.682756	0.683319	0.684119	0.68492	0.68603	0.687141	0.688661	0.690181	0.691627	0.693074	0.692401	0.691728	0.693176	0.696696	0.696421	0.69573	0.692872	0.69059	0.689143	0.687696	0.686432	0.685167	0.684246	0.683325	0.682706	0.682088	0.681598	0.681109	0.680841	0.680572	0.6803	0.680029	0.679904	0.679778	0.679624	0.67947	0.679414	0.679357	0.679277	0.679196	0.679177	0.679158	0.679132	0.679106	0.679114	
0.679072	0.67908	0.6791	0.679119	0.679152	0.679186	0.679256	0.679325	0.679396	0.679467	0.679603	0.679739	0.679877	0.680014	0.680248	0.680482	0.680744	0.681007	0.681401	0.681795	0.6823	0.682804	0.683554	0.684305	0.685343	0.686381	0.687935	0.689489	0.691262	0.693034	0.691537	0.690039	0.691292	0.693549	0.693437	0.693252	0.690914	0.689192	0.687826	0.686459	0.685443	0.684426	0.683581	0.682735	0.682234	0.681734	0.681287	0.68084	0.680619	0.680399	0.680142	0.679886	0.679785	0.679685	0.679537	0.679389	0.679345	0.679301	0.679223	0.679144	0.67913	0.679117	0.67909	0.679064	0.679072	
0.679002	0.679011	0.679027	0.679043	0.679072	0.6791	0.679162	0.679224	0.679283	0.679342	0.679463	0.679585	0.679698	0.679812	0.68002	0.680227	0.680443	0.680658	0.681002	0.681345	0.681758	0.682172	0.682799	0.683427	0.68428	0.685134	0.686318	0.687503	0.689025	0.690547	0.689155	0.687762	0.688651	0.689578	0.689657	0.689546	0.688147	0.68717	0.686141	0.685111	0.684313	0.683514	0.682809	0.682105	0.681707	0.68131	0.680919	0.680529	0.680349	0.68017	0.67994	0.67971	0.679629	0.679548	0.679413	0.679278	0.679244	0.67921	0.679137	0.679064	0.679055	0.679046	0.67902	0.678994	0.679002	
0.678933	0.678942	0.678954	0.678967	0.678991	0.679014	0.679068	0.679123	0.67917	0.679217	0.679324	0.679431	0.67952	0.67961	0.679791	0.679972	0.680141	0.68031	0.680603	0.680895	0.681217	0.681539	0.682044	0.682549	0.683218	0.683886	0.684702	0.685517	0.686789	0.68806	0.686773	0.685486	0.68601	0.686534	0.686563	0.686592	0.68587	0.685148	0.684456	0.683763	0.683183	0.682602	0.682038	0.681474	0.68118	0.680885	0.680552	0.680218	0.68008	0.679941	0.679738	0.679534	0.679473	0.679412	0.679289	0.679167	0.679143	0.67912	0.679052	0.678984	0.67898	0.678975	0.67895	0.678924	0.678933	
0.6789	0.67891	0.678919	0.678929	0.678948	0.678968	0.679016	0.679064	0.679101	0.679138	0.679234	0.67933	0.679401	0.679471	0.679632	0.679793	0.679929	0.680065	0.680318	0.680571	0.680834	0.681097	0.681503	0.681909	0.682458	0.683007	0.683605	0.684203	0.685171	0.686139	0.685254	0.684369	0.684749	0.685129	0.685069	0.685009	0.684509	0.684008	0.683437	0.682866	0.682431	0.681997	0.681517	0.681037	0.680822	0.680606	0.6803	0.679994	0.679897	0.6798	0.679606	0.679412	0.679375	0.679337	0.679217	0.679098	0.679087	0.679077	0.679009	0.67894	0.678943	0.678945	0.678918	0.67889	0.6789	
0.678867	0.678879	0.678885	0.67889	0.678906	0.678922	0.678964	0.679006	0.679033	0.679059	0.679144	0.679229	0.679281	0.679333	0.679473	0.679614	0.679716	0.679819	0.680033	0.680247	0.680451	0.680655	0.680962	0.681269	0.681698	0.682127	0.682508	0.682888	0.683554	0.684219	0.683735	0.683252	0.683488	0.683724	0.683575	0.683426	0.683147	0.682868	0.682418	0.681968	0.68168	0.681391	0.680996	0.680601	0.680464	0.680327	0.680048	0.679769	0.679714	0.679659	0.679475	0.679291	0.679277	0.679263	0.679145	0.679028	0.679031	0.679034	0.678966	0.678897	0.678906	0.678915	0.678886	0.678856	0.678867	
0.678813	0.678823	0.678827	0.678831	0.678841	0.678851	0.678887	0.678923	0.678938	0.678954	0.679027	0.6791	0.679131	0.679161	0.679281	0.679401	0.679465	0.67953	0.679707	0.679884	0.680014	0.680145	0.680379	0.680613	0.680861	0.68111	0.681352	0.681595	0.6818	0.682005	0.681669	0.681333	0.681554	0.681776	0.681761	0.681747	0.681734	0.681721	0.681402	0.681083	0.680932	0.680781	0.680466	0.680152	0.680072	0.679991	0.679757	0.679522	0.679495	0.679467	0.679307	0.679148	0.679148	0.679147	0.679044	0.67894	0.67895	0.67896	0.678898	0.678835	0.678847	0.678858	0.678831	0.678803	0.678813	
0.678759	0.678768	0.678769	0.678771	0.678776	0.678781	0.67881	0.67884	0.678844	0.678848	0.67891	0.678971	0.678981	0.67899	0.679089	0.679188	0.679215	0.679241	0.679381	0.67952	0.679577	0.679634	0.679795	0.679956	0.680024	0.680092	0.680197	0.680301	0.680046	0.679792	0.679603	0.679414	0.679621	0.679827	0.679947	0.680068	0.680321	0.680575	0.680387	0.680199	0.680185	0.68017	0.679937	0.679703	0.67968	0.679656	0.679465	0.679275	0.679275	0.679275	0.67914	0.679004	0.679018	0.679032	0.678942	0.678851	0.678868	0.678885	0.678829	0.678774	0.678788	0.678802	0.678776	0.67875	0.678759	
0.678741	0.678753	0.67875	0.678747	0.678751	0.678754	0.678778	0.678801	0.6788	0.678798	0.67885	0.678902	0.678901	0.6789	0.678982	0.679065	0.679074	0.679083	0.679195	0.679307	0.679339	0.679372	0.679491	0.679611	0.679667	0.679723	0.679792	0.67986	0.679873	0.679885	0.679778	0.67967	0.679895	0.680121	0.68019	0.680259	0.680247	0.680234	0.680038	0.679842	0.67987	0.679898	0.679675	0.679451	0.679473	0.679495	0.67931	0.679124	0.679157	0.679189	0.679054	0.678919	0.678954	0.678989	0.678896	0.678803	0.678833	0.678863	0.678804	0.678746	0.678767	0.678788	0.678759	0.678729	0.678741	
0.678723	0.678737	0.67873	0.678723	0.678725	0.678727	0.678745	0.678763	0.678756	0.678748	0.67879	0.678832	0.678821	0.678809	0.678875	0.678941	0.678933	0.678924	0.679009	0.679093	0.679101	0.67911	0.679187	0.679265	0.679309	0.679354	0.679387	0.67942	0.679699	0.679979	0.679952	0.679926	0.68017	0.680414	0.680432	0.68045	0.680172	0.679894	0.679689	0.679484	0.679555	0.679627	0.679413	0.6792	0.679267	0.679334	0.679154	0.678974	0.679038	0.679103	0.678968	0.678833	0.678889	0.678945	0.67885	0.678755	0.678798	0.678841	0.678779	0.678717	0.678746	0.678775	0.678741	0.678708	0.678723	
0.678688	0.6787	0.678692	0.678684	0.678681	0.678677	0.67869	0.678703	0.678686	0.678668	0.678701	0.678735	0.678704	0.678673	0.678725	0.678777	0.678735	0.678693	0.678755	0.678816	0.678769	0.678723	0.678756	0.67879	0.678747	0.678703	0.678712	0.678721	0.678912	0.679102	0.679405	0.679708	0.679792	0.679876	0.679954	0.680032	0.67977	0.679508	0.679234	0.678959	0.679086	0.679213	0.679053	0.678893	0.678989	0.679084	0.678941	0.678797	0.678875	0.678954	0.678843	0.678732	0.678795	0.678857	0.678777	0.678697	0.678742	0.678787	0.678733	0.67868	0.678708	0.678735	0.678706	0.678677	0.678688	
0.678654	0.678663	0.678654	0.678645	0.678636	0.678627	0.678636	0.678644	0.678616	0.678587	0.678612	0.678637	0.678587	0.678536	0.678575	0.678613	0.678538	0.678463	0.6785	0.678539	0.678437	0.678336	0.678325	0.678314	0.678184	0.678053	0.678038	0.678023	0.678124	0.678225	0.678858	0.679351	0.679303	0.679085	0.679174	0.679614	0.679369	0.679123	0.678779	0.678434	0.678616	0.678799	0.678693	0.678586	0.67871	0.678835	0.678727	0.678619	0.678713	0.678806	0.678718	0.678631	0.6787	0.678769	0.678703	0.678638	0.678685	0.678732	0.678687	0.678642	0.678669	0.678697	0.678671	0.678645	0.678654	
0.678653	0.678666	0.678652	0.678639	0.678631	0.678623	0.678626	0.678628	0.678598	0.678568	0.678585	0.678602	0.678546	0.67849	0.678517	0.678544	0.678455	0.678366	0.678392	0.678418	0.678279	0.67814	0.678124	0.678107	0.677889	0.677672	0.677854	0.678036	0.678181	0.678326	0.678644	0.679032	0.679425	0.679051	0.678947	0.679091	0.679145	0.6792	0.678628	0.678057	0.678377	0.678697	0.678539	0.67838	0.678574	0.678768	0.678641	0.678515	0.678643	0.678771	0.678675	0.67858	0.678668	0.678757	0.678686	0.678615	0.678674	0.678733	0.678683	0.678633	0.678667	0.678701	0.678671	0.67864	0.678653	
0.678652	0.678669	0.67865	0.678632	0.678625	0.678619	0.678615	0.678612	0.678581	0.678549	0.678558	0.678567	0.678505	0.678444	0.67846	0.678475	0.678373	0.67827	0.678284	0.678297	0.67812	0.677943	0.677922	0.677901	0.677595	0.67729	0.67767	0.678049	0.678238	0.677887	0.677371	0.677393	0.678448	0.678678	0.678057	0.678054	0.678478	0.679276	0.678478	0.677681	0.678138	0.678595	0.678385	0.678174	0.678437	0.6787	0.678555	0.67841	0.678573	0.678736	0.678633	0.678529	0.678637	0.678745	0.678669	0.678592	0.678663	0.678734	0.678678	0.678623	0.678665	0.678706	0.678671	0.678636	0.678652	
0.678638	0.67865	0.678633	0.678617	0.678603	0.67859	0.678585	0.67858	0.678538	0.678496	0.6785	0.678504	0.678424	0.678344	0.678352	0.678361	0.678221	0.678082	0.678088	0.678093	0.677852	0.677611	0.677581	0.677551	0.677161	0.676771	0.677251	0.677731	0.677861	0.677024	0.676685	0.676388	0.676581	0.676828	0.676575	0.676792	0.677803	0.678868	0.678066	0.677265	0.677765	0.678265	0.678113	0.677962	0.678229	0.678495	0.678395	0.678295	0.678457	0.678618	0.678546	0.678473	0.678577	0.678682	0.678625	0.678567	0.678633	0.6787	0.678656	0.678612	0.678649	0.678686	0.678656	0.678627	0.678638	
0.678625	0.678631	0.678616	0.678601	0.678581	0.678561	0.678555	0.678548	0.678496	0.678443	0.678443	0.678442	0.678342	0.678243	0.678244	0.678246	0.67807	0.677894	0.677892	0.67789	0.677584	0.677278	0.67724	0.677201	0.676727	0.676253	0.676832	0.677412	0.677484	0.67636	0.676726	0.676921	0.676069	0.675764	0.676253	0.676742	0.67758	0.678459	0.677654	0.676849	0.677392	0.677934	0.677842	0.67775	0.67802	0.67829	0.678236	0.678181	0.678341	0.678501	0.678459	0.678416	0.678517	0.678618	0.67858	0.678542	0.678604	0.678666	0.678633	0.678601	0.678633	0.678665	0.678642	0.678618	0.678625	
0.678642	0.678653	0.678633	0.678613	0.678596	0.67858	0.678568	0.678556	0.678506	0.678456	0.678448	0.67844	0.678342	0.678245	0.678235	0.678224	0.678048	0.677871	0.677853	0.677835	0.677513	0.67719	0.677136	0.677082	0.676498	0.675914	0.676455	0.676996	0.677345	0.676105	0.675882	0.67631	0.676573	0.676358	0.676558	0.676609	0.67734	0.678479	0.677459	0.676439	0.677165	0.677892	0.677733	0.677574	0.677916	0.678257	0.678185	0.678114	0.678306	0.678498	0.678448	0.678398	0.678516	0.678634	0.678589	0.678544	0.678616	0.678688	0.678649	0.678611	0.67865	0.678689	0.67866	0.67863	0.678642	
0.678659	0.678675	0.67865	0.678625	0.678612	0.678599	0.678581	0.678564	0.678517	0.678469	0.678453	0.678437	0.678342	0.678248	0.678225	0.678202	0.678026	0.677849	0.677815	0.677781	0.677441	0.677102	0.677032	0.676962	0.676269	0.675575	0.676077	0.676579	0.677206	0.6764	0.67618	0.676824	0.677414	0.676881	0.676513	0.676194	0.67708	0.678498	0.677263	0.676028	0.676939	0.67785	0.677624	0.677398	0.677811	0.678224	0.678135	0.678046	0.678271	0.678496	0.678438	0.678381	0.678515	0.678649	0.678598	0.678546	0.678629	0.678711	0.678666	0.67862	0.678666	0.678712	0.678677	0.678642	0.678659	
0.678665	0.678675	0.678654	0.678632	0.678612	0.678592	0.678575	0.678559	0.678502	0.678445	0.678428	0.678411	0.6783	0.678189	0.678163	0.678137	0.677931	0.677725	0.677686	0.677646	0.677248	0.67685	0.676782	0.676714	0.675947	0.67518	0.675979	0.676778	0.678292	0.678698	0.678823	0.678915	0.679247	0.677716	0.677028	0.676928	0.677402	0.677993	0.676931	0.67587	0.676703	0.677537	0.677405	0.677274	0.677653	0.678032	0.678009	0.677987	0.678194	0.6784	0.678383	0.678366	0.678488	0.67861	0.678581	0.678553	0.678625	0.678698	0.678666	0.678634	0.678673	0.678711	0.678683	0.678656	0.678665	
0.678672	0.678675	0.678657	0.678639	0.678612	0.678584	0.678569	0.678554	0.678487	0.67842	0.678403	0.678386	0.678257	0.678129	0.678101	0.678072	0.677837	0.677602	0.677557	0.677512	0.677055	0.676598	0.676532	0.676465	0.675625	0.674785	0.675881	0.676977	0.679378	0.682204	0.681865	0.681339	0.682215	0.680245	0.679816	0.679864	0.678616	0.677488	0.6766	0.675711	0.676467	0.677223	0.677186	0.677149	0.677494	0.67784	0.677884	0.677928	0.678117	0.678305	0.678328	0.678351	0.678461	0.678571	0.678565	0.678559	0.678622	0.678686	0.678667	0.678648	0.678679	0.678709	0.678689	0.678669	0.678672	
0.678707	0.678715	0.678692	0.67867	0.678648	0.678626	0.678606	0.678586	0.678526	0.678467	0.678441	0.678416	0.678298	0.678181	0.678139	0.678097	0.677877	0.677658	0.677598	0.677539	0.67711	0.676681	0.676638	0.676596	0.675846	0.675095	0.675911	0.676726	0.679067	0.682502	0.682206	0.681138	0.680895	0.680392	0.681262	0.681233	0.679255	0.67729	0.676314	0.675338	0.676205	0.677072	0.677017	0.676961	0.677384	0.677808	0.677849	0.67789	0.678108	0.678327	0.678346	0.678365	0.678488	0.678611	0.678599	0.678587	0.678658	0.678729	0.678703	0.678678	0.678714	0.67875	0.678724	0.678698	0.678707	
0.678741	0.678754	0.678727	0.6787	0.678684	0.678668	0.678642	0.678617	0.678565	0.678513	0.678479	0.678446	0.678339	0.678232	0.678177	0.678122	0.677918	0.677714	0.67764	0.677565	0.677164	0.676763	0.676744	0.676726	0.676066	0.675406	0.675941	0.676475	0.678755	0.682187	0.68359	0.681154	0.67362	0.675808	0.682723	0.682196	0.679162	0.677092	0.676029	0.674966	0.675944	0.676922	0.676847	0.676773	0.677274	0.677775	0.677814	0.677852	0.6781	0.678348	0.678364	0.678379	0.678515	0.678652	0.678634	0.678616	0.678694	0.678772	0.67874	0.678708	0.678749	0.67879	0.678759	0.678728	0.678741	
0.678766	0.678772	0.678749	0.678727	0.678704	0.678682	0.67866	0.678638	0.678578	0.678519	0.678487	0.678455	0.678338	0.678221	0.678164	0.678108	0.677893	0.677678	0.677588	0.677499	0.677119	0.676739	0.676658	0.676577	0.676018	0.675459	0.675756	0.676053	0.6792	0.683823	0.687819	0.687554	0.675366	0.674053	0.688247	0.685033	0.679193	0.675161	0.674922	0.674684	0.675534	0.676385	0.676524	0.676663	0.677111	0.67756	0.677694	0.677828	0.678055	0.678281	0.678341	0.678401	0.678521	0.678642	0.678646	0.67865	0.678716	0.678782	0.678763	0.678743	0.678776	0.678808	0.678784	0.67876	0.678766	
0.67879	0.678789	0.678772	0.678754	0.678725	0.678695	0.678677	0.678658	0.678591	0.678524	0.678495	0.678465	0.678337	0.678209	0.678152	0.678095	0.677868	0.677641	0.677537	0.677432	0.677074	0.676715	0.676571	0.676427	0.675969	0.675511	0.675572	0.675632	0.679644	0.684481	0.689473	0.688782	0.670021	0.689755	0.701752	0.685222	0.678625	0.673231	0.673816	0.674401	0.675125	0.675848	0.6762	0.676552	0.676948	0.677344	0.677574	0.677805	0.678009	0.678214	0.678319	0.678423	0.678527	0.678631	0.678658	0.678684	0.678738	0.678793	0.678786	0.678778	0.678802	0.678825	0.678808	0.678791	0.67879	
0.67884	0.678844	0.678823	0.678803	0.67878	0.678758	0.678735	0.678713	0.678657	0.678601	0.678564	0.678526	0.678414	0.678302	0.67823	0.678158	0.677946	0.677735	0.677613	0.677491	0.677131	0.676772	0.676639	0.676507	0.675902	0.675298	0.675894	0.67649	0.679178	0.682758	0.68532	0.675362	0.680886	0.705061	0.69476	0.680278	0.676913	0.67328	0.673539	0.673799	0.674713	0.675627	0.676073	0.67652	0.676917	0.677315	0.677583	0.67785	0.678059	0.678267	0.678378	0.678488	0.678594	0.678699	0.678721	0.678743	0.678799	0.678855	0.678842	0.678828	0.678855	0.678881	0.678859	0.678837	0.67884	
0.678891	0.678898	0.678875	0.678851	0.678835	0.67882	0.678794	0.678768	0.678723	0.678678	0.678633	0.678588	0.678491	0.678394	0.678308	0.678221	0.678024	0.677828	0.677689	0.67755	0.677189	0.676829	0.676707	0.676586	0.675835	0.675084	0.676216	0.677349	0.678712	0.679238	0.676947	0.665933	0.686629	0.676616	0.67716	0.676637	0.675594	0.67333	0.673263	0.673196	0.674302	0.675407	0.675947	0.676487	0.676887	0.677286	0.677591	0.677895	0.678108	0.678321	0.678437	0.678552	0.67866	0.678767	0.678785	0.678802	0.67886	0.678918	0.678898	0.678877	0.678907	0.678937	0.67891	0.678883	0.678891	
0.67893	0.678931	0.678912	0.678894	0.678873	0.678853	0.678831	0.678809	0.678761	0.678712	0.678668	0.678624	0.678525	0.678425	0.678329	0.678233	0.678044	0.677855	0.677669	0.677483	0.677188	0.676892	0.676582	0.676272	0.675785	0.675297	0.676513	0.67773	0.677631	0.675021	0.669336	0.657121	0.687828	0.674383	0.677188	0.678518	0.675872	0.673602	0.673336	0.67307	0.674111	0.675153	0.675781	0.676409	0.676827	0.677245	0.677589	0.677934	0.678135	0.678337	0.678476	0.678615	0.678709	0.678802	0.678832	0.678862	0.678908	0.678954	0.678942	0.67893	0.67895	0.678971	0.67895	0.678929	0.67893	
0.678969	0.678963	0.67895	0.678936	0.678911	0.678885	0.678868	0.678851	0.678798	0.678745	0.678703	0.678661	0.678558	0.678456	0.678351	0.678245	0.678064	0.677883	0.677649	0.677416	0.677186	0.676956	0.676457	0.675959	0.675734	0.67551	0.67681	0.678111	0.67655	0.673259	0.667654	0.657133	0.684842	0.687598	0.686626	0.682383	0.677702	0.673874	0.673409	0.672943	0.673921	0.6749	0.675615	0.676331	0.676767	0.677204	0.677588	0.677973	0.678163	0.678352	0.678515	0.678678	0.678758	0.678837	0.67888	0.678923	0.678957	0.67899	0.678986	0.678982	0.678993	0.679004	0.67899	0.678975	0.678969	
0.679031	0.679028	0.679013	0.678998	0.67898	0.678962	0.678943	0.678925	0.678884	0.678843	0.678795	0.678746	0.678661	0.678576	0.678452	0.678328	0.678164	0.678001	0.677736	0.677471	0.677241	0.677011	0.676468	0.675925	0.67588	0.675834	0.677403	0.678972	0.677013	0.672905	0.668971	0.657693	0.675187	0.693951	0.691856	0.685836	0.680142	0.675384	0.674432	0.67348	0.674245	0.675011	0.675747	0.676483	0.676926	0.67737	0.677745	0.678119	0.678299	0.678478	0.678635	0.678792	0.678865	0.678937	0.678973	0.679008	0.679039	0.679069	0.679058	0.679047	0.679059	0.679071	0.679052	0.679033	0.679031	
0.679092	0.679093	0.679077	0.679061	0.679049	0.679038	0.679018	0.678998	0.67897	0.678941	0.678886	0.678832	0.678764	0.678696	0.678553	0.67841	0.678264	0.678119	0.677823	0.677527	0.677296	0.677066	0.676479	0.675892	0.676025	0.676158	0.677996	0.679834	0.677476	0.673332	0.671761	0.665907	0.677953	0.692953	0.691809	0.686806	0.681349	0.676894	0.675456	0.674018	0.674569	0.675121	0.675878	0.676635	0.677085	0.677536	0.677901	0.678266	0.678435	0.678604	0.678755	0.678907	0.678972	0.679038	0.679065	0.679093	0.67912	0.679148	0.67913	0.679112	0.679125	0.679137	0.679114	0.679091	0.679092	
0.679141	0.679137	0.679125	0.679114	0.6791	0.679087	0.679072	0.679057	0.679029	0.679	0.678947	0.678894	0.67883	0.678766	0.678607	0.678449	0.67832	0.67819	0.677844	0.677498	0.677305	0.677112	0.676486	0.675861	0.676335	0.676809	0.677998	0.679188	0.676874	0.673794	0.676042	0.676779	0.681814	0.688424	0.688415	0.684158	0.67971	0.675841	0.674886	0.673931	0.674571	0.675211	0.675957	0.676702	0.677166	0.677631	0.678007	0.678383	0.67854	0.678696	0.678851	0.679006	0.67906	0.679114	0.679143	0.679171	0.679188	0.679205	0.67919	0.679175	0.679179	0.679183	0.679164	0.679145	0.679141	
0.67919	0.67918	0.679174	0.679167	0.679151	0.679135	0.679126	0.679116	0.679088	0.67906	0.679008	0.678956	0.678896	0.678835	0.678662	0.678488	0.678375	0.678262	0.677865	0.677469	0.677314	0.677159	0.676494	0.675829	0.676644	0.67746	0.678001	0.678542	0.676271	0.672115	0.675926	0.676096	0.676835	0.68063	0.680858	0.678094	0.676528	0.674787	0.674316	0.673844	0.674573	0.675302	0.676036	0.67677	0.677248	0.677726	0.678113	0.6785	0.678645	0.678789	0.678947	0.679105	0.679148	0.679191	0.67922	0.67925	0.679256	0.679262	0.679249	0.679237	0.679233	0.679229	0.679214	0.679199	0.67919	
0.679257	0.67925	0.679244	0.679238	0.679229	0.679219	0.679212	0.679205	0.679188	0.679171	0.679119	0.679067	0.67902	0.678973	0.67878	0.678588	0.678478	0.678367	0.677905	0.677442	0.677224	0.677005	0.676328	0.675652	0.676406	0.677161	0.677823	0.678485	0.675427	0.670849	0.670985	0.670356	0.669971	0.671012	0.672663	0.674055	0.674824	0.674937	0.67469	0.674442	0.674953	0.675465	0.67622	0.676975	0.677413	0.677851	0.678263	0.678675	0.678806	0.678936	0.679089	0.679242	0.679275	0.679307	0.679328	0.679348	0.679348	0.679349	0.679329	0.67931	0.679304	0.679299	0.679282	0.679264	0.679257	
0.679324	0.67932	0.679314	0.679309	0.679306	0.679304	0.679299	0.679294	0.679289	0.679283	0.67923	0.679177	0.679144	0.67911	0.678899	0.678688	0.678581	0.678473	0.677944	0.677416	0.677133	0.676851	0.676163	0.675475	0.676168	0.676862	0.677645	0.678429	0.674583	0.670838	0.665616	0.662491	0.662288	0.662942	0.667533	0.67091	0.672999	0.675088	0.675064	0.67504	0.675334	0.675628	0.676404	0.67718	0.677578	0.677976	0.678413	0.67885	0.678967	0.679084	0.679231	0.679379	0.679401	0.679424	0.679435	0.679446	0.679441	0.679435	0.679409	0.679383	0.679376	0.67937	0.679349	0.679328	0.679324	
0.679374	0.679367	0.679366	0.679365	0.679363	0.679362	0.679364	0.679367	0.679365	0.679364	0.679318	0.679272	0.679244	0.679215	0.678995	0.678775	0.678658	0.678541	0.677927	0.677313	0.677035	0.676757	0.676009	0.675262	0.676039	0.676816	0.677249	0.677682	0.675174	0.672116	0.666699	0.662841	0.662083	0.662954	0.667165	0.670851	0.67386	0.67687	0.676368	0.675866	0.675876	0.675887	0.676583	0.67728	0.677675	0.678069	0.67852	0.678971	0.679093	0.679215	0.679353	0.67949	0.679506	0.679521	0.679525	0.679529	0.679515	0.679502	0.679473	0.679444	0.679432	0.679419	0.6794	0.679381	0.679374	
0.679424	0.679414	0.679418	0.679421	0.679421	0.67942	0.679429	0.679439	0.679442	0.679445	0.679406	0.679368	0.679344	0.67932	0.679091	0.678863	0.678735	0.678608	0.677909	0.677209	0.676936	0.676663	0.675856	0.675049	0.67591	0.676771	0.676853	0.676934	0.675765	0.674596	0.669333	0.66407	0.6631	0.66213	0.666461	0.670791	0.674722	0.678653	0.677672	0.676692	0.676418	0.676145	0.676763	0.67738	0.677771	0.678162	0.678627	0.679092	0.679219	0.679346	0.679474	0.679602	0.67961	0.679619	0.679615	0.679611	0.67959	0.679568	0.679537	0.679506	0.679488	0.679469	0.679452	0.679434	0.679424	
0.679489	0.67948	0.679487	0.679493	0.679498	0.679504	0.67952	0.679536	0.67955	0.679564	0.679535	0.679506	0.679496	0.679485	0.679257	0.679029	0.678891	0.678753	0.677992	0.677231	0.67697	0.676709	0.675869	0.675028	0.675828	0.676628	0.676212	0.675795	0.676049	0.676303	0.671414	0.666525	0.664879	0.663234	0.668282	0.67333	0.676112	0.678895	0.677933	0.676971	0.676768	0.676564	0.677099	0.677635	0.677986	0.678337	0.678805	0.679273	0.679392	0.679511	0.679628	0.679745	0.679742	0.679738	0.679724	0.679709	0.67968	0.679652	0.679614	0.679577	0.679556	0.679535	0.679516	0.679497	0.679489	
0.679553	0.679547	0.679555	0.679564	0.679576	0.679587	0.67961	0.679634	0.679659	0.679684	0.679664	0.679644	0.679648	0.679651	0.679423	0.679196	0.679047	0.678898	0.678075	0.677252	0.677004	0.676756	0.675882	0.675007	0.675746	0.676485	0.67557	0.674656	0.676333	0.67801	0.673495	0.66898	0.666659	0.664338	0.670103	0.675868	0.677503	0.679138	0.678194	0.677251	0.677117	0.676983	0.677436	0.677889	0.6782	0.678511	0.678983	0.679454	0.679565	0.679675	0.679782	0.679888	0.679873	0.679857	0.679832	0.679807	0.679771	0.679735	0.679691	0.679648	0.679624	0.679601	0.67958	0.679559	0.679553	
0.679594	0.679587	0.6796	0.679613	0.679628	0.679644	0.679677	0.67971	0.679744	0.679777	0.679774	0.679771	0.679785	0.679798	0.679589	0.67938	0.679213	0.679046	0.678179	0.677312	0.677101	0.67689	0.675978	0.675066	0.675796	0.676526	0.675165	0.673804	0.675749	0.677693	0.674763	0.671833	0.669513	0.667193	0.671143	0.675094	0.676354	0.677615	0.677497	0.67738	0.677251	0.677123	0.677588	0.678054	0.67836	0.678665	0.679151	0.679638	0.679742	0.679847	0.67993	0.680013	0.679987	0.679962	0.679923	0.679883	0.67984	0.679797	0.679747	0.679698	0.679671	0.679643	0.679622	0.679601	0.679594	
0.679635	0.679627	0.679645	0.679662	0.679681	0.6797	0.679743	0.679786	0.679828	0.67987	0.679884	0.679897	0.679921	0.679945	0.679755	0.679564	0.679379	0.679194	0.678283	0.677371	0.677198	0.677025	0.676074	0.675124	0.675845	0.676567	0.67476	0.672953	0.675165	0.677377	0.676032	0.67532	0.672653	0.671036	0.672437	0.674328	0.675585	0.676092	0.6768	0.677509	0.677386	0.677262	0.677741	0.67822	0.678519	0.678818	0.67932	0.679822	0.67992	0.680018	0.680078	0.680138	0.680102	0.680067	0.680013	0.679959	0.679909	0.679858	0.679803	0.679749	0.679717	0.679685	0.679663	0.679642	0.679635	
0.679687	0.679681	0.679702	0.679723	0.679748	0.679773	0.679825	0.679877	0.679931	0.679985	0.680016	0.680047	0.680089	0.680131	0.679964	0.679796	0.679605	0.679413	0.678505	0.677597	0.677427	0.677256	0.676404	0.675553	0.676335	0.677117	0.674921	0.672724	0.674152	0.67558	0.675116	0.674952	0.673019	0.671861	0.672282	0.673788	0.67534	0.675702	0.67693	0.678158	0.677808	0.677458	0.67792	0.678382	0.67868	0.678979	0.679516	0.680053	0.680129	0.680204	0.680244	0.680284	0.680232	0.68018	0.680114	0.680047	0.679988	0.679928	0.679868	0.679808	0.679772	0.679737	0.679715	0.679693	0.679687	
0.679739	0.679734	0.679759	0.679784	0.679815	0.679846	0.679907	0.679968	0.680034	0.6801	0.680149	0.680197	0.680257	0.680318	0.680173	0.680029	0.67983	0.679631	0.678728	0.677824	0.677655	0.677487	0.676735	0.675982	0.676825	0.677667	0.675082	0.672496	0.67314	0.673784	0.6742	0.67435	0.674694	0.673648	0.672253	0.673172	0.675104	0.675313	0.67706	0.678808	0.67823	0.677653	0.678098	0.678544	0.678842	0.67914	0.679712	0.680284	0.680337	0.68039	0.68041	0.68043	0.680362	0.680293	0.680214	0.680135	0.680067	0.679998	0.679932	0.679867	0.679828	0.679789	0.679767	0.679745	0.679739	
0.67976	0.679756	0.679784	0.679813	0.67985	0.679887	0.679958	0.680029	0.680107	0.680185	0.680256	0.680327	0.680407	0.680487	0.680381	0.680275	0.680086	0.679898	0.679058	0.678219	0.677982	0.677745	0.677087	0.676429	0.677283	0.678137	0.675587	0.673038	0.672246	0.671455	0.672826	0.674142	0.676732	0.676466	0.674193	0.674738	0.676046	0.676623	0.678003	0.679383	0.678637	0.677892	0.678303	0.678713	0.679057	0.679402	0.679952	0.680501	0.680544	0.680587	0.680569	0.680551	0.680469	0.680387	0.68029	0.680192	0.680116	0.68004	0.679967	0.679895	0.679853	0.679812	0.679788	0.679764	0.67976	
0.679781	0.679778	0.67981	0.679841	0.679884	0.679927	0.680009	0.68009	0.68018	0.68027	0.680364	0.680457	0.680557	0.680656	0.680589	0.680522	0.680343	0.680164	0.679389	0.678614	0.678308	0.678003	0.677439	0.676876	0.677741	0.678606	0.676093	0.673579	0.671353	0.669126	0.671451	0.673489	0.677319	0.679924	0.679088	0.678806	0.678211	0.677933	0.678945	0.679957	0.679044	0.678131	0.678507	0.678883	0.679273	0.679663	0.680191	0.680719	0.680751	0.680784	0.680727	0.680671	0.680576	0.680481	0.680365	0.680249	0.680165	0.680082	0.680002	0.679923	0.679878	0.679834	0.679809	0.679784	0.679781	
0.679813	0.67981	0.679846	0.679882	0.679929	0.679976	0.680067	0.680157	0.680258	0.680359	0.680473	0.680587	0.680708	0.680829	0.680805	0.68078	0.680623	0.680467	0.679724	0.678982	0.678612	0.678243	0.677697	0.677151	0.678084	0.679018	0.67679	0.674562	0.67183	0.669098	0.671235	0.672822	0.67696	0.682893	0.684704	0.683123	0.680347	0.678992	0.679681	0.68037	0.679348	0.678325	0.678773	0.679221	0.679615	0.680009	0.680495	0.680981	0.680978	0.680974	0.680889	0.680804	0.680686	0.680569	0.680442	0.680315	0.680221	0.680128	0.680045	0.679962	0.679913	0.679865	0.679841	0.679816	0.679813	
0.679846	0.679843	0.679883	0.679922	0.679974	0.680025	0.680125	0.680224	0.680336	0.680447	0.680582	0.680717	0.68086	0.681003	0.68102	0.681038	0.680903	0.680769	0.680059	0.67935	0.678916	0.678483	0.677954	0.677426	0.678427	0.679429	0.677487	0.675544	0.672307	0.66907	0.671019	0.673508	0.677185	0.68434	0.687403	0.6846	0.681172	0.680052	0.680417	0.680783	0.679651	0.678518	0.679039	0.679559	0.679957	0.680355	0.680799	0.681244	0.681204	0.681164	0.68105	0.680936	0.680797	0.680657	0.680519	0.68038	0.680277	0.680174	0.680087	0.680001	0.679948	0.679896	0.679872	0.679848	0.679846	
0.679839	0.679839	0.67988	0.679922	0.679979	0.680037	0.680144	0.680251	0.680376	0.680501	0.680656	0.680812	0.680983	0.681154	0.681223	0.681292	0.681198	0.681104	0.680454	0.679804	0.679284	0.678764	0.678255	0.677746	0.678629	0.679513	0.677921	0.676329	0.673768	0.671206	0.672994	0.675498	0.678252	0.683496	0.685336	0.682022	0.680132	0.680493	0.680609	0.680724	0.679789	0.678854	0.679419	0.679983	0.680379	0.680776	0.681121	0.681466	0.681398	0.68133	0.681175	0.68102	0.680865	0.68071	0.680556	0.680402	0.680292	0.680184	0.680091	0.679998	0.679944	0.679891	0.679866	0.67984	0.679839	
