x=115	y=200	z=200	n=65	len=1
b
0	0	0	0	0	0	0	0	0	0	0	0	0	0	0	0	0	0	0	0	0	0	0	0	0	0	0	0	0	0	0	0	0	0	0	0	0	0	0	0	0	0	0	0	0	0	0	0	0	0	0	0	0	0	0	0	0	0	0	0	0	0	0	0	0	
0.0235297	0.0235361	0.023543	0.02355	0.02356	0.02357	0.0235851	0.0236003	0.023605	0.0236097	0.0236233	0.023637	0.023631	0.023625	0.0236254	0.0236258	0.0236213	0.0236168	0.0236026	0.0235885	0.0236033	0.0236181	0.0236003	0.0235826	0.0236016	0.0236207	0.0236097	0.0235986	0.0236142	0.0236298	0.0236233	0.0236167	0.0236339	0.023651	0.0236179	0.0235847	0.0235965	0.0236084	0.0235956	0.0235828	0.0235941	0.0236055	0.0236063	0.0236071	0.0236046	0.0236022	0.0236101	0.023618	0.0236097	0.0236013	0.0236027	0.0236042	0.0235967	0.0235893	0.0235789	0.0235685	0.0235632	0.0235579	0.0235455	0.0235331	0.0235325	0.023532	0.0235276	0.0235233	0.0235297	
0.0470502	0.0470616	0.0470746	0.0470877	0.047107	0.0471264	0.0471539	0.0471815	0.0471923	0.0472031	0.0472279	0.0472528	0.0472439	0.047235	0.0472348	0.0472346	0.0472275	0.0472203	0.0471909	0.0471614	0.0471921	0.0472228	0.0471833	0.0471438	0.0471865	0.0472292	0.0472003	0.0471715	0.0472073	0.0472432	0.047234	0.0472248	0.0472579	0.047291	0.0472218	0.0471526	0.0471736	0.0471945	0.0471777	0.0471608	0.0471773	0.0471938	0.0472011	0.0472084	0.0471977	0.047187	0.0472052	0.0472235	0.0472045	0.0471855	0.0471893	0.0471931	0.0471773	0.0471615	0.0471428	0.0471241	0.0471127	0.0471013	0.0470793	0.0470574	0.0470553	0.0470533	0.047046	0.0470387	0.0470502	
0.0705707	0.0705871	0.0706062	0.0706253	0.070654	0.0706827	0.0707227	0.0707628	0.0707796	0.0707964	0.0708325	0.0708686	0.0708568	0.0708449	0.0708442	0.0708434	0.0708337	0.0708239	0.0707791	0.0707344	0.070781	0.0708276	0.0707663	0.0707049	0.0707713	0.0708376	0.070791	0.0707444	0.0708004	0.0708565	0.0708447	0.0708329	0.0708819	0.070931	0.0708258	0.0707206	0.0707506	0.0707806	0.0707597	0.0707389	0.0707604	0.070782	0.0707958	0.0708097	0.0707907	0.0707717	0.0708004	0.070829	0.0707994	0.0707697	0.0707758	0.070782	0.0707578	0.0707336	0.0707067	0.0706798	0.0706622	0.0706447	0.0706132	0.0705817	0.0705781	0.0705745	0.0705643	0.0705542	0.0705707	
0.0940911	0.0941105	0.0941324	0.0941542	0.0941903	0.0942263	0.0942725	0.0943186	0.0943432	0.0943678	0.0944116	0.0944554	0.094445	0.0944346	0.0944371	0.0944397	0.0944244	0.094409	0.0943576	0.0943061	0.0943553	0.0944046	0.0943271	0.0942496	0.0943296	0.0944097	0.0943383	0.0942668	0.0943394	0.0944119	0.0944112	0.0944104	0.0944715	0.0945325	0.0943852	0.0942379	0.0942785	0.094319	0.0943124	0.0943057	0.0943283	0.0943509	0.0943749	0.0943989	0.0943694	0.09434	0.0943756	0.0944113	0.0943742	0.0943371	0.0943417	0.0943463	0.0943167	0.0942871	0.0942539	0.0942208	0.0941986	0.0941763	0.0941404	0.0941045	0.094099	0.0940934	0.0940826	0.0940718	0.0940911	
0.117612	0.117634	0.117659	0.117683	0.117727	0.11777	0.117822	0.117874	0.117907	0.117939	0.117991	0.118042	0.118033	0.118024	0.11803	0.118036	0.118015	0.117994	0.117936	0.117878	0.11793	0.117981	0.117888	0.117794	0.117888	0.117982	0.117885	0.117789	0.117878	0.117967	0.117978	0.117988	0.118061	0.118134	0.117945	0.117755	0.117806	0.117858	0.117865	0.117872	0.117896	0.11792	0.117954	0.117988	0.117948	0.117908	0.117951	0.117994	0.117949	0.117904	0.117908	0.117911	0.117876	0.117841	0.117801	0.117762	0.117735	0.117708	0.117668	0.117627	0.11762	0.117612	0.117601	0.117589	0.117612	
0.141125	0.141146	0.14117	0.141193	0.141239	0.141285	0.141334	0.141384	0.141424	0.141464	0.141515	0.141567	0.141567	0.141567	0.141575	0.141584	0.141562	0.14154	0.14148	0.14142	0.141467	0.141513	0.141408	0.141302	0.141405	0.141509	0.141368	0.141227	0.14133	0.141433	0.141451	0.141468	0.141553	0.141637	0.141433	0.14123	0.141278	0.141326	0.141383	0.141441	0.141443	0.141445	0.141495	0.141546	0.141488	0.14143	0.141479	0.141528	0.141478	0.141428	0.141429	0.14143	0.141392	0.141353	0.141315	0.141276	0.141245	0.141214	0.141178	0.141142	0.141132	0.141122	0.141113	0.141104	0.141125	
0.164639	0.164659	0.164681	0.164704	0.164752	0.164799	0.164846	0.164893	0.164941	0.164988	0.16504	0.165092	0.1651	0.165109	0.16512	0.165132	0.165109	0.165086	0.165024	0.164962	0.165004	0.165045	0.164927	0.164809	0.164923	0.165036	0.164851	0.164666	0.164782	0.164899	0.164923	0.164948	0.165044	0.16514	0.164922	0.164704	0.164749	0.164794	0.164902	0.165009	0.16499	0.164971	0.165037	0.165103	0.165028	0.164952	0.165007	0.165062	0.165006	0.164951	0.16495	0.16495	0.164908	0.164866	0.164828	0.16479	0.164755	0.164721	0.164689	0.164658	0.164644	0.164631	0.164625	0.164619	0.164639	
0.188174	0.18819	0.188207	0.188224	0.188267	0.188309	0.188346	0.188382	0.188432	0.188481	0.188526	0.18857	0.188591	0.188612	0.188627	0.188641	0.188625	0.188608	0.188554	0.188501	0.188525	0.188549	0.188442	0.188334	0.188433	0.188531	0.188312	0.188092	0.188176	0.188261	0.188227	0.188194	0.188317	0.188439	0.188321	0.188203	0.188225	0.188246	0.188412	0.188578	0.188528	0.188478	0.188548	0.188618	0.188535	0.188451	0.188503	0.188555	0.188503	0.188451	0.188448	0.188444	0.188404	0.188363	0.188332	0.188302	0.188268	0.188234	0.188212	0.188191	0.188177	0.188162	0.188161	0.188159	0.188174	
0.211709	0.21172	0.211732	0.211744	0.211782	0.21182	0.211845	0.211871	0.211923	0.211974	0.212011	0.212049	0.212082	0.212116	0.212133	0.212151	0.21214	0.212129	0.212085	0.21204	0.212047	0.212053	0.211956	0.211859	0.211943	0.212027	0.211772	0.211518	0.21157	0.211623	0.211531	0.211439	0.211589	0.211739	0.21172	0.211702	0.2117	0.211698	0.211923	0.212147	0.212066	0.211985	0.212059	0.212133	0.212042	0.211951	0.212	0.212049	0.212	0.211951	0.211945	0.211939	0.211899	0.21186	0.211837	0.211814	0.21178	0.211746	0.211736	0.211725	0.211709	0.211694	0.211696	0.211698	0.211709	
0.23527	0.235275	0.23528	0.235285	0.235308	0.235331	0.235345	0.235358	0.235398	0.235437	0.235464	0.235491	0.23553	0.23557	0.235587	0.235604	0.235611	0.235618	0.23558	0.235542	0.235541	0.235539	0.235459	0.235379	0.235454	0.235529	0.235308	0.235088	0.235041	0.234994	0.23466	0.234326	0.23453	0.234735	0.235061	0.235387	0.235312	0.235237	0.235451	0.235665	0.235552	0.235439	0.235511	0.235583	0.2355	0.235417	0.235463	0.235508	0.235468	0.235427	0.235425	0.235423	0.235387	0.235352	0.235344	0.235335	0.235307	0.235279	0.235281	0.235282	0.235269	0.235256	0.235261	0.235266	0.23527	
0.258831	0.258829	0.258827	0.258826	0.258834	0.258843	0.258844	0.258845	0.258873	0.258901	0.258916	0.258932	0.258978	0.259024	0.25904	0.259056	0.259081	0.259106	0.259075	0.259044	0.259035	0.259025	0.258962	0.2589	0.258965	0.259031	0.258845	0.258658	0.258512	0.258365	0.257788	0.257212	0.257472	0.257732	0.258402	0.259071	0.258924	0.258776	0.258979	0.259183	0.259038	0.258893	0.258962	0.259032	0.258958	0.258884	0.258926	0.258968	0.258936	0.258903	0.258905	0.258906	0.258875	0.258844	0.25885	0.258857	0.258834	0.258812	0.258826	0.25884	0.258829	0.258818	0.258826	0.258833	0.258831	
0.28244	0.282434	0.282426	0.282419	0.282408	0.282397	0.28239	0.282383	0.282386	0.282389	0.282395	0.282402	0.282437	0.282472	0.282487	0.282501	0.282547	0.282594	0.282569	0.282545	0.282553	0.282561	0.282512	0.282464	0.282528	0.282592	0.282555	0.282519	0.282239	0.281959	0.281152	0.280345	0.280509	0.280674	0.281717	0.282761	0.282633	0.282505	0.282566	0.282628	0.282496	0.282364	0.282427	0.28249	0.282442	0.282394	0.282432	0.282471	0.282443	0.282415	0.282426	0.282436	0.282413	0.282389	0.282408	0.282426	0.282417	0.282407	0.282425	0.282443	0.28244	0.282438	0.282442	0.282446	0.28244	
0.306049	0.306038	0.306025	0.306011	0.305982	0.305952	0.305937	0.305922	0.305899	0.305877	0.305874	0.305872	0.305896	0.305921	0.305933	0.305946	0.306014	0.306082	0.306063	0.306045	0.30607	0.306096	0.306062	0.306027	0.30609	0.306152	0.306266	0.30638	0.305966	0.305552	0.304515	0.303477	0.303547	0.303617	0.305033	0.30645	0.306342	0.306234	0.306153	0.306073	0.305954	0.305836	0.305892	0.305949	0.305926	0.305904	0.305939	0.305974	0.30595	0.305926	0.305946	0.305966	0.30595	0.305934	0.305965	0.305996	0.305999	0.306003	0.306024	0.306046	0.306052	0.306058	0.306059	0.30606	0.306049	
0.329687	0.329675	0.329661	0.329647	0.329601	0.329556	0.329544	0.329532	0.329476	0.329421	0.329421	0.32942	0.329407	0.329393	0.32941	0.329426	0.329487	0.329549	0.329539	0.329529	0.329596	0.329662	0.329596	0.32953	0.329607	0.329684	0.329851	0.330017	0.329778	0.329538	0.328867	0.328196	0.327884	0.327573	0.328669	0.329765	0.329776	0.329787	0.329628	0.32947	0.329401	0.329333	0.329412	0.329491	0.32948	0.329469	0.329508	0.329548	0.329521	0.329494	0.329524	0.329554	0.329552	0.329549	0.32958	0.32961	0.329632	0.329653	0.329665	0.329677	0.329695	0.329712	0.329705	0.329698	0.329687	
0.353324	0.353312	0.353297	0.353282	0.353221	0.353159	0.353151	0.353142	0.353053	0.352965	0.352967	0.352969	0.352917	0.352865	0.352886	0.352906	0.352961	0.353016	0.353015	0.353014	0.353121	0.353229	0.35313	0.353032	0.353124	0.353216	0.353436	0.353655	0.353589	0.353523	0.353219	0.352914	0.352222	0.35153	0.352305	0.353079	0.35321	0.35334	0.353104	0.352867	0.352848	0.35283	0.352931	0.353033	0.353033	0.353034	0.353078	0.353122	0.353092	0.353062	0.353102	0.353142	0.353153	0.353164	0.353194	0.353224	0.353264	0.353304	0.353306	0.353308	0.353337	0.353366	0.353351	0.353336	0.353324	
0.376985	0.376978	0.376966	0.376954	0.376893	0.376832	0.376833	0.376833	0.37673	0.376626	0.376636	0.376646	0.376552	0.376458	0.376484	0.37651	0.376517	0.376524	0.37654	0.376556	0.376684	0.376812	0.376684	0.376556	0.376677	0.376798	0.376895	0.376993	0.377148	0.377303	0.377603	0.377903	0.377214	0.376525	0.376468	0.376412	0.376579	0.376747	0.376621	0.376495	0.376516	0.376536	0.376669	0.376802	0.376752	0.376702	0.376752	0.376801	0.376767	0.376733	0.37677	0.376807	0.376836	0.376866	0.376877	0.376889	0.376943	0.376997	0.376981	0.376964	0.377001	0.377038	0.377015	0.376992	0.376985	
0.400646	0.400644	0.400635	0.400627	0.400566	0.400505	0.400515	0.400525	0.400406	0.400286	0.400305	0.400323	0.400187	0.40005	0.400082	0.400114	0.400073	0.400033	0.400066	0.400099	0.400247	0.400395	0.400237	0.40008	0.40023	0.40038	0.400355	0.40033	0.400706	0.401083	0.401987	0.402891	0.402206	0.40152	0.400632	0.399745	0.399949	0.400153	0.400138	0.400123	0.400183	0.400243	0.400407	0.40057	0.40047	0.400371	0.400426	0.400481	0.400442	0.400404	0.400438	0.400472	0.400519	0.400567	0.40056	0.400553	0.400622	0.40069	0.400655	0.400621	0.400665	0.400709	0.400678	0.400648	0.400646	
0.4243	0.424302	0.424302	0.424302	0.424257	0.424212	0.424232	0.424251	0.424149	0.424047	0.424074	0.424101	0.423952	0.423803	0.423843	0.423883	0.423767	0.42365	0.423715	0.42378	0.423835	0.42389	0.423831	0.423772	0.423936	0.424101	0.42382	0.42354	0.42363	0.423719	0.424321	0.424923	0.424789	0.424655	0.423873	0.423091	0.423336	0.423582	0.423816	0.424051	0.424069	0.424088	0.424218	0.424347	0.424222	0.424096	0.424136	0.424177	0.424165	0.424153	0.424161	0.424169	0.42423	0.424292	0.424261	0.42423	0.424295	0.424361	0.424317	0.424273	0.424313	0.424352	0.424325	0.424298	0.4243	
0.447954	0.44796	0.447969	0.447977	0.447948	0.447919	0.447948	0.447978	0.447892	0.447807	0.447843	0.44788	0.447718	0.447557	0.447605	0.447653	0.44746	0.447268	0.447365	0.447462	0.447424	0.447386	0.447425	0.447463	0.447642	0.447821	0.447285	0.446749	0.446553	0.446356	0.446655	0.446955	0.447372	0.447789	0.447113	0.446436	0.446723	0.447011	0.447495	0.447979	0.447956	0.447933	0.448028	0.448124	0.447973	0.447822	0.447847	0.447873	0.447888	0.447903	0.447885	0.447866	0.447942	0.448017	0.447961	0.447906	0.447969	0.448031	0.447979	0.447926	0.44796	0.447995	0.447971	0.447948	0.447954	
0.471605	0.47161	0.471627	0.471644	0.471637	0.471631	0.471659	0.471688	0.471651	0.471615	0.471643	0.471672	0.47157	0.471469	0.471499	0.471529	0.47135	0.471172	0.471241	0.471309	0.471174	0.471039	0.471136	0.471232	0.47132	0.471407	0.470958	0.470509	0.470408	0.470307	0.470013	0.46972	0.470078	0.470437	0.470317	0.470197	0.470677	0.471157	0.471745	0.472333	0.472048	0.471763	0.471807	0.471851	0.471722	0.471594	0.471598	0.471602	0.471632	0.471662	0.471623	0.471584	0.471638	0.471692	0.471638	0.471584	0.471618	0.471653	0.471617	0.47158	0.471597	0.471613	0.471606	0.471599	0.471605	
0.495255	0.49526	0.495285	0.49531	0.495326	0.495342	0.49537	0.495398	0.49541	0.495422	0.495443	0.495463	0.495422	0.495382	0.495393	0.495405	0.49524	0.495075	0.495116	0.495157	0.494925	0.494692	0.494847	0.495001	0.494997	0.494993	0.494631	0.494268	0.494263	0.494258	0.493372	0.492485	0.492785	0.493085	0.493522	0.493959	0.494631	0.495302	0.495995	0.496687	0.496139	0.495592	0.495585	0.495577	0.495472	0.495366	0.495349	0.495331	0.495377	0.495422	0.495362	0.495301	0.495335	0.495368	0.495315	0.495262	0.495268	0.495274	0.495254	0.495235	0.495233	0.495231	0.495241	0.49525	0.495255	
0.518881	0.518878	0.51891	0.518942	0.518963	0.518985	0.519013	0.51904	0.519082	0.519125	0.519144	0.519164	0.519194	0.519224	0.519233	0.519242	0.519183	0.519124	0.519142	0.519159	0.518954	0.518748	0.51889	0.519031	0.518801	0.51857	0.518707	0.518843	0.518641	0.518439	0.518274	0.518109	0.518177	0.518244	0.518496	0.518747	0.519179	0.519612	0.519877	0.520143	0.519688	0.519233	0.51924	0.519246	0.51918	0.519114	0.519083	0.519053	0.51906	0.519068	0.519018	0.518969	0.518957	0.518945	0.518921	0.518897	0.518872	0.518847	0.518857	0.518867	0.518847	0.518826	0.518855	0.518883	0.518881	
0.542506	0.542495	0.542534	0.542573	0.542601	0.542628	0.542655	0.542683	0.542755	0.542827	0.542846	0.542865	0.542965	0.543066	0.543073	0.54308	0.543126	0.543172	0.543167	0.543162	0.542983	0.542805	0.542933	0.543061	0.542604	0.542147	0.542782	0.543418	0.543019	0.54262	0.543176	0.543733	0.543568	0.543404	0.54347	0.543535	0.543728	0.543921	0.54376	0.543599	0.543237	0.542874	0.542895	0.542915	0.542888	0.542862	0.542818	0.542774	0.542744	0.542714	0.542675	0.542636	0.542579	0.542522	0.542527	0.542533	0.542477	0.542421	0.54246	0.542498	0.54246	0.542422	0.542469	0.542517	0.542506	
0.56608	0.566063	0.566099	0.566136	0.566148	0.566161	0.566186	0.566211	0.566266	0.56632	0.566341	0.566362	0.566465	0.566568	0.56659	0.566612	0.566729	0.566847	0.566878	0.56691	0.566918	0.566926	0.56702	0.567113	0.566851	0.566589	0.566799	0.567009	0.566793	0.566576	0.566595	0.566613	0.566197	0.565781	0.56674	0.5677	0.567236	0.566772	0.566722	0.566672	0.566485	0.566299	0.56635	0.566401	0.566362	0.566323	0.566298	0.566272	0.566212	0.566151	0.566148	0.566146	0.566079	0.566011	0.566046	0.566081	0.566026	0.56597	0.566022	0.566074	0.566037	0.565999	0.566047	0.566096	0.56608	
0.589653	0.589631	0.589664	0.589698	0.589696	0.589694	0.589717	0.589739	0.589777	0.589814	0.589837	0.58986	0.589965	0.59007	0.590107	0.590144	0.590333	0.590521	0.59059	0.590658	0.590853	0.591047	0.591106	0.591166	0.591098	0.59103	0.590815	0.590601	0.590566	0.590532	0.590013	0.589493	0.588825	0.588158	0.590011	0.591865	0.590744	0.589622	0.589683	0.589744	0.589734	0.589723	0.589806	0.589888	0.589836	0.589784	0.589777	0.58977	0.58968	0.589589	0.589622	0.589655	0.589578	0.589501	0.589565	0.589629	0.589574	0.589519	0.589585	0.58965	0.589613	0.589576	0.589626	0.589676	0.589653	
0.613125	0.613106	0.613127	0.613148	0.613129	0.61311	0.613127	0.613144	0.613134	0.613123	0.613146	0.613169	0.613185	0.6132	0.613242	0.613284	0.613344	0.613404	0.613484	0.613564	0.613656	0.613749	0.613873	0.613997	0.613938	0.613878	0.614148	0.614418	0.614578	0.614738	0.614136	0.613535	0.612747	0.61196	0.612759	0.613557	0.613051	0.612544	0.612709	0.612875	0.6129	0.612925	0.612897	0.612869	0.612889	0.612909	0.612912	0.612914	0.612907	0.612899	0.61294	0.612981	0.612966	0.612952	0.613004	0.613057	0.613041	0.613025	0.61307	0.613116	0.613099	0.613081	0.613113	0.613145	0.613125	
0.636598	0.636582	0.63659	0.636598	0.636562	0.636526	0.636537	0.636548	0.636491	0.636433	0.636456	0.636479	0.636404	0.63633	0.636377	0.636424	0.636355	0.636286	0.636378	0.636469	0.63646	0.63645	0.63664	0.636829	0.636777	0.636726	0.63748	0.638234	0.638589	0.639184	0.638495	0.637507	0.636546	0.635688	0.635704	0.63525	0.635358	0.635466	0.635736	0.636005	0.636065	0.636126	0.635988	0.635849	0.635942	0.636034	0.636046	0.636058	0.636134	0.63621	0.636258	0.636306	0.636354	0.636402	0.636443	0.636484	0.636508	0.636531	0.636556	0.636581	0.636584	0.636587	0.6366	0.636613	0.636598	
0.659971	0.659967	0.65996	0.659953	0.659922	0.659892	0.659889	0.659885	0.659823	0.659762	0.659762	0.659763	0.65966	0.659558	0.659563	0.659569	0.659411	0.659253	0.659269	0.659285	0.659034	0.658782	0.658829	0.658876	0.658395	0.657913	0.658824	0.659736	0.661129	0.663038	0.662438	0.661333	0.661123	0.659699	0.65907	0.660019	0.659443	0.658868	0.658474	0.658081	0.658537	0.658992	0.658899	0.658807	0.659044	0.65928	0.659303	0.659325	0.659466	0.659606	0.659636	0.659666	0.659749	0.659833	0.659845	0.659858	0.659905	0.659952	0.659951	0.65995	0.659969	0.659988	0.659982	0.659976	0.659971	
0.683345	0.683352	0.68333	0.683308	0.683283	0.683258	0.68324	0.683222	0.683156	0.68309	0.683069	0.683047	0.682916	0.682786	0.68275	0.682713	0.682466	0.682219	0.68216	0.682102	0.681608	0.681114	0.681019	0.680924	0.680012	0.679101	0.680169	0.681236	0.683668	0.686046	0.685861	0.685655	0.686749	0.684814	0.684553	0.684449	0.683168	0.682269	0.681213	0.680157	0.681008	0.681858	0.681811	0.681764	0.682145	0.682527	0.68256	0.682593	0.682798	0.683003	0.683014	0.683025	0.683145	0.683264	0.683248	0.683232	0.683302	0.683372	0.683345	0.683319	0.683354	0.683389	0.683364	0.683338	0.683345	
0.706686	0.706703	0.706676	0.706649	0.706651	0.706653	0.706625	0.706597	0.706585	0.706572	0.706538	0.706503	0.706474	0.706445	0.706398	0.706351	0.706298	0.706246	0.706183	0.706121	0.706019	0.705918	0.705829	0.70574	0.705614	0.705488	0.705769	0.70605	0.706987	0.707191	0.707182	0.708178	0.71971	0.70741	0.707871	0.707529	0.70661	0.706369	0.706063	0.705756	0.706076	0.706397	0.706331	0.706266	0.706392	0.706518	0.706492	0.706466	0.706545	0.706623	0.706596	0.706569	0.706631	0.706694	0.706662	0.70663	0.706677	0.706724	0.706694	0.706663	0.706694	0.706726	0.706698	0.706669	0.706686	
0.730027	0.730054	0.730022	0.72999	0.730019	0.730048	0.73001	0.729972	0.730013	0.730054	0.730007	0.72996	0.730032	0.730104	0.730047	0.729989	0.730131	0.730272	0.730206	0.73014	0.73043	0.730721	0.730639	0.730556	0.731216	0.731876	0.73137	0.730863	0.730305	0.72972	0.728691	0.727316	0.753659	0.728516	0.728063	0.729116	0.730347	0.73047	0.730912	0.731355	0.731145	0.730936	0.730852	0.730767	0.730639	0.73051	0.730425	0.73034	0.730292	0.730244	0.730179	0.730113	0.730118	0.730123	0.730075	0.730028	0.730052	0.730077	0.730042	0.730007	0.730035	0.730063	0.730032	0.73	0.730027	
0.753454	0.75348	0.753456	0.753432	0.753475	0.753518	0.753491	0.753464	0.753539	0.753613	0.753585	0.753557	0.753691	0.753825	0.753798	0.753771	0.754019	0.754267	0.754231	0.754196	0.754682	0.755168	0.75508	0.754993	0.756062	0.757131	0.756529	0.755928	0.755293	0.756992	0.755202	0.754696	0.763809	0.756359	0.756113	0.756187	0.756075	0.756316	0.756432	0.756548	0.75591	0.755273	0.755155	0.755037	0.754741	0.754445	0.754325	0.754206	0.754063	0.753921	0.753835	0.753749	0.753695	0.753641	0.753588	0.753534	0.753525	0.753516	0.753484	0.753452	0.753465	0.753477	0.753453	0.753428	0.753454	
0.77688	0.776905	0.776889	0.776874	0.776931	0.776988	0.776972	0.776956	0.777064	0.777173	0.777163	0.777153	0.777349	0.777545	0.777549	0.777552	0.777907	0.778261	0.778257	0.778252	0.778933	0.779614	0.779522	0.77943	0.780908	0.782386	0.781689	0.780992	0.780281	0.779497	0.77886	0.776927	0.773743	0.77819	0.779361	0.779757	0.780153	0.782161	0.781951	0.781741	0.780676	0.77961	0.779458	0.779306	0.778843	0.77838	0.778226	0.778072	0.777835	0.777599	0.777491	0.777384	0.777271	0.777158	0.7771	0.777041	0.776998	0.776955	0.776926	0.776897	0.776894	0.776891	0.776873	0.776856	0.77688	
0.800409	0.800424	0.800415	0.800406	0.800446	0.800486	0.800479	0.800473	0.800545	0.800617	0.80061	0.800604	0.800718	0.800831	0.800815	0.800798	0.80096	0.801123	0.801051	0.80098	0.8012	0.801421	0.80115	0.800878	0.801215	0.801551	0.800733	0.799915	0.80022	0.798763	0.79934	0.798635	0.795445	0.796929	0.798325	0.798932	0.800316	0.800677	0.801208	0.801739	0.80151	0.801281	0.8014	0.801518	0.801354	0.80119	0.801172	0.801155	0.801035	0.800915	0.800861	0.800808	0.800733	0.800658	0.800613	0.800567	0.800532	0.800497	0.800468	0.800439	0.800432	0.800425	0.80041	0.800394	0.800409	
0.823938	0.823944	0.823941	0.823939	0.823961	0.823983	0.823986	0.823989	0.824025	0.824061	0.824058	0.824055	0.824086	0.824118	0.82408	0.824043	0.824014	0.823985	0.823846	0.823708	0.823468	0.823228	0.822777	0.822327	0.821522	0.820717	0.819777	0.818837	0.820158	0.821545	0.821928	0.821766	0.820809	0.820673	0.820957	0.819277	0.819235	0.819193	0.820464	0.821736	0.822344	0.822952	0.823342	0.823731	0.823866	0.824	0.824119	0.824237	0.824234	0.824231	0.824231	0.824232	0.824195	0.824159	0.824126	0.824093	0.824065	0.824038	0.824009	0.82398	0.82397	0.823959	0.823946	0.823933	0.823938	
0.847471	0.847467	0.847462	0.847458	0.847445	0.847431	0.847427	0.847422	0.84739	0.847359	0.847336	0.847313	0.847239	0.847165	0.847094	0.847022	0.84687	0.846717	0.846558	0.846399	0.84613	0.845862	0.845583	0.845304	0.844926	0.844549	0.844512	0.844476	0.845086	0.845174	0.844964	0.844323	0.843419	0.843207	0.843957	0.844775	0.844858	0.844941	0.844874	0.844808	0.845271	0.845734	0.84596	0.846185	0.846452	0.846719	0.846867	0.847014	0.847149	0.847284	0.847333	0.847383	0.847439	0.847495	0.847491	0.847486	0.847506	0.847526	0.847508	0.84749	0.847495	0.847499	0.847487	0.847475	0.847471	
0.871003	0.87099	0.870983	0.870976	0.870928	0.87088	0.870867	0.870854	0.870755	0.870656	0.870614	0.870571	0.870392	0.870213	0.870107	0.870001	0.869726	0.86945	0.86927	0.869089	0.868793	0.868497	0.868389	0.868281	0.868331	0.868382	0.869248	0.870114	0.870013	0.869912	0.868637	0.867363	0.866523	0.865682	0.867978	0.870274	0.870482	0.870689	0.869285	0.86788	0.868198	0.868517	0.868578	0.868639	0.869038	0.869438	0.869614	0.869791	0.870064	0.870337	0.870436	0.870534	0.870682	0.870831	0.870855	0.87088	0.870947	0.871015	0.871007	0.871	0.87102	0.87104	0.871028	0.871017	0.871003	
0.894533	0.894518	0.894505	0.894492	0.894436	0.89438	0.894354	0.894328	0.894227	0.894126	0.894074	0.894022	0.893882	0.893743	0.893658	0.893574	0.893445	0.893316	0.893226	0.893136	0.89315	0.893164	0.893185	0.893206	0.893523	0.89384	0.894173	0.894506	0.894203	0.8939	0.89363	0.89336	0.892864	0.892369	0.893012	0.893655	0.893924	0.894192	0.893679	0.893165	0.893176	0.893186	0.893081	0.892975	0.893139	0.893302	0.893377	0.893452	0.893633	0.893815	0.893898	0.89398	0.894115	0.894251	0.894292	0.894334	0.894411	0.894488	0.894497	0.894506	0.894533	0.89456	0.894554	0.894548	0.894533	
0.918063	0.918047	0.918028	0.918009	0.917944	0.917879	0.91784	0.917801	0.917698	0.917596	0.917534	0.917472	0.917372	0.917273	0.91721	0.917148	0.917165	0.917181	0.917182	0.917182	0.917507	0.917832	0.917981	0.918131	0.918715	0.919298	0.919098	0.918899	0.918393	0.917887	0.918622	0.919356	0.919206	0.919056	0.918046	0.917036	0.917365	0.917694	0.918073	0.918451	0.918153	0.917855	0.917584	0.917312	0.917239	0.917166	0.91714	0.917113	0.917203	0.917292	0.91736	0.917427	0.917548	0.91767	0.917729	0.917788	0.917875	0.917961	0.917987	0.918012	0.918047	0.918081	0.918081	0.91808	0.918063	
0.941637	0.941626	0.941608	0.941589	0.941553	0.941517	0.941475	0.941433	0.941395	0.941357	0.9413	0.941243	0.941255	0.941268	0.941219	0.94117	0.941312	0.941453	0.941452	0.941451	0.941727	0.942002	0.94208	0.942158	0.942173	0.942188	0.942327	0.942466	0.942233	0.941999	0.942265	0.942531	0.942601	0.942671	0.94205	0.941429	0.941396	0.941363	0.941527	0.94169	0.941714	0.941738	0.9416	0.941462	0.94137	0.941279	0.941238	0.941196	0.941178	0.941159	0.941201	0.941242	0.941281	0.94132	0.941377	0.941433	0.941478	0.941522	0.941558	0.941593	0.941613	0.941634	0.941641	0.941648	0.941637	
0.965211	0.965206	0.965188	0.96517	0.965162	0.965154	0.96511	0.965066	0.965093	0.965119	0.965066	0.965013	0.965138	0.965263	0.965228	0.965193	0.965459	0.965725	0.965723	0.96572	0.965946	0.966173	0.966179	0.966185	0.965631	0.965077	0.965555	0.966033	0.966072	0.966111	0.965909	0.965707	0.965997	0.966287	0.966054	0.965822	0.965427	0.965033	0.964981	0.964929	0.965275	0.96562	0.965615	0.965611	0.965501	0.965392	0.965336	0.96528	0.965153	0.965026	0.965042	0.965058	0.965014	0.964971	0.965025	0.965078	0.965081	0.965083	0.965128	0.965173	0.96518	0.965186	0.965201	0.965217	0.965211	
0.988871	0.988874	0.98886	0.988845	0.988874	0.988903	0.988861	0.98882	0.9889	0.98898	0.98893	0.98888	0.989036	0.989193	0.989153	0.989112	0.989307	0.989501	0.989478	0.989456	0.98947	0.989484	0.98952	0.989555	0.989081	0.988607	0.989031	0.989455	0.989457	0.98946	0.988978	0.988495	0.988811	0.989126	0.989645	0.990164	0.989789	0.989413	0.989008	0.988603	0.988874	0.989145	0.989137	0.989128	0.989135	0.989141	0.989113	0.989085	0.988987	0.988889	0.988898	0.988906	0.988829	0.988753	0.988796	0.988839	0.988803	0.988766	0.98881	0.988854	0.988842	0.98883	0.988848	0.988867	0.988871	
1.01253	1.01254	1.01253	1.01252	1.01259	1.01265	1.01261	1.01257	1.01271	1.01284	1.01279	1.01275	1.01293	1.01312	1.01308	1.01303	1.01315	1.01328	1.01323	1.01319	1.01299	1.0128	1.01286	1.01293	1.01253	1.01214	1.01251	1.01288	1.01284	1.01281	1.01205	1.01128	1.01162	1.01197	1.01324	1.01451	1.01415	1.01379	1.01304	1.01228	1.01247	1.01267	1.01266	1.01265	1.01277	1.01289	1.01289	1.01289	1.01282	1.01275	1.01275	1.01276	1.01264	1.01253	1.01257	1.0126	1.01252	1.01245	1.01249	1.01253	1.0125	1.01247	1.0125	1.01252	1.01253	
1.03623	1.03625	1.03624	1.03623	1.03631	1.03638	1.03636	1.03633	1.03645	1.03658	1.03654	1.03651	1.03664	1.03677	1.03674	1.03671	1.03672	1.03673	1.03674	1.03675	1.0365	1.03626	1.03644	1.03662	1.0364	1.03617	1.03626	1.03635	1.0361	1.03584	1.03558	1.03532	1.03546	1.0356	1.03639	1.03717	1.03721	1.03726	1.03687	1.03648	1.03653	1.03657	1.03645	1.03633	1.03643	1.03654	1.03652	1.03649	1.03648	1.03647	1.03646	1.03645	1.03637	1.03629	1.03631	1.03632	1.03625	1.03618	1.03621	1.03624	1.03621	1.03617	1.03619	1.03621	1.03623	
1.05993	1.05995	1.05995	1.05995	1.06003	1.06012	1.0601	1.06008	1.0602	1.06032	1.06029	1.06027	1.06034	1.06041	1.0604	1.06038	1.06028	1.06018	1.06024	1.0603	1.06001	1.05972	1.06002	1.06031	1.06026	1.06021	1.06002	1.05983	1.05935	1.05887	1.05911	1.05935	1.0593	1.05924	1.05954	1.05983	1.06028	1.06072	1.0607	1.06069	1.06058	1.06048	1.06024	1.06001	1.0601	1.06019	1.06014	1.06009	1.06014	1.06019	1.06016	1.06014	1.0601	1.06005	1.06005	1.06004	1.05998	1.05991	1.05993	1.05994	1.05991	1.05988	1.05989	1.0599	1.05993	
1.08361	1.08363	1.08363	1.08363	1.0837	1.08377	1.08376	1.08375	1.08382	1.0839	1.08389	1.08388	1.08389	1.08389	1.08391	1.08393	1.08379	1.08365	1.08376	1.08387	1.08366	1.08345	1.08369	1.08394	1.08383	1.08373	1.08354	1.08335	1.083	1.08265	1.08293	1.08321	1.08327	1.08332	1.08321	1.08311	1.08347	1.08383	1.08394	1.08404	1.08409	1.08413	1.08394	1.08375	1.08378	1.08382	1.08376	1.08369	1.08374	1.08379	1.08376	1.08373	1.08372	1.08371	1.0837	1.08368	1.08364	1.08361	1.08361	1.08361	1.08359	1.08357	1.08358	1.08358	1.08361	
1.10729	1.10731	1.10731	1.10731	1.10736	1.10741	1.10742	1.10742	1.10745	1.10747	1.10749	1.1075	1.10743	1.10737	1.10742	1.10747	1.1073	1.10713	1.10728	1.10744	1.10731	1.10718	1.10737	1.10757	1.1074	1.10724	1.10706	1.10688	1.10665	1.10643	1.10675	1.10707	1.10724	1.1074	1.10689	1.10638	1.10666	1.10694	1.10717	1.1074	1.10759	1.10777	1.10763	1.10748	1.10747	1.10745	1.10737	1.10729	1.10734	1.10739	1.10735	1.10732	1.10735	1.10737	1.10735	1.10732	1.10731	1.1073	1.10729	1.10728	1.10727	1.10726	1.10726	1.10726	1.10729	
1.13089	1.1309	1.13091	1.13091	1.13093	1.13095	1.13097	1.13098	1.13097	1.13095	1.13098	1.13102	1.13092	1.13083	1.13091	1.13098	1.13084	1.13069	1.13085	1.13101	1.13092	1.13082	1.13094	1.13106	1.13086	1.13066	1.13052	1.13038	1.13038	1.13038	1.13046	1.13054	1.13084	1.13114	1.13061	1.13007	1.13019	1.13031	1.13047	1.13064	1.1309	1.13117	1.13109	1.13102	1.13102	1.13102	1.13095	1.13089	1.13091	1.13093	1.1309	1.13087	1.1309	1.13094	1.13091	1.13088	1.13089	1.13091	1.13089	1.13087	1.13087	1.13088	1.13088	1.13087	1.13089	
1.15449	1.1545	1.15451	1.15451	1.15451	1.1545	1.15452	1.15455	1.15449	1.15443	1.15448	1.15453	1.15441	1.15429	1.1544	1.1545	1.15438	1.15426	1.15442	1.15459	1.15452	1.15446	1.1545	1.15455	1.15432	1.15409	1.15398	1.15388	1.15411	1.15433	1.15417	1.15401	1.15445	1.15489	1.15433	1.15377	1.15372	1.15367	1.15378	1.15388	1.15422	1.15456	1.15456	1.15456	1.15457	1.15458	1.15453	1.15448	1.15448	1.15448	1.15445	1.15442	1.15446	1.1545	1.15447	1.15444	1.15448	1.15451	1.15448	1.15446	1.15448	1.1545	1.15449	1.15448	1.15449	
1.17802	1.17802	1.17803	1.17804	1.17801	1.17798	1.17801	1.17805	1.17797	1.1779	1.17796	1.17802	1.17791	1.1778	1.17791	1.17801	1.17792	1.17783	1.17796	1.17809	1.17802	1.17796	1.17795	1.17794	1.17777	1.1776	1.1775	1.1774	1.17772	1.17805	1.17795	1.17785	1.17817	1.1785	1.17797	1.17745	1.17737	1.17729	1.1773	1.17732	1.17762	1.17793	1.17794	1.17795	1.17801	1.17807	1.17804	1.178	1.178	1.178	1.17798	1.17796	1.17798	1.17801	1.17799	1.17797	1.178	1.17804	1.17801	1.17799	1.17801	1.17803	1.17802	1.17801	1.17802	
1.20154	1.20154	1.20155	1.20156	1.20151	1.20147	1.20151	1.20155	1.20145	1.20136	1.20144	1.20151	1.20141	1.2013	1.20141	1.20152	1.20146	1.2014	1.2015	1.20159	1.20152	1.20145	1.2014	1.20134	1.20122	1.20111	1.20101	1.20091	1.20134	1.20176	1.20173	1.2017	1.2019	1.20211	1.20162	1.20113	1.20102	1.20091	1.20083	1.20076	1.20103	1.20129	1.20132	1.20134	1.20145	1.20156	1.20154	1.20153	1.20152	1.20151	1.2015	1.20149	1.20151	1.20152	1.20151	1.2015	1.20153	1.20156	1.20155	1.20153	1.20155	1.20157	1.20156	1.20155	1.20154	
1.22502	1.225	1.22502	1.22504	1.22498	1.22493	1.22497	1.22502	1.22493	1.22485	1.22492	1.22499	1.22491	1.22483	1.22492	1.22502	1.22496	1.22491	1.22497	1.22503	1.22495	1.22488	1.22481	1.22473	1.22468	1.22464	1.22456	1.22448	1.22487	1.22525	1.22534	1.22542	1.22549	1.22556	1.22515	1.22474	1.22464	1.22454	1.22443	1.22432	1.22451	1.22471	1.22472	1.22473	1.22486	1.225	1.22499	1.22499	1.225	1.225	1.225	1.22501	1.22501	1.225	1.22501	1.22501	1.22502	1.22504	1.22503	1.22503	1.22503	1.22504	1.22504	1.22504	1.22502	
1.2485	1.24847	1.24849	1.24851	1.24845	1.24839	1.24844	1.24849	1.24841	1.24833	1.2484	1.24848	1.24841	1.24835	1.24843	1.24851	1.24847	1.24843	1.24845	1.24847	1.24839	1.2483	1.24821	1.24812	1.24814	1.24817	1.2481	1.24804	1.24839	1.24874	1.24895	1.24915	1.24908	1.24902	1.24869	1.24835	1.24826	1.24817	1.24802	1.24788	1.248	1.24812	1.24812	1.24812	1.24828	1.24844	1.24845	1.24846	1.24847	1.24849	1.24851	1.24852	1.2485	1.24849	1.2485	1.24852	1.24852	1.24851	1.24852	1.24852	1.24852	1.24852	1.24852	1.24853	1.2485	
1.27197	1.27194	1.27196	1.27199	1.27193	1.27188	1.27192	1.27197	1.27191	1.27185	1.27191	1.27198	1.27193	1.27188	1.27194	1.272	1.27196	1.27192	1.27191	1.27191	1.27184	1.27176	1.27168	1.2716	1.27166	1.27171	1.2717	1.27169	1.27194	1.27219	1.2724	1.2726	1.2725	1.27239	1.27218	1.27197	1.27187	1.27178	1.27163	1.27149	1.27156	1.27163	1.27161	1.27159	1.27175	1.2719	1.27191	1.27191	1.27195	1.27198	1.272	1.27203	1.272	1.27198	1.27201	1.27203	1.27201	1.27199	1.272	1.27202	1.272	1.27198	1.27199	1.27201	1.27197	
1.29545	1.29541	1.29544	1.29546	1.29541	1.29537	1.29541	1.29545	1.29541	1.29537	1.29542	1.29548	1.29545	1.29542	1.29546	1.29549	1.29545	1.29541	1.29538	1.29535	1.29529	1.29522	1.29515	1.29508	1.29517	1.29526	1.29529	1.29533	1.29548	1.29563	1.29585	1.29606	1.29591	1.29577	1.29567	1.29558	1.29549	1.2954	1.29525	1.2951	1.29512	1.29514	1.2951	1.29506	1.29521	1.29536	1.29537	1.29537	1.29542	1.29548	1.2955	1.29553	1.2955	1.29547	1.29551	1.29554	1.2955	1.29546	1.29549	1.29552	1.29548	1.29545	1.29547	1.29549	1.29545	
1.31894	1.3189	1.31893	1.31896	1.31892	1.31888	1.31892	1.31896	1.31893	1.3189	1.31895	1.31899	1.31897	1.31895	1.31897	1.31899	1.31895	1.31891	1.31887	1.31883	1.31878	1.31873	1.31867	1.31861	1.3187	1.3188	1.31886	1.31892	1.319	1.31908	1.31925	1.31942	1.31929	1.31916	1.31914	1.31912	1.31904	1.31895	1.31882	1.3187	1.31869	1.31869	1.31864	1.3186	1.31873	1.31886	1.31886	1.31886	1.31892	1.31898	1.31901	1.31904	1.31901	1.31898	1.31902	1.31906	1.31901	1.31896	1.31899	1.31903	1.31898	1.31893	1.31896	1.31899	1.31894	
1.34244	1.34239	1.34243	1.34246	1.34243	1.3424	1.34243	1.34247	1.34245	1.34244	1.34247	1.34251	1.3425	1.34248	1.34249	1.34249	1.34245	1.3424	1.34236	1.34231	1.34227	1.34223	1.34219	1.34215	1.34224	1.34234	1.34242	1.3425	1.34251	1.34252	1.34265	1.34278	1.34267	1.34255	1.34261	1.34267	1.34258	1.3425	1.3424	1.3423	1.34227	1.34223	1.34218	1.34213	1.34224	1.34235	1.34235	1.34235	1.34242	1.34248	1.34251	1.34254	1.34252	1.34249	1.34253	1.34258	1.34252	1.34245	1.34249	1.34254	1.34248	1.34242	1.34245	1.34248	1.34244	
1.36598	1.36594	1.36597	1.366	1.36598	1.36595	1.36598	1.36601	1.36601	1.36601	1.36603	1.36605	1.36605	1.36604	1.36603	1.36603	1.36599	1.36595	1.3659	1.36586	1.36583	1.3658	1.36578	1.36575	1.36583	1.36591	1.36599	1.36607	1.36605	1.36603	1.36613	1.36623	1.36614	1.36604	1.36612	1.3662	1.36613	1.36605	1.36598	1.36591	1.36587	1.36583	1.36578	1.36573	1.36582	1.36591	1.3659	1.36589	1.36596	1.36603	1.36605	1.36608	1.36606	1.36603	1.36608	1.36612	1.36606	1.36599	1.36603	1.36608	1.36602	1.36596	1.36599	1.36602	1.36598	
1.38952	1.38948	1.38951	1.38954	1.38952	1.38951	1.38954	1.38956	1.38957	1.38957	1.38959	1.3896	1.3896	1.38959	1.38958	1.38956	1.38953	1.38949	1.38945	1.38941	1.38939	1.38937	1.38936	1.38935	1.38942	1.38948	1.38956	1.38965	1.3896	1.38955	1.38961	1.38968	1.38961	1.38953	1.38964	1.38974	1.38967	1.38961	1.38956	1.38952	1.38947	1.38942	1.38937	1.38933	1.38939	1.38946	1.38945	1.38944	1.3895	1.38957	1.38959	1.38961	1.38959	1.38958	1.38962	1.38966	1.3896	1.38953	1.38957	1.38962	1.38955	1.38949	1.38953	1.38956	1.38952	
1.4131	1.41306	1.41309	1.41311	1.4131	1.4131	1.41312	1.41314	1.41314	1.41315	1.41316	1.41317	1.41316	1.41316	1.41315	1.41313	1.4131	1.41307	1.41303	1.413	1.41299	1.41298	1.41298	1.41297	1.41302	1.41306	1.41313	1.4132	1.41315	1.41311	1.41315	1.4132	1.41315	1.41309	1.41318	1.41327	1.41322	1.41317	1.41314	1.41311	1.41307	1.41303	1.41299	1.41295	1.413	1.41305	1.41304	1.41303	1.41308	1.41314	1.41316	1.41317	1.41316	1.41315	1.41318	1.41322	1.41316	1.41311	1.41314	1.41318	1.41313	1.41307	1.4131	1.41313	1.4131	
1.43668	1.43665	1.43667	1.43669	1.43668	1.43668	1.43669	1.43671	1.43672	1.43673	1.43673	1.43673	1.43673	1.43673	1.43671	1.4367	1.43667	1.43665	1.43662	1.43659	1.43659	1.43659	1.43659	1.43659	1.43662	1.43665	1.43671	1.43676	1.43671	1.43667	1.43669	1.43672	1.43668	1.43665	1.43673	1.4368	1.43677	1.43673	1.43671	1.4367	1.43667	1.43663	1.4366	1.43657	1.4366	1.43664	1.43663	1.43662	1.43666	1.43671	1.43672	1.43673	1.43673	1.43672	1.43675	1.43677	1.43673	1.43668	1.43671	1.43675	1.4367	1.43665	1.43668	1.4367	1.43668	
1.46029	1.46027	1.46028	1.46029	1.46029	1.46029	1.4603	1.46031	1.46032	1.46032	1.46032	1.46033	1.46033	1.46032	1.46031	1.4603	1.46029	1.46027	1.46025	1.46023	1.46023	1.46023	1.46023	1.46023	1.46025	1.46027	1.46031	1.46035	1.46031	1.46028	1.4603	1.46032	1.46029	1.46027	1.46032	1.46037	1.46035	1.46032	1.46032	1.46031	1.46028	1.46026	1.46024	1.46022	1.46024	1.46026	1.46026	1.46025	1.46028	1.46031	1.46032	1.46033	1.46032	1.46031	1.46033	1.46035	1.46032	1.46029	1.46031	1.46033	1.4603	1.46027	1.46029	1.4603	1.46029	
1.4839	1.48389	1.48389	1.4839	1.4839	1.4839	1.4839	1.48391	1.48391	1.48392	1.48392	1.48392	1.48392	1.48392	1.48391	1.48391	1.4839	1.48389	1.48388	1.48387	1.48387	1.48387	1.48387	1.48388	1.48388	1.48389	1.48391	1.48393	1.48391	1.48389	1.4839	1.48391	1.4839	1.48389	1.48392	1.48394	1.48393	1.48392	1.48392	1.48391	1.4839	1.48389	1.48388	1.48387	1.48388	1.48389	1.48388	1.48388	1.48389	1.48391	1.48391	1.48392	1.48391	1.48391	1.48392	1.48393	1.48392	1.4839	1.48391	1.48392	1.4839	1.48389	1.4839	1.48391	1.4839	
1.50751	1.50751	1.50751	1.50751	1.50751	1.50751	1.50751	1.50751	1.50751	1.50751	1.50751	1.50751	1.50751	1.50751	1.50751	1.50751	1.50751	1.50751	1.50751	1.50751	1.50751	1.50751	1.50751	1.50751	1.50751	1.50751	1.50751	1.50751	1.50751	1.50751	1.50751	1.50751	1.50751	1.50751	1.50751	1.50751	1.50751	1.50751	1.50751	1.50751	1.50751	1.50751	1.50751	1.50751	1.50751	1.50751	1.50751	1.50751	1.50751	1.50751	1.50751	1.50751	1.50751	1.50751	1.50751	1.50751	1.50751	1.50751	1.50751	1.50751	1.50751	1.50751	1.50751	1.50751	1.50751	
