x=200	y=80	z=200	n=65	len=1
b
0.603754	0.603783	0.603731	0.60368	0.603679	0.603677	0.603584	0.603492	0.603433	0.603375	0.603198	0.603022	0.602853	0.602684	0.602355	0.602025	0.601676	0.601327	0.6008	0.600274	0.599867	0.599459	0.599295	0.599131	0.599488	0.599846	0.600453	0.601061	0.60014	0.599219	0.597809	0.596399	0.59617	0.595942	0.596277	0.596613	0.596985	0.597356	0.597396	0.597435	0.598078	0.598721	0.599317	0.599912	0.600534	0.601155	0.601526	0.601896	0.602242	0.602587	0.602766	0.602944	0.60313	0.603316	0.603382	0.603449	0.603549	0.603649	0.603655	0.603662	0.603719	0.603775	0.603749	0.603724	0.603754	
0.6038	0.603822	0.603779	0.603737	0.60373	0.603724	0.603646	0.603568	0.603505	0.603443	0.603287	0.603132	0.602954	0.602776	0.602468	0.60216	0.601781	0.601403	0.600874	0.600345	0.599832	0.599319	0.599046	0.598773	0.599032	0.59929	0.5999	0.60051	0.599412	0.598314	0.596971	0.595628	0.595642	0.595656	0.596176	0.596696	0.596741	0.596786	0.597054	0.597321	0.598049	0.598778	0.599502	0.600226	0.60079	0.601355	0.60175	0.602145	0.602446	0.602746	0.602929	0.603112	0.603266	0.603421	0.603487	0.603554	0.603634	0.603714	0.603722	0.60373	0.603775	0.603819	0.603798	0.603778	0.6038	
0.60383	0.60386	0.603814	0.603769	0.603779	0.603789	0.603712	0.603635	0.603599	0.603563	0.603412	0.603261	0.60312	0.602979	0.602671	0.602364	0.602023	0.601683	0.601118	0.600553	0.600031	0.59951	0.599034	0.598559	0.598797	0.599035	0.599498	0.599961	0.599091	0.598222	0.597302	0.596382	0.596448	0.596515	0.596625	0.596734	0.596847	0.59696	0.597419	0.597879	0.598604	0.59933	0.600008	0.600686	0.60121	0.601735	0.602076	0.602417	0.602693	0.602969	0.603114	0.60326	0.6034	0.603541	0.603584	0.603627	0.603701	0.603776	0.60377	0.603765	0.60381	0.603856	0.603828	0.6038	0.60383	
0.60386	0.603897	0.60385	0.603802	0.603828	0.603854	0.603778	0.603702	0.603692	0.603683	0.603536	0.603389	0.603285	0.603181	0.602875	0.602568	0.602266	0.601963	0.601362	0.600761	0.600231	0.5997	0.599023	0.598346	0.598562	0.598779	0.599095	0.599412	0.598771	0.598129	0.597632	0.597135	0.597254	0.597373	0.597073	0.596773	0.596954	0.597134	0.597785	0.598436	0.599159	0.599882	0.600514	0.601146	0.60163	0.602114	0.602402	0.60269	0.60294	0.603191	0.603299	0.603407	0.603534	0.603661	0.60368	0.6037	0.603769	0.603838	0.603819	0.603799	0.603846	0.603892	0.603857	0.603822	0.60386	
0.603899	0.60393	0.603892	0.603853	0.603876	0.603899	0.603839	0.603779	0.603771	0.603762	0.603641	0.60352	0.603422	0.603323	0.603054	0.602785	0.602486	0.602187	0.601623	0.601058	0.600473	0.599888	0.599148	0.598407	0.598347	0.598287	0.598686	0.599084	0.598907	0.598729	0.598872	0.599014	0.598846	0.598678	0.597803	0.596927	0.597418	0.597908	0.598472	0.599037	0.599708	0.60038	0.60098	0.60158	0.601999	0.602418	0.602694	0.60297	0.603172	0.603375	0.603475	0.603575	0.60367	0.603766	0.603781	0.603797	0.603847	0.603897	0.603878	0.60386	0.603894	0.603929	0.603899	0.603868	0.603899	
0.603939	0.603963	0.603934	0.603905	0.603924	0.603944	0.6039	0.603857	0.603849	0.603841	0.603746	0.603651	0.603558	0.603465	0.603233	0.603001	0.602706	0.602411	0.601883	0.601356	0.600716	0.600075	0.599272	0.598469	0.598132	0.597795	0.598275	0.598756	0.599043	0.59933	0.600111	0.600893	0.600437	0.599982	0.598532	0.597082	0.597882	0.598682	0.599159	0.599637	0.600257	0.600877	0.601446	0.602015	0.602369	0.602722	0.602986	0.603249	0.603404	0.603558	0.60365	0.603742	0.603806	0.603871	0.603883	0.603894	0.603925	0.603956	0.603938	0.60392	0.603943	0.603967	0.60394	0.603914	0.603939	
0.603949	0.603981	0.60395	0.603919	0.603953	0.603988	0.603947	0.603906	0.603924	0.603941	0.603856	0.60377	0.60372	0.60367	0.603459	0.603248	0.603013	0.602778	0.60228	0.601781	0.601172	0.600562	0.599695	0.598828	0.598243	0.597657	0.597864	0.598072	0.59849	0.598908	0.599616	0.600323	0.600391	0.600459	0.599267	0.598074	0.598744	0.599415	0.599916	0.600417	0.600958	0.601499	0.601996	0.602494	0.602788	0.603083	0.603288	0.603492	0.603619	0.603745	0.6038	0.603854	0.603906	0.603958	0.603948	0.603938	0.603965	0.603992	0.603962	0.603932	0.603957	0.603982	0.60395	0.603917	0.603949	
0.603959	0.603998	0.603966	0.603933	0.603982	0.604031	0.603993	0.603955	0.603998	0.604042	0.603966	0.60389	0.603882	0.603874	0.603684	0.603494	0.60332	0.603146	0.602676	0.602206	0.601628	0.601049	0.600119	0.599188	0.598354	0.597519	0.597453	0.597388	0.597937	0.598487	0.599121	0.599754	0.600346	0.600937	0.600002	0.599066	0.599607	0.600148	0.600672	0.601197	0.601659	0.60212	0.602547	0.602973	0.603208	0.603444	0.60359	0.603736	0.603833	0.603931	0.603949	0.603967	0.604006	0.604045	0.604013	0.603982	0.604005	0.604028	0.603986	0.603943	0.60397	0.603997	0.603959	0.60392	0.603959	
0.603987	0.60402	0.603996	0.603971	0.604018	0.604064	0.604041	0.604018	0.604064	0.60411	0.60406	0.604011	0.604015	0.604019	0.603875	0.603731	0.603587	0.603443	0.603048	0.602653	0.602113	0.601573	0.600691	0.599809	0.598846	0.597884	0.597411	0.596937	0.597283	0.597628	0.598109	0.59859	0.599682	0.600775	0.600096	0.599417	0.599984	0.600552	0.601178	0.601804	0.602186	0.602568	0.602975	0.603382	0.60355	0.603719	0.603848	0.603976	0.60403	0.604085	0.604093	0.604101	0.604113	0.604125	0.604091	0.604057	0.604063	0.60407	0.604029	0.603988	0.604005	0.604022	0.603988	0.603954	0.603987	
0.604014	0.604041	0.604026	0.60401	0.604054	0.604097	0.604089	0.604082	0.60413	0.604178	0.604155	0.604132	0.604148	0.604164	0.604065	0.603967	0.603854	0.60374	0.60342	0.6031	0.602598	0.602096	0.601263	0.60043	0.599339	0.598249	0.597368	0.596487	0.596628	0.596769	0.597097	0.597425	0.599019	0.600613	0.600191	0.599769	0.600362	0.600955	0.601683	0.60241	0.602713	0.603016	0.603403	0.603791	0.603892	0.603994	0.604105	0.604217	0.604228	0.604238	0.604236	0.604235	0.604221	0.604207	0.604169	0.604131	0.604122	0.604113	0.604072	0.604032	0.604039	0.604046	0.604017	0.603987	0.604014	
0.604003	0.604036	0.604018	0.604	0.604056	0.604111	0.604105	0.604098	0.604167	0.604235	0.604221	0.604206	0.604259	0.604312	0.604237	0.604162	0.604115	0.604069	0.603806	0.603543	0.603153	0.602763	0.602017	0.601271	0.600243	0.599215	0.598109	0.597002	0.596618	0.596234	0.596575	0.596916	0.598367	0.599817	0.599756	0.599695	0.60047	0.601244	0.602067	0.60289	0.60317	0.60345	0.603775	0.604099	0.604168	0.604237	0.604299	0.60436	0.604355	0.604349	0.604317	0.604286	0.604266	0.604245	0.604191	0.604137	0.604127	0.604117	0.604068	0.604018	0.604028	0.604038	0.604004	0.603969	0.604003	
0.603991	0.604031	0.604011	0.603991	0.604058	0.604126	0.60412	0.604114	0.604204	0.604293	0.604286	0.60428	0.60437	0.60446	0.604409	0.604357	0.604377	0.604398	0.604192	0.603987	0.603708	0.60343	0.602771	0.602113	0.601148	0.600182	0.598849	0.597517	0.596608	0.595699	0.596053	0.596407	0.597715	0.599022	0.599322	0.599622	0.600577	0.601532	0.602451	0.60337	0.603627	0.603884	0.604146	0.604407	0.604444	0.60448	0.604492	0.604504	0.604481	0.604459	0.604398	0.604337	0.604311	0.604284	0.604213	0.604143	0.604132	0.604122	0.604063	0.604005	0.604018	0.60403	0.603991	0.603951	0.603991	
0.604006	0.60404	0.604027	0.604014	0.604077	0.604141	0.604147	0.604153	0.604242	0.604331	0.604345	0.604359	0.604458	0.604557	0.604545	0.604533	0.604585	0.604637	0.604508	0.604379	0.604191	0.604003	0.603486	0.602969	0.60212	0.601272	0.599981	0.598691	0.596995	0.5953	0.595724	0.596148	0.597335	0.598522	0.599548	0.600575	0.601313	0.602051	0.603005	0.60396	0.604116	0.604273	0.604499	0.604725	0.6047	0.604675	0.604671	0.604666	0.60461	0.604554	0.604487	0.604421	0.604375	0.60433	0.604259	0.604188	0.604166	0.604144	0.604088	0.604031	0.604037	0.604042	0.604007	0.603972	0.604006	
0.604021	0.604049	0.604043	0.604037	0.604097	0.604156	0.604174	0.604192	0.60428	0.604369	0.604404	0.604439	0.604546	0.604654	0.604681	0.604709	0.604792	0.604876	0.604824	0.604771	0.604674	0.604577	0.6042	0.603824	0.603093	0.602362	0.601113	0.599864	0.597383	0.594902	0.595395	0.595889	0.596955	0.598021	0.599775	0.601528	0.602049	0.602569	0.603559	0.604549	0.604606	0.604662	0.604853	0.605043	0.604957	0.604871	0.60485	0.604828	0.604739	0.604649	0.604577	0.604504	0.60444	0.604376	0.604304	0.604233	0.6042	0.604166	0.604112	0.604058	0.604056	0.604054	0.604023	0.603992	0.604021	
0.603992	0.604026	0.604017	0.604008	0.604075	0.604143	0.604158	0.604174	0.604276	0.604378	0.604414	0.60445	0.604582	0.604714	0.604753	0.604791	0.604924	0.605057	0.605044	0.605031	0.605039	0.605047	0.604792	0.604538	0.603978	0.603417	0.602455	0.601494	0.598952	0.596409	0.596981	0.597554	0.598232	0.598911	0.600759	0.602607	0.60302	0.603432	0.604224	0.605015	0.60501	0.605006	0.605104	0.605202	0.605099	0.604996	0.604932	0.604867	0.604775	0.604682	0.604589	0.604496	0.604433	0.60437	0.604288	0.604206	0.604175	0.604145	0.604085	0.604025	0.604026	0.604028	0.603993	0.603958	0.603992	
0.603964	0.604003	0.603991	0.603978	0.604054	0.60413	0.604143	0.604156	0.604272	0.604388	0.604424	0.604461	0.604618	0.604775	0.604824	0.604873	0.605055	0.605237	0.605263	0.60529	0.605403	0.605517	0.605385	0.605252	0.604862	0.604472	0.603798	0.603124	0.60052	0.597916	0.598567	0.599218	0.599509	0.5998	0.601743	0.603686	0.603991	0.604296	0.604888	0.605481	0.605415	0.605349	0.605355	0.605361	0.605241	0.605121	0.605014	0.604906	0.604811	0.604715	0.604601	0.604487	0.604425	0.604364	0.604271	0.604178	0.604151	0.604123	0.604057	0.603991	0.603997	0.604002	0.603963	0.603925	0.603964	
0.603967	0.604001	0.603994	0.603987	0.604057	0.604128	0.604149	0.604169	0.60428	0.604391	0.60444	0.604489	0.604644	0.604799	0.604871	0.604942	0.605135	0.605327	0.605402	0.605477	0.605647	0.605818	0.605816	0.605814	0.60566	0.605506	0.605213	0.604921	0.603495	0.602069	0.602616	0.603163	0.602735	0.602306	0.603805	0.605304	0.605241	0.605178	0.605563	0.605948	0.60577	0.605592	0.605556	0.605519	0.60536	0.605201	0.605086	0.604972	0.604858	0.604744	0.604631	0.604518	0.604447	0.604376	0.604286	0.604195	0.604161	0.604127	0.604065	0.604002	0.604002	0.604002	0.603968	0.603933	0.603967	
0.60397	0.603999	0.603997	0.603995	0.604061	0.604126	0.604154	0.604183	0.604289	0.604395	0.604456	0.604517	0.60467	0.604823	0.604917	0.605012	0.605214	0.605417	0.60554	0.605664	0.605892	0.606119	0.606247	0.606376	0.606458	0.60654	0.606629	0.606718	0.60647	0.606222	0.606665	0.607108	0.60596	0.604812	0.605867	0.606921	0.606491	0.606061	0.606238	0.606415	0.606125	0.605835	0.605756	0.605676	0.605479	0.605281	0.605159	0.605037	0.604906	0.604774	0.604662	0.60455	0.604469	0.604388	0.6043	0.604213	0.604172	0.604131	0.604072	0.604013	0.604008	0.604002	0.603972	0.603941	0.60397	
0.603932	0.603965	0.603959	0.603954	0.604024	0.604094	0.604117	0.60414	0.604253	0.604366	0.604421	0.604475	0.60464	0.604806	0.604893	0.604981	0.605209	0.605436	0.605557	0.605678	0.605968	0.606258	0.606403	0.606549	0.606843	0.607137	0.607328	0.607518	0.607965	0.608412	0.6083	0.608188	0.607322	0.606455	0.606893	0.607331	0.606904	0.606478	0.606469	0.606461	0.606189	0.605916	0.605779	0.605641	0.605458	0.605274	0.60513	0.604986	0.604864	0.604742	0.60462	0.604498	0.604424	0.604349	0.604257	0.604165	0.604129	0.604093	0.604031	0.603969	0.603968	0.603966	0.603933	0.603899	0.603932	
0.603894	0.603931	0.603922	0.603912	0.603987	0.604061	0.604079	0.604098	0.604218	0.604337	0.604385	0.604433	0.604611	0.604788	0.604869	0.60495	0.605203	0.605456	0.605574	0.605691	0.606044	0.606397	0.60656	0.606722	0.607228	0.607734	0.608026	0.608319	0.60946	0.610602	0.609935	0.609268	0.608683	0.608099	0.60792	0.607741	0.607318	0.606894	0.606701	0.606507	0.606252	0.605997	0.605802	0.605606	0.605437	0.605267	0.605101	0.604934	0.604822	0.604709	0.604578	0.604447	0.604379	0.60431	0.604214	0.604117	0.604086	0.604055	0.60399	0.603925	0.603928	0.60393	0.603894	0.603858	0.603894	
0.603889	0.603921	0.603915	0.603909	0.603978	0.604047	0.604069	0.604091	0.604203	0.604315	0.604367	0.60442	0.604587	0.604754	0.604842	0.604929	0.605168	0.605406	0.605536	0.605665	0.605999	0.606332	0.606522	0.606711	0.607193	0.607675	0.608014	0.608352	0.609311	0.610271	0.609764	0.609257	0.608734	0.608213	0.607974	0.607735	0.607308	0.606882	0.606677	0.606472	0.606211	0.60595	0.605763	0.605576	0.605403	0.605229	0.605072	0.604915	0.6048	0.604684	0.60456	0.604437	0.604366	0.604295	0.604204	0.604113	0.604079	0.604045	0.603984	0.603923	0.603923	0.603922	0.603889	0.603857	0.603889	
0.603884	0.603912	0.603909	0.603907	0.60397	0.604033	0.604058	0.604083	0.604188	0.604293	0.604349	0.604406	0.604563	0.60472	0.604814	0.604907	0.605132	0.605357	0.605498	0.605639	0.605953	0.606267	0.606484	0.606701	0.607159	0.607617	0.608001	0.608385	0.609162	0.609939	0.609592	0.609245	0.608786	0.608326	0.608027	0.607728	0.607299	0.606869	0.606653	0.606437	0.60617	0.605903	0.605725	0.605546	0.605369	0.605191	0.605044	0.604896	0.604777	0.604659	0.604543	0.604426	0.604353	0.604279	0.604194	0.604108	0.604071	0.604035	0.603978	0.603922	0.603918	0.603914	0.603885	0.603856	0.603884	
0.603843	0.603874	0.603867	0.603861	0.603926	0.603991	0.60401	0.604029	0.604136	0.604242	0.604289	0.604336	0.604496	0.604656	0.604734	0.604812	0.605042	0.605272	0.605386	0.6055	0.605824	0.606148	0.606307	0.606466	0.606942	0.607418	0.607638	0.607859	0.608661	0.609464	0.608956	0.608447	0.60822	0.607992	0.607644	0.607297	0.606995	0.606694	0.606448	0.606203	0.605993	0.605783	0.605592	0.6054	0.60525	0.6051	0.604948	0.604796	0.604692	0.604588	0.60447	0.604353	0.604288	0.604223	0.604137	0.604052	0.60402	0.603989	0.603932	0.603875	0.603875	0.603874	0.603843	0.603812	0.603843	
0.603802	0.603835	0.603825	0.603815	0.603882	0.603949	0.603962	0.603975	0.604083	0.604192	0.604229	0.604266	0.604429	0.604593	0.604655	0.604717	0.604952	0.605187	0.605274	0.605361	0.605695	0.606029	0.60613	0.60623	0.606725	0.607219	0.607276	0.607332	0.60816	0.608988	0.608319	0.60765	0.607654	0.607657	0.607262	0.606866	0.606692	0.606518	0.606244	0.605969	0.605816	0.605663	0.605459	0.605254	0.605131	0.605008	0.604852	0.604696	0.604606	0.604516	0.604398	0.60428	0.604224	0.604167	0.604081	0.603995	0.603969	0.603944	0.603886	0.603828	0.603831	0.603835	0.603802	0.603769	0.603802	
0.603791	0.603821	0.603812	0.603804	0.603866	0.603927	0.603941	0.603954	0.604055	0.604156	0.604192	0.604227	0.604379	0.604531	0.604589	0.604648	0.604863	0.605078	0.605158	0.605237	0.605532	0.605826	0.605915	0.606005	0.606409	0.606813	0.606859	0.606905	0.607516	0.608128	0.60766	0.607193	0.607172	0.607151	0.60683	0.606508	0.606362	0.606216	0.605987	0.605758	0.605623	0.605488	0.605312	0.605135	0.605021	0.604907	0.604769	0.604631	0.604544	0.604457	0.604351	0.604245	0.604189	0.604133	0.604054	0.603976	0.60395	0.603923	0.60387	0.603817	0.603819	0.603821	0.603791	0.603761	0.603791	
0.603779	0.603806	0.603799	0.603793	0.603849	0.603906	0.603919	0.603933	0.604027	0.60412	0.604154	0.604189	0.604329	0.604469	0.604524	0.604579	0.604774	0.60497	0.605042	0.605114	0.605368	0.605622	0.6057	0.605779	0.606093	0.606407	0.606442	0.606477	0.606872	0.607267	0.607001	0.606736	0.606691	0.606646	0.606398	0.60615	0.606032	0.605914	0.60573	0.605546	0.605429	0.605313	0.605165	0.605017	0.604911	0.604806	0.604686	0.604566	0.604483	0.604399	0.604304	0.604209	0.604154	0.604098	0.604027	0.603956	0.60393	0.603903	0.603855	0.603806	0.603807	0.603807	0.60378	0.603753	0.603779	
0.60374	0.603769	0.603758	0.603748	0.603805	0.603862	0.603869	0.603876	0.60397	0.604063	0.604087	0.604111	0.604251	0.604391	0.604429	0.604467	0.604662	0.604858	0.604903	0.604948	0.605202	0.605456	0.605488	0.60552	0.60583	0.60614	0.606102	0.606064	0.606414	0.606764	0.606483	0.606201	0.606228	0.606256	0.606004	0.605752	0.605707	0.605662	0.605481	0.605301	0.605221	0.605142	0.604998	0.604854	0.60477	0.604685	0.60457	0.604455	0.604384	0.604313	0.604222	0.604131	0.604084	0.604037	0.603968	0.603899	0.603878	0.603857	0.603809	0.603761	0.603765	0.603769	0.60374	0.603712	0.60374	
0.603701	0.603731	0.603717	0.603703	0.603761	0.603819	0.603819	0.60382	0.603913	0.604006	0.60402	0.604033	0.604173	0.604312	0.604334	0.604355	0.604551	0.604747	0.604764	0.604781	0.605036	0.60529	0.605275	0.605261	0.605568	0.605874	0.605763	0.605651	0.605956	0.606261	0.605964	0.605667	0.605766	0.605866	0.60561	0.605355	0.605382	0.60541	0.605232	0.605055	0.605013	0.604971	0.604831	0.604692	0.604628	0.604565	0.604455	0.604344	0.604286	0.604227	0.60414	0.604052	0.604013	0.603975	0.603908	0.603841	0.603826	0.603811	0.603763	0.603715	0.603723	0.60373	0.6037	0.603671	0.603701	
0.603685	0.603713	0.603699	0.603685	0.603739	0.603792	0.603791	0.603789	0.603877	0.603964	0.603973	0.603981	0.604113	0.604245	0.604258	0.604271	0.604455	0.60464	0.604645	0.60465	0.604881	0.605112	0.605085	0.605057	0.605308	0.605559	0.605451	0.605343	0.605594	0.605845	0.605673	0.605502	0.60559	0.605678	0.605373	0.605068	0.605101	0.605134	0.604986	0.604838	0.604816	0.604795	0.604678	0.60456	0.604505	0.604449	0.604356	0.604263	0.604207	0.604151	0.604077	0.604002	0.603965	0.603927	0.603869	0.603811	0.603796	0.603781	0.603739	0.603697	0.603704	0.603711	0.603684	0.603656	0.603685	
0.603668	0.603694	0.603681	0.603667	0.603717	0.603767	0.603763	0.603759	0.603841	0.603923	0.603926	0.603928	0.604053	0.604178	0.604182	0.604186	0.60436	0.604533	0.604526	0.604519	0.604727	0.604935	0.604894	0.604854	0.605048	0.605243	0.605139	0.605034	0.605232	0.605429	0.605383	0.605336	0.605413	0.60549	0.605136	0.604781	0.60482	0.604858	0.604739	0.604621	0.60462	0.60462	0.604524	0.604429	0.604381	0.604333	0.604257	0.604182	0.604129	0.604075	0.604014	0.603952	0.603916	0.603879	0.60383	0.603781	0.603767	0.603752	0.603715	0.603679	0.603685	0.603691	0.603667	0.603642	0.603668	
0.603633	0.60366	0.603643	0.603626	0.603676	0.603725	0.603715	0.603705	0.603785	0.603866	0.603859	0.603852	0.603976	0.6041	0.604089	0.604078	0.604254	0.604429	0.6044	0.604371	0.604591	0.60481	0.604739	0.604668	0.604891	0.605114	0.604969	0.604825	0.605051	0.605278	0.605357	0.605436	0.605455	0.605474	0.605173	0.604871	0.604761	0.60465	0.604563	0.604475	0.604469	0.604463	0.604379	0.604295	0.604254	0.604213	0.604143	0.604074	0.60403	0.603987	0.603929	0.603872	0.603844	0.603817	0.60377	0.603723	0.603716	0.603708	0.603672	0.603636	0.603646	0.603657	0.603631	0.603605	0.603633	
0.603597	0.603627	0.603606	0.603585	0.603634	0.603683	0.603667	0.603651	0.60373	0.603808	0.603792	0.603775	0.603898	0.604021	0.603995	0.60397	0.604148	0.604326	0.604274	0.604223	0.604454	0.604686	0.604584	0.604482	0.604733	0.604984	0.6048	0.604616	0.604871	0.605127	0.605331	0.605535	0.605497	0.605459	0.60521	0.604961	0.604701	0.604442	0.604386	0.60433	0.604318	0.604307	0.604234	0.604161	0.604127	0.604093	0.604029	0.603965	0.603932	0.603898	0.603845	0.603791	0.603773	0.603755	0.60371	0.603666	0.603665	0.603664	0.603629	0.603593	0.603608	0.603622	0.603595	0.603568	0.603597	
0.603576	0.603604	0.603583	0.603562	0.603607	0.603653	0.603633	0.603613	0.603687	0.603761	0.603738	0.603715	0.603833	0.603952	0.603919	0.603886	0.604061	0.604237	0.604181	0.604126	0.604356	0.604585	0.604486	0.604386	0.604635	0.604884	0.604719	0.604554	0.6049	0.605246	0.605454	0.605663	0.605642	0.605622	0.605307	0.604992	0.604698	0.604404	0.604312	0.604219	0.604214	0.604208	0.604133	0.604057	0.604024	0.60399	0.603935	0.603881	0.603847	0.603814	0.603772	0.60373	0.603712	0.603695	0.60366	0.603626	0.603626	0.603626	0.603597	0.603568	0.603583	0.603597	0.603573	0.603548	0.603576	
0.603555	0.603581	0.60356	0.603538	0.60358	0.603622	0.603598	0.603575	0.603644	0.603714	0.603684	0.603655	0.603769	0.603883	0.603843	0.603802	0.603975	0.604148	0.604088	0.604028	0.604257	0.604485	0.604388	0.604291	0.604537	0.604783	0.604637	0.604491	0.604928	0.605364	0.605577	0.60579	0.605787	0.605784	0.605403	0.605023	0.604695	0.604367	0.604238	0.604108	0.604109	0.60411	0.604032	0.603954	0.603921	0.603888	0.603842	0.603796	0.603763	0.603729	0.603699	0.603669	0.603652	0.603636	0.603611	0.603586	0.603587	0.603589	0.603566	0.603543	0.603558	0.603572	0.603551	0.603529	0.603555	
0.603524	0.603553	0.603527	0.603501	0.603543	0.603585	0.603554	0.603524	0.603592	0.60366	0.603619	0.603579	0.603694	0.603808	0.603752	0.603695	0.603879	0.604062	0.603979	0.603895	0.604157	0.604418	0.604293	0.604167	0.604479	0.60479	0.604593	0.604395	0.604878	0.605361	0.60565	0.605938	0.606012	0.606086	0.605581	0.605076	0.604679	0.604283	0.604194	0.604105	0.604062	0.60402	0.603947	0.603874	0.603828	0.603782	0.603739	0.603696	0.603668	0.603641	0.603613	0.603585	0.603579	0.603574	0.60355	0.603527	0.603538	0.603548	0.603525	0.603502	0.603523	0.603543	0.603519	0.603496	0.603524	
0.603493	0.603524	0.603494	0.603464	0.603506	0.603548	0.60351	0.603473	0.603539	0.603605	0.603554	0.603504	0.603619	0.603733	0.603661	0.603588	0.603782	0.603976	0.603869	0.603762	0.604057	0.604351	0.604197	0.604043	0.604421	0.604798	0.604548	0.604299	0.604828	0.605358	0.605722	0.606086	0.606236	0.606387	0.605758	0.605129	0.604664	0.6042	0.60415	0.604101	0.604016	0.60393	0.603862	0.603794	0.603736	0.603677	0.603636	0.603596	0.603574	0.603552	0.603526	0.603501	0.603506	0.603512	0.60349	0.603468	0.603488	0.603508	0.603485	0.603461	0.603488	0.603514	0.603488	0.603463	0.603493	
0.603469	0.603498	0.603468	0.603437	0.603474	0.603512	0.60347	0.603429	0.603489	0.603549	0.603493	0.603437	0.603545	0.603653	0.60358	0.603508	0.603696	0.603884	0.603795	0.603707	0.603996	0.604285	0.604189	0.604092	0.604441	0.60479	0.604593	0.604396	0.604534	0.604673	0.605041	0.60541	0.60587	0.60633	0.605705	0.605081	0.604695	0.604309	0.604228	0.604147	0.604041	0.603936	0.603835	0.603734	0.603663	0.603593	0.603549	0.603505	0.603482	0.603458	0.603442	0.603426	0.603433	0.60344	0.603429	0.603418	0.60344	0.603462	0.603446	0.603431	0.603458	0.603484	0.603462	0.60344	0.603469	
0.603444	0.603472	0.603441	0.60341	0.603443	0.603476	0.60343	0.603385	0.603439	0.603492	0.603431	0.603371	0.603471	0.603572	0.6035	0.603427	0.603609	0.603791	0.603721	0.603652	0.603936	0.60422	0.60418	0.60414	0.604461	0.604782	0.604638	0.604494	0.60424	0.603987	0.604361	0.604734	0.605504	0.606273	0.605653	0.605033	0.604725	0.604418	0.604305	0.604193	0.604067	0.603941	0.603807	0.603673	0.603591	0.603509	0.603462	0.603415	0.603389	0.603364	0.603358	0.603352	0.60336	0.603369	0.603369	0.603369	0.603392	0.603416	0.603408	0.6034	0.603427	0.603455	0.603436	0.603417	0.603444	
0.60342	0.603451	0.603415	0.603378	0.603412	0.603445	0.603391	0.603337	0.60339	0.603443	0.603367	0.603292	0.603397	0.603502	0.603405	0.603308	0.603513	0.603719	0.603612	0.603505	0.60385	0.604195	0.604116	0.604037	0.604466	0.604896	0.60467	0.604444	0.604103	0.603762	0.604248	0.604733	0.604881	0.605028	0.604684	0.604339	0.604277	0.604215	0.604273	0.604332	0.604142	0.603951	0.603791	0.603631	0.603521	0.603411	0.60336	0.60331	0.603289	0.603269	0.603264	0.60326	0.603282	0.603305	0.603307	0.603308	0.603344	0.603379	0.603371	0.603363	0.603397	0.603432	0.603411	0.603389	0.60342	
0.603396	0.60343	0.603388	0.603347	0.603381	0.603415	0.603352	0.603289	0.603341	0.603394	0.603303	0.603213	0.603322	0.603431	0.603311	0.60319	0.603418	0.603646	0.603502	0.603358	0.603765	0.604171	0.604053	0.603934	0.604472	0.605009	0.604701	0.604393	0.603965	0.603537	0.604135	0.604732	0.604258	0.603783	0.603714	0.603645	0.603829	0.604012	0.604241	0.604471	0.604216	0.603962	0.603776	0.60359	0.603451	0.603313	0.603259	0.603206	0.60319	0.603173	0.603171	0.603168	0.603205	0.603242	0.603244	0.603247	0.603295	0.603343	0.603334	0.603326	0.603367	0.603409	0.603385	0.603362	0.603396	
0.60337	0.603402	0.603361	0.60332	0.603347	0.603374	0.603308	0.603243	0.603284	0.603324	0.603233	0.603142	0.603232	0.603323	0.603215	0.603107	0.603306	0.603506	0.603411	0.603316	0.603672	0.604028	0.604023	0.604018	0.604419	0.60482	0.604754	0.604689	0.604046	0.603404	0.605129	0.606855	0.604903	0.60295	0.602764	0.602577	0.603316	0.604055	0.604292	0.604529	0.604257	0.603985	0.603745	0.603506	0.603359	0.603213	0.60315	0.603086	0.603073	0.603059	0.603067	0.603075	0.603116	0.603157	0.603173	0.60319	0.603241	0.603292	0.603292	0.603293	0.603335	0.603378	0.603358	0.603339	0.60337	
0.603345	0.603374	0.603333	0.603292	0.603312	0.603333	0.603265	0.603198	0.603226	0.603254	0.603162	0.60307	0.603143	0.603215	0.60312	0.603024	0.603195	0.603365	0.603319	0.603274	0.60358	0.603885	0.603994	0.604102	0.604366	0.60463	0.604807	0.604984	0.604127	0.603271	0.606124	0.608977	0.605547	0.602118	0.601813	0.601509	0.602804	0.604099	0.604343	0.604587	0.604297	0.604008	0.603715	0.603422	0.603267	0.603113	0.60304	0.602967	0.602956	0.602945	0.602964	0.602983	0.603028	0.603073	0.603103	0.603132	0.603186	0.60324	0.60325	0.60326	0.603303	0.603347	0.603332	0.603316	0.603345	
0.603331	0.603364	0.603317	0.60327	0.603292	0.603313	0.603234	0.603156	0.603185	0.603215	0.603102	0.602989	0.603068	0.603148	0.603016	0.602884	0.603085	0.603286	0.603183	0.60308	0.603472	0.603865	0.603861	0.603857	0.604316	0.604776	0.604968	0.60516	0.604797	0.604435	0.607311	0.610188	0.606242	0.602296	0.601756	0.601217	0.602781	0.604346	0.604492	0.604637	0.604322	0.604007	0.60364	0.603273	0.603128	0.602983	0.602893	0.602804	0.60282	0.602836	0.602855	0.602873	0.602943	0.603012	0.603042	0.603072	0.603142	0.603213	0.603221	0.60323	0.603282	0.603335	0.603316	0.603297	0.603331	
0.603316	0.603354	0.603301	0.603247	0.603271	0.603294	0.603204	0.603114	0.603144	0.603175	0.603041	0.602907	0.602994	0.60308	0.602912	0.602743	0.602975	0.603207	0.603047	0.602886	0.603365	0.603844	0.603728	0.603612	0.604267	0.604921	0.605128	0.605336	0.605467	0.605599	0.608498	0.611398	0.606936	0.602474	0.6017	0.600926	0.602759	0.604593	0.60464	0.604687	0.604347	0.604007	0.603566	0.603125	0.602989	0.602853	0.602747	0.602641	0.602684	0.602728	0.602746	0.602763	0.602857	0.602951	0.602982	0.603012	0.603099	0.603185	0.603192	0.603199	0.603261	0.603322	0.6033	0.603278	0.603316	
0.603296	0.60333	0.603279	0.603227	0.60324	0.603253	0.603164	0.603075	0.603086	0.603097	0.602969	0.60284	0.602894	0.602948	0.602802	0.602656	0.602837	0.603019	0.602923	0.602828	0.60325	0.603672	0.603693	0.603714	0.604297	0.60488	0.605053	0.605226	0.604479	0.603732	0.606663	0.609595	0.607004	0.604413	0.602774	0.601135	0.602921	0.604706	0.604838	0.604969	0.604502	0.604034	0.603535	0.603036	0.602862	0.602689	0.602596	0.602504	0.602544	0.602585	0.602626	0.602667	0.602764	0.602861	0.60291	0.602958	0.603047	0.603137	0.603155	0.603173	0.603234	0.603296	0.603279	0.603262	0.603296	
0.603276	0.603306	0.603257	0.603207	0.60321	0.603212	0.603124	0.603037	0.603028	0.60302	0.602896	0.602772	0.602794	0.602815	0.602691	0.602568	0.6027	0.602831	0.6028	0.60277	0.603135	0.603501	0.603659	0.603816	0.604328	0.60484	0.604978	0.605117	0.603491	0.601866	0.604828	0.607791	0.607072	0.606353	0.603849	0.601345	0.603082	0.604819	0.605035	0.605251	0.604656	0.604061	0.603504	0.602947	0.602736	0.602525	0.602446	0.602367	0.602404	0.602441	0.602506	0.602571	0.602671	0.602771	0.602838	0.602904	0.602996	0.603088	0.603117	0.603146	0.603208	0.60327	0.603258	0.603247	0.603276	
0.603276	0.603311	0.603254	0.603198	0.603204	0.60321	0.603109	0.603007	0.603002	0.602997	0.602848	0.602699	0.602728	0.602756	0.602586	0.602415	0.602575	0.602735	0.602627	0.602518	0.60298	0.603442	0.603462	0.603481	0.604338	0.605194	0.605423	0.605652	0.603799	0.601945	0.603436	0.604928	0.605443	0.605958	0.605507	0.605057	0.605384	0.605711	0.605351	0.604992	0.604449	0.603906	0.603263	0.602621	0.602499	0.602377	0.602264	0.60215	0.60225	0.60235	0.602405	0.602459	0.602596	0.602732	0.602794	0.602857	0.602968	0.603079	0.603104	0.603129	0.603201	0.603273	0.603257	0.603241	0.603276	
0.603276	0.603317	0.603252	0.603188	0.603198	0.603208	0.603093	0.602978	0.602976	0.602975	0.6028	0.602626	0.602662	0.602698	0.60248	0.602262	0.602451	0.60264	0.602454	0.602267	0.602825	0.603383	0.603265	0.603146	0.604347	0.605549	0.605868	0.606187	0.604106	0.602024	0.602044	0.602064	0.603813	0.605562	0.607166	0.60877	0.607687	0.606603	0.605668	0.604732	0.604242	0.603751	0.603023	0.602295	0.602262	0.602229	0.602081	0.601933	0.602096	0.60226	0.602304	0.602347	0.602521	0.602694	0.602751	0.602809	0.60294	0.60307	0.603092	0.603113	0.603195	0.603277	0.603256	0.603235	0.603276	
0.603269	0.603304	0.603244	0.603184	0.603181	0.603177	0.603068	0.602959	0.602932	0.602905	0.602741	0.602578	0.60257	0.602562	0.60237	0.602178	0.602297	0.602416	0.602282	0.602149	0.602613	0.603078	0.603062	0.603046	0.604149	0.605252	0.605385	0.605518	0.604414	0.603309	0.602152	0.600995	0.602524	0.604053	0.606259	0.608465	0.607213	0.60596	0.605081	0.604201	0.603738	0.603275	0.602655	0.602035	0.601994	0.601952	0.601876	0.6018	0.601955	0.602109	0.602194	0.602278	0.602449	0.60262	0.602699	0.602778	0.602908	0.603039	0.603071	0.603104	0.603184	0.603263	0.603249	0.603234	0.603269	
0.603263	0.603291	0.603236	0.60318	0.603163	0.603147	0.603043	0.602939	0.602887	0.602835	0.602683	0.602531	0.602479	0.602426	0.60226	0.602094	0.602143	0.602192	0.602111	0.60203	0.602401	0.602773	0.602859	0.602946	0.603951	0.604955	0.604902	0.604849	0.604721	0.604594	0.60226	0.599926	0.601235	0.602544	0.605352	0.60816	0.606739	0.605318	0.604494	0.60367	0.603235	0.602799	0.602288	0.601776	0.601726	0.601676	0.601671	0.601667	0.601813	0.601958	0.602084	0.602209	0.602377	0.602545	0.602646	0.602748	0.602877	0.603007	0.603051	0.603095	0.603173	0.60325	0.603242	0.603234	0.603263	
0.60328	0.603315	0.603251	0.603188	0.603177	0.603167	0.60305	0.602932	0.602886	0.602841	0.602663	0.602485	0.602439	0.602392	0.60218	0.601968	0.602025	0.602081	0.601927	0.601772	0.602162	0.602552	0.602537	0.602521	0.603576	0.604631	0.604288	0.603946	0.604966	0.605987	0.603582	0.601177	0.601584	0.601992	0.603748	0.605504	0.605087	0.60467	0.603858	0.603047	0.60271	0.602374	0.601879	0.601384	0.601447	0.60151	0.601493	0.601476	0.601695	0.601913	0.602023	0.602134	0.60234	0.602547	0.602639	0.602731	0.602878	0.603025	0.603063	0.6031	0.603187	0.603273	0.603259	0.603244	0.60328	
0.603297	0.603338	0.603267	0.603195	0.603191	0.603187	0.603056	0.602926	0.602886	0.602846	0.602643	0.602439	0.602399	0.602358	0.6021	0.601842	0.601906	0.601971	0.601742	0.601514	0.601923	0.602332	0.602214	0.602096	0.603201	0.604306	0.603674	0.603043	0.605211	0.607379	0.604903	0.602427	0.601934	0.601441	0.602144	0.602847	0.603434	0.604021	0.603223	0.602424	0.602187	0.601949	0.60147	0.600991	0.601168	0.601345	0.601315	0.601285	0.601577	0.601868	0.601963	0.602059	0.602304	0.602549	0.602632	0.602714	0.602879	0.603044	0.603074	0.603105	0.603201	0.603296	0.603276	0.603255	0.603297	
0.603309	0.603343	0.603278	0.603213	0.603195	0.603178	0.603056	0.602934	0.60287	0.602806	0.602616	0.602427	0.602343	0.602259	0.602023	0.601787	0.601778	0.601769	0.601569	0.601369	0.601678	0.601988	0.601843	0.601698	0.602669	0.60364	0.602976	0.602313	0.605045	0.607777	0.606127	0.604476	0.60355	0.602623	0.602911	0.603198	0.60321	0.603221	0.602738	0.602255	0.601859	0.601464	0.601165	0.600866	0.600993	0.601119	0.60118	0.60124	0.601507	0.601773	0.601913	0.602053	0.602286	0.602519	0.602621	0.602724	0.602883	0.603041	0.603082	0.603123	0.603213	0.603303	0.603289	0.603275	0.603309	
0.603321	0.603347	0.603289	0.60323	0.603199	0.603168	0.603055	0.602942	0.602854	0.602765	0.60259	0.602415	0.602287	0.602159	0.601946	0.601733	0.60165	0.601567	0.601395	0.601224	0.601433	0.601643	0.601472	0.601301	0.602137	0.602974	0.602278	0.601583	0.604879	0.608175	0.60735	0.606525	0.605165	0.603806	0.603677	0.603549	0.602985	0.602421	0.602254	0.602087	0.601532	0.600978	0.600859	0.600741	0.600817	0.600894	0.601045	0.601196	0.601436	0.601677	0.601862	0.602046	0.602267	0.602488	0.602611	0.602735	0.602887	0.603039	0.60309	0.603141	0.603225	0.60331	0.603303	0.603295	0.603321	
0.603354	0.603388	0.603322	0.603256	0.603234	0.603212	0.603088	0.602964	0.602886	0.602808	0.602612	0.602415	0.602294	0.602173	0.60192	0.601667	0.60158	0.601493	0.601268	0.601043	0.601207	0.601372	0.601214	0.601057	0.601682	0.602308	0.601746	0.601184	0.603405	0.605626	0.605471	0.605316	0.604151	0.602986	0.603158	0.603329	0.602718	0.602107	0.601667	0.601227	0.601001	0.600774	0.600564	0.600354	0.600597	0.600839	0.600953	0.601067	0.601387	0.601706	0.601869	0.602032	0.602285	0.602538	0.602648	0.602757	0.602921	0.603086	0.603127	0.603169	0.60326	0.603351	0.603336	0.603321	0.603354	
0.603388	0.603428	0.603355	0.603281	0.603269	0.603257	0.603121	0.602985	0.602918	0.602851	0.602633	0.602415	0.602301	0.602188	0.601895	0.601602	0.601511	0.60142	0.601141	0.600863	0.600981	0.6011	0.600956	0.600813	0.601228	0.601643	0.601214	0.600785	0.601931	0.603076	0.603591	0.604106	0.603136	0.602166	0.602638	0.60311	0.602452	0.601793	0.601081	0.600368	0.600469	0.600571	0.600269	0.599967	0.600376	0.600785	0.600862	0.600939	0.601337	0.601735	0.601876	0.602018	0.602303	0.602589	0.602684	0.602779	0.602956	0.603132	0.603164	0.603196	0.603294	0.603392	0.60337	0.603347	0.603388	
0.603419	0.603451	0.603385	0.603319	0.603296	0.603272	0.603148	0.603023	0.602936	0.602849	0.602646	0.602444	0.602293	0.602143	0.601867	0.601591	0.601428	0.601266	0.601002	0.600738	0.600743	0.600748	0.600705	0.600663	0.600915	0.601167	0.600682	0.600197	0.600937	0.601678	0.602202	0.602727	0.602149	0.601572	0.602122	0.602671	0.60197	0.601269	0.600755	0.600241	0.600206	0.60017	0.600036	0.599901	0.60027	0.600638	0.600813	0.600989	0.601355	0.601721	0.601902	0.602083	0.602348	0.602613	0.602724	0.602834	0.602998	0.603162	0.603202	0.603241	0.60333	0.603419	0.603403	0.603387	0.603419	
0.60345	0.603473	0.603415	0.603358	0.603322	0.603287	0.603174	0.603061	0.602954	0.602847	0.60266	0.602472	0.602285	0.602098	0.601839	0.60158	0.601346	0.601112	0.600863	0.600614	0.600505	0.600396	0.600454	0.600513	0.600602	0.600691	0.60015	0.599609	0.599944	0.60028	0.600814	0.601347	0.601163	0.600979	0.601606	0.602233	0.601489	0.600744	0.600429	0.600115	0.599942	0.599769	0.599803	0.599836	0.600163	0.600491	0.600765	0.601039	0.601373	0.601707	0.601928	0.602148	0.602393	0.602637	0.602763	0.602889	0.603041	0.603192	0.603239	0.603286	0.603366	0.603446	0.603436	0.603427	0.60345	
0.603493	0.603524	0.60346	0.603396	0.603374	0.603351	0.60323	0.603109	0.603019	0.60293	0.602726	0.602523	0.60235	0.602177	0.601881	0.601586	0.601355	0.601125	0.600811	0.600498	0.600415	0.600333	0.600417	0.600502	0.600663	0.600824	0.600274	0.599723	0.599735	0.599748	0.599967	0.600185	0.599837	0.599488	0.599743	0.599998	0.600283	0.600569	0.600049	0.599529	0.599585	0.599641	0.599613	0.599585	0.600054	0.600524	0.600778	0.601031	0.60142	0.601809	0.602009	0.602209	0.602469	0.602729	0.602839	0.602948	0.603103	0.603259	0.603295	0.60333	0.603414	0.603498	0.60348	0.603462	0.603493	
0.603536	0.603575	0.603505	0.603434	0.603425	0.603415	0.603287	0.603158	0.603085	0.603012	0.602793	0.602574	0.602415	0.602257	0.601924	0.601592	0.601365	0.601138	0.60076	0.600381	0.600325	0.60027	0.60038	0.600491	0.600724	0.600958	0.600397	0.599837	0.599527	0.599216	0.59912	0.599023	0.59851	0.597998	0.59788	0.597763	0.599078	0.600393	0.599669	0.598944	0.599229	0.599513	0.599423	0.599334	0.599946	0.600557	0.60079	0.601023	0.601467	0.601911	0.60209	0.60227	0.602546	0.602821	0.602914	0.603007	0.603166	0.603326	0.60335	0.603374	0.603461	0.603549	0.603523	0.603498	0.603536	
0.60358	0.60361	0.603548	0.603487	0.603469	0.603451	0.603335	0.60322	0.603134	0.603048	0.602846	0.602644	0.60246	0.602276	0.601958	0.60164	0.601355	0.601069	0.600694	0.600318	0.60017	0.600023	0.600197	0.600372	0.600599	0.600825	0.600715	0.600604	0.600212	0.599821	0.599143	0.598466	0.597935	0.597404	0.597092	0.596781	0.598157	0.599533	0.599146	0.59876	0.598958	0.599155	0.599274	0.599393	0.599969	0.600546	0.600859	0.601173	0.60158	0.601988	0.602193	0.602397	0.602646	0.602896	0.602996	0.603096	0.603239	0.603381	0.603409	0.603437	0.603514	0.60359	0.60357	0.60355	0.60358	
0.603623	0.603645	0.603592	0.60354	0.603513	0.603486	0.603384	0.603282	0.603183	0.603085	0.6029	0.602715	0.602505	0.602295	0.601991	0.601688	0.601344	0.601001	0.600627	0.600254	0.600015	0.599777	0.600015	0.600253	0.600473	0.600693	0.601032	0.601371	0.600898	0.600425	0.599167	0.597908	0.597359	0.596809	0.596304	0.595799	0.597235	0.598672	0.598624	0.598576	0.598687	0.598797	0.599124	0.599452	0.599993	0.600534	0.600929	0.601323	0.601694	0.602065	0.602295	0.602524	0.602747	0.60297	0.603078	0.603186	0.603311	0.603436	0.603468	0.603501	0.603566	0.603631	0.603616	0.603601	0.603623	
0.603665	0.603695	0.603638	0.603581	0.60357	0.603559	0.603454	0.603348	0.603272	0.603196	0.603004	0.602813	0.602628	0.602444	0.602116	0.601789	0.601457	0.601126	0.600677	0.600228	0.599958	0.599688	0.59978	0.599871	0.600209	0.600547	0.601019	0.601491	0.600883	0.600275	0.598907	0.597539	0.597029	0.596518	0.596342	0.596165	0.597232	0.598299	0.598181	0.598063	0.598397	0.598731	0.599128	0.599525	0.600135	0.600745	0.601115	0.601485	0.601866	0.602247	0.602448	0.60265	0.60287	0.60309	0.603178	0.603265	0.603387	0.60351	0.603529	0.603547	0.603614	0.603681	0.603658	0.603636	0.603665	
0.603708	0.603745	0.603684	0.603623	0.603627	0.603631	0.603523	0.603415	0.603361	0.603307	0.603109	0.602911	0.602752	0.602592	0.602241	0.60189	0.60157	0.60125	0.600727	0.600203	0.599901	0.5996	0.599544	0.599489	0.599945	0.600402	0.601007	0.601611	0.600868	0.600124	0.598647	0.597171	0.596699	0.596227	0.596379	0.596531	0.597229	0.597927	0.597738	0.59755	0.598107	0.598665	0.599132	0.599599	0.600277	0.600955	0.601301	0.601648	0.602038	0.602428	0.602602	0.602776	0.602994	0.603211	0.603278	0.603344	0.603464	0.603583	0.603589	0.603594	0.603662	0.603731	0.603701	0.60367	0.603708	
0.603754	0.603783	0.603731	0.60368	0.603679	0.603677	0.603584	0.603491	0.603433	0.603375	0.603198	0.603022	0.602853	0.602684	0.602355	0.602025	0.601676	0.601327	0.6008	0.600274	0.599867	0.599459	0.599295	0.599131	0.599488	0.599846	0.600453	0.601061	0.60014	0.599219	0.597809	0.596399	0.596171	0.595942	0.596277	0.596613	0.596985	0.597356	0.597396	0.597435	0.598078	0.598721	0.599317	0.599912	0.600534	0.601155	0.601526	0.601896	0.602242	0.602587	0.602766	0.602944	0.60313	0.603316	0.603382	0.603449	0.603549	0.603649	0.603655	0.603662	0.603719	0.603775	0.603749	0.603724	0.603754	
