x=115	y=200	z=200	n=65	len=1
b
0	0	0	0	0	0	0	0	0	0	0	0	0	0	0	0	0	0	0	0	0	0	0	0	0	0	0	0	0	0	0	0	0	0	0	0	0	0	0	0	0	0	0	0	0	0	0	0	0	0	0	0	0	0	0	0	0	0	0	0	0	0	0	0	0	
0.0235488	0.0235441	0.0235499	0.0235557	0.0235573	0.0235588	0.0235665	0.0235743	0.0235755	0.0235767	0.0235832	0.0235897	0.0235833	0.023577	0.0235798	0.0235825	0.0235721	0.0235617	0.0235662	0.0235708	0.023569	0.0235673	0.0235799	0.0235925	0.0235961	0.0235997	0.0236042	0.0236087	0.0236046	0.0236005	0.0236044	0.0236084	0.0236029	0.0235973	0.0236125	0.0236277	0.0236201	0.0236126	0.0236283	0.0236439	0.0236131	0.0235823	0.0235837	0.0235852	0.0235699	0.0235545	0.0235555	0.0235565	0.0235648	0.0235732	0.0235727	0.0235722	0.0235787	0.0235852	0.0235828	0.0235803	0.023575	0.0235697	0.0235687	0.0235677	0.0235581	0.0235485	0.023551	0.0235535	0.0235488	
0.0470905	0.0470819	0.0470921	0.0471024	0.0471062	0.04711	0.0471236	0.0471372	0.0471409	0.0471446	0.0471567	0.0471687	0.0471578	0.0471469	0.047153	0.0471591	0.0471386	0.0471181	0.0471271	0.0471361	0.047131	0.047126	0.0471499	0.0471738	0.0471802	0.0471867	0.0471979	0.0472092	0.0471995	0.0471897	0.0472012	0.0472126	0.0471999	0.0471871	0.0472192	0.0472514	0.0472303	0.0472092	0.0472404	0.0472715	0.0472098	0.0471482	0.0471529	0.0471576	0.0471312	0.0471048	0.0471068	0.0471088	0.0471258	0.0471427	0.0471411	0.0471395	0.0471506	0.0471616	0.0471571	0.0471525	0.0471409	0.0471293	0.0471281	0.047127	0.0471082	0.0470895	0.0470943	0.0470992	0.0470905	
0.0706323	0.0706197	0.0706344	0.070649	0.0706551	0.0706611	0.0706806	0.0707001	0.0707063	0.0707124	0.0707301	0.0707478	0.0707323	0.0707168	0.0707262	0.0707356	0.0707051	0.0706746	0.070688	0.0707014	0.0706931	0.0706847	0.0707199	0.0707552	0.0707644	0.0707736	0.0707916	0.0708097	0.0707944	0.070779	0.0707979	0.0708167	0.0707969	0.070777	0.070826	0.070875	0.0708404	0.0708058	0.0708524	0.070899	0.0708065	0.0707141	0.070722	0.07073	0.0706925	0.0706551	0.0706581	0.0706612	0.0706868	0.0707123	0.0707096	0.0707068	0.0707224	0.070738	0.0707313	0.0707247	0.0707068	0.070689	0.0706876	0.0706862	0.0706583	0.0706305	0.0706377	0.0706449	0.0706323	
0.0941717	0.0941562	0.0941727	0.0941893	0.0941978	0.0942064	0.0942276	0.0942487	0.0942591	0.0942694	0.0942902	0.0943111	0.0942947	0.0942784	0.0942921	0.0943058	0.094266	0.0942262	0.0942436	0.094261	0.0942436	0.0942263	0.0942671	0.094308	0.0943158	0.0943237	0.0943492	0.0943746	0.0943504	0.0943262	0.0943595	0.0943928	0.0943642	0.0943357	0.0943994	0.0944631	0.0944066	0.0943502	0.0944093	0.0944684	0.0943565	0.0942446	0.094257	0.0942694	0.0942376	0.0942058	0.0942071	0.0942084	0.0942448	0.0942812	0.0942753	0.0942693	0.0942851	0.0943008	0.0942939	0.0942869	0.0942613	0.0942357	0.0942369	0.0942381	0.0942024	0.0941668	0.094177	0.0941871	0.0941717	
0.117711	0.117693	0.117711	0.117729	0.117741	0.117752	0.117775	0.117797	0.117812	0.117826	0.11785	0.117874	0.117857	0.11784	0.117858	0.117876	0.117827	0.117778	0.117799	0.117821	0.117794	0.117768	0.117814	0.117861	0.117867	0.117874	0.117907	0.11794	0.117906	0.117873	0.117921	0.117969	0.117932	0.117894	0.117973	0.118051	0.117973	0.117895	0.117966	0.118038	0.117906	0.117775	0.117792	0.117809	0.117783	0.117757	0.117756	0.117756	0.117803	0.11785	0.117841	0.117832	0.117848	0.117864	0.117856	0.117849	0.117816	0.117782	0.117786	0.11779	0.117747	0.117703	0.117716	0.117729	0.117711	
0.141243	0.141224	0.14124	0.141257	0.14127	0.141283	0.141302	0.14132	0.14134	0.14136	0.141382	0.141405	0.141392	0.14138	0.141402	0.141425	0.141371	0.141317	0.141344	0.141372	0.141331	0.14129	0.141338	0.141386	0.141385	0.141385	0.141418	0.141452	0.141405	0.141358	0.141432	0.141506	0.141451	0.141397	0.141486	0.141574	0.141465	0.141357	0.141446	0.141535	0.141407	0.141278	0.141298	0.141319	0.141315	0.141311	0.141304	0.141296	0.141351	0.141406	0.141392	0.141378	0.141388	0.141398	0.141393	0.141389	0.141348	0.141307	0.141317	0.141326	0.141278	0.141231	0.141247	0.141262	0.141243	
0.164775	0.164755	0.16477	0.164784	0.1648	0.164815	0.164829	0.164843	0.164868	0.164894	0.164914	0.164935	0.164927	0.164919	0.164946	0.164974	0.164915	0.164855	0.164889	0.164923	0.164868	0.164813	0.164862	0.164912	0.164904	0.164895	0.164929	0.164964	0.164903	0.164842	0.164942	0.165042	0.164971	0.1649	0.164998	0.165097	0.164958	0.164819	0.164926	0.165033	0.164907	0.164781	0.164805	0.164829	0.164847	0.164866	0.164851	0.164836	0.164899	0.164962	0.164943	0.164925	0.164929	0.164932	0.16493	0.164929	0.16488	0.164832	0.164847	0.164861	0.16481	0.164759	0.164777	0.164795	0.164775	
0.188321	0.188301	0.188311	0.188321	0.188336	0.18835	0.188355	0.18836	0.188388	0.188415	0.188429	0.188442	0.188442	0.188442	0.188471	0.1885	0.188444	0.188388	0.188431	0.188474	0.188404	0.188333	0.188387	0.188441	0.188416	0.18839	0.188408	0.188427	0.188346	0.188265	0.188376	0.188487	0.188386	0.188285	0.188396	0.188508	0.188363	0.188219	0.188351	0.188483	0.188397	0.188311	0.188325	0.188338	0.188387	0.188437	0.188407	0.188377	0.188439	0.1885	0.188479	0.188458	0.188452	0.188446	0.188451	0.188456	0.188405	0.188355	0.188376	0.188398	0.188349	0.1883	0.18832	0.18834	0.188321	
0.211866	0.211847	0.211853	0.211858	0.211871	0.211885	0.211881	0.211878	0.211907	0.211937	0.211943	0.211949	0.211957	0.211965	0.211996	0.212026	0.211973	0.21192	0.211973	0.212025	0.211939	0.211854	0.211912	0.211971	0.211928	0.211886	0.211888	0.211889	0.211788	0.211688	0.21181	0.211932	0.211801	0.21167	0.211794	0.211919	0.211768	0.211618	0.211776	0.211933	0.211887	0.211841	0.211845	0.211848	0.211928	0.212007	0.211963	0.211918	0.211978	0.212038	0.212014	0.211991	0.211975	0.211959	0.211971	0.211984	0.21193	0.211877	0.211906	0.211935	0.211888	0.21184	0.211862	0.211885	0.211866	
0.235428	0.235412	0.235412	0.235412	0.23542	0.235428	0.235415	0.235402	0.235426	0.235451	0.235445	0.23544	0.235454	0.235468	0.235493	0.235518	0.235478	0.235438	0.235499	0.23556	0.235469	0.235379	0.235455	0.23553	0.235473	0.235415	0.235404	0.235393	0.235273	0.235153	0.235183	0.235213	0.235047	0.234881	0.235083	0.235286	0.23519	0.235094	0.235261	0.235428	0.235439	0.23545	0.235415	0.235381	0.235476	0.235572	0.235511	0.23545	0.235497	0.235543	0.235524	0.235504	0.235483	0.235462	0.235482	0.235502	0.235457	0.235412	0.235445	0.235477	0.23544	0.235403	0.235424	0.235444	0.235428	
0.25899	0.258976	0.258971	0.258966	0.258968	0.258971	0.258948	0.258926	0.258946	0.258965	0.258948	0.25893	0.258951	0.258971	0.25899	0.259009	0.258982	0.258956	0.259025	0.259094	0.258999	0.258905	0.258997	0.25909	0.259017	0.258945	0.258921	0.258897	0.258758	0.258619	0.258556	0.258493	0.258292	0.258092	0.258372	0.258653	0.258611	0.25857	0.258747	0.258923	0.258991	0.259058	0.258986	0.258913	0.259025	0.259136	0.259058	0.258981	0.259015	0.259049	0.259033	0.259017	0.25899	0.258964	0.258992	0.259021	0.258984	0.258948	0.258984	0.25902	0.258993	0.258965	0.258985	0.259004	0.25899	
0.282586	0.282575	0.282567	0.28256	0.282553	0.282546	0.282521	0.282495	0.282501	0.282506	0.28248	0.282453	0.282469	0.282485	0.28249	0.282496	0.282486	0.282476	0.28254	0.282603	0.282525	0.282446	0.282561	0.282675	0.282608	0.28254	0.282568	0.282596	0.282441	0.282285	0.281976	0.281666	0.281434	0.281202	0.281683	0.282165	0.282267	0.282369	0.282462	0.282555	0.282637	0.282718	0.282593	0.282468	0.282566	0.282664	0.282587	0.28251	0.282528	0.282546	0.282542	0.282538	0.282519	0.2825	0.282532	0.282565	0.282547	0.28253	0.282561	0.282593	0.282581	0.282568	0.282582	0.282597	0.282586	
0.306181	0.306173	0.306163	0.306154	0.306137	0.306121	0.306093	0.306064	0.306056	0.306047	0.306011	0.305976	0.305988	0.306	0.305991	0.305982	0.305989	0.305996	0.306055	0.306113	0.30605	0.305988	0.306124	0.306261	0.306198	0.306136	0.306216	0.306295	0.306123	0.305951	0.305395	0.304839	0.304576	0.304313	0.304995	0.305677	0.305922	0.306168	0.306178	0.306188	0.306283	0.306378	0.3062	0.306022	0.306107	0.306192	0.306115	0.306039	0.306041	0.306044	0.306052	0.30606	0.306048	0.306036	0.306072	0.306108	0.30611	0.306111	0.306139	0.306166	0.306169	0.306171	0.30618	0.306189	0.306181	
0.329794	0.329791	0.329782	0.329772	0.32975	0.329727	0.329705	0.329682	0.329657	0.329631	0.329597	0.329562	0.329556	0.32955	0.329528	0.329506	0.329515	0.329524	0.329559	0.329594	0.329558	0.329521	0.329651	0.32978	0.329743	0.329705	0.329881	0.330056	0.329968	0.32988	0.32916	0.32844	0.328201	0.327961	0.328776	0.329592	0.329886	0.33018	0.329991	0.329802	0.329862	0.329923	0.329733	0.329542	0.329608	0.329674	0.329621	0.329568	0.329575	0.329581	0.329597	0.329613	0.329626	0.329638	0.329663	0.329688	0.329714	0.329739	0.329751	0.329763	0.32978	0.329798	0.329798	0.329798	0.329794	
0.353408	0.353408	0.3534	0.353391	0.353362	0.353333	0.353317	0.3533	0.353258	0.353216	0.353183	0.353149	0.353125	0.3531	0.353065	0.353029	0.353041	0.353052	0.353064	0.353075	0.353065	0.353054	0.353177	0.3533	0.353288	0.353275	0.353545	0.353816	0.353812	0.353808	0.352924	0.352041	0.351826	0.35161	0.352558	0.353507	0.35385	0.354193	0.353804	0.353416	0.353442	0.353469	0.353265	0.353062	0.353109	0.353156	0.353127	0.353098	0.353108	0.353119	0.353143	0.353167	0.353203	0.35324	0.353254	0.353268	0.353317	0.353366	0.353363	0.35336	0.353392	0.353424	0.353415	0.353407	0.353408	
0.377032	0.377039	0.377032	0.377026	0.377001	0.376977	0.37697	0.376963	0.376918	0.376872	0.376851	0.37683	0.376787	0.376744	0.37671	0.376675	0.376665	0.376655	0.376643	0.37663	0.37663	0.37663	0.376695	0.376761	0.37675	0.37674	0.377042	0.377344	0.377472	0.3776	0.376929	0.376259	0.37628	0.376301	0.376975	0.377649	0.377724	0.3778	0.377285	0.37677	0.376818	0.376866	0.376742	0.376618	0.376661	0.376705	0.376708	0.376711	0.376742	0.376773	0.376789	0.376805	0.376862	0.376919	0.376912	0.376905	0.376964	0.377024	0.377004	0.376983	0.377021	0.377058	0.377042	0.377026	0.377032	
0.400657	0.400669	0.400664	0.40066	0.40064	0.40062	0.400623	0.400627	0.400577	0.400528	0.400519	0.40051	0.400449	0.400388	0.400355	0.400321	0.40029	0.400259	0.400222	0.400186	0.400196	0.400206	0.400213	0.400221	0.400213	0.400206	0.400539	0.400872	0.401132	0.401392	0.400934	0.400477	0.400734	0.400992	0.401391	0.401791	0.401599	0.401407	0.400765	0.400124	0.400193	0.400263	0.400218	0.400173	0.400213	0.400253	0.400288	0.400323	0.400376	0.400428	0.400435	0.400443	0.400521	0.400599	0.40057	0.400542	0.400612	0.400681	0.400644	0.400607	0.40065	0.400692	0.400669	0.400646	0.400657	
0.424267	0.424286	0.424279	0.424273	0.424272	0.424271	0.424275	0.42428	0.424253	0.424227	0.424227	0.424227	0.424176	0.424124	0.424105	0.424086	0.424031	0.423977	0.423946	0.423915	0.423886	0.423858	0.423852	0.423846	0.423795	0.423744	0.423931	0.424118	0.424367	0.424615	0.424402	0.424189	0.424801	0.425413	0.425185	0.424957	0.424648	0.42434	0.423918	0.423497	0.423666	0.423835	0.423846	0.423857	0.423924	0.423992	0.424015	0.424038	0.424109	0.424181	0.424159	0.424138	0.424214	0.424289	0.424242	0.424194	0.424253	0.424313	0.424268	0.424224	0.424262	0.4243	0.424274	0.424248	0.424267	
0.447876	0.447903	0.447894	0.447886	0.447903	0.447921	0.447927	0.447933	0.447929	0.447925	0.447935	0.447945	0.447902	0.447859	0.447855	0.44785	0.447772	0.447694	0.447669	0.447644	0.447577	0.44751	0.44749	0.44747	0.447376	0.447283	0.447323	0.447364	0.447601	0.447838	0.44787	0.447902	0.448869	0.449835	0.448979	0.448123	0.447698	0.447273	0.447071	0.446869	0.447138	0.447407	0.447474	0.447541	0.447636	0.447731	0.447742	0.447753	0.447843	0.447934	0.447883	0.447833	0.447906	0.447979	0.447913	0.447846	0.447895	0.447944	0.447892	0.44784	0.447874	0.447908	0.447879	0.44785	0.447876	
0.471477	0.47151	0.471494	0.471479	0.47152	0.47156	0.471553	0.471546	0.471583	0.47162	0.47162	0.47162	0.47163	0.471641	0.471639	0.471637	0.471597	0.471557	0.471548	0.471539	0.471455	0.471371	0.47138	0.471389	0.471285	0.471182	0.471115	0.471047	0.471258	0.471469	0.471756	0.472042	0.47264	0.473238	0.472221	0.471204	0.470962	0.470721	0.470862	0.471004	0.471176	0.471349	0.471401	0.471452	0.471524	0.471597	0.471574	0.471551	0.471606	0.471662	0.471599	0.471536	0.471571	0.471605	0.471545	0.471486	0.471508	0.471531	0.47149	0.471448	0.471472	0.471496	0.47147	0.471445	0.471477	
0.495078	0.495116	0.495094	0.495073	0.495136	0.495198	0.495179	0.49516	0.495237	0.495315	0.495305	0.495296	0.495359	0.495422	0.495424	0.495425	0.495422	0.495419	0.495426	0.495434	0.495333	0.495232	0.49527	0.495307	0.495194	0.495081	0.494906	0.49473	0.494915	0.4951	0.495641	0.496183	0.496412	0.496641	0.495463	0.494285	0.494227	0.494169	0.494653	0.495138	0.495215	0.495291	0.495328	0.495364	0.495413	0.495463	0.495406	0.495349	0.495369	0.495389	0.495315	0.49524	0.495235	0.495231	0.495178	0.495125	0.495122	0.495118	0.495087	0.495056	0.49507	0.495084	0.495062	0.495039	0.495078	
0.518658	0.518698	0.518669	0.518641	0.518712	0.518783	0.518747	0.518712	0.518813	0.518914	0.518883	0.518852	0.518968	0.519083	0.519066	0.519048	0.519134	0.51922	0.519218	0.519215	0.519197	0.519179	0.519217	0.519255	0.519075	0.518895	0.519108	0.51932	0.519205	0.51909	0.519885	0.52068	0.520514	0.520348	0.51953	0.518712	0.518877	0.519042	0.519089	0.519135	0.519197	0.51926	0.51922	0.519181	0.519175	0.51917	0.519094	0.519018	0.518985	0.518952	0.51889	0.518829	0.518796	0.518763	0.51873	0.518698	0.518683	0.518668	0.518651	0.518633	0.518645	0.518656	0.518637	0.518618	0.518658	
0.542238	0.54228	0.542244	0.542208	0.542288	0.542367	0.542316	0.542265	0.542389	0.542513	0.542461	0.542409	0.542576	0.542744	0.542708	0.542671	0.542847	0.543022	0.543009	0.542996	0.543061	0.543127	0.543164	0.543202	0.542956	0.54271	0.54331	0.543909	0.543495	0.543081	0.544129	0.545177	0.544617	0.544056	0.543598	0.54314	0.543527	0.543915	0.543524	0.543133	0.54318	0.543228	0.543113	0.542998	0.542938	0.542877	0.542782	0.542687	0.5426	0.542514	0.542466	0.542419	0.542356	0.542294	0.542282	0.54227	0.542244	0.542218	0.542214	0.54221	0.542219	0.542228	0.542212	0.542196	0.542238	
0.565794	0.565831	0.565795	0.56576	0.565824	0.565888	0.565835	0.565783	0.565886	0.56599	0.565929	0.565868	0.566026	0.566184	0.566128	0.566071	0.566282	0.566492	0.566455	0.566417	0.566622	0.566827	0.56683	0.566833	0.56687	0.566908	0.56713	0.567353	0.567118	0.566882	0.567623	0.568365	0.568411	0.568458	0.568016	0.567574	0.567492	0.56741	0.567147	0.566883	0.566814	0.566746	0.566612	0.566478	0.566368	0.566258	0.566182	0.566106	0.56602	0.565935	0.565908	0.565882	0.565837	0.565793	0.56579	0.565787	0.565777	0.565766	0.565763	0.56576	0.565775	0.56579	0.565774	0.565757	0.565794	
0.58935	0.589382	0.589346	0.589311	0.58936	0.589409	0.589355	0.589301	0.589384	0.589468	0.589398	0.589328	0.589476	0.589624	0.589548	0.589472	0.589717	0.589963	0.5899	0.589838	0.590182	0.590527	0.590496	0.590464	0.590785	0.591105	0.590951	0.590797	0.59074	0.590684	0.591118	0.591552	0.592206	0.592859	0.592434	0.592009	0.591457	0.590906	0.59077	0.590633	0.590448	0.590264	0.59011	0.589957	0.589798	0.589638	0.589582	0.589525	0.58944	0.589355	0.589351	0.589346	0.589318	0.589291	0.589297	0.589303	0.589309	0.589315	0.589312	0.589309	0.589331	0.589353	0.589335	0.589317	0.58935	
0.612848	0.612873	0.612845	0.612817	0.612841	0.612865	0.612826	0.612788	0.612824	0.61286	0.612807	0.612754	0.612825	0.612897	0.612827	0.612756	0.612898	0.61304	0.612959	0.612878	0.613124	0.613369	0.613305	0.61324	0.613571	0.613902	0.613747	0.613591	0.613337	0.613083	0.613415	0.613747	0.61449	0.615234	0.614482	0.613731	0.613559	0.613388	0.613302	0.613217	0.613137	0.613057	0.612947	0.612837	0.61281	0.612782	0.612743	0.612704	0.612719	0.612733	0.612723	0.612713	0.612745	0.612777	0.612769	0.612761	0.612796	0.612831	0.612817	0.612803	0.612834	0.612864	0.612844	0.612823	0.612848	
0.636347	0.636364	0.636344	0.636323	0.636322	0.636321	0.636298	0.636276	0.636263	0.636251	0.636216	0.63618	0.636175	0.636169	0.636105	0.636041	0.636079	0.636117	0.636018	0.635919	0.636065	0.63621	0.636113	0.636016	0.636357	0.636699	0.636542	0.636386	0.635934	0.635482	0.635712	0.635956	0.636953	0.637835	0.637036	0.635452	0.635661	0.63587	0.635835	0.635801	0.635825	0.63585	0.635783	0.635716	0.635822	0.635927	0.635905	0.635883	0.635997	0.636111	0.636096	0.63608	0.636171	0.636263	0.636241	0.636218	0.636283	0.636347	0.636322	0.636297	0.636337	0.636376	0.636352	0.636329	0.636347	
0.65979	0.659802	0.659788	0.659774	0.659764	0.659753	0.659742	0.659732	0.659699	0.659666	0.659649	0.659631	0.659579	0.659526	0.659486	0.659446	0.659378	0.65931	0.659235	0.65916	0.659068	0.658976	0.6589	0.658825	0.658601	0.658377	0.658497	0.658617	0.658917	0.659216	0.659597	0.659224	0.658973	0.658802	0.659021	0.659133	0.658885	0.658637	0.658212	0.657787	0.658356	0.658925	0.658822	0.65872	0.659004	0.659287	0.659254	0.65922	0.659393	0.659566	0.659538	0.65951	0.659618	0.659727	0.659697	0.659666	0.659733	0.6598	0.659773	0.659745	0.659782	0.659819	0.659798	0.659777	0.65979	
0.683232	0.68324	0.683233	0.683226	0.683206	0.683185	0.683186	0.683188	0.683134	0.683081	0.683082	0.683082	0.682983	0.682884	0.682867	0.68285	0.682677	0.682503	0.682452	0.682401	0.682071	0.681741	0.681687	0.681634	0.680844	0.680055	0.680451	0.680848	0.681899	0.682804	0.683077	0.683925	0.683354	0.682662	0.683548	0.68268	0.681872	0.681404	0.680589	0.679773	0.680886	0.681999	0.681862	0.681724	0.682186	0.682648	0.682603	0.682558	0.68279	0.683021	0.68298	0.68294	0.683066	0.683192	0.683153	0.683114	0.683184	0.683254	0.683224	0.683193	0.683228	0.683263	0.683244	0.683225	0.683232	
0.706658	0.706663	0.706658	0.706652	0.706643	0.706635	0.706632	0.70663	0.706604	0.706579	0.706577	0.706575	0.706527	0.706479	0.706471	0.706462	0.706382	0.706302	0.706278	0.706253	0.70611	0.705967	0.705936	0.705906	0.705521	0.705137	0.70524	0.705343	0.705633	0.706212	0.707018	0.709199	0.723406	0.707658	0.707118	0.706044	0.705524	0.7057	0.705352	0.705004	0.705614	0.706224	0.706101	0.705979	0.706206	0.706433	0.706388	0.706342	0.706456	0.706569	0.706539	0.706509	0.706572	0.706636	0.706613	0.706591	0.706628	0.706665	0.706649	0.706633	0.706653	0.706673	0.706662	0.706652	0.706658	
0.730083	0.730087	0.730082	0.730078	0.730081	0.730084	0.730078	0.730073	0.730075	0.730076	0.730072	0.730068	0.730071	0.730075	0.730074	0.730074	0.730088	0.730102	0.730104	0.730105	0.730149	0.730192	0.730185	0.730178	0.730199	0.73022	0.730029	0.729839	0.729367	0.728966	0.72908	0.729531	0.754773	0.726956	0.728234	0.729015	0.729873	0.729995	0.730115	0.730235	0.730342	0.730448	0.730341	0.730233	0.730226	0.730219	0.730173	0.730127	0.730121	0.730116	0.730097	0.730077	0.730079	0.73008	0.730074	0.730068	0.730072	0.730076	0.730075	0.730073	0.730078	0.730083	0.730081	0.730079	0.730083	
0.753557	0.753559	0.753557	0.753555	0.753568	0.75358	0.753575	0.753571	0.753597	0.753623	0.753623	0.753623	0.753671	0.75372	0.753732	0.753744	0.753835	0.753927	0.753952	0.753977	0.754158	0.75434	0.754334	0.754329	0.754741	0.755153	0.754945	0.754738	0.754374	0.755186	0.754172	0.753238	0.76382	0.75831	0.755617	0.755739	0.755539	0.754848	0.755139	0.755429	0.754925	0.75442	0.754405	0.754389	0.75419	0.75399	0.753959	0.753929	0.75383	0.753731	0.753718	0.753706	0.753655	0.753604	0.753606	0.753607	0.753582	0.753557	0.753563	0.753568	0.753559	0.75355	0.753553	0.753556	0.753557	
0.777032	0.777031	0.777032	0.777032	0.777054	0.777075	0.777072	0.777069	0.777119	0.777169	0.777173	0.777177	0.777271	0.777364	0.777389	0.777415	0.777583	0.777751	0.7778	0.777849	0.778168	0.778487	0.778483	0.778479	0.779283	0.780086	0.779861	0.779636	0.779381	0.77917	0.77856	0.777439	0.775175	0.778631	0.7792	0.779137	0.779223	0.779701	0.780162	0.780623	0.779508	0.778393	0.778469	0.778546	0.778153	0.77776	0.777746	0.777732	0.777538	0.777345	0.77734	0.777335	0.777231	0.777127	0.777137	0.777147	0.777093	0.777038	0.777051	0.777064	0.77704	0.777017	0.777025	0.777033	0.777032	
0.800561	0.800553	0.800563	0.800573	0.800577	0.800581	0.800596	0.80061	0.800626	0.800641	0.800668	0.800694	0.800718	0.800743	0.800787	0.800831	0.800854	0.800877	0.800929	0.800981	0.800985	0.800989	0.800986	0.800983	0.801039	0.801095	0.800749	0.800403	0.80058	0.799918	0.800418	0.801101	0.800704	0.800417	0.79936	0.799404	0.800331	0.800558	0.801154	0.80175	0.801377	0.801003	0.801113	0.801224	0.801085	0.800946	0.80096	0.800975	0.800879	0.800784	0.800786	0.800788	0.800721	0.800653	0.800659	0.800666	0.800622	0.800579	0.800588	0.800598	0.800574	0.800551	0.80056	0.80057	0.800561	
0.824091	0.824074	0.824094	0.824114	0.824101	0.824087	0.824119	0.824151	0.824132	0.824114	0.824162	0.82421	0.824166	0.824121	0.824184	0.824247	0.824125	0.824003	0.824058	0.824114	0.823802	0.82349	0.823488	0.823487	0.822795	0.822104	0.821637	0.82117	0.821778	0.822329	0.822785	0.823065	0.824045	0.823914	0.822562	0.822038	0.822184	0.821416	0.822146	0.822877	0.823245	0.823614	0.823758	0.823901	0.824016	0.824131	0.824174	0.824217	0.82422	0.824223	0.824232	0.824241	0.82421	0.824179	0.824181	0.824184	0.824152	0.82412	0.824126	0.824132	0.824108	0.824085	0.824096	0.824107	0.824091	
0.847625	0.847601	0.847628	0.847655	0.847614	0.847572	0.847614	0.847656	0.847585	0.847514	0.847567	0.847621	0.847498	0.847376	0.847431	0.847485	0.847275	0.847065	0.847108	0.847151	0.846816	0.846482	0.846524	0.846566	0.846194	0.845823	0.845924	0.846026	0.846418	0.846299	0.845948	0.844966	0.844928	0.845744	0.845897	0.845798	0.845954	0.846133	0.846242	0.84635	0.84656	0.84677	0.846842	0.846913	0.847085	0.847257	0.847299	0.84734	0.847429	0.847518	0.847533	0.847548	0.847582	0.847616	0.847619	0.847623	0.847628	0.847632	0.847638	0.847643	0.847632	0.847621	0.847635	0.847649	0.847625	
0.871159	0.871127	0.871162	0.871197	0.871127	0.871057	0.871109	0.871161	0.871037	0.870914	0.870973	0.871031	0.870831	0.870631	0.870677	0.870723	0.870425	0.870126	0.870157	0.870188	0.869831	0.869474	0.869559	0.869645	0.869594	0.869542	0.870212	0.870881	0.871057	0.871233	0.869782	0.868332	0.868606	0.86888	0.869484	0.870088	0.870469	0.870851	0.870337	0.869823	0.869875	0.869927	0.869926	0.869925	0.870155	0.870384	0.870423	0.870463	0.870639	0.870814	0.870835	0.870856	0.870955	0.871053	0.871058	0.871062	0.871104	0.871145	0.871149	0.871154	0.871156	0.871157	0.871174	0.87119	0.871159	
0.894707	0.894671	0.894706	0.894741	0.894665	0.894588	0.894635	0.894681	0.894559	0.894436	0.894485	0.894533	0.894363	0.894193	0.894235	0.894278	0.894084	0.893889	0.893935	0.89398	0.893869	0.893757	0.893823	0.893889	0.894159	0.894429	0.894412	0.894395	0.894445	0.894495	0.894011	0.893526	0.893502	0.893479	0.893473	0.893467	0.89383	0.894194	0.894313	0.894433	0.894252	0.894071	0.894064	0.894056	0.894106	0.894157	0.894174	0.894192	0.894286	0.89438	0.8944	0.89442	0.894494	0.894568	0.894581	0.894594	0.894632	0.894671	0.894683	0.894696	0.894698	0.894699	0.894721	0.894742	0.894707	
0.918254	0.918215	0.91825	0.918286	0.918203	0.91812	0.918161	0.918202	0.91808	0.917958	0.917996	0.918035	0.917895	0.917755	0.917794	0.917833	0.917742	0.917652	0.917712	0.917773	0.917907	0.91804	0.918086	0.918132	0.918724	0.919316	0.918612	0.917909	0.917833	0.917758	0.918239	0.91872	0.918399	0.918078	0.917462	0.916846	0.917192	0.917537	0.91829	0.919043	0.918629	0.918215	0.918201	0.918187	0.918058	0.91793	0.917925	0.917921	0.917933	0.917946	0.917965	0.917985	0.918034	0.918082	0.918104	0.918126	0.918161	0.918197	0.918217	0.918238	0.91824	0.918241	0.918268	0.918294	0.918254	
0.941837	0.9418	0.941828	0.941857	0.941796	0.941736	0.941761	0.941786	0.941711	0.941637	0.941656	0.941676	0.941614	0.941553	0.941575	0.941597	0.941595	0.941592	0.941629	0.941665	0.941787	0.94191	0.941892	0.941875	0.942092	0.942309	0.941995	0.94168	0.941625	0.941569	0.941649	0.941729	0.941488	0.941248	0.941178	0.941109	0.941189	0.941269	0.941668	0.942067	0.941927	0.941787	0.941848	0.941909	0.941808	0.941707	0.941732	0.941757	0.941709	0.941661	0.941696	0.941731	0.94172	0.941709	0.941745	0.941781	0.94178	0.941779	0.94181	0.941841	0.941828	0.941815	0.941844	0.941873	0.941837	
0.965419	0.965386	0.965407	0.965427	0.965389	0.965351	0.96536	0.965369	0.965343	0.965317	0.965317	0.965317	0.965334	0.96535	0.965356	0.965361	0.965447	0.965533	0.965545	0.965556	0.965668	0.965779	0.965699	0.965618	0.965461	0.965303	0.965377	0.965451	0.965416	0.96538	0.965059	0.964738	0.964577	0.964417	0.964894	0.965372	0.965186	0.965001	0.965046	0.965092	0.965225	0.965358	0.965495	0.965631	0.965558	0.965484	0.965538	0.965593	0.965485	0.965376	0.965427	0.965477	0.965406	0.965336	0.965386	0.965435	0.965398	0.96536	0.965402	0.965444	0.965416	0.965389	0.96542	0.965452	0.965419	
0.989053	0.989026	0.989039	0.989051	0.989039	0.989028	0.989024	0.989019	0.989031	0.989042	0.989031	0.989019	0.98906	0.989101	0.989097	0.989092	0.989147	0.989202	0.989194	0.989186	0.989208	0.98923	0.989146	0.989063	0.988991	0.98892	0.989053	0.989187	0.989317	0.989448	0.98892	0.988392	0.988271	0.98815	0.988844	0.989539	0.989209	0.988879	0.988889	0.9889	0.988865	0.988831	0.988958	0.989084	0.989068	0.989052	0.989124	0.989197	0.989124	0.989051	0.989112	0.989174	0.989093	0.989011	0.98907	0.989128	0.989067	0.989005	0.989053	0.989101	0.989059	0.989018	0.989049	0.98908	0.989053	
1.01269	1.01267	1.01267	1.01268	1.01269	1.0127	1.01269	1.01267	1.01272	1.01277	1.01275	1.01272	1.01279	1.01285	1.01284	1.01282	1.01285	1.01287	1.01284	1.01282	1.01275	1.01268	1.01259	1.01251	1.01252	1.01254	1.01273	1.01292	1.01322	1.01352	1.01278	1.01205	1.01196	1.01188	1.01279	1.01371	1.01323	1.01276	1.01273	1.01271	1.01251	1.0123	1.01242	1.01254	1.01258	1.01262	1.01271	1.0128	1.01276	1.01272	1.0128	1.01287	1.01278	1.01269	1.01275	1.01282	1.01274	1.01265	1.0127	1.01276	1.0127	1.01265	1.01268	1.01271	1.01269	
1.03633	1.03631	1.03631	1.03631	1.03634	1.03636	1.03634	1.03632	1.03637	1.03642	1.0364	1.03638	1.03641	1.03645	1.03644	1.03643	1.03642	1.03641	1.03639	1.03637	1.03635	1.03632	1.03628	1.03623	1.0364	1.03657	1.03656	1.03655	1.0367	1.03685	1.03647	1.03609	1.0359	1.03571	1.03624	1.03677	1.03663	1.03648	1.03663	1.03677	1.03647	1.03616	1.0362	1.03625	1.03623	1.03622	1.03627	1.03633	1.03633	1.03632	1.03638	1.03644	1.03638	1.03632	1.03638	1.03644	1.03637	1.0363	1.03634	1.03639	1.03634	1.03629	1.03632	1.03634	1.03633	
1.05997	1.05996	1.05996	1.05995	1.05998	1.06002	1.05999	1.05997	1.06002	1.06006	1.06005	1.06003	1.06004	1.06005	1.06005	1.06004	1.05999	1.05994	1.05993	1.05992	1.05994	1.05996	1.05996	1.05996	1.06028	1.06061	1.06039	1.06018	1.06018	1.06019	1.06016	1.06014	1.05983	1.05953	1.05969	1.05984	1.06002	1.0602	1.06052	1.06084	1.06042	1.06001	1.05999	1.05996	1.05989	1.05982	1.05983	1.05985	1.05989	1.05992	1.05996	1.06	1.05998	1.05996	1.06001	1.06005	1.06	1.05994	1.05998	1.06002	1.05998	1.05994	1.05995	1.05997	1.05997	
1.08358	1.08358	1.08357	1.08357	1.08359	1.08362	1.0836	1.08359	1.08361	1.08363	1.08363	1.08362	1.08361	1.0836	1.08359	1.08359	1.08357	1.08355	1.08353	1.08351	1.08363	1.08374	1.08369	1.08364	1.08392	1.0842	1.08393	1.08365	1.08363	1.08362	1.08371	1.08381	1.08355	1.08329	1.08333	1.08336	1.08348	1.08361	1.08393	1.08425	1.08399	1.08373	1.08374	1.08376	1.08362	1.08348	1.08348	1.08347	1.08349	1.08351	1.08352	1.08353	1.08354	1.08355	1.08358	1.0836	1.08358	1.08356	1.08358	1.08361	1.08358	1.08356	1.08357	1.08358	1.08358	
1.10719	1.1072	1.10719	1.10718	1.1072	1.10722	1.10721	1.1072	1.1072	1.1072	1.1072	1.1072	1.10717	1.10714	1.10714	1.10714	1.10715	1.10716	1.10713	1.1071	1.10731	1.10752	1.10743	1.10733	1.10756	1.10779	1.10746	1.10712	1.10708	1.10705	1.10726	1.10748	1.10727	1.10706	1.10697	1.10688	1.10695	1.10701	1.10734	1.10766	1.10756	1.10745	1.1075	1.10755	1.10735	1.10715	1.10712	1.10709	1.10709	1.10709	1.10708	1.10706	1.1071	1.10715	1.10715	1.10715	1.10716	1.10717	1.10718	1.10719	1.10719	1.10718	1.10718	1.10718	1.10719	
1.13075	1.13076	1.13075	1.13074	1.13075	1.13076	1.13076	1.13075	1.13074	1.13073	1.13074	1.13074	1.13072	1.1307	1.1307	1.13069	1.13075	1.1308	1.13076	1.13072	1.13094	1.13117	1.13104	1.13091	1.13104	1.13117	1.13089	1.13061	1.13054	1.13047	1.13076	1.13104	1.13095	1.13087	1.13073	1.13059	1.13051	1.13042	1.13069	1.13095	1.13095	1.13096	1.13105	1.13115	1.13097	1.13078	1.13076	1.13073	1.13071	1.13068	1.13065	1.13061	1.13066	1.13071	1.13069	1.13066	1.1307	1.13074	1.13073	1.13071	1.13073	1.13075	1.13074	1.13073	1.13075	
1.1543	1.15432	1.15431	1.1543	1.1543	1.1543	1.1543	1.15431	1.15428	1.15426	1.15427	1.15428	1.15427	1.15426	1.15425	1.15424	1.15435	1.15445	1.15439	1.15434	1.15457	1.15481	1.15465	1.1545	1.15452	1.15455	1.15432	1.1541	1.154	1.1539	1.15425	1.1546	1.15464	1.15468	1.1545	1.15431	1.15407	1.15383	1.15403	1.15423	1.15435	1.15447	1.15461	1.15475	1.15458	1.15442	1.1544	1.15438	1.15433	1.15427	1.15422	1.15416	1.15421	1.15427	1.15422	1.15418	1.15424	1.1543	1.15427	1.15424	1.15428	1.15432	1.1543	1.15428	1.1543	
1.17782	1.17784	1.17783	1.17782	1.17782	1.17782	1.17782	1.17782	1.17781	1.17779	1.1778	1.1778	1.17782	1.17783	1.17782	1.1778	1.17792	1.17805	1.17798	1.1779	1.17809	1.17828	1.17812	1.17797	1.17793	1.1779	1.17777	1.17763	1.17755	1.17746	1.1778	1.17814	1.17823	1.17832	1.17813	1.17794	1.17767	1.1774	1.17753	1.17765	1.17776	1.17788	1.17803	1.17818	1.17807	1.17796	1.17796	1.17797	1.1779	1.17784	1.17779	1.17773	1.17777	1.17781	1.17776	1.1777	1.17777	1.17784	1.17779	1.17775	1.1778	1.17785	1.17782	1.17779	1.17782	
1.20133	1.20137	1.20135	1.20134	1.20134	1.20133	1.20134	1.20134	1.20133	1.20132	1.20132	1.20133	1.20137	1.20141	1.20138	1.20135	1.2015	1.20165	1.20156	1.20147	1.20161	1.20174	1.2016	1.20145	1.20135	1.20125	1.20121	1.20117	1.2011	1.20102	1.20135	1.20167	1.20182	1.20196	1.20176	1.20157	1.20127	1.20098	1.20102	1.20107	1.20118	1.20128	1.20144	1.2016	1.20155	1.20149	1.20152	1.20155	1.20148	1.20141	1.20136	1.20131	1.20133	1.20136	1.20129	1.20122	1.2013	1.20137	1.20131	1.20125	1.20132	1.20138	1.20134	1.2013	1.20133	
1.22483	1.22486	1.22485	1.22483	1.22484	1.22484	1.22484	1.22484	1.22485	1.22486	1.22485	1.22485	1.22491	1.22498	1.22494	1.22489	1.22503	1.22517	1.22508	1.22499	1.22506	1.22514	1.22502	1.22491	1.22479	1.22468	1.2247	1.22473	1.22468	1.22464	1.22488	1.22513	1.22526	1.22538	1.22523	1.22508	1.22484	1.22459	1.22459	1.22459	1.22466	1.22472	1.22486	1.22501	1.22499	1.22497	1.22501	1.22506	1.225	1.22494	1.2249	1.22487	1.22488	1.22489	1.22482	1.22475	1.22482	1.22488	1.22482	1.22475	1.22482	1.22488	1.22484	1.22479	1.22483	
1.24832	1.24836	1.24834	1.24832	1.24834	1.24835	1.24835	1.24834	1.24837	1.2484	1.24838	1.24837	1.24845	1.24854	1.24849	1.24844	1.24856	1.24869	1.2486	1.2485	1.24852	1.24854	1.24845	1.24837	1.24824	1.2481	1.24819	1.24828	1.24826	1.24825	1.24842	1.24858	1.24869	1.24881	1.2487	1.24859	1.2484	1.24821	1.24817	1.24812	1.24814	1.24816	1.24828	1.24841	1.24842	1.24844	1.24851	1.24857	1.24853	1.24848	1.24845	1.24843	1.24843	1.24843	1.24836	1.24829	1.24834	1.2484	1.24833	1.24826	1.24832	1.24838	1.24833	1.24828	1.24832	
1.27183	1.27187	1.27184	1.27182	1.27185	1.27188	1.27187	1.27185	1.2719	1.27195	1.27192	1.2719	1.27199	1.27209	1.27203	1.27197	1.27207	1.27217	1.27209	1.272	1.27199	1.27197	1.27191	1.27186	1.27174	1.27163	1.27173	1.27184	1.27184	1.27184	1.27195	1.27205	1.27213	1.27221	1.27214	1.27207	1.27194	1.27181	1.27175	1.27169	1.27168	1.27167	1.27176	1.27186	1.27188	1.27191	1.27198	1.27206	1.27202	1.27199	1.27198	1.27197	1.27196	1.27196	1.2719	1.27184	1.27188	1.27192	1.27185	1.27178	1.27183	1.27189	1.27184	1.27179	1.27183	
1.29534	1.29538	1.29535	1.29532	1.29536	1.2954	1.29538	1.29536	1.29543	1.2955	1.29546	1.29543	1.29553	1.29563	1.29557	1.2955	1.29558	1.29566	1.29558	1.2955	1.29545	1.2954	1.29537	1.29535	1.29525	1.29515	1.29527	1.29539	1.29542	1.29544	1.29548	1.29552	1.29557	1.29562	1.29558	1.29555	1.29548	1.29542	1.29533	1.29525	1.29521	1.29518	1.29524	1.29531	1.29534	1.29538	1.29546	1.29554	1.29552	1.2955	1.29551	1.29551	1.2955	1.29549	1.29544	1.29538	1.29541	1.29544	1.29537	1.2953	1.29535	1.2954	1.29534	1.29529	1.29534	
1.31886	1.31891	1.31887	1.31884	1.31889	1.31894	1.31892	1.3189	1.31897	1.31904	1.31901	1.31897	1.31906	1.31916	1.3191	1.31903	1.31909	1.31914	1.31907	1.31901	1.31895	1.31889	1.31888	1.31887	1.3188	1.31872	1.31883	1.31894	1.31896	1.31899	1.319	1.319	1.31904	1.31907	1.31905	1.31904	1.31901	1.31898	1.3189	1.31882	1.31878	1.31874	1.31878	1.31883	1.31886	1.31888	1.31896	1.31903	1.31903	1.31902	1.31903	1.31905	1.31904	1.31902	1.31898	1.31894	1.31895	1.31897	1.31891	1.31885	1.31888	1.31892	1.31887	1.31882	1.31886	
1.34239	1.34243	1.3424	1.34237	1.34243	1.34248	1.34245	1.34243	1.34251	1.34259	1.34255	1.34251	1.3426	1.34269	1.34263	1.34256	1.34259	1.34262	1.34257	1.34251	1.34244	1.34237	1.34239	1.3424	1.34234	1.34229	1.34239	1.34249	1.34251	1.34254	1.34252	1.34249	1.34251	1.34252	1.34252	1.34252	1.34253	1.34254	1.34247	1.3424	1.34235	1.3423	1.34232	1.34234	1.34237	1.34239	1.34246	1.34253	1.34253	1.34253	1.34256	1.34258	1.34257	1.34255	1.34252	1.34249	1.3425	1.3425	1.34245	1.34239	1.34242	1.34245	1.3424	1.34235	1.34239	
1.36595	1.36599	1.36596	1.36593	1.36599	1.36604	1.36602	1.36599	1.36607	1.36615	1.36611	1.36606	1.36614	1.36622	1.36617	1.36611	1.36612	1.36614	1.3661	1.36605	1.36599	1.36592	1.36595	1.36597	1.36593	1.36588	1.36597	1.36605	1.36607	1.36609	1.36606	1.36603	1.36604	1.36605	1.36605	1.36606	1.36608	1.3661	1.36604	1.36598	1.36593	1.36589	1.3659	1.36591	1.36592	1.36594	1.366	1.36606	1.36606	1.36607	1.3661	1.36613	1.36611	1.3661	1.36608	1.36606	1.36606	1.36605	1.36601	1.36596	1.36598	1.366	1.36596	1.36592	1.36595	
1.38952	1.38955	1.38952	1.38949	1.38955	1.38961	1.38958	1.38955	1.38962	1.3897	1.38966	1.38962	1.38969	1.38976	1.3897	1.38965	1.38966	1.38966	1.38963	1.38959	1.38953	1.38948	1.3895	1.38953	1.38951	1.38948	1.38954	1.38961	1.38963	1.38965	1.38961	1.38958	1.38958	1.38957	1.38958	1.38959	1.38962	1.38965	1.38961	1.38956	1.38952	1.38948	1.38948	1.38948	1.38948	1.38949	1.38954	1.38959	1.3896	1.38961	1.38964	1.38967	1.38966	1.38965	1.38964	1.38962	1.38962	1.38961	1.38957	1.38953	1.38955	1.38956	1.38952	1.38948	1.38952	
1.4131	1.41313	1.4131	1.41308	1.41313	1.41318	1.41315	1.41313	1.41319	1.41326	1.41323	1.41319	1.41324	1.4133	1.41326	1.41321	1.41321	1.41321	1.41319	1.41316	1.41311	1.41307	1.41309	1.41312	1.4131	1.41308	1.41313	1.41318	1.41319	1.41321	1.41318	1.41315	1.41314	1.41314	1.41315	1.41316	1.41319	1.41322	1.41318	1.41314	1.41311	1.41308	1.41308	1.41307	1.41308	1.41308	1.41312	1.41316	1.41317	1.41317	1.4132	1.41323	1.41322	1.41321	1.4132	1.41319	1.41319	1.41318	1.41315	1.41312	1.41313	1.41314	1.4131	1.41307	1.4131	
1.43669	1.43671	1.43669	1.43667	1.43671	1.43675	1.43673	1.43671	1.43676	1.43682	1.43679	1.43676	1.4368	1.43684	1.43681	1.43677	1.43677	1.43676	1.43675	1.43673	1.43669	1.43666	1.43668	1.4367	1.43669	1.43669	1.43672	1.43675	1.43676	1.43677	1.43674	1.43672	1.43671	1.43671	1.43672	1.43672	1.43675	1.43678	1.43675	1.43673	1.4367	1.43668	1.43668	1.43667	1.43667	1.43667	1.4367	1.43672	1.43673	1.43674	1.43676	1.43679	1.43678	1.43677	1.43677	1.43677	1.43676	1.43675	1.43673	1.43671	1.43671	1.43671	1.43669	1.43666	1.43669	
1.4603	1.46031	1.4603	1.46028	1.46031	1.46034	1.46032	1.46031	1.46035	1.46038	1.46036	1.46034	1.46037	1.4604	1.46037	1.46035	1.46035	1.46034	1.46033	1.46032	1.4603	1.46027	1.46029	1.46031	1.4603	1.4603	1.46032	1.46034	1.46034	1.46035	1.46033	1.46032	1.46031	1.46031	1.46032	1.46032	1.46034	1.46036	1.46034	1.46032	1.46031	1.46029	1.46029	1.46028	1.46028	1.46028	1.4603	1.46032	1.46032	1.46033	1.46034	1.46036	1.46036	1.46035	1.46035	1.46035	1.46034	1.46034	1.46032	1.46031	1.46031	1.46031	1.4603	1.46028	1.4603	
1.4839	1.48391	1.4839	1.48389	1.48391	1.48393	1.48392	1.48391	1.48393	1.48395	1.48394	1.48393	1.48394	1.48395	1.48394	1.48393	1.48393	1.48392	1.48392	1.48392	1.4839	1.48389	1.4839	1.48391	1.48391	1.48391	1.48392	1.48392	1.48393	1.48393	1.48392	1.48391	1.48391	1.48391	1.48391	1.48391	1.48392	1.48393	1.48393	1.48392	1.48391	1.4839	1.4839	1.4839	1.4839	1.48389	1.4839	1.48391	1.48391	1.48392	1.48393	1.48393	1.48393	1.48393	1.48393	1.48393	1.48393	1.48392	1.48392	1.48391	1.48391	1.48391	1.4839	1.48389	1.4839	
1.50751	1.50751	1.50751	1.50751	1.50751	1.50751	1.50751	1.50751	1.50751	1.50751	1.50751	1.50751	1.50751	1.50751	1.50751	1.50751	1.50751	1.50751	1.50751	1.50751	1.50751	1.50751	1.50751	1.50751	1.50751	1.50751	1.50751	1.50751	1.50751	1.50751	1.50751	1.50751	1.50751	1.50751	1.50751	1.50751	1.50751	1.50751	1.50751	1.50751	1.50751	1.50751	1.50751	1.50751	1.50751	1.50751	1.50751	1.50751	1.50751	1.50751	1.50751	1.50751	1.50751	1.50751	1.50751	1.50751	1.50751	1.50751	1.50751	1.50751	1.50751	1.50751	1.50751	1.50751	1.50751	
