x=110	y=200	z=200	n=65	len=1
b
0	0	0	0	0	0	0	0	0	0	0	0	0	0	0	0	0	0	0	0	0	0	0	0	0	0	0	0	0	0	0	0	0	0	0	0	0	0	0	0	0	0	0	0	0	0	0	0	0	0	0	0	0	0	0	0	0	0	0	0	0	0	0	0	0	
0.0235332	0.0235322	0.0235329	0.0235336	0.0235353	0.0235371	0.0235402	0.0235434	0.0235476	0.0235518	0.0235588	0.0235657	0.0235711	0.0235766	0.0235867	0.0235969	0.0235997	0.0236025	0.0236116	0.0236207	0.0236156	0.0236104	0.0236137	0.023617	0.0236046	0.0235923	0.0235924	0.0235925	0.0235845	0.0235764	0.0235789	0.0235813	0.0235791	0.0235769	0.0235756	0.0235742	0.023578	0.0235817	0.0235856	0.0235895	0.0235969	0.0236044	0.0236075	0.0236106	0.0236119	0.0236132	0.0236111	0.0236091	0.0236027	0.0235963	0.0235918	0.0235873	0.0235784	0.0235694	0.0235657	0.023562	0.0235548	0.0235476	0.0235456	0.0235436	0.0235396	0.0235355	0.0235348	0.0235342	0.0235332	
0.0470681	0.047066	0.0470673	0.0470687	0.0470718	0.0470749	0.0470808	0.0470867	0.0470946	0.0471025	0.0471159	0.0471292	0.0471398	0.0471505	0.0471705	0.0471905	0.0471968	0.0472031	0.0472218	0.0472406	0.0472317	0.0472228	0.0472302	0.0472376	0.0472133	0.0471889	0.0471893	0.0471897	0.0471726	0.0471556	0.0471606	0.0471657	0.0471613	0.0471569	0.0471536	0.0471503	0.0471592	0.0471682	0.0471754	0.0471825	0.0471979	0.0472132	0.0472184	0.0472235	0.0472252	0.0472268	0.0472221	0.0472175	0.0472039	0.0471903	0.0471816	0.047173	0.0471548	0.0471367	0.0471301	0.0471235	0.0471091	0.0470947	0.0470915	0.0470882	0.0470802	0.0470721	0.0470712	0.0470703	0.0470681	
0.070603	0.0705997	0.0706018	0.0706039	0.0706083	0.0706127	0.0706213	0.07063	0.0706416	0.0706533	0.070673	0.0706926	0.0707085	0.0707244	0.0707543	0.0707842	0.0707939	0.0708037	0.0708321	0.0708605	0.0708478	0.0708352	0.0708467	0.0708582	0.0708219	0.0707856	0.0707862	0.0707868	0.0707607	0.0707347	0.0707424	0.0707501	0.0707434	0.0707368	0.0707316	0.0707264	0.0707405	0.0707546	0.0707651	0.0707756	0.0707989	0.0708221	0.0708293	0.0708364	0.0708384	0.0708404	0.0708332	0.070826	0.0708051	0.0707842	0.0707714	0.0707586	0.0707313	0.070704	0.0706944	0.0706849	0.0706634	0.0706419	0.0706374	0.0706329	0.0706208	0.0706087	0.0706076	0.0706064	0.070603	
0.0941409	0.0941371	0.0941387	0.0941403	0.0941459	0.0941515	0.0941606	0.0941698	0.0941845	0.0941992	0.0942223	0.0942455	0.0942665	0.0942874	0.0943253	0.0943632	0.0943784	0.0943935	0.0944325	0.0944715	0.0944589	0.0944463	0.0944651	0.0944839	0.0944364	0.0943889	0.0943917	0.0943945	0.0943546	0.0943146	0.0943278	0.094341	0.0943295	0.094318	0.0943141	0.0943102	0.0943287	0.0943472	0.0943632	0.0943792	0.0944074	0.0944357	0.0944435	0.0944513	0.0944496	0.0944479	0.0944369	0.0944259	0.0943962	0.0943665	0.09435	0.0943336	0.094298	0.0942625	0.0942513	0.09424	0.0942133	0.0941866	0.0941816	0.0941766	0.0941621	0.0941477	0.0941461	0.0941446	0.0941409	
0.117679	0.117674	0.117676	0.117677	0.117684	0.11769	0.1177	0.11771	0.117727	0.117745	0.117772	0.117798	0.117824	0.117851	0.117896	0.117942	0.117963	0.117983	0.118033	0.118082	0.11807	0.118057	0.118084	0.11811	0.118051	0.117992	0.117997	0.118002	0.117948	0.117895	0.117913	0.117932	0.117916	0.117899	0.117897	0.117894	0.117917	0.11794	0.117961	0.117983	0.118016	0.118049	0.118058	0.118066	0.118061	0.118055	0.118041	0.118026	0.117987	0.117949	0.117929	0.117908	0.117865	0.117821	0.117808	0.117795	0.117763	0.117731	0.117726	0.11772	0.117703	0.117687	0.117685	0.117683	0.117679	
0.141224	0.14122	0.141219	0.141219	0.141226	0.141233	0.141241	0.141248	0.141267	0.141286	0.141312	0.141339	0.141368	0.141398	0.141448	0.141499	0.141527	0.141555	0.141615	0.141675	0.14167	0.141664	0.141702	0.141739	0.141675	0.14161	0.14162	0.141629	0.141557	0.141485	0.141512	0.14154	0.141516	0.141492	0.141492	0.141492	0.141521	0.14155	0.141577	0.141603	0.141637	0.141671	0.141676	0.141682	0.141667	0.141651	0.141632	0.141612	0.141562	0.141513	0.141491	0.141469	0.141419	0.141368	0.141356	0.141344	0.14131	0.141275	0.141271	0.141267	0.141249	0.141231	0.14123	0.141228	0.141224	
0.164769	0.164765	0.164763	0.164762	0.164769	0.164776	0.164782	0.164787	0.164807	0.164827	0.164853	0.164879	0.164912	0.164946	0.165001	0.165055	0.165091	0.165126	0.165197	0.165268	0.16527	0.165271	0.16532	0.165369	0.165299	0.165229	0.165242	0.165256	0.165165	0.165075	0.165111	0.165147	0.165116	0.165085	0.165088	0.165091	0.165126	0.165161	0.165192	0.165223	0.165258	0.165293	0.165295	0.165297	0.165272	0.165247	0.165223	0.165198	0.165137	0.165077	0.165053	0.16503	0.164973	0.164915	0.164904	0.164894	0.164856	0.164818	0.164816	0.164813	0.164795	0.164776	0.164775	0.164774	0.164769	
0.188325	0.188321	0.188317	0.188313	0.18832	0.188326	0.188327	0.188327	0.188346	0.188365	0.188385	0.188404	0.188438	0.188473	0.188525	0.188578	0.188621	0.188663	0.188742	0.188822	0.188838	0.188854	0.188919	0.188984	0.18892	0.188857	0.18888	0.188903	0.188791	0.188679	0.188726	0.188773	0.188733	0.188694	0.188703	0.188713	0.188752	0.188791	0.188823	0.188856	0.188883	0.18891	0.188902	0.188895	0.188854	0.188813	0.188783	0.188753	0.188683	0.188612	0.18859	0.188567	0.188508	0.188449	0.188442	0.188435	0.188399	0.188363	0.188363	0.188363	0.188347	0.18833	0.188329	0.188328	0.188325	
0.21188	0.211878	0.211871	0.211864	0.211871	0.211877	0.211872	0.211867	0.211885	0.211902	0.211916	0.21193	0.211965	0.212	0.21205	0.212101	0.212151	0.2122	0.212288	0.212375	0.212406	0.212436	0.212517	0.212599	0.212542	0.212485	0.212517	0.212549	0.212416	0.212284	0.212341	0.212398	0.212351	0.212303	0.212319	0.212334	0.212378	0.212422	0.212455	0.212488	0.212507	0.212526	0.21251	0.212493	0.212436	0.212379	0.212343	0.212308	0.212228	0.212148	0.212126	0.212105	0.212044	0.211982	0.211979	0.211976	0.211941	0.211907	0.21191	0.211913	0.211899	0.211884	0.211884	0.211883	0.21188	
0.235451	0.23545	0.23544	0.235431	0.235436	0.23544	0.235428	0.235417	0.23543	0.235443	0.235446	0.235449	0.23548	0.23551	0.235551	0.235591	0.235643	0.235694	0.235782	0.23587	0.235919	0.235969	0.236067	0.236164	0.236136	0.236107	0.236151	0.236195	0.236055	0.235916	0.235983	0.236049	0.235993	0.235936	0.235959	0.235982	0.236025	0.236067	0.236094	0.236122	0.236117	0.236113	0.236084	0.236055	0.235976	0.235897	0.23586	0.235823	0.235737	0.235652	0.235637	0.235622	0.235565	0.235508	0.235512	0.235515	0.235487	0.235458	0.235466	0.235473	0.235463	0.235452	0.235452	0.235453	0.235451	
0.259022	0.259022	0.25901	0.258998	0.259001	0.259003	0.258985	0.258967	0.258976	0.258984	0.258977	0.258969	0.258995	0.259021	0.259051	0.259081	0.259135	0.259189	0.259276	0.259364	0.259433	0.259502	0.259616	0.25973	0.25973	0.25973	0.259785	0.25984	0.259695	0.259549	0.259625	0.2597	0.259635	0.259569	0.259599	0.25963	0.259671	0.259712	0.259734	0.259755	0.259727	0.259699	0.259658	0.259616	0.259516	0.259415	0.259377	0.259338	0.259247	0.259156	0.259148	0.259139	0.259086	0.259034	0.259044	0.259055	0.259032	0.25901	0.259021	0.259033	0.259026	0.25902	0.259021	0.259022	0.259022	
0.282609	0.28261	0.282596	0.282582	0.282583	0.282583	0.282559	0.282534	0.282536	0.282539	0.282518	0.282497	0.282512	0.282527	0.282538	0.282549	0.282594	0.282638	0.282712	0.282785	0.282864	0.282942	0.283066	0.283191	0.283236	0.283282	0.28336	0.283439	0.283326	0.283212	0.283273	0.283333	0.283268	0.283202	0.283246	0.283289	0.283312	0.283336	0.283332	0.283329	0.283266	0.283204	0.283148	0.283092	0.282979	0.282867	0.282833	0.282799	0.282718	0.282636	0.282638	0.282639	0.282601	0.282563	0.282581	0.282598	0.282587	0.282576	0.28259	0.282605	0.282604	0.282604	0.282606	0.282607	0.282609	
0.306195	0.306198	0.306183	0.306167	0.306165	0.306163	0.306132	0.306102	0.306097	0.306093	0.306059	0.306026	0.30603	0.306034	0.306026	0.306017	0.306053	0.306088	0.306147	0.306206	0.306294	0.306382	0.306517	0.306652	0.306743	0.306834	0.306936	0.307038	0.306957	0.306876	0.306921	0.306966	0.306901	0.306835	0.306892	0.306949	0.306954	0.306959	0.306931	0.306904	0.306806	0.306708	0.306638	0.306568	0.306443	0.306318	0.306289	0.306261	0.306188	0.306116	0.306128	0.306139	0.306116	0.306093	0.306117	0.306141	0.306142	0.306142	0.306159	0.306176	0.306182	0.306188	0.30619	0.306192	0.306195	
0.329795	0.329799	0.329784	0.329769	0.329764	0.329759	0.329727	0.329696	0.329683	0.329671	0.329629	0.329587	0.329575	0.329564	0.329533	0.329503	0.329515	0.329527	0.329555	0.329584	0.329655	0.329726	0.329848	0.329969	0.330096	0.330223	0.330345	0.330468	0.33046	0.330453	0.330461	0.330469	0.330392	0.330316	0.330429	0.330542	0.3305	0.330458	0.330407	0.330356	0.330219	0.330081	0.330015	0.329948	0.329832	0.329716	0.329704	0.329693	0.329647	0.329601	0.329625	0.329648	0.329647	0.329646	0.329674	0.329702	0.329716	0.329729	0.329746	0.329764	0.329776	0.329787	0.329789	0.329791	0.329795	
0.353395	0.3534	0.353385	0.353371	0.353363	0.353356	0.353323	0.35329	0.35327	0.35325	0.353199	0.353148	0.353121	0.353094	0.353041	0.352989	0.352978	0.352966	0.352963	0.352961	0.353015	0.353069	0.353178	0.353287	0.35345	0.353613	0.353755	0.353897	0.353963	0.354029	0.354	0.353971	0.353884	0.353796	0.353966	0.354135	0.354046	0.353957	0.353883	0.353809	0.353632	0.353455	0.353392	0.353329	0.353221	0.353113	0.353119	0.353124	0.353105	0.353086	0.353121	0.353157	0.353178	0.353199	0.353231	0.353264	0.35329	0.353316	0.353334	0.353351	0.353369	0.353386	0.353388	0.353389	0.353395	
0.376997	0.377003	0.376992	0.376981	0.376971	0.376961	0.376934	0.376907	0.376882	0.376856	0.376807	0.376758	0.376717	0.376676	0.37661	0.376545	0.376502	0.376459	0.376418	0.376376	0.376378	0.37638	0.376442	0.376503	0.376631	0.376758	0.37691	0.377062	0.377229	0.377397	0.377438	0.377479	0.377381	0.377283	0.377384	0.377484	0.37735	0.377216	0.377116	0.377017	0.376862	0.376707	0.376664	0.376621	0.376573	0.376524	0.376547	0.376569	0.376597	0.376625	0.376663	0.376701	0.376748	0.376795	0.376822	0.376849	0.376886	0.376924	0.376936	0.376948	0.37697	0.376991	0.376991	0.376992	0.376997	
0.4006	0.400606	0.400598	0.40059	0.400579	0.400567	0.400546	0.400525	0.400494	0.400463	0.400415	0.400368	0.400313	0.400259	0.400179	0.4001	0.400026	0.399953	0.399872	0.399791	0.399741	0.399691	0.399705	0.39972	0.399811	0.399903	0.400065	0.400227	0.400496	0.400764	0.400875	0.400987	0.400879	0.400771	0.400801	0.400832	0.400653	0.400474	0.40035	0.400226	0.400093	0.39996	0.399937	0.399914	0.399925	0.399935	0.399975	0.400014	0.40009	0.400165	0.400205	0.400245	0.400318	0.400391	0.400412	0.400434	0.400483	0.400532	0.400539	0.400545	0.400571	0.400596	0.400595	0.400594	0.4006	
0.424189	0.424193	0.424192	0.42419	0.424177	0.424164	0.424157	0.424149	0.424116	0.424084	0.424054	0.424025	0.423965	0.423904	0.423836	0.423768	0.423674	0.423579	0.423481	0.423383	0.423273	0.423163	0.423112	0.42306	0.42304	0.423019	0.423119	0.42322	0.423466	0.423713	0.423843	0.423974	0.423939	0.423905	0.423916	0.423926	0.423708	0.423491	0.423409	0.423328	0.423291	0.423255	0.42327	0.423285	0.423382	0.423478	0.423521	0.423564	0.423683	0.423801	0.423827	0.423852	0.423941	0.42403	0.424035	0.424041	0.424094	0.424147	0.424144	0.42414	0.424165	0.42419	0.424187	0.424184	0.424189	
0.447778	0.447781	0.447785	0.44779	0.447776	0.447761	0.447768	0.447774	0.447739	0.447704	0.447693	0.447682	0.447616	0.447549	0.447493	0.447436	0.447321	0.447205	0.447089	0.446974	0.446804	0.446635	0.446518	0.446401	0.446268	0.446135	0.446174	0.446213	0.446437	0.446661	0.446811	0.446961	0.447	0.447039	0.44703	0.44702	0.446763	0.446507	0.446469	0.44643	0.44649	0.446549	0.446603	0.446657	0.446839	0.44702	0.447067	0.447114	0.447275	0.447437	0.447448	0.447459	0.447564	0.447669	0.447659	0.447648	0.447705	0.447762	0.447748	0.447735	0.44776	0.447784	0.447779	0.447774	0.447778	
0.471336	0.471336	0.471347	0.471358	0.471344	0.471329	0.471351	0.471373	0.471341	0.471309	0.471326	0.471342	0.471283	0.471224	0.471205	0.471187	0.471079	0.470971	0.470886	0.470801	0.470619	0.470437	0.4703	0.470162	0.469931	0.469701	0.46961	0.469519	0.469604	0.46969	0.469819	0.469947	0.470066	0.470185	0.470082	0.46998	0.469831	0.469681	0.469731	0.469781	0.469997	0.470212	0.470259	0.470307	0.470552	0.470797	0.470808	0.470818	0.470992	0.471166	0.471143	0.47112	0.47122	0.471321	0.471288	0.471256	0.471306	0.471357	0.471333	0.471309	0.471329	0.471349	0.471342	0.471335	0.471336	
0.494894	0.494892	0.494909	0.494926	0.494911	0.494896	0.494934	0.494972	0.494943	0.494914	0.494958	0.495002	0.49495	0.494898	0.494917	0.494937	0.494837	0.494737	0.494682	0.494628	0.494434	0.49424	0.494081	0.493923	0.493595	0.493268	0.493046	0.492824	0.492772	0.49272	0.492826	0.492933	0.493131	0.49333	0.493135	0.492941	0.492898	0.492856	0.492993	0.493131	0.493503	0.493876	0.493916	0.493957	0.494265	0.494574	0.494548	0.494522	0.494708	0.494895	0.494837	0.49478	0.494877	0.494973	0.494918	0.494863	0.494908	0.494952	0.494917	0.494883	0.494898	0.494913	0.494905	0.494896	0.494894	
0.518411	0.518407	0.518427	0.518447	0.518432	0.518417	0.518464	0.51851	0.518485	0.518461	0.518526	0.518592	0.518553	0.518513	0.518578	0.518643	0.518572	0.518501	0.518524	0.518548	0.518401	0.518253	0.518191	0.518128	0.51782	0.517512	0.51734	0.517167	0.51694	0.516713	0.516467	0.516221	0.516451	0.516682	0.516619	0.516556	0.516775	0.516995	0.517074	0.517153	0.517577	0.518	0.517963	0.517926	0.518201	0.518477	0.518392	0.518307	0.518456	0.518605	0.518515	0.518425	0.518497	0.51857	0.518501	0.518432	0.518463	0.518494	0.518455	0.518416	0.518425	0.518434	0.518425	0.518416	0.518411	
0.541929	0.541921	0.541945	0.541968	0.541953	0.541938	0.541993	0.542049	0.542028	0.542008	0.542095	0.542182	0.542155	0.542129	0.542239	0.542349	0.542307	0.542266	0.542367	0.542468	0.542367	0.542267	0.5423	0.542333	0.542045	0.541757	0.541633	0.54151	0.541108	0.540707	0.540108	0.539509	0.539771	0.540034	0.540102	0.540171	0.540652	0.541134	0.541155	0.541175	0.54165	0.542125	0.54201	0.541895	0.542138	0.54238	0.542236	0.542092	0.542203	0.542314	0.542192	0.54207	0.542118	0.542166	0.542083	0.542	0.542018	0.542037	0.541993	0.541949	0.541952	0.541954	0.541945	0.541937	0.541929	
0.565414	0.565404	0.565426	0.565447	0.565433	0.565419	0.565469	0.565519	0.565503	0.565486	0.565568	0.565649	0.565636	0.565622	0.565734	0.565846	0.565841	0.565835	0.565958	0.566081	0.566075	0.56607	0.566148	0.566227	0.566148	0.56607	0.566013	0.565956	0.56548	0.565003	0.564862	0.564721	0.565124	0.565527	0.565143	0.564759	0.565293	0.565827	0.565727	0.565626	0.565895	0.566164	0.566005	0.565845	0.565956	0.566067	0.565913	0.565759	0.565804	0.565849	0.565732	0.565616	0.565634	0.565652	0.565579	0.565505	0.56551	0.565515	0.565479	0.565442	0.565439	0.565435	0.565429	0.565423	0.565414	
0.588898	0.588887	0.588907	0.588926	0.588913	0.5889	0.588944	0.588989	0.588977	0.588965	0.589041	0.589117	0.589116	0.589115	0.589229	0.589343	0.589374	0.589405	0.589549	0.589694	0.589784	0.589873	0.589997	0.59012	0.590251	0.590383	0.590393	0.590403	0.589851	0.589291	0.589109	0.590139	0.591706	0.590841	0.589586	0.58934	0.589634	0.590519	0.590298	0.590077	0.59014	0.590203	0.59	0.589796	0.589774	0.589753	0.58959	0.589426	0.589404	0.589383	0.589273	0.589163	0.58915	0.589138	0.589074	0.58901	0.589002	0.588993	0.588964	0.588935	0.588926	0.588917	0.588913	0.58891	0.588898	
0.612375	0.612364	0.612377	0.61239	0.61238	0.612371	0.612397	0.612423	0.612417	0.61241	0.612453	0.612496	0.612502	0.612508	0.612571	0.612635	0.612675	0.612716	0.612792	0.612868	0.612985	0.613102	0.613149	0.613195	0.613435	0.613675	0.613701	0.613726	0.613451	0.613285	0.613873	0.613787	0.610787	0.612258	0.615267	0.613943	0.613689	0.614037	0.613809	0.61358	0.613496	0.613411	0.613279	0.613147	0.613072	0.612996	0.612894	0.612792	0.612749	0.612705	0.612641	0.612577	0.612554	0.612531	0.612497	0.612462	0.612448	0.612435	0.61242	0.612406	0.612395	0.612384	0.612385	0.612385	0.612375	
0.635851	0.635842	0.635848	0.635854	0.635848	0.635841	0.635849	0.635857	0.635856	0.635855	0.635866	0.635876	0.635889	0.635902	0.635914	0.635926	0.635976	0.636026	0.636034	0.636042	0.636186	0.636331	0.636301	0.636271	0.63662	0.636968	0.637009	0.637049	0.637051	0.637149	0.637525	0.636485	0.630325	0.635137	0.63893	0.637359	0.63721	0.637554	0.637319	0.637083	0.636851	0.636619	0.636559	0.636498	0.636368	0.636239	0.636198	0.636158	0.636093	0.636028	0.636009	0.635991	0.635958	0.635925	0.635919	0.635914	0.635895	0.635876	0.635877	0.635877	0.635865	0.635852	0.635856	0.63586	0.635851	
0.659352	0.659346	0.659345	0.659344	0.659344	0.659345	0.659335	0.659325	0.659334	0.659343	0.659321	0.6593	0.659322	0.659344	0.659308	0.659271	0.659319	0.659367	0.659312	0.659256	0.659364	0.659471	0.659388	0.659306	0.659575	0.659844	0.659728	0.659612	0.659904	0.660677	0.660605	0.6582	0.69451	0.656489	0.659312	0.659449	0.659878	0.659498	0.659622	0.659747	0.659598	0.659448	0.659497	0.659545	0.659459	0.659373	0.65941	0.659447	0.659395	0.659342	0.659373	0.659404	0.659371	0.659338	0.659361	0.659383	0.659362	0.659341	0.659356	0.65937	0.659358	0.659345	0.659352	0.659358	0.659352	
0.682853	0.682851	0.682842	0.682834	0.682841	0.682849	0.682821	0.682793	0.682811	0.68283	0.682777	0.682724	0.682755	0.682787	0.682701	0.682616	0.682662	0.682707	0.682589	0.68247	0.682541	0.682612	0.682476	0.68234	0.68253	0.682719	0.682446	0.682174	0.682757	0.683358	0.683468	0.684926	0.747173	0.68312	0.681803	0.681703	0.682136	0.681442	0.681926	0.682411	0.682344	0.682278	0.682435	0.682592	0.682549	0.682507	0.682621	0.682736	0.682696	0.682656	0.682736	0.682817	0.682784	0.682751	0.682802	0.682853	0.68283	0.682807	0.682835	0.682863	0.68285	0.682837	0.682847	0.682856	0.682853	
0.706397	0.706399	0.706386	0.706373	0.706389	0.706406	0.706369	0.706333	0.706366	0.7064	0.706335	0.706271	0.706323	0.706375	0.706278	0.706181	0.70625	0.706319	0.706193	0.706066	0.706148	0.706229	0.706094	0.705959	0.706088	0.706216	0.706073	0.70593	0.706043	0.706076	0.704993	0.701707	0.759197	0.702662	0.704493	0.705165	0.705248	0.705237	0.705551	0.705864	0.705813	0.705762	0.705933	0.706105	0.706058	0.706011	0.706141	0.70627	0.706222	0.706175	0.706266	0.706356	0.706317	0.706278	0.706336	0.706394	0.706368	0.706341	0.706372	0.706403	0.706391	0.706379	0.706387	0.706396	0.706397	
0.729941	0.729947	0.729929	0.729912	0.729937	0.729963	0.729918	0.729874	0.729921	0.729969	0.729894	0.729818	0.72989	0.729962	0.729854	0.729745	0.729838	0.72993	0.729796	0.729662	0.729755	0.729847	0.729713	0.729579	0.729646	0.729713	0.729699	0.729685	0.72933	0.728948	0.727445	0.725552	0.737624	0.726878	0.728898	0.729317	0.729167	0.729033	0.729175	0.729318	0.729282	0.729246	0.729432	0.729618	0.729567	0.729516	0.72966	0.729804	0.729749	0.729693	0.729795	0.729896	0.729851	0.729806	0.72987	0.729934	0.729905	0.729876	0.72991	0.729944	0.729932	0.72992	0.729927	0.729935	0.729941	
0.753523	0.753532	0.753514	0.753496	0.753527	0.753558	0.753517	0.753476	0.753532	0.753587	0.753523	0.753459	0.75354	0.753621	0.753536	0.753452	0.753551	0.753651	0.753557	0.753463	0.75355	0.753637	0.753549	0.753461	0.753438	0.753415	0.753322	0.75323	0.752973	0.751821	0.752165	0.75209	0.751466	0.75518	0.754271	0.753122	0.753077	0.753165	0.753272	0.75338	0.753294	0.753209	0.753344	0.753478	0.753393	0.753307	0.753415	0.753522	0.75345	0.753379	0.753458	0.753537	0.753484	0.753432	0.753484	0.753536	0.753504	0.753473	0.7535	0.753527	0.753516	0.753505	0.753509	0.753514	0.753523	
0.777105	0.777117	0.777099	0.77708	0.777117	0.777154	0.777116	0.777079	0.777142	0.777205	0.777152	0.777099	0.777189	0.777279	0.777219	0.777159	0.777265	0.777372	0.777318	0.777264	0.777345	0.777427	0.777385	0.777343	0.77723	0.777117	0.776946	0.776775	0.776616	0.776368	0.777608	0.779543	0.781501	0.780287	0.778263	0.777171	0.77703	0.777297	0.777369	0.777441	0.777307	0.777173	0.777255	0.777338	0.777218	0.777098	0.777169	0.77724	0.777152	0.777064	0.777121	0.777178	0.777118	0.777058	0.777098	0.777138	0.777104	0.777069	0.77709	0.777111	0.7771	0.77709	0.777091	0.777092	0.777105	
0.800701	0.800715	0.800698	0.800681	0.800718	0.800755	0.800725	0.800695	0.800754	0.800813	0.800775	0.800738	0.800814	0.80089	0.800853	0.800817	0.800894	0.800971	0.800942	0.800913	0.800945	0.800978	0.800949	0.80092	0.800778	0.800636	0.800556	0.800476	0.800663	0.80153	0.802269	0.803701	0.805584	0.804797	0.802704	0.801382	0.800922	0.800851	0.800902	0.800954	0.800902	0.80085	0.8009	0.800949	0.800869	0.80079	0.80083	0.800871	0.800802	0.800732	0.800765	0.800797	0.800747	0.800697	0.80072	0.800743	0.800714	0.800685	0.800696	0.800707	0.8007	0.800692	0.80069	0.800687	0.800701	
0.824297	0.824314	0.824298	0.824282	0.824319	0.824355	0.824333	0.824311	0.824366	0.82442	0.824398	0.824376	0.824439	0.824502	0.824488	0.824475	0.824523	0.82457	0.824566	0.824562	0.824545	0.824528	0.824513	0.824498	0.824327	0.824156	0.824167	0.824178	0.82471	0.825161	0.82548	0.825681	0.82635	0.82643	0.825713	0.824801	0.824421	0.824404	0.824436	0.824467	0.824498	0.824528	0.824545	0.824561	0.824521	0.824481	0.824491	0.824502	0.824451	0.8244	0.824409	0.824417	0.824376	0.824335	0.824342	0.824349	0.824325	0.824301	0.824302	0.824303	0.824299	0.824295	0.824288	0.824281	0.824297	
0.847885	0.847902	0.847888	0.847874	0.847904	0.847935	0.847919	0.847903	0.847942	0.847982	0.847969	0.847956	0.84799	0.848025	0.848019	0.848013	0.848017	0.848022	0.848015	0.848009	0.84795	0.847892	0.847865	0.847839	0.847729	0.847619	0.847669	0.847719	0.848189	0.848424	0.848614	0.848821	0.84909	0.84906	0.848718	0.848211	0.847965	0.847856	0.847816	0.847776	0.847831	0.847887	0.847913	0.847939	0.84795	0.847962	0.847973	0.847985	0.847971	0.847957	0.847959	0.847961	0.847942	0.847922	0.847921	0.84792	0.847907	0.847895	0.847891	0.847886	0.847887	0.847888	0.847879	0.847869	0.847885	
0.871473	0.87149	0.871478	0.871466	0.87149	0.871514	0.871505	0.871495	0.871519	0.871543	0.871539	0.871536	0.871542	0.871548	0.87155	0.871551	0.871512	0.871473	0.871464	0.871456	0.871356	0.871255	0.871218	0.871181	0.871132	0.871082	0.871171	0.87126	0.871668	0.872077	0.872187	0.872297	0.872403	0.872508	0.872182	0.871857	0.871582	0.871308	0.871196	0.871084	0.871165	0.871246	0.871282	0.871317	0.87138	0.871442	0.871455	0.871469	0.871491	0.871513	0.871509	0.871505	0.871507	0.87151	0.8715	0.871491	0.87149	0.87149	0.871479	0.871468	0.871475	0.871481	0.871469	0.871457	0.871473	
0.895041	0.895057	0.895046	0.895035	0.895051	0.895068	0.895061	0.895053	0.895062	0.895072	0.895069	0.895066	0.895052	0.895038	0.895037	0.895035	0.894982	0.894928	0.894915	0.894903	0.894826	0.894749	0.894731	0.894713	0.894774	0.894836	0.894984	0.895132	0.895481	0.89583	0.895912	0.895995	0.896058	0.89612	0.895901	0.895682	0.895436	0.89519	0.895009	0.894829	0.894799	0.894769	0.894787	0.894804	0.894854	0.894905	0.894921	0.894938	0.894976	0.895014	0.895012	0.895011	0.895031	0.89505	0.89504	0.89503	0.895041	0.895053	0.89504	0.895028	0.895039	0.895051	0.895039	0.895026	0.895041	
0.918609	0.918624	0.918614	0.918604	0.918613	0.918622	0.918617	0.918611	0.918606	0.9186	0.918599	0.918597	0.918563	0.918528	0.918524	0.91852	0.918451	0.918383	0.918366	0.91835	0.918297	0.918243	0.918244	0.918245	0.918417	0.918589	0.918797	0.919004	0.919294	0.919583	0.919638	0.919693	0.919713	0.919733	0.919619	0.919506	0.919289	0.919072	0.918822	0.918573	0.918433	0.918293	0.918291	0.91829	0.918329	0.918368	0.918387	0.918407	0.918461	0.918514	0.918516	0.918517	0.918554	0.918591	0.91858	0.918569	0.918592	0.918616	0.918601	0.918587	0.918604	0.918621	0.918608	0.918595	0.918609	
0.942158	0.942171	0.942162	0.942152	0.942156	0.942159	0.942154	0.942148	0.942135	0.942121	0.942118	0.942115	0.942077	0.942039	0.942034	0.942028	0.941975	0.941921	0.941913	0.941904	0.9419	0.941896	0.941926	0.941957	0.942161	0.942366	0.942563	0.942759	0.942919	0.943079	0.943079	0.94308	0.943083	0.943085	0.943074	0.943063	0.942939	0.942816	0.942596	0.942375	0.942187	0.941999	0.941966	0.941932	0.941929	0.941927	0.941936	0.941946	0.941989	0.942032	0.942034	0.942036	0.942076	0.942116	0.942107	0.942099	0.942128	0.942156	0.942143	0.94213	0.94215	0.94217	0.942158	0.942145	0.942158	
0.965707	0.965719	0.96571	0.965701	0.965698	0.965696	0.965691	0.965685	0.965664	0.965642	0.965638	0.965634	0.965592	0.96555	0.965543	0.965536	0.965498	0.96546	0.965459	0.965457	0.965502	0.965548	0.965608	0.965668	0.965906	0.966143	0.966329	0.966514	0.966544	0.966574	0.966521	0.966467	0.966453	0.966438	0.966529	0.96662	0.96659	0.96656	0.966369	0.966178	0.965942	0.965706	0.96564	0.965574	0.96553	0.965485	0.965485	0.965485	0.965517	0.96555	0.965552	0.965555	0.965598	0.965642	0.965635	0.965628	0.965663	0.965697	0.965685	0.965673	0.965696	0.965719	0.965707	0.965695	0.965707	
0.989246	0.989257	0.989248	0.989239	0.989235	0.989231	0.989225	0.989219	0.989198	0.989177	0.989173	0.989168	0.989135	0.989103	0.989099	0.989095	0.98908	0.989065	0.989075	0.989086	0.989155	0.989225	0.989297	0.989369	0.989559	0.989749	0.989894	0.990039	0.990001	0.989963	0.989865	0.989767	0.989747	0.989727	0.989883	0.990039	0.990052	0.990064	0.98994	0.989815	0.989606	0.989397	0.989328	0.989259	0.989185	0.989111	0.989101	0.989091	0.989101	0.989111	0.989111	0.989111	0.989145	0.98918	0.989174	0.989168	0.989201	0.989233	0.989223	0.989212	0.989235	0.989258	0.989247	0.989236	0.989246	
1.01279	1.0128	1.01279	1.01278	1.01277	1.01277	1.01276	1.01275	1.01273	1.01271	1.01271	1.0127	1.01268	1.01266	1.01265	1.01265	1.01266	1.01267	1.01269	1.01271	1.01281	1.0129	1.01299	1.01307	1.01321	1.01336	1.01346	1.01356	1.01346	1.01335	1.01321	1.01307	1.01304	1.01302	1.01324	1.01346	1.01351	1.01357	1.01351	1.01345	1.01327	1.01309	1.01302	1.01294	1.01284	1.01274	1.01272	1.0127	1.01268	1.01267	1.01267	1.01267	1.01269	1.01272	1.01271	1.01271	1.01274	1.01277	1.01276	1.01275	1.01277	1.0128	1.01279	1.01278	1.01279	
1.03632	1.03633	1.03633	1.03632	1.03631	1.03631	1.0363	1.0363	1.03628	1.03627	1.03626	1.03626	1.03625	1.03624	1.03624	1.03624	1.03627	1.03629	1.03632	1.03635	1.03644	1.03653	1.03661	1.03668	1.03677	1.03687	1.03693	1.03699	1.03687	1.03676	1.03662	1.03649	1.03647	1.03644	1.03665	1.03686	1.03692	1.03699	1.03698	1.03697	1.03683	1.03669	1.03664	1.03658	1.03647	1.03637	1.03634	1.03632	1.03629	1.03626	1.03626	1.03625	1.03626	1.03628	1.03627	1.03626	1.03629	1.03631	1.0363	1.0363	1.03632	1.03633	1.03633	1.03632	1.03632	
1.05986	1.05987	1.05986	1.05986	1.05985	1.05985	1.05984	1.05984	1.05983	1.05982	1.05982	1.05981	1.05982	1.05982	1.05983	1.05983	1.05988	1.05992	1.05995	1.05998	1.06007	1.06016	1.06023	1.06029	1.06033	1.06038	1.0604	1.06041	1.06029	1.06016	1.06004	1.05992	1.05989	1.05987	1.06007	1.06026	1.06033	1.0604	1.06044	1.06048	1.06039	1.0603	1.06025	1.06021	1.06011	1.06	1.05997	1.05994	1.0599	1.05985	1.05984	1.05983	1.05983	1.05983	1.05983	1.05982	1.05984	1.05986	1.05985	1.05984	1.05986	1.05987	1.05986	1.05986	1.05986	
1.08341	1.08342	1.08341	1.0834	1.0834	1.0834	1.0834	1.08339	1.08339	1.08339	1.08339	1.08339	1.0834	1.08341	1.08342	1.08343	1.08348	1.08352	1.08356	1.08359	1.08366	1.08374	1.08379	1.08384	1.08385	1.08386	1.08386	1.08386	1.08374	1.08362	1.08353	1.08344	1.08342	1.0834	1.08356	1.08372	1.08378	1.08384	1.0839	1.08396	1.0839	1.08384	1.08381	1.08379	1.0837	1.0836	1.08358	1.08355	1.0835	1.08345	1.08344	1.08342	1.08341	1.0834	1.0834	1.08339	1.0834	1.08341	1.0834	1.08339	1.08341	1.08342	1.08341	1.0834	1.08341	
1.10695	1.10696	1.10695	1.10695	1.10695	1.10695	1.10695	1.10694	1.10695	1.10696	1.10696	1.10696	1.10698	1.107	1.10702	1.10703	1.10708	1.10713	1.10716	1.1072	1.10725	1.10731	1.10735	1.10738	1.10736	1.10734	1.10732	1.1073	1.10719	1.10709	1.10703	1.10697	1.10695	1.10693	1.10705	1.10718	1.10723	1.10727	1.10736	1.10744	1.10741	1.10738	1.10737	1.10737	1.10729	1.1072	1.10718	1.10716	1.1071	1.10704	1.10703	1.10702	1.107	1.10698	1.10697	1.10696	1.10696	1.10696	1.10695	1.10695	1.10696	1.10696	1.10696	1.10695	1.10695	
1.13051	1.13051	1.13051	1.1305	1.13051	1.13051	1.13051	1.13051	1.13052	1.13053	1.13053	1.13054	1.13056	1.13059	1.13061	1.13062	1.13067	1.13072	1.13074	1.13077	1.13081	1.13086	1.13088	1.1309	1.13087	1.13084	1.13081	1.13079	1.1307	1.13061	1.13057	1.13053	1.13051	1.13049	1.13059	1.13069	1.13073	1.13076	1.13085	1.13093	1.13092	1.1309	1.13091	1.13091	1.13085	1.13078	1.13076	1.13075	1.13069	1.13063	1.13062	1.1306	1.13058	1.13055	1.13054	1.13053	1.13053	1.13052	1.13052	1.13051	1.13051	1.13052	1.13051	1.1305	1.13051	
1.15406	1.15407	1.15406	1.15406	1.15407	1.15407	1.15407	1.15407	1.15409	1.15411	1.15411	1.15411	1.15415	1.15418	1.15419	1.15421	1.15426	1.1543	1.15432	1.15435	1.15438	1.1544	1.15441	1.15442	1.15438	1.15434	1.15431	1.15427	1.1542	1.15413	1.15412	1.1541	1.15408	1.15406	1.15413	1.1542	1.15423	1.15425	1.15434	1.15442	1.15442	1.15442	1.15444	1.15446	1.1544	1.15435	1.15434	1.15433	1.15427	1.15422	1.15421	1.15419	1.15416	1.15413	1.15412	1.15411	1.1541	1.15409	1.15408	1.15407	1.15407	1.15407	1.15406	1.15406	1.15406	
1.17762	1.17763	1.17762	1.17762	1.17763	1.17764	1.17764	1.17764	1.17766	1.17768	1.17769	1.17769	1.17772	1.17776	1.17777	1.17779	1.17783	1.17787	1.17788	1.1779	1.17792	1.17794	1.17794	1.17795	1.1779	1.17786	1.17783	1.1778	1.17774	1.17768	1.17768	1.17767	1.17766	1.17764	1.17769	1.17774	1.17776	1.17778	1.17786	1.17793	1.17793	1.17794	1.17796	1.17799	1.17795	1.1779	1.1779	1.17789	1.17784	1.17779	1.17778	1.17777	1.17774	1.1777	1.17769	1.17768	1.17767	1.17765	1.17764	1.17764	1.17763	1.17763	1.17762	1.17762	1.17762	
1.20118	1.20119	1.20118	1.20118	1.20119	1.20121	1.20121	1.20121	1.20123	1.20125	1.20126	1.20127	1.2013	1.20134	1.20135	1.20136	1.2014	1.20143	1.20144	1.20146	1.20146	1.20147	1.20147	1.20147	1.20142	1.20138	1.20135	1.20133	1.20128	1.20123	1.20124	1.20125	1.20123	1.20122	1.20125	1.20129	1.2013	1.20131	1.20138	1.20144	1.20145	1.20145	1.20149	1.20152	1.20149	1.20146	1.20146	1.20146	1.20141	1.20137	1.20136	1.20135	1.20131	1.20128	1.20127	1.20126	1.20124	1.20122	1.20121	1.2012	1.2012	1.20119	1.20119	1.20118	1.20118	
1.22475	1.22475	1.22475	1.22475	1.22476	1.22477	1.22478	1.22478	1.2248	1.22482	1.22483	1.22484	1.22487	1.2249	1.22491	1.22493	1.22495	1.22498	1.22499	1.225	1.225	1.225	1.225	1.22499	1.22495	1.22492	1.2249	1.22487	1.22484	1.2248	1.22481	1.22482	1.2248	1.22479	1.22482	1.22484	1.22485	1.22486	1.22491	1.22497	1.22498	1.22498	1.22502	1.22505	1.22502	1.225	1.225	1.22501	1.22497	1.22493	1.22492	1.22491	1.22488	1.22485	1.22484	1.22483	1.22481	1.22479	1.22478	1.22477	1.22476	1.22476	1.22475	1.22474	1.22475	
1.24831	1.24832	1.24832	1.24831	1.24833	1.24834	1.24834	1.24834	1.24837	1.2484	1.2484	1.24841	1.24844	1.24847	1.24848	1.24849	1.24851	1.24853	1.24854	1.24855	1.24854	1.24854	1.24853	1.24852	1.24849	1.24845	1.24844	1.24842	1.24839	1.24836	1.24837	1.24839	1.24837	1.24836	1.24838	1.2484	1.2484	1.24841	1.24845	1.2485	1.24851	1.24851	1.24854	1.24858	1.24856	1.24854	1.24855	1.24856	1.24853	1.24849	1.24849	1.24848	1.24845	1.24841	1.24841	1.2484	1.24838	1.24835	1.24835	1.24834	1.24833	1.24832	1.24832	1.24831	1.24831	
1.27188	1.27188	1.27188	1.27188	1.27189	1.27191	1.27191	1.27191	1.27194	1.27196	1.27197	1.27197	1.272	1.27203	1.27204	1.27204	1.27206	1.27208	1.27208	1.27209	1.27208	1.27207	1.27207	1.27206	1.27203	1.272	1.27199	1.27197	1.27195	1.27193	1.27194	1.27195	1.27194	1.27193	1.27194	1.27196	1.27196	1.27196	1.272	1.27204	1.27204	1.27205	1.27208	1.27211	1.2721	1.27208	1.27209	1.2721	1.27207	1.27204	1.27204	1.27204	1.27201	1.27198	1.27197	1.27196	1.27194	1.27192	1.27191	1.27191	1.2719	1.27189	1.27188	1.27188	1.27188	
1.29545	1.29545	1.29545	1.29545	1.29546	1.29548	1.29548	1.29548	1.2955	1.29553	1.29553	1.29554	1.29556	1.29559	1.29559	1.2956	1.29561	1.29563	1.29563	1.29563	1.29562	1.29561	1.2956	1.2956	1.29557	1.29554	1.29554	1.29553	1.29551	1.29549	1.2955	1.29551	1.2955	1.29549	1.29551	1.29552	1.29552	1.29552	1.29555	1.29558	1.29558	1.29559	1.29561	1.29564	1.29563	1.29562	1.29564	1.29565	1.29562	1.2956	1.2956	1.2956	1.29557	1.29554	1.29553	1.29553	1.29551	1.29549	1.29548	1.29547	1.29546	1.29545	1.29545	1.29544	1.29545	
1.31901	1.31902	1.31901	1.31901	1.31903	1.31904	1.31904	1.31904	1.31906	1.31909	1.31909	1.31909	1.31912	1.31914	1.31914	1.31915	1.31916	1.31917	1.31917	1.31917	1.31916	1.31915	1.31914	1.31914	1.31912	1.31909	1.31909	1.31908	1.31907	1.31905	1.31906	1.31907	1.31906	1.31906	1.31907	1.31908	1.31907	1.31907	1.3191	1.31912	1.31913	1.31913	1.31915	1.31918	1.31917	1.31917	1.31918	1.31919	1.31917	1.31915	1.31915	1.31915	1.31912	1.3191	1.31909	1.31909	1.31907	1.31905	1.31904	1.31904	1.31903	1.31902	1.31902	1.31901	1.31901	
1.34258	1.34258	1.34258	1.34258	1.34259	1.3426	1.34261	1.34261	1.34263	1.34264	1.34265	1.34265	1.34267	1.34269	1.34269	1.3427	1.3427	1.34271	1.34271	1.34271	1.3427	1.34269	1.34269	1.34268	1.34266	1.34265	1.34264	1.34264	1.34263	1.34262	1.34262	1.34263	1.34263	1.34262	1.34263	1.34263	1.34263	1.34263	1.34265	1.34267	1.34267	1.34267	1.34269	1.34271	1.34271	1.34271	1.34272	1.34273	1.34271	1.3427	1.3427	1.3427	1.34268	1.34266	1.34265	1.34265	1.34263	1.34261	1.34261	1.3426	1.34259	1.34258	1.34258	1.34258	1.34258	
1.36614	1.36615	1.36614	1.36614	1.36615	1.36617	1.36617	1.36617	1.36618	1.3662	1.3662	1.36621	1.36622	1.36624	1.36624	1.36624	1.36625	1.36625	1.36625	1.36625	1.36624	1.36624	1.36623	1.36623	1.36621	1.3662	1.3662	1.36619	1.36618	1.36618	1.36618	1.36619	1.36618	1.36618	1.36618	1.36619	1.36619	1.36619	1.3662	1.36622	1.36622	1.36622	1.36624	1.36625	1.36625	1.36625	1.36626	1.36627	1.36625	1.36624	1.36624	1.36624	1.36623	1.36621	1.36621	1.3662	1.36619	1.36617	1.36617	1.36616	1.36616	1.36615	1.36615	1.36614	1.36614	
1.38971	1.38971	1.38971	1.38971	1.38972	1.38973	1.38973	1.38973	1.38974	1.38976	1.38976	1.38976	1.38977	1.38979	1.38979	1.38979	1.38979	1.3898	1.38979	1.38979	1.38979	1.38978	1.38978	1.38977	1.38976	1.38975	1.38975	1.38975	1.38974	1.38973	1.38974	1.38974	1.38974	1.38974	1.38974	1.38975	1.38974	1.38974	1.38975	1.38976	1.38977	1.38977	1.38978	1.38979	1.38979	1.38979	1.3898	1.38981	1.3898	1.38979	1.38979	1.38979	1.38978	1.38976	1.38976	1.38976	1.38974	1.38973	1.38973	1.38972	1.38972	1.38971	1.38971	1.38971	1.38971	
1.41327	1.41327	1.41327	1.41327	1.41328	1.41328	1.41329	1.41329	1.4133	1.41331	1.41331	1.41331	1.41332	1.41333	1.41333	1.41333	1.41334	1.41334	1.41334	1.41334	1.41333	1.41333	1.41332	1.41332	1.41331	1.4133	1.4133	1.4133	1.4133	1.41329	1.41329	1.4133	1.4133	1.41329	1.4133	1.4133	1.4133	1.4133	1.41331	1.41331	1.41331	1.41332	1.41333	1.41334	1.41334	1.41333	1.41334	1.41335	1.41334	1.41333	1.41334	1.41334	1.41333	1.41331	1.41331	1.41331	1.4133	1.41329	1.41329	1.41328	1.41328	1.41327	1.41327	1.41327	1.41327	
1.43683	1.43683	1.43683	1.43683	1.43684	1.43684	1.43684	1.43685	1.43685	1.43686	1.43686	1.43686	1.43687	1.43688	1.43688	1.43688	1.43688	1.43688	1.43688	1.43688	1.43688	1.43687	1.43687	1.43687	1.43686	1.43686	1.43686	1.43686	1.43685	1.43685	1.43685	1.43685	1.43685	1.43685	1.43685	1.43685	1.43685	1.43685	1.43686	1.43686	1.43686	1.43686	1.43687	1.43688	1.43688	1.43688	1.43688	1.43689	1.43688	1.43688	1.43688	1.43688	1.43687	1.43686	1.43686	1.43686	1.43685	1.43685	1.43684	1.43684	1.43684	1.43683	1.43683	1.43683	1.43683	
1.46039	1.46039	1.46039	1.46039	1.4604	1.4604	1.4604	1.4604	1.46041	1.46041	1.46041	1.46041	1.46042	1.46042	1.46042	1.46042	1.46042	1.46043	1.46043	1.46042	1.46042	1.46042	1.46042	1.46042	1.46041	1.46041	1.46041	1.46041	1.46041	1.4604	1.4604	1.46041	1.4604	1.4604	1.46041	1.46041	1.46041	1.46041	1.46041	1.46041	1.46041	1.46041	1.46042	1.46042	1.46042	1.46042	1.46043	1.46043	1.46043	1.46042	1.46042	1.46043	1.46042	1.46041	1.46041	1.46041	1.46041	1.4604	1.4604	1.4604	1.4604	1.46039	1.46039	1.46039	1.46039	
1.48395	1.48395	1.48395	1.48395	1.48396	1.48396	1.48396	1.48396	1.48396	1.48396	1.48396	1.48396	1.48397	1.48397	1.48397	1.48397	1.48397	1.48397	1.48397	1.48397	1.48397	1.48397	1.48396	1.48396	1.48396	1.48396	1.48396	1.48396	1.48396	1.48396	1.48396	1.48396	1.48396	1.48396	1.48396	1.48396	1.48396	1.48396	1.48396	1.48396	1.48396	1.48396	1.48397	1.48397	1.48397	1.48397	1.48397	1.48397	1.48397	1.48397	1.48397	1.48397	1.48397	1.48396	1.48396	1.48396	1.48396	1.48396	1.48396	1.48396	1.48396	1.48395	1.48395	1.48395	1.48395	
1.50751	1.50751	1.50751	1.50751	1.50751	1.50751	1.50751	1.50751	1.50751	1.50751	1.50751	1.50751	1.50751	1.50751	1.50751	1.50751	1.50751	1.50751	1.50751	1.50751	1.50751	1.50751	1.50751	1.50751	1.50751	1.50751	1.50751	1.50751	1.50751	1.50751	1.50751	1.50751	1.50751	1.50751	1.50751	1.50751	1.50751	1.50751	1.50751	1.50751	1.50751	1.50751	1.50751	1.50751	1.50751	1.50751	1.50751	1.50751	1.50751	1.50751	1.50751	1.50751	1.50751	1.50751	1.50751	1.50751	1.50751	1.50751	1.50751	1.50751	1.50751	1.50751	1.50751	1.50751	1.50751	
