x=115	y=200	z=200	n=65	len=1
b
0	0	0	0	0	0	0	0	0	0	0	0	0	0	0	0	0	0	0	0	0	0	0	0	0	0	0	0	0	0	0	0	0	0	0	0	0	0	0	0	0	0	0	0	0	0	0	0	0	0	0	0	0	0	0	0	0	0	0	0	0	0	0	0	0	
0.0232312	0.0232423	0.0232266	0.0232109	0.0232438	0.0232767	0.0232854	0.0232941	0.0233578	0.0234215	0.0234699	0.0235182	0.0235954	0.0236726	0.0237191	0.0237656	0.0237728	0.02378	0.0237399	0.0236997	0.0235988	0.0234978	0.0234029	0.023308	0.0233084	0.0233088	0.0232847	0.0232607	0.0233832	0.0235056	0.023393	0.0232804	0.0233049	0.0233295	0.0233355	0.0233415	0.0233079	0.0232742	0.0232204	0.0231666	0.0232472	0.0233277	0.0233846	0.0234415	0.0235721	0.0237028	0.023742	0.0237812	0.0237808	0.0237804	0.0237553	0.0237302	0.0236455	0.0235609	0.0235214	0.0234819	0.0234159	0.02335	0.0233239	0.0232979	0.0232785	0.0232592	0.0232396	0.0232201	0.0232312	
0.0465253	0.0465476	0.0465152	0.0464829	0.0465396	0.0465964	0.0466056	0.0466147	0.0467247	0.0468347	0.0469178	0.0470009	0.0471421	0.0472834	0.047374	0.0474646	0.047495	0.0475254	0.0474655	0.0474056	0.0472306	0.0470557	0.0468748	0.046694	0.0466656	0.0466372	0.0465793	0.0465214	0.0467609	0.0470005	0.0467893	0.0465781	0.0466299	0.0466817	0.0466726	0.0466635	0.0466137	0.046564	0.0464795	0.0463951	0.0465689	0.0467428	0.0468502	0.0469576	0.0471873	0.0474171	0.0474755	0.0475338	0.0475153	0.0474969	0.047445	0.0473932	0.0472379	0.0470825	0.047013	0.0469435	0.0468314	0.0467193	0.0466749	0.0466304	0.0466024	0.0465743	0.0465386	0.0465029	0.0465253	
0.0698193	0.0698529	0.0698039	0.0697549	0.0698355	0.0699161	0.0699257	0.0699353	0.0700916	0.0702478	0.0703657	0.0704836	0.0706888	0.0708941	0.0710288	0.0711635	0.0712172	0.0712708	0.0711912	0.0711115	0.0708625	0.0706135	0.0703468	0.07008	0.0700228	0.0699656	0.0698738	0.0697821	0.0701387	0.0704953	0.0701856	0.0698758	0.0699549	0.070034	0.0700097	0.0699855	0.0699196	0.0698538	0.0697387	0.0696236	0.0698907	0.0701579	0.0703158	0.0704737	0.0708025	0.0711314	0.0712089	0.0712864	0.0712499	0.0712133	0.0711348	0.0710562	0.0708302	0.0706041	0.0705046	0.0704052	0.0702469	0.0700886	0.0700258	0.069963	0.0699262	0.0698895	0.0698376	0.0697857	0.0698193	
0.0932775	0.093323	0.0932562	0.0931894	0.0932725	0.0933556	0.0933472	0.0933388	0.0934973	0.0936558	0.0937739	0.093892	0.094121	0.0943499	0.0945166	0.0946834	0.0947866	0.0948899	0.0948423	0.0947947	0.094549	0.0943033	0.0939939	0.0936845	0.0935405	0.0933966	0.0932493	0.093102	0.0935245	0.0939471	0.0936039	0.0932607	0.0933869	0.0935131	0.0934213	0.0933295	0.0932826	0.0932356	0.093153	0.0930703	0.093433	0.0937957	0.0939785	0.0941612	0.0944934	0.0948257	0.0948786	0.0949316	0.0948416	0.0947515	0.09465	0.0945486	0.0942932	0.0940379	0.0939332	0.0938285	0.0936747	0.0935208	0.0934567	0.0933927	0.093373	0.0933533	0.0932927	0.093232	0.0932775	
0.116736	0.116793	0.116709	0.116624	0.11671	0.116795	0.116769	0.116742	0.116903	0.117064	0.117182	0.1173	0.117553	0.117806	0.118004	0.118203	0.118356	0.118509	0.118493	0.118478	0.118236	0.117993	0.117641	0.117289	0.117058	0.116828	0.116625	0.116422	0.11691	0.117399	0.117022	0.116646	0.116819	0.116992	0.116833	0.116674	0.116646	0.116617	0.116567	0.116517	0.116975	0.117434	0.117641	0.117849	0.118184	0.11852	0.118548	0.118577	0.118433	0.11829	0.118165	0.118041	0.117756	0.117472	0.117362	0.117252	0.117102	0.116953	0.116888	0.116822	0.11682	0.116817	0.116748	0.116678	0.116736	
0.140401	0.140467	0.140372	0.140277	0.140342	0.140408	0.140355	0.140302	0.140417	0.140532	0.140612	0.140692	0.140906	0.14112	0.141313	0.141506	0.141701	0.141896	0.141949	0.142002	0.141871	0.141739	0.141426	0.141114	0.140809	0.140503	0.140234	0.139965	0.140398	0.14083	0.140454	0.140077	0.14031	0.140543	0.140343	0.140142	0.140195	0.140247	0.140274	0.140301	0.140799	0.141297	0.141458	0.141618	0.14184	0.142062	0.142031	0.141999	0.141804	0.141608	0.141482	0.141356	0.141111	0.140866	0.140778	0.140691	0.1406	0.140509	0.140457	0.140406	0.140439	0.140472	0.140404	0.140335	0.140401	
0.164066	0.164141	0.164035	0.163929	0.163975	0.164021	0.163941	0.163861	0.163931	0.164	0.164042	0.164084	0.164259	0.164434	0.164622	0.164809	0.165046	0.165283	0.165405	0.165526	0.165506	0.165485	0.165212	0.164939	0.164559	0.164179	0.163844	0.163508	0.163885	0.164262	0.163885	0.163508	0.1638	0.164093	0.163852	0.163611	0.163744	0.163876	0.16398	0.164084	0.164623	0.165161	0.165274	0.165386	0.165496	0.165605	0.165513	0.165422	0.165174	0.164927	0.164799	0.164672	0.164466	0.16426	0.164195	0.16413	0.164097	0.164064	0.164027	0.16399	0.164059	0.164128	0.16406	0.163992	0.164066	
0.187878	0.187953	0.187853	0.187753	0.187776	0.187799	0.187705	0.187612	0.18762	0.187628	0.187615	0.187602	0.187684	0.187767	0.187892	0.188017	0.188225	0.188434	0.188597	0.18876	0.188893	0.189025	0.188892	0.188758	0.188456	0.188155	0.187807	0.18746	0.187619	0.187779	0.187428	0.187077	0.187342	0.187607	0.187472	0.187337	0.187624	0.187912	0.188026	0.18814	0.188562	0.188984	0.188978	0.188972	0.188913	0.188853	0.188721	0.188589	0.188362	0.188135	0.188042	0.187949	0.187851	0.187753	0.187721	0.187688	0.187735	0.187782	0.187755	0.187728	0.187828	0.187929	0.187866	0.187803	0.187878	
0.21169	0.211766	0.211672	0.211577	0.211576	0.211576	0.211469	0.211362	0.211309	0.211256	0.211187	0.211119	0.211109	0.211099	0.211162	0.211225	0.211405	0.211584	0.211789	0.211994	0.21228	0.212566	0.212572	0.212578	0.212354	0.21213	0.211771	0.211411	0.211354	0.211296	0.210971	0.210645	0.210883	0.211121	0.211092	0.211063	0.211505	0.211947	0.212071	0.212195	0.212501	0.212806	0.212682	0.212558	0.21233	0.212101	0.211929	0.211757	0.21155	0.211343	0.211285	0.211227	0.211237	0.211247	0.211247	0.211247	0.211373	0.2115	0.211483	0.211466	0.211598	0.21173	0.211671	0.211613	0.21169	
0.235498	0.235564	0.235497	0.235429	0.235423	0.235418	0.235335	0.235253	0.235173	0.235093	0.235	0.234907	0.23481	0.234713	0.234684	0.234655	0.234715	0.234775	0.234916	0.235057	0.23538	0.235704	0.235833	0.235963	0.236006	0.236049	0.23577	0.235491	0.23522	0.234948	0.234812	0.234675	0.234779	0.234883	0.23495	0.235016	0.235566	0.236116	0.236089	0.236063	0.236113	0.236163	0.235951	0.235739	0.235451	0.235162	0.235029	0.234895	0.234819	0.234743	0.234735	0.234728	0.234857	0.234985	0.234994	0.235003	0.235172	0.235341	0.235314	0.235287	0.235414	0.235541	0.235486	0.235432	0.235498	
0.259306	0.259362	0.259322	0.259281	0.25927	0.25926	0.259201	0.259143	0.259036	0.258929	0.258812	0.258695	0.25851	0.258326	0.258205	0.258085	0.258025	0.257965	0.258042	0.258119	0.258481	0.258842	0.259095	0.259348	0.259658	0.259968	0.25977	0.259572	0.259086	0.258601	0.258653	0.258705	0.258675	0.258646	0.258808	0.25897	0.259627	0.260284	0.260107	0.25993	0.259725	0.25952	0.25922	0.25892	0.258572	0.258224	0.258128	0.258033	0.258087	0.258142	0.258186	0.258229	0.258476	0.258723	0.258741	0.258759	0.25897	0.259181	0.259144	0.259107	0.259229	0.259352	0.259301	0.259251	0.259306	
0.282952	0.282988	0.282984	0.282981	0.282989	0.282997	0.282997	0.282997	0.282927	0.282857	0.282782	0.282707	0.282518	0.282329	0.282173	0.282016	0.281838	0.28166	0.281604	0.281547	0.281741	0.281935	0.28214	0.282346	0.282835	0.283325	0.283284	0.283243	0.282786	0.282328	0.282469	0.28261	0.282715	0.28282	0.282765	0.28271	0.283258	0.283806	0.283509	0.283213	0.282836	0.282459	0.282225	0.281991	0.281798	0.281606	0.281597	0.281588	0.281801	0.282014	0.282063	0.282112	0.282399	0.282685	0.282666	0.282647	0.282821	0.282994	0.282928	0.282862	0.282937	0.283011	0.282963	0.282916	0.282952	
0.306597	0.306613	0.306647	0.306681	0.306708	0.306734	0.306792	0.306851	0.306818	0.306784	0.306751	0.306718	0.306526	0.306333	0.30614	0.305947	0.305651	0.305355	0.305165	0.304975	0.305002	0.305028	0.305186	0.305343	0.306013	0.306682	0.306798	0.306915	0.306485	0.306056	0.306285	0.306515	0.306755	0.306995	0.306722	0.30645	0.306888	0.307327	0.306911	0.306496	0.305947	0.305399	0.30523	0.305061	0.305025	0.304988	0.305066	0.305143	0.305514	0.305886	0.30594	0.305995	0.306321	0.306647	0.306591	0.306536	0.306671	0.306807	0.306712	0.306617	0.306644	0.306671	0.306626	0.306581	0.306597	
0.330061	0.330054	0.330113	0.330172	0.330218	0.330264	0.330369	0.330473	0.330511	0.330549	0.330593	0.330638	0.330549	0.33046	0.330341	0.330221	0.329955	0.32969	0.329465	0.32924	0.329073	0.328906	0.328891	0.328876	0.329371	0.329866	0.330028	0.33019	0.330087	0.329985	0.329852	0.329718	0.330172	0.330625	0.330279	0.329934	0.330071	0.330207	0.32994	0.329673	0.329244	0.328815	0.328796	0.328776	0.328966	0.329155	0.329238	0.329321	0.329715	0.330108	0.330099	0.33009	0.33032	0.33055	0.330447	0.330343	0.330381	0.330419	0.330312	0.330205	0.33017	0.330136	0.330102	0.330067	0.330061	
0.353524	0.353494	0.353579	0.353663	0.353728	0.353794	0.353945	0.354096	0.354205	0.354314	0.354436	0.354557	0.354572	0.354587	0.354541	0.354496	0.35426	0.354024	0.353764	0.353505	0.353144	0.352784	0.352596	0.352408	0.352729	0.35305	0.353258	0.353465	0.353689	0.353914	0.353418	0.352922	0.353588	0.354255	0.353837	0.353419	0.353253	0.353087	0.352969	0.352851	0.352541	0.35223	0.352361	0.352492	0.352906	0.353321	0.35341	0.353498	0.353915	0.354331	0.354258	0.354185	0.354319	0.354454	0.354302	0.354151	0.354091	0.354031	0.353912	0.353792	0.353697	0.353601	0.353577	0.353554	0.353524	
0.376981	0.376937	0.377017	0.377097	0.377155	0.377213	0.37735	0.377487	0.377624	0.37776	0.377902	0.378044	0.378165	0.378286	0.378336	0.378385	0.378331	0.378277	0.378137	0.377996	0.377699	0.377401	0.377173	0.376945	0.376903	0.376861	0.377032	0.377203	0.377761	0.378318	0.378024	0.377731	0.377884	0.378038	0.377759	0.37748	0.376989	0.376498	0.37664	0.376781	0.376746	0.376711	0.376827	0.376944	0.377369	0.377793	0.377776	0.377759	0.378006	0.378254	0.378122	0.37799	0.377986	0.377983	0.377837	0.377692	0.377568	0.377444	0.377357	0.377271	0.37715	0.37703	0.377028	0.377025	0.376981	
0.400438	0.400379	0.400455	0.40053	0.400581	0.400632	0.400755	0.400879	0.401042	0.401206	0.401368	0.401531	0.401759	0.401986	0.402131	0.402275	0.402403	0.402531	0.40251	0.402488	0.402253	0.402019	0.40175	0.401481	0.401076	0.400672	0.400807	0.400942	0.401832	0.402722	0.402631	0.402539	0.40218	0.401821	0.401682	0.401542	0.400725	0.399909	0.40031	0.400712	0.400952	0.401191	0.401294	0.401396	0.401831	0.402265	0.402142	0.402019	0.402098	0.402176	0.401986	0.401795	0.401653	0.401511	0.401372	0.401233	0.401045	0.400856	0.400803	0.400749	0.400604	0.400459	0.400478	0.400497	0.400438	
0.424135	0.424072	0.424127	0.424182	0.424198	0.424214	0.42428	0.424345	0.424459	0.424572	0.424666	0.424759	0.424971	0.425182	0.425304	0.425426	0.425657	0.425889	0.42596	0.426032	0.426052	0.426071	0.425951	0.425831	0.425451	0.425071	0.425167	0.425264	0.425808	0.426351	0.426723	0.427094	0.426309	0.425523	0.425651	0.425779	0.425158	0.424537	0.424694	0.424851	0.42524	0.425629	0.425561	0.425493	0.425714	0.425936	0.425754	0.425573	0.425504	0.425436	0.425291	0.425146	0.424969	0.424793	0.424738	0.424683	0.42451	0.424337	0.424351	0.424364	0.424237	0.42411	0.424154	0.424199	0.424135	
0.447833	0.447765	0.447799	0.447833	0.447815	0.447797	0.447804	0.447812	0.447875	0.447938	0.447963	0.447987	0.448183	0.448378	0.448477	0.448577	0.448911	0.449246	0.449411	0.449576	0.44985	0.450123	0.450152	0.450182	0.449826	0.44947	0.449528	0.449586	0.449783	0.44998	0.450815	0.451649	0.450437	0.449225	0.449621	0.450016	0.449591	0.449165	0.449077	0.448989	0.449528	0.450068	0.449829	0.44959	0.449598	0.449607	0.449366	0.449126	0.448911	0.448696	0.448596	0.448497	0.448286	0.448074	0.448103	0.448132	0.447975	0.447817	0.447898	0.447979	0.44787	0.447761	0.447831	0.447901	0.447833	
0.471794	0.47173	0.471755	0.47178	0.47173	0.47168	0.471658	0.471636	0.471627	0.471618	0.471578	0.471538	0.471626	0.471714	0.47171	0.471706	0.471945	0.472185	0.472255	0.472326	0.472646	0.472967	0.473026	0.473085	0.473129	0.473172	0.473108	0.473045	0.47286	0.472675	0.473126	0.473577	0.472795	0.472013	0.472636	0.47326	0.473196	0.473131	0.472778	0.472426	0.472798	0.473171	0.472909	0.472647	0.472585	0.472523	0.472375	0.472226	0.472056	0.471886	0.471891	0.471896	0.471762	0.471629	0.471722	0.471816	0.471724	0.471633	0.471742	0.471852	0.471778	0.471704	0.471781	0.471859	0.471794	
0.495756	0.495695	0.495711	0.495727	0.495645	0.495563	0.495512	0.49546	0.495379	0.495297	0.495193	0.495088	0.495069	0.495049	0.494942	0.494834	0.494979	0.495124	0.495099	0.495075	0.495443	0.495811	0.495899	0.495988	0.496431	0.496875	0.496689	0.496503	0.495937	0.49537	0.495437	0.495504	0.495152	0.4948	0.495652	0.496504	0.4968	0.497097	0.49648	0.495862	0.496068	0.496275	0.495989	0.495704	0.495572	0.495439	0.495383	0.495327	0.495201	0.495075	0.495185	0.495294	0.495239	0.495183	0.495342	0.495501	0.495474	0.495448	0.495586	0.495724	0.495686	0.495648	0.495732	0.495817	0.495756	
0.519633	0.519575	0.519607	0.51964	0.519547	0.519454	0.51944	0.519425	0.519312	0.519199	0.519133	0.519067	0.518975	0.518883	0.518786	0.518688	0.518692	0.518696	0.518632	0.518567	0.518745	0.518923	0.518951	0.51898	0.519338	0.519697	0.51969	0.519683	0.51933	0.518977	0.519099	0.51922	0.518603	0.517985	0.518645	0.519304	0.519801	0.520298	0.519671	0.519044	0.519234	0.519425	0.519221	0.519017	0.51897	0.518923	0.518932	0.518941	0.518907	0.518873	0.518988	0.519104	0.519108	0.519111	0.519241	0.51937	0.519376	0.519382	0.519488	0.519594	0.519571	0.519548	0.51962	0.519692	0.519633	
0.543511	0.543455	0.543504	0.543553	0.543449	0.543345	0.543368	0.54339	0.543246	0.543101	0.543074	0.543046	0.542882	0.542717	0.542629	0.542542	0.542406	0.542269	0.542165	0.54206	0.542047	0.542035	0.542004	0.541972	0.542245	0.542518	0.54269	0.542862	0.542723	0.542691	0.542791	0.542849	0.542206	0.541263	0.541487	0.542105	0.542801	0.543498	0.542862	0.542225	0.542401	0.542576	0.542453	0.54233	0.542368	0.542406	0.542481	0.542556	0.542613	0.54267	0.542792	0.542914	0.542977	0.543039	0.543139	0.543239	0.543277	0.543315	0.54339	0.543464	0.543456	0.543449	0.543508	0.543567	0.543511	
0.566892	0.566839	0.566901	0.566963	0.566867	0.56677	0.566835	0.5669	0.566765	0.56663	0.566676	0.566721	0.566555	0.566389	0.566396	0.566402	0.566221	0.566039	0.566018	0.565997	0.565838	0.565678	0.565693	0.565707	0.565609	0.56551	0.565664	0.565817	0.566109	0.566889	0.566754	0.56658	0.567107	0.566016	0.565429	0.565994	0.566278	0.566563	0.566091	0.56562	0.565923	0.566227	0.566105	0.565983	0.566095	0.566208	0.566231	0.566254	0.566343	0.566432	0.566477	0.566521	0.566591	0.566661	0.566694	0.566727	0.566764	0.566802	0.566834	0.566866	0.566859	0.566852	0.566899	0.566945	0.566892	
0.590273	0.590224	0.590298	0.590373	0.590284	0.590196	0.590303	0.59041	0.590284	0.590159	0.590277	0.590396	0.590228	0.59006	0.590162	0.590263	0.590036	0.589809	0.589871	0.589934	0.589628	0.589322	0.589382	0.589443	0.588972	0.588502	0.588637	0.588772	0.589495	0.589968	0.589768	0.588612	0.588776	0.589185	0.590014	0.590178	0.589683	0.589627	0.589321	0.589014	0.589446	0.589878	0.589757	0.589636	0.589822	0.590009	0.58998	0.589952	0.590073	0.590194	0.590161	0.590128	0.590205	0.590283	0.590249	0.590215	0.590252	0.590288	0.590278	0.590269	0.590262	0.590255	0.590289	0.590323	0.590273	
0.613159	0.613119	0.61318	0.613242	0.613165	0.613088	0.613178	0.613269	0.613156	0.613044	0.613156	0.613269	0.613118	0.612966	0.613089	0.613213	0.613008	0.612804	0.612923	0.613042	0.612765	0.612488	0.612601	0.612715	0.612292	0.61187	0.611935	0.612001	0.611705	0.610675	0.61042	0.61159	0.621982	0.613562	0.613026	0.612235	0.612295	0.612698	0.612614	0.61253	0.61267	0.612811	0.612811	0.61281	0.612896	0.612981	0.612962	0.612942	0.61302	0.613098	0.613061	0.613024	0.613084	0.613144	0.613114	0.613084	0.613117	0.613149	0.613145	0.613141	0.613139	0.613136	0.613168	0.6132	0.613159	
0.636045	0.636014	0.636062	0.636111	0.636045	0.63598	0.636054	0.636127	0.636028	0.635929	0.636035	0.636141	0.636007	0.635872	0.636017	0.636162	0.635981	0.635799	0.635975	0.636151	0.635903	0.635655	0.635821	0.635986	0.635612	0.635238	0.635234	0.63523	0.633915	0.632595	0.63204	0.638933	0.706932	0.653431	0.633117	0.633749	0.635012	0.635769	0.635908	0.636046	0.635895	0.635743	0.635864	0.635985	0.635969	0.635954	0.635943	0.635933	0.635967	0.636002	0.635961	0.635919	0.635962	0.636004	0.635979	0.635954	0.635982	0.636011	0.636012	0.636014	0.636016	0.636017	0.636047	0.636077	0.636045	
0.65894	0.658924	0.658949	0.658975	0.658929	0.658884	0.658918	0.658952	0.658879	0.658806	0.658868	0.65893	0.658832	0.658733	0.65885	0.658966	0.658836	0.658707	0.658897	0.659088	0.658911	0.658734	0.658965	0.659196	0.658952	0.658708	0.659005	0.659301	0.658915	0.658578	0.657703	0.656905	0.740126	0.686268	0.656369	0.658021	0.658443	0.658222	0.658633	0.659045	0.658811	0.658576	0.658734	0.658892	0.658811	0.65873	0.658753	0.658775	0.658765	0.658754	0.658751	0.658748	0.658769	0.658789	0.658797	0.658805	0.658829	0.658852	0.658872	0.658891	0.6589	0.658909	0.658933	0.658957	0.65894	
0.681836	0.681834	0.681836	0.681839	0.681813	0.681788	0.681782	0.681777	0.68173	0.681683	0.681701	0.681718	0.681656	0.681594	0.681682	0.68177	0.681692	0.681615	0.68182	0.682025	0.681918	0.681812	0.682109	0.682407	0.682292	0.682178	0.682775	0.683372	0.683915	0.68448	0.683608	0.681825	0.726604	0.679578	0.68236	0.682442	0.681804	0.680675	0.681359	0.682044	0.681727	0.68141	0.681605	0.681799	0.681653	0.681507	0.681562	0.681617	0.681562	0.681506	0.681542	0.681577	0.681576	0.681574	0.681615	0.681656	0.681675	0.681694	0.681731	0.681769	0.681785	0.681801	0.681819	0.681837	0.681836	
0.70522	0.705233	0.705222	0.705211	0.705216	0.705221	0.705202	0.705183	0.705184	0.705185	0.705182	0.70518	0.705181	0.705182	0.705224	0.705266	0.705262	0.705258	0.705354	0.70545	0.705427	0.705404	0.705513	0.705623	0.705639	0.705654	0.705631	0.705607	0.706115	0.707597	0.707409	0.7023	0.723277	0.702342	0.705033	0.705504	0.705155	0.704478	0.70496	0.705442	0.705204	0.704967	0.70511	0.705253	0.705144	0.705035	0.705088	0.705141	0.705084	0.705027	0.705056	0.705085	0.705069	0.705053	0.70508	0.705106	0.705115	0.705124	0.705145	0.705165	0.705183	0.705201	0.705204	0.705206	0.70522	
0.728604	0.728633	0.728608	0.728582	0.728618	0.728654	0.728622	0.72859	0.728638	0.728686	0.728664	0.728642	0.728706	0.72877	0.728766	0.728762	0.728832	0.728901	0.728889	0.728876	0.728936	0.728996	0.728917	0.728839	0.728985	0.729131	0.728486	0.727841	0.728315	0.729195	0.729876	0.729867	0.728526	0.728859	0.729788	0.7297	0.729124	0.72828	0.72856	0.72884	0.728682	0.728525	0.728616	0.728707	0.728635	0.728563	0.728614	0.728664	0.728606	0.728548	0.72857	0.728592	0.728562	0.728532	0.728544	0.728556	0.728555	0.728555	0.728558	0.728561	0.728581	0.728602	0.728588	0.728575	0.728604	
0.752467	0.752505	0.752474	0.752442	0.752496	0.752551	0.752517	0.752483	0.752557	0.752632	0.752592	0.752551	0.752646	0.752741	0.752672	0.752602	0.752708	0.752814	0.752663	0.752512	0.752634	0.752757	0.752495	0.752234	0.752462	0.75269	0.752291	0.751892	0.752159	0.751293	0.752226	0.754501	0.749657	0.753018	0.754097	0.754068	0.753411	0.752588	0.752771	0.752954	0.752688	0.752422	0.752549	0.752677	0.752594	0.752511	0.752577	0.752643	0.752595	0.752548	0.752561	0.752574	0.752547	0.752521	0.752507	0.752494	0.752493	0.752491	0.752467	0.752443	0.752465	0.752488	0.752459	0.752429	0.752467	
0.776331	0.776378	0.77634	0.776302	0.776375	0.776448	0.776412	0.776376	0.776477	0.776578	0.77652	0.776461	0.776587	0.776713	0.776578	0.776442	0.776585	0.776727	0.776438	0.776148	0.776333	0.776518	0.776073	0.775629	0.775939	0.776249	0.776096	0.775943	0.776003	0.775937	0.776269	0.777912	0.776991	0.776014	0.776874	0.777478	0.777361	0.776896	0.776982	0.777069	0.776694	0.776319	0.776483	0.776646	0.776553	0.776459	0.77654	0.776621	0.776585	0.776549	0.776552	0.776555	0.776532	0.776509	0.776471	0.776432	0.77643	0.776428	0.776377	0.776326	0.77635	0.776374	0.776329	0.776284	0.776331	
0.800273	0.800322	0.800278	0.800233	0.800296	0.800358	0.800306	0.800254	0.80033	0.800405	0.800317	0.800229	0.80031	0.800392	0.800227	0.800062	0.800152	0.800241	0.799984	0.799726	0.799878	0.800029	0.799755	0.79948	0.79983	0.80018	0.799956	0.799731	0.799545	0.799934	0.799577	0.79959	0.799016	0.798883	0.799411	0.799962	0.800283	0.800252	0.80037	0.800487	0.80019	0.799892	0.800008	0.800124	0.800081	0.800038	0.800111	0.800184	0.800212	0.80024	0.800256	0.800272	0.800303	0.800334	0.800306	0.800277	0.800308	0.800339	0.800291	0.800243	0.800281	0.800319	0.800272	0.800225	0.800273	
0.824216	0.824266	0.824215	0.824164	0.824216	0.824268	0.824201	0.824133	0.824182	0.824231	0.824114	0.823997	0.824034	0.82407	0.823876	0.823682	0.823719	0.823755	0.82353	0.823305	0.823423	0.823541	0.823436	0.823332	0.823721	0.824111	0.823815	0.82352	0.823086	0.822652	0.821616	0.820581	0.820534	0.820488	0.82114	0.821791	0.8227	0.823609	0.823757	0.823906	0.823685	0.823464	0.823533	0.823601	0.823609	0.823617	0.823682	0.823747	0.823839	0.823932	0.82396	0.823988	0.824074	0.82416	0.824141	0.824122	0.824186	0.82425	0.824205	0.82416	0.824212	0.824264	0.824215	0.824166	0.824216	
0.847936	0.847979	0.847927	0.847874	0.847899	0.847923	0.847844	0.847764	0.847765	0.847767	0.847646	0.847525	0.8475	0.847475	0.847327	0.847178	0.847146	0.847114	0.847019	0.846923	0.846926	0.846928	0.846973	0.847018	0.847026	0.847034	0.846866	0.846699	0.846701	0.846704	0.846425	0.846147	0.845876	0.845606	0.845604	0.845602	0.846273	0.846944	0.84704	0.847136	0.847026	0.846916	0.846982	0.847048	0.847027	0.847006	0.847081	0.847156	0.847237	0.847319	0.847379	0.84744	0.847543	0.847646	0.847668	0.84769	0.847776	0.847861	0.847849	0.847837	0.847899	0.847961	0.847927	0.847894	0.847936	
0.871657	0.871692	0.871638	0.871585	0.871582	0.871578	0.871487	0.871395	0.871348	0.871302	0.871178	0.871054	0.870967	0.870881	0.870777	0.870674	0.870574	0.870474	0.870508	0.870542	0.870428	0.870315	0.87051	0.870705	0.870331	0.869958	0.869917	0.869877	0.870316	0.870756	0.871234	0.871713	0.871218	0.870723	0.870068	0.869413	0.869847	0.87028	0.870324	0.870367	0.870367	0.870367	0.870431	0.870495	0.870445	0.870395	0.87048	0.870565	0.870636	0.870706	0.870799	0.870892	0.871012	0.871132	0.871195	0.871259	0.871365	0.871472	0.871493	0.871514	0.871586	0.871657	0.87164	0.871622	0.871657	
0.895169	0.895194	0.895148	0.895103	0.895087	0.895071	0.894989	0.894907	0.894852	0.894797	0.894707	0.894616	0.894536	0.894455	0.894423	0.894391	0.894309	0.894227	0.894333	0.894439	0.894332	0.894225	0.894407	0.89459	0.894327	0.894064	0.894235	0.894406	0.894834	0.895262	0.895033	0.894805	0.894823	0.894841	0.894694	0.894547	0.894489	0.89443	0.89443	0.894431	0.894438	0.894444	0.894469	0.894494	0.894382	0.89427	0.894322	0.894375	0.894361	0.894346	0.894424	0.894503	0.894569	0.894635	0.894707	0.89478	0.894863	0.894946	0.894986	0.895027	0.895088	0.895149	0.895147	0.895145	0.895169	
0.918681	0.918696	0.918658	0.918621	0.918592	0.918564	0.918492	0.91842	0.918356	0.918293	0.918236	0.918179	0.918104	0.91803	0.91807	0.918109	0.918045	0.91798	0.918159	0.918337	0.918236	0.918134	0.918305	0.918475	0.918323	0.918171	0.918553	0.918934	0.919351	0.919767	0.918833	0.917898	0.918428	0.918958	0.91932	0.919681	0.919131	0.91858	0.918537	0.918495	0.918508	0.918522	0.918507	0.918493	0.918318	0.918144	0.918165	0.918185	0.918086	0.917986	0.91805	0.918114	0.918126	0.918138	0.918219	0.918301	0.91836	0.91842	0.918479	0.918539	0.918589	0.91864	0.918654	0.918667	0.918681	
0.94216	0.942163	0.942143	0.942124	0.942099	0.942075	0.942035	0.941996	0.941953	0.94191	0.941902	0.941893	0.941852	0.941811	0.941892	0.941974	0.94194	0.941907	0.942071	0.942235	0.942181	0.942126	0.942243	0.942359	0.942419	0.942479	0.942657	0.942836	0.942722	0.942609	0.941801	0.940993	0.941423	0.941853	0.942375	0.942897	0.942587	0.942277	0.942315	0.942353	0.942367	0.942381	0.942387	0.942393	0.942245	0.942098	0.942114	0.94213	0.941987	0.941845	0.941888	0.941932	0.941876	0.94182	0.941886	0.941951	0.941957	0.941963	0.94202	0.942076	0.942096	0.942116	0.942137	0.942158	0.94216	
0.96564	0.96563	0.965628	0.965627	0.965606	0.965586	0.965579	0.965572	0.96555	0.965528	0.965568	0.965608	0.9656	0.965591	0.965715	0.965838	0.965836	0.965833	0.965983	0.966133	0.966125	0.966118	0.96618	0.966243	0.966514	0.966786	0.966761	0.966737	0.966093	0.96545	0.964769	0.964088	0.964418	0.964748	0.96543	0.966113	0.966043	0.965974	0.966093	0.966212	0.966226	0.96624	0.966267	0.966293	0.966172	0.966052	0.966063	0.966074	0.965889	0.965703	0.965726	0.96575	0.965626	0.965503	0.965552	0.965601	0.965554	0.965507	0.96556	0.965613	0.965602	0.965591	0.96562	0.965649	0.96564	
0.989198	0.989177	0.989193	0.98921	0.989194	0.989178	0.989202	0.989227	0.989218	0.989209	0.989276	0.989344	0.989344	0.989345	0.989463	0.989582	0.989578	0.989574	0.989677	0.98978	0.98978	0.989779	0.989803	0.989828	0.989955	0.990082	0.989939	0.989795	0.98919	0.988585	0.988502	0.988419	0.988382	0.988345	0.98878	0.989215	0.989131	0.989047	0.989358	0.989669	0.98966	0.98965	0.989749	0.989847	0.989769	0.98969	0.989735	0.98978	0.989622	0.989464	0.989491	0.989518	0.989379	0.98924	0.989276	0.989312	0.989232	0.989151	0.989192	0.989233	0.989196	0.989158	0.989188	0.989218	0.989198	
1.01276	1.01272	1.01276	1.01279	1.01278	1.01277	1.01283	1.01288	1.01288	1.01289	1.01298	1.01308	1.01309	1.0131	1.01321	1.01333	1.01332	1.01331	1.01337	1.01343	1.01343	1.01344	1.01343	1.01341	1.0134	1.01338	1.01312	1.01285	1.01229	1.01172	1.01224	1.01275	1.01235	1.01194	1.01213	1.01232	1.01222	1.01212	1.01262	1.01313	1.01309	1.01306	1.01323	1.0134	1.01336	1.01333	1.01341	1.01349	1.01336	1.01322	1.01326	1.01329	1.01313	1.01298	1.013	1.01302	1.01291	1.0128	1.01282	1.01285	1.01279	1.01272	1.01276	1.01279	1.01276	
1.03638	1.03634	1.03638	1.03643	1.03641	1.03639	1.03646	1.03653	1.03652	1.03652	1.03661	1.03671	1.0367	1.03669	1.03679	1.03688	1.03686	1.03684	1.03687	1.03691	1.0369	1.03689	1.03688	1.03686	1.03673	1.0366	1.03645	1.0363	1.03592	1.03554	1.03606	1.03658	1.03619	1.03581	1.03586	1.03592	1.03576	1.03561	1.03604	1.03647	1.03645	1.03643	1.03661	1.0368	1.03677	1.03674	1.03685	1.03695	1.03685	1.03676	1.03681	1.03687	1.03674	1.03661	1.03664	1.03667	1.03655	1.03644	1.03647	1.0365	1.03642	1.03635	1.03638	1.03642	1.03638	
1.06	1.05995	1.06001	1.06007	1.06004	1.06001	1.0601	1.06018	1.06016	1.06014	1.06024	1.06034	1.06031	1.06029	1.06036	1.06043	1.0604	1.06037	1.06038	1.06039	1.06037	1.06034	1.06033	1.06031	1.06006	1.05982	1.05979	1.05975	1.05955	1.05935	1.05988	1.06041	1.06004	1.05968	1.0596	1.05952	1.05931	1.0591	1.05945	1.05981	1.0598	1.05979	1.06	1.0602	1.06018	1.06016	1.06028	1.06041	1.06035	1.0603	1.06037	1.06044	1.06034	1.06023	1.06027	1.06031	1.0602	1.06009	1.06011	1.06014	1.06006	1.05997	1.06001	1.06005	1.06	
1.08361	1.08356	1.08362	1.08368	1.08364	1.0836	1.08369	1.08377	1.08373	1.08369	1.08378	1.08387	1.08383	1.08378	1.08384	1.0839	1.08386	1.08382	1.08383	1.08385	1.0838	1.08375	1.08374	1.08373	1.08348	1.08323	1.08322	1.08321	1.0831	1.08299	1.08327	1.08355	1.08338	1.08321	1.08312	1.08303	1.08288	1.08273	1.08298	1.08323	1.08324	1.08325	1.08344	1.08363	1.0836	1.08358	1.0837	1.08383	1.08378	1.08374	1.08382	1.08391	1.08383	1.08375	1.0838	1.08385	1.08376	1.08367	1.08371	1.08374	1.08366	1.08358	1.08363	1.08367	1.08361	
1.10723	1.10717	1.10724	1.1073	1.10725	1.10719	1.10727	1.10736	1.1073	1.10724	1.10732	1.1074	1.10734	1.10728	1.10732	1.10737	1.10732	1.10727	1.10729	1.10731	1.10724	1.10716	1.10715	1.10715	1.10689	1.10664	1.10665	1.10667	1.10665	1.10663	1.10665	1.10668	1.10671	1.10674	1.10664	1.10654	1.10645	1.10637	1.10651	1.10665	1.10668	1.10671	1.10689	1.10707	1.10703	1.107	1.10712	1.10725	1.10721	1.10718	1.10728	1.10738	1.10732	1.10727	1.10733	1.1074	1.10732	1.10725	1.1073	1.10734	1.10727	1.10719	1.10724	1.10729	1.10723	
1.13079	1.13073	1.1308	1.13086	1.1308	1.13073	1.13081	1.13089	1.13082	1.13075	1.13082	1.13088	1.13082	1.13076	1.1308	1.13084	1.13079	1.13073	1.13075	1.13077	1.13068	1.13058	1.13056	1.13053	1.13032	1.13011	1.13008	1.13006	1.13011	1.13016	1.13016	1.13017	1.13029	1.13042	1.13022	1.13002	1.12999	1.12997	1.13002	1.13007	1.13014	1.13021	1.13035	1.1305	1.13049	1.13048	1.13059	1.13069	1.13066	1.13063	1.13073	1.13082	1.13078	1.13073	1.13081	1.13088	1.13082	1.13076	1.13082	1.13088	1.13081	1.13075	1.1308	1.13086	1.13079	
1.15436	1.15429	1.15436	1.15443	1.15435	1.15428	1.15434	1.15441	1.15434	1.15426	1.15431	1.15437	1.1543	1.15424	1.15427	1.15431	1.15425	1.15419	1.15421	1.15423	1.15412	1.154	1.15396	1.15392	1.15375	1.15358	1.15351	1.15344	1.15356	1.15369	1.15367	1.15365	1.15387	1.1541	1.1538	1.1535	1.15353	1.15356	1.15353	1.1535	1.15361	1.15371	1.15382	1.15393	1.15394	1.15396	1.15405	1.15414	1.15411	1.15409	1.15418	1.15427	1.15424	1.1542	1.15429	1.15437	1.15433	1.15428	1.15435	1.15442	1.15436	1.1543	1.15436	1.15443	1.15436	
1.17787	1.1778	1.17787	1.17794	1.17786	1.17779	1.17785	1.17792	1.17784	1.17776	1.17781	1.17787	1.1778	1.17773	1.17777	1.1778	1.17773	1.17767	1.17767	1.17768	1.17756	1.17744	1.17737	1.17731	1.1772	1.1771	1.17703	1.17696	1.17714	1.17733	1.17736	1.1774	1.17761	1.17782	1.17746	1.17711	1.17715	1.1772	1.17709	1.17699	1.1771	1.17722	1.17729	1.17736	1.17741	1.17746	1.17753	1.17761	1.1776	1.17758	1.17767	1.17775	1.17772	1.17769	1.17777	1.17786	1.17781	1.17777	1.17784	1.17792	1.17786	1.1778	1.17787	1.17794	1.17787	
1.20139	1.20132	1.20139	1.20145	1.20138	1.2013	1.20136	1.20142	1.20134	1.20127	1.20131	1.20136	1.2013	1.20123	1.20126	1.20129	1.20121	1.20114	1.20113	1.20112	1.201	1.20087	1.20079	1.2007	1.20066	1.20061	1.20055	1.20048	1.20072	1.20096	1.20105	1.20114	1.20134	1.20154	1.20113	1.20071	1.20077	1.20083	1.20065	1.20047	1.2006	1.20072	1.20076	1.2008	1.20088	1.20096	1.20102	1.20109	1.20108	1.20108	1.20116	1.20123	1.2012	1.20117	1.20126	1.20134	1.2013	1.20126	1.20134	1.20142	1.20136	1.20131	1.20138	1.20145	1.20139	
1.22488	1.22482	1.22488	1.22495	1.22488	1.22481	1.22487	1.22492	1.22486	1.22479	1.22483	1.22487	1.22481	1.22475	1.22477	1.22479	1.2247	1.22462	1.2246	1.22457	1.22447	1.22436	1.22427	1.22419	1.2242	1.22422	1.22419	1.22416	1.22441	1.22466	1.22473	1.22481	1.22498	1.22515	1.22478	1.22442	1.22448	1.22453	1.2243	1.22407	1.22418	1.22429	1.22429	1.22428	1.22438	1.22447	1.22452	1.22457	1.22459	1.22461	1.22467	1.22474	1.22471	1.22469	1.22476	1.22484	1.2248	1.22475	1.22483	1.22491	1.22486	1.2248	1.22487	1.22494	1.22488	
1.24837	1.24831	1.24838	1.24844	1.24838	1.24832	1.24837	1.24842	1.24837	1.24831	1.24835	1.24839	1.24832	1.24826	1.24827	1.24828	1.2482	1.24811	1.24807	1.24803	1.24793	1.24784	1.24776	1.24768	1.24775	1.24783	1.24784	1.24785	1.2481	1.24835	1.24841	1.24847	1.24861	1.24875	1.24844	1.24812	1.24818	1.24823	1.24795	1.24767	1.24776	1.24786	1.24781	1.24776	1.24788	1.24799	1.24803	1.24806	1.2481	1.24813	1.24819	1.24825	1.24822	1.2482	1.24827	1.24835	1.2483	1.24825	1.24833	1.2484	1.24835	1.24829	1.24836	1.24844	1.24837	
1.27188	1.27182	1.27189	1.27195	1.2719	1.27185	1.2719	1.27195	1.2719	1.27185	1.27188	1.27191	1.27185	1.27179	1.27179	1.27179	1.27171	1.27162	1.27157	1.27152	1.27146	1.27139	1.27133	1.27126	1.27137	1.27148	1.27151	1.27155	1.27177	1.27199	1.27201	1.27202	1.27214	1.27225	1.27202	1.27178	1.27184	1.2719	1.27162	1.27134	1.2714	1.27147	1.27139	1.27131	1.27142	1.27153	1.27155	1.27158	1.27162	1.27167	1.27172	1.27177	1.27176	1.27174	1.27181	1.27187	1.27182	1.27177	1.27185	1.27192	1.27186	1.2718	1.27187	1.27194	1.27188	
1.29539	1.29533	1.29539	1.29545	1.29541	1.29537	1.29542	1.29547	1.29543	1.29539	1.29541	1.29544	1.29538	1.29532	1.29531	1.2953	1.29521	1.29513	1.29507	1.29501	1.29498	1.29494	1.2949	1.29485	1.29499	1.29513	1.29519	1.29524	1.29543	1.29562	1.2956	1.29557	1.29566	1.29575	1.2956	1.29544	1.2955	1.29556	1.29528	1.295	1.29504	1.29508	1.29497	1.29486	1.29496	1.29507	1.29508	1.29509	1.29515	1.29521	1.29526	1.2953	1.29529	1.29528	1.29534	1.2954	1.29535	1.2953	1.29536	1.29543	1.29537	1.29531	1.29537	1.29544	1.29539	
1.31892	1.31887	1.31893	1.31898	1.31895	1.31892	1.31896	1.31901	1.31897	1.31894	1.31896	1.31898	1.31892	1.31886	1.31885	1.31883	1.31875	1.31868	1.31862	1.31857	1.31856	1.31855	1.31852	1.31849	1.31863	1.31878	1.31883	1.31888	1.31904	1.31919	1.31914	1.31909	1.31916	1.31924	1.31914	1.31904	1.3191	1.31916	1.31891	1.31866	1.31869	1.31872	1.31859	1.31847	1.31855	1.31864	1.31864	1.31864	1.3187	1.31877	1.31881	1.31885	1.31884	1.31884	1.31889	1.31894	1.3189	1.31885	1.31891	1.31896	1.31891	1.31885	1.31891	1.31896	1.31892	
1.34245	1.34241	1.34246	1.34251	1.34249	1.34246	1.3425	1.34255	1.34252	1.34249	1.3425	1.34252	1.34247	1.34241	1.34238	1.34236	1.34229	1.34223	1.34217	1.34212	1.34213	1.34215	1.34214	1.34213	1.34228	1.34243	1.34247	1.34252	1.34264	1.34276	1.34268	1.3426	1.34267	1.34273	1.34268	1.34263	1.34269	1.34275	1.34254	1.34232	1.34234	1.34235	1.34221	1.34207	1.34215	1.34222	1.3422	1.34219	1.34226	1.34232	1.34236	1.34239	1.3424	1.3424	1.34244	1.34249	1.34244	1.3424	1.34245	1.3425	1.34244	1.34239	1.34244	1.34249	1.34245	
1.36601	1.36597	1.36602	1.36607	1.36605	1.36603	1.36606	1.3661	1.36608	1.36605	1.36606	1.36608	1.36602	1.36597	1.36595	1.36592	1.36586	1.36581	1.36576	1.36572	1.36575	1.36577	1.36577	1.36577	1.3659	1.36604	1.36607	1.36611	1.3662	1.36629	1.36621	1.36613	1.36619	1.36624	1.36621	1.36619	1.36624	1.3663	1.36612	1.36595	1.36596	1.36597	1.36584	1.3657	1.36576	1.36582	1.3658	1.36578	1.36584	1.3659	1.36593	1.36596	1.36597	1.36597	1.36601	1.36605	1.36601	1.36597	1.36601	1.36606	1.36601	1.36595	1.366	1.36605	1.36601	
1.38957	1.38954	1.38958	1.38962	1.38961	1.38959	1.38962	1.38966	1.38964	1.38961	1.38962	1.38963	1.38958	1.38954	1.38951	1.38948	1.38944	1.38939	1.38936	1.38932	1.38936	1.3894	1.38941	1.38941	1.38953	1.38965	1.38967	1.3897	1.38976	1.38983	1.38975	1.38967	1.38971	1.38976	1.38975	1.38974	1.38979	1.38985	1.38971	1.38957	1.38958	1.38959	1.38946	1.38934	1.38938	1.38942	1.38939	1.38936	1.38942	1.38948	1.3895	1.38952	1.38954	1.38955	1.38958	1.38961	1.38958	1.38954	1.38958	1.38962	1.38957	1.38952	1.38956	1.3896	1.38957	
1.41315	1.41313	1.41316	1.41319	1.41318	1.41317	1.4132	1.41322	1.41321	1.41319	1.41319	1.4132	1.41316	1.41312	1.4131	1.41307	1.41304	1.41301	1.41298	1.41295	1.41299	1.41302	1.41303	1.41304	1.41314	1.41324	1.41325	1.41326	1.41331	1.41336	1.41329	1.41323	1.41326	1.4133	1.4133	1.41329	1.41334	1.41338	1.41328	1.41317	1.41318	1.41319	1.41308	1.41297	1.413	1.41304	1.41301	1.41298	1.41303	1.41307	1.41309	1.41311	1.41312	1.41313	1.41316	1.41319	1.41316	1.41313	1.41316	1.41319	1.41315	1.41311	1.41314	1.41317	1.41315	
1.43673	1.43671	1.43674	1.43676	1.43676	1.43675	1.43677	1.43679	1.43678	1.43676	1.43676	1.43677	1.43674	1.43671	1.43668	1.43666	1.43664	1.43662	1.4366	1.43658	1.43661	1.43665	1.43666	1.43667	1.43675	1.43682	1.43682	1.43683	1.43686	1.43689	1.43684	1.43679	1.43681	1.43684	1.43684	1.43684	1.43688	1.43691	1.43684	1.43677	1.43678	1.43678	1.4367	1.43661	1.43663	1.43665	1.43663	1.4366	1.43664	1.43667	1.43669	1.4367	1.43671	1.43672	1.43674	1.43676	1.43674	1.43672	1.43674	1.43676	1.43673	1.4367	1.43673	1.43675	1.43673	
1.46032	1.46031	1.46033	1.46035	1.46034	1.46034	1.46035	1.46036	1.46035	1.46035	1.46035	1.46035	1.46033	1.46031	1.46029	1.46028	1.46026	1.46025	1.46024	1.46022	1.46025	1.46027	1.46028	1.46029	1.46034	1.46039	1.46039	1.46039	1.46041	1.46043	1.4604	1.46036	1.46038	1.4604	1.4604	1.4604	1.46042	1.46045	1.4604	1.46035	1.46036	1.46036	1.4603	1.46025	1.46026	1.46027	1.46025	1.46024	1.46026	1.46028	1.46029	1.4603	1.46031	1.46032	1.46033	1.46034	1.46033	1.46032	1.46033	1.46034	1.46033	1.46031	1.46032	1.46034	1.46032	
1.48392	1.48391	1.48392	1.48393	1.48393	1.48392	1.48393	1.48394	1.48393	1.48393	1.48393	1.48393	1.48392	1.48391	1.4839	1.48389	1.48389	1.48388	1.48387	1.48387	1.48388	1.48389	1.4839	1.4839	1.48393	1.48395	1.48395	1.48395	1.48396	1.48397	1.48395	1.48393	1.48394	1.48395	1.48395	1.48395	1.48397	1.48398	1.48396	1.48394	1.48394	1.48394	1.48391	1.48388	1.48389	1.48389	1.48388	1.48387	1.48388	1.4839	1.4839	1.4839	1.48391	1.48391	1.48392	1.48393	1.48392	1.48391	1.48392	1.48393	1.48392	1.48391	1.48392	1.48392	1.48392	
1.50751	1.50751	1.50751	1.50751	1.50751	1.50751	1.50751	1.50751	1.50751	1.50751	1.50751	1.50751	1.50751	1.50751	1.50751	1.50751	1.50751	1.50751	1.50751	1.50751	1.50751	1.50751	1.50751	1.50751	1.50751	1.50751	1.50751	1.50751	1.50751	1.50751	1.50751	1.50751	1.50751	1.50751	1.50751	1.50751	1.50751	1.50751	1.50751	1.50751	1.50751	1.50751	1.50751	1.50751	1.50751	1.50751	1.50751	1.50751	1.50751	1.50751	1.50751	1.50751	1.50751	1.50751	1.50751	1.50751	1.50751	1.50751	1.50751	1.50751	1.50751	1.50751	1.50751	1.50751	1.50751	
