x=200	y=100	z=200	n=65	len=1
b
0.753758	0.753763	0.753755	0.753748	0.753751	0.753753	0.753746	0.753738	0.753737	0.753737	0.753728	0.753719	0.753711	0.753703	0.753692	0.753681	0.753659	0.753636	0.75363	0.753623	0.753582	0.75354	0.753672	0.753805	0.754263	0.754722	0.755285	0.755847	0.752989	0.750131	0.749853	0.752051	0.753284	0.753953	0.75607	0.758275	0.756677	0.755078	0.754583	0.754089	0.753899	0.75371	0.75369	0.753671	0.753676	0.753681	0.753697	0.753712	0.75373	0.753747	0.753748	0.75375	0.75376	0.753769	0.753764	0.753759	0.753766	0.753772	0.753765	0.753758	0.753764	0.753769	0.753762	0.753754	0.753758	
0.753764	0.753767	0.753762	0.753756	0.753757	0.753759	0.753752	0.753746	0.753744	0.753741	0.753733	0.753725	0.753714	0.753703	0.753691	0.753679	0.753648	0.753616	0.753603	0.753589	0.753512	0.753434	0.75352	0.753606	0.754122	0.754639	0.755722	0.756805	0.75386	0.750915	0.748397	0.747871	0.750901	0.75417	0.756873	0.759776	0.757163	0.754549	0.754076	0.753604	0.753604	0.753604	0.753599	0.753594	0.753617	0.75364	0.753664	0.753688	0.753711	0.753735	0.753741	0.753746	0.753757	0.753767	0.753765	0.753762	0.753768	0.753774	0.753769	0.753764	0.753768	0.753772	0.753767	0.753761	0.753764	
0.753753	0.753757	0.753751	0.753744	0.753746	0.753748	0.75374	0.753732	0.75373	0.753728	0.753716	0.753705	0.753694	0.753683	0.753665	0.753646	0.753615	0.753584	0.753549	0.753514	0.753436	0.753358	0.75335	0.753342	0.753794	0.754247	0.75529	0.756333	0.75446	0.752586	0.74965	0.745994	0.750891	0.75614	0.75817	0.759275	0.756518	0.753761	0.75362	0.753478	0.753482	0.753487	0.753488	0.75349	0.753521	0.753552	0.753594	0.753636	0.753665	0.753693	0.753706	0.753718	0.753732	0.753745	0.753745	0.753745	0.753752	0.75376	0.753755	0.753751	0.753756	0.753762	0.753756	0.75375	0.753753	
0.753743	0.753747	0.753739	0.753732	0.753734	0.753736	0.753727	0.753717	0.753715	0.753714	0.753699	0.753685	0.753675	0.753664	0.753639	0.753613	0.753582	0.753551	0.753495	0.753439	0.75336	0.753282	0.75318	0.753078	0.753466	0.753855	0.754858	0.755861	0.755059	0.754257	0.750904	0.747315	0.753351	0.758808	0.759075	0.758775	0.755874	0.752973	0.753163	0.753352	0.753361	0.75337	0.753378	0.753386	0.753425	0.753463	0.753524	0.753585	0.753618	0.753651	0.753671	0.753691	0.753707	0.753722	0.753725	0.753727	0.753737	0.753746	0.753742	0.753738	0.753744	0.753751	0.753744	0.753738	0.753743	
0.753748	0.753752	0.753745	0.753739	0.75374	0.753742	0.753733	0.753724	0.753722	0.753719	0.753705	0.753692	0.75368	0.753668	0.753641	0.753615	0.753581	0.753547	0.753487	0.753428	0.753345	0.753262	0.753135	0.753007	0.753284	0.753561	0.75437	0.75518	0.755241	0.755303	0.753411	0.750817	0.755486	0.758578	0.757772	0.755936	0.754394	0.752851	0.753132	0.753412	0.753362	0.753312	0.753325	0.753338	0.753395	0.753451	0.753514	0.753576	0.753613	0.753649	0.75367	0.753691	0.753707	0.753724	0.753728	0.753732	0.75374	0.753749	0.753746	0.753744	0.753749	0.753755	0.75375	0.753745	0.753748	
0.753754	0.753757	0.753751	0.753745	0.753746	0.753747	0.753739	0.753731	0.753728	0.753725	0.753711	0.753698	0.753684	0.753671	0.753644	0.753617	0.753579	0.753542	0.75348	0.753418	0.75333	0.753242	0.75309	0.752937	0.753102	0.753267	0.753882	0.754498	0.755423	0.756348	0.755917	0.755441	0.756496	0.757716	0.755407	0.753097	0.752913	0.752729	0.753101	0.753472	0.753363	0.753255	0.753273	0.753291	0.753365	0.753439	0.753503	0.753567	0.753607	0.753647	0.753669	0.753692	0.753708	0.753725	0.75373	0.753736	0.753744	0.753751	0.75375	0.753749	0.753754	0.753759	0.753755	0.753751	0.753754	
0.753745	0.753748	0.753742	0.753735	0.753737	0.753738	0.753729	0.75372	0.753717	0.753714	0.753699	0.753684	0.753671	0.753658	0.753628	0.753598	0.753561	0.753525	0.753454	0.753384	0.753298	0.753212	0.753031	0.75285	0.752929	0.753008	0.75365	0.754293	0.755268	0.756244	0.755704	0.757952	0.755962	0.752586	0.752176	0.751766	0.752485	0.753205	0.75329	0.753376	0.753232	0.753088	0.75316	0.753232	0.753317	0.753402	0.753471	0.753541	0.753582	0.753624	0.753649	0.753674	0.753692	0.753709	0.753716	0.753722	0.753731	0.75374	0.753739	0.753738	0.753744	0.753749	0.753745	0.753741	0.753745	
0.753735	0.753739	0.753732	0.753725	0.753727	0.753729	0.753719	0.753709	0.753706	0.753703	0.753687	0.75367	0.753658	0.753645	0.753612	0.753579	0.753543	0.753508	0.753429	0.753351	0.753266	0.753182	0.752972	0.752763	0.752756	0.752749	0.753418	0.754087	0.755113	0.756139	0.75549	0.757425	0.753964	0.747456	0.748945	0.750435	0.752057	0.75368	0.75348	0.753281	0.753101	0.752922	0.753047	0.753173	0.753269	0.753365	0.75344	0.753515	0.753558	0.753601	0.753628	0.753656	0.753675	0.753694	0.753701	0.753709	0.753719	0.753729	0.753728	0.753728	0.753734	0.75374	0.753736	0.753731	0.753735	
0.753741	0.753744	0.753738	0.753732	0.753733	0.753734	0.753725	0.753716	0.753713	0.75371	0.753694	0.753678	0.753666	0.753653	0.753621	0.753588	0.753553	0.753519	0.753441	0.753363	0.753279	0.753195	0.752985	0.752776	0.752662	0.752549	0.753115	0.753682	0.754999	0.756316	0.75536	0.755521	0.751609	0.745318	0.748188	0.751058	0.752378	0.753698	0.753332	0.752966	0.752909	0.752852	0.753009	0.753167	0.75327	0.753372	0.753446	0.75352	0.753563	0.753607	0.753634	0.753662	0.75368	0.753698	0.753706	0.753715	0.753724	0.753733	0.753733	0.753733	0.753739	0.753745	0.753741	0.753737	0.753741	
0.753747	0.753749	0.753744	0.753739	0.753739	0.75374	0.753732	0.753723	0.75372	0.753717	0.753701	0.753686	0.753673	0.753661	0.753629	0.753597	0.753563	0.753529	0.753452	0.753375	0.753291	0.753208	0.752998	0.752789	0.752569	0.752349	0.752812	0.753276	0.754885	0.756494	0.75523	0.754699	0.750432	0.746346	0.747971	0.75168	0.752698	0.753716	0.753184	0.752652	0.752717	0.752782	0.752972	0.753161	0.753271	0.75338	0.753453	0.753526	0.753569	0.753612	0.75364	0.753667	0.753685	0.753703	0.753711	0.75372	0.753729	0.753737	0.753738	0.753739	0.753744	0.753749	0.753746	0.753744	0.753747	
0.753739	0.753742	0.753737	0.753731	0.753732	0.753733	0.753724	0.753715	0.753712	0.753709	0.753693	0.753678	0.753666	0.753655	0.753622	0.75359	0.753558	0.753526	0.753449	0.753372	0.753291	0.75321	0.753003	0.752796	0.752578	0.752359	0.752459	0.752558	0.754153	0.755747	0.755978	0.756311	0.752473	0.749119	0.750379	0.753447	0.753396	0.753345	0.752864	0.752384	0.752577	0.752769	0.752963	0.753157	0.753265	0.753373	0.753446	0.753519	0.753561	0.753603	0.753631	0.753658	0.753676	0.753694	0.753703	0.753712	0.753721	0.753729	0.75373	0.753731	0.753737	0.753742	0.753739	0.753736	0.753739	
0.753732	0.753735	0.753729	0.753723	0.753725	0.753726	0.753716	0.753707	0.753704	0.753702	0.753686	0.75367	0.753659	0.753648	0.753616	0.753583	0.753553	0.753523	0.753446	0.75337	0.753291	0.753213	0.753008	0.752803	0.752586	0.75237	0.752105	0.75184	0.753421	0.755001	0.756725	0.758449	0.75538	0.752311	0.753762	0.755213	0.754094	0.752974	0.752545	0.752116	0.752436	0.752757	0.752955	0.753152	0.753259	0.753365	0.753439	0.753513	0.753554	0.753594	0.753622	0.75365	0.753667	0.753685	0.753694	0.753703	0.753712	0.753722	0.753722	0.753723	0.753729	0.753735	0.753731	0.753728	0.753732	
0.753737	0.753741	0.753735	0.75373	0.753731	0.753732	0.753723	0.753714	0.753712	0.75371	0.753694	0.753679	0.753669	0.753659	0.753628	0.753597	0.753569	0.753542	0.753469	0.753396	0.753322	0.753248	0.753054	0.75286	0.75266	0.752459	0.75207	0.751681	0.752511	0.753341	0.755335	0.757328	0.756629	0.755931	0.755379	0.754826	0.753564	0.752303	0.752253	0.752203	0.752504	0.752806	0.752997	0.753189	0.753289	0.753389	0.753459	0.75353	0.753568	0.753606	0.753632	0.753659	0.753675	0.753692	0.753701	0.75371	0.753718	0.753727	0.753728	0.753729	0.753734	0.75374	0.753737	0.753734	0.753737	
0.753743	0.753746	0.753741	0.753736	0.753737	0.753738	0.75373	0.753721	0.753719	0.753717	0.753703	0.753688	0.753679	0.75367	0.75364	0.753611	0.753585	0.75356	0.753491	0.753422	0.753353	0.753284	0.753101	0.752918	0.752733	0.752549	0.752035	0.751522	0.751602	0.751682	0.753944	0.756207	0.757879	0.759551	0.756995	0.754439	0.753035	0.751631	0.751961	0.752291	0.752573	0.752854	0.75304	0.753225	0.753319	0.753412	0.75348	0.753547	0.753582	0.753617	0.753643	0.753668	0.753683	0.753699	0.753708	0.753716	0.753724	0.753732	0.753734	0.753735	0.75374	0.753745	0.753743	0.75374	0.753743	
0.753738	0.753741	0.753736	0.75373	0.753732	0.753733	0.753725	0.753716	0.753715	0.753713	0.753698	0.753684	0.753676	0.753668	0.75364	0.753612	0.753589	0.753565	0.753501	0.753438	0.753375	0.753312	0.753143	0.752975	0.752798	0.752622	0.752132	0.751643	0.751368	0.751093	0.75279	0.754486	0.755925	0.757364	0.755186	0.753008	0.752306	0.751604	0.752012	0.752419	0.752666	0.752912	0.753087	0.753262	0.753344	0.753427	0.75349	0.753554	0.753586	0.753618	0.753642	0.753666	0.75368	0.753695	0.753703	0.753711	0.753719	0.753727	0.753728	0.75373	0.753735	0.75374	0.753737	0.753734	0.753738	
0.753732	0.753736	0.75373	0.753725	0.753726	0.753728	0.75372	0.753711	0.75371	0.753708	0.753694	0.753681	0.753673	0.753666	0.753639	0.753613	0.753592	0.75357	0.753512	0.753453	0.753396	0.753339	0.753186	0.753032	0.752863	0.752694	0.75223	0.751765	0.751134	0.750504	0.751635	0.752766	0.753971	0.755176	0.753376	0.751576	0.751576	0.751577	0.752062	0.752548	0.752758	0.752969	0.753134	0.753299	0.75337	0.753441	0.753501	0.753561	0.753589	0.753618	0.753641	0.753664	0.753677	0.753691	0.753699	0.753706	0.753714	0.753722	0.753723	0.753724	0.753729	0.753734	0.753731	0.753729	0.753732	
0.753738	0.753741	0.753736	0.753731	0.753733	0.753734	0.753726	0.753719	0.753718	0.753717	0.753703	0.75369	0.753684	0.753678	0.753653	0.753629	0.753611	0.753593	0.753539	0.753486	0.753438	0.753389	0.753254	0.753119	0.752978	0.752836	0.752431	0.752026	0.751502	0.750978	0.751422	0.751866	0.752503	0.753141	0.752273	0.751405	0.751634	0.751863	0.752288	0.752712	0.752889	0.753066	0.753209	0.753352	0.753414	0.753475	0.753529	0.753582	0.753607	0.753633	0.753654	0.753675	0.753687	0.753699	0.753707	0.753714	0.753721	0.753728	0.753729	0.75373	0.753735	0.75374	0.753737	0.753735	0.753738	
0.753744	0.753747	0.753742	0.753738	0.753739	0.753741	0.753734	0.753726	0.753725	0.753725	0.753713	0.7537	0.753695	0.75369	0.753667	0.753645	0.75363	0.753615	0.753567	0.753519	0.753479	0.75344	0.753323	0.753206	0.753092	0.752978	0.752633	0.752288	0.75187	0.751451	0.751209	0.750966	0.751036	0.751105	0.751169	0.751233	0.751692	0.75215	0.752513	0.752877	0.75302	0.753163	0.753285	0.753406	0.753458	0.753509	0.753556	0.753603	0.753625	0.753648	0.753666	0.753685	0.753697	0.753708	0.753714	0.753721	0.753728	0.753734	0.753735	0.753736	0.753741	0.753745	0.753743	0.753741	0.753744	
0.75374	0.753743	0.753738	0.753733	0.753735	0.753737	0.75373	0.753723	0.753722	0.753722	0.75371	0.753699	0.753694	0.75369	0.753669	0.753649	0.753636	0.753623	0.753581	0.753539	0.753505	0.753471	0.753374	0.753276	0.753185	0.753094	0.752824	0.752554	0.752256	0.751957	0.751591	0.751225	0.75117	0.751116	0.751467	0.751817	0.752123	0.752428	0.752726	0.753023	0.75313	0.753236	0.753341	0.753446	0.753488	0.75353	0.753572	0.753614	0.753633	0.753653	0.753669	0.753686	0.753697	0.753707	0.753713	0.753718	0.753725	0.753732	0.753732	0.753732	0.753737	0.753742	0.753739	0.753736	0.75374	
0.753736	0.753739	0.753734	0.753729	0.753731	0.753733	0.753726	0.753719	0.753719	0.753719	0.753708	0.753697	0.753694	0.75369	0.753671	0.753653	0.753642	0.75363	0.753595	0.753559	0.753531	0.753502	0.753424	0.753346	0.753277	0.753209	0.753015	0.75282	0.752642	0.752464	0.751974	0.751483	0.751305	0.751127	0.751764	0.752401	0.752554	0.752706	0.752938	0.75317	0.75324	0.753309	0.753397	0.753485	0.753519	0.753552	0.753588	0.753624	0.753641	0.753658	0.753672	0.753687	0.753697	0.753707	0.753711	0.753716	0.753722	0.753729	0.753729	0.753728	0.753733	0.753738	0.753735	0.753732	0.753736	
0.753742	0.753745	0.75374	0.753736	0.753738	0.75374	0.753733	0.753727	0.753727	0.753728	0.753717	0.753707	0.753705	0.753702	0.753685	0.753668	0.75366	0.753651	0.753619	0.753587	0.753566	0.753544	0.753477	0.75341	0.753359	0.753309	0.753155	0.753001	0.75288	0.75276	0.752405	0.75205	0.751943	0.751837	0.75227	0.752703	0.75281	0.752917	0.753094	0.753271	0.753325	0.75338	0.753452	0.753525	0.753553	0.75358	0.753611	0.753642	0.753657	0.753672	0.753684	0.753697	0.753706	0.753715	0.753719	0.753723	0.753729	0.753735	0.753735	0.753735	0.753739	0.753744	0.753741	0.753738	0.753742	
0.753748	0.753751	0.753747	0.753742	0.753745	0.753747	0.753741	0.753734	0.753735	0.753736	0.753727	0.753717	0.753716	0.753715	0.753699	0.753684	0.753678	0.753672	0.753644	0.753616	0.753601	0.753586	0.75353	0.753474	0.753441	0.753408	0.753295	0.753181	0.753118	0.753056	0.752836	0.752616	0.752582	0.752547	0.752776	0.753005	0.753067	0.753129	0.75325	0.753371	0.753411	0.75345	0.753508	0.753565	0.753587	0.753608	0.753634	0.753661	0.753673	0.753685	0.753696	0.753708	0.753715	0.753723	0.753727	0.75373	0.753736	0.753742	0.753741	0.753741	0.753745	0.75375	0.753747	0.753744	0.753748	
0.753744	0.753748	0.753743	0.753739	0.753741	0.753744	0.753738	0.753732	0.753733	0.753734	0.753725	0.753717	0.753716	0.753714	0.753701	0.753687	0.753682	0.753677	0.753654	0.75363	0.753617	0.753605	0.75356	0.753515	0.753488	0.753461	0.753374	0.753287	0.75324	0.753194	0.753043	0.752892	0.752856	0.752819	0.75299	0.753161	0.7532	0.753239	0.753336	0.753434	0.753464	0.753494	0.753541	0.753589	0.753607	0.753626	0.753647	0.753668	0.75368	0.753692	0.7537	0.753709	0.753717	0.753725	0.753727	0.753729	0.753735	0.753741	0.753739	0.753738	0.753743	0.753747	0.753744	0.753741	0.753744	
0.753741	0.753745	0.75374	0.753735	0.753738	0.753741	0.753735	0.753729	0.75373	0.753732	0.753724	0.753716	0.753715	0.753714	0.753703	0.753691	0.753687	0.753683	0.753663	0.753644	0.753634	0.753623	0.75359	0.753555	0.753535	0.753514	0.753454	0.753394	0.753363	0.753332	0.75325	0.753169	0.75313	0.753091	0.753205	0.753318	0.753333	0.753349	0.753423	0.753497	0.753517	0.753538	0.753575	0.753613	0.753628	0.753643	0.75366	0.753676	0.753687	0.753698	0.753704	0.75371	0.753718	0.753726	0.753727	0.753727	0.753733	0.75374	0.753737	0.753735	0.75374	0.753745	0.753741	0.753737	0.753741	
0.753747	0.753751	0.753747	0.753742	0.753745	0.753748	0.753742	0.753737	0.753739	0.753741	0.753733	0.753726	0.753726	0.753726	0.753716	0.753705	0.753703	0.753701	0.753684	0.753667	0.753662	0.753657	0.753628	0.753599	0.75359	0.753581	0.75353	0.753479	0.753478	0.753476	0.753386	0.753295	0.753287	0.753278	0.753343	0.753407	0.753423	0.753438	0.753491	0.753545	0.753561	0.753578	0.753608	0.753637	0.75365	0.753662	0.753676	0.75369	0.753699	0.753709	0.753714	0.753719	0.753726	0.753733	0.753734	0.753734	0.75374	0.753746	0.753743	0.753741	0.753746	0.753751	0.753747	0.753744	0.753747	
0.753754	0.753757	0.753753	0.753749	0.753752	0.753755	0.75375	0.753744	0.753747	0.753749	0.753742	0.753735	0.753737	0.753739	0.753729	0.753719	0.75372	0.75372	0.753705	0.753691	0.75369	0.753689	0.753666	0.753642	0.753645	0.753649	0.753607	0.753565	0.753593	0.753621	0.753521	0.753421	0.753443	0.753466	0.753481	0.753496	0.753512	0.753528	0.75356	0.753593	0.753605	0.753618	0.75364	0.753662	0.753672	0.753681	0.753693	0.753704	0.753712	0.753719	0.753724	0.753728	0.753734	0.75374	0.753741	0.753741	0.753746	0.753751	0.75375	0.753748	0.753752	0.753756	0.753753	0.75375	0.753754	
0.753751	0.753755	0.75375	0.753746	0.753749	0.753752	0.753747	0.753742	0.753744	0.753747	0.75374	0.753734	0.753736	0.753737	0.753729	0.753721	0.753721	0.753722	0.75371	0.753698	0.753698	0.753698	0.753678	0.753659	0.753664	0.753669	0.753633	0.753597	0.75365	0.753703	0.753617	0.75353	0.753527	0.753523	0.753529	0.753535	0.75355	0.753566	0.753591	0.753617	0.753629	0.753642	0.753658	0.753673	0.753684	0.753695	0.753702	0.753709	0.753717	0.753726	0.753728	0.753729	0.753736	0.753743	0.753742	0.75374	0.753746	0.753752	0.753748	0.753745	0.75375	0.753755	0.753751	0.753747	0.753751	
0.753748	0.753753	0.753747	0.753742	0.753746	0.753749	0.753744	0.753739	0.753742	0.753744	0.753739	0.753733	0.753735	0.753736	0.753729	0.753722	0.753723	0.753724	0.753714	0.753705	0.753705	0.753706	0.753691	0.753676	0.753682	0.753689	0.753659	0.753629	0.753707	0.753786	0.753712	0.753639	0.75361	0.75358	0.753577	0.753573	0.753589	0.753604	0.753622	0.753641	0.753653	0.753666	0.753676	0.753685	0.753697	0.753709	0.753711	0.753713	0.753723	0.753733	0.753731	0.75373	0.753738	0.753746	0.753742	0.753739	0.753745	0.753752	0.753747	0.753743	0.753748	0.753753	0.753749	0.753744	0.753748	
0.753754	0.753759	0.753754	0.753749	0.753753	0.753757	0.753752	0.753747	0.75375	0.753754	0.753748	0.753743	0.753746	0.753749	0.753742	0.753736	0.753739	0.753742	0.753734	0.753726	0.753731	0.753736	0.753726	0.753715	0.753733	0.753751	0.753749	0.753747	0.753717	0.753687	0.753642	0.753598	0.753654	0.75371	0.753686	0.753663	0.753649	0.753635	0.753649	0.753663	0.753674	0.753685	0.753693	0.7537	0.753709	0.753719	0.753721	0.753723	0.753732	0.75374	0.753739	0.753738	0.753745	0.753752	0.753749	0.753745	0.753751	0.753757	0.753753	0.753749	0.753754	0.753759	0.753755	0.75375	0.753754	
0.753761	0.753765	0.753761	0.753756	0.75376	0.753764	0.75376	0.753755	0.753759	0.753763	0.753758	0.753753	0.753757	0.753761	0.753755	0.753749	0.753755	0.75376	0.753753	0.753747	0.753757	0.753767	0.753761	0.753755	0.753784	0.753814	0.75384	0.753865	0.753727	0.753601	0.753738	0.753325	0.753491	0.753927	0.753705	0.753763	0.753721	0.753666	0.753676	0.753686	0.753695	0.753705	0.75371	0.753714	0.753722	0.75373	0.753731	0.753733	0.75374	0.753747	0.753746	0.753745	0.753751	0.753757	0.753755	0.753752	0.753757	0.753763	0.753759	0.753755	0.75376	0.753765	0.753761	0.753757	0.753761	
0.753758	0.753763	0.753758	0.753753	0.753757	0.753761	0.753756	0.753752	0.753756	0.75376	0.753755	0.75375	0.753754	0.753758	0.753753	0.753748	0.753753	0.753759	0.753753	0.753747	0.753757	0.753767	0.753759	0.753751	0.753782	0.753813	0.753814	0.753814	0.753745	0.753689	0.753775	0.753223	0.753459	0.753944	0.753638	0.753725	0.753721	0.75369	0.753691	0.753691	0.753707	0.753722	0.75372	0.753718	0.753731	0.753743	0.75374	0.753736	0.753746	0.753756	0.753751	0.753746	0.753754	0.753762	0.753756	0.753751	0.753757	0.753764	0.753758	0.753753	0.753758	0.753764	0.753759	0.753753	0.753758	
0.753755	0.753761	0.753755	0.753749	0.753754	0.753758	0.753753	0.753748	0.753752	0.753756	0.753752	0.753747	0.753751	0.753755	0.753751	0.753747	0.753752	0.753757	0.753752	0.753747	0.753757	0.753767	0.753758	0.753748	0.75378	0.753812	0.753788	0.753763	0.753764	0.753717	0.753746	0.753267	0.752698	0.7536	0.753446	0.753643	0.753715	0.753715	0.753705	0.753695	0.753718	0.75374	0.753731	0.753722	0.75374	0.753757	0.753748	0.753738	0.753751	0.753765	0.753755	0.753746	0.753756	0.753766	0.753758	0.75375	0.753757	0.753765	0.753758	0.753751	0.753757	0.753763	0.753757	0.75375	0.753755	
0.753762	0.753767	0.753762	0.753757	0.753761	0.753766	0.753761	0.753757	0.753762	0.753766	0.753762	0.753758	0.753763	0.753769	0.753764	0.75376	0.753768	0.753776	0.75377	0.753765	0.75378	0.753795	0.753783	0.753771	0.753814	0.753857	0.753822	0.753787	0.753791	0.753774	0.753929	0.753657	0.75435	0.7511	0.752748	0.753553	0.753698	0.753727	0.753705	0.753683	0.753714	0.753745	0.753734	0.753723	0.753742	0.753761	0.753752	0.753743	0.753756	0.753768	0.75376	0.753752	0.753761	0.75377	0.753763	0.753756	0.753763	0.75377	0.753763	0.753757	0.753763	0.753769	0.753763	0.753757	0.753762	
0.753769	0.753774	0.753769	0.753764	0.753769	0.753774	0.75377	0.753765	0.753771	0.753776	0.753772	0.753768	0.753775	0.753782	0.753778	0.753774	0.753784	0.753794	0.753788	0.753782	0.753802	0.753823	0.753809	0.753795	0.753849	0.753902	0.753856	0.75381	0.753819	0.753962	0.754331	0.75634	0.755394	0.74964	0.752313	0.753494	0.753661	0.75374	0.753706	0.753671	0.75371	0.75375	0.753737	0.753725	0.753744	0.753764	0.753756	0.753748	0.75376	0.753772	0.753765	0.753758	0.753767	0.753775	0.753769	0.753762	0.753769	0.753775	0.753769	0.753763	0.753769	0.753774	0.753769	0.753764	0.753769	
0.753766	0.753771	0.753765	0.75376	0.753765	0.75377	0.753765	0.753761	0.753766	0.753771	0.753767	0.753764	0.75377	0.753777	0.753773	0.753769	0.75378	0.753791	0.753785	0.753778	0.753803	0.753827	0.753807	0.753788	0.753867	0.753946	0.753866	0.753786	0.753803	0.754001	0.754487	0.755006	0.754995	0.750847	0.752612	0.753488	0.753658	0.753753	0.753696	0.753638	0.753706	0.753773	0.753747	0.753721	0.753752	0.753783	0.753767	0.75375	0.753767	0.753784	0.753772	0.753759	0.75377	0.753781	0.753771	0.753761	0.753769	0.753777	0.753769	0.753761	0.753767	0.753773	0.753767	0.75376	0.753766	
0.753762	0.753768	0.753762	0.753755	0.753761	0.753766	0.753761	0.753756	0.753761	0.753766	0.753763	0.753759	0.753765	0.753771	0.753768	0.753765	0.753776	0.753787	0.753781	0.753775	0.753803	0.753831	0.753806	0.753781	0.753886	0.75399	0.753876	0.753762	0.753787	0.754076	0.754732	0.755961	0.753178	0.749611	0.752678	0.753428	0.753661	0.753766	0.753686	0.753606	0.753701	0.753796	0.753757	0.753718	0.75376	0.753803	0.753777	0.753751	0.753774	0.753796	0.753778	0.75376	0.753774	0.753787	0.753774	0.75376	0.753769	0.753779	0.753769	0.753758	0.753765	0.753773	0.753765	0.753756	0.753762	
0.753769	0.753775	0.753769	0.753764	0.753769	0.753775	0.75377	0.753766	0.753772	0.753778	0.753774	0.753771	0.753779	0.753786	0.753783	0.753779	0.753794	0.753808	0.7538	0.753792	0.753828	0.753864	0.753832	0.7538	0.75393	0.754061	0.753922	0.753784	0.753892	0.754328	0.75553	0.758763	0.749326	0.747086	0.752005	0.753267	0.753632	0.753799	0.753664	0.753529	0.75366	0.753791	0.753747	0.753704	0.753752	0.7538	0.753776	0.753752	0.753775	0.753798	0.753781	0.753765	0.753778	0.75379	0.753778	0.753766	0.753775	0.753784	0.753774	0.753765	0.753772	0.753778	0.753771	0.753764	0.753769	
0.753777	0.753782	0.753777	0.753772	0.753778	0.753783	0.753779	0.753775	0.753782	0.753789	0.753785	0.753782	0.753792	0.753802	0.753798	0.753794	0.753812	0.753829	0.753819	0.753809	0.753853	0.753897	0.753858	0.753818	0.753975	0.754132	0.753968	0.753805	0.753998	0.754642	0.75586	0.761516	0.75818	0.746223	0.751092	0.753007	0.753547	0.753832	0.753642	0.753451	0.753618	0.753785	0.753737	0.753689	0.753744	0.753798	0.753775	0.753753	0.753776	0.753799	0.753784	0.75377	0.753782	0.753794	0.753783	0.753773	0.75378	0.753788	0.75378	0.753772	0.753778	0.753784	0.753777	0.753771	0.753777	
0.753773	0.753779	0.753772	0.753766	0.753772	0.753778	0.753773	0.753768	0.753775	0.753781	0.753778	0.753775	0.753784	0.753792	0.753789	0.753787	0.753803	0.75382	0.753811	0.753803	0.75385	0.753896	0.753854	0.753811	0.753999	0.754187	0.754014	0.753841	0.753991	0.754682	0.755081	0.756029	0.752265	0.748466	0.750797	0.752951	0.753485	0.753888	0.753644	0.7534	0.753617	0.753834	0.753762	0.75369	0.75376	0.753829	0.753794	0.753758	0.753787	0.753816	0.753794	0.753772	0.753787	0.753802	0.753787	0.753772	0.753781	0.753791	0.75378	0.753769	0.753776	0.753783	0.753775	0.753766	0.753773	
0.753769	0.753775	0.753768	0.75376	0.753766	0.753772	0.753767	0.753762	0.753768	0.753774	0.753771	0.753767	0.753775	0.753783	0.753781	0.753779	0.753795	0.75381	0.753804	0.753797	0.753846	0.753896	0.75385	0.753805	0.754024	0.754243	0.75406	0.753877	0.753984	0.754238	0.753889	0.753897	0.753716	0.75916	0.75303	0.75333	0.75349	0.753943	0.753646	0.753348	0.753616	0.753884	0.753787	0.753691	0.753776	0.753861	0.753812	0.753764	0.753799	0.753834	0.753804	0.753774	0.753792	0.753811	0.753791	0.753771	0.753782	0.753794	0.75378	0.753765	0.753774	0.753782	0.753772	0.753762	0.753769	
0.753776	0.753783	0.753776	0.753769	0.753776	0.753782	0.753777	0.753773	0.75378	0.753787	0.753784	0.753781	0.753791	0.7538	0.753798	0.753796	0.753815	0.753833	0.753824	0.753814	0.75387	0.753926	0.753863	0.753801	0.754012	0.754223	0.754081	0.75394	0.753838	0.753583	0.75304	0.752334	0.760111	0.754442	0.753454	0.753447	0.753419	0.753903	0.753598	0.753293	0.753577	0.753862	0.753767	0.753673	0.753763	0.753854	0.753809	0.753765	0.753799	0.753834	0.753807	0.75378	0.753797	0.753813	0.753796	0.753778	0.753788	0.753798	0.753785	0.753773	0.75378	0.753788	0.753779	0.75377	0.753776	
0.753784	0.75379	0.753784	0.753778	0.753785	0.753791	0.753787	0.753784	0.753791	0.753799	0.753797	0.753795	0.753806	0.753817	0.753815	0.753813	0.753835	0.753857	0.753844	0.753831	0.753893	0.753955	0.753876	0.753797	0.754	0.754203	0.754103	0.754004	0.753691	0.75358	0.753797	0.750165	0.74014	0.758813	0.753582	0.753723	0.753553	0.753862	0.75355	0.753238	0.753539	0.75384	0.753747	0.753654	0.75375	0.753846	0.753806	0.753766	0.7538	0.753833	0.75381	0.753787	0.753801	0.753816	0.753801	0.753785	0.753794	0.753802	0.753791	0.753781	0.753787	0.753794	0.753786	0.753778	0.753784	
0.753779	0.753785	0.753778	0.753771	0.753777	0.753784	0.753779	0.753774	0.753782	0.753789	0.753787	0.753784	0.753794	0.753804	0.753803	0.753803	0.753821	0.753839	0.753834	0.75383	0.753884	0.753939	0.753879	0.753819	0.754028	0.754236	0.754087	0.753939	0.753725	0.754007	0.756416	0.756101	0.754075	0.750844	0.756096	0.754481	0.753723	0.75384	0.753545	0.75325	0.753589	0.753927	0.753813	0.753699	0.753794	0.753889	0.753839	0.753788	0.753822	0.753855	0.753824	0.753793	0.75381	0.753826	0.753805	0.753785	0.753795	0.753805	0.753791	0.753777	0.753784	0.753792	0.753782	0.753772	0.753779	
0.753773	0.753781	0.753772	0.753763	0.75377	0.753777	0.753771	0.753765	0.753772	0.753779	0.753776	0.753774	0.753782	0.75379	0.753792	0.753794	0.753807	0.753821	0.753825	0.753828	0.753876	0.753923	0.753882	0.753842	0.754055	0.754269	0.754071	0.753874	0.753758	0.754381	0.759364	0.766417	0.760761	0.75183	0.758648	0.754727	0.753553	0.753818	0.75354	0.753262	0.753638	0.754014	0.753879	0.753744	0.753838	0.753932	0.753872	0.753811	0.753844	0.753877	0.753838	0.7538	0.753818	0.753835	0.75381	0.753784	0.753796	0.753808	0.75379	0.753773	0.753782	0.75379	0.753778	0.753766	0.753773	
0.753782	0.753788	0.753781	0.753773	0.75378	0.753787	0.753782	0.753778	0.753785	0.753792	0.753791	0.75379	0.753799	0.753809	0.753812	0.753816	0.753831	0.753846	0.753851	0.753855	0.753899	0.753942	0.753898	0.753855	0.754041	0.754228	0.753738	0.753248	0.753583	0.755362	0.760147	0.767479	0.764985	0.754635	0.757576	0.754018	0.753024	0.753381	0.753338	0.753296	0.753632	0.753968	0.753862	0.753756	0.753843	0.753929	0.753876	0.753823	0.753851	0.753879	0.753845	0.753811	0.753825	0.753839	0.753816	0.753793	0.753803	0.753812	0.753797	0.753781	0.753789	0.753796	0.753786	0.753775	0.753782	
0.75379	0.753796	0.75379	0.753783	0.75379	0.753797	0.753793	0.75379	0.753798	0.753806	0.753806	0.753807	0.753817	0.753828	0.753833	0.753838	0.753854	0.753871	0.753876	0.753882	0.753922	0.753961	0.753915	0.753868	0.754028	0.754187	0.753405	0.752623	0.753408	0.755788	0.755807	0.760372	0.745923	0.75119	0.758139	0.752504	0.752372	0.752943	0.753136	0.753329	0.753625	0.753922	0.753845	0.753768	0.753847	0.753926	0.753881	0.753836	0.753859	0.753881	0.753851	0.753822	0.753832	0.753842	0.753822	0.753803	0.75381	0.753817	0.753803	0.75379	0.753796	0.753802	0.753793	0.753784	0.75379	
0.753783	0.75379	0.753782	0.753774	0.753781	0.753787	0.753783	0.753778	0.753786	0.753793	0.753793	0.753792	0.753801	0.75381	0.753817	0.753824	0.753837	0.75385	0.753871	0.753892	0.753915	0.753938	0.753969	0.754001	0.754104	0.754207	0.753582	0.752957	0.753486	0.754826	0.74894	0.746492	0.734781	0.751558	0.756463	0.75106	0.752692	0.753356	0.753624	0.753892	0.753951	0.754011	0.753982	0.753953	0.753958	0.753963	0.753924	0.753885	0.753893	0.7539	0.753866	0.753832	0.753841	0.75385	0.753826	0.753801	0.753809	0.753818	0.753801	0.753784	0.753792	0.753799	0.753788	0.753776	0.753783	
0.753776	0.753784	0.753774	0.753765	0.753771	0.753778	0.753772	0.753766	0.753773	0.75378	0.753779	0.753778	0.753785	0.753793	0.753802	0.753811	0.75382	0.753829	0.753865	0.753901	0.753908	0.753915	0.754024	0.754133	0.75418	0.754227	0.75376	0.753292	0.753564	0.754476	0.74722	0.731774	0.736437	0.7525	0.752433	0.751164	0.754038	0.753768	0.754111	0.754454	0.754277	0.754099	0.754118	0.754138	0.754068	0.753999	0.753967	0.753934	0.753927	0.75392	0.753881	0.753842	0.75385	0.753858	0.753829	0.7538	0.753809	0.753819	0.753799	0.753779	0.753788	0.753796	0.753782	0.753769	0.753776	
0.753784	0.753791	0.753783	0.753775	0.753782	0.753788	0.753784	0.75378	0.753787	0.753794	0.753795	0.753797	0.753805	0.753814	0.753827	0.753841	0.753851	0.753862	0.75391	0.753958	0.75397	0.753983	0.754154	0.754325	0.754404	0.754483	0.7542	0.753918	0.754676	0.756247	0.751043	0.731539	0.734023	0.755618	0.751669	0.754092	0.75586	0.753245	0.753839	0.754433	0.754236	0.754039	0.754138	0.754238	0.754124	0.75401	0.75399	0.753969	0.753948	0.753927	0.753893	0.753859	0.753861	0.753863	0.753837	0.753811	0.753817	0.753823	0.753806	0.753788	0.753795	0.753802	0.75379	0.753778	0.753784	
0.753793	0.753798	0.753792	0.753786	0.753792	0.753798	0.753796	0.753794	0.753801	0.753808	0.753812	0.753816	0.753825	0.753834	0.753852	0.75387	0.753883	0.753896	0.753955	0.754014	0.754032	0.754051	0.754284	0.754518	0.754628	0.754739	0.754641	0.754543	0.755789	0.757519	0.754673	0.743467	0.735034	0.760822	0.75478	0.758151	0.757387	0.75272	0.753566	0.754412	0.754195	0.753979	0.754158	0.754338	0.75418	0.754021	0.754013	0.754004	0.75397	0.753935	0.753905	0.753876	0.753872	0.753868	0.753845	0.753822	0.753825	0.753828	0.753813	0.753798	0.753803	0.753808	0.753797	0.753787	0.753793	
0.753784	0.753791	0.753782	0.753774	0.753781	0.753787	0.753783	0.753778	0.753786	0.753793	0.753794	0.753795	0.753805	0.753814	0.753829	0.753845	0.753861	0.753877	0.753936	0.753995	0.754041	0.754086	0.754335	0.754584	0.754956	0.755327	0.755517	0.755707	0.755053	0.754135	0.754761	0.750712	0.744173	0.761053	0.758918	0.761299	0.758037	0.752228	0.753133	0.754038	0.754035	0.754032	0.754193	0.754353	0.754201	0.754049	0.75403	0.754011	0.753978	0.753945	0.753909	0.753873	0.753871	0.753869	0.753843	0.753816	0.753821	0.753826	0.753808	0.75379	0.753796	0.753802	0.75379	0.753778	0.753784	
0.753776	0.753783	0.753773	0.753763	0.75377	0.753776	0.75377	0.753763	0.75377	0.753778	0.753776	0.753775	0.753784	0.753794	0.753807	0.753819	0.753839	0.753859	0.753918	0.753977	0.754049	0.754121	0.754385	0.75465	0.755283	0.755916	0.756393	0.75687	0.754317	0.751763	0.755223	0.753948	0.754874	0.760684	0.762124	0.765133	0.75922	0.751736	0.7527	0.753663	0.753875	0.754086	0.754227	0.754367	0.754223	0.754078	0.754048	0.754018	0.753987	0.753956	0.753913	0.753871	0.753871	0.753871	0.75384	0.753809	0.753816	0.753823	0.753802	0.753782	0.753789	0.753797	0.753783	0.753769	0.753776	
0.753784	0.75379	0.753782	0.753774	0.75378	0.753786	0.753781	0.753777	0.753783	0.75379	0.753792	0.753793	0.753802	0.75381	0.753827	0.753845	0.753862	0.753879	0.753944	0.75401	0.754077	0.754144	0.754417	0.754691	0.755234	0.755777	0.75665	0.757524	0.753115	0.748707	0.753795	0.754091	0.751702	0.75371	0.760388	0.764189	0.759142	0.752454	0.753096	0.753738	0.753984	0.754231	0.754297	0.754363	0.754242	0.754122	0.754074	0.754026	0.753998	0.753969	0.753925	0.753882	0.753879	0.753877	0.753848	0.753819	0.753823	0.753828	0.753809	0.753791	0.753796	0.753802	0.75379	0.753778	0.753784	
0.753792	0.753797	0.75379	0.753784	0.75379	0.753795	0.753793	0.75379	0.753796	0.753802	0.753807	0.753812	0.753819	0.753826	0.753848	0.75387	0.753884	0.753898	0.75397	0.754043	0.754105	0.754167	0.754449	0.754732	0.755185	0.755637	0.756908	0.758178	0.751914	0.74565	0.752368	0.757299	0.750518	0.749067	0.755479	0.763318	0.758245	0.753172	0.753492	0.753812	0.754094	0.754376	0.754367	0.754359	0.754262	0.754165	0.754099	0.754034	0.754008	0.753982	0.753937	0.753892	0.753887	0.753882	0.753856	0.753829	0.753831	0.753832	0.753816	0.7538	0.753804	0.753808	0.753797	0.753787	0.753792	
0.753782	0.753787	0.753779	0.753771	0.753777	0.753782	0.753778	0.753773	0.753779	0.753785	0.753786	0.753787	0.753794	0.753801	0.753815	0.75383	0.753846	0.753861	0.753918	0.753975	0.754047	0.754119	0.754334	0.754549	0.754948	0.755348	0.756564	0.757779	0.75183	0.74588	0.752004	0.763642	0.759459	0.750427	0.752165	0.760298	0.756605	0.752911	0.753482	0.754053	0.754298	0.754543	0.754469	0.754394	0.754283	0.754172	0.754098	0.754025	0.753999	0.753973	0.753926	0.753879	0.753876	0.753873	0.753845	0.753817	0.753821	0.753824	0.753807	0.753789	0.753794	0.753799	0.753788	0.753776	0.753782	
0.753771	0.753778	0.753768	0.753758	0.753764	0.75377	0.753763	0.753756	0.753762	0.753767	0.753765	0.753762	0.753768	0.753775	0.753783	0.753791	0.753807	0.753824	0.753866	0.753907	0.753988	0.75407	0.754218	0.754365	0.754712	0.755059	0.75622	0.75738	0.751745	0.74142	0.744755	0.763279	0.767092	0.754288	0.750371	0.757279	0.754964	0.75265	0.753472	0.754294	0.754503	0.754711	0.75457	0.754429	0.754304	0.754179	0.754098	0.754017	0.75399	0.753964	0.753915	0.753866	0.753865	0.753864	0.753835	0.753805	0.753811	0.753816	0.753797	0.753778	0.753785	0.753791	0.753778	0.753765	0.753771	
0.753779	0.753784	0.753776	0.753768	0.753773	0.753778	0.753773	0.753768	0.753772	0.753777	0.753777	0.753777	0.753781	0.753785	0.753797	0.753809	0.753817	0.753825	0.753875	0.753926	0.75398	0.754033	0.754189	0.754345	0.754498	0.754651	0.755636	0.756621	0.753997	0.748789	0.742862	0.751957	0.763477	0.755706	0.750269	0.755826	0.754516	0.753206	0.753843	0.75448	0.754681	0.754882	0.754632	0.754382	0.754297	0.754212	0.754111	0.75401	0.75399	0.753971	0.753921	0.75387	0.753869	0.753867	0.75384	0.753812	0.753816	0.75382	0.753803	0.753786	0.753791	0.753796	0.753785	0.753773	0.753779	
0.753786	0.75379	0.753784	0.753778	0.753782	0.753786	0.753783	0.75378	0.753783	0.753786	0.753789	0.753792	0.753793	0.753794	0.75381	0.753827	0.753826	0.753826	0.753885	0.753944	0.753971	0.753997	0.754161	0.754325	0.754284	0.754243	0.755053	0.755863	0.756248	0.753782	0.743564	0.740323	0.752548	0.752481	0.750245	0.754373	0.754067	0.753761	0.754213	0.754665	0.754859	0.755052	0.754694	0.754335	0.75429	0.754245	0.754124	0.754003	0.75399	0.753977	0.753926	0.753875	0.753872	0.75387	0.753845	0.75382	0.753821	0.753823	0.753809	0.753794	0.753797	0.753801	0.753791	0.753782	0.753786	
0.753774	0.753779	0.753772	0.753764	0.753768	0.753773	0.753767	0.753762	0.753765	0.753769	0.753767	0.753766	0.753767	0.753768	0.753776	0.753784	0.753783	0.753782	0.753821	0.753861	0.753889	0.753918	0.754017	0.754117	0.753994	0.753871	0.754364	0.754857	0.756242	0.755354	0.746222	0.739105	0.744529	0.748134	0.750597	0.754982	0.754818	0.754654	0.754805	0.754956	0.754917	0.754878	0.754555	0.754232	0.754193	0.754153	0.754053	0.753952	0.753944	0.753935	0.753891	0.753847	0.753848	0.753849	0.753826	0.753802	0.753806	0.75381	0.753795	0.753781	0.753786	0.75379	0.75378	0.75377	0.753774	
0.753763	0.753769	0.753759	0.75375	0.753755	0.75376	0.753752	0.753744	0.753748	0.753751	0.753745	0.75374	0.75374	0.753741	0.753741	0.753742	0.75374	0.753738	0.753758	0.753777	0.753808	0.753838	0.753874	0.753909	0.753705	0.7535	0.753676	0.753852	0.756235	0.758618	0.752691	0.744075	0.743946	0.748193	0.752505	0.755592	0.75557	0.755547	0.755397	0.755246	0.754975	0.754703	0.754417	0.75413	0.754095	0.75406	0.753981	0.753902	0.753898	0.753893	0.753857	0.75382	0.753824	0.753828	0.753806	0.753785	0.753791	0.753797	0.753782	0.753767	0.753774	0.75378	0.753769	0.753757	0.753763	
0.753769	0.753774	0.753766	0.753759	0.753763	0.753766	0.75376	0.753754	0.753756	0.753757	0.753754	0.75375	0.753747	0.753744	0.753746	0.753749	0.753737	0.753726	0.753751	0.753775	0.753783	0.753791	0.753889	0.753986	0.753806	0.753627	0.753596	0.753566	0.755027	0.756489	0.753502	0.74954	0.74758	0.751017	0.754053	0.755425	0.755767	0.756108	0.755759	0.75541	0.755033	0.754656	0.754367	0.754077	0.754055	0.754033	0.753959	0.753885	0.753884	0.753884	0.753851	0.753819	0.753823	0.753826	0.753808	0.75379	0.753794	0.753799	0.753787	0.753774	0.753779	0.753784	0.753774	0.753765	0.753769	
0.753776	0.753779	0.753773	0.753768	0.75377	0.753773	0.753768	0.753764	0.753764	0.753764	0.753762	0.75376	0.753754	0.753747	0.753752	0.753756	0.753735	0.753714	0.753744	0.753773	0.753759	0.753745	0.753904	0.754062	0.753908	0.753753	0.753517	0.75328	0.753819	0.754358	0.754314	0.754438	0.753017	0.753724	0.754869	0.755257	0.755964	0.75667	0.756122	0.755573	0.755091	0.754609	0.754317	0.754025	0.754016	0.754007	0.753938	0.753868	0.753871	0.753874	0.753846	0.753818	0.753821	0.753825	0.75381	0.753795	0.753798	0.753801	0.753791	0.753781	0.753784	0.753788	0.75378	0.753773	0.753776	
0.753764	0.753769	0.753761	0.753754	0.753757	0.75376	0.753754	0.753747	0.753748	0.753748	0.753742	0.753737	0.753731	0.753725	0.753722	0.75372	0.753702	0.753685	0.7537	0.753715	0.753705	0.753695	0.753864	0.754033	0.754156	0.75428	0.754182	0.754084	0.752969	0.751853	0.752812	0.756271	0.755972	0.755171	0.755585	0.756016	0.756077	0.756138	0.755606	0.755074	0.754643	0.754212	0.754049	0.753886	0.753875	0.753865	0.753834	0.753803	0.75381	0.753817	0.753801	0.753786	0.753792	0.753798	0.753787	0.753775	0.75378	0.753786	0.753776	0.753767	0.753772	0.753776	0.753768	0.75376	0.753764	
0.753753	0.753758	0.753749	0.753741	0.753744	0.753748	0.753739	0.75373	0.753731	0.753732	0.753722	0.753713	0.753708	0.753703	0.753693	0.753683	0.75367	0.753656	0.753657	0.753658	0.753651	0.753645	0.753824	0.754003	0.754405	0.754806	0.754848	0.754889	0.752119	0.749348	0.75131	0.755257	0.755537	0.75473	0.755742	0.756775	0.756191	0.755606	0.75509	0.754574	0.754195	0.753815	0.753781	0.753747	0.753735	0.753723	0.75373	0.753737	0.753748	0.753759	0.753756	0.753753	0.753762	0.753772	0.753764	0.753756	0.753763	0.75377	0.753762	0.753753	0.753759	0.753765	0.753756	0.753748	0.753753	
0.753758	0.753763	0.753755	0.753748	0.753751	0.753753	0.753746	0.753738	0.753737	0.753737	0.753728	0.753719	0.753711	0.753703	0.753692	0.753681	0.753659	0.753636	0.75363	0.753623	0.753582	0.75354	0.753672	0.753805	0.754263	0.754722	0.755285	0.755847	0.752989	0.750131	0.749853	0.752051	0.753284	0.753953	0.75607	0.758275	0.756677	0.755078	0.754583	0.754089	0.753899	0.75371	0.75369	0.753671	0.753676	0.753681	0.753697	0.753712	0.75373	0.753747	0.753748	0.75375	0.75376	0.753769	0.753764	0.753759	0.753766	0.753772	0.753765	0.753758	0.753764	0.753769	0.753762	0.753754	0.753758	
