x=95	y=200	z=200	n=65	len=1
b
0	0	0	0	0	0	0	0	0	0	0	0	0	0	0	0	0	0	0	0	0	0	0	0	0	0	0	0	0	0	0	0	0	0	0	0	0	0	0	0	0	0	0	0	0	0	0	0	0	0	0	0	0	0	0	0	0	0	0	0	0	0	0	0	0	
0.0235665	0.0235669	0.0235659	0.0235649	0.0235633	0.0235617	0.0235599	0.0235581	0.0235549	0.0235517	0.0235494	0.023547	0.0235433	0.0235396	0.0235373	0.0235349	0.0235323	0.0235298	0.0235278	0.0235259	0.0235256	0.0235253	0.0235238	0.0235223	0.0235236	0.0235248	0.0235233	0.0235217	0.0235228	0.0235239	0.0235229	0.0235219	0.0235224	0.0235229	0.0235238	0.0235247	0.0235244	0.0235241	0.0235257	0.0235273	0.0235263	0.0235253	0.0235272	0.023529	0.023529	0.023529	0.0235311	0.0235332	0.0235355	0.0235377	0.0235398	0.0235419	0.0235456	0.0235493	0.023551	0.0235526	0.0235562	0.0235599	0.0235607	0.0235616	0.0235639	0.0235662	0.0235661	0.0235661	0.0235665	
0.0471347	0.0471353	0.0471336	0.0471319	0.0471285	0.0471252	0.0471219	0.0471186	0.047112	0.0471055	0.0471012	0.0470969	0.0470891	0.0470813	0.0470771	0.0470728	0.047067	0.0470612	0.0470579	0.0470547	0.0470533	0.0470519	0.0470497	0.0470475	0.0470493	0.0470511	0.0470488	0.0470464	0.0470481	0.0470499	0.0470482	0.0470465	0.0470472	0.0470479	0.04705	0.047052	0.0470513	0.0470507	0.0470538	0.0470569	0.047055	0.047053	0.0470564	0.0470599	0.0470601	0.0470604	0.0470645	0.0470685	0.0470732	0.0470778	0.047082	0.0470862	0.0470936	0.047101	0.0471043	0.0471076	0.0471146	0.0471217	0.0471235	0.0471253	0.0471296	0.047134	0.047134	0.0471341	0.0471347	
0.0707029	0.0707037	0.0707012	0.0706988	0.0706937	0.0706886	0.0706839	0.0706792	0.0706692	0.0706592	0.070653	0.0706468	0.0706349	0.070623	0.0706169	0.0706107	0.0706017	0.0705926	0.0705881	0.0705835	0.070581	0.0705784	0.0705755	0.0705726	0.070575	0.0705774	0.0705743	0.0705711	0.0705734	0.0705758	0.0705734	0.0705711	0.070572	0.070573	0.0705762	0.0705794	0.0705783	0.0705772	0.0705819	0.0705865	0.0705836	0.0705807	0.0705857	0.0705908	0.0705912	0.0705917	0.0705978	0.0706038	0.0706109	0.070618	0.0706242	0.0706304	0.0706415	0.0706526	0.0706576	0.0706626	0.070673	0.0706835	0.0706862	0.070689	0.0706954	0.0707018	0.0707019	0.0707021	0.0707029	
0.0942752	0.0942762	0.0942731	0.0942699	0.0942636	0.0942572	0.094251	0.0942448	0.0942321	0.0942194	0.0942111	0.0942028	0.0941872	0.0941717	0.0941632	0.0941548	0.0941425	0.0941303	0.094124	0.0941176	0.0941141	0.0941105	0.0941066	0.0941027	0.0941063	0.0941099	0.0941057	0.0941015	0.0941052	0.0941088	0.0941051	0.0941014	0.0941029	0.0941044	0.0941087	0.0941131	0.0941115	0.0941098	0.0941157	0.0941217	0.0941174	0.0941132	0.0941197	0.0941263	0.0941272	0.0941281	0.0941362	0.0941442	0.0941541	0.094164	0.0941722	0.0941804	0.0941952	0.0942101	0.0942165	0.094223	0.0942366	0.0942502	0.0942537	0.0942572	0.0942654	0.0942737	0.0942739	0.0942741	0.0942752	
0.117847	0.117849	0.117845	0.117841	0.117833	0.117826	0.117818	0.11781	0.117795	0.11778	0.117769	0.117759	0.11774	0.11772	0.11771	0.117699	0.117683	0.117668	0.11766	0.117652	0.117647	0.117643	0.117638	0.117633	0.117638	0.117642	0.117637	0.117632	0.117637	0.117642	0.117637	0.117632	0.117634	0.117636	0.117641	0.117647	0.117645	0.117642	0.11765	0.117657	0.117651	0.117646	0.117654	0.117662	0.117663	0.117665	0.117675	0.117685	0.117697	0.11771	0.11772	0.11773	0.117749	0.117768	0.117775	0.117783	0.1178	0.117817	0.117821	0.117825	0.117836	0.117846	0.117846	0.117846	0.117847	
0.141426	0.141427	0.141423	0.141419	0.14141	0.141402	0.141393	0.141385	0.141367	0.14135	0.141338	0.141326	0.141303	0.14128	0.141268	0.141256	0.141236	0.141216	0.141207	0.141198	0.14119	0.141183	0.141178	0.141174	0.141179	0.141184	0.141179	0.141175	0.141181	0.141187	0.14118	0.141174	0.141176	0.141179	0.141186	0.141193	0.14119	0.141186	0.141194	0.141202	0.141195	0.141188	0.141197	0.141206	0.141209	0.141211	0.141223	0.141235	0.141251	0.141267	0.141279	0.141291	0.141313	0.141335	0.141344	0.141353	0.141372	0.141391	0.141396	0.141401	0.141412	0.141423	0.141424	0.141424	0.141426	
0.165004	0.165005	0.165001	0.164997	0.164987	0.164978	0.164969	0.164959	0.164939	0.164919	0.164906	0.164893	0.164867	0.16484	0.164826	0.164812	0.164788	0.164764	0.164754	0.164744	0.164733	0.164723	0.164719	0.164715	0.16472	0.164726	0.164722	0.164718	0.164725	0.164731	0.164724	0.164717	0.164719	0.164721	0.16473	0.16474	0.164735	0.16473	0.164739	0.164747	0.164739	0.16473	0.16474	0.16475	0.164754	0.164758	0.164771	0.164785	0.164804	0.164824	0.164838	0.164851	0.164877	0.164902	0.164913	0.164923	0.164944	0.164965	0.164971	0.164977	0.164989	0.165001	0.165002	0.165003	0.165004	
0.188588	0.188589	0.188585	0.18858	0.188571	0.188562	0.188552	0.188543	0.188522	0.188502	0.188488	0.188474	0.188444	0.188415	0.1884	0.188385	0.188356	0.188327	0.188316	0.188305	0.188291	0.188277	0.188273	0.18827	0.188275	0.188281	0.188279	0.188277	0.188285	0.188294	0.188285	0.188275	0.188278	0.188281	0.188292	0.188303	0.188296	0.18829	0.188298	0.188305	0.188295	0.188285	0.188295	0.188306	0.188312	0.188318	0.188333	0.188348	0.188372	0.188395	0.18841	0.188425	0.188453	0.188481	0.188493	0.188504	0.188526	0.188548	0.188554	0.18856	0.188572	0.188584	0.188585	0.188586	0.188588	
0.212171	0.212173	0.212168	0.212164	0.212155	0.212146	0.212136	0.212126	0.212105	0.212084	0.212069	0.212054	0.212022	0.211991	0.211974	0.211957	0.211924	0.211891	0.211878	0.211866	0.211848	0.211831	0.211828	0.211824	0.21183	0.211837	0.211836	0.211835	0.211846	0.211856	0.211845	0.211834	0.211837	0.211841	0.211853	0.211866	0.211857	0.211849	0.211856	0.211863	0.211851	0.211839	0.21185	0.211861	0.21187	0.211879	0.211895	0.211912	0.211939	0.211967	0.211983	0.212	0.21203	0.212061	0.212073	0.212085	0.212108	0.21213	0.212137	0.212143	0.212155	0.212167	0.212168	0.21217	0.212171	
0.235758	0.235759	0.235755	0.235752	0.235744	0.235736	0.235727	0.235717	0.235698	0.235679	0.235664	0.235649	0.235617	0.235585	0.235568	0.23555	0.235513	0.235476	0.235462	0.235449	0.235426	0.235402	0.235401	0.235399	0.235403	0.235407	0.235412	0.235417	0.235429	0.235441	0.23543	0.235419	0.235422	0.235425	0.235439	0.235452	0.235441	0.235429	0.235433	0.235438	0.235424	0.235411	0.235422	0.235433	0.235446	0.235459	0.235477	0.235494	0.235526	0.235557	0.235574	0.235591	0.235622	0.235653	0.235665	0.235678	0.235698	0.235719	0.235726	0.235733	0.235743	0.235753	0.235755	0.235757	0.235758	
0.259344	0.259345	0.259342	0.259339	0.259333	0.259326	0.259317	0.259309	0.259291	0.259273	0.259259	0.259245	0.259212	0.25918	0.259162	0.259144	0.259102	0.25906	0.259047	0.259033	0.259003	0.258973	0.258974	0.258974	0.258976	0.258978	0.258989	0.258999	0.259013	0.259026	0.259015	0.259003	0.259006	0.259009	0.259024	0.259039	0.259024	0.259009	0.25901	0.259012	0.258997	0.258983	0.258994	0.259004	0.259022	0.25904	0.259058	0.259076	0.259112	0.259148	0.259165	0.259182	0.259214	0.259246	0.259258	0.25927	0.259289	0.259309	0.259315	0.259322	0.259331	0.259339	0.259341	0.259343	0.259344	
0.282928	0.282928	0.282926	0.282925	0.282921	0.282916	0.28291	0.282904	0.28289	0.282877	0.282864	0.282852	0.282823	0.282794	0.282777	0.282759	0.282716	0.282672	0.282658	0.282643	0.282606	0.282569	0.28257	0.282572	0.28257	0.282569	0.282587	0.282605	0.282622	0.282638	0.282629	0.28262	0.282624	0.282627	0.282638	0.282649	0.28263	0.282611	0.282606	0.282602	0.282589	0.282576	0.282586	0.282595	0.28262	0.282645	0.282663	0.282682	0.28272	0.282759	0.282775	0.282791	0.28282	0.282849	0.28286	0.282871	0.282886	0.2829	0.282906	0.282913	0.282918	0.282922	0.282925	0.282928	0.282928	
0.306511	0.306511	0.306511	0.306511	0.306509	0.306507	0.306503	0.306498	0.306489	0.30648	0.30647	0.306459	0.306433	0.306408	0.306391	0.306375	0.306329	0.306284	0.306269	0.306254	0.306209	0.306164	0.306167	0.30617	0.306164	0.306159	0.306185	0.30621	0.30623	0.306251	0.306244	0.306238	0.306241	0.306245	0.306252	0.30626	0.306236	0.306213	0.306202	0.306192	0.30618	0.306168	0.306177	0.306187	0.306219	0.306251	0.306269	0.306287	0.306328	0.30637	0.306385	0.3064	0.306426	0.306453	0.306462	0.306472	0.306482	0.306492	0.306497	0.306503	0.306505	0.306506	0.306509	0.306512	0.306511	
0.330085	0.330084	0.330086	0.330088	0.330089	0.330091	0.33009	0.330088	0.330087	0.330085	0.330078	0.330071	0.330054	0.330037	0.330024	0.33001	0.329968	0.329926	0.329911	0.329896	0.329844	0.329791	0.329794	0.329797	0.329783	0.329768	0.329805	0.329842	0.329866	0.329889	0.329897	0.329905	0.329908	0.329911	0.329904	0.329897	0.329867	0.329837	0.329817	0.329798	0.329793	0.329788	0.329796	0.329804	0.329845	0.329886	0.329903	0.329919	0.329959	0.329999	0.330011	0.330023	0.330042	0.33006	0.330067	0.330074	0.330076	0.330078	0.330082	0.330087	0.330083	0.33008	0.330083	0.330087	0.330085	
0.353659	0.353656	0.35366	0.353664	0.353669	0.353674	0.353676	0.353678	0.353684	0.35369	0.353687	0.353683	0.353675	0.353667	0.353656	0.353645	0.353606	0.353568	0.353553	0.353539	0.353478	0.353418	0.353422	0.353425	0.353401	0.353377	0.353425	0.353474	0.353501	0.353527	0.35355	0.353573	0.353575	0.353577	0.353556	0.353534	0.353498	0.353461	0.353432	0.353404	0.353406	0.353408	0.353414	0.353421	0.353472	0.353522	0.353536	0.353551	0.35359	0.353629	0.353638	0.353647	0.353657	0.353668	0.353672	0.353677	0.35367	0.353664	0.353667	0.353671	0.353662	0.353653	0.353657	0.353661	0.353659	
0.377214	0.377211	0.377217	0.377223	0.377232	0.37724	0.377246	0.377253	0.377267	0.377282	0.377284	0.377287	0.377292	0.377298	0.377292	0.377287	0.377261	0.377235	0.377223	0.37721	0.377148	0.377086	0.377086	0.377086	0.377048	0.37701	0.377065	0.377119	0.377151	0.377183	0.377239	0.377294	0.377295	0.377297	0.37724	0.377182	0.37714	0.377098	0.377061	0.377025	0.377043	0.377061	0.377067	0.377072	0.37713	0.377187	0.377197	0.377206	0.377236	0.377266	0.377269	0.377272	0.37727	0.377267	0.377267	0.377267	0.377251	0.377235	0.377236	0.377238	0.377224	0.37721	0.377214	0.377218	0.377214	
0.40077	0.400765	0.400774	0.400783	0.400794	0.400806	0.400816	0.400827	0.40085	0.400873	0.400882	0.40089	0.400909	0.400928	0.400929	0.400929	0.400916	0.400903	0.400892	0.400881	0.400818	0.400755	0.400751	0.400747	0.400695	0.400643	0.400704	0.400764	0.400802	0.400839	0.400927	0.401015	0.401016	0.401018	0.400924	0.40083	0.400782	0.400734	0.400691	0.400647	0.400681	0.400715	0.400719	0.400723	0.400788	0.400852	0.400857	0.400862	0.400883	0.400904	0.400901	0.400898	0.400882	0.400867	0.400862	0.400858	0.400832	0.400806	0.400805	0.400805	0.400785	0.400766	0.40077	0.400775	0.40077	
0.424302	0.424296	0.424307	0.424318	0.424331	0.424344	0.424359	0.424374	0.424404	0.424434	0.42445	0.424466	0.424501	0.424536	0.424545	0.424554	0.424564	0.424574	0.424569	0.424564	0.424513	0.424462	0.424454	0.424445	0.424373	0.424301	0.424357	0.424414	0.424455	0.424496	0.424647	0.424798	0.424798	0.424798	0.42464	0.424482	0.424428	0.424375	0.42433	0.424286	0.424346	0.424407	0.424409	0.424411	0.424471	0.42453	0.424527	0.424524	0.424525	0.424525	0.424514	0.424504	0.424472	0.42444	0.42443	0.424421	0.424386	0.424351	0.424348	0.424345	0.424322	0.424299	0.424303	0.424308	0.424302	
0.447834	0.447826	0.447839	0.447853	0.447867	0.447882	0.447902	0.447922	0.447959	0.447995	0.448019	0.448042	0.448092	0.448143	0.448161	0.448179	0.448212	0.448245	0.448246	0.448246	0.448208	0.44817	0.448156	0.448142	0.44805	0.447958	0.448011	0.448064	0.448108	0.448153	0.448367	0.448581	0.448579	0.448577	0.448355	0.448133	0.448074	0.448015	0.44797	0.447924	0.448011	0.448098	0.448099	0.448099	0.448154	0.448209	0.448198	0.448187	0.448167	0.448146	0.448128	0.44811	0.448061	0.448012	0.447998	0.447984	0.44794	0.447896	0.447891	0.447886	0.447859	0.447831	0.447836	0.447841	0.447834	
0.471342	0.471333	0.471348	0.471363	0.471375	0.471388	0.471412	0.471436	0.471472	0.471509	0.47154	0.471571	0.47163	0.471689	0.47172	0.471751	0.47181	0.471869	0.471883	0.471898	0.471896	0.471894	0.471879	0.471863	0.471764	0.471664	0.471688	0.471712	0.471745	0.471778	0.472046	0.472314	0.472316	0.472317	0.472031	0.471745	0.471704	0.471663	0.471633	0.471602	0.471711	0.47182	0.471816	0.471811	0.471836	0.471861	0.471837	0.471813	0.471766	0.471719	0.471691	0.471662	0.471602	0.471542	0.471523	0.471503	0.471456	0.47141	0.471403	0.471396	0.471368	0.471341	0.471345	0.47135	0.471342	
0.49485	0.49484	0.494857	0.494873	0.494883	0.494893	0.494922	0.49495	0.494986	0.495022	0.495061	0.495099	0.495168	0.495236	0.495279	0.495322	0.495407	0.495493	0.495521	0.495549	0.495584	0.495618	0.495601	0.495583	0.495477	0.495371	0.495365	0.495359	0.495381	0.495402	0.495725	0.496048	0.496052	0.496057	0.495706	0.495356	0.495333	0.495311	0.495296	0.495281	0.495411	0.495542	0.495533	0.495523	0.495519	0.495514	0.495476	0.495438	0.495365	0.495291	0.495253	0.495215	0.495143	0.495071	0.495047	0.495022	0.494973	0.494924	0.494915	0.494905	0.494878	0.49485	0.494855	0.494859	0.49485	
0.518342	0.518332	0.518349	0.518367	0.51837	0.518373	0.518404	0.518434	0.518459	0.518485	0.518528	0.518572	0.518632	0.518693	0.518747	0.5188	0.518898	0.518997	0.519043	0.519089	0.519176	0.519262	0.519258	0.519254	0.519182	0.519109	0.519063	0.519016	0.519011	0.519006	0.519327	0.519647	0.519656	0.519664	0.519311	0.518957	0.518969	0.51898	0.518986	0.518991	0.519108	0.519224	0.5192	0.519176	0.519119	0.519062	0.51901	0.518958	0.518866	0.518775	0.51873	0.518685	0.518616	0.518547	0.51852	0.518493	0.518451	0.518409	0.518399	0.518389	0.518367	0.518344	0.518348	0.518352	0.518342	
0.541835	0.541824	0.541842	0.54186	0.541857	0.541853	0.541885	0.541917	0.541933	0.541948	0.541996	0.542044	0.542097	0.542151	0.542215	0.542278	0.542389	0.542501	0.542565	0.54263	0.542768	0.542906	0.542915	0.542924	0.542886	0.542848	0.54276	0.542672	0.542641	0.54261	0.542928	0.543247	0.543259	0.543271	0.542915	0.542559	0.542604	0.542649	0.542676	0.542702	0.542804	0.542906	0.542868	0.542829	0.54272	0.542611	0.542545	0.542478	0.542368	0.542258	0.542207	0.542155	0.542089	0.542022	0.541993	0.541963	0.541929	0.541895	0.541884	0.541873	0.541855	0.541838	0.541842	0.541846	0.541835	
0.56533	0.565319	0.565336	0.565353	0.56534	0.565328	0.565359	0.565391	0.565385	0.56538	0.565429	0.565477	0.5655	0.565522	0.565591	0.565659	0.56574	0.565821	0.565904	0.565987	0.566136	0.566286	0.566341	0.566397	0.566492	0.566587	0.566477	0.566366	0.566255	0.566144	0.566216	0.566289	0.566323	0.566358	0.566222	0.566086	0.566229	0.566371	0.56642	0.566468	0.566434	0.5664	0.566325	0.566251	0.566117	0.565983	0.565904	0.565826	0.565738	0.565649	0.565595	0.565541	0.565502	0.565462	0.565432	0.565402	0.565388	0.565373	0.565361	0.56535	0.565342	0.565333	0.565337	0.56534	0.56533	
0.588824	0.588814	0.58883	0.588846	0.588824	0.588803	0.588833	0.588864	0.588838	0.588812	0.588862	0.588911	0.588902	0.588893	0.588967	0.589041	0.589091	0.58914	0.589242	0.589344	0.589505	0.589666	0.589768	0.589869	0.590097	0.590326	0.590193	0.590061	0.589869	0.589678	0.589504	0.589331	0.589387	0.589444	0.589528	0.589612	0.589853	0.590094	0.590164	0.590233	0.590063	0.589893	0.589783	0.589672	0.589514	0.589355	0.589264	0.589174	0.589107	0.58904	0.588984	0.588927	0.588915	0.588902	0.588872	0.588841	0.588846	0.588851	0.588839	0.588826	0.588828	0.588829	0.588832	0.588834	0.588824	
0.612341	0.612333	0.612346	0.612359	0.612331	0.612303	0.61233	0.612356	0.612311	0.612266	0.61231	0.612354	0.612305	0.612255	0.612323	0.612391	0.612371	0.612351	0.612449	0.612547	0.612623	0.612699	0.612817	0.612935	0.613176	0.613416	0.613411	0.613406	0.613332	0.613257	0.612766	0.612276	0.612326	0.612376	0.612771	0.613166	0.613332	0.613498	0.613454	0.613409	0.613196	0.612982	0.612866	0.61275	0.61266	0.61257	0.612487	0.612404	0.612401	0.612398	0.612348	0.612297	0.612325	0.612352	0.612325	0.612297	0.612323	0.612349	0.612337	0.612326	0.612336	0.612347	0.612348	0.61235	0.612341	
0.635858	0.635852	0.635862	0.635873	0.635838	0.635803	0.635826	0.635849	0.635784	0.63572	0.635759	0.635797	0.635707	0.635618	0.635679	0.63574	0.635651	0.635561	0.635655	0.63575	0.635741	0.635732	0.635867	0.636002	0.636254	0.636507	0.636629	0.636752	0.636794	0.636836	0.636029	0.635221	0.635264	0.635308	0.636014	0.636719	0.636811	0.636903	0.636744	0.636585	0.636328	0.636071	0.63595	0.635828	0.635807	0.635786	0.63571	0.635635	0.635696	0.635757	0.635712	0.635668	0.635735	0.635802	0.635777	0.635753	0.6358	0.635846	0.635836	0.635825	0.635845	0.635865	0.635865	0.635866	0.635858	
0.659414	0.659409	0.659416	0.659424	0.65939	0.659356	0.659373	0.659391	0.659323	0.659256	0.659285	0.659315	0.659207	0.6591	0.659148	0.659196	0.659048	0.658901	0.658978	0.659055	0.658893	0.658731	0.658856	0.658981	0.658872	0.658762	0.658996	0.659229	0.659501	0.659772	0.659333	0.658895	0.658873	0.658852	0.659332	0.659812	0.659601	0.65939	0.659149	0.658907	0.658977	0.659047	0.658945	0.658843	0.658968	0.659093	0.659033	0.658973	0.659095	0.659217	0.659181	0.659145	0.659235	0.659325	0.659304	0.659283	0.659338	0.659393	0.659383	0.659373	0.659397	0.659421	0.659419	0.659418	0.659414	
0.682969	0.682966	0.68297	0.682974	0.682942	0.682909	0.682921	0.682933	0.682862	0.682791	0.682812	0.682833	0.682707	0.682582	0.682617	0.682652	0.682446	0.68224	0.682301	0.682361	0.682046	0.681731	0.681845	0.681959	0.681489	0.681018	0.681362	0.681706	0.682207	0.683183	0.683124	0.682656	0.68177	0.682696	0.683778	0.683602	0.682887	0.681878	0.681554	0.68123	0.681626	0.682023	0.68194	0.681857	0.682129	0.682401	0.682356	0.682311	0.682494	0.682676	0.682649	0.682622	0.682735	0.682848	0.682831	0.682814	0.682877	0.68294	0.682931	0.682922	0.682949	0.682976	0.682973	0.682971	0.682969	
0.706559	0.70656	0.70656	0.706561	0.70654	0.706518	0.706524	0.70653	0.70648	0.70643	0.706442	0.706454	0.706361	0.706269	0.70629	0.706312	0.706152	0.705991	0.70603	0.706068	0.705803	0.705537	0.70561	0.705684	0.705268	0.704852	0.704918	0.704983	0.70529	0.705464	0.704869	0.704537	0.704603	0.70508	0.705728	0.705753	0.705399	0.705016	0.704999	0.704982	0.705349	0.705717	0.705665	0.705613	0.705854	0.706096	0.706065	0.706034	0.706184	0.706334	0.706313	0.706293	0.706382	0.70647	0.706457	0.706443	0.706492	0.706541	0.706532	0.706523	0.706545	0.706567	0.706563	0.706559	0.706559	
0.73015	0.730153	0.730151	0.730148	0.730137	0.730126	0.730127	0.730127	0.730098	0.730068	0.730072	0.730076	0.730016	0.729956	0.729964	0.729972	0.729857	0.729742	0.729759	0.729776	0.729559	0.729343	0.729376	0.729408	0.729047	0.728687	0.728474	0.728261	0.728373	0.72892	0.727838	0.7268	0.726842	0.727493	0.728147	0.72879	0.728844	0.728154	0.728444	0.728733	0.729072	0.729411	0.72939	0.729368	0.72958	0.729792	0.729774	0.729756	0.729874	0.729991	0.729977	0.729964	0.730028	0.730093	0.730082	0.730071	0.730106	0.730141	0.730133	0.730125	0.730141	0.730158	0.730153	0.730148	0.73015	
0.753756	0.753761	0.753756	0.753751	0.753755	0.753759	0.753754	0.75375	0.753753	0.753757	0.753753	0.753748	0.753752	0.753756	0.753752	0.753747	0.753752	0.753757	0.753752	0.753746	0.753756	0.753766	0.753758	0.753749	0.75378	0.753812	0.753803	0.753793	0.753752	0.753766	0.753783	0.75325	0.753288	0.753628	0.753427	0.753673	0.753704	0.753699	0.753695	0.753692	0.75371	0.753729	0.753724	0.753719	0.753734	0.753748	0.753742	0.753736	0.753747	0.753759	0.753752	0.753745	0.753754	0.753763	0.753756	0.75375	0.753757	0.753764	0.753757	0.753751	0.753757	0.753763	0.753757	0.753751	0.753756	
0.777362	0.777369	0.777361	0.777353	0.777373	0.777392	0.777382	0.777372	0.777409	0.777447	0.777434	0.777421	0.777489	0.777557	0.777539	0.777521	0.777647	0.777773	0.777745	0.777716	0.777953	0.77819	0.77814	0.77809	0.778514	0.778937	0.779131	0.779326	0.779131	0.778487	0.779432	0.780091	0.781361	0.780647	0.779454	0.778669	0.778599	0.779244	0.778947	0.77865	0.778348	0.778046	0.778058	0.778069	0.777887	0.777705	0.77771	0.777716	0.777621	0.777526	0.777526	0.777527	0.77748	0.777433	0.77743	0.777428	0.777407	0.777386	0.777382	0.777377	0.777373	0.777368	0.777362	0.777355	0.777362	
0.800953	0.800961	0.800951	0.800941	0.80097	0.800999	0.800985	0.800971	0.801027	0.801083	0.801063	0.801043	0.801142	0.80124	0.80121	0.801181	0.801348	0.801514	0.801466	0.801418	0.801694	0.801971	0.801881	0.801791	0.802236	0.802682	0.802574	0.802466	0.802124	0.801819	0.802145	0.802453	0.802732	0.802506	0.80209	0.801878	0.802043	0.802424	0.802413	0.802401	0.802078	0.801755	0.801793	0.80183	0.801616	0.801402	0.801422	0.801441	0.801311	0.80118	0.80119	0.801199	0.801125	0.801052	0.801055	0.801057	0.801021	0.800984	0.800982	0.80098	0.800968	0.800957	0.800951	0.800945	0.800953	
0.824543	0.824553	0.824541	0.824529	0.824568	0.824606	0.824588	0.824569	0.824645	0.82472	0.824693	0.824665	0.824794	0.824923	0.824882	0.824841	0.825048	0.825256	0.825188	0.825119	0.825435	0.825751	0.825622	0.825493	0.825959	0.826426	0.826016	0.825606	0.825118	0.824114	0.824062	0.824216	0.824448	0.823906	0.82373	0.823955	0.82454	0.825604	0.825878	0.826152	0.825808	0.825464	0.825528	0.825591	0.825345	0.825099	0.825133	0.825166	0.825001	0.824835	0.824853	0.824871	0.824771	0.824671	0.824679	0.824687	0.824634	0.824581	0.824582	0.824582	0.824564	0.824546	0.82454	0.824534	0.824543	
0.848098	0.848108	0.848095	0.848082	0.84812	0.848158	0.848135	0.848113	0.848184	0.848255	0.848219	0.848184	0.848295	0.848405	0.84835	0.848295	0.848446	0.848596	0.848508	0.84842	0.848586	0.848752	0.848608	0.848464	0.848568	0.848672	0.848393	0.848114	0.847866	0.847216	0.847597	0.848127	0.848487	0.847952	0.847273	0.847112	0.847484	0.848098	0.848315	0.848531	0.848487	0.848442	0.84853	0.848619	0.848511	0.848402	0.848455	0.848508	0.848398	0.848288	0.848319	0.848349	0.848268	0.848188	0.848203	0.848218	0.848171	0.848124	0.848128	0.848132	0.848115	0.848098	0.848093	0.848088	0.848098	
0.871653	0.871664	0.871649	0.871634	0.871672	0.87171	0.871683	0.871656	0.871723	0.87179	0.871746	0.871703	0.871795	0.871887	0.871818	0.87175	0.871843	0.871937	0.871829	0.871721	0.871737	0.871753	0.871594	0.871435	0.871177	0.870919	0.870771	0.870622	0.870615	0.870607	0.871392	0.872177	0.872096	0.872015	0.871324	0.870633	0.870612	0.870591	0.870751	0.870911	0.871165	0.871419	0.871533	0.871647	0.871676	0.871705	0.871777	0.87185	0.871796	0.871742	0.871784	0.871827	0.871766	0.871704	0.871727	0.871749	0.871708	0.871666	0.871674	0.871681	0.871666	0.87165	0.871646	0.871642	0.871653	
0.89517	0.895181	0.895165	0.89515	0.89518	0.89521	0.895181	0.895152	0.895198	0.895245	0.895197	0.89515	0.895201	0.895253	0.895179	0.895105	0.895129	0.895153	0.895043	0.894933	0.894863	0.894793	0.894656	0.89452	0.894273	0.894027	0.894028	0.894028	0.89413	0.894231	0.89471	0.89519	0.895143	0.895097	0.894668	0.894239	0.894111	0.893984	0.894048	0.894112	0.894312	0.894512	0.894625	0.894738	0.89483	0.894922	0.895004	0.895087	0.895093	0.895099	0.89515	0.895201	0.895176	0.895152	0.895179	0.895207	0.895184	0.895161	0.895171	0.895182	0.895174	0.895165	0.895162	0.895159	0.89517	
0.918687	0.918698	0.918682	0.918666	0.918688	0.91871	0.918679	0.918647	0.918674	0.9187	0.918648	0.918597	0.918607	0.918618	0.918539	0.91846	0.918414	0.918368	0.918256	0.918145	0.917989	0.917833	0.917719	0.917605	0.91737	0.917134	0.917285	0.917435	0.917644	0.917854	0.918028	0.918202	0.918191	0.918179	0.918012	0.917845	0.917611	0.917378	0.917345	0.917313	0.917459	0.917604	0.917717	0.917829	0.917985	0.91814	0.918232	0.918323	0.91839	0.918456	0.918515	0.918574	0.918586	0.918599	0.918632	0.918664	0.91866	0.918656	0.918669	0.918683	0.918682	0.918681	0.918679	0.918677	0.918687	
0.942182	0.942192	0.942176	0.942161	0.942173	0.942185	0.942154	0.942122	0.942128	0.942134	0.942084	0.942033	0.942013	0.941994	0.941919	0.941845	0.94177	0.941695	0.941602	0.941509	0.941365	0.941221	0.941156	0.941091	0.940987	0.940883	0.941012	0.94114	0.941273	0.941407	0.941333	0.941258	0.941272	0.941286	0.941345	0.941404	0.941256	0.941108	0.941086	0.941063	0.94108	0.941097	0.941177	0.941257	0.941384	0.941512	0.941594	0.941676	0.941761	0.941846	0.941905	0.941963	0.942	0.942037	0.942071	0.942105	0.942118	0.942131	0.942146	0.942161	0.942168	0.942174	0.942174	0.942173	0.942182	
0.965677	0.965685	0.96567	0.965655	0.965657	0.96566	0.965628	0.965597	0.965583	0.965569	0.965519	0.965468	0.965419	0.965369	0.965299	0.96523	0.965126	0.965022	0.964947	0.964873	0.96474	0.964608	0.964592	0.964576	0.964604	0.964632	0.964739	0.964845	0.964902	0.96496	0.964637	0.964315	0.964354	0.964393	0.964678	0.964964	0.964901	0.964838	0.964826	0.964813	0.964702	0.96459	0.964637	0.964684	0.964785	0.964885	0.964957	0.965029	0.965133	0.965236	0.965294	0.965352	0.965413	0.965475	0.96551	0.965546	0.965576	0.965606	0.965622	0.965639	0.965654	0.965668	0.965668	0.965668	0.965677	
0.98917	0.989178	0.989164	0.98915	0.989145	0.98914	0.989111	0.989083	0.989058	0.989032	0.988988	0.988944	0.988886	0.988828	0.98877	0.988713	0.988619	0.988525	0.988474	0.988422	0.988336	0.988251	0.988256	0.988261	0.98832	0.988378	0.988446	0.988514	0.988541	0.988568	0.988246	0.987923	0.987954	0.987985	0.988285	0.988585	0.988555	0.988526	0.988528	0.988529	0.988405	0.988281	0.988311	0.988342	0.988391	0.988441	0.988497	0.988553	0.988639	0.988725	0.988775	0.988824	0.988889	0.988953	0.988986	0.989018	0.989056	0.989093	0.989108	0.989124	0.989143	0.989162	0.989162	0.989163	0.98917	
1.01266	1.01267	1.01266	1.01264	1.01263	1.01262	1.01259	1.01257	1.01253	1.0125	1.01246	1.01242	1.01235	1.01229	1.01224	1.0122	1.01211	1.01203	1.012	1.01197	1.01193	1.01189	1.01192	1.01195	1.01204	1.01212	1.01215	1.01218	1.01218	1.01218	1.01185	1.01153	1.01155	1.01158	1.01189	1.01221	1.01221	1.01221	1.01223	1.01225	1.01211	1.01197	1.01199	1.012	1.012	1.012	1.01204	1.01208	1.01215	1.01221	1.01226	1.0123	1.01236	1.01243	1.01246	1.01249	1.01253	1.01258	1.01259	1.01261	1.01263	1.01266	1.01266	1.01266	1.01266	
1.03617	1.03618	1.03617	1.03615	1.03614	1.03613	1.0361	1.03608	1.03605	1.03601	1.03598	1.03595	1.03589	1.03583	1.0358	1.03577	1.03571	1.03565	1.03564	1.03563	1.03562	1.03562	1.03565	1.03567	1.03576	1.03584	1.03584	1.03584	1.03582	1.0358	1.03553	1.03526	1.03527	1.03529	1.03556	1.03582	1.03585	1.03588	1.03591	1.03593	1.03582	1.0357	1.03571	1.03572	1.03569	1.03566	1.03568	1.03571	1.03575	1.03579	1.03582	1.03585	1.03591	1.03596	1.03599	1.03601	1.03605	1.0361	1.03611	1.03612	1.03614	1.03617	1.03617	1.03617	1.03617	
1.05968	1.05968	1.05967	1.05967	1.05965	1.05963	1.05961	1.0596	1.05956	1.05952	1.0595	1.05948	1.05943	1.05938	1.05936	1.05934	1.05931	1.05927	1.05928	1.05928	1.05931	1.05934	1.05937	1.0594	1.05948	1.05956	1.05953	1.0595	1.05946	1.05942	1.0592	1.05899	1.05899	1.059	1.05922	1.05944	1.05949	1.05954	1.05958	1.05962	1.05953	1.05943	1.05943	1.05943	1.05937	1.05931	1.05932	1.05933	1.05935	1.05937	1.05939	1.05941	1.05945	1.0595	1.05951	1.05953	1.05957	1.05961	1.05962	1.05963	1.05965	1.05968	1.05968	1.05968	1.05968	
1.08321	1.08321	1.08321	1.0832	1.08318	1.08317	1.08316	1.08314	1.08311	1.08308	1.08307	1.08305	1.08302	1.08298	1.08298	1.08297	1.08296	1.08294	1.08296	1.08297	1.08301	1.08305	1.08308	1.08311	1.08317	1.08323	1.08319	1.08316	1.08312	1.08308	1.08293	1.08277	1.08278	1.08278	1.08294	1.0831	1.08315	1.08319	1.08323	1.08327	1.0832	1.08314	1.08313	1.08313	1.08306	1.083	1.083	1.083	1.083	1.083	1.083	1.08301	1.08304	1.08307	1.08308	1.08309	1.08313	1.08316	1.08316	1.08317	1.08319	1.08321	1.08321	1.08321	1.08321	
1.10674	1.10674	1.10674	1.10673	1.10672	1.10671	1.1067	1.10669	1.10667	1.10664	1.10664	1.10663	1.10661	1.10659	1.10659	1.1066	1.1066	1.10661	1.10663	1.10666	1.10671	1.10676	1.10679	1.10681	1.10685	1.1069	1.10686	1.10681	1.10678	1.10674	1.10665	1.10656	1.10656	1.10656	1.10666	1.10675	1.1068	1.10684	1.10688	1.10692	1.10688	1.10684	1.10683	1.10682	1.10675	1.10669	1.10668	1.10667	1.10664	1.10662	1.10662	1.10662	1.10664	1.10665	1.10665	1.10666	1.10668	1.10671	1.10671	1.10671	1.10673	1.10674	1.10674	1.10674	1.10674	
1.1303	1.1303	1.1303	1.13029	1.13028	1.13027	1.13027	1.13026	1.13025	1.13023	1.13023	1.13023	1.13022	1.13021	1.13023	1.13024	1.13026	1.13028	1.1303	1.13033	1.13038	1.13043	1.13045	1.13047	1.1305	1.13054	1.1305	1.13046	1.13043	1.13039	1.13034	1.13028	1.13028	1.13028	1.13034	1.1304	1.13044	1.13048	1.13051	1.13054	1.13052	1.1305	1.13049	1.13047	1.13041	1.13036	1.13034	1.13032	1.13029	1.13026	1.13026	1.13025	1.13025	1.13025	1.13025	1.13025	1.13026	1.13028	1.13028	1.13028	1.13029	1.1303	1.1303	1.1303	1.1303	
1.15385	1.15385	1.15385	1.15385	1.15384	1.15383	1.15384	1.15384	1.15383	1.15382	1.15383	1.15384	1.15384	1.15384	1.15386	1.15388	1.15391	1.15394	1.15397	1.154	1.15405	1.1541	1.15412	1.15413	1.15415	1.15417	1.15414	1.1541	1.15407	1.15404	1.15402	1.154	1.154	1.154	1.15402	1.15405	1.15408	1.15412	1.15414	1.15417	1.15416	1.15416	1.15414	1.15413	1.15408	1.15403	1.154	1.15398	1.15394	1.15391	1.15389	1.15388	1.15387	1.15386	1.15385	1.15384	1.15385	1.15385	1.15385	1.15385	1.15385	1.15386	1.15386	1.15385	1.15385	
1.17743	1.17743	1.17743	1.17743	1.17742	1.17742	1.17742	1.17743	1.17743	1.17742	1.17744	1.17745	1.17746	1.17747	1.17749	1.17752	1.17755	1.17759	1.17761	1.17764	1.17769	1.17773	1.17775	1.17776	1.17777	1.17778	1.17776	1.17773	1.1777	1.17768	1.17767	1.17767	1.17766	1.17766	1.17767	1.17768	1.17771	1.17774	1.17775	1.17777	1.17777	1.17778	1.17776	1.17775	1.1777	1.17766	1.17764	1.17762	1.17758	1.17754	1.17752	1.1775	1.17748	1.17747	1.17745	1.17744	1.17744	1.17744	1.17743	1.17743	1.17743	1.17743	1.17743	1.17743	1.17743	
1.201	1.201	1.201	1.201	1.201	1.201	1.20101	1.20102	1.20102	1.20103	1.20104	1.20106	1.20108	1.2011	1.20113	1.20115	1.20119	1.20123	1.20126	1.20128	1.20132	1.20136	1.20137	1.20138	1.20139	1.20139	1.20137	1.20135	1.20134	1.20132	1.20132	1.20133	1.20133	1.20133	1.20132	1.20131	1.20134	1.20136	1.20137	1.20137	1.20139	1.2014	1.20138	1.20136	1.20133	1.2013	1.20127	1.20125	1.20121	1.20117	1.20115	1.20113	1.2011	1.20107	1.20106	1.20105	1.20104	1.20103	1.20102	1.20101	1.20101	1.20101	1.201	1.201	1.201	
1.22458	1.22458	1.22458	1.22459	1.22459	1.22459	1.2246	1.22461	1.22462	1.22463	1.22465	1.22467	1.22469	1.22471	1.22474	1.22477	1.2248	1.22484	1.22487	1.22489	1.22493	1.22496	1.22497	1.22498	1.22498	1.22498	1.22497	1.22495	1.22494	1.22492	1.22493	1.22494	1.22494	1.22494	1.22493	1.22492	1.22494	1.22496	1.22496	1.22496	1.22497	1.22499	1.22497	1.22495	1.22493	1.2249	1.22488	1.22486	1.22482	1.22478	1.22476	1.22473	1.22471	1.22468	1.22466	1.22465	1.22463	1.22462	1.22461	1.2246	1.2246	1.22459	1.22459	1.22459	1.22458	
1.24817	1.24816	1.24817	1.24817	1.24818	1.24818	1.24819	1.2482	1.24822	1.24823	1.24825	1.24827	1.2483	1.24833	1.24835	1.24838	1.24842	1.24845	1.24848	1.2485	1.24853	1.24856	1.24856	1.24857	1.24857	1.24857	1.24856	1.24855	1.24854	1.24853	1.24854	1.24855	1.24855	1.24855	1.24853	1.24852	1.24854	1.24855	1.24855	1.24855	1.24856	1.24857	1.24856	1.24854	1.24853	1.24851	1.24848	1.24846	1.24843	1.24839	1.24837	1.24834	1.24831	1.24828	1.24827	1.24825	1.24823	1.24821	1.2482	1.24819	1.24818	1.24817	1.24817	1.24817	1.24817	
1.27175	1.27175	1.27176	1.27176	1.27177	1.27177	1.27178	1.27179	1.27181	1.27183	1.27185	1.27187	1.27189	1.27192	1.27195	1.27197	1.27201	1.27204	1.27206	1.27208	1.2721	1.27213	1.27213	1.27214	1.27214	1.27214	1.27213	1.27213	1.27212	1.27211	1.27212	1.27213	1.27213	1.27213	1.27211	1.2721	1.27211	1.27213	1.27212	1.27211	1.27213	1.27214	1.27213	1.27211	1.2721	1.27209	1.27206	1.27204	1.27201	1.27198	1.27196	1.27193	1.2719	1.27188	1.27186	1.27184	1.27182	1.2718	1.27179	1.27178	1.27177	1.27176	1.27176	1.27176	1.27175	
1.29534	1.29534	1.29534	1.29535	1.29535	1.29536	1.29537	1.29539	1.2954	1.29542	1.29544	1.29546	1.29549	1.29552	1.29554	1.29556	1.29559	1.29562	1.29564	1.29566	1.29568	1.2957	1.2957	1.29571	1.29571	1.2957	1.2957	1.2957	1.29569	1.29569	1.2957	1.29571	1.29571	1.29571	1.29569	1.29568	1.29569	1.2957	1.29569	1.29568	1.29569	1.29571	1.29569	1.29568	1.29567	1.29566	1.29564	1.29562	1.2956	1.29557	1.29555	1.29553	1.2955	1.29547	1.29545	1.29543	1.29541	1.29539	1.29538	1.29537	1.29536	1.29535	1.29534	1.29534	1.29534	
1.31892	1.31892	1.31893	1.31893	1.31894	1.31895	1.31896	1.31897	1.31899	1.319	1.31902	1.31904	1.31907	1.31909	1.31911	1.31913	1.31916	1.31919	1.3192	1.31922	1.31923	1.31925	1.31925	1.31926	1.31926	1.31925	1.31926	1.31926	1.31925	1.31925	1.31925	1.31926	1.31926	1.31926	1.31925	1.31924	1.31924	1.31925	1.31924	1.31923	1.31925	1.31926	1.31925	1.31923	1.31923	1.31922	1.3192	1.31918	1.31916	1.31914	1.31912	1.3191	1.31907	1.31905	1.31903	1.31901	1.31899	1.31897	1.31896	1.31895	1.31894	1.31893	1.31893	1.31893	1.31892	
1.34251	1.3425	1.34251	1.34251	1.34252	1.34253	1.34254	1.34255	1.34257	1.34259	1.3426	1.34262	1.34264	1.34267	1.34269	1.34271	1.34273	1.34275	1.34277	1.34278	1.34279	1.3428	1.34281	1.34281	1.34281	1.34281	1.34281	1.34281	1.34281	1.3428	1.34281	1.34281	1.34281	1.34282	1.3428	1.34279	1.3428	1.34281	1.3428	1.34279	1.3428	1.34281	1.3428	1.34278	1.34278	1.34278	1.34276	1.34274	1.34273	1.34271	1.34269	1.34267	1.34265	1.34262	1.34261	1.34259	1.34257	1.34255	1.34255	1.34254	1.34253	1.34251	1.34251	1.34251	1.34251	
1.36608	1.36608	1.36609	1.36609	1.3661	1.36611	1.36612	1.36613	1.36614	1.36616	1.36617	1.36619	1.36621	1.36623	1.36625	1.36626	1.36628	1.3663	1.36631	1.36632	1.36633	1.36634	1.36634	1.36635	1.36635	1.36634	1.36635	1.36635	1.36635	1.36634	1.36635	1.36635	1.36635	1.36635	1.36634	1.36633	1.36634	1.36635	1.36634	1.36633	1.36634	1.36635	1.36634	1.36632	1.36632	1.36632	1.36631	1.36629	1.36628	1.36626	1.36625	1.36623	1.36621	1.36619	1.36618	1.36616	1.36615	1.36613	1.36612	1.36611	1.3661	1.36609	1.36609	1.36609	1.36608	
1.38966	1.38966	1.38967	1.38967	1.38968	1.38968	1.38969	1.3897	1.38971	1.38973	1.38974	1.38975	1.38977	1.38979	1.3898	1.38982	1.38983	1.38985	1.38986	1.38987	1.38987	1.38988	1.38988	1.38989	1.38988	1.38988	1.38989	1.38989	1.38989	1.38988	1.38989	1.38989	1.38989	1.38989	1.38988	1.38988	1.38988	1.38989	1.38988	1.38987	1.38988	1.38988	1.38987	1.38986	1.38986	1.38986	1.38985	1.38984	1.38983	1.38982	1.3898	1.38979	1.38977	1.38976	1.38974	1.38973	1.38972	1.3897	1.38969	1.38969	1.38968	1.38967	1.38967	1.38966	1.38966	
1.41324	1.41323	1.41324	1.41324	1.41325	1.41325	1.41326	1.41327	1.41328	1.41329	1.4133	1.41331	1.41332	1.41334	1.41335	1.41336	1.41337	1.41338	1.41339	1.4134	1.4134	1.41341	1.41341	1.41341	1.41341	1.41341	1.41341	1.41342	1.41342	1.41341	1.41342	1.41342	1.41342	1.41342	1.41341	1.41341	1.41341	1.41341	1.41341	1.4134	1.41341	1.41341	1.4134	1.4134	1.4134	1.4134	1.41339	1.41338	1.41337	1.41336	1.41335	1.41334	1.41332	1.41331	1.4133	1.41329	1.41328	1.41327	1.41326	1.41326	1.41325	1.41324	1.41324	1.41324	1.41324	
1.43681	1.43681	1.43681	1.43681	1.43682	1.43682	1.43683	1.43683	1.43684	1.43685	1.43686	1.43687	1.43688	1.43689	1.4369	1.4369	1.43691	1.43692	1.43693	1.43693	1.43694	1.43694	1.43694	1.43694	1.43694	1.43694	1.43694	1.43695	1.43695	1.43694	1.43695	1.43695	1.43695	1.43695	1.43694	1.43694	1.43694	1.43694	1.43694	1.43693	1.43694	1.43694	1.43694	1.43693	1.43693	1.43693	1.43692	1.43692	1.43691	1.4369	1.4369	1.43689	1.43688	1.43687	1.43686	1.43685	1.43684	1.43683	1.43683	1.43682	1.43682	1.43681	1.43681	1.43681	1.43681	
1.46038	1.46038	1.46038	1.46038	1.46038	1.46039	1.46039	1.46039	1.4604	1.46041	1.46041	1.46042	1.46042	1.46043	1.46044	1.46044	1.46045	1.46045	1.46046	1.46046	1.46046	1.46046	1.46047	1.46047	1.46047	1.46047	1.46047	1.46047	1.46047	1.46047	1.46047	1.46047	1.46047	1.46047	1.46047	1.46046	1.46047	1.46047	1.46046	1.46046	1.46046	1.46047	1.46046	1.46046	1.46046	1.46046	1.46045	1.46045	1.46044	1.46044	1.46044	1.46043	1.46042	1.46042	1.46041	1.46041	1.4604	1.46039	1.46039	1.46039	1.46038	1.46038	1.46038	1.46038	1.46038	
1.48395	1.48395	1.48395	1.48395	1.48395	1.48395	1.48395	1.48395	1.48396	1.48396	1.48396	1.48397	1.48397	1.48397	1.48398	1.48398	1.48398	1.48398	1.48399	1.48399	1.48399	1.48399	1.48399	1.48399	1.48399	1.48399	1.48399	1.48399	1.48399	1.48399	1.48399	1.48399	1.48399	1.48399	1.48399	1.48399	1.48399	1.48399	1.48399	1.48399	1.48399	1.48399	1.48399	1.48399	1.48399	1.48399	1.48398	1.48398	1.48398	1.48398	1.48397	1.48397	1.48397	1.48397	1.48396	1.48396	1.48396	1.48395	1.48395	1.48395	1.48395	1.48395	1.48395	1.48395	1.48395	
1.50751	1.50751	1.50751	1.50751	1.50751	1.50751	1.50751	1.50751	1.50751	1.50751	1.50751	1.50751	1.50751	1.50751	1.50751	1.50751	1.50751	1.50751	1.50751	1.50751	1.50751	1.50751	1.50751	1.50751	1.50751	1.50751	1.50751	1.50751	1.50751	1.50751	1.50751	1.50751	1.50751	1.50751	1.50751	1.50751	1.50751	1.50751	1.50751	1.50751	1.50751	1.50751	1.50751	1.50751	1.50751	1.50751	1.50751	1.50751	1.50751	1.50751	1.50751	1.50751	1.50751	1.50751	1.50751	1.50751	1.50751	1.50751	1.50751	1.50751	1.50751	1.50751	1.50751	1.50751	1.50751	
