x=105	y=200	z=200	n=65	len=1
b
0	0	0	0	0	0	0	0	0	0	0	0	0	0	0	0	0	0	0	0	0	0	0	0	0	0	0	0	0	0	0	0	0	0	0	0	0	0	0	0	0	0	0	0	0	0	0	0	0	0	0	0	0	0	0	0	0	0	0	0	0	0	0	0	0	
0.0239765	0.0239758	0.0239688	0.0239619	0.0239456	0.0239292	0.0239177	0.0239061	0.0238826	0.023859	0.0238465	0.023834	0.0238204	0.0238068	0.0237937	0.0237806	0.0237839	0.0237872	0.0237658	0.0237445	0.0237398	0.0237351	0.0237006	0.0236661	0.0236369	0.0236076	0.0235901	0.0235726	0.0235556	0.0235386	0.0235488	0.0235589	0.0235534	0.0235478	0.0235438	0.0235397	0.0235438	0.023548	0.0235753	0.0236027	0.0236253	0.023648	0.0236853	0.0237226	0.0237316	0.0237405	0.0237675	0.0237945	0.0237915	0.0237886	0.0238131	0.0238375	0.0238437	0.0238498	0.0238714	0.023893	0.0239084	0.0239239	0.0239365	0.023949	0.0239615	0.023974	0.0239756	0.0239772	0.0239765	
0.0479103	0.0479095	0.0478969	0.0478842	0.0478551	0.0478261	0.0478059	0.0477857	0.0477421	0.0476985	0.0476776	0.0476567	0.0476295	0.0476023	0.0475821	0.0475618	0.0475668	0.0475718	0.0475381	0.0475043	0.0474977	0.0474911	0.0474304	0.0473696	0.0473134	0.0472571	0.0472223	0.0471876	0.0471514	0.0471152	0.0471395	0.0471637	0.0471517	0.0471398	0.0471304	0.047121	0.0471305	0.04714	0.0471951	0.0472502	0.0472937	0.0473372	0.0474047	0.0474721	0.0474853	0.0474985	0.0475453	0.0475922	0.0475848	0.0475774	0.0476207	0.0476639	0.0476751	0.0476862	0.0477243	0.0477624	0.0477905	0.0478187	0.0478403	0.0478619	0.0478845	0.047907	0.0479091	0.0479112	0.0479103	
0.0718442	0.0718432	0.0718249	0.0718066	0.0717647	0.0717229	0.0716941	0.0716652	0.0716016	0.071538	0.0715087	0.0714795	0.0714386	0.0713978	0.0713705	0.0713431	0.0713498	0.0713565	0.0713103	0.0712642	0.0712556	0.071247	0.0711601	0.0710731	0.0709899	0.0709066	0.0708546	0.0708026	0.0707472	0.0706919	0.0707302	0.0707685	0.0707501	0.0707317	0.070717	0.0707023	0.0707172	0.070732	0.0708149	0.0708978	0.0709621	0.0710264	0.071124	0.0712217	0.0712391	0.0712564	0.0713232	0.0713899	0.0713781	0.0713662	0.0714282	0.0714903	0.0715064	0.0715226	0.0715772	0.0716318	0.0716726	0.0717135	0.0717441	0.0717747	0.0718074	0.0718401	0.0718426	0.0718451	0.0718442	
0.095646	0.0956464	0.0956254	0.0956043	0.0955598	0.0955153	0.0954846	0.0954538	0.0953817	0.0953096	0.0952806	0.0952515	0.0952012	0.095151	0.0951276	0.0951042	0.0951131	0.095122	0.0950804	0.0950388	0.0950419	0.0950451	0.0949482	0.0948512	0.0947571	0.094663	0.0945882	0.0945134	0.0944393	0.0943652	0.0944224	0.0944797	0.0944537	0.0944278	0.0944072	0.0943866	0.094406	0.0944254	0.0945404	0.0946553	0.0947273	0.0947993	0.094912	0.0950247	0.0950288	0.0950329	0.0951053	0.0951776	0.0951549	0.0951323	0.0952007	0.0952691	0.0952856	0.0953021	0.0953611	0.09542	0.0954653	0.0955105	0.0955415	0.0955725	0.0956087	0.0956449	0.0956452	0.0956456	0.095646	
0.119448	0.11945	0.119426	0.119402	0.119355	0.119308	0.119275	0.119242	0.119162	0.119081	0.119052	0.119024	0.118964	0.118904	0.118885	0.118865	0.118876	0.118888	0.11885	0.118813	0.118828	0.118843	0.118736	0.118629	0.118524	0.118419	0.118322	0.118224	0.118131	0.118038	0.118115	0.118191	0.118157	0.118124	0.118097	0.118071	0.118095	0.118119	0.118266	0.118413	0.118493	0.118572	0.1187	0.118828	0.118819	0.118809	0.118887	0.118965	0.118932	0.118898	0.118973	0.119048	0.119065	0.119082	0.119145	0.119208	0.119258	0.119308	0.119339	0.11937	0.11941	0.11945	0.119448	0.119446	0.119448	
0.14305	0.143054	0.143033	0.143011	0.142973	0.142936	0.142911	0.142886	0.142813	0.14274	0.142724	0.142707	0.142644	0.142582	0.142582	0.142583	0.14259	0.142597	0.142592	0.142587	0.142618	0.14265	0.142571	0.142492	0.142395	0.142297	0.142186	0.142074	0.141957	0.14184	0.141938	0.142035	0.141989	0.141943	0.141922	0.141901	0.141929	0.141957	0.142131	0.142306	0.142371	0.142437	0.14255	0.142663	0.142623	0.142584	0.142645	0.142706	0.14266	0.142614	0.142677	0.14274	0.142751	0.142762	0.142814	0.142865	0.142907	0.142949	0.14297	0.142991	0.143025	0.143059	0.143053	0.143046	0.14305	
0.166653	0.166659	0.16664	0.16662	0.166592	0.166564	0.166547	0.166529	0.166464	0.166399	0.166395	0.166391	0.166325	0.16626	0.16628	0.1663	0.166303	0.166307	0.166333	0.16636	0.166408	0.166457	0.166406	0.166355	0.166265	0.166175	0.166049	0.165924	0.165783	0.165642	0.165761	0.165879	0.16582	0.165762	0.165747	0.165732	0.165764	0.165795	0.165997	0.166198	0.16625	0.166302	0.1664	0.166498	0.166428	0.166359	0.166403	0.166447	0.166388	0.166329	0.16638	0.166431	0.166437	0.166442	0.166482	0.166522	0.166556	0.16659	0.166601	0.166613	0.166641	0.166669	0.166658	0.166647	0.166653	
0.190019	0.190027	0.190014	0.19	0.189991	0.189983	0.18998	0.189978	0.189938	0.189898	0.189915	0.189932	0.189878	0.189823	0.189872	0.18992	0.189917	0.189914	0.189988	0.190063	0.190128	0.190193	0.19021	0.190227	0.190174	0.190121	0.190009	0.189898	0.189735	0.189572	0.189692	0.189813	0.189735	0.189657	0.189681	0.189705	0.189733	0.18976	0.189966	0.190171	0.190174	0.190178	0.190228	0.190277	0.190168	0.190058	0.190068	0.190078	0.190008	0.189939	0.189962	0.189986	0.189978	0.18997	0.189985	0.19	0.190014	0.190027	0.190021	0.190015	0.190029	0.190044	0.190027	0.19001	0.190019	
0.213384	0.213396	0.213388	0.21338	0.21339	0.213401	0.213414	0.213427	0.213412	0.213398	0.213435	0.213473	0.21343	0.213387	0.213463	0.21354	0.21353	0.213521	0.213644	0.213767	0.213848	0.213929	0.214014	0.214099	0.214083	0.214067	0.213969	0.213871	0.213686	0.213501	0.213624	0.213747	0.213649	0.213552	0.213615	0.213678	0.213702	0.213725	0.213934	0.214144	0.214099	0.214054	0.214055	0.214056	0.213907	0.213758	0.213733	0.213708	0.213628	0.213548	0.213544	0.21354	0.213519	0.213499	0.213488	0.213478	0.213471	0.213465	0.213441	0.213417	0.213418	0.213419	0.213396	0.213373	0.213384	
0.236541	0.236555	0.236554	0.236552	0.236583	0.236614	0.236643	0.236673	0.236692	0.23671	0.236771	0.236832	0.236816	0.236799	0.236903	0.237008	0.236994	0.23698	0.23715	0.237321	0.237399	0.237477	0.23766	0.237844	0.237883	0.237922	0.237906	0.237891	0.237693	0.237496	0.237586	0.237676	0.237546	0.237417	0.23757	0.237724	0.237729	0.237733	0.237886	0.238039	0.237918	0.237797	0.237722	0.237647	0.237473	0.237299	0.237231	0.237163	0.23708	0.236997	0.236958	0.236919	0.236879	0.236839	0.236799	0.236758	0.236727	0.236697	0.236654	0.236612	0.236598	0.236584	0.236556	0.236528	0.236541	
0.259699	0.259714	0.25972	0.259725	0.259776	0.259826	0.259873	0.259919	0.259971	0.260023	0.260107	0.260191	0.260201	0.260211	0.260343	0.260476	0.260457	0.260438	0.260657	0.260875	0.26095	0.261024	0.261306	0.261589	0.261683	0.261778	0.261844	0.26191	0.2617	0.261491	0.261548	0.261606	0.261444	0.261282	0.261526	0.26177	0.261756	0.261741	0.261838	0.261935	0.261737	0.26154	0.261389	0.261237	0.261039	0.260841	0.26073	0.260619	0.260533	0.260447	0.260373	0.260298	0.260239	0.26018	0.260109	0.260038	0.259983	0.259928	0.259867	0.259806	0.259778	0.25975	0.259717	0.259683	0.259699	
0.282742	0.282759	0.282766	0.282774	0.282833	0.282892	0.282946	0.282999	0.283073	0.283148	0.283246	0.283344	0.283386	0.283427	0.283576	0.283724	0.283714	0.283704	0.283944	0.284184	0.284235	0.284285	0.284643	0.285	0.285152	0.285303	0.285511	0.28572	0.285549	0.285377	0.285382	0.285387	0.285176	0.284966	0.28532	0.285674	0.285608	0.285542	0.285514	0.285487	0.285212	0.284938	0.284719	0.284499	0.284313	0.284128	0.283985	0.283843	0.28376	0.283677	0.283573	0.283469	0.283395	0.283321	0.283228	0.283135	0.283069	0.283002	0.282931	0.28286	0.282828	0.282797	0.282761	0.282725	0.282742	
0.305785	0.305803	0.305813	0.305823	0.30589	0.305958	0.306019	0.30608	0.306176	0.306273	0.306385	0.306497	0.30657	0.306643	0.306808	0.306973	0.306972	0.30697	0.307231	0.307492	0.307519	0.307547	0.307979	0.308411	0.30862	0.308829	0.309179	0.30953	0.309397	0.309264	0.309216	0.309168	0.308909	0.30865	0.309114	0.309578	0.30946	0.309342	0.30919	0.309038	0.308688	0.308337	0.308049	0.307762	0.307588	0.307415	0.30724	0.307066	0.306987	0.306907	0.306774	0.30664	0.306551	0.306462	0.306347	0.306232	0.306154	0.306076	0.305995	0.305914	0.305878	0.305843	0.305805	0.305767	0.305785	
0.328887	0.328906	0.328909	0.328911	0.328967	0.329023	0.329071	0.329118	0.329207	0.329295	0.329395	0.329496	0.329582	0.329668	0.329825	0.329982	0.330003	0.330023	0.330268	0.330514	0.33051	0.330506	0.330946	0.331385	0.331597	0.331808	0.332311	0.332815	0.33279	0.332765	0.332724	0.332683	0.332378	0.332072	0.332561	0.333049	0.332848	0.332646	0.332333	0.332021	0.33166	0.3313	0.330986	0.330671	0.330547	0.330424	0.330244	0.330064	0.329989	0.329913	0.329776	0.329638	0.329552	0.329466	0.329356	0.329247	0.329185	0.329123	0.329051	0.328978	0.328958	0.328938	0.328903	0.328868	0.328887	
0.351988	0.352008	0.352004	0.352	0.352044	0.352088	0.352123	0.352157	0.352237	0.352317	0.352405	0.352494	0.352594	0.352693	0.352842	0.352991	0.353034	0.353076	0.353306	0.353535	0.353501	0.353466	0.353912	0.354359	0.354573	0.354787	0.355443	0.3561	0.356183	0.356266	0.356232	0.356199	0.355846	0.355494	0.356007	0.356521	0.356235	0.355949	0.355476	0.355003	0.354633	0.354264	0.353922	0.353581	0.353507	0.353433	0.353248	0.353062	0.352991	0.35292	0.352777	0.352635	0.352552	0.352469	0.352365	0.352261	0.352216	0.352171	0.352107	0.352043	0.352038	0.352034	0.352001	0.351969	0.351988	
0.375341	0.375363	0.375343	0.375323	0.375338	0.375354	0.375353	0.375352	0.375384	0.375415	0.375457	0.375499	0.375561	0.375622	0.375727	0.375832	0.375876	0.375919	0.376104	0.376289	0.376249	0.376209	0.376572	0.376935	0.377066	0.377197	0.37788	0.378562	0.378809	0.379056	0.379141	0.379226	0.3789	0.378573	0.378906	0.379239	0.378857	0.378475	0.377911	0.377346	0.377092	0.376838	0.376543	0.376248	0.376221	0.376194	0.376038	0.375882	0.375832	0.375782	0.375678	0.375574	0.375537	0.3755	0.375438	0.375375	0.375381	0.375388	0.375351	0.375315	0.375343	0.375371	0.375345	0.375318	0.375341	
0.398693	0.398718	0.398682	0.398646	0.398633	0.398619	0.398583	0.398547	0.39853	0.398514	0.398509	0.398505	0.398528	0.398551	0.398612	0.398673	0.398718	0.398763	0.398902	0.399042	0.398997	0.398953	0.399231	0.39951	0.399559	0.399607	0.400316	0.401025	0.401436	0.401847	0.402051	0.402254	0.401953	0.401652	0.401804	0.401957	0.40148	0.401002	0.400345	0.399689	0.39955	0.399412	0.399163	0.398914	0.398935	0.398955	0.398829	0.398702	0.398673	0.398644	0.398578	0.398512	0.398522	0.398531	0.39851	0.398489	0.398547	0.398605	0.398596	0.398587	0.398648	0.398709	0.398689	0.398668	0.398693	
0.422433	0.422463	0.422407	0.42235	0.422315	0.422281	0.422196	0.422112	0.42204	0.421968	0.421887	0.421805	0.421746	0.421687	0.421652	0.421617	0.421598	0.421579	0.421627	0.421676	0.42163	0.421585	0.421754	0.421924	0.42186	0.421795	0.42236	0.422925	0.423385	0.423844	0.424222	0.424599	0.424465	0.424332	0.424114	0.423897	0.423444	0.422992	0.422379	0.421766	0.421814	0.421862	0.421697	0.421533	0.421581	0.42163	0.421592	0.421554	0.42159	0.421627	0.421655	0.421683	0.421772	0.421861	0.421911	0.421961	0.422076	0.42219	0.42222	0.42225	0.422339	0.422429	0.422416	0.422403	0.422433	
0.446173	0.446208	0.446131	0.446055	0.445998	0.445942	0.44581	0.445678	0.44555	0.445423	0.445265	0.445106	0.444965	0.444824	0.444692	0.44456	0.444478	0.444395	0.444352	0.444309	0.444263	0.444217	0.444278	0.444338	0.444161	0.443984	0.444404	0.444825	0.445333	0.445841	0.446393	0.446944	0.446978	0.447012	0.446424	0.445836	0.445409	0.444983	0.444413	0.443842	0.444077	0.444312	0.444232	0.444152	0.444228	0.444304	0.444355	0.444405	0.444507	0.44461	0.444732	0.444854	0.445022	0.44519	0.445312	0.445434	0.445605	0.445776	0.445844	0.445913	0.446031	0.446149	0.446144	0.446138	0.446173	
0.470262	0.470303	0.470214	0.470125	0.470079	0.470032	0.469867	0.469702	0.469567	0.469432	0.469208	0.468983	0.468781	0.468579	0.468333	0.468087	0.467875	0.467663	0.467469	0.467274	0.4671	0.466927	0.466882	0.466837	0.466676	0.466515	0.466729	0.466943	0.467284	0.467625	0.468114	0.468602	0.468855	0.469109	0.468313	0.467517	0.467295	0.467073	0.466702	0.466331	0.466586	0.466842	0.466888	0.466933	0.467121	0.467309	0.467512	0.467716	0.467936	0.468157	0.468387	0.468618	0.468847	0.469076	0.469254	0.469433	0.469619	0.469806	0.469897	0.469989	0.470107	0.470226	0.470224	0.470221	0.470262	
0.494351	0.494397	0.494296	0.494195	0.494159	0.494123	0.493925	0.493727	0.493584	0.493442	0.493151	0.49286	0.492597	0.492334	0.491974	0.491613	0.491272	0.490932	0.490585	0.490238	0.489938	0.489638	0.489486	0.489335	0.489191	0.489046	0.489054	0.489062	0.489236	0.48941	0.489835	0.490261	0.490733	0.491205	0.490201	0.489197	0.489181	0.489164	0.488991	0.488819	0.489095	0.489372	0.489543	0.489715	0.490014	0.490313	0.49067	0.491028	0.491366	0.491704	0.492042	0.492381	0.492671	0.492961	0.493197	0.493432	0.493634	0.493835	0.49395	0.494065	0.494184	0.494302	0.494304	0.494305	0.494351	
0.518549	0.518597	0.518503	0.518408	0.518415	0.518422	0.518233	0.518044	0.517976	0.517907	0.517608	0.517308	0.517115	0.516922	0.516498	0.516073	0.515723	0.515374	0.514849	0.514325	0.513855	0.513385	0.512912	0.512438	0.512038	0.511638	0.511641	0.511644	0.511832	0.512019	0.512361	0.512702	0.513314	0.513926	0.512775	0.511624	0.511683	0.511743	0.511662	0.511582	0.512044	0.512506	0.512996	0.513485	0.513941	0.514397	0.514911	0.515425	0.515788	0.516151	0.516532	0.516913	0.517154	0.517394	0.517625	0.517855	0.517996	0.518137	0.51824	0.518342	0.518424	0.518506	0.518504	0.518502	0.518549	
0.542747	0.542796	0.542709	0.542622	0.542671	0.542721	0.542541	0.542361	0.542367	0.542373	0.542065	0.541757	0.541633	0.54151	0.541022	0.540534	0.540175	0.539815	0.539114	0.538413	0.537772	0.537132	0.536337	0.535542	0.534886	0.53423	0.534228	0.534227	0.534428	0.534629	0.534886	0.535143	0.535895	0.536647	0.535348	0.53405	0.534185	0.534321	0.534333	0.534345	0.534992	0.53564	0.536448	0.537256	0.537869	0.538481	0.539152	0.539823	0.54021	0.540597	0.541022	0.541446	0.541636	0.541827	0.542053	0.542279	0.542359	0.542439	0.54253	0.54262	0.542665	0.54271	0.542704	0.542698	0.542747	
0.566725	0.566768	0.566706	0.566644	0.566728	0.566812	0.566693	0.566575	0.566669	0.566762	0.566549	0.566336	0.566369	0.566401	0.566014	0.565627	0.565472	0.565318	0.564631	0.563944	0.563422	0.5629	0.561818	0.560735	0.559708	0.558681	0.558114	0.557547	0.558008	0.55847	0.558597	0.558725	0.559322	0.55992	0.558806	0.557693	0.557622	0.557551	0.558213	0.558875	0.559848	0.560822	0.561886	0.562951	0.563471	0.56399	0.564622	0.565254	0.565458	0.565662	0.565981	0.5663	0.56634	0.56638	0.566518	0.566657	0.566644	0.56663	0.566672	0.566714	0.566714	0.566714	0.566698	0.566682	0.566725	
0.590703	0.59074	0.590703	0.590666	0.590784	0.590902	0.590845	0.590788	0.59097	0.591151	0.591034	0.590916	0.591104	0.591293	0.591006	0.59072	0.59077	0.59082	0.590148	0.589476	0.589072	0.588668	0.587298	0.585928	0.58453	0.583132	0.581999	0.580867	0.581589	0.582311	0.582309	0.582307	0.58275	0.583194	0.582265	0.581335	0.581058	0.580782	0.582093	0.583405	0.584704	0.586004	0.587325	0.588646	0.589072	0.589499	0.590092	0.590685	0.590706	0.590727	0.590941	0.591155	0.591044	0.590933	0.590984	0.591034	0.590928	0.590822	0.590815	0.590808	0.590763	0.590718	0.590692	0.590666	0.590703	
0.614283	0.61431	0.614298	0.614286	0.614398	0.614511	0.61452	0.614529	0.614723	0.614917	0.61493	0.614943	0.615201	0.61546	0.615411	0.615362	0.615611	0.615861	0.615558	0.615255	0.615279	0.615303	0.614197	0.613091	0.612085	0.611079	0.608881	0.606683	0.606294	0.605906	0.606346	0.606785	0.60692	0.607054	0.606279	0.605504	0.60627	0.607036	0.6093	0.611563	0.612404	0.613245	0.614284	0.615323	0.615313	0.615302	0.61554	0.615777	0.615575	0.615373	0.61537	0.615367	0.615162	0.614957	0.614895	0.614834	0.614694	0.614554	0.614497	0.614441	0.614383	0.614325	0.61429	0.614256	0.614283	
0.637863	0.637881	0.637894	0.637907	0.638013	0.638119	0.638194	0.63827	0.638476	0.638682	0.638826	0.638971	0.639299	0.639627	0.639815	0.640004	0.640453	0.640901	0.640967	0.641034	0.641486	0.641938	0.641096	0.640254	0.63964	0.639026	0.635762	0.632498	0.631	0.629501	0.630383	0.631264	0.631089	0.630914	0.630293	0.629673	0.631482	0.633291	0.636506	0.639722	0.640104	0.640487	0.641244	0.642	0.641553	0.641105	0.640988	0.64087	0.640445	0.64002	0.6398	0.63958	0.63928	0.638981	0.638807	0.638633	0.638459	0.638285	0.63818	0.638075	0.638003	0.637931	0.637888	0.637846	0.637863	
0.661108	0.661121	0.661142	0.661163	0.66124	0.661318	0.661411	0.661505	0.661662	0.66182	0.662006	0.662193	0.662469	0.662746	0.663046	0.663347	0.6638	0.664252	0.664637	0.665022	0.665672	0.666322	0.666248	0.666174	0.666109	0.666044	0.663041	0.660037	0.658055	0.656073	0.657837	0.659601	0.659107	0.658612	0.657423	0.656234	0.658857	0.66148	0.664198	0.666916	0.666739	0.666562	0.666491	0.666419	0.665761	0.665102	0.664674	0.664247	0.663809	0.663371	0.663044	0.662717	0.662461	0.662204	0.661994	0.661784	0.66165	0.661516	0.6614	0.661284	0.661232	0.66118	0.661137	0.661094	0.661108	
0.684352	0.684361	0.68439	0.684419	0.684468	0.684516	0.684628	0.68474	0.684849	0.684958	0.685186	0.685415	0.68564	0.685865	0.686278	0.68669	0.687147	0.687603	0.688307	0.689011	0.689858	0.690706	0.6914	0.692094	0.692578	0.693063	0.690319	0.687575	0.68511	0.681869	0.684592	0.68709	0.687747	0.685485	0.682208	0.681981	0.684719	0.68967	0.69189	0.694109	0.693373	0.692637	0.691738	0.690838	0.689968	0.689098	0.688361	0.687624	0.687173	0.686722	0.686288	0.685854	0.685641	0.685427	0.685181	0.684935	0.684841	0.684747	0.68462	0.684493	0.684461	0.684429	0.684386	0.684343	0.684352	
0.707442	0.707452	0.707473	0.707493	0.707521	0.70755	0.707628	0.707707	0.707767	0.707828	0.70799	0.708151	0.708284	0.708417	0.708716	0.709016	0.709312	0.709609	0.710171	0.710733	0.711426	0.712118	0.712915	0.713712	0.714104	0.714495	0.712537	0.71058	0.709094	0.708198	0.709229	0.708116	0.705961	0.705513	0.706206	0.707181	0.709352	0.712036	0.713613	0.71519	0.714542	0.713894	0.712905	0.711915	0.711256	0.710597	0.710032	0.709466	0.709206	0.708947	0.708635	0.708323	0.708219	0.708114	0.70794	0.707765	0.707727	0.707689	0.707599	0.707509	0.707501	0.707493	0.707463	0.707433	0.707442	
0.730532	0.730543	0.730555	0.730568	0.730575	0.730583	0.730628	0.730673	0.730686	0.730699	0.730793	0.730887	0.730928	0.730968	0.731155	0.731342	0.731478	0.731614	0.732035	0.732456	0.732992	0.733529	0.73443	0.73533	0.735629	0.735928	0.734756	0.733584	0.733077	0.732273	0.730231	0.724998	0.716177	0.718929	0.727928	0.731615	0.732542	0.734402	0.735336	0.736271	0.735711	0.735151	0.734071	0.732992	0.732544	0.732096	0.731702	0.731308	0.73124	0.731171	0.730982	0.730792	0.730797	0.730802	0.730698	0.730594	0.730613	0.730632	0.730578	0.730525	0.730541	0.730557	0.730539	0.730522	0.730532	
0.753612	0.753621	0.753619	0.753618	0.75362	0.753621	0.753612	0.753604	0.753599	0.753594	0.753576	0.753557	0.753545	0.753532	0.753504	0.753475	0.753455	0.753434	0.753421	0.753409	0.753449	0.753489	0.753658	0.753827	0.754022	0.754217	0.754354	0.754491	0.753808	0.752948	0.751914	0.748399	0.740776	0.740346	0.750959	0.756596	0.755682	0.753802	0.75356	0.753317	0.753279	0.75324	0.753097	0.752953	0.752997	0.753041	0.753061	0.753081	0.753172	0.753263	0.753288	0.753313	0.753373	0.753433	0.753448	0.753463	0.7535	0.753536	0.753545	0.753554	0.753574	0.753594	0.753598	0.753603	0.753612	
0.776691	0.776698	0.776684	0.776669	0.776664	0.776659	0.776597	0.776535	0.776512	0.776488	0.776358	0.776228	0.776162	0.776096	0.775853	0.775609	0.775432	0.775254	0.774808	0.774362	0.773906	0.77345	0.772887	0.772324	0.772415	0.772506	0.773952	0.775398	0.774539	0.773633	0.77648	0.782109	0.783741	0.775145	0.777387	0.778775	0.77678	0.773202	0.771783	0.770364	0.770847	0.77133	0.772122	0.772915	0.77345	0.773985	0.774419	0.774853	0.775104	0.775354	0.775594	0.775834	0.775949	0.776065	0.776199	0.776333	0.776387	0.77644	0.776511	0.776583	0.776607	0.776631	0.776657	0.776684	0.776691	
0.79985	0.799847	0.799832	0.799818	0.79979	0.799762	0.799684	0.799605	0.799541	0.799478	0.799313	0.799149	0.799017	0.798885	0.798593	0.798301	0.79803	0.79776	0.797277	0.796794	0.796278	0.795762	0.795296	0.79483	0.79471	0.794589	0.795537	0.796485	0.795204	0.791891	0.795191	0.79849	0.798904	0.797529	0.79664	0.796242	0.796345	0.795907	0.794821	0.793735	0.794133	0.79453	0.795102	0.795674	0.79618	0.796685	0.797146	0.797607	0.797882	0.798156	0.798452	0.798747	0.798884	0.799022	0.799203	0.799385	0.79945	0.799515	0.799617	0.79972	0.799745	0.799769	0.799811	0.799853	0.79985	
0.823009	0.822996	0.822981	0.822967	0.822916	0.822866	0.82277	0.822675	0.822571	0.822467	0.822269	0.82207	0.821872	0.821674	0.821334	0.820993	0.820629	0.820265	0.819746	0.819226	0.818651	0.818075	0.817705	0.817335	0.817004	0.816672	0.817122	0.817572	0.815869	0.814647	0.816277	0.817983	0.817543	0.816852	0.817326	0.818365	0.819511	0.818611	0.817859	0.817107	0.817419	0.817731	0.818082	0.818434	0.818909	0.819385	0.819873	0.820361	0.82066	0.820958	0.821309	0.82166	0.821819	0.821979	0.822208	0.822437	0.822513	0.822589	0.822723	0.822857	0.822883	0.822908	0.822965	0.823022	0.823009	
0.846352	0.846326	0.846325	0.846324	0.846242	0.846159	0.846095	0.84603	0.845878	0.845726	0.845589	0.845452	0.845202	0.844952	0.844745	0.844538	0.844159	0.843779	0.843565	0.843352	0.84286	0.842369	0.842613	0.842857	0.842605	0.842352	0.843797	0.845243	0.844469	0.844464	0.845264	0.846552	0.8461	0.845437	0.845834	0.846135	0.845905	0.845364	0.844198	0.843033	0.843069	0.843105	0.843003	0.842901	0.843235	0.843569	0.84382	0.844071	0.844334	0.844598	0.844844	0.845091	0.845258	0.845425	0.84561	0.845795	0.845884	0.845972	0.84609	0.846209	0.846236	0.846264	0.846321	0.846379	0.846352	
0.869695	0.869655	0.869669	0.869682	0.869568	0.869453	0.869419	0.869385	0.869185	0.868984	0.868909	0.868835	0.868532	0.868229	0.868156	0.868082	0.867688	0.867293	0.867385	0.867478	0.86707	0.866662	0.867521	0.86838	0.868206	0.868032	0.870473	0.872914	0.873069	0.873225	0.874196	0.875167	0.875642	0.876117	0.87455	0.872983	0.872549	0.872116	0.870537	0.868959	0.868719	0.86848	0.867924	0.867368	0.86756	0.867752	0.867766	0.867781	0.868009	0.868237	0.868379	0.868522	0.868697	0.868872	0.869013	0.869153	0.869254	0.869355	0.869458	0.86956	0.86959	0.869619	0.869677	0.869735	0.869695	
0.89336	0.893312	0.893346	0.89338	0.893262	0.893144	0.893172	0.893201	0.893015	0.892829	0.892874	0.892919	0.892684	0.89245	0.892577	0.892705	0.892488	0.892271	0.89264	0.893008	0.892951	0.892895	0.893878	0.894861	0.895092	0.895323	0.897036	0.898749	0.89874	0.898732	0.899933	0.901134	0.901089	0.901043	0.899945	0.898846	0.898463	0.898079	0.896897	0.895715	0.89524	0.894764	0.894048	0.893332	0.893241	0.893149	0.892918	0.892686	0.89276	0.892833	0.892797	0.89276	0.892866	0.892972	0.893005	0.893039	0.893113	0.893187	0.893236	0.893284	0.893302	0.893321	0.893364	0.893408	0.89336	
0.917024	0.916968	0.917024	0.917079	0.916957	0.916835	0.916926	0.917016	0.916845	0.916674	0.916839	0.917003	0.916837	0.91667	0.916999	0.917328	0.917288	0.917249	0.917894	0.918538	0.918833	0.919127	0.920235	0.921343	0.921978	0.922613	0.923598	0.924583	0.924411	0.924239	0.92567	0.927101	0.926536	0.92597	0.92534	0.92471	0.924376	0.924042	0.923256	0.922471	0.92176	0.921049	0.920172	0.919296	0.918922	0.918547	0.918069	0.917591	0.91751	0.917429	0.917214	0.916999	0.917035	0.917071	0.916998	0.916924	0.916972	0.917019	0.917013	0.917008	0.917015	0.917022	0.917051	0.91708	0.917024	
0.941041	0.940988	0.941058	0.941128	0.941045	0.940962	0.941097	0.941233	0.941149	0.941065	0.941297	0.941529	0.941507	0.941485	0.941873	0.94226	0.942395	0.94253	0.943146	0.943761	0.944128	0.944495	0.945338	0.946182	0.946615	0.947048	0.94762	0.948192	0.948226	0.94826	0.949037	0.949815	0.949546	0.949278	0.949009	0.948739	0.94829	0.947841	0.947384	0.946926	0.946413	0.945899	0.945211	0.944523	0.944101	0.943679	0.943188	0.942696	0.942489	0.942281	0.94199	0.941698	0.941626	0.941553	0.941406	0.941259	0.941239	0.941219	0.941166	0.941114	0.941091	0.941068	0.941081	0.941094	0.941041	
0.965058	0.965007	0.965092	0.965177	0.965133	0.965089	0.965269	0.965449	0.965452	0.965455	0.965755	0.966056	0.966178	0.966301	0.966747	0.967193	0.967502	0.967812	0.968397	0.968983	0.969423	0.969863	0.970441	0.97102	0.971252	0.971483	0.971642	0.971801	0.97204	0.97228	0.972404	0.972528	0.972557	0.972586	0.972677	0.972768	0.972205	0.971641	0.971512	0.971382	0.971066	0.97075	0.97025	0.969751	0.969281	0.968811	0.968306	0.967801	0.967467	0.967134	0.966766	0.966398	0.966217	0.966036	0.965815	0.965594	0.965507	0.96542	0.96532	0.965219	0.965167	0.965114	0.965112	0.965109	0.965058	
0.989233	0.989191	0.989275	0.989359	0.989358	0.989357	0.989532	0.989707	0.989776	0.989844	0.990117	0.990389	0.99056	0.990732	0.991095	0.991459	0.991726	0.991992	0.992401	0.992809	0.993059	0.993309	0.993633	0.993958	0.994031	0.994105	0.99426	0.994416	0.99462	0.994824	0.994553	0.994283	0.994502	0.99472	0.994935	0.995149	0.994724	0.994299	0.994224	0.994148	0.993937	0.993726	0.993498	0.99327	0.992939	0.992607	0.992273	0.991938	0.991636	0.991334	0.991037	0.990741	0.990527	0.990313	0.99011	0.989907	0.989776	0.989645	0.989543	0.989442	0.989365	0.989287	0.989282	0.989276	0.989233	
1.01341	1.01337	1.01346	1.01354	1.01358	1.01362	1.0138	1.01397	1.0141	1.01423	1.01448	1.01472	1.01494	1.01516	1.01544	1.01572	1.01595	1.01617	1.0164	1.01664	1.0167	1.01676	1.01682	1.01689	1.01681	1.01673	1.01688	1.01703	1.0172	1.01737	1.0167	1.01604	1.01645	1.01686	1.01719	1.01753	1.01724	1.01696	1.01694	1.01691	1.01681	1.0167	1.01675	1.01679	1.0166	1.0164	1.01624	1.01607	1.0158	1.01553	1.01531	1.01508	1.01484	1.01459	1.01441	1.01422	1.01404	1.01387	1.01377	1.01366	1.01356	1.01346	1.01345	1.01344	1.01341	
1.03743	1.0374	1.03747	1.03754	1.03759	1.03764	1.03777	1.0379	1.03802	1.03814	1.03831	1.03848	1.03863	1.03878	1.03895	1.03911	1.03921	1.03931	1.0394	1.0395	1.03948	1.03946	1.03947	1.03947	1.03952	1.03957	1.03946	1.03934	1.03934	1.03934	1.03876	1.03818	1.03848	1.03878	1.03911	1.03944	1.03942	1.03939	1.0395	1.03961	1.03947	1.03934	1.03944	1.03955	1.03943	1.03931	1.03929	1.03926	1.03909	1.03891	1.03881	1.03871	1.03851	1.03832	1.03821	1.0381	1.03794	1.03778	1.03772	1.03765	1.03756	1.03746	1.03746	1.03746	1.03743	
1.06146	1.06143	1.06149	1.06155	1.06161	1.06166	1.06175	1.06184	1.06195	1.06206	1.06215	1.06224	1.06232	1.06241	1.06245	1.0625	1.06247	1.06244	1.0624	1.06237	1.06227	1.06217	1.06211	1.06205	1.06223	1.06242	1.06203	1.06164	1.06148	1.06132	1.06082	1.06032	1.06052	1.06071	1.06103	1.06136	1.06159	1.06182	1.06206	1.06231	1.06214	1.06198	1.06214	1.06231	1.06226	1.06222	1.06233	1.06245	1.06237	1.0623	1.06231	1.06233	1.06219	1.06205	1.06202	1.06199	1.06184	1.0617	1.06167	1.06165	1.06155	1.06145	1.06146	1.06148	1.06146	
1.08512	1.08509	1.08514	1.08518	1.08521	1.08524	1.08529	1.08533	1.08538	1.08543	1.08545	1.08547	1.08547	1.08547	1.08544	1.08541	1.08533	1.08524	1.08516	1.08508	1.08502	1.08495	1.08483	1.08471	1.08483	1.08496	1.08446	1.08396	1.08382	1.08367	1.08351	1.08334	1.08345	1.08356	1.0836	1.08363	1.08388	1.08412	1.08443	1.08473	1.0847	1.08467	1.08486	1.08504	1.08501	1.08497	1.08513	1.0853	1.08527	1.08524	1.08534	1.08544	1.08537	1.08529	1.08533	1.08538	1.08528	1.08518	1.0852	1.08523	1.08515	1.08508	1.08511	1.08514	1.08512	
1.10878	1.10875	1.10878	1.10881	1.10882	1.10882	1.10882	1.10882	1.10881	1.1088	1.10875	1.1087	1.10862	1.10853	1.10843	1.10832	1.10818	1.10805	1.10792	1.10779	1.10777	1.10774	1.10756	1.10738	1.10743	1.10749	1.10688	1.10627	1.10615	1.10603	1.1062	1.10636	1.10639	1.10641	1.10616	1.10591	1.10617	1.10643	1.10679	1.10716	1.10726	1.10736	1.10757	1.10778	1.10775	1.10771	1.10793	1.10815	1.10817	1.10819	1.10837	1.10855	1.10854	1.10853	1.10865	1.10877	1.10872	1.10867	1.10874	1.10881	1.10876	1.1087	1.10875	1.1088	1.10878	
1.13207	1.13204	1.13207	1.13209	1.13206	1.13203	1.13201	1.13199	1.13193	1.13186	1.13179	1.13172	1.1316	1.13149	1.13137	1.13125	1.13114	1.13102	1.13089	1.13075	1.13077	1.13078	1.13053	1.13028	1.13029	1.13029	1.12973	1.12916	1.12913	1.12909	1.12935	1.12961	1.12968	1.12974	1.12935	1.12895	1.12913	1.12932	1.12963	1.12994	1.13013	1.13031	1.13051	1.13071	1.13071	1.13071	1.13091	1.13111	1.13113	1.13116	1.13135	1.13154	1.13156	1.13158	1.13173	1.13187	1.13186	1.13185	1.13195	1.13204	1.13201	1.13198	1.13204	1.1321	1.13207	
1.15537	1.15533	1.15535	1.15537	1.1553	1.15524	1.1552	1.15515	1.15504	1.15493	1.15483	1.15473	1.15458	1.15444	1.15431	1.15418	1.15409	1.154	1.15385	1.15371	1.15377	1.15383	1.15351	1.15319	1.15314	1.15309	1.15257	1.15205	1.1521	1.15216	1.15251	1.15287	1.15297	1.15308	1.15253	1.15199	1.1521	1.15221	1.15247	1.15272	1.15299	1.15326	1.15345	1.15364	1.15368	1.15371	1.15389	1.15407	1.1541	1.15413	1.15433	1.15452	1.15458	1.15463	1.1548	1.15498	1.155	1.15503	1.15515	1.15528	1.15527	1.15526	1.15533	1.1554	1.15537	
1.17845	1.17841	1.17842	1.17844	1.17836	1.17828	1.17824	1.1782	1.17808	1.17796	1.17788	1.17779	1.17766	1.17754	1.17743	1.17732	1.17728	1.17723	1.17708	1.17694	1.17699	1.17705	1.17673	1.1764	1.17635	1.1763	1.17591	1.17552	1.17564	1.17576	1.17601	1.17625	1.17641	1.17658	1.17605	1.17553	1.17562	1.1757	1.17583	1.17595	1.17622	1.17649	1.17664	1.17679	1.17687	1.17695	1.17709	1.17723	1.17726	1.17729	1.17745	1.17762	1.17767	1.17771	1.17787	1.17803	1.17807	1.1781	1.17822	1.17835	1.17834	1.17834	1.17841	1.17849	1.17845	
1.20153	1.20148	1.2015	1.20152	1.20142	1.20132	1.20129	1.20125	1.20112	1.20099	1.20092	1.20085	1.20074	1.20064	1.20055	1.20046	1.20046	1.20046	1.20031	1.20016	1.20022	1.20028	1.19994	1.19961	1.19956	1.1995	1.19925	1.19899	1.19918	1.19937	1.1995	1.19963	1.19985	1.20007	1.19957	1.19907	1.19914	1.1992	1.19919	1.19918	1.19945	1.19972	1.19983	1.19994	1.20007	1.20019	1.20029	1.20039	1.20042	1.20045	1.20058	1.20071	1.20076	1.2008	1.20094	1.20109	1.20113	1.20117	1.20129	1.20141	1.20142	1.20142	1.2015	1.20157	1.20153	
1.22458	1.22453	1.22456	1.22459	1.22449	1.2244	1.22439	1.22438	1.22427	1.22416	1.22413	1.22409	1.22402	1.22396	1.2239	1.22384	1.22387	1.22389	1.22375	1.22362	1.22366	1.2237	1.2234	1.22311	1.22309	1.22306	1.22291	1.22275	1.22296	1.22317	1.22318	1.22319	1.22341	1.22363	1.22325	1.22286	1.22292	1.22298	1.22288	1.22279	1.22301	1.22322	1.22329	1.22335	1.2235	1.22365	1.2237	1.22376	1.2238	1.22384	1.22392	1.224	1.22403	1.22405	1.22416	1.22426	1.22429	1.22431	1.22441	1.22451	1.2245	1.22449	1.22456	1.22463	1.22458	
1.24764	1.24758	1.24762	1.24766	1.24757	1.24748	1.24749	1.2475	1.24742	1.24734	1.24733	1.24733	1.2473	1.24728	1.24725	1.24722	1.24727	1.24732	1.24719	1.24707	1.24709	1.24712	1.24687	1.24662	1.24662	1.24662	1.24657	1.24652	1.24675	1.24698	1.24686	1.24674	1.24697	1.24719	1.24692	1.24665	1.2467	1.24676	1.24658	1.2464	1.24657	1.24673	1.24675	1.24677	1.24693	1.2471	1.24712	1.24713	1.24718	1.24722	1.24725	1.24729	1.2473	1.2473	1.24737	1.24744	1.24744	1.24745	1.24753	1.2476	1.24759	1.24757	1.24763	1.2477	1.24764	
1.27083	1.27077	1.27082	1.27086	1.27079	1.27072	1.27076	1.27079	1.27075	1.2707	1.27073	1.27075	1.27076	1.27077	1.27077	1.27076	1.27082	1.27087	1.27076	1.27066	1.27067	1.27069	1.27051	1.27032	1.27035	1.27038	1.27038	1.27038	1.2706	1.27082	1.27064	1.27046	1.27067	1.27088	1.27069	1.2705	1.27056	1.27062	1.2704	1.27019	1.27031	1.27043	1.2704	1.27037	1.27053	1.27068	1.27067	1.27066	1.2707	1.27075	1.27075	1.27075	1.27074	1.27073	1.27076	1.27078	1.27076	1.27074	1.27079	1.27084	1.27081	1.27078	1.27083	1.27088	1.27083	
1.29401	1.29396	1.29401	1.29406	1.29401	1.29396	1.29403	1.29409	1.29407	1.29406	1.29412	1.29418	1.29422	1.29427	1.29429	1.2943	1.29436	1.29442	1.29434	1.29425	1.29426	1.29426	1.29414	1.29403	1.29409	1.29415	1.2942	1.29424	1.29446	1.29467	1.29443	1.29419	1.29438	1.29457	1.29446	1.29435	1.29442	1.29448	1.29423	1.29398	1.29406	1.29413	1.29405	1.29398	1.29412	1.29426	1.29422	1.29418	1.29423	1.29428	1.29424	1.2942	1.29418	1.29415	1.29414	1.29413	1.29409	1.29404	1.29406	1.29408	1.29403	1.29398	1.29403	1.29407	1.29401	
1.31742	1.31736	1.31742	1.31748	1.31745	1.31742	1.3175	1.31757	1.31759	1.31761	1.31768	1.31776	1.31782	1.31788	1.31791	1.31794	1.31799	1.31805	1.31799	1.31793	1.31793	1.31793	1.31787	1.31781	1.31789	1.31796	1.31802	1.31808	1.31826	1.31844	1.31822	1.31799	1.31815	1.31831	1.31824	1.31818	1.31823	1.31829	1.31806	1.31783	1.31786	1.3179	1.3178	1.3177	1.31782	1.31793	1.31787	1.31781	1.31786	1.31791	1.31785	1.31779	1.31776	1.31773	1.31769	1.31765	1.31759	1.31753	1.31753	1.31753	1.31747	1.3174	1.31744	1.31747	1.31742	
1.34082	1.34077	1.34083	1.34089	1.34089	1.34088	1.34097	1.34106	1.34111	1.34115	1.34125	1.34134	1.34142	1.3415	1.34154	1.34158	1.34163	1.34167	1.34164	1.34161	1.34161	1.34161	1.3416	1.34159	1.34168	1.34177	1.34184	1.34191	1.34206	1.34222	1.34201	1.34179	1.34192	1.34205	1.34202	1.342	1.34205	1.34209	1.34188	1.34167	1.34167	1.34166	1.34154	1.34143	1.34151	1.34159	1.34152	1.34145	1.34149	1.34154	1.34146	1.34138	1.34134	1.3413	1.34124	1.34118	1.3411	1.34102	1.341	1.34097	1.3409	1.34082	1.34085	1.34087	1.34082	
1.36444	1.3644	1.36446	1.36452	1.36453	1.36453	1.36462	1.36472	1.36477	1.36483	1.36493	1.36502	1.3651	1.36517	1.36522	1.36526	1.3653	1.36534	1.36533	1.36531	1.36532	1.36532	1.36534	1.36536	1.36545	1.36554	1.3656	1.36566	1.36579	1.36592	1.36574	1.36557	1.36567	1.36578	1.36576	1.36574	1.36578	1.36582	1.36564	1.36546	1.36544	1.36542	1.3653	1.36518	1.36524	1.36529	1.36522	1.36514	1.36518	1.36522	1.36514	1.36506	1.36502	1.36498	1.36491	1.36484	1.36476	1.36468	1.36464	1.36461	1.36453	1.36446	1.36447	1.36449	1.36444	
1.38807	1.38803	1.38809	1.38815	1.38817	1.38818	1.38828	1.38837	1.38844	1.38851	1.3886	1.3887	1.38878	1.38885	1.3889	1.38895	1.38898	1.38901	1.38901	1.38902	1.38903	1.38903	1.38908	1.38913	1.38922	1.38931	1.38936	1.38941	1.38952	1.38962	1.38948	1.38934	1.38942	1.3895	1.38949	1.38948	1.38951	1.38955	1.38939	1.38924	1.38921	1.38918	1.38905	1.38893	1.38896	1.38899	1.38892	1.38884	1.38887	1.3889	1.38882	1.38873	1.38869	1.38865	1.38858	1.3885	1.38841	1.38833	1.38829	1.38824	1.38817	1.38809	1.3881	1.38811	1.38807	
1.41188	1.41185	1.4119	1.41195	1.41197	1.41199	1.41207	1.41215	1.41222	1.41228	1.41236	1.41244	1.41251	1.41257	1.41262	1.41266	1.41268	1.4127	1.41271	1.41273	1.41274	1.41274	1.41279	1.41285	1.41292	1.413	1.41304	1.41308	1.41316	1.41324	1.41313	1.41302	1.41309	1.41315	1.41314	1.41313	1.41316	1.41318	1.41306	1.41295	1.41291	1.41288	1.41277	1.41267	1.41269	1.4127	1.41263	1.41257	1.41259	1.41261	1.41254	1.41247	1.41244	1.4124	1.41233	1.41226	1.41219	1.41212	1.41208	1.41203	1.41197	1.4119	1.41191	1.41191	1.41188	
1.43569	1.43567	1.43571	1.43575	1.43577	1.4358	1.43586	1.43593	1.43599	1.43605	1.43612	1.43618	1.43624	1.43629	1.43633	1.43637	1.43638	1.4364	1.43642	1.43644	1.43644	1.43645	1.43651	1.43656	1.43662	1.43669	1.43671	1.43674	1.4368	1.43686	1.43679	1.43671	1.43675	1.4368	1.43679	1.43679	1.4368	1.43682	1.43673	1.43665	1.43662	1.43658	1.43649	1.43641	1.43641	1.43641	1.43635	1.4363	1.43631	1.43633	1.43627	1.43621	1.43618	1.43615	1.43609	1.43603	1.43597	1.4359	1.43587	1.43583	1.43577	1.43571	1.43571	1.43571	1.43569	
1.45962	1.4596	1.45963	1.45966	1.45967	1.45969	1.45974	1.45978	1.45982	1.45986	1.45991	1.45996	1.45999	1.46003	1.46006	1.46008	1.46009	1.4601	1.46011	1.46013	1.46014	1.46014	1.46018	1.46022	1.46026	1.4603	1.46032	1.46034	1.46038	1.46042	1.46037	1.46032	1.46035	1.46038	1.46037	1.46037	1.46038	1.46039	1.46034	1.46028	1.46026	1.46023	1.46017	1.46011	1.46011	1.46011	1.46007	1.46003	1.46004	1.46005	1.46001	1.45997	1.45995	1.45993	1.45989	1.45985	1.45981	1.45976	1.45974	1.45971	1.45967	1.45963	1.45963	1.45963	1.45962	
1.48354	1.48354	1.48355	1.48357	1.48358	1.48359	1.48361	1.48364	1.48366	1.48368	1.4837	1.48373	1.48375	1.48377	1.48378	1.48379	1.4838	1.4838	1.48381	1.48382	1.48383	1.48383	1.48385	1.48388	1.4839	1.48392	1.48393	1.48394	1.48396	1.48398	1.48396	1.48393	1.48395	1.48396	1.48396	1.48395	1.48396	1.48396	1.48394	1.48391	1.4839	1.48388	1.48385	1.48382	1.48382	1.48381	1.48379	1.48377	1.48378	1.48378	1.48376	1.48374	1.48373	1.48372	1.48369	1.48367	1.48365	1.48362	1.48361	1.48359	1.48357	1.48355	1.48355	1.48355	1.48354	
1.50751	1.50751	1.50751	1.50751	1.50751	1.50751	1.50751	1.50751	1.50751	1.50751	1.50751	1.50751	1.50751	1.50751	1.50751	1.50751	1.50751	1.50751	1.50751	1.50751	1.50751	1.50751	1.50751	1.50751	1.50751	1.50751	1.50751	1.50751	1.50751	1.50751	1.50751	1.50751	1.50751	1.50751	1.50751	1.50751	1.50751	1.50751	1.50751	1.50751	1.50751	1.50751	1.50751	1.50751	1.50751	1.50751	1.50751	1.50751	1.50751	1.50751	1.50751	1.50751	1.50751	1.50751	1.50751	1.50751	1.50751	1.50751	1.50751	1.50751	1.50751	1.50751	1.50751	1.50751	1.50751	
