y	b	u.x	u.y	u.z	
0.0976562	0.000736094	3.48599e-09	-6.80896e-06	4.72447e-09
1.67092	0.0125947	5.96461e-08	-0.000116503	8.08368e-08
3.24419	0.0244534	1.067e-07	-0.000209577	1.65734e-07
4.81745	0.0363121	4.2656e-08	-9.98935e-05	3.57803e-07
6.39072	0.0481707	-2.1388e-08	9.79036e-06	5.49872e-07
7.96398	0.0600294	-8.54319e-08	0.000119474	7.41942e-07
9.53725	0.071888	-1.54373e-07	0.000206542	9.61543e-07
11.1105	0.0837467	-2.65905e-07	9.6921e-05	1.42058e-06
12.6838	0.0956053	-3.77436e-07	-1.26997e-05	1.87962e-06
14.257	0.107464	-4.88967e-07	-0.00012232	2.33866e-06
15.8303	0.119323	-5.81824e-07	-0.00020334	2.81384e-06
17.4036	0.131181	-5.50254e-07	-9.37914e-05	3.39654e-06
18.9768	0.14304	-5.18683e-07	1.57571e-05	3.97924e-06
20.5501	0.154899	-4.87112e-07	0.000125306	4.56194e-06
22.1234	0.166757	-5.14078e-07	0.000200283	5.26892e-06
23.6966	0.178616	-8.53297e-07	9.08431e-05	6.63886e-06
25.2699	0.190475	-1.19252e-06	-1.85965e-05	8.0088e-06
26.8432	0.202333	-1.53174e-06	-0.000128036	9.37874e-06
28.4164	0.214192	-1.74983e-06	-0.000196947	1.08302e-05
29.9897	0.226051	-1.43519e-06	-8.75959e-05	1.26404e-05
31.563	0.23791	-1.12054e-06	2.17551e-05	1.44506e-05
33.1362	0.249768	-8.05892e-07	0.000131106	1.62607e-05
34.7095	0.261627	-8.28175e-07	0.000193981	1.86821e-05
36.2828	0.273486	-2.09826e-06	8.47327e-05	2.33668e-05
37.856	0.285345	-3.36835e-06	-2.45154e-05	2.80515e-05
39.4293	0.297204	-4.63843e-06	-0.000133764	3.27362e-05
41.0026	0.309063	-5.42811e-06	-0.000190592	3.85099e-05
42.5758	0.320923	-4.6963e-06	-8.14073e-05	4.77323e-05
44.1491	0.332782	-3.96449e-06	2.77775e-05	5.69548e-05
45.7223	0.344642	-3.23268e-06	0.000136962	6.61773e-05
47.2956	0.356502	-4.40067e-06	0.000187778	7.93587e-05
48.8689	0.368362	-1.07749e-05	7.86407e-05	0.000103389
50.4421	0.380223	-1.71491e-05	-3.04968e-05	0.00012742
52.0154	0.392084	-2.35233e-05	-0.000139634	0.00015145
53.5887	0.403945	-2.571e-05	-0.000184452	0.000185915
55.1619	0.415808	-1.78758e-05	-7.53493e-05	0.000245347
56.7352	0.42767	-1.00417e-05	3.37534e-05	0.00030478
58.3085	0.439532	-2.20755e-06	0.000142856	0.000364213
59.8817	0.451395	2.1105e-05	0.000181664	0.000394172
61.455	0.463257	7.69949e-05	7.25231e-05	0.000362097
63.0283	0.475119	0.000132885	-3.6618e-05	0.000330022
64.6015	0.486981	0.000188775	-0.000145759	0.000297946
66.1748	0.498846	0.000256398	-0.000178883	0.000243405
67.7481	0.510715	0.000345865	-7.04986e-05	0.000147043
69.3213	0.522579	0.000432607	4.06361e-05	3.24516e-05
70.8946	0.53445	0.000529997	0.000149079	-6.05823e-05
72.4679	0.546365	0.000539502	0.000190974	-0.000114337
74.0411	0.558345	0.000464802	0.000101503	-0.000130829
75.6144	0.570298	0.000449393	-3.23859e-05	0.000108014
77.1877	0.582297	0.000365551	-0.000142	4.89346e-05
78.7609	0.594328	0.000776258	-0.000100866	-7.32003e-05
80.3342	0.606334	0.00197927	-1.83598e-06	-0.000244444
81.9074	0.618325	0.00321155	2.44807e-06	-0.000673753
83.4807	0.6303	0.00398287	-0.000134539	-0.00264674
85.054	0.642052	0.00319398	-0.000302449	-0.00317053
86.6272	0.653605	0.00127148	-0.000133229	-0.00247363
88.2005	0.665116	-0.00126723	0.000253729	-0.00189512
89.7738	0.67662	-0.00161149	0.000503225	-0.000385862
91.347	0.688238	-0.00314507	0.000415074	0.000919986
92.9203	0.699852	-0.00281671	7.31553e-05	0.00128924
94.4936	0.711412	-0.00124341	-3.68234e-05	0.00168314
96.0668	0.722985	-0.000787074	-0.000149398	0.00174297
97.6401	0.734826	-0.000937949	-5.98502e-05	0.000587742
99.2134	0.746913	-0.00113801	-5.5533e-05	-1.74912e-05
100.787	0.759009	-0.000162724	3.1451e-05	-0.00014228
102.36	0.771114	-1.63551e-05	-0.000134589	-0.000190015
103.933	0.783122	-8.39707e-05	-0.000185132	-0.000149579
105.506	0.795041	-0.000125054	-5.67307e-05	-2.7657e-05
107.08	0.806969	-8.42791e-05	3.58629e-05	3.01773e-05
108.653	0.818894	-2.92697e-05	8.80385e-05	7.90385e-05
110.226	0.830787	2.08052e-05	4.86391e-05	0.000110601
111.799	0.842654	3.30828e-05	7.21657e-06	0.000131271
113.373	0.854527	2.70009e-05	3.25948e-05	0.000147664
114.946	0.866396	3.3726e-05	1.08083e-05	0.00017056
116.519	0.87826	2.7349e-05	1.08449e-06	0.000162882
118.093	0.890119	1.10244e-05	5.19272e-07	0.000131992
119.666	0.901979	-5.30027e-06	-4.59451e-08	0.000101101
121.239	0.913839	-2.16249e-05	-6.11162e-07	7.02099e-05
122.812	0.925699	-2.64528e-05	-6.52424e-07	5.48161e-05
124.386	0.937559	-2.34811e-05	-3.3822e-07	4.99358e-05
125.959	0.949419	-2.05094e-05	-2.40174e-08	4.50555e-05
127.532	0.961279	-1.75377e-05	2.90186e-07	4.01752e-05
129.105	0.973138	-1.52538e-05	4.71865e-07	3.37138e-05
130.679	0.984997	-1.33857e-05	5.73406e-07	2.62963e-05
132.252	0.996856	-1.15175e-05	6.74946e-07	1.88787e-05
133.825	1.00872	-9.64943e-06	7.76487e-07	1.14612e-05
135.398	1.02057	-8.44737e-06	3.76678e-07	8.60502e-06
136.972	1.03243	-7.60309e-06	-2.92452e-07	8.19924e-06
138.545	1.04429	-6.75882e-06	-9.61581e-07	7.79346e-06
140.118	1.05615	-5.91455e-06	-1.63071e-06	7.38768e-06
141.692	1.06801	-5.23209e-06	-9.54415e-07	6.18932e-06
143.265	1.07987	-4.62652e-06	3.61128e-07	4.61438e-06
144.838	1.09173	-4.02095e-06	1.67667e-06	3.03943e-06
146.411	1.10359	-3.41538e-06	2.99221e-06	1.46449e-06
147.985	1.11544	-2.98376e-06	1.94508e-06	1.06898e-06
149.558	1.1273	-2.62482e-06	-8.9367e-08	1.16632e-06
151.131	1.13916	-2.26588e-06	-2.12382e-06	1.26367e-06
152.704	1.15102	-1.90694e-06	-4.15826e-06	1.36102e-06
154.278	1.16288	-1.68754e-06	-2.68237e-06	1.12561e-06
155.851	1.17474	-1.51905e-06	7.44756e-08	7.68767e-07
157.424	1.1866	-1.35057e-06	2.83132e-06	4.11928e-07
158.997	1.19845	-1.18209e-06	5.58817e-06	5.50895e-08
160.571	1.21031	-1.03569e-06	3.60968e-06	1.12078e-08
162.144	1.22217	-8.96277e-07	1.35977e-07	6.61441e-08
163.717	1.23403	-7.56859e-07	-3.33772e-06	1.2108e-07
165.291	1.24589	-6.17441e-07	-6.81143e-06	1.76017e-07
166.864	1.25775	-5.49046e-07	-4.29936e-06	1.3094e-07
168.437	1.26961	-4.99828e-07	-1.71028e-07	5.88579e-08
170.01	1.28146	-4.5061e-07	3.95731e-06	-1.32241e-08
171.584	1.29332	-4.01392e-07	8.08564e-06	-8.53061e-08
173.157	1.30518	-3.46423e-07	5.01163e-06	-8.46357e-08
174.73	1.31704	-2.90146e-07	3.00135e-07	-6.74248e-08
176.303	1.3289	-2.3387e-07	-4.41136e-06	-5.02139e-08
177.877	1.34076	-1.77594e-07	-9.12286e-06	-3.30029e-08
179.45	1.35262	-1.54732e-07	-5.50146e-06	-3.66726e-08
181.023	1.36448	-1.38135e-07	-3.17949e-07	-4.42566e-08
182.596	1.37633	-1.21538e-07	4.86556e-06	-5.18406e-08
184.17	1.38819	-1.04941e-07	1.00491e-05	-5.94247e-08
185.743	1.40005	-8.22852e-08	5.90959e-06	-5.41919e-08
187.316	1.41191	-5.87207e-08	3.70867e-07	-4.70354e-08
188.889	1.42377	-3.51562e-08	-5.16785e-06	-3.9879e-08
190.463	1.43563	-1.15916e-08	-1.07066e-05	-3.27226e-08
192.036	1.44749	-7.34689e-09	-6.118e-06	-3.26489e-08
193.609	1.45934	-5.32364e-09	-3.64927e-07	-3.33896e-08
195.183	1.4712	-3.3004e-09	5.38815e-06	-3.41303e-08
196.756	1.48306	-1.27715e-09	1.11412e-05	-3.48711e-08
198.329	1.49492	-1.12387e-09	6.19019e-06	-3.49272e-08
199.902	1.50678	-1.12387e-09	3.61783e-07	-3.49272e-08
