x=200	y=75	z=200	n=65	len=1
b
0.565358	0.565273	0.565299	0.565326	0.565144	0.564963	0.564871	0.564779	0.564484	0.564189	0.56395	0.563711	0.563308	0.562905	0.562559	0.562213	0.561882	0.561552	0.561453	0.561354	0.561889	0.562424	0.563084	0.563744	0.564482	0.56522	0.564953	0.564686	0.563697	0.562707	0.562893	0.563079	0.563331	0.563583	0.564571	0.565559	0.565305	0.56505	0.564943	0.564836	0.56408	0.563325	0.562716	0.562107	0.561926	0.561744	0.561987	0.56223	0.562439	0.562648	0.563044	0.56344	0.563644	0.563848	0.564178	0.564509	0.564617	0.564726	0.564951	0.565175	0.565183	0.56519	0.565317	0.565443	0.565358	
0.565427	0.565342	0.565368	0.565394	0.565212	0.56503	0.564939	0.564848	0.564549	0.56425	0.564006	0.563763	0.563338	0.562913	0.56254	0.562167	0.561772	0.561377	0.561196	0.561014	0.561416	0.561818	0.562433	0.563048	0.563892	0.564737	0.564486	0.564236	0.562652	0.561067	0.561682	0.562298	0.562382	0.562466	0.563901	0.565336	0.565319	0.565302	0.56486	0.564417	0.563556	0.562694	0.562149	0.561603	0.561536	0.561468	0.561787	0.562106	0.562375	0.562644	0.563063	0.563482	0.563707	0.563932	0.564261	0.564591	0.564704	0.564816	0.565035	0.565254	0.565261	0.565268	0.565391	0.565513	0.565427	
0.565506	0.565423	0.565452	0.56548	0.565307	0.565133	0.565049	0.564965	0.564674	0.564383	0.564142	0.563901	0.563469	0.563037	0.562636	0.562234	0.56178	0.561325	0.561043	0.560761	0.561016	0.561271	0.561795	0.56232	0.56332	0.564321	0.564779	0.565237	0.563218	0.561199	0.561455	0.561711	0.561702	0.561692	0.562877	0.564062	0.564511	0.564961	0.564315	0.563669	0.562804	0.561939	0.561582	0.561226	0.561281	0.561337	0.561738	0.562139	0.562445	0.56275	0.563183	0.563617	0.563841	0.564064	0.564388	0.564711	0.564816	0.56492	0.565132	0.565343	0.565347	0.56535	0.565469	0.565588	0.565506	
0.565584	0.565504	0.565535	0.565567	0.565402	0.565236	0.565159	0.565081	0.564798	0.564516	0.564278	0.564039	0.563601	0.563162	0.562732	0.562302	0.561787	0.561273	0.560891	0.560508	0.560616	0.560724	0.561158	0.561591	0.562749	0.563906	0.565072	0.566237	0.563784	0.561331	0.561227	0.561124	0.561021	0.560918	0.561853	0.562788	0.563704	0.564619	0.56377	0.56292	0.562052	0.561183	0.561016	0.560848	0.561027	0.561206	0.561689	0.562172	0.562514	0.562855	0.563303	0.563752	0.563974	0.564197	0.564514	0.564831	0.564928	0.565024	0.565228	0.565432	0.565432	0.565432	0.565548	0.565664	0.565584	
0.565669	0.565588	0.565623	0.565658	0.565496	0.565334	0.565267	0.5652	0.564921	0.564643	0.564421	0.564198	0.563752	0.563306	0.562882	0.562457	0.561883	0.561309	0.560877	0.560445	0.56037	0.560296	0.5607	0.561104	0.562319	0.563533	0.564408	0.565284	0.563739	0.562195	0.561716	0.561237	0.561332	0.561426	0.561424	0.561422	0.562604	0.563785	0.56271	0.561635	0.56105	0.560465	0.560491	0.560518	0.560851	0.561184	0.561729	0.562274	0.562647	0.563019	0.56347	0.56392	0.56414	0.56436	0.564665	0.564971	0.56506	0.565148	0.565342	0.565537	0.565531	0.565526	0.565638	0.56575	0.565669	
0.565754	0.565673	0.565711	0.565749	0.56559	0.565432	0.565375	0.565319	0.565045	0.56477	0.564564	0.564357	0.563904	0.563451	0.563032	0.562613	0.561979	0.561346	0.560863	0.560381	0.560125	0.559869	0.560242	0.560616	0.561888	0.56316	0.563745	0.56433	0.563694	0.563058	0.562205	0.561351	0.561642	0.561934	0.560996	0.560057	0.561504	0.562951	0.56165	0.56035	0.560048	0.559747	0.559967	0.560187	0.560675	0.561163	0.561769	0.562376	0.56278	0.563184	0.563636	0.564089	0.564306	0.564522	0.564817	0.565111	0.565192	0.565272	0.565457	0.565641	0.56563	0.565619	0.565728	0.565836	0.565754	
0.56584	0.565762	0.565803	0.565844	0.565699	0.565553	0.565506	0.56546	0.565207	0.564953	0.564757	0.564561	0.56413	0.563698	0.563264	0.56283	0.562181	0.561533	0.560915	0.560297	0.559901	0.559505	0.559533	0.559562	0.561045	0.562528	0.562825	0.563123	0.562877	0.562632	0.561432	0.560233	0.560407	0.56058	0.560104	0.559627	0.560613	0.561599	0.560421	0.559243	0.559308	0.559372	0.559795	0.560219	0.56081	0.561402	0.562034	0.562666	0.563062	0.563458	0.563894	0.56433	0.564524	0.564718	0.564994	0.565271	0.565335	0.565399	0.565572	0.565745	0.565727	0.56571	0.565814	0.565918	0.56584	
0.565925	0.56585	0.565895	0.56594	0.565807	0.565674	0.565638	0.565601	0.565369	0.565136	0.564951	0.564766	0.564356	0.563945	0.563496	0.563046	0.562383	0.56172	0.560966	0.560212	0.559677	0.559141	0.558824	0.558508	0.560202	0.561895	0.561906	0.561916	0.56206	0.562205	0.56066	0.559115	0.559171	0.559226	0.559212	0.559197	0.559722	0.560248	0.559192	0.558136	0.558567	0.558998	0.559624	0.56025	0.560945	0.561641	0.562299	0.562957	0.563344	0.563732	0.564151	0.564571	0.564742	0.564913	0.565172	0.56543	0.565478	0.565525	0.565687	0.565848	0.565824	0.5658	0.5659	0.566001	0.565925	
0.56601	0.565934	0.565985	0.566036	0.565909	0.565782	0.565764	0.565746	0.565526	0.565307	0.565157	0.565007	0.56461	0.564213	0.563818	0.563423	0.562738	0.562053	0.561337	0.56062	0.559868	0.559116	0.558694	0.558272	0.559381	0.560491	0.560897	0.561302	0.561194	0.561086	0.559989	0.558891	0.558199	0.557507	0.557557	0.557607	0.558216	0.558825	0.558284	0.557743	0.558436	0.559129	0.55988	0.560631	0.56133	0.562029	0.562673	0.563317	0.563677	0.564036	0.564429	0.564821	0.564969	0.565117	0.565354	0.565592	0.565624	0.565657	0.565806	0.565956	0.565924	0.565892	0.565989	0.566086	0.56601	
0.566095	0.566018	0.566075	0.566132	0.566011	0.565891	0.565891	0.565891	0.565684	0.565477	0.565362	0.565248	0.564864	0.564481	0.564141	0.5638	0.563093	0.562386	0.561707	0.561029	0.56006	0.559092	0.558564	0.558035	0.558561	0.559087	0.559888	0.560689	0.560328	0.559967	0.559317	0.558668	0.557228	0.555788	0.555903	0.556017	0.556709	0.557401	0.557376	0.55735	0.558304	0.559259	0.560136	0.561013	0.561715	0.562418	0.563048	0.563678	0.564009	0.564341	0.564706	0.565072	0.565196	0.56532	0.565537	0.565754	0.565771	0.565789	0.565926	0.566063	0.566024	0.565984	0.566078	0.566171	0.566095	
0.566169	0.566095	0.566156	0.566217	0.56611	0.566002	0.566013	0.566025	0.565845	0.565665	0.565568	0.565471	0.565133	0.564795	0.564466	0.564138	0.563488	0.562839	0.562109	0.561379	0.560421	0.559464	0.558566	0.557668	0.557913	0.558158	0.558164	0.558171	0.558713	0.559255	0.558317	0.55738	0.556614	0.555849	0.555436	0.555024	0.555996	0.556967	0.557361	0.557754	0.558802	0.559849	0.560751	0.561654	0.562302	0.56295	0.563535	0.564121	0.564401	0.564681	0.56501	0.56534	0.56543	0.56552	0.565714	0.565908	0.565907	0.565905	0.566031	0.566157	0.56611	0.566063	0.566153	0.566244	0.566169	
0.566244	0.566172	0.566237	0.566303	0.566208	0.566113	0.566136	0.566158	0.566006	0.565854	0.565774	0.565694	0.565401	0.565109	0.564792	0.564475	0.563884	0.563293	0.562511	0.561729	0.560783	0.559836	0.558569	0.557302	0.557265	0.557229	0.556441	0.555652	0.557097	0.558542	0.557317	0.556092	0.556	0.555909	0.55497	0.554031	0.555282	0.556533	0.557346	0.558159	0.559299	0.560439	0.561367	0.562295	0.562889	0.563482	0.564023	0.564564	0.564793	0.565021	0.565315	0.565608	0.565664	0.56572	0.565892	0.566063	0.566042	0.566021	0.566136	0.56625	0.566196	0.566141	0.566229	0.566316	0.566244	
0.566313	0.566241	0.566313	0.566384	0.566296	0.566207	0.56625	0.566293	0.566156	0.56602	0.565983	0.565947	0.565682	0.565418	0.565188	0.564959	0.564396	0.563834	0.563205	0.562575	0.561546	0.560518	0.559429	0.55834	0.557666	0.556992	0.556589	0.556186	0.557006	0.557826	0.556861	0.555895	0.556527	0.557159	0.556143	0.555128	0.556281	0.557434	0.558399	0.559365	0.560372	0.56138	0.562233	0.563086	0.563573	0.564061	0.564533	0.565004	0.565176	0.565348	0.565601	0.565854	0.56588	0.565906	0.566056	0.566205	0.566168	0.566131	0.566235	0.566339	0.566277	0.566216	0.566301	0.566386	0.566313	
0.566382	0.56631	0.566388	0.566466	0.566384	0.566302	0.566365	0.566427	0.566306	0.566186	0.566193	0.5662	0.565963	0.565727	0.565585	0.565443	0.564909	0.564375	0.563898	0.563421	0.56231	0.5612	0.560289	0.559379	0.558067	0.556755	0.556737	0.55672	0.556915	0.557111	0.556405	0.555699	0.557053	0.558408	0.557316	0.556225	0.55728	0.558336	0.559453	0.560571	0.561445	0.56232	0.563098	0.563876	0.564258	0.564639	0.565042	0.565444	0.56556	0.565676	0.565888	0.5661	0.566096	0.566093	0.566219	0.566346	0.566294	0.566242	0.566334	0.566427	0.566359	0.56629	0.566373	0.566455	0.566382	
0.566435	0.566363	0.566445	0.566527	0.566454	0.566381	0.566453	0.566525	0.566428	0.566331	0.566356	0.566382	0.566197	0.566013	0.565901	0.56579	0.565368	0.564946	0.564504	0.564061	0.563156	0.562251	0.561278	0.560305	0.559129	0.557954	0.557482	0.55701	0.557509	0.558008	0.557628	0.557247	0.558697	0.560147	0.559182	0.558216	0.559184	0.560153	0.56109	0.562027	0.562701	0.563376	0.56401	0.564645	0.564915	0.565184	0.565514	0.565843	0.565901	0.565958	0.566135	0.566311	0.566276	0.566241	0.566351	0.566461	0.566392	0.566323	0.566409	0.566495	0.566419	0.566344	0.566425	0.566507	0.566435	
0.566487	0.566415	0.566501	0.566587	0.566523	0.56646	0.566542	0.566623	0.56655	0.566476	0.56652	0.566563	0.566431	0.566299	0.566217	0.566136	0.565826	0.565516	0.565109	0.564702	0.564002	0.563302	0.562266	0.56123	0.560191	0.559152	0.558227	0.557301	0.558104	0.558906	0.558851	0.558795	0.560341	0.561887	0.561047	0.560208	0.561089	0.56197	0.562727	0.563484	0.563957	0.564431	0.564923	0.565414	0.565572	0.565729	0.565986	0.566242	0.566241	0.56624	0.566381	0.566523	0.566456	0.56639	0.566483	0.566576	0.56649	0.566405	0.566484	0.566562	0.56648	0.566397	0.566478	0.566558	0.566487	
0.566532	0.566461	0.56655	0.56664	0.566582	0.566523	0.566618	0.566714	0.566652	0.566591	0.566667	0.566744	0.566637	0.566529	0.566524	0.566519	0.56626	0.566	0.565763	0.565526	0.564905	0.564284	0.563582	0.56288	0.561856	0.560833	0.56008	0.559328	0.559938	0.560548	0.560743	0.560938	0.562161	0.563384	0.562833	0.562281	0.562919	0.563556	0.564113	0.564671	0.564968	0.565266	0.565636	0.566006	0.566078	0.566151	0.566347	0.566544	0.566503	0.566462	0.566573	0.566684	0.566598	0.566512	0.56659	0.566667	0.566572	0.566477	0.566548	0.566619	0.566533	0.566446	0.566525	0.566603	0.566532	
0.566577	0.566506	0.5666	0.566694	0.56664	0.566586	0.566695	0.566805	0.566755	0.566705	0.566815	0.566925	0.566843	0.56676	0.566831	0.566903	0.566693	0.566483	0.566417	0.56635	0.565808	0.565266	0.564898	0.56453	0.563522	0.562513	0.561934	0.561355	0.561772	0.56219	0.562636	0.563082	0.563982	0.564882	0.564619	0.564355	0.564748	0.565142	0.5655	0.565858	0.565979	0.5661	0.566349	0.566597	0.566585	0.566573	0.566709	0.566845	0.566765	0.566684	0.566765	0.566846	0.56674	0.566635	0.566697	0.566759	0.566654	0.566549	0.566613	0.566676	0.566586	0.566495	0.566571	0.566648	0.566577	
0.566602	0.566529	0.566626	0.566724	0.566673	0.566622	0.566738	0.566853	0.566815	0.566778	0.566898	0.567018	0.566968	0.566918	0.56701	0.567102	0.566976	0.566849	0.566829	0.566808	0.566472	0.566136	0.56586	0.565585	0.56498	0.564376	0.563834	0.563292	0.563797	0.564303	0.564434	0.564564	0.565356	0.566149	0.565944	0.565738	0.565965	0.566192	0.566404	0.566615	0.566636	0.566658	0.566826	0.566995	0.566924	0.566853	0.566955	0.567056	0.566941	0.566826	0.566893	0.566959	0.566833	0.566707	0.566764	0.566821	0.566704	0.566587	0.56665	0.566713	0.566616	0.566518	0.566597	0.566675	0.566602	
0.566627	0.566552	0.566653	0.566754	0.566706	0.566659	0.56678	0.566901	0.566875	0.56685	0.566981	0.567111	0.567094	0.567077	0.567189	0.567301	0.567258	0.567216	0.567241	0.567266	0.567136	0.567006	0.566823	0.566639	0.566439	0.566239	0.565734	0.565228	0.565822	0.566417	0.566231	0.566045	0.566731	0.567417	0.567269	0.567122	0.567182	0.567243	0.567307	0.567372	0.567293	0.567215	0.567303	0.567392	0.567263	0.567134	0.5672	0.567266	0.567117	0.566968	0.56702	0.567072	0.566926	0.56678	0.566831	0.566883	0.566754	0.566625	0.566687	0.56675	0.566646	0.566542	0.566622	0.566702	0.566627	
0.566646	0.566572	0.566673	0.566774	0.56673	0.566685	0.56681	0.566935	0.566916	0.566897	0.56704	0.567183	0.567176	0.56717	0.567314	0.567458	0.567435	0.567412	0.567515	0.567618	0.567523	0.567429	0.567418	0.567406	0.567246	0.567086	0.566839	0.566591	0.566882	0.567173	0.567089	0.567004	0.567421	0.567837	0.567793	0.56775	0.567704	0.567657	0.567692	0.567726	0.567605	0.567484	0.567533	0.567583	0.567437	0.567291	0.567332	0.567372	0.567216	0.567059	0.567096	0.567133	0.566984	0.566833	0.566877	0.56692	0.566789	0.566658	0.566716	0.566773	0.566669	0.566564	0.566642	0.56672	0.566646	
0.566665	0.566592	0.566693	0.566794	0.566753	0.566712	0.566841	0.566969	0.566956	0.566944	0.567099	0.567254	0.567259	0.567263	0.567439	0.567615	0.567612	0.567608	0.567788	0.567969	0.56791	0.567852	0.568013	0.568173	0.568053	0.567933	0.567943	0.567953	0.567941	0.567929	0.567946	0.567963	0.56811	0.568257	0.568317	0.568378	0.568225	0.568072	0.568076	0.56808	0.567917	0.567753	0.567764	0.567774	0.567611	0.567449	0.567463	0.567478	0.567314	0.56715	0.567173	0.567195	0.567041	0.566887	0.566922	0.566957	0.566824	0.566691	0.566744	0.566797	0.566692	0.566587	0.566662	0.566738	0.566665	
0.566664	0.566585	0.566691	0.566796	0.566751	0.566706	0.566838	0.566971	0.566957	0.566943	0.567101	0.56726	0.56727	0.567281	0.56746	0.567639	0.567657	0.567675	0.567859	0.568042	0.56804	0.568037	0.568195	0.568354	0.568331	0.568308	0.568323	0.568339	0.568373	0.568407	0.568368	0.56833	0.568457	0.568585	0.568571	0.568557	0.568411	0.568265	0.568243	0.568221	0.56804	0.567859	0.567862	0.567865	0.567681	0.567498	0.567515	0.567532	0.567351	0.56717	0.567198	0.567225	0.567058	0.566891	0.566932	0.566973	0.56683	0.566688	0.566746	0.566805	0.566693	0.566581	0.566662	0.566742	0.566664	
0.566662	0.566578	0.566688	0.566798	0.566749	0.5667	0.566836	0.566972	0.566957	0.566942	0.567104	0.567265	0.567282	0.567298	0.56748	0.567662	0.567702	0.567743	0.56793	0.568116	0.568169	0.568222	0.568378	0.568535	0.568609	0.568683	0.568703	0.568724	0.568804	0.568884	0.56879	0.568696	0.568804	0.568912	0.568825	0.568737	0.568597	0.568457	0.56841	0.568362	0.568164	0.567965	0.56796	0.567955	0.567751	0.567548	0.567567	0.567586	0.567387	0.567189	0.567222	0.567256	0.567075	0.566895	0.566942	0.566989	0.566837	0.566684	0.566749	0.566813	0.566694	0.566575	0.566661	0.566746	0.566662	
0.566658	0.566577	0.566682	0.566788	0.566742	0.566697	0.566828	0.566958	0.566948	0.566937	0.567094	0.56725	0.567271	0.567292	0.56747	0.567649	0.567693	0.567736	0.567926	0.568116	0.568169	0.568221	0.568395	0.568569	0.568626	0.568683	0.568752	0.56882	0.568859	0.568898	0.568847	0.568796	0.56887	0.568944	0.568838	0.568731	0.568602	0.568473	0.568394	0.568316	0.568145	0.567974	0.567946	0.567918	0.567735	0.567553	0.567559	0.567564	0.567379	0.567194	0.567219	0.567245	0.567072	0.566898	0.566941	0.566983	0.566835	0.566686	0.566747	0.566808	0.566692	0.566575	0.566657	0.566739	0.566658	
0.566654	0.566576	0.566676	0.566777	0.566736	0.566694	0.566819	0.566945	0.566939	0.566933	0.567083	0.567234	0.56726	0.567286	0.567461	0.567636	0.567683	0.56773	0.567923	0.568117	0.568169	0.568221	0.568412	0.568603	0.568643	0.568684	0.5688	0.568917	0.568914	0.568911	0.568903	0.568896	0.568936	0.568976	0.568851	0.568725	0.568607	0.568489	0.568379	0.56827	0.568126	0.567982	0.567931	0.56788	0.567719	0.567559	0.567551	0.567543	0.567371	0.567199	0.567216	0.567234	0.567068	0.566902	0.566939	0.566976	0.566832	0.566688	0.566745	0.566802	0.566689	0.566576	0.566654	0.566732	0.566654	
0.566628	0.566541	0.566648	0.566755	0.566704	0.566652	0.566782	0.566911	0.566895	0.566878	0.567031	0.567184	0.567199	0.567214	0.567389	0.567563	0.567602	0.56764	0.567829	0.568018	0.568068	0.568117	0.5683	0.568483	0.568534	0.568585	0.568713	0.568841	0.568916	0.56899	0.568999	0.569008	0.5691	0.569192	0.569001	0.56881	0.56864	0.56847	0.568355	0.56824	0.568075	0.567911	0.567878	0.567844	0.567667	0.567489	0.567503	0.567516	0.567328	0.56714	0.567177	0.567214	0.567034	0.566854	0.566907	0.56696	0.566805	0.56665	0.566718	0.566787	0.566664	0.566542	0.566629	0.566716	0.566628	
0.566603	0.566507	0.56662	0.566733	0.566672	0.566611	0.566744	0.566878	0.566851	0.566824	0.566979	0.567133	0.567138	0.567143	0.567316	0.56749	0.56752	0.56755	0.567735	0.567919	0.567966	0.568014	0.568189	0.568364	0.568425	0.568487	0.568626	0.568766	0.568918	0.56907	0.569095	0.569121	0.569264	0.569407	0.569151	0.568895	0.568673	0.568451	0.56833	0.568209	0.568025	0.567841	0.567825	0.567809	0.567614	0.56742	0.567455	0.56749	0.567286	0.567081	0.567137	0.567194	0.567	0.566807	0.566875	0.566943	0.566777	0.566611	0.566691	0.566771	0.56664	0.566509	0.566604	0.566699	0.566603	
0.566579	0.566488	0.566593	0.566698	0.566642	0.566586	0.566708	0.56683	0.566809	0.566788	0.566928	0.567068	0.56708	0.567092	0.567248	0.567404	0.567442	0.567481	0.567647	0.567813	0.56787	0.567928	0.568092	0.568256	0.56835	0.568443	0.56859	0.568737	0.568928	0.569119	0.569193	0.569267	0.569522	0.569777	0.569374	0.568972	0.56874	0.568508	0.568311	0.568114	0.567952	0.567789	0.56775	0.56771	0.567542	0.567374	0.567395	0.567417	0.567231	0.567045	0.567093	0.567142	0.56696	0.566779	0.566842	0.566905	0.566747	0.566589	0.566665	0.566741	0.566616	0.56649	0.56658	0.56667	0.566579	
0.566555	0.566468	0.566566	0.566663	0.566612	0.566561	0.566672	0.566783	0.566768	0.566753	0.566878	0.567003	0.567022	0.567041	0.56718	0.567318	0.567364	0.567411	0.567558	0.567706	0.567774	0.567842	0.567995	0.568149	0.568274	0.5684	0.568554	0.568708	0.568938	0.569168	0.569291	0.569414	0.56978	0.570147	0.569598	0.569049	0.568807	0.568566	0.568293	0.568019	0.567879	0.567738	0.567674	0.567611	0.567469	0.567327	0.567336	0.567344	0.567176	0.567008	0.567049	0.56709	0.56692	0.566751	0.566809	0.566867	0.566717	0.566568	0.566639	0.566711	0.566592	0.566472	0.566556	0.566641	0.566555	
0.566508	0.56641	0.566515	0.56662	0.566556	0.566492	0.566608	0.566724	0.566694	0.566664	0.566793	0.566921	0.566926	0.56693	0.56707	0.56721	0.567245	0.56728	0.56743	0.567579	0.567644	0.56771	0.567866	0.568023	0.568165	0.568308	0.568544	0.56878	0.569106	0.569433	0.569512	0.569592	0.569874	0.570156	0.569893	0.56963	0.569215	0.568799	0.568421	0.568042	0.567852	0.567663	0.567613	0.567562	0.567391	0.567219	0.567256	0.567292	0.567099	0.566907	0.566975	0.567044	0.566855	0.566666	0.566746	0.566827	0.566663	0.566499	0.566587	0.566675	0.566544	0.566414	0.566509	0.566605	0.566508	
0.566461	0.566352	0.566465	0.566577	0.5665	0.566423	0.566544	0.566666	0.566621	0.566576	0.566708	0.56684	0.566829	0.566819	0.566961	0.567102	0.567126	0.56715	0.567301	0.567451	0.567514	0.567577	0.567737	0.567897	0.568056	0.568216	0.568534	0.568852	0.569275	0.569697	0.569733	0.569769	0.569967	0.570165	0.570188	0.570211	0.569622	0.569033	0.568549	0.568065	0.567826	0.567588	0.567551	0.567514	0.567312	0.56711	0.567175	0.56724	0.567023	0.566805	0.566901	0.566997	0.566789	0.566581	0.566683	0.566786	0.566609	0.566431	0.566535	0.566639	0.566497	0.566355	0.566462	0.566569	0.566461	
0.56642	0.566318	0.56642	0.566522	0.566452	0.566382	0.566488	0.566595	0.566559	0.566522	0.566636	0.56675	0.566751	0.566751	0.566875	0.567	0.567037	0.567074	0.567213	0.567351	0.567428	0.567505	0.567665	0.567825	0.568003	0.568181	0.568556	0.568931	0.569428	0.569926	0.569924	0.569921	0.570286	0.57065	0.570519	0.570387	0.569751	0.569114	0.568586	0.568058	0.567802	0.567547	0.567487	0.567428	0.567244	0.56706	0.567106	0.567153	0.566953	0.566752	0.566836	0.56692	0.566726	0.566532	0.566627	0.566722	0.566556	0.56639	0.566489	0.566587	0.566454	0.566321	0.566421	0.566521	0.56642	
0.566378	0.566284	0.566376	0.566468	0.566404	0.566341	0.566433	0.566525	0.566496	0.566468	0.566565	0.566661	0.566672	0.566683	0.56679	0.566897	0.566947	0.566998	0.567125	0.567251	0.567342	0.567433	0.567593	0.567753	0.56795	0.568147	0.568578	0.56901	0.569582	0.570155	0.570114	0.570073	0.570604	0.571136	0.57085	0.570564	0.56988	0.569196	0.568624	0.568051	0.567778	0.567505	0.567423	0.567342	0.567175	0.567009	0.567038	0.567066	0.566883	0.566699	0.566771	0.566843	0.566663	0.566482	0.566571	0.566659	0.566504	0.566349	0.566442	0.566535	0.566411	0.566287	0.56638	0.566473	0.566378	
0.566312	0.566206	0.566306	0.566407	0.566329	0.56625	0.566349	0.566447	0.566403	0.566359	0.56646	0.566562	0.566561	0.56656	0.566674	0.566787	0.566836	0.566885	0.567024	0.567164	0.567265	0.567366	0.567556	0.567746	0.567972	0.568197	0.568604	0.56901	0.569408	0.569805	0.569871	0.569936	0.570412	0.570888	0.570821	0.570754	0.570031	0.569307	0.568686	0.568066	0.567743	0.567421	0.567363	0.567305	0.567098	0.566892	0.566952	0.567011	0.566793	0.566575	0.566677	0.566779	0.566575	0.56637	0.566484	0.566598	0.566427	0.566256	0.566368	0.56648	0.566343	0.566207	0.566313	0.566419	0.566312	
0.566246	0.566127	0.566237	0.566346	0.566253	0.56616	0.566265	0.56637	0.56631	0.566249	0.566356	0.566463	0.56645	0.566437	0.566557	0.566677	0.566724	0.566771	0.566924	0.567076	0.567188	0.567299	0.567519	0.567739	0.567993	0.568247	0.568629	0.569011	0.569233	0.569456	0.569627	0.569799	0.57022	0.570641	0.570793	0.570945	0.570182	0.569418	0.568749	0.568081	0.567708	0.567336	0.567302	0.567268	0.567022	0.566776	0.566866	0.566956	0.566704	0.566452	0.566584	0.566716	0.566487	0.566259	0.566398	0.566537	0.56635	0.566163	0.566294	0.566424	0.566276	0.566127	0.566246	0.566366	0.566246	
0.566192	0.566082	0.566179	0.566277	0.566192	0.566107	0.566196	0.566284	0.566233	0.566182	0.566271	0.566361	0.56636	0.566359	0.566467	0.566575	0.566639	0.566703	0.56685	0.566996	0.567124	0.567251	0.567462	0.567672	0.567916	0.56816	0.56843	0.568701	0.56876	0.568818	0.569273	0.569727	0.569971	0.570214	0.57027	0.570326	0.569611	0.568897	0.568364	0.567832	0.567538	0.567245	0.567206	0.567168	0.566956	0.566744	0.566803	0.566861	0.566627	0.566393	0.566505	0.566616	0.566404	0.566192	0.56632	0.566449	0.566277	0.566105	0.566229	0.566353	0.566216	0.56608	0.566191	0.566302	0.566192	
0.566137	0.566037	0.566122	0.566207	0.56613	0.566054	0.566126	0.566199	0.566156	0.566114	0.566187	0.566259	0.56627	0.566282	0.566377	0.566472	0.566553	0.566635	0.566775	0.566916	0.56706	0.567204	0.567404	0.567605	0.567839	0.568073	0.568231	0.56839	0.568286	0.568181	0.568919	0.569656	0.569722	0.569787	0.569747	0.569707	0.569041	0.568376	0.567979	0.567583	0.567368	0.567153	0.567111	0.567068	0.56689	0.566711	0.566739	0.566767	0.566551	0.566335	0.566425	0.566516	0.566321	0.566126	0.566243	0.56636	0.566204	0.566048	0.566164	0.566281	0.566157	0.566033	0.566135	0.566237	0.566137	
0.566057	0.565945	0.566039	0.566133	0.566041	0.56595	0.566028	0.566107	0.566049	0.565991	0.566071	0.566151	0.566152	0.566153	0.566263	0.566372	0.56646	0.566548	0.566718	0.566888	0.567054	0.567219	0.567467	0.567715	0.567792	0.567868	0.567675	0.567481	0.567325	0.567169	0.568	0.568831	0.569125	0.56942	0.568838	0.568257	0.567935	0.567613	0.567451	0.56729	0.567123	0.566956	0.567001	0.567046	0.566815	0.566584	0.566649	0.566714	0.566454	0.566195	0.566316	0.566437	0.566215	0.565992	0.566136	0.566281	0.566108	0.565934	0.566072	0.566209	0.566073	0.565937	0.566053	0.56617	0.566057	
0.565977	0.565852	0.565956	0.566059	0.565952	0.565846	0.565931	0.566016	0.565942	0.565867	0.565955	0.566042	0.566034	0.566025	0.566149	0.566273	0.566368	0.566462	0.566661	0.56686	0.567048	0.567235	0.567531	0.567826	0.567745	0.567663	0.567118	0.566572	0.566365	0.566157	0.567081	0.568005	0.568529	0.569054	0.56793	0.566806	0.566829	0.566851	0.566924	0.566996	0.566878	0.566759	0.566892	0.567024	0.566741	0.566457	0.566559	0.566661	0.566358	0.566056	0.566207	0.566358	0.566108	0.565858	0.56603	0.566201	0.566011	0.565821	0.56598	0.566138	0.565989	0.565841	0.565972	0.566103	0.565977	
0.565915	0.565801	0.565891	0.56598	0.565882	0.565784	0.565852	0.565919	0.565854	0.565788	0.565857	0.565926	0.565931	0.565936	0.566047	0.566158	0.566276	0.566393	0.56658	0.566766	0.566981	0.567196	0.567396	0.567596	0.567457	0.567318	0.566462	0.565605	0.565566	0.565526	0.566347	0.567169	0.567425	0.567681	0.566378	0.565075	0.565436	0.565796	0.566256	0.566717	0.566833	0.56695	0.566972	0.566993	0.56675	0.566506	0.56654	0.566573	0.566287	0.566001	0.566119	0.566237	0.566007	0.565778	0.565934	0.566091	0.565921	0.565751	0.565901	0.566051	0.565918	0.565785	0.565907	0.566028	0.565915	
0.565852	0.565749	0.565825	0.565902	0.565812	0.565723	0.565773	0.565822	0.565765	0.565709	0.56576	0.565811	0.565829	0.565847	0.565945	0.566042	0.566183	0.566324	0.566498	0.566672	0.566914	0.567156	0.567261	0.567366	0.567169	0.566972	0.565806	0.564639	0.564767	0.564896	0.565614	0.566332	0.56632	0.566308	0.564826	0.563344	0.564043	0.564742	0.565589	0.566437	0.566789	0.567141	0.567052	0.566963	0.566759	0.566555	0.56652	0.566485	0.566216	0.565947	0.566031	0.566115	0.565906	0.565697	0.565839	0.565981	0.565831	0.565681	0.565822	0.565964	0.565847	0.565729	0.565842	0.565954	0.565852	
0.565766	0.565652	0.565737	0.565822	0.565718	0.565614	0.565669	0.565723	0.56565	0.565576	0.565634	0.565691	0.565696	0.565701	0.565817	0.565933	0.566074	0.566214	0.566428	0.566642	0.5669	0.567159	0.567295	0.567431	0.567292	0.567154	0.565923	0.564691	0.564989	0.565288	0.566071	0.566855	0.566877	0.566899	0.565517	0.564136	0.564359	0.564583	0.565433	0.566284	0.56662	0.566956	0.566983	0.56701	0.566709	0.566408	0.566419	0.56643	0.566108	0.565787	0.565902	0.566018	0.565783	0.565548	0.565716	0.565883	0.565721	0.565558	0.56572	0.565881	0.565754	0.565627	0.565754	0.56588	0.565766	
0.565681	0.565556	0.565649	0.565742	0.565623	0.565504	0.565565	0.565625	0.565534	0.565443	0.565507	0.565572	0.565563	0.565554	0.565689	0.565824	0.565964	0.566104	0.566358	0.566612	0.566886	0.567161	0.567328	0.567495	0.567415	0.567335	0.56604	0.564744	0.565212	0.56568	0.566529	0.567377	0.567433	0.56749	0.566209	0.564928	0.564676	0.564424	0.565277	0.566131	0.566451	0.56677	0.566914	0.567058	0.56666	0.566262	0.566318	0.566374	0.566	0.565626	0.565773	0.56592	0.56566	0.565399	0.565593	0.565786	0.565611	0.565435	0.565617	0.565798	0.565662	0.565525	0.565665	0.565806	0.565681	
0.565618	0.565505	0.565584	0.565663	0.565551	0.56544	0.565481	0.565521	0.565437	0.565352	0.565394	0.565437	0.565437	0.565438	0.565556	0.565675	0.565831	0.565988	0.566239	0.56649	0.566774	0.567058	0.567238	0.567419	0.567307	0.567194	0.566103	0.565011	0.565828	0.566646	0.56825	0.569855	0.56923	0.568604	0.567185	0.565766	0.565246	0.564726	0.565344	0.565963	0.566432	0.5669	0.566982	0.567063	0.566676	0.56629	0.566281	0.566272	0.565912	0.565553	0.565664	0.565775	0.565541	0.565306	0.565483	0.56566	0.56551	0.56536	0.565532	0.565705	0.565587	0.565469	0.5656	0.565731	0.565618	
0.565555	0.565454	0.565518	0.565583	0.56548	0.565376	0.565397	0.565417	0.56534	0.565262	0.565281	0.565301	0.565311	0.565321	0.565423	0.565526	0.565698	0.565871	0.56612	0.566369	0.566661	0.566954	0.567148	0.567343	0.567198	0.567054	0.566166	0.565278	0.566445	0.567611	0.569972	0.572333	0.571026	0.569719	0.568161	0.566604	0.565816	0.565028	0.565411	0.565795	0.566412	0.56703	0.567049	0.567067	0.566693	0.566318	0.566244	0.56617	0.565824	0.565479	0.565555	0.56563	0.565422	0.565213	0.565373	0.565534	0.565409	0.565284	0.565448	0.565612	0.565512	0.565413	0.565534	0.565656	0.565555	
0.565476	0.565365	0.565437	0.565509	0.565391	0.565274	0.565298	0.565322	0.565224	0.565127	0.56515	0.565173	0.565161	0.565149	0.565266	0.565384	0.56554	0.565696	0.565989	0.566283	0.566581	0.566879	0.56713	0.567382	0.567331	0.567281	0.566094	0.564907	0.565727	0.566547	0.569121	0.571695	0.570288	0.568881	0.567894	0.566906	0.565828	0.56475	0.565506	0.566263	0.566572	0.566882	0.567026	0.56717	0.566672	0.566174	0.566138	0.566102	0.565708	0.565314	0.565412	0.565511	0.565287	0.565063	0.565245	0.565427	0.565296	0.565165	0.565347	0.565529	0.565423	0.565318	0.565452	0.565586	0.565476	
0.565397	0.565277	0.565356	0.565435	0.565303	0.565171	0.565198	0.565226	0.565109	0.564992	0.565018	0.565044	0.56501	0.564976	0.565109	0.565242	0.565381	0.56552	0.565859	0.566197	0.5665	0.566803	0.567112	0.56742	0.567464	0.567508	0.566022	0.564536	0.56501	0.565483	0.56827	0.571056	0.56955	0.568044	0.567626	0.567209	0.565841	0.564473	0.565601	0.56673	0.566733	0.566735	0.567004	0.567273	0.566651	0.566029	0.566032	0.566034	0.565591	0.565148	0.56527	0.565393	0.565153	0.564913	0.565117	0.56532	0.565183	0.565046	0.565246	0.565446	0.565335	0.565224	0.56537	0.565516	0.565397	
0.565345	0.565236	0.565301	0.565367	0.56524	0.565113	0.565119	0.565125	0.56501	0.564895	0.564894	0.564893	0.564861	0.56483	0.564937	0.565045	0.565192	0.565339	0.56568	0.566022	0.566326	0.566631	0.567001	0.56737	0.567333	0.567295	0.566278	0.565261	0.565954	0.566647	0.568276	0.569904	0.568218	0.566531	0.567299	0.568068	0.566696	0.565324	0.566173	0.567021	0.566941	0.566861	0.567025	0.567189	0.566602	0.566014	0.565941	0.565868	0.565451	0.565034	0.565128	0.565223	0.565015	0.564807	0.565	0.565193	0.565084	0.564975	0.565168	0.565362	0.56527	0.565178	0.565316	0.565454	0.565345	
0.565293	0.565195	0.565247	0.565299	0.565176	0.565054	0.56504	0.565025	0.564912	0.564799	0.56477	0.564741	0.564712	0.564683	0.564765	0.564848	0.565003	0.565158	0.565502	0.565846	0.566152	0.566458	0.566889	0.56732	0.567202	0.567083	0.566535	0.565987	0.566899	0.567811	0.568281	0.568751	0.566885	0.565018	0.566972	0.568927	0.567551	0.566176	0.566744	0.567312	0.567149	0.566987	0.567047	0.567106	0.566552	0.565998	0.56585	0.565702	0.565311	0.56492	0.564986	0.565053	0.564876	0.5647	0.564883	0.565067	0.564986	0.564904	0.565091	0.565278	0.565205	0.565133	0.565262	0.565391	0.565293	
0.565234	0.56513	0.565188	0.565245	0.565109	0.564974	0.564961	0.564948	0.564813	0.564679	0.564648	0.564617	0.564559	0.564502	0.564583	0.564665	0.5648	0.564935	0.565297	0.565659	0.565976	0.566293	0.566746	0.567198	0.567061	0.566924	0.56695	0.566976	0.567832	0.568689	0.568726	0.568764	0.566967	0.565169	0.566895	0.56862	0.567827	0.567033	0.567153	0.567273	0.56711	0.566948	0.566969	0.566989	0.566413	0.565836	0.565691	0.565547	0.565142	0.564736	0.564822	0.564908	0.564733	0.564557	0.564761	0.564964	0.564884	0.564805	0.565007	0.565209	0.565135	0.565061	0.5652	0.565339	0.565234	
0.565176	0.565065	0.565128	0.565191	0.565042	0.564894	0.564883	0.564871	0.564715	0.564559	0.564525	0.564492	0.564407	0.564321	0.564401	0.564481	0.564597	0.564713	0.565093	0.565472	0.5658	0.566129	0.566602	0.567076	0.566921	0.566765	0.567365	0.567966	0.568766	0.569566	0.569171	0.568777	0.567049	0.565321	0.566818	0.568314	0.568102	0.56789	0.567562	0.567234	0.567071	0.566908	0.56689	0.566872	0.566273	0.565673	0.565533	0.565392	0.564973	0.564553	0.564658	0.564764	0.564589	0.564415	0.564638	0.564861	0.564783	0.564706	0.564923	0.56514	0.565064	0.564989	0.565138	0.565286	0.565176	
0.565147	0.565045	0.565096	0.565147	0.565	0.564852	0.564821	0.56479	0.564629	0.564469	0.564404	0.56434	0.56425	0.564161	0.564201	0.56424	0.564372	0.564504	0.564857	0.565211	0.565607	0.566002	0.566448	0.566895	0.566783	0.566673	0.567148	0.567623	0.56852	0.569416	0.56945	0.569484	0.56819	0.566896	0.567758	0.56862	0.5684	0.56818	0.567854	0.567527	0.567191	0.566855	0.566767	0.566679	0.566078	0.565477	0.565312	0.565147	0.56476	0.564373	0.564476	0.564579	0.564443	0.564306	0.564529	0.564753	0.564704	0.564655	0.564869	0.565082	0.565024	0.564966	0.565108	0.56525	0.565147	
0.565119	0.565024	0.565064	0.565103	0.564957	0.56481	0.564759	0.564708	0.564543	0.564378	0.564283	0.564188	0.564094	0.564	0.564	0.563999	0.564147	0.564294	0.564622	0.564951	0.565413	0.565876	0.566294	0.566713	0.566646	0.56658	0.56693	0.56728	0.568273	0.569267	0.569729	0.570191	0.569331	0.568471	0.568698	0.568925	0.568698	0.56847	0.568145	0.56782	0.56731	0.566801	0.566643	0.566485	0.565883	0.565281	0.565091	0.564902	0.564548	0.564194	0.564294	0.564395	0.564296	0.564197	0.564421	0.564645	0.564624	0.564604	0.564814	0.565024	0.564984	0.564943	0.565078	0.565213	0.565119	
0.565093	0.564996	0.565038	0.565081	0.564925	0.564769	0.564718	0.564667	0.564481	0.564295	0.564194	0.564093	0.563965	0.563836	0.563826	0.563816	0.563933	0.56405	0.564388	0.564725	0.565225	0.565725	0.566193	0.56666	0.566581	0.566502	0.566488	0.566475	0.567555	0.568635	0.569428	0.570221	0.569224	0.568227	0.568274	0.568321	0.568195	0.568069	0.567878	0.567687	0.567113	0.566539	0.566373	0.566206	0.565602	0.564999	0.564824	0.564649	0.56432	0.563991	0.564117	0.564243	0.564163	0.564082	0.564324	0.564567	0.564555	0.564543	0.564764	0.564985	0.564947	0.564908	0.565049	0.56519	0.565093	
0.565067	0.564967	0.565013	0.565059	0.564893	0.564727	0.564677	0.564627	0.564419	0.564212	0.564105	0.563999	0.563835	0.563672	0.563652	0.563632	0.563719	0.563807	0.564153	0.564499	0.565036	0.565574	0.566091	0.566607	0.566515	0.566423	0.566046	0.565669	0.566836	0.568003	0.569127	0.570252	0.569117	0.567983	0.56785	0.567717	0.567693	0.567668	0.567612	0.567555	0.566916	0.566278	0.566102	0.565927	0.565322	0.564717	0.564557	0.564397	0.564093	0.563788	0.56394	0.564091	0.564029	0.563967	0.564228	0.564489	0.564486	0.564482	0.564714	0.564946	0.564909	0.564873	0.56502	0.565167	0.565067	
0.565071	0.564976	0.565013	0.565051	0.564883	0.564715	0.564649	0.564582	0.564366	0.564149	0.564013	0.563877	0.563698	0.563519	0.563452	0.563384	0.563471	0.563557	0.563868	0.564179	0.564826	0.565473	0.566015	0.566556	0.56656	0.566563	0.565951	0.56534	0.566641	0.567943	0.568779	0.569615	0.568349	0.567082	0.566933	0.566784	0.566572	0.56636	0.566678	0.566995	0.566504	0.566013	0.565787	0.565561	0.564977	0.564392	0.564242	0.564092	0.563841	0.563591	0.56376	0.56393	0.56391	0.56389	0.564158	0.564426	0.564448	0.56447	0.5647	0.56493	0.564907	0.564884	0.565025	0.565167	0.565071	
0.565076	0.564985	0.565013	0.565042	0.564872	0.564703	0.56462	0.564538	0.564312	0.564087	0.563921	0.563755	0.563561	0.563367	0.563252	0.563137	0.563222	0.563308	0.563583	0.563859	0.564615	0.565371	0.565938	0.566505	0.566604	0.566702	0.565856	0.56501	0.566446	0.567883	0.568431	0.568979	0.56758	0.56618	0.566015	0.565851	0.565451	0.565052	0.565744	0.566435	0.566092	0.565748	0.565471	0.565195	0.564631	0.564067	0.563927	0.563788	0.56359	0.563393	0.563581	0.563769	0.563791	0.563813	0.564087	0.564362	0.56441	0.564458	0.564686	0.564914	0.564904	0.564894	0.56503	0.565167	0.565076	
0.56509	0.564999	0.565029	0.56506	0.564886	0.564711	0.564629	0.564547	0.564305	0.564063	0.563889	0.563715	0.563483	0.56325	0.563112	0.562973	0.563002	0.56303	0.563299	0.563568	0.56435	0.565133	0.565752	0.566371	0.566418	0.566466	0.565728	0.56499	0.566356	0.567721	0.56803	0.568338	0.567052	0.565766	0.565401	0.565036	0.564684	0.564331	0.565105	0.56588	0.565696	0.565513	0.565159	0.564806	0.564263	0.563721	0.563619	0.563518	0.563371	0.563224	0.563444	0.563664	0.563711	0.563758	0.564048	0.564338	0.564395	0.564452	0.564685	0.564919	0.564911	0.564904	0.565042	0.565181	0.56509	
0.565104	0.565012	0.565045	0.565078	0.564899	0.564719	0.564637	0.564556	0.564297	0.564039	0.563856	0.563674	0.563404	0.563134	0.562972	0.56281	0.562781	0.562752	0.563014	0.563277	0.564086	0.564894	0.565565	0.566236	0.566233	0.566229	0.565599	0.56497	0.566265	0.56756	0.567628	0.567696	0.566524	0.565351	0.564787	0.564222	0.563916	0.563609	0.564467	0.565324	0.565301	0.565279	0.564848	0.564417	0.563895	0.563374	0.563311	0.563248	0.563151	0.563054	0.563306	0.563559	0.563631	0.563704	0.564009	0.564314	0.56438	0.564446	0.564685	0.564923	0.564918	0.564913	0.565054	0.565195	0.565104	
0.565144	0.565054	0.565082	0.56511	0.564928	0.564746	0.564656	0.564566	0.564297	0.564029	0.563826	0.563624	0.563329	0.563034	0.562828	0.562622	0.562555	0.562488	0.562685	0.562883	0.563727	0.56457	0.565212	0.565853	0.566048	0.566242	0.56574	0.565238	0.566071	0.566903	0.566739	0.566575	0.565803	0.565031	0.564559	0.564086	0.563872	0.563657	0.564501	0.565346	0.565183	0.565021	0.564507	0.563994	0.563506	0.563019	0.563001	0.562983	0.56295	0.562918	0.563198	0.563479	0.563588	0.563697	0.564009	0.564321	0.564403	0.564486	0.564722	0.564957	0.564959	0.564961	0.565097	0.565234	0.565144	
0.565184	0.565096	0.565119	0.565142	0.564958	0.564774	0.564675	0.564576	0.564298	0.564019	0.563796	0.563574	0.563254	0.562935	0.562685	0.562435	0.562329	0.562224	0.562356	0.562489	0.563368	0.564246	0.564858	0.56547	0.565863	0.566256	0.565881	0.565507	0.565876	0.566245	0.56585	0.565454	0.565082	0.564711	0.564331	0.563951	0.563827	0.563704	0.564536	0.565369	0.565066	0.564762	0.564167	0.563571	0.563117	0.562663	0.56269	0.562717	0.562749	0.562781	0.56309	0.563399	0.563545	0.563691	0.564009	0.564327	0.564427	0.564526	0.564759	0.564992	0.565	0.565008	0.56514	0.565272	0.565184	
0.565236	0.56515	0.565175	0.5652	0.565017	0.564834	0.564738	0.564642	0.564358	0.564074	0.563845	0.563616	0.563266	0.562916	0.562631	0.562347	0.562161	0.561975	0.562033	0.562091	0.562865	0.563638	0.564296	0.564955	0.565467	0.565979	0.56565	0.565321	0.565309	0.565297	0.564977	0.564657	0.564681	0.564705	0.564786	0.564867	0.564559	0.564251	0.564782	0.565312	0.564835	0.564359	0.563725	0.563091	0.562716	0.562341	0.562438	0.562536	0.562626	0.562717	0.563057	0.563398	0.563563	0.563728	0.564052	0.564377	0.564479	0.564581	0.564813	0.565044	0.565052	0.56506	0.565192	0.565323	0.565236	
0.565288	0.565204	0.565231	0.565258	0.565077	0.564895	0.564802	0.564709	0.564418	0.564128	0.563893	0.563659	0.563277	0.562896	0.562578	0.562259	0.561993	0.561726	0.56171	0.561694	0.562361	0.563029	0.563734	0.56444	0.565071	0.565702	0.565419	0.565136	0.564742	0.564348	0.564104	0.56386	0.56428	0.5647	0.565241	0.565782	0.56529	0.564798	0.565027	0.565255	0.564605	0.563955	0.563283	0.562611	0.562315	0.562019	0.562187	0.562354	0.562503	0.562653	0.563025	0.563397	0.563581	0.563765	0.564095	0.564426	0.564531	0.564636	0.564866	0.565096	0.565105	0.565113	0.565243	0.565373	0.565288	
0.565358	0.565273	0.565299	0.565326	0.565144	0.564963	0.564871	0.564779	0.564484	0.564189	0.56395	0.563711	0.563308	0.562905	0.562559	0.562213	0.561882	0.561552	0.561453	0.561354	0.561889	0.562424	0.563084	0.563744	0.564482	0.56522	0.564953	0.564686	0.563697	0.562708	0.562893	0.563079	0.563331	0.563583	0.564571	0.565559	0.565305	0.56505	0.564943	0.564836	0.564081	0.563325	0.562716	0.562107	0.561926	0.561744	0.561987	0.56223	0.562439	0.562648	0.563044	0.56344	0.563644	0.563848	0.564178	0.564509	0.564617	0.564726	0.564951	0.565175	0.565183	0.56519	0.565317	0.565443	0.565358	
