y	b	Ri	bdiff	u.x	u.y	u.z	
0	0	14360.2	-0.000190651	0.00244048	0	0.000182615
12.5	0.221815	19767.4	1.83381e-05	0.000608671	-0.000276091	-0.000249167
25	0.41735	18895.7	0.000903781	-0.00541304	-0.000202266	-0.000195409
34.4491	0.567584	13378.8	0.00258118	-0.0162955	-0.00300541	-0.000584969
42.3548	0.701622	7866.26	0.00401264	0.0303574	0.0063766	-0.00519079
47.5748	0.774651	7235.76	0.0027935	0.315461	0.00289466	-0.00527183
50.1431	0.767815	9167.14	0.000184936	0.386822	-0.000514888	-0.000263261
52.1981	0.819418	7815	-0.00147834	0.303859	-0.00281079	0.00754858
54.4314	0.847818	9165.16	-0.00401473	0.14475	-0.00386372	0.000170762
57.8493	0.927614	8359.09	-0.00417925	0.0190392	-0.00474438	0.00556094
63.5016	1.07571	6007.94	-0.00330963	-0.0185381	-0.000899962	-0.000635232
71.5598	1.19059	19709.4	-0.00129726	-0.00410181	0.00255451	-0.00329545
79.6181	1.45353	28601.7	-0.000454213	-0.000549217	-0.00452902	-0.000863389
92.1181	1.71311	23371.9	-0.000199036	0.000594432	0.00462789	0.000362546
