y	b	Ri	bdiff	u.x	u.y	u.z	
0	0	44714.2	-6.06088e-05	0.00225067	0	0.000163756
12.5	0.234622	46692.7	0.00020683	0.000618651	0.000438943	0.000340835
25	0.442595	33442.4	0.00194588	-0.0138728	6.58263e-05	0.00350291
34.513	0.642012	17718.4	0.00553162	-0.0397969	-0.000532714	0.000204205
42.4939	0.727022	17959.8	0.00758405	0.120958	0.00674552	0.00551889
47.0394	0.73064	15588.7	0.00489266	0.464645	0.000297647	-0.00147199
49.4156	0.687115	16920.4	0.000458532	0.541143	0.000856512	0.00569016
51.4654	0.858279	14085	-0.00189402	0.438479	-0.00288901	0.0122725
53.6032	0.877787	12285.4	-0.00621163	0.323262	-0.00222955	0.00894059
57.0332	0.942105	8414.4	-0.00922484	0.0924529	-0.00600193	0.0075674
61.7737	1.09554	15947.5	-0.00679585	-0.0390922	0.000662374	0.00650981
67.1037	1.30001	18720.8	-0.00464087	-0.0329847	0.0023696	-0.00211066
75.0094	1.49422	36183.1	-0.0023531	-0.0135993	-0.000328629	-0.0027928
87.5094	1.7457	59764.7	-0.000281187	0.00165004	-0.00021237	-0.000379728
