y	b	Ri	bdiff	u.x	u.y	u.z	
0	0	121487	0.000163243	-0.00118288	0	0.000462921
12.5	0.247497	97619.4	0.000405887	-0.000456976	-2.24744e-05	4.99969e-05
25	0.411375	9873.33	0.00011255	-0.0034282	-0.000187589	0.000718958
34.6449	0.634151	27899.2	0.00155337	-0.00175657	-0.00143291	0.000884
42.7827	0.726805	2938.77	0.00204947	0.0163335	0.00206476	0.000899932
48.2545	0.811243	2626.48	0.000730395	0.160765	0.000202277	-0.00179639
51.0841	0.678065	3068.36	-0.000392424	0.19803	-0.00106205	0.00604502
53.423	0.766902	3715.29	-0.00204321	0.120503	-0.00171781	0.00769859
56.6044	0.951198	3305.38	-0.0021647	0.0315587	-0.00192678	0.00208304
61.3935	0.962981	5759.59	-0.00117477	-0.0168172	-0.00102659	0.00242638
67.0731	1.07618	7579.35	-0.00111877	-0.00123494	0.000906948	0.000917579
75.211	1.37336	7675.68	-0.00076097	-0.00105442	0.000174453	-0.000259726
87.711	1.5126	62832	-0.00048091	-0.000473214	-0.000623013	0.00018436
