x=110	y=200	z=200	n=65	len=1
b
0	0	0	0	0	0	0	0	0	0	0	0	0	0	0	0	0	0	0	0	0	0	0	0	0	0	0	0	0	0	0	0	0	0	0	0	0	0	0	0	0	0	0	0	0	0	0	0	0	0	0	0	0	0	0	0	0	0	0	0	0	0	0	0	0	
0.0232039	0.0232036	0.0232177	0.0232317	0.0232611	0.0232905	0.0233277	0.023365	0.0234343	0.0235037	0.0235659	0.0236281	0.0237046	0.0237812	0.0238294	0.0238776	0.023859	0.0238404	0.0238198	0.0237992	0.0236487	0.0234982	0.0234523	0.0234065	0.0233242	0.0232418	0.0232597	0.0232777	0.023365	0.0234524	0.0234161	0.0233799	0.02344	0.0235002	0.0235102	0.0235201	0.0234265	0.0233329	0.0233443	0.0233557	0.0233191	0.0232824	0.0233995	0.0235166	0.0236	0.0236833	0.0237346	0.0237859	0.0237957	0.0238054	0.0237541	0.0237028	0.0236391	0.0235755	0.0235096	0.0234437	0.0233851	0.0233265	0.0232947	0.0232629	0.0232366	0.0232103	0.0232073	0.0232042	0.0232039	
0.0464668	0.046466	0.0464899	0.0465137	0.046562	0.0466103	0.0466743	0.0467384	0.0468581	0.0469778	0.0470895	0.0472012	0.0473428	0.0474843	0.0475798	0.0476753	0.0476583	0.0476413	0.0476166	0.047592	0.0473221	0.0470521	0.0469682	0.0468842	0.0467019	0.0465195	0.0465516	0.0465837	0.0467314	0.046879	0.0468102	0.0467414	0.0468672	0.046993	0.0470084	0.0470237	0.0468307	0.0466377	0.0466852	0.0467328	0.046688	0.0466433	0.0468624	0.0470815	0.0472323	0.0473831	0.0474585	0.047534	0.0475379	0.0475418	0.0474406	0.0473393	0.047221	0.0471028	0.0469866	0.0468704	0.0467689	0.0466673	0.0466148	0.0465622	0.0465185	0.0464748	0.0464712	0.0464676	0.0464668	
0.0697297	0.0697284	0.0697621	0.0697958	0.069863	0.0699302	0.0700209	0.0701117	0.0702818	0.0704519	0.0706132	0.0707744	0.0709809	0.0711873	0.0713301	0.0714729	0.0714575	0.0714421	0.0714135	0.0713848	0.0709955	0.0706061	0.070484	0.0703619	0.0700796	0.0697972	0.0698435	0.0698898	0.0700977	0.0703056	0.0702043	0.070103	0.0702944	0.0704858	0.0705065	0.0705273	0.0702349	0.0699425	0.0700261	0.0701098	0.070057	0.0700042	0.0703253	0.0706463	0.0708646	0.0710828	0.0711824	0.071282	0.0712801	0.0712782	0.071127	0.0709758	0.0708029	0.07063	0.0704635	0.070297	0.0701526	0.0700082	0.0699349	0.0698615	0.0698004	0.0697393	0.0697351	0.069731	0.0697297	
0.0931538	0.0931513	0.093185	0.0932187	0.0932795	0.0933402	0.0934319	0.0935235	0.0936961	0.0938686	0.0940456	0.0942226	0.0944579	0.0946932	0.0948757	0.0950582	0.0950839	0.0951097	0.0951192	0.0951288	0.094708	0.0942873	0.0941583	0.0940292	0.0936195	0.0932097	0.0932645	0.0933193	0.0935	0.0936807	0.0935873	0.0934938	0.0937358	0.0939779	0.0939834	0.0939889	0.093617	0.0932451	0.093414	0.0935829	0.0935874	0.0935919	0.0939497	0.0943075	0.094543	0.0947785	0.0948382	0.094898	0.0948589	0.0948197	0.0946316	0.0944434	0.0942451	0.0940468	0.0938716	0.0936964	0.0935496	0.0934029	0.0933355	0.0932681	0.0932112	0.0931543	0.0931553	0.0931564	0.0931538	
0.116578	0.116574	0.116608	0.116642	0.116696	0.11675	0.116843	0.116935	0.11711	0.117285	0.117478	0.117671	0.117935	0.118199	0.118421	0.118643	0.11871	0.118777	0.118825	0.118873	0.118421	0.117968	0.117833	0.117697	0.117159	0.116622	0.116685	0.116749	0.116902	0.117056	0.11697	0.116885	0.117177	0.11747	0.11746	0.11745	0.116999	0.116548	0.116802	0.117056	0.117118	0.11718	0.117574	0.117969	0.118221	0.118474	0.118494	0.118514	0.118438	0.118361	0.118136	0.117911	0.117687	0.117464	0.11728	0.117096	0.116947	0.116798	0.116736	0.116675	0.116622	0.116569	0.116575	0.116582	0.116578	
0.140213	0.140208	0.140231	0.140255	0.140281	0.140307	0.140374	0.140441	0.140566	0.140692	0.140856	0.141021	0.141254	0.141487	0.141718	0.141949	0.142068	0.142187	0.142303	0.14242	0.142061	0.141702	0.141611	0.141521	0.140903	0.140285	0.140338	0.140392	0.140392	0.140392	0.140406	0.14042	0.140677	0.140934	0.140927	0.14092	0.140456	0.139993	0.140355	0.140717	0.140861	0.141006	0.141324	0.141641	0.141831	0.14202	0.141959	0.141897	0.141775	0.141653	0.141432	0.14121	0.141011	0.140813	0.140669	0.140525	0.140419	0.140313	0.14028	0.140246	0.140219	0.140191	0.140204	0.140217	0.140213	
0.163848	0.163842	0.163855	0.163868	0.163866	0.163864	0.163905	0.163946	0.164022	0.164098	0.164235	0.164371	0.164573	0.164775	0.165015	0.165255	0.165426	0.165597	0.165782	0.165967	0.165701	0.165435	0.16539	0.165346	0.164646	0.163947	0.163991	0.164035	0.163882	0.163728	0.163841	0.163955	0.164177	0.164398	0.164393	0.164389	0.163913	0.163438	0.163907	0.164377	0.164605	0.164833	0.165073	0.165314	0.16544	0.165567	0.165423	0.165279	0.165112	0.164945	0.164727	0.164509	0.164335	0.164162	0.164058	0.163954	0.163891	0.163828	0.163823	0.163817	0.163815	0.163813	0.163833	0.163853	0.163848	
0.187655	0.187651	0.187651	0.187652	0.187621	0.187589	0.187598	0.187607	0.187609	0.187612	0.18769	0.187768	0.187877	0.187985	0.188181	0.188376	0.188543	0.188709	0.188945	0.189181	0.189083	0.188984	0.189049	0.189113	0.188491	0.187869	0.187894	0.187918	0.187544	0.18717	0.187418	0.187666	0.187711	0.187756	0.18785	0.187944	0.187609	0.187274	0.187724	0.188174	0.188421	0.188668	0.188723	0.188778	0.188792	0.188805	0.188613	0.18842	0.188254	0.188088	0.187939	0.18779	0.187691	0.187593	0.187558	0.187524	0.187524	0.187524	0.187546	0.187568	0.187593	0.187619	0.18764	0.18766	0.187655	
0.211463	0.211459	0.211448	0.211436	0.211375	0.211314	0.211291	0.211267	0.211197	0.211126	0.211146	0.211166	0.211181	0.211196	0.211346	0.211497	0.211659	0.211822	0.212109	0.212396	0.212465	0.212534	0.212707	0.21288	0.212336	0.211792	0.211796	0.211801	0.211207	0.210613	0.210995	0.211376	0.211245	0.211114	0.211306	0.211498	0.211304	0.211109	0.21154	0.211971	0.212237	0.212504	0.212373	0.212242	0.212143	0.212044	0.211802	0.21156	0.211395	0.211231	0.21115	0.21107	0.211047	0.211025	0.211059	0.211094	0.211156	0.211219	0.211268	0.211318	0.211372	0.211425	0.211446	0.211467	0.211463	
0.235306	0.235308	0.235292	0.235277	0.235213	0.235149	0.235116	0.235083	0.234968	0.234854	0.234825	0.234797	0.234703	0.234608	0.234672	0.234736	0.234792	0.234848	0.235102	0.235356	0.235515	0.235673	0.235958	0.236243	0.235951	0.235659	0.235678	0.235698	0.23503	0.234363	0.234773	0.235182	0.23482	0.234459	0.234802	0.235145	0.235181	0.235218	0.235405	0.235592	0.235761	0.23593	0.23566	0.23539	0.235227	0.235065	0.23489	0.234715	0.234628	0.234541	0.234568	0.234595	0.234657	0.23472	0.2348	0.23488	0.234978	0.235077	0.235122	0.235168	0.235229	0.235291	0.235298	0.235305	0.235306	
0.25915	0.259156	0.259137	0.259117	0.25905	0.258984	0.258941	0.258899	0.25874	0.258581	0.258505	0.258429	0.258225	0.258021	0.257998	0.257975	0.257925	0.257875	0.258095	0.258316	0.258564	0.258813	0.25921	0.259606	0.259567	0.259527	0.25956	0.259594	0.258854	0.258114	0.25855	0.258987	0.258396	0.257804	0.258297	0.258791	0.259059	0.259326	0.25927	0.259214	0.259285	0.259356	0.258947	0.258537	0.258311	0.258085	0.257978	0.257871	0.257861	0.257851	0.257985	0.25812	0.258267	0.258414	0.25854	0.258665	0.2588	0.258936	0.258976	0.259017	0.259087	0.259156	0.25915	0.259144	0.25915	
0.282867	0.282883	0.28287	0.282858	0.282827	0.282796	0.282778	0.28276	0.282629	0.282497	0.282427	0.282356	0.282112	0.281869	0.281781	0.281693	0.281501	0.281309	0.2814	0.281491	0.281627	0.281762	0.282151	0.28254	0.282724	0.282907	0.283095	0.283284	0.282608	0.281933	0.282163	0.282392	0.281875	0.281357	0.28188	0.282403	0.282825	0.283247	0.282855	0.282464	0.282421	0.282378	0.282039	0.2817	0.281543	0.281386	0.281436	0.281487	0.281577	0.281667	0.281858	0.282048	0.282221	0.282394	0.282493	0.282592	0.282705	0.282819	0.282816	0.282812	0.282862	0.282911	0.282881	0.282852	0.282867	
0.306585	0.306609	0.306604	0.306599	0.306603	0.306608	0.306615	0.306621	0.306518	0.306414	0.306348	0.306283	0.306	0.305717	0.305564	0.305411	0.305077	0.304744	0.304705	0.304667	0.304689	0.304711	0.305093	0.305474	0.305881	0.306288	0.306631	0.306973	0.306363	0.305753	0.305775	0.305797	0.305353	0.30491	0.305462	0.306014	0.306591	0.307167	0.306441	0.305714	0.305557	0.3054	0.305131	0.304862	0.304775	0.304687	0.304895	0.305104	0.305293	0.305483	0.30573	0.305976	0.306175	0.306374	0.306446	0.306518	0.30661	0.306702	0.306655	0.306608	0.306636	0.306665	0.306613	0.306561	0.306585	
0.33012	0.330155	0.330158	0.330161	0.330214	0.330268	0.330309	0.330349	0.330331	0.330312	0.330303	0.330294	0.330091	0.329888	0.329765	0.329643	0.329282	0.328921	0.328794	0.328667	0.328477	0.328286	0.328487	0.328688	0.329016	0.329344	0.32986	0.330376	0.329975	0.329573	0.329308	0.329044	0.328902	0.328759	0.32914	0.32952	0.330017	0.330515	0.329826	0.329137	0.328971	0.328804	0.328766	0.328727	0.328766	0.328805	0.329076	0.329347	0.32955	0.329752	0.329928	0.330103	0.330237	0.330371	0.33036	0.330349	0.330378	0.330406	0.330312	0.330218	0.330219	0.33022	0.330153	0.330085	0.33012	
0.353655	0.3537	0.353711	0.353722	0.353826	0.353929	0.354003	0.354077	0.354144	0.35421	0.354257	0.354304	0.354181	0.354059	0.353967	0.353875	0.353487	0.353099	0.352883	0.352668	0.352264	0.35186	0.351881	0.351901	0.352151	0.352401	0.35309	0.35378	0.353586	0.353392	0.352842	0.352292	0.35245	0.352609	0.352817	0.353026	0.353444	0.353862	0.353211	0.352561	0.352384	0.352208	0.3524	0.352592	0.352757	0.352922	0.353256	0.353591	0.353806	0.354021	0.354126	0.354231	0.354299	0.354367	0.354274	0.354181	0.354146	0.35411	0.353969	0.353828	0.353802	0.353776	0.353692	0.353609	0.353655	
0.377149	0.377201	0.377208	0.377214	0.377336	0.377458	0.377531	0.377605	0.37773	0.377855	0.377941	0.378026	0.378034	0.378041	0.378043	0.378046	0.377811	0.377576	0.377428	0.37728	0.376867	0.376453	0.376313	0.376173	0.376147	0.37612	0.376521	0.376922	0.377228	0.377534	0.377083	0.376632	0.376658	0.376685	0.376908	0.377132	0.377166	0.377199	0.376927	0.376654	0.37659	0.376527	0.376819	0.377111	0.377282	0.377453	0.377661	0.377869	0.377976	0.378082	0.378064	0.378045	0.378022	0.377999	0.377862	0.377725	0.377654	0.377583	0.377445	0.377307	0.377278	0.377249	0.377172	0.377096	0.377149	
0.400643	0.400702	0.400704	0.400705	0.400846	0.400987	0.401059	0.401132	0.401316	0.4015	0.401625	0.401749	0.401886	0.402023	0.40212	0.402216	0.402135	0.402053	0.401973	0.401893	0.401469	0.401046	0.400746	0.400446	0.400143	0.39984	0.399952	0.400065	0.40087	0.401676	0.401324	0.400973	0.400867	0.400761	0.400999	0.401238	0.400887	0.400536	0.400642	0.400748	0.400796	0.400845	0.401237	0.40163	0.401807	0.401984	0.402066	0.402147	0.402146	0.402144	0.402002	0.40186	0.401745	0.40163	0.401449	0.401269	0.401163	0.401056	0.400921	0.400786	0.400754	0.400722	0.400652	0.400583	0.400643	
0.424334	0.424393	0.424377	0.424361	0.424477	0.424593	0.42462	0.424648	0.424807	0.424967	0.425051	0.425136	0.425303	0.425471	0.425593	0.425714	0.425783	0.425851	0.425908	0.425964	0.425746	0.425528	0.425399	0.425271	0.42479	0.424309	0.424311	0.424314	0.424846	0.425378	0.425369	0.425359	0.425309	0.42526	0.425343	0.425427	0.425079	0.424731	0.424836	0.42494	0.425134	0.425328	0.425504	0.42568	0.425743	0.425806	0.425731	0.425657	0.425575	0.425494	0.425332	0.425169	0.425056	0.424942	0.424813	0.424683	0.424612	0.424542	0.424461	0.424379	0.424374	0.424369	0.424322	0.424274	0.424334	
0.448025	0.448084	0.448051	0.448018	0.448109	0.448199	0.448181	0.448164	0.448298	0.448433	0.448478	0.448522	0.448721	0.448919	0.449065	0.449212	0.44943	0.449649	0.449843	0.450036	0.450023	0.450011	0.450053	0.450096	0.449436	0.448777	0.44867	0.448563	0.448822	0.449081	0.449413	0.449745	0.449752	0.449758	0.449687	0.449615	0.44927	0.448925	0.449029	0.449133	0.449472	0.449811	0.449771	0.449731	0.449679	0.449628	0.449397	0.449166	0.449005	0.448844	0.448661	0.448478	0.448367	0.448255	0.448176	0.448097	0.448062	0.448027	0.448	0.447972	0.447994	0.448016	0.447991	0.447966	0.448025	
0.47198	0.472029	0.471987	0.471946	0.471994	0.472042	0.471988	0.471934	0.471997	0.47206	0.472036	0.472011	0.472126	0.47224	0.472298	0.472357	0.472538	0.472719	0.472871	0.473024	0.473134	0.473244	0.473398	0.473552	0.47317	0.472788	0.472758	0.472727	0.472567	0.472408	0.472794	0.47318	0.473609	0.474039	0.473449	0.472859	0.472771	0.472682	0.47271	0.472738	0.472912	0.473086	0.472924	0.472761	0.472674	0.472587	0.472401	0.472216	0.472115	0.472015	0.471932	0.47185	0.471817	0.471783	0.471784	0.471784	0.471805	0.471826	0.471843	0.471861	0.471904	0.471948	0.47194	0.471932	0.47198	
0.495936	0.495973	0.495923	0.495873	0.495879	0.495885	0.495795	0.495705	0.495696	0.495688	0.495594	0.4955	0.495531	0.495562	0.495532	0.495501	0.495645	0.495788	0.4959	0.496012	0.496245	0.496477	0.496743	0.497008	0.496904	0.496799	0.496845	0.49689	0.496313	0.495735	0.496175	0.496615	0.497467	0.498319	0.497211	0.496103	0.496271	0.496439	0.49639	0.496342	0.496352	0.496362	0.496077	0.495791	0.495669	0.495546	0.495406	0.495266	0.495226	0.495185	0.495203	0.495221	0.495267	0.495312	0.495392	0.495472	0.495548	0.495624	0.495687	0.49575	0.495815	0.49588	0.495889	0.495899	0.495936	
0.51985	0.51987	0.519835	0.5198	0.519782	0.519764	0.519694	0.519623	0.519576	0.519529	0.519441	0.519352	0.519313	0.519273	0.519205	0.519137	0.519172	0.519207	0.519211	0.519215	0.519375	0.519535	0.51962	0.519705	0.519853	0.520001	0.520016	0.52003	0.519188	0.518345	0.517797	0.517248	0.517959	0.518671	0.518466	0.518261	0.519055	0.51985	0.519769	0.519687	0.519548	0.519409	0.519248	0.519087	0.519035	0.518983	0.518943	0.518902	0.518938	0.518975	0.519037	0.519099	0.519179	0.519259	0.519343	0.519427	0.519508	0.519588	0.519644	0.519699	0.519754	0.519809	0.519819	0.519829	0.51985	
0.543764	0.543768	0.543747	0.543726	0.543684	0.543643	0.543592	0.543541	0.543456	0.54337	0.543287	0.543205	0.543095	0.542985	0.542879	0.542773	0.542699	0.542626	0.542521	0.542417	0.542505	0.542592	0.542497	0.542401	0.542802	0.543203	0.543186	0.54317	0.542063	0.540955	0.539418	0.537881	0.538452	0.539023	0.539721	0.540419	0.54184	0.543261	0.543147	0.543032	0.542745	0.542457	0.542419	0.542382	0.542401	0.542421	0.542479	0.542538	0.542651	0.542764	0.54287	0.542976	0.543091	0.543206	0.543294	0.543382	0.543467	0.543552	0.5436	0.543649	0.543693	0.543738	0.543749	0.54376	0.543764	
0.567204	0.567194	0.567194	0.567195	0.567152	0.567108	0.567102	0.567095	0.567016	0.566938	0.566919	0.566901	0.56679	0.566679	0.566647	0.566615	0.566498	0.566382	0.56634	0.566297	0.566243	0.566189	0.566148	0.566108	0.566168	0.566228	0.566323	0.566418	0.566289	0.566161	0.565257	0.564353	0.564057	0.56376	0.56449	0.565219	0.56573	0.56624	0.566324	0.566407	0.566344	0.566281	0.566278	0.566274	0.566348	0.566422	0.566459	0.566497	0.566595	0.566692	0.566746	0.5668	0.566875	0.566949	0.566989	0.56703	0.567075	0.56712	0.567141	0.567163	0.567181	0.567199	0.567206	0.567214	0.567204	
0.590643	0.590619	0.590641	0.590663	0.590619	0.590574	0.590611	0.590649	0.590577	0.590505	0.590551	0.590597	0.590486	0.590374	0.590415	0.590456	0.590297	0.590138	0.590158	0.590178	0.589982	0.589785	0.5898	0.589814	0.589533	0.589252	0.589459	0.589666	0.590516	0.591421	0.591002	0.590496	0.589962	0.588709	0.588345	0.589944	0.590482	0.589219	0.5895	0.589781	0.589943	0.590106	0.590136	0.590166	0.590294	0.590423	0.59044	0.590456	0.590538	0.59062	0.590622	0.590625	0.590659	0.590693	0.590685	0.590677	0.590683	0.590689	0.590683	0.590676	0.590668	0.590659	0.590663	0.590667	0.590643	
0.613524	0.613498	0.613521	0.613544	0.613504	0.613464	0.613504	0.613545	0.613485	0.613425	0.613487	0.613549	0.613461	0.613372	0.613455	0.613539	0.613403	0.613266	0.613367	0.613468	0.613243	0.613017	0.613164	0.613311	0.612907	0.612502	0.612766	0.613029	0.613271	0.615183	0.615636	0.61514	0.614494	0.613186	0.61249	0.613514	0.613324	0.612726	0.61276	0.612795	0.613026	0.613258	0.613275	0.613292	0.613385	0.613478	0.613498	0.613519	0.613545	0.613571	0.613578	0.613584	0.613583	0.613581	0.613581	0.61358	0.61357	0.613559	0.61356	0.613562	0.613546	0.613531	0.61354	0.613549	0.613524	
0.636404	0.636378	0.636401	0.636425	0.636389	0.636354	0.636397	0.636441	0.636393	0.636346	0.636424	0.636501	0.636436	0.63637	0.636495	0.636621	0.636508	0.636395	0.636576	0.636758	0.636504	0.636249	0.636529	0.636808	0.63628	0.635751	0.636072	0.636393	0.636026	0.635921	0.636001	0.634885	0.649567	0.634928	0.633976	0.634643	0.635349	0.636232	0.636021	0.635809	0.636109	0.63641	0.636414	0.636418	0.636475	0.636533	0.636557	0.636581	0.636551	0.636522	0.636533	0.636544	0.636507	0.636469	0.636477	0.636484	0.636456	0.636429	0.636438	0.636447	0.636425	0.636403	0.636416	0.63643	0.636404	
0.659168	0.659149	0.659159	0.659169	0.659132	0.659094	0.659111	0.659128	0.65907	0.659012	0.659056	0.659101	0.659021	0.658941	0.659034	0.659127	0.659012	0.658897	0.659053	0.659208	0.659013	0.658818	0.659053	0.659288	0.658942	0.658596	0.658846	0.659096	0.658598	0.656655	0.656118	0.652927	0.694025	0.65615	0.655267	0.656327	0.657942	0.658879	0.658797	0.658715	0.658816	0.658917	0.658926	0.658936	0.65894	0.658945	0.658982	0.659019	0.659001	0.658983	0.659022	0.659061	0.659052	0.659043	0.659078	0.659113	0.659111	0.65911	0.659137	0.659163	0.659159	0.659154	0.65917	0.659186	0.659168	
0.681932	0.681921	0.681917	0.681913	0.681874	0.681835	0.681825	0.681815	0.681747	0.681678	0.681689	0.681701	0.681606	0.681512	0.681573	0.681634	0.681516	0.681399	0.681529	0.681658	0.681523	0.681387	0.681577	0.681767	0.681604	0.681441	0.68162	0.681798	0.68117	0.68041	0.680398	0.686279	0.724808	0.685676	0.682131	0.681868	0.681942	0.681525	0.681573	0.681621	0.681522	0.681424	0.681439	0.681454	0.681405	0.681356	0.681406	0.681457	0.681451	0.681445	0.681512	0.681578	0.681597	0.681616	0.681679	0.681742	0.681766	0.681791	0.681835	0.68188	0.681892	0.681904	0.681924	0.681943	0.681932	
0.705131	0.705127	0.705116	0.705105	0.705075	0.705045	0.705026	0.705008	0.704954	0.704899	0.704892	0.704884	0.704816	0.704749	0.704765	0.704782	0.704721	0.70466	0.704696	0.704732	0.704723	0.704714	0.704739	0.704763	0.704911	0.705058	0.705078	0.705099	0.705205	0.706179	0.706293	0.708154	0.756377	0.712466	0.709628	0.708907	0.706949	0.705813	0.705597	0.705382	0.705141	0.7049	0.704908	0.704917	0.704831	0.704746	0.70477	0.704793	0.704777	0.704761	0.704801	0.704842	0.704859	0.704876	0.704919	0.704962	0.70499	0.705017	0.705048	0.705079	0.705097	0.705115	0.705124	0.705134	0.705131	
0.72833	0.728334	0.728315	0.728297	0.728276	0.728255	0.728228	0.728201	0.72816	0.72812	0.728094	0.728068	0.728027	0.727986	0.727958	0.72793	0.727925	0.72792	0.727863	0.727806	0.727924	0.728041	0.7279	0.727759	0.728217	0.728675	0.728537	0.728399	0.72924	0.730133	0.730002	0.729792	0.744166	0.729008	0.73065	0.73101	0.730373	0.7301	0.729622	0.729143	0.728759	0.728375	0.728377	0.728379	0.728257	0.728136	0.728133	0.72813	0.728104	0.728077	0.728091	0.728105	0.728121	0.728136	0.72816	0.728184	0.728213	0.728243	0.728261	0.728278	0.728301	0.728325	0.728325	0.728325	0.72833	
0.75208	0.752084	0.752073	0.752061	0.752057	0.752053	0.752036	0.75202	0.752018	0.752017	0.751991	0.751965	0.751989	0.752014	0.751956	0.751898	0.751988	0.752077	0.751942	0.751806	0.752032	0.752258	0.751982	0.751705	0.752278	0.752851	0.752254	0.751658	0.752206	0.751668	0.751642	0.75176	0.748588	0.750143	0.750085	0.750448	0.751609	0.752383	0.752415	0.752447	0.752331	0.752215	0.752244	0.752273	0.752208	0.752142	0.752144	0.752146	0.752109	0.752071	0.752071	0.752071	0.752057	0.752044	0.752047	0.752051	0.752055	0.752059	0.752062	0.752064	0.752074	0.752084	0.75208	0.752075	0.75208	
0.77583	0.775834	0.77583	0.775825	0.775838	0.775851	0.775845	0.775839	0.775876	0.775913	0.775888	0.775862	0.775952	0.776043	0.775955	0.775867	0.77605	0.776233	0.77602	0.775806	0.776141	0.776475	0.776063	0.775651	0.776339	0.777027	0.775972	0.774917	0.775172	0.775239	0.774956	0.776062	0.777373	0.775942	0.774663	0.774531	0.774725	0.774665	0.775208	0.775751	0.775903	0.776055	0.776111	0.776167	0.776158	0.776149	0.776156	0.776162	0.776114	0.776066	0.776051	0.776036	0.775994	0.775951	0.775934	0.775918	0.775897	0.775876	0.775863	0.77585	0.775846	0.775843	0.775834	0.775825	0.77583	
0.799782	0.799781	0.799783	0.799785	0.799797	0.799808	0.799799	0.79979	0.799826	0.799862	0.799817	0.799771	0.79985	0.799929	0.799807	0.799684	0.799823	0.799962	0.799727	0.799492	0.799713	0.799934	0.79957	0.799206	0.79961	0.800014	0.799383	0.798753	0.798758	0.799552	0.799036	0.799844	0.801957	0.80077	0.799022	0.799767	0.799603	0.799017	0.799106	0.799195	0.79936	0.799526	0.79957	0.799613	0.799681	0.79975	0.799776	0.799802	0.799817	0.799831	0.799841	0.799851	0.799838	0.799824	0.799826	0.799827	0.799812	0.799796	0.799796	0.799795	0.799787	0.799779	0.799781	0.799782	0.799782	
0.823734	0.823728	0.823737	0.823745	0.823755	0.823765	0.823753	0.823741	0.823776	0.823811	0.823745	0.82368	0.823747	0.823815	0.823658	0.823502	0.823596	0.82369	0.823434	0.823178	0.823285	0.823393	0.823077	0.822762	0.822882	0.823001	0.822795	0.822588	0.822344	0.821841	0.82206	0.822171	0.822449	0.822294	0.82158	0.822209	0.822965	0.82337	0.823004	0.822638	0.822818	0.822997	0.823028	0.823058	0.823204	0.823351	0.823397	0.823443	0.823519	0.823596	0.823631	0.823666	0.823682	0.823697	0.823717	0.823736	0.823727	0.823717	0.823729	0.823741	0.823729	0.823716	0.823728	0.823739	0.823734	
0.847556	0.847547	0.847552	0.847556	0.84755	0.847544	0.847513	0.847482	0.847486	0.84749	0.8474	0.847309	0.847326	0.847342	0.847181	0.847019	0.847043	0.847067	0.846866	0.846664	0.846702	0.846739	0.846562	0.846385	0.846469	0.846553	0.846571	0.846588	0.846277	0.845382	0.845796	0.846126	0.846097	0.845764	0.845142	0.84524	0.846165	0.847076	0.847084	0.847092	0.847024	0.846955	0.84693	0.846905	0.846978	0.84705	0.847037	0.847024	0.847119	0.847215	0.847234	0.847253	0.84731	0.847367	0.847397	0.847428	0.847447	0.847467	0.847496	0.847525	0.847523	0.847521	0.847543	0.847565	0.847556	
0.871378	0.871365	0.871366	0.871367	0.871345	0.871322	0.871273	0.871223	0.871196	0.871169	0.871054	0.870938	0.870904	0.87087	0.870703	0.870536	0.87049	0.870444	0.870297	0.870151	0.870118	0.870085	0.870046	0.870008	0.870057	0.870106	0.870347	0.870588	0.87021	0.869833	0.870173	0.870513	0.870131	0.869749	0.869471	0.869192	0.869988	0.870783	0.871165	0.871547	0.87123	0.870912	0.870832	0.870752	0.870751	0.870749	0.870677	0.870605	0.87072	0.870835	0.870838	0.87084	0.870938	0.871036	0.871078	0.87112	0.871168	0.871216	0.871263	0.871309	0.871318	0.871327	0.871359	0.871391	0.871378	
0.895033	0.895021	0.89501	0.895	0.894973	0.894947	0.894886	0.894824	0.894792	0.89476	0.894649	0.894537	0.894505	0.894472	0.894346	0.89422	0.894194	0.894167	0.894094	0.894021	0.894032	0.894043	0.894045	0.894048	0.894132	0.894217	0.894325	0.894433	0.894264	0.894096	0.894211	0.894327	0.89394	0.893552	0.893414	0.893277	0.893616	0.893955	0.894463	0.894971	0.894881	0.894791	0.894816	0.89484	0.89479	0.89474	0.894661	0.894582	0.894638	0.894693	0.894653	0.894613	0.894691	0.894769	0.894783	0.894797	0.894847	0.894897	0.894932	0.894967	0.894982	0.894996	0.89502	0.895044	0.895033	
0.918687	0.918677	0.918655	0.918632	0.918602	0.918572	0.918499	0.918425	0.918388	0.918352	0.918244	0.918137	0.918106	0.918075	0.91799	0.917904	0.917897	0.91789	0.91789	0.91789	0.917945	0.918	0.918044	0.918088	0.918208	0.918328	0.918303	0.918278	0.918318	0.918359	0.91825	0.918141	0.917748	0.917356	0.917358	0.917361	0.917244	0.917128	0.917761	0.918394	0.918532	0.91867	0.918799	0.918928	0.91883	0.918731	0.918645	0.918559	0.918555	0.918552	0.918469	0.918386	0.918444	0.918502	0.918488	0.918473	0.918526	0.918579	0.918601	0.918624	0.918645	0.918666	0.918682	0.918697	0.918687	
0.942296	0.942293	0.942258	0.942222	0.942207	0.942191	0.942119	0.942048	0.942033	0.942018	0.941932	0.941847	0.941845	0.941843	0.94179	0.941737	0.941765	0.941794	0.941793	0.941793	0.941889	0.941986	0.941963	0.941941	0.942134	0.942326	0.942253	0.94218	0.941949	0.941719	0.941575	0.941431	0.941208	0.940985	0.940957	0.940929	0.940881	0.940833	0.941163	0.941493	0.941699	0.941906	0.942162	0.942417	0.942385	0.942352	0.94238	0.942407	0.942381	0.942355	0.942299	0.942243	0.942265	0.942287	0.942254	0.94222	0.942253	0.942286	0.942282	0.942278	0.942294	0.942311	0.942306	0.9423	0.942296	
0.965905	0.965908	0.96586	0.965813	0.965811	0.96581	0.96574	0.96567	0.965677	0.965684	0.96562	0.965557	0.965584	0.965612	0.965591	0.96557	0.965633	0.965697	0.965696	0.965696	0.965833	0.965971	0.965882	0.965794	0.966059	0.966324	0.966203	0.966082	0.96558	0.965079	0.9649	0.964721	0.964668	0.964614	0.964556	0.964497	0.964518	0.964538	0.964564	0.964591	0.964866	0.965142	0.965524	0.965906	0.96594	0.965974	0.966115	0.966256	0.966207	0.966159	0.966129	0.9661	0.966086	0.966072	0.96602	0.965967	0.96598	0.965993	0.965962	0.965931	0.965944	0.965957	0.96593	0.965902	0.965905	
0.989532	0.989541	0.989488	0.989436	0.989445	0.989455	0.989396	0.989337	0.989355	0.989372	0.98933	0.989289	0.989321	0.989354	0.989346	0.989339	0.98941	0.989481	0.989471	0.989461	0.98963	0.9898	0.989729	0.989658	0.989915	0.990172	0.990026	0.98988	0.989482	0.989083	0.989103	0.989123	0.989101	0.98908	0.988965	0.98885	0.988697	0.988543	0.988513	0.988482	0.988587	0.988692	0.988956	0.989219	0.989278	0.989338	0.989534	0.98973	0.98971	0.989691	0.989726	0.98976	0.989744	0.989729	0.989696	0.989663	0.989666	0.989669	0.989629	0.989588	0.989598	0.989607	0.989566	0.989524	0.989532	
1.01316	1.01317	1.01312	1.01306	1.01308	1.0131	1.01305	1.013	1.01303	1.01306	1.01304	1.01302	1.01306	1.0131	1.0131	1.01311	1.01319	1.01326	1.01324	1.01323	1.01343	1.01363	1.01358	1.01352	1.01377	1.01402	1.01385	1.01368	1.01338	1.01309	1.01331	1.01353	1.01354	1.01355	1.01337	1.0132	1.01288	1.01255	1.01246	1.01237	1.01231	1.01224	1.01239	1.01253	1.01262	1.0127	1.01295	1.0132	1.01321	1.01322	1.01332	1.01342	1.0134	1.01338	1.01337	1.01336	1.01335	1.01334	1.0133	1.01325	1.01325	1.01326	1.0132	1.01315	1.01316	
1.03676	1.03678	1.03673	1.03667	1.03669	1.03671	1.03667	1.03664	1.03665	1.03667	1.03666	1.03665	1.03668	1.03672	1.03672	1.03673	1.03682	1.03691	1.03691	1.03691	1.03711	1.03732	1.03731	1.03731	1.03738	1.03745	1.03733	1.0372	1.037	1.03679	1.03701	1.03723	1.03728	1.03733	1.03717	1.037	1.03672	1.03644	1.03639	1.03634	1.03624	1.03614	1.03613	1.03613	1.03616	1.03619	1.03638	1.03657	1.03659	1.0366	1.03673	1.03686	1.03685	1.03685	1.03687	1.0369	1.0369	1.0369	1.03687	1.03683	1.03684	1.03685	1.0368	1.03675	1.03676	
1.06037	1.06039	1.06034	1.06029	1.06031	1.06032	1.06029	1.06027	1.06028	1.06029	1.06029	1.06029	1.06031	1.06034	1.06035	1.06036	1.06046	1.06056	1.06058	1.06059	1.0608	1.06101	1.06105	1.0611	1.06099	1.06088	1.0608	1.06072	1.06061	1.0605	1.06071	1.06093	1.06102	1.06112	1.06096	1.0608	1.06056	1.06033	1.06032	1.06031	1.06017	1.06003	1.05988	1.05973	1.0597	1.05968	1.05981	1.05994	1.05996	1.05998	1.06014	1.06029	1.06031	1.06032	1.06038	1.06044	1.06045	1.06045	1.06044	1.06042	1.06043	1.06045	1.0604	1.06035	1.06037	
1.0839	1.08392	1.08388	1.08385	1.08386	1.08386	1.08385	1.08383	1.08383	1.08383	1.08384	1.08385	1.08387	1.0839	1.08392	1.08394	1.08406	1.08417	1.0842	1.08422	1.08437	1.08452	1.08454	1.08457	1.08434	1.08411	1.08403	1.08394	1.08388	1.08382	1.08397	1.08412	1.08422	1.08432	1.08421	1.0841	1.08397	1.08383	1.0839	1.08396	1.08387	1.08379	1.08363	1.08348	1.08342	1.08336	1.08341	1.08345	1.08345	1.08344	1.08357	1.0837	1.08371	1.08372	1.08379	1.08387	1.08388	1.0839	1.08391	1.08391	1.08393	1.08395	1.08392	1.08389	1.0839	
1.10744	1.10745	1.10743	1.10741	1.10741	1.1074	1.1074	1.10739	1.10738	1.10738	1.10739	1.10741	1.10744	1.10747	1.1075	1.10753	1.10765	1.10777	1.10782	1.10786	1.10795	1.10803	1.10803	1.10803	1.10769	1.10735	1.10725	1.10715	1.10714	1.10714	1.10723	1.10732	1.10742	1.10752	1.10746	1.10741	1.10737	1.10734	1.10747	1.10761	1.10758	1.10754	1.10739	1.10723	1.10714	1.10704	1.107	1.10696	1.10693	1.1069	1.107	1.1071	1.10711	1.10712	1.10721	1.1073	1.10732	1.10734	1.10738	1.10741	1.10743	1.10745	1.10744	1.10743	1.10744	
1.13089	1.13089	1.13089	1.13089	1.13088	1.13088	1.13088	1.13089	1.13089	1.13088	1.1309	1.13093	1.13097	1.13101	1.13104	1.13108	1.13118	1.13128	1.13131	1.13134	1.13133	1.13132	1.13128	1.13123	1.13087	1.13051	1.13043	1.13035	1.13042	1.13049	1.1306	1.13072	1.1308	1.13089	1.1308	1.1307	1.13069	1.13068	1.1308	1.13092	1.13096	1.131	1.1309	1.1308	1.13075	1.1307	1.13062	1.13054	1.1305	1.13046	1.13051	1.13056	1.13056	1.13055	1.13063	1.13071	1.13073	1.13074	1.13079	1.13084	1.13085	1.13086	1.13088	1.13089	1.13089	
1.15434	1.15434	1.15436	1.15438	1.15436	1.15435	1.15437	1.15439	1.15439	1.15439	1.15442	1.15445	1.1545	1.15455	1.15459	1.15463	1.15471	1.15479	1.1548	1.15482	1.15471	1.1546	1.15452	1.15443	1.15406	1.15368	1.15362	1.15355	1.1537	1.15384	1.15398	1.15412	1.15419	1.15426	1.15413	1.154	1.15401	1.15401	1.15412	1.15423	1.15434	1.15445	1.15441	1.15438	1.15437	1.15436	1.15424	1.15412	1.15407	1.15402	1.15402	1.15403	1.15401	1.15399	1.15406	1.15413	1.15413	1.15414	1.1542	1.15426	1.15427	1.15428	1.15431	1.15435	1.15434	
1.17776	1.17775	1.17779	1.17783	1.17782	1.1778	1.17784	1.17788	1.17789	1.17789	1.17793	1.17797	1.17802	1.17807	1.1781	1.17813	1.17817	1.17821	1.17819	1.17818	1.17801	1.17785	1.17774	1.17763	1.17733	1.17703	1.17701	1.17699	1.17718	1.17736	1.17751	1.17765	1.17772	1.17778	1.17762	1.17746	1.17746	1.17746	1.17751	1.17755	1.17767	1.17778	1.17779	1.1778	1.17784	1.17788	1.17778	1.17768	1.17765	1.17761	1.17758	1.17756	1.17753	1.1775	1.17754	1.17759	1.17758	1.17757	1.17763	1.17769	1.17768	1.17768	1.17773	1.17777	1.17776	
1.20118	1.20117	1.20122	1.20128	1.20127	1.20126	1.20131	1.20137	1.20138	1.2014	1.20145	1.2015	1.20155	1.2016	1.20162	1.20164	1.20163	1.20163	1.20158	1.20154	1.20131	1.20109	1.20096	1.20083	1.20061	1.20039	1.20041	1.20043	1.20066	1.20089	1.20104	1.20119	1.20124	1.2013	1.20112	1.20093	1.20092	1.2009	1.20089	1.20087	1.20099	1.20111	1.20117	1.20122	1.20131	1.20141	1.20132	1.20123	1.20122	1.2012	1.20115	1.20109	1.20105	1.20101	1.20103	1.20105	1.20102	1.201	1.20106	1.20111	1.2011	1.20108	1.20114	1.2012	1.20118	
1.22462	1.2246	1.22467	1.22474	1.22473	1.22473	1.2248	1.22486	1.22489	1.22491	1.22496	1.22501	1.22505	1.22508	1.22509	1.2251	1.22505	1.225	1.22494	1.22487	1.22464	1.22442	1.22431	1.2242	1.22408	1.22395	1.22401	1.22408	1.2243	1.22452	1.22462	1.22472	1.22478	1.22484	1.22468	1.22452	1.22451	1.22449	1.22442	1.22434	1.22443	1.22452	1.22456	1.22461	1.22473	1.22485	1.22479	1.22473	1.22474	1.22476	1.2247	1.22463	1.2246	1.22456	1.22456	1.22456	1.22452	1.22448	1.22453	1.22458	1.22454	1.22451	1.22458	1.22464	1.22462	
1.24806	1.24803	1.24811	1.24819	1.2482	1.2482	1.24828	1.24835	1.24839	1.24842	1.24847	1.24852	1.24855	1.24857	1.24856	1.24855	1.24847	1.24838	1.24829	1.2482	1.24798	1.24775	1.24766	1.24757	1.24754	1.24751	1.24762	1.24773	1.24794	1.24815	1.2482	1.24826	1.24832	1.24838	1.24825	1.24812	1.2481	1.24808	1.24794	1.2478	1.24786	1.24792	1.24796	1.248	1.24815	1.24829	1.24825	1.24822	1.24827	1.24832	1.24825	1.24818	1.24815	1.24811	1.24809	1.24807	1.24802	1.24796	1.248	1.24804	1.24799	1.24794	1.24801	1.24808	1.24806	
1.27155	1.27152	1.27161	1.27169	1.2717	1.27171	1.27179	1.27187	1.27191	1.27194	1.27199	1.27203	1.27204	1.27205	1.27202	1.272	1.27189	1.27179	1.2717	1.2716	1.27142	1.27124	1.27118	1.27112	1.27115	1.27118	1.2713	1.27141	1.2716	1.27178	1.27178	1.27179	1.27185	1.2719	1.27182	1.27173	1.27172	1.27171	1.27155	1.27138	1.27141	1.27144	1.27146	1.27147	1.2716	1.27173	1.27172	1.2717	1.27177	1.27184	1.27178	1.27172	1.2717	1.27168	1.27165	1.27163	1.27157	1.2715	1.27153	1.27156	1.2715	1.27144	1.27151	1.27158	1.27155	
1.29504	1.29501	1.2951	1.29519	1.2952	1.29522	1.2953	1.29539	1.29543	1.29546	1.2955	1.29554	1.29553	1.29552	1.29548	1.29544	1.29532	1.2952	1.2951	1.29501	1.29486	1.29472	1.29469	1.29466	1.29476	1.29486	1.29498	1.2951	1.29525	1.2954	1.29536	1.29532	1.29537	1.29543	1.29538	1.29534	1.29533	1.29533	1.29515	1.29497	1.29496	1.29496	1.29495	1.29493	1.29506	1.29518	1.29518	1.29518	1.29527	1.29536	1.29532	1.29527	1.29526	1.29525	1.29522	1.29518	1.29511	1.29504	1.29506	1.29508	1.29501	1.29494	1.29501	1.29507	1.29504	
1.31859	1.31856	1.31864	1.31873	1.31875	1.31877	1.31885	1.31893	1.31896	1.31899	1.31902	1.31905	1.31903	1.31901	1.31897	1.31892	1.3188	1.31868	1.3186	1.31851	1.31841	1.31831	1.31831	1.31831	1.31843	1.31854	1.31865	1.31875	1.31888	1.319	1.31894	1.31887	1.31892	1.31897	1.31895	1.31893	1.31893	1.31893	1.31877	1.3186	1.31858	1.31856	1.31852	1.31848	1.31859	1.31869	1.31869	1.31869	1.31879	1.31888	1.31885	1.31881	1.31882	1.31882	1.31879	1.31875	1.31869	1.31862	1.31863	1.31864	1.31857	1.3185	1.31856	1.31862	1.31859	
1.34214	1.34211	1.34219	1.34227	1.34229	1.34231	1.34239	1.34246	1.34249	1.34252	1.34254	1.34257	1.34253	1.3425	1.34245	1.34239	1.34228	1.34217	1.34209	1.34202	1.34196	1.34191	1.34193	1.34196	1.34209	1.34223	1.34232	1.34241	1.3425	1.34259	1.34251	1.34243	1.34248	1.34252	1.34252	1.34252	1.34253	1.34254	1.34239	1.34223	1.3422	1.34217	1.3421	1.34204	1.34212	1.34219	1.3422	1.3422	1.3423	1.3424	1.34238	1.34236	1.34238	1.34239	1.34236	1.34232	1.34226	1.3422	1.3422	1.34221	1.34213	1.34206	1.34212	1.34217	1.34214	
1.36573	1.36571	1.36578	1.36586	1.36588	1.36589	1.36596	1.36603	1.36605	1.36607	1.36609	1.3661	1.36606	1.36603	1.36598	1.36592	1.36583	1.36573	1.36567	1.36561	1.36558	1.36556	1.36559	1.36562	1.36575	1.36588	1.36595	1.36602	1.36609	1.36616	1.36608	1.366	1.36604	1.36608	1.36609	1.36609	1.3661	1.36612	1.36599	1.36586	1.36583	1.36579	1.36572	1.36565	1.36571	1.36576	1.36577	1.36577	1.36586	1.36595	1.36594	1.36592	1.36595	1.36597	1.36594	1.36591	1.36586	1.36581	1.36581	1.36581	1.36574	1.36567	1.36572	1.36576	1.36573	
1.38933	1.38931	1.38937	1.38944	1.38946	1.38947	1.38953	1.38959	1.3896	1.38962	1.38963	1.38964	1.38959	1.38955	1.3895	1.38945	1.38937	1.38929	1.38925	1.3892	1.38921	1.38921	1.38925	1.38929	1.38941	1.38953	1.38958	1.38962	1.38967	1.38972	1.38965	1.38957	1.38961	1.38964	1.38965	1.38966	1.38968	1.38969	1.38959	1.38949	1.38945	1.38942	1.38934	1.38926	1.3893	1.38933	1.38933	1.38933	1.38941	1.3895	1.38949	1.38949	1.38952	1.38954	1.38952	1.3895	1.38946	1.38941	1.38941	1.38941	1.38934	1.38928	1.38932	1.38936	1.38933	
1.41296	1.41294	1.41299	1.41305	1.41306	1.41307	1.41312	1.41317	1.41318	1.41319	1.41319	1.4132	1.41316	1.41312	1.41308	1.41304	1.41298	1.41291	1.41288	1.41285	1.41286	1.41287	1.41291	1.41295	1.41305	1.41315	1.41318	1.41321	1.41324	1.41328	1.41322	1.41316	1.41319	1.41321	1.41322	1.41323	1.41325	1.41326	1.41318	1.41311	1.41308	1.41304	1.41298	1.41291	1.41293	1.41295	1.41295	1.41295	1.41301	1.41308	1.41308	1.41308	1.4131	1.41313	1.41311	1.41309	1.41306	1.41303	1.41303	1.41302	1.41297	1.41292	1.41295	1.41298	1.41296	
1.43659	1.43657	1.43661	1.43665	1.43666	1.43667	1.43671	1.43674	1.43675	1.43675	1.43675	1.43676	1.43672	1.43669	1.43666	1.43662	1.43658	1.43653	1.43651	1.43649	1.43652	1.43654	1.43657	1.43661	1.43668	1.43676	1.43678	1.43679	1.43682	1.43684	1.4368	1.43675	1.43677	1.43679	1.4368	1.4368	1.43681	1.43683	1.43677	1.43672	1.4367	1.43667	1.43661	1.43655	1.43656	1.43657	1.43657	1.43656	1.43661	1.43666	1.43666	1.43667	1.43669	1.43672	1.4367	1.43669	1.43667	1.43665	1.43664	1.43664	1.4366	1.43656	1.43658	1.4366	1.43659	
1.46023	1.46022	1.46024	1.46027	1.46028	1.46028	1.46031	1.46033	1.46034	1.46034	1.46034	1.46034	1.46032	1.4603	1.46027	1.46025	1.46022	1.46019	1.46018	1.46016	1.46018	1.4602	1.46022	1.46024	1.4603	1.46035	1.46036	1.46037	1.46038	1.4604	1.46037	1.46034	1.46035	1.46036	1.46037	1.46037	1.46038	1.46039	1.46035	1.46032	1.4603	1.46029	1.46025	1.4602	1.46021	1.46022	1.46021	1.46021	1.46024	1.46028	1.46028	1.46028	1.4603	1.46031	1.46031	1.4603	1.46028	1.46027	1.46026	1.46026	1.46024	1.46021	1.46022	1.46024	1.46023	
1.48387	1.48386	1.48388	1.48389	1.48389	1.4839	1.48391	1.48392	1.48392	1.48392	1.48392	1.48392	1.48391	1.4839	1.48389	1.48387	1.48386	1.48385	1.48384	1.48383	1.48385	1.48386	1.48387	1.48388	1.48391	1.48393	1.48394	1.48394	1.48395	1.48395	1.48394	1.48392	1.48393	1.48394	1.48394	1.48394	1.48394	1.48395	1.48393	1.48392	1.48391	1.4839	1.48388	1.48386	1.48386	1.48386	1.48386	1.48385	1.48387	1.48389	1.48389	1.48389	1.4839	1.48391	1.48391	1.4839	1.4839	1.48389	1.48389	1.48389	1.48387	1.48386	1.48387	1.48388	1.48387	
1.50751	1.50751	1.50751	1.50751	1.50751	1.50751	1.50751	1.50751	1.50751	1.50751	1.50751	1.50751	1.50751	1.50751	1.50751	1.50751	1.50751	1.50751	1.50751	1.50751	1.50751	1.50751	1.50751	1.50751	1.50751	1.50751	1.50751	1.50751	1.50751	1.50751	1.50751	1.50751	1.50751	1.50751	1.50751	1.50751	1.50751	1.50751	1.50751	1.50751	1.50751	1.50751	1.50751	1.50751	1.50751	1.50751	1.50751	1.50751	1.50751	1.50751	1.50751	1.50751	1.50751	1.50751	1.50751	1.50751	1.50751	1.50751	1.50751	1.50751	1.50751	1.50751	1.50751	1.50751	1.50751	
