y	b	u.x	u.y	u.z	
0.0976562	0.000738273	-2.41862e-06	-2.53979e-06	-3.01354e-07
1.67092	0.012632	-4.13832e-05	-4.34565e-05	-5.15624e-06
3.24419	0.024523	-7.7642e-05	-7.82228e-05	-9.22046e-06
4.81745	0.0363804	-8.08914e-05	-3.79545e-05	-3.63857e-06
6.39072	0.0482378	-8.41408e-05	2.31386e-06	1.94333e-06
7.96398	0.0600952	-8.73901e-05	4.25822e-05	7.52523e-06
9.53725	0.0719504	-8.81144e-05	7.45945e-05	1.2416e-05
11.1105	0.0837866	-6.68794e-05	3.48075e-05	1.12967e-05
12.6838	0.0956228	-4.56443e-05	-4.97945e-06	1.01774e-05
14.257	0.107459	-2.44092e-05	-4.47664e-05	9.05806e-06
15.8303	0.119298	-5.93197e-06	-7.40182e-05	6.21464e-06
17.4036	0.131153	-5.83031e-06	-3.30747e-05	-8.11629e-06
18.9768	0.143008	-5.72866e-06	7.86881e-06	-2.24472e-05
20.5501	0.154863	-5.62701e-06	4.88123e-05	-3.67781e-05
22.1234	0.166721	-9.44099e-06	7.64951e-05	-5.0101e-05
23.6966	0.178593	-3.41424e-05	3.34402e-05	-5.80466e-05
25.2699	0.190465	-5.88437e-05	-9.61472e-06	-6.59922e-05
26.8432	0.202338	-8.35451e-05	-5.26696e-05	-7.39378e-05
28.4164	0.214208	-0.000102103	-7.94376e-05	-7.99451e-05
29.9897	0.226073	-9.36381e-05	-3.45688e-05	-7.74267e-05
31.563	0.237938	-8.51734e-05	1.03e-05	-7.49083e-05
33.1362	0.249802	-7.67087e-05	5.51688e-05	-7.23899e-05
34.7095	0.261665	-7.49458e-05	8.05865e-05	-6.42813e-05
36.2828	0.273518	-9.80025e-05	3.39678e-05	-3.54694e-05
37.856	0.285371	-0.000121059	-1.26509e-05	-6.65754e-06
39.4293	0.297224	-0.000144116	-5.92697e-05	2.21543e-05
41.0026	0.309079	-0.000157332	-8.29938e-05	4.4286e-05
42.5758	0.320938	-0.000139382	-3.42106e-05	4.52615e-05
44.1491	0.332797	-0.000121433	1.45725e-05	4.62369e-05
45.7223	0.344657	-0.000103483	6.33557e-05	4.72124e-05
47.2956	0.356521	-7.7962e-05	8.53018e-05	5.54603e-05
48.8689	0.368402	-3.16907e-05	3.37037e-05	8.36374e-05
50.4421	0.380283	1.45805e-05	-1.78943e-05	0.000111815
52.0154	0.392163	6.08518e-05	-6.94924e-05	0.000139992
53.5887	0.404049	8.03217e-05	-8.9747e-05	0.00013904
55.1619	0.415946	3.56546e-05	-3.49955e-05	6.83813e-05
56.7352	0.427844	-9.0125e-06	1.9756e-05	-2.27727e-06
58.3085	0.439741	-5.36796e-05	7.45075e-05	-7.29359e-05
59.8817	0.451611	-0.000110871	9.29768e-05	-0.000128812
61.455	0.463422	-0.000194423	3.50831e-05	-0.000153573
63.0283	0.475233	-0.000277974	-2.28107e-05	-0.000178335
64.6015	0.487044	-0.000361526	-8.07045e-05	-0.000203097
66.1748	0.498913	-0.00039935	-9.35259e-05	-0.000204052
67.7481	0.510893	-0.000352051	-2.24433e-05	-0.000160689
69.3213	0.522879	-0.00025064	3.02616e-05	-0.000172102
70.8946	0.534856	-0.00020323	0.000109908	-0.000115124
72.4679	0.547173	-0.000153622	0.000162848	0.000485292
74.0411	0.560053	5.20683e-06	0.000101466	0.00195096
75.6144	0.57289	-0.000315998	-5.5667e-05	0.0036403
77.1877	0.585784	-0.000131956	-0.000162411	0.00511883
78.7609	0.598395	0.000966886	-4.43465e-05	0.00666593
80.3342	0.610466	0.00308223	5.87194e-05	0.00844862
81.9074	0.622426	0.00480362	1.26388e-05	0.0108116
83.4807	0.634408	0.00613576	-3.00873e-05	0.0117984
85.054	0.645587	0.00904197	8.29814e-05	0.00851691
86.6272	0.655626	0.0120007	5.43982e-05	0.00560175
88.2005	0.665618	0.0113209	0.000108615	0.00459942
89.7738	0.675556	0.0102129	0.000149918	0.00438418
91.347	0.685924	0.00860988	3.76929e-05	0.00513782
92.9203	0.696761	0.00542516	-6.2513e-05	0.00340772
94.4936	0.707596	0.00253473	4.81268e-05	0.00152061
96.0668	0.718446	0.00108982	0.000117289	0.00111452
97.6401	0.730261	0.000506425	0.000137312	0.000580436
99.2134	0.743077	0.000635004	1.11247e-05	-0.000149877
100.787	0.755905	0.000300876	-3.31712e-05	0.000216701
102.36	0.768744	-3.90731e-05	-0.000164729	-0.000216785
103.933	0.78137	-0.000182565	-0.000193503	-0.000617847
105.506	0.793776	-0.000206332	-6.19348e-05	-0.000710451
107.08	0.806188	-0.000273533	4.56175e-05	-0.000636014
108.653	0.818592	-0.000317376	6.77099e-05	-0.000588962
110.226	0.830708	-0.000273897	1.91117e-05	-0.000460788
111.799	0.84259	-0.00017672	-2.6122e-06	-0.000270948
113.373	0.854482	-8.46375e-05	9.31876e-06	-6.37264e-05
114.946	0.866365	8.32531e-06	-4.08915e-06	0.000130134
116.519	0.878226	6.42221e-05	-6.05577e-06	0.00020569
118.093	0.890069	9.19768e-05	6.64316e-07	0.000191424
119.666	0.901911	0.000119731	7.38441e-06	0.000177158
121.239	0.913754	0.000147486	1.41045e-05	0.000162892
122.812	0.925616	0.000151643	1.09157e-05	0.000162419
124.386	0.93749	0.00013979	1.00447e-06	0.000171303
125.959	0.949364	0.000127938	-8.90676e-06	0.000180186
127.532	0.961238	0.000116085	-1.8818e-05	0.00018907
129.105	0.973104	9.51691e-05	-1.45718e-05	0.000176926
130.679	0.984964	6.87723e-05	-1.76442e-06	0.000152065
132.252	0.996825	4.23755e-05	1.10429e-05	0.000127204
133.825	1.00869	1.59787e-05	2.38502e-05	0.000102343
135.398	1.02055	2.96873e-06	1.83154e-05	9.2515e-05
136.972	1.03241	-2.84991e-06	2.92736e-06	9.07617e-05
138.545	1.04427	-8.66856e-06	-1.24607e-05	8.90084e-05
140.118	1.05613	-1.44872e-05	-2.78487e-05	8.72552e-05
141.692	1.06799	-6.50677e-06	-2.08919e-05	7.87045e-05
143.265	1.07984	8.02996e-06	-3.3185e-06	6.69242e-05
144.838	1.0917	2.25667e-05	1.42549e-05	5.51439e-05
146.411	1.10356	3.71034e-05	3.18284e-05	4.33636e-05
147.985	1.11542	4.04039e-05	2.34075e-05	6.04712e-05
149.558	1.12729	3.9009e-05	4.12415e-06	8.96505e-05
151.131	1.13915	3.76141e-05	-1.51592e-05	0.00011883
152.704	1.15101	3.62192e-05	-3.44426e-05	0.000148009
154.278	1.16288	2.64223e-05	-2.44854e-05	0.000176594
155.851	1.17474	1.35593e-05	-3.8582e-06	0.000204963
157.424	1.1866	6.96379e-07	1.6769e-05	0.000233332
158.997	1.19847	-1.21666e-05	3.73963e-05	0.0002617
160.571	1.21032	-6.6134e-06	2.56578e-05	0.000270427
162.144	1.22218	4.75476e-06	3.69965e-06	0.000272951
163.717	1.23403	1.61229e-05	-1.82585e-05	0.000275475
165.291	1.24589	2.74911e-05	-4.02167e-05	0.000277999
166.864	1.25774	2.74884e-05	-2.6692e-05	0.000256683
168.437	1.26959	2.44153e-05	-3.5864e-06	0.00022893
170.01	1.28145	2.13423e-05	1.95192e-05	0.000201177
171.584	1.2933	1.82693e-05	4.26249e-05	0.000173424
173.157	1.30516	6.51128e-06	2.76451e-05	0.000157408
174.73	1.31703	-7.22128e-06	4.0064e-06	0.000144061
176.303	1.3289	-2.09539e-05	-1.96323e-05	0.000130713
177.877	1.34076	-3.46864e-05	-4.3271e-05	0.000117366
179.45	1.35263	-2.86626e-05	-2.70634e-05	7.61405e-05
181.023	1.36449	-1.89351e-05	-3.38612e-06	2.96892e-05
182.596	1.37636	-9.20765e-06	2.02912e-05	-1.67621e-05
184.17	1.38822	5.19805e-07	4.39685e-05	-6.32134e-05
185.743	1.40007	1.42212e-05	2.61009e-05	-0.000103124
187.316	1.41191	2.8519e-05	1.99816e-06	-0.000142053
188.889	1.42375	4.28167e-05	-2.21046e-05	-0.000180981
190.463	1.4356	5.71145e-05	-4.62074e-05	-0.00021991
192.036	1.44745	5.68051e-05	-2.61593e-05	-0.000196312
193.609	1.4593	5.48161e-05	-1.0344e-06	-0.000165524
195.183	1.47116	5.28271e-05	2.40905e-05	-0.000134736
196.756	1.48301	5.0838e-05	4.92153e-05	-0.000103948
198.329	1.49489	5.06873e-05	2.73329e-05	-0.000101616
199.902	1.50678	5.06873e-05	1.59746e-06	-0.000101616
