y	b	u.x	u.y	u.z	
3.125	0.0136601	3.27321e-05	-1.91522e-07	1.87222e-05
5.08207	0.0431304	1.04993e-05	3.814e-06	5.70436e-06
7.03914	0.0726006	4.21231e-07	1.80537e-06	-1.90743e-07
8.99621	0.102071	4.10549e-07	-5.18459e-06	-1.86367e-07
10.9533	0.131541	7.88256e-07	-9.54122e-06	-4.02506e-07
12.9104	0.161011	1.03882e-06	-8.49196e-06	-5.45826e-07
14.8674	0.190482	1.01694e-06	-1.54059e-06	-5.33688e-07
16.8245	0.219952	1.02391e-06	3.60842e-06	-5.16734e-07
18.7816	0.249422	1.03258e-06	3.95386e-06	-4.99527e-07
20.7386	0.278892	1.01021e-06	-2.58728e-06	-4.87559e-07
22.6957	0.308363	1.26187e-06	-7.72537e-06	-6.46633e-07
24.6528	0.337833	1.72683e-06	-8.58477e-06	-9.38561e-07
26.6098	0.367303	1.68686e-06	-2.34383e-06	-9.14457e-07
28.5669	0.396773	1.58157e-06	3.31317e-06	-8.39099e-07
30.524	0.426244	1.29704e-06	5.60769e-06	-6.22615e-07
32.4811	0.455714	1.2705e-06	5.50689e-08	-6.05726e-07
34.4381	0.485184	1.27054e-06	-5.38563e-06	-6.03595e-07
36.3952	0.514654	2.02807e-06	-7.13491e-06	-1.02172e-06
38.3523	0.544124	1.99068e-06	-2.26196e-06	-9.9211e-07
40.3093	0.573595	1.95329e-06	2.61099e-06	-9.62504e-07
42.2664	0.603065	1.29933e-06	5.72498e-06	-3.09612e-07
44.2235	0.632535	1.27211e-06	2.22248e-06	-2.67287e-07
46.1806	0.662005	1.28565e-06	-1.62344e-06	-2.64915e-07
48.1376	0.691476	2.05838e-06	-3.09495e-06	-4.1742e-07
50.0947	0.720815	-8.29417e-06	-2.78707e-06	-6.57524e-06
52.0518	0.750249	1.96347e-06	2.02581e-06	-8.82936e-07
54.0088	0.779726	1.93932e-06	4.55646e-06	6.70284e-08
55.9659	0.809204	2.20812e-06	4.18995e-06	4.96331e-07
57.923	0.838681	2.62793e-06	2.91604e-06	3.68097e-07
59.88	0.868158	3.57488e-06	2.58896e-06	4.15124e-07
61.8371	0.897636	2.39563e-06	1.06192e-05	-8.09423e-07
63.7942	0.927002	1.42956e-05	4.43283e-06	-1.16867e-06
65.7513	0.956485	9.26349e-06	2.40185e-05	-1.35854e-06
67.7083	0.985972	7.80237e-06	2.17433e-05	-1.17057e-05
69.6654	1.01545	5.29534e-05	-2.01557e-06	-1.25187e-05
71.6225	1.04497	0.000152656	-3.14391e-05	-5.33033e-05
73.5795	1.0746	0.000534937	1.62888e-05	-0.000379641
75.5366	1.10397	0.00126463	-1.46085e-05	-0.000606943
77.4937	1.13354	0.00380952	-6.53682e-05	-0.00124829
79.4507	1.16341	0.0074588	-6.15696e-05	2.24287e-05
81.4078	1.1928	0.00818869	9.17626e-05	0.000218201
83.3649	1.22198	0.0063145	7.18842e-05	0.00137832
85.322	1.25114	0.00343215	6.36478e-05	0.000748476
87.279	1.2805	0.00193111	3.47452e-06	0.000115479
89.2361	1.30998	0.00208633	-5.63404e-05	-7.77714e-05
91.1932	1.3394	0.00149603	5.21329e-05	0.000106692
93.1502	1.36886	0.00103233	2.48112e-05	8.94683e-05
95.1073	1.39837	0.000995424	-3.34701e-06	3.04383e-05
97.0644	1.42788	0.000867872	-1.25805e-05	-5.16144e-06
99.0215	1.45745	0.000845766	9.87618e-06	5.80352e-06
100.979	1.48705	-4.1144e-05	-3.28206e-05	1.18069e-06
102.936	1.51662	3.6906e-05	-3.37721e-05	8.50104e-06
104.893	1.54615	1.63203e-05	1.48044e-05	7.00845e-06
106.85	1.57566	8.78069e-06	1.01763e-06	3.44669e-06
108.807	1.60517	-1.64709e-05	-2.62684e-05	3.35644e-06
110.764	1.63467	-8.47457e-06	5.33646e-06	3.25408e-06
112.721	1.66417	-9.00873e-06	-3.055e-06	3.11637e-06
114.678	1.69367	-2.3538e-06	1.47522e-05	3.48711e-06
116.635	1.72317	-3.07594e-06	1.34668e-05	9.17371e-08
118.592	1.75266	-3.43868e-06	5.95933e-06	1.27321e-07
120.549	1.78216	-3.80141e-06	-1.5481e-06	1.62906e-07
122.506	1.81166	-2.52588e-06	-3.99366e-06	4.91333e-07
124.463	1.84112	9.31832e-06	9.23116e-06	9.03756e-06
126.42	1.87047	-4.10249e-06	5.96061e-06	-6.42704e-07
128.378	1.89995	-4.69448e-06	6.94892e-06	-2.29524e-06
130.335	1.92944	-5.02631e-06	3.29941e-06	-2.45055e-06
132.292	1.95892	-5.35813e-06	-3.50097e-07	-2.60586e-06
134.249	1.98841	-3.21868e-06	-3.04505e-06	-1.07106e-06
136.206	2.01789	-3.03917e-06	-1.14055e-06	-8.84006e-07
138.163	2.04724	-3.01275e-06	1.00243e-06	-8.20517e-07
140.12	2.07672	-3.27062e-06	2.60396e-06	-1.35946e-06
142.077	2.1062	-3.50879e-06	2.03389e-06	-1.79689e-06
144.034	2.13567	-3.67297e-06	1.05545e-06	-1.8798e-06
145.991	2.16515	-2.98243e-06	-2.43564e-08	-1.38673e-06
147.948	2.19463	-1.55561e-06	-6.83943e-07	-3.98655e-07
149.905	2.22406	-2.67709e-06	-8.78109e-06	-2.78936e-06
151.862	2.2534	-1.70566e-06	-1.57214e-07	-3.22239e-07
153.819	2.28287	-2.07118e-06	8.42515e-07	-9.25883e-07
155.776	2.31234	-2.14675e-06	1.70017e-06	-9.59357e-07
157.734	2.34181	-2.12543e-06	2.4229e-06	-9.31433e-07
159.691	2.37128	-6.2476e-07	7.1203e-07	3.38238e-08
161.648	2.40075	-6.44691e-07	-8.24101e-07	3.49283e-08
163.605	2.43022	-6.64623e-07	-2.36023e-06	3.60328e-08
165.562	2.45969	-1.05598e-06	-1.17657e-06	-4.26571e-07
167.519	2.48916	-1.10017e-06	8.22684e-07	-4.54961e-07
169.476	2.51863	-1.13215e-06	2.84457e-06	-4.68094e-07
171.433	2.5481	-3.36971e-07	1.72522e-06	2.14725e-08
173.39	2.57757	-1.27502e-07	-5.55035e-07	1.54907e-07
175.347	2.60704	-1.30704e-07	-3.01505e-06	1.59042e-07
177.304	2.63651	-3.42963e-07	-2.51999e-06	-4.01929e-08
179.261	2.66598	-4.67549e-07	-3.33775e-07	-1.54005e-07
181.218	2.69545	-4.79136e-07	2.37166e-06	-1.57795e-07
183.175	2.72492	-2.11437e-07	2.2453e-06	-7.53726e-09
185.133	2.75439	4.4166e-08	1.00832e-07	1.36024e-07
187.09	2.78387	4.52408e-08	-2.85255e-06	1.39157e-07
189.047	2.81334	-2.31903e-08	-3.33169e-06	7.22121e-08
191.004	2.84281	-1.24238e-07	-1.51997e-06	-2.76046e-08
192.961	2.87228	-1.26926e-07	1.49816e-06	-2.81978e-08
194.918	2.90175	-8.83548e-08	2.43292e-06	-1.96311e-08
196.875	2.93122	3.19969e-11	8.52244e-07	-5.06609e-12
