y	b	u.x	u.y	u.z	
1.5625	0.00791251	-0.000113053	0.000177548	9.34134e-05
3.55114	0.0374992	-6.96176e-05	0.00075387	6.30117e-05
5.53977	0.0670859	1.22076e-05	0.000543394	8.63599e-07
7.52841	0.0966725	1.27867e-05	-0.000104188	4.62579e-07
9.51704	0.126259	1.52882e-05	-0.000728646	-1.76101e-06
11.5057	0.155845	3.24684e-05	-0.000617321	-1.58916e-05
13.4943	0.185432	3.68994e-05	3.20144e-05	-1.54502e-05
15.483	0.215018	4.13305e-05	0.000681349	-1.50088e-05
17.4716	0.244604	4.27966e-05	0.000682767	-7.79064e-06
19.4602	0.27419	4.68466e-05	3.07724e-05	-8.21041e-06
21.4489	0.303777	5.08966e-05	-0.000621223	-8.63018e-06
23.4375	0.333361	8.07605e-05	-0.000774084	-3.79735e-05
25.4261	0.362948	9.06079e-05	-0.00011752	-3.69723e-05
27.4148	0.392535	0.000100455	0.000539044	-3.5971e-05
29.4034	0.42212	9.3304e-05	0.000834357	-1.42177e-05
31.392	0.451707	0.000106625	0.000172813	-1.63067e-05
33.3807	0.481295	0.000119947	-0.000488731	-1.83958e-05
35.3693	0.510879	0.000149368	-0.000927487	-4.75733e-05
37.358	0.540468	0.000186114	-0.000258583	-4.66015e-05
39.3466	0.570056	0.00022286	0.000410321	-4.56298e-05
41.3352	0.599644	0.000210356	0.000967203	1.5103e-06
43.3239	0.629231	0.000232743	0.000342932	5.53336e-06
45.3125	0.658819	0.000261889	-0.000334917	2.65242e-06
47.3011	0.688408	0.000284064	-0.000929403	-1.04441e-05
49.2898	0.717997	0.000330916	-0.000390119	-8.12821e-06
51.2784	0.746804	0.000399271	0.000287153	1.36709e-05
53.267	0.776426	0.000441348	0.000957285	3.90183e-05
55.2557	0.806053	0.000441705	0.000541864	8.5578e-05
57.2443	0.835676	0.000485891	-0.000161337	7.81667e-05
59.2329	0.865298	0.000530077	-0.000864539	7.07554e-05
61.2216	0.894926	0.000580278	-0.000581041	4.18269e-05
63.2102	0.924524	0.000601457	0.000135557	7.65144e-05
65.1989	0.954138	0.000623309	0.000852302	0.000111549
67.1875	0.983791	0.00047914	0.000660313	0.00010057
69.1761	1.01346	0.00012181	-7.4019e-05	5.18589e-05
71.1648	1.04313	-0.00023552	-0.000808351	3.14759e-06
73.1534	1.0729	-0.000421171	-0.000776112	-9.47928e-05
75.142	1.10272	-0.0007838	0.000114202	-9.8613e-06
77.1307	1.13261	-0.0014587	0.000649292	0.000241543
79.1193	1.16243	0.000463857	0.00119612	0.000155889
81.1079	1.19239	0.00678492	0.00018985	-0.000158702
83.0966	1.22257	0.0147057	-0.000857699	-5.75622e-05
85.0852	1.25231	0.0279502	-0.00105491	0.000916811
87.0739	1.28118	0.0447352	-0.000185661	0.000873617
89.0625	1.30978	0.05729	0.000383028	-0.00110336
91.0511	1.33838	0.0545341	-0.000404819	-0.000735998
93.0398	1.36741	0.0386619	-0.000246694	-0.000716856
95.0284	1.39663	0.0208168	0.000403408	-0.000386291
97.017	1.42589	0.0065847	0.00129535	-0.000393411
99.0057	1.45597	0.0043888	0.000362069	-0.000286656
100.994	1.48606	0.00160523	-0.000407848	-0.000188274
102.983	1.51616	-0.000301546	-0.00121171	-5.31769e-05
104.972	1.54601	-0.000345994	-0.000431403	-0.000107344
106.96	1.5758	-0.000298048	0.000227965	-8.47302e-05
108.949	1.60563	-0.000354322	0.000896851	-0.000103437
110.937	1.63533	-0.00016897	0.000429019	-9.08949e-05
112.926	1.66496	0.000110869	-0.000113205	-7.01238e-05
114.915	1.6946	0.000328354	-0.000726633	-4.66691e-05
116.903	1.72423	0.000312645	-0.000481152	-1.68587e-06
118.892	1.75386	0.000224305	8.17688e-05	-1.78264e-05
120.881	1.78349	0.000135964	0.000644689	-3.3967e-05
122.869	1.81311	0.000176465	0.000531734	-1.80171e-05
124.858	1.84273	0.000198916	-7.61659e-06	-2.38202e-05
126.847	1.8723	0.000260572	-0.00055151	2.95801e-06
128.835	1.90191	0.000190106	-0.000554322	2.16098e-05
130.824	1.93153	0.000147688	-2.99142e-05	1.85642e-05
132.812	1.96115	0.000101189	0.000494415	1.64848e-05
134.801	1.99077	0.000105269	0.000601856	-1.02023e-06
136.79	2.02038	0.000112124	9.474e-05	2.67122e-06
138.778	2.04999	0.000119029	-0.00041229	6.38e-06
140.767	2.07961	5.83207e-05	-0.000631641	1.2476e-06
142.756	2.10922	3.53802e-05	-0.000138975	2.26732e-06
144.744	2.13884	1.24397e-05	0.000353692	3.28705e-06
146.733	2.16846	2.54277e-05	0.000648386	-1.03546e-05
148.722	2.19808	3.48499e-05	0.000181551	-1.33029e-05
150.71	2.22689	3.27864e-05	-0.000302665	-8.40601e-06
152.699	2.25648	1.78298e-05	-0.000666653	-9.43139e-06
154.687	2.28606	-1.11268e-05	-0.000237058	-1.28594e-05
156.676	2.31565	-1.98579e-05	0.000231607	-1.32794e-05
158.665	2.34524	-2.25821e-05	0.000662157	-1.39378e-05
160.653	2.37482	1.58883e-05	0.00027146	-1.57567e-05
162.642	2.40441	1.62211e-05	-0.000188274	-1.57991e-05
164.631	2.434	1.65539e-05	-0.000648007	-1.58415e-05
166.619	2.46359	-7.8573e-06	-0.000322796	-1.20424e-05
168.608	2.49317	-1.05473e-05	0.000129007	-1.24676e-05
170.597	2.52276	-1.32373e-05	0.00058081	-1.28928e-05
172.585	2.55235	1.8929e-05	0.000365291	-9.21465e-06
174.574	2.58193	1.90521e-05	-8.03985e-05	-9.35367e-06
176.562	2.61152	1.91752e-05	-0.000526088	-9.4927e-06
178.551	2.6411	9.09638e-07	-0.000405643	-4.45232e-06
180.54	2.67069	2.91409e-08	3.54308e-05	-4.59549e-06
182.528	2.70028	-8.51356e-07	0.000476505	-4.73867e-06
184.517	2.72986	1.4287e-05	0.000458426	-2.26591e-06
186.506	2.75945	1.41926e-05	2.08705e-05	-2.29826e-06
188.494	2.78904	1.40982e-05	-0.000416685	-2.3306e-06
190.483	2.81862	2.95461e-06	-0.000477351	-6.09909e-07
192.472	2.84821	1.27775e-06	-5.51777e-05	-4.00375e-07
194.46	2.8778	1.01681e-06	0.000380689	-4.16193e-07
196.449	2.90738	3.56142e-07	0.000510267	-1.32952e-07
198.437	2.93697	1.11137e-07	0.000117087	5.12368e-09
