y	b	bdiff	u.x	u.y	u.z	Ri	
0.0976562	0.00366843	0.000587045	7.37809e-05	1.62038e-05	-1.88168e-06	138.951
1.66016	0.00663599	8.80596e-05	0.000606099	-1.54256e-05	1.74671e-05	3562.58
3.22266	0.0126008	-0.000109853	0.001031	1.48156e-05	0.000135857	4364.87
4.78516	0.0189766	0.000103149	0.00201575	-1.33335e-05	0.000289534	2201.2
6.34766	0.0251779	0.00014169	0.00307725	1.30234e-05	0.000410957	1139.49
7.91016	0.031298	9.90642e-05	0.00385765	-1.0515e-05	0.000467276	684.961
9.47266	0.0374029	4.12036e-05	0.00425325	1.07616e-05	0.000394561	496.949
11.0352	0.0435186	-5.85578e-06	0.00421328	-6.92485e-06	0.000129319	510.235
12.5977	0.0496549	-3.23613e-05	0.00373625	7.78017e-06	-0.000314198	1003.25
14.1602	0.0558275	-2.24964e-05	0.00293014	-2.75216e-06	-0.00072961	2774.12
15.7227	0.0620944	8.16465e-05	0.00214453	3.88339e-06	-0.00101539	2044.17
17.2852	0.068564	0.000388448	0.00166963	2.94202e-06	-0.00115851	526.056
18.8477	0.0753759	0.00103762	0.00137546	-3.316e-07	-0.00131287	611.862
20.4102	0.08268	0.00217894	0.00252447	-2.68842e-07	-0.00122705	481.648
21.9574	0.0903667	0.00376297	0.0096249	2.10942e-05	-0.00109074	309.577
23.4657	0.0978968	0.00534431	0.0227812	3.56523e-05	-0.000327364	342.172
24.9547	0.105159	0.00673382	0.0410578	1.84418e-05	0.000333951	275.498
26.4438	0.111694	0.00739501	0.0696525	2.3379e-05	-0.00123388	138.994
27.9314	0.11732	0.00715414	0.105098	3.57288e-05	-0.00233023	90.8807
29.3944	0.122299	0.00636262	0.14845	6.6193e-05	-0.00359046	108.747
30.8476	0.126643	0.00497449	0.191173	0.000128212	-0.00789503	150.493
32.3	0.130611	0.00321497	0.22538	8.10404e-05	-0.00862072	208.358
33.74	0.134548	0.00147132	0.240277	6.89909e-05	-0.00225859	237.872
35.1788	0.138246	-0.000505351	0.23628	0.000283937	0.00908553	180.917
36.6353	0.141756	-0.00273913	0.214963	-4.16723e-05	0.0105037	240.962
38.0812	0.145457	-0.00474116	0.175971	8.34578e-05	0.00539913	1906.8
39.5208	0.149974	-0.00590234	0.134968	-2.05088e-05	0.00333117	489.043
40.9446	0.155055	-0.00643773	0.0955709	0.000119605	0.0036725	93.4756
42.3431	0.160422	-0.00658632	0.0632497	9.64346e-05	0.00169196	327.514
43.7363	0.166194	-0.00630915	0.0401962	7.02331e-06	0.000692518	481.005
45.1227	0.172383	-0.00558842	0.0261322	-6.09641e-06	-0.000366491	550.415
46.5379	0.179015	-0.00453839	0.0164964	4.96641e-05	-0.00124261	614.069
47.9634	0.185725	-0.00345077	0.0101758	-2.03902e-05	-0.00141421	483.367
49.4003	0.192359	-0.00248462	0.00705707	-7.07433e-05	-0.00116687	334.081
50.8531	0.198935	-0.00163842	0.00236828	-7.64813e-05	-0.000715913	388.5
52.3629	0.205587	-0.000941454	0.00182573	-1.33193e-05	-0.000476245	468.057
53.9163	0.212206	-0.000448926	0.00197341	1.34707e-05	-0.000474268	576.42
55.4788	0.21865	-0.00016766	0.00192768	-1.29139e-05	-0.000324816	1378.42
57.0413	0.224926	-5.42988e-05	0.00168565	2.09534e-05	-0.000150049	1711.02
58.6038	0.23111	-3.36727e-05	0.00143099	-2.0553e-05	2.32635e-05	3469.16
60.1663	0.237274	-3.16288e-05	0.00108344	2.69458e-05	2.36098e-05	5103.32
61.7288	0.243443	-2.61684e-05	0.000775888	-2.68716e-05	1.34074e-05	14916.6
63.2913	0.249616	-1.54495e-05	0.00058091	3.18133e-05	-1.1432e-05	2732.05
64.8538	0.255789	-5.48868e-06	0.000518921	-3.19665e-05	6.57194e-06	2730.17
66.4163	0.261957	3.07305e-07	0.000502998	3.56865e-05	1.11284e-05	4489.89
67.9788	0.268122	2.34359e-06	0.000525702	-3.59301e-05	2.37166e-05	6209.64
69.5413	0.274285	2.61004e-06	0.000543792	3.86469e-05	2.19523e-05	8931.21
71.1038	0.280448	2.60685e-06	0.000578841	-3.88892e-05	2.23733e-05	11037
72.6663	0.286611	2.85592e-06	0.000600196	4.08071e-05	1.61817e-05	17717.3
74.2288	0.292774	3.42907e-06	0.000629493	-4.09897e-05	1.29012e-05	13982.4
75.7913	0.298937	3.64546e-06	0.00064043	4.23045e-05	7.90613e-06	16182.1
77.3538	0.305099	3.04601e-06	0.000651852	-4.2394e-05	5.68244e-06	18210.8
78.9163	0.31126	1.21371e-06	0.000643069	4.32725e-05	3.25838e-06	10267.7
80.4788	0.31742	-1.7884e-06	0.000629788	-4.32682e-05	2.5659e-06	10283.6
82.0413	0.323579	-5.69933e-06	0.000597017	4.3842e-05	1.75021e-06	17406.1
83.6038	0.329737	-1.003e-05	0.000557918	-4.37692e-05	1.66175e-06	21957.7
85.1663	0.335896	-1.42554e-05	0.000502466	4.41375e-05	1.34898e-06	25753.2
86.7288	0.342055	-1.789e-05	0.000442296	-4.4031e-05	1.27383e-06	24774.2
88.2913	0.348215	-2.05187e-05	0.000371666	4.42679e-05	1.00491e-06	67269.3
89.8538	0.354377	-2.18741e-05	0.000301061	-4.41593e-05	8.39922e-07	72042.9
91.4163	0.360539	-2.1804e-05	0.000227994	4.43155e-05	5.76262e-07	206746
92.9788	0.366703	-2.06168e-05	0.000161464	-4.42308e-05	4.00732e-07	125336
94.5413	0.372868	-1.88936e-05	0.000101451	4.43328e-05	1.92415e-07	569446
96.1038	0.379045	-4.02227e-06	5.31751e-05	-4.42857e-05	1.87122e-07	1.29749e+06
97.6663	0.385322	0.000110184	1.60465e-05	4.43405e-05	9.20028e-07	476629
99.2288	0.391205	-0.000129779	9.83577e-06	-4.43277e-05	-9.3431e-07	645706
