x=90	y=200	z=200	n=65	len=1
b
0	0	0	0	0	0	0	0	0	0	0	0	0	0	0	0	0	0	0	0	0	0	0	0	0	0	0	0	0	0	0	0	0	0	0	0	0	0	0	0	0	0	0	0	0	0	0	0	0	0	0	0	0	0	0	0	0	0	0	0	0	0	0	0	0	
0.0239998	0.0229301	0.0219948	0.0210596	0.0204406	0.0198216	0.0195907	0.0193599	0.0194222	0.0194846	0.0197897	0.0200948	0.0206248	0.0211549	0.0217622	0.0223696	0.0229166	0.0234636	0.0237965	0.0241294	0.02428	0.0244306	0.0243623	0.0242939	0.0242667	0.0242395	0.0242094	0.0241792	0.0240266	0.0238741	0.0235457	0.0232173	0.0227774	0.0223374	0.0222419	0.0221463	0.0221181	0.0220899	0.022258	0.0224262	0.0229502	0.0234742	0.0240667	0.0246592	0.024511	0.0243629	0.0237485	0.0231341	0.0228583	0.0225825	0.0229278	0.023273	0.0241972	0.0251215	0.026105	0.0270886	0.0276924	0.0282962	0.0282799	0.0282636	0.0276158	0.0269679	0.0260187	0.0250694	0.0239998	
0.048063	0.0461758	0.0444717	0.0427677	0.0415243	0.0402809	0.039702	0.0391232	0.0391489	0.0391746	0.0397488	0.0403231	0.0413639	0.0424047	0.0435861	0.0447674	0.0458431	0.0469187	0.0475872	0.0482558	0.0485595	0.0488633	0.0486893	0.0485153	0.0483832	0.0482512	0.0481324	0.0480137	0.0477474	0.0474812	0.0469054	0.0463296	0.0455284	0.0447272	0.0444841	0.044241	0.0441569	0.0440728	0.0443759	0.044679	0.0457287	0.0467785	0.0479418	0.0491052	0.048767	0.0484288	0.0472354	0.046042	0.0456374	0.0452329	0.0460555	0.0468781	0.0486637	0.0504494	0.0522219	0.0539945	0.0549681	0.0559416	0.0557774	0.0556131	0.0544781	0.053343	0.0516467	0.0499503	0.0480631	
0.0721262	0.0694215	0.0669486	0.0644758	0.062608	0.0607401	0.0598134	0.0588866	0.0588756	0.0588647	0.059708	0.0605513	0.0621029	0.0636546	0.0654099	0.0671653	0.0687696	0.0703738	0.071378	0.0723821	0.072839	0.073296	0.0730163	0.0727366	0.0724997	0.0722629	0.0720555	0.0718481	0.0714682	0.0710883	0.0702652	0.069442	0.0682795	0.067117	0.0667263	0.0663356	0.0661957	0.0660558	0.0664938	0.0669318	0.0685073	0.0700828	0.071817	0.0735512	0.073023	0.0724947	0.0707223	0.0689498	0.0684166	0.0678833	0.0691832	0.0704831	0.0731302	0.0757774	0.0783389	0.0809004	0.0822437	0.083587	0.0832749	0.0829627	0.0813405	0.0797182	0.0772747	0.0748311	0.0721264	
0.0955561	0.0924667	0.0896058	0.0867449	0.084483	0.0822211	0.0809595	0.079698	0.0795418	0.0793856	0.0803507	0.0813159	0.0831975	0.0850791	0.0872642	0.0894493	0.0914864	0.0935235	0.0948802	0.0962369	0.0969132	0.0975895	0.0972065	0.0968234	0.0963331	0.0958428	0.0954014	0.0949599	0.0945106	0.0940613	0.0932283	0.0923953	0.0910856	0.0897758	0.0892082	0.0886406	0.0883504	0.0880603	0.0885295	0.0889988	0.0910665	0.0931344	0.0952497	0.0973651	0.096596	0.0958267	0.0937509	0.091675	0.0913193	0.0909636	0.0928926	0.0948217	0.098097	0.101372	0.104237	0.107101	0.108337	0.109573	0.108958	0.108344	0.106342	0.104341	0.101493	0.0986456	0.0955563	
0.118986	0.115512	0.112263	0.109014	0.106358	0.103702	0.102106	0.100509	0.100208	0.0999065	0.100993	0.10208	0.104292	0.106504	0.109118	0.111733	0.114203	0.116673	0.118382	0.120092	0.120987	0.121883	0.121397	0.12091	0.120166	0.119423	0.118747	0.118072	0.117553	0.117034	0.116191	0.115349	0.113892	0.112435	0.11169	0.110946	0.110505	0.110065	0.110565	0.111066	0.113626	0.116186	0.118682	0.121179	0.120169	0.119159	0.11678	0.1144	0.114222	0.114044	0.116602	0.11916	0.123064	0.126967	0.130134	0.133301	0.13443	0.135558	0.134641	0.133724	0.131344	0.128964	0.125712	0.12246	0.118986	
0.141757	0.138407	0.13525	0.132094	0.129445	0.126795	0.125058	0.123321	0.122778	0.122236	0.123123	0.124011	0.126125	0.128239	0.130922	0.133605	0.136318	0.139031	0.141071	0.14311	0.144318	0.145526	0.145105	0.144684	0.14367	0.142656	0.141572	0.140488	0.139869	0.13925	0.138628	0.138007	0.136691	0.135376	0.134578	0.133779	0.133182	0.132586	0.133119	0.133652	0.136471	0.139289	0.141619	0.143949	0.142723	0.141498	0.139411	0.137324	0.137768	0.138211	0.141309	0.144407	0.148371	0.152335	0.155132	0.157928	0.15855	0.159172	0.157913	0.156653	0.154105	0.151556	0.148332	0.145108	0.141758	
0.164529	0.161302	0.158238	0.155173	0.152531	0.149889	0.14801	0.146132	0.145349	0.144565	0.145253	0.145941	0.147958	0.149975	0.152726	0.155477	0.158433	0.16139	0.163759	0.166128	0.167649	0.169169	0.168814	0.168459	0.167174	0.16589	0.164397	0.162904	0.162185	0.161466	0.161065	0.160664	0.159491	0.158317	0.157465	0.156613	0.15586	0.155107	0.155673	0.156239	0.159315	0.162392	0.164555	0.166719	0.165278	0.163836	0.162042	0.160248	0.161314	0.162379	0.166016	0.169654	0.173679	0.177703	0.180129	0.182555	0.18267	0.182785	0.181184	0.179582	0.176866	0.174149	0.170952	0.167755	0.164529	
0.187788	0.18521	0.182722	0.180234	0.177973	0.175713	0.173861	0.172009	0.17084	0.169672	0.169753	0.169835	0.171206	0.172576	0.174873	0.17717	0.180021	0.182873	0.185387	0.187901	0.189709	0.191517	0.19154	0.191563	0.190327	0.18909	0.187196	0.185301	0.184345	0.18339	0.183198	0.183007	0.182208	0.181409	0.180836	0.180264	0.179645	0.179027	0.179989	0.180951	0.183757	0.186563	0.187705	0.188847	0.187388	0.185929	0.184907	0.183885	0.185826	0.187768	0.191537	0.195306	0.19868	0.202054	0.203589	0.205123	0.204643	0.204163	0.202373	0.200582	0.198117	0.195652	0.193009	0.190366	0.187788	
0.211047	0.209118	0.207206	0.205295	0.203416	0.201537	0.199711	0.197885	0.196332	0.194779	0.194254	0.193728	0.194453	0.195178	0.19702	0.198862	0.20161	0.204357	0.207015	0.209673	0.211769	0.213865	0.214266	0.214668	0.213479	0.21229	0.209994	0.207698	0.206506	0.205313	0.205332	0.20535	0.204926	0.204501	0.204208	0.203914	0.203431	0.202947	0.204305	0.205663	0.208198	0.210734	0.210854	0.210974	0.209498	0.208021	0.207771	0.207521	0.210339	0.213157	0.217058	0.220959	0.223682	0.226405	0.227048	0.227691	0.226616	0.225541	0.223562	0.221582	0.219369	0.217156	0.215066	0.212976	0.211047	
0.235465	0.234557	0.233597	0.232636	0.231434	0.230232	0.228586	0.226941	0.22506	0.22318	0.221854	0.220529	0.220188	0.219847	0.220711	0.221574	0.223647	0.22572	0.228078	0.230436	0.232647	0.234858	0.235883	0.236908	0.236372	0.235835	0.233366	0.230897	0.22932	0.227743	0.227953	0.228163	0.228318	0.228472	0.228787	0.229101	0.229156	0.229211	0.23095	0.23269	0.23426	0.235831	0.234758	0.233686	0.232536	0.231387	0.232033	0.232679	0.235851	0.239023	0.242424	0.245824	0.247447	0.249069	0.248817	0.248566	0.247064	0.245562	0.243758	0.241953	0.240347	0.238741	0.237557	0.236374	0.235466	
0.259884	0.259996	0.259987	0.259978	0.259452	0.258927	0.257462	0.255996	0.253789	0.251581	0.249455	0.247329	0.245923	0.244516	0.244401	0.244286	0.245684	0.247083	0.24914	0.251198	0.253524	0.255851	0.257499	0.259148	0.259264	0.259381	0.256739	0.254096	0.252134	0.250172	0.250574	0.250976	0.25171	0.252444	0.253366	0.254288	0.254881	0.255475	0.257596	0.259717	0.260322	0.260928	0.258663	0.256398	0.255575	0.254752	0.256294	0.257836	0.261362	0.264889	0.267789	0.27069	0.271211	0.271733	0.270587	0.269441	0.267512	0.265583	0.263954	0.262325	0.261325	0.260326	0.260049	0.259771	0.259884	
0.284489	0.28556	0.286476	0.287393	0.287581	0.287769	0.286775	0.28578	0.283676	0.281572	0.279065	0.276559	0.274306	0.272054	0.270752	0.269451	0.269658	0.269865	0.27118	0.272495	0.274588	0.276682	0.278822	0.280963	0.282009	0.283055	0.280835	0.278615	0.276609	0.274603	0.275388	0.276172	0.277437	0.278701	0.28007	0.281439	0.282526	0.283614	0.28539	0.287165	0.286368	0.285571	0.283415	0.281258	0.28122	0.281182	0.283147	0.285112	0.287826	0.290539	0.292266	0.293992	0.293488	0.292983	0.291207	0.28943	0.287461	0.285491	0.284218	0.282944	0.282611	0.282279	0.282848	0.283417	0.284489	
0.309094	0.311125	0.312966	0.314807	0.31571	0.316612	0.316088	0.315564	0.313564	0.311564	0.308676	0.305788	0.30269	0.299591	0.297103	0.294615	0.293631	0.292648	0.29322	0.293791	0.295652	0.297513	0.300145	0.302777	0.304753	0.306728	0.304931	0.303133	0.301083	0.299034	0.300202	0.301369	0.303163	0.304958	0.306773	0.308589	0.310171	0.311753	0.313184	0.314614	0.312414	0.310214	0.308166	0.306118	0.306865	0.307611	0.31	0.312389	0.314289	0.316189	0.316742	0.317294	0.315764	0.314234	0.311826	0.309419	0.307409	0.305399	0.304481	0.303563	0.303898	0.304232	0.305647	0.307063	0.309094	
0.332437	0.334814	0.336986	0.339158	0.340478	0.341798	0.34181	0.341821	0.340466	0.339111	0.336612	0.334112	0.331125	0.328138	0.325233	0.322328	0.320585	0.318841	0.318508	0.318176	0.319405	0.320635	0.32287	0.325105	0.327451	0.329796	0.32946	0.329124	0.327992	0.326859	0.328141	0.329423	0.331303	0.333182	0.3347	0.336218	0.337643	0.339068	0.339535	0.340002	0.337341	0.33468	0.334457	0.334235	0.336543	0.338851	0.340623	0.342394	0.342162	0.34193	0.340517	0.339104	0.33684	0.334577	0.332107	0.329638	0.327816	0.325994	0.325422	0.324851	0.325616	0.326381	0.32822	0.33006	0.332437	
0.355779	0.358503	0.361005	0.363508	0.365246	0.366984	0.367531	0.368078	0.367369	0.366659	0.364548	0.362437	0.359561	0.356685	0.353363	0.350041	0.347538	0.345034	0.343797	0.34256	0.343159	0.343757	0.345595	0.347433	0.350149	0.352864	0.35399	0.355116	0.3549	0.354684	0.356081	0.357478	0.359442	0.361407	0.362627	0.363847	0.365115	0.366383	0.365886	0.365389	0.362267	0.359145	0.360748	0.362351	0.366221	0.370092	0.371246	0.372399	0.370035	0.36767	0.364292	0.360914	0.357917	0.35492	0.352388	0.349857	0.348223	0.346588	0.346363	0.346139	0.347335	0.348531	0.350793	0.353056	0.355779	
0.378231	0.380642	0.382839	0.385036	0.386703	0.388371	0.389161	0.389951	0.389765	0.389579	0.388319	0.38706	0.385399	0.383738	0.381494	0.379249	0.377176	0.375104	0.373438	0.371772	0.371411	0.371051	0.371722	0.372394	0.374119	0.375844	0.378388	0.380933	0.382518	0.384103	0.385239	0.386375	0.387575	0.388775	0.389155	0.389535	0.390066	0.390597	0.389417	0.388237	0.385764	0.383291	0.386956	0.390622	0.394646	0.398669	0.398731	0.398792	0.395077	0.391362	0.386706	0.382051	0.378855	0.375659	0.37346	0.371261	0.36995	0.368638	0.3687	0.368762	0.370093	0.371423	0.373622	0.37582	0.378231	
0.400683	0.402782	0.404673	0.406563	0.408161	0.409758	0.410791	0.411823	0.412161	0.412499	0.412091	0.411682	0.411236	0.41079	0.409624	0.408457	0.406815	0.405173	0.403078	0.400983	0.399664	0.398345	0.39785	0.397354	0.398089	0.398824	0.402786	0.406749	0.410135	0.413521	0.414396	0.415271	0.415707	0.416143	0.415683	0.415224	0.415018	0.414812	0.412948	0.411085	0.409261	0.407436	0.413165	0.418893	0.42307	0.427247	0.426216	0.425185	0.420119	0.415053	0.40912	0.403188	0.399793	0.396398	0.394532	0.392665	0.391677	0.390688	0.391037	0.391386	0.392851	0.394316	0.39645	0.398584	0.400683	
0.424298	0.425766	0.42697	0.428174	0.429394	0.430614	0.431619	0.432625	0.433138	0.433652	0.433598	0.433544	0.433912	0.43428	0.434576	0.434873	0.434775	0.434677	0.433266	0.431855	0.430255	0.428655	0.427349	0.426042	0.425138	0.424234	0.426445	0.428655	0.432906	0.437158	0.438615	0.440073	0.440144	0.440215	0.439297	0.438379	0.437835	0.437292	0.435114	0.432936	0.431975	0.431014	0.436838	0.442663	0.444363	0.446062	0.444298	0.442534	0.438747	0.43496	0.43019	0.425421	0.422581	0.41974	0.418099	0.416458	0.415668	0.414878	0.415499	0.41612	0.417655	0.419191	0.421011	0.422831	0.424298	
0.447914	0.44875	0.449268	0.449786	0.450628	0.45147	0.452448	0.453426	0.454115	0.454804	0.455105	0.455405	0.456587	0.457769	0.459529	0.461329	0.463146	0.464363	0.46437	0.463115	0.46133	0.459271	0.456832	0.454731	0.452188	0.449645	0.450103	0.450561	0.455677	0.460794	0.462834	0.464875	0.464581	0.464287	0.46291	0.461534	0.460653	0.459772	0.457279	0.454787	0.454689	0.454592	0.460512	0.466433	0.465655	0.464877	0.46238	0.459882	0.457374	0.454866	0.45126	0.447655	0.445368	0.443082	0.441666	0.440251	0.439659	0.439067	0.439961	0.440854	0.44246	0.444066	0.445572	0.447078	0.447914	
0.474288	0.474454	0.474144	0.473833	0.474241	0.474648	0.475548	0.476448	0.477304	0.478159	0.478712	0.479264	0.48064	0.482016	0.483924	0.48587	0.488725	0.491459	0.492416	0.491681	0.490497	0.4888	0.486234	0.484818	0.48144	0.478061	0.474812	0.471563	0.475174	0.478786	0.481265	0.483745	0.483982	0.484219	0.483251	0.482283	0.481815	0.481348	0.479333	0.477319	0.478115	0.478911	0.482807	0.486703	0.483914	0.481124	0.478662	0.476201	0.475855	0.47551	0.474162	0.472813	0.471755	0.470697	0.469479	0.46826	0.467582	0.466903	0.467666	0.468429	0.470055	0.471682	0.472901	0.474121	0.474288	
0.500661	0.500159	0.49902	0.497881	0.497854	0.497826	0.498648	0.499469	0.500492	0.501514	0.502318	0.503122	0.504692	0.506263	0.508319	0.510495	0.514591	0.521875	0.524555	0.521203	0.519444	0.519123	0.517297	0.515997	0.514242	0.507201	0.497993	0.492401	0.493015	0.496554	0.499242	0.502615	0.503383	0.50415	0.503591	0.503032	0.502978	0.502923	0.501388	0.499852	0.501541	0.503231	0.505103	0.506974	0.502172	0.49737	0.494945	0.492519	0.494337	0.496155	0.497063	0.497972	0.498142	0.498313	0.497291	0.49627	0.495504	0.494738	0.495371	0.496003	0.497651	0.499298	0.500231	0.501164	0.500661	
0.529974	0.529051	0.527356	0.525661	0.525092	0.524523	0.524955	0.525388	0.526163	0.526939	0.527853	0.528767	0.53044	0.532112	0.534809	0.536648	0.541911	0.553235	0.555419	0.548243	0.548682	0.55639	0.56243	0.566558	0.568675	0.556625	0.534841	0.520921	0.514918	0.5133	0.515739	0.518693	0.519997	0.5213	0.521323	0.521347	0.521804	0.522261	0.522172	0.522084	0.523719	0.525355	0.526162	0.52697	0.522379	0.517789	0.515143	0.512497	0.51457	0.516644	0.518402	0.520161	0.521285	0.522409	0.522712	0.523014	0.523199	0.523383	0.524383	0.525382	0.527421	0.52946	0.530179	0.530898	0.529974	
0.559287	0.557943	0.555692	0.553442	0.55233	0.551219	0.551263	0.551307	0.551835	0.552363	0.553388	0.554412	0.556187	0.557962	0.561298	0.56382	0.568436	0.576233	0.575278	0.571016	0.584961	0.607347	0.622598	0.627626	0.626843	0.615721	0.58632	0.570928	0.545106	0.529281	0.531706	0.534679	0.536931	0.538449	0.539055	0.539661	0.54063	0.541599	0.542957	0.544316	0.545897	0.547479	0.547222	0.546966	0.542587	0.538207	0.535341	0.532474	0.534803	0.537132	0.539741	0.542351	0.544428	0.546506	0.548133	0.549759	0.550893	0.552028	0.553394	0.554761	0.557192	0.559622	0.560127	0.560631	0.559287	
0.584081	0.583337	0.581759	0.580182	0.578976	0.577771	0.57721	0.576648	0.576483	0.576317	0.576635	0.576953	0.578412	0.579871	0.586115	0.592223	0.594315	0.593978	0.591545	0.593965	0.618402	0.657528	0.66665	0.655956	0.642557	0.638637	0.620536	0.602725	0.552971	0.545838	0.54835	0.551133	0.553825	0.557012	0.558729	0.560446	0.562171	0.563895	0.564613	0.56533	0.566508	0.567686	0.568256	0.568825	0.566678	0.564531	0.562703	0.560876	0.560791	0.560706	0.561074	0.561441	0.563163	0.564884	0.566523	0.568162	0.569479	0.570796	0.572998	0.5752	0.578755	0.58231	0.583567	0.584824	0.584081	
0.608874	0.608731	0.607826	0.606922	0.605622	0.604322	0.603156	0.60199	0.60113	0.600271	0.599883	0.599494	0.600638	0.601781	0.610931	0.616333	0.617663	0.613309	0.610845	0.614239	0.635774	0.666639	0.677887	0.664452	0.644421	0.635004	0.634218	0.595285	0.559187	0.566365	0.566526	0.569501	0.572663	0.575599	0.578475	0.581227	0.584365	0.586192	0.586268	0.586344	0.587119	0.587894	0.589289	0.590684	0.590769	0.590854	0.590066	0.589277	0.586779	0.58428	0.582406	0.580532	0.581897	0.583262	0.584913	0.586564	0.588064	0.589565	0.592602	0.595639	0.600318	0.604998	0.607008	0.609017	0.608874	
0.621291	0.622457	0.622423	0.622389	0.621339	0.620289	0.619244	0.618199	0.617297	0.616394	0.615803	0.615211	0.615375	0.615539	0.621642	0.629131	0.631374	0.629956	0.630027	0.63912	0.657025	0.676299	0.682482	0.676828	0.665812	0.646765	0.630747	0.611136	0.591944	0.584965	0.586046	0.594759	0.595518	0.599786	0.604821	0.60918	0.61152	0.613468	0.612436	0.611404	0.61076	0.610116	0.612193	0.614271	0.615571	0.61687	0.617564	0.618258	0.616124	0.613989	0.611345	0.6087	0.607933	0.607165	0.606689	0.606214	0.606411	0.606608	0.608191	0.609774	0.612657	0.61554	0.617832	0.620125	0.621291	
0.633707	0.636183	0.637019	0.637856	0.637056	0.636256	0.635332	0.634407	0.633462	0.632517	0.631723	0.630929	0.630112	0.629296	0.632353	0.63541	0.638139	0.640216	0.640834	0.656441	0.673808	0.679163	0.679478	0.677404	0.684138	0.679923	0.663084	0.645447	0.616883	0.61569	0.608676	0.623701	0.620445	0.626752	0.63301	0.637785	0.638592	0.640744	0.638604	0.636463	0.634401	0.632339	0.635098	0.637857	0.640372	0.642886	0.645063	0.647239	0.645469	0.643698	0.640283	0.636869	0.633969	0.631069	0.628466	0.625864	0.624758	0.623652	0.623781	0.62391	0.624995	0.626081	0.628656	0.631232	0.633707	
0.648371	0.649446	0.649886	0.650325	0.650471	0.650618	0.651286	0.651954	0.651472	0.650989	0.649691	0.648392	0.647145	0.645898	0.646559	0.64722	0.648001	0.649591	0.64835	0.654996	0.666499	0.668631	0.668751	0.674156	0.687753	0.700838	0.70235	0.698263	0.658756	0.684112	0.657122	0.643755	0.659666	0.659232	0.66115	0.662932	0.661538	0.659355	0.656475	0.653594	0.652337	0.65108	0.654644	0.658209	0.660362	0.662515	0.663882	0.665248	0.664064	0.662879	0.660846	0.658813	0.656587	0.654361	0.652106	0.649851	0.648366	0.646882	0.6462	0.645518	0.645687	0.645857	0.646576	0.647296	0.648371	
0.663034	0.662709	0.662752	0.662794	0.663887	0.664979	0.66724	0.669501	0.669481	0.669461	0.667658	0.665855	0.664178	0.662501	0.660765	0.65903	0.657863	0.656696	0.659739	0.661797	0.664904	0.668103	0.674771	0.682014	0.695169	0.710298	0.720339	0.721573	0.703073	0.639208	0.684589	0.706925	0.738936	0.691049	0.686579	0.684861	0.681972	0.677965	0.674345	0.670725	0.670273	0.669821	0.674191	0.678561	0.680353	0.682144	0.682701	0.683257	0.682659	0.68206	0.681409	0.680757	0.679206	0.677654	0.675746	0.673837	0.671975	0.670112	0.668619	0.667126	0.666379	0.665633	0.664496	0.66336	0.663034	
0.68731	0.686889	0.687105	0.687321	0.688697	0.690072	0.691835	0.693597	0.693501	0.693405	0.692644	0.691884	0.690952	0.690021	0.688819	0.687617	0.687027	0.686436	0.688459	0.687675	0.688643	0.692171	0.696503	0.702762	0.715521	0.726924	0.731998	0.735746	0.734633	0.709019	0.731918	0.726197	0.777147	0.707508	0.704826	0.70369	0.701509	0.698333	0.695358	0.692382	0.692273	0.692164	0.697483	0.702801	0.705457	0.708113	0.709013	0.709913	0.710102	0.710291	0.710207	0.710122	0.709401	0.70868	0.70682	0.704959	0.702478	0.699997	0.697244	0.694491	0.692435	0.69038	0.689056	0.687732	0.68731	
0.711586	0.711069	0.711459	0.711848	0.713508	0.715167	0.71643	0.717694	0.717521	0.717348	0.71763	0.717912	0.717727	0.717542	0.716874	0.716205	0.716191	0.716176	0.717179	0.718182	0.718193	0.718205	0.72442	0.730173	0.739649	0.747205	0.750698	0.75282	0.752945	0.750223	0.755017	0.753876	0.781582	0.728196	0.726109	0.725155	0.723412	0.7187	0.71637	0.714039	0.714273	0.714508	0.720775	0.727042	0.730561	0.734081	0.735325	0.736569	0.737546	0.738523	0.739005	0.739488	0.739598	0.739707	0.737894	0.736081	0.732981	0.729881	0.725868	0.721855	0.718492	0.715128	0.713616	0.712104	0.711586	
0.744339	0.744437	0.745166	0.745895	0.746861	0.747826	0.747441	0.747056	0.745662	0.744268	0.744144	0.74402	0.743761	0.743501	0.742887	0.742272	0.742183	0.742093	0.74296	0.743827	0.744427	0.745028	0.749842	0.755596	0.761303	0.765671	0.768158	0.76948	0.770342	0.769653	0.770029	0.767286	0.756192	0.754177	0.754391	0.752297	0.749551	0.74619	0.743428	0.740665	0.739686	0.738707	0.742631	0.746555	0.750012	0.753469	0.755371	0.757274	0.758779	0.760283	0.761416	0.762549	0.763232	0.763915	0.762664	0.761412	0.758939	0.756466	0.753364	0.750261	0.747879	0.745497	0.744869	0.744242	0.744339	
0.777093	0.777806	0.778874	0.779941	0.780214	0.780486	0.778453	0.776419	0.773804	0.771188	0.770658	0.770127	0.769794	0.769461	0.7689	0.768339	0.768175	0.76801	0.768741	0.769471	0.770661	0.77185	0.775265	0.77868	0.781918	0.785157	0.786598	0.788038	0.788087	0.788906	0.789862	0.791694	0.790287	0.787946	0.785388	0.781674	0.777682	0.77368	0.770486	0.767291	0.765099	0.762906	0.764486	0.766067	0.769462	0.772856	0.775418	0.777979	0.780011	0.782044	0.783827	0.78561	0.786867	0.788123	0.787433	0.786742	0.784897	0.783051	0.780859	0.778667	0.777267	0.775867	0.776123	0.77638	0.777093	
0.802363	0.803119	0.804132	0.805146	0.804903	0.80466	0.802391	0.800122	0.797503	0.794885	0.7939	0.792916	0.792174	0.791433	0.790872	0.79031	0.790193	0.790076	0.790965	0.791855	0.793495	0.795136	0.798442	0.801748	0.804552	0.807355	0.808389	0.809422	0.808755	0.808948	0.81067	0.814253	0.815863	0.815813	0.813882	0.81029	0.805883	0.801482	0.797336	0.79319	0.790629	0.788068	0.788345	0.788621	0.790498	0.792375	0.794487	0.796599	0.798633	0.800668	0.802595	0.804523	0.806256	0.807989	0.808492	0.808994	0.808359	0.807723	0.806093	0.804463	0.802998	0.801533	0.80157	0.801607	0.802363	
0.827633	0.828432	0.829391	0.830349	0.829592	0.828835	0.826329	0.823824	0.821203	0.818582	0.817143	0.815704	0.814555	0.813405	0.812843	0.812281	0.812211	0.812141	0.81319	0.814238	0.81633	0.818421	0.821619	0.824817	0.827185	0.829553	0.83018	0.830806	0.829422	0.828406	0.829449	0.832084	0.834772	0.836856	0.838006	0.837005	0.833316	0.829284	0.824187	0.819089	0.81616	0.813231	0.812203	0.811176	0.811535	0.811894	0.813556	0.815219	0.817255	0.819292	0.821364	0.823435	0.825645	0.827855	0.82955	0.831246	0.831821	0.832396	0.831327	0.830259	0.828729	0.827199	0.827016	0.826834	0.827633	
0.849995	0.849912	0.850189	0.850466	0.849449	0.848432	0.84621	0.843988	0.841988	0.839989	0.839181	0.838374	0.837965	0.837556	0.837679	0.837803	0.838141	0.83848	0.839927	0.841375	0.843394	0.845412	0.847597	0.849782	0.850544	0.851306	0.85049	0.849673	0.848192	0.847061	0.847318	0.849032	0.852153	0.85581	0.85924	0.860736	0.859028	0.855869	0.851686	0.847503	0.844546	0.841589	0.839783	0.837978	0.836937	0.835895	0.836467	0.837038	0.838742	0.840446	0.842456	0.844467	0.846647	0.848828	0.8508	0.852772	0.853969	0.855166	0.85478	0.854395	0.853028	0.85166	0.85087	0.850079	0.849995	
0.872357	0.871391	0.870986	0.870582	0.869305	0.868028	0.86609	0.864152	0.862773	0.861395	0.861219	0.861044	0.861375	0.861706	0.862515	0.863324	0.864072	0.864819	0.866665	0.868511	0.870457	0.872404	0.873576	0.874748	0.873904	0.87306	0.870799	0.868539	0.866962	0.865386	0.865377	0.865368	0.869937	0.874506	0.8799	0.885294	0.883874	0.882454	0.879185	0.875917	0.872932	0.869947	0.867364	0.864781	0.862338	0.859896	0.859377	0.858858	0.860229	0.8616	0.863549	0.865498	0.867649	0.869801	0.872049	0.874298	0.876117	0.877935	0.878233	0.87853	0.877326	0.876122	0.874723	0.873324	0.872357	
0.894568	0.892832	0.891666	0.890501	0.889073	0.887645	0.886204	0.884764	0.884152	0.88354	0.884309	0.885077	0.88641	0.887742	0.889377	0.891012	0.89209	0.893168	0.894252	0.895336	0.895926	0.896516	0.8966	0.896684	0.895339	0.893993	0.891478	0.888963	0.887422	0.885882	0.886071	0.886261	0.889796	0.893331	0.898481	0.903632	0.904326	0.90502	0.904065	0.903111	0.901575	0.90004	0.897236	0.894433	0.891094	0.887755	0.885895	0.884036	0.884612	0.885188	0.886885	0.888582	0.89072	0.892858	0.895129	0.8974	0.899274	0.901148	0.901666	0.902185	0.901044	0.899904	0.898104	0.896304	0.894568	
0.916778	0.914272	0.912347	0.910421	0.908841	0.907262	0.906319	0.905376	0.90553	0.905685	0.907398	0.90911	0.911444	0.913778	0.916239	0.9187	0.920108	0.921517	0.921838	0.92216	0.921394	0.920628	0.919624	0.91862	0.916774	0.914927	0.912157	0.909387	0.907882	0.906377	0.906766	0.907155	0.909655	0.912155	0.917062	0.92197	0.924777	0.927585	0.928945	0.930305	0.930219	0.930133	0.927109	0.924086	0.91985	0.915614	0.912413	0.909213	0.908994	0.908775	0.910221	0.911667	0.913792	0.915916	0.918209	0.920502	0.922431	0.92436	0.9251	0.925839	0.924763	0.923686	0.921485	0.919284	0.916779	
0.940251	0.93758	0.935328	0.933077	0.931448	0.929819	0.929266	0.928714	0.929418	0.930122	0.932251	0.934379	0.936934	0.93949	0.941886	0.944282	0.9453	0.946319	0.945949	0.945579	0.944155	0.942729	0.941457	0.940185	0.938544	0.936904	0.934623	0.932341	0.93134	0.930338	0.930839	0.93134	0.932714	0.934088	0.937502	0.940916	0.944105	0.947293	0.949911	0.952529	0.954061	0.955593	0.953667	0.95174	0.947738	0.943735	0.939897	0.936059	0.934959	0.93386	0.934787	0.935715	0.937585	0.939455	0.941561	0.943667	0.945467	0.947268	0.948086	0.948905	0.948036	0.947167	0.945045	0.942922	0.940251	
0.963724	0.960887	0.95831	0.955734	0.954054	0.952375	0.952214	0.952052	0.953306	0.95456	0.957104	0.959648	0.962425	0.965202	0.967533	0.969864	0.970492	0.97112	0.97006	0.968999	0.966915	0.964831	0.96329	0.961749	0.960315	0.958881	0.957088	0.955296	0.954797	0.954299	0.954912	0.955525	0.955773	0.956022	0.957942	0.959863	0.963432	0.967001	0.970877	0.974753	0.977903	0.981053	0.980224	0.979394	0.975626	0.971857	0.967381	0.962906	0.960925	0.958944	0.959353	0.959763	0.961378	0.962993	0.964913	0.966832	0.968504	0.970175	0.971073	0.971971	0.971309	0.970648	0.968604	0.966561	0.963724	
0.988538	0.986141	0.983844	0.981547	0.980057	0.978566	0.978517	0.978467	0.97977	0.981073	0.983384	0.985696	0.987921	0.990146	0.991731	0.993317	0.993201	0.993085	0.991798	0.990512	0.988586	0.986661	0.985173	0.983686	0.982844	0.982003	0.981181	0.980359	0.980394	0.980429	0.981098	0.981766	0.981425	0.981084	0.981677	0.982271	0.984669	0.987068	0.990578	0.994088	0.997713	1.00134	1.0019	1.00247	1.00014	0.997808	0.993877	0.989945	0.987502	0.985059	0.984594	0.984129	0.9851	0.986072	0.987648	0.989224	0.990818	0.992411	0.99345	0.99449	0.994255	0.994019	0.992477	0.990935	0.988538	
1.01335	1.0114	1.00938	1.00736	1.00606	1.00476	1.00482	1.00488	1.00623	1.00759	1.00966	1.01174	1.01342	1.01509	1.01593	1.01677	1.01591	1.01505	1.01354	1.01202	1.01026	1.00849	1.00706	1.00562	1.00537	1.00512	1.00527	1.00542	1.00599	1.00656	1.00728	1.00801	1.00708	1.00615	1.00541	1.00468	1.00591	1.00714	1.01028	1.01342	1.01752	1.02162	1.02359	1.02555	1.02465	1.02376	1.02037	1.01698	1.01408	1.01117	1.00983	1.00849	1.00882	1.00915	1.01038	1.01162	1.01313	1.01465	1.01583	1.01701	1.0172	1.01739	1.01635	1.01531	1.01335	
1.03807	1.03685	1.03545	1.03406	1.03313	1.0322	1.03225	1.03231	1.03326	1.03421	1.03559	1.03697	1.0378	1.03863	1.03869	1.03876	1.03759	1.03643	1.03505	1.03368	1.03245	1.03123	1.03028	1.02933	1.0297	1.03006	1.03076	1.03146	1.03203	1.0326	1.03314	1.03369	1.03272	1.03175	1.03046	1.02917	1.02932	1.02947	1.03147	1.03347	1.03701	1.04056	1.04322	1.04588	1.04642	1.04696	1.04465	1.04234	1.0396	1.03686	1.03497	1.03308	1.03271	1.03234	1.03305	1.03376	1.03505	1.03634	1.0376	1.03887	1.03945	1.04003	1.03966	1.03929	1.03807	
1.06278	1.0623	1.06153	1.06076	1.0602	1.05965	1.05969	1.05973	1.06029	1.06084	1.06152	1.0622	1.06219	1.06217	1.06145	1.06074	1.05928	1.05781	1.05657	1.05534	1.05465	1.05396	1.0535	1.05305	1.05403	1.055	1.05626	1.05751	1.05807	1.05864	1.05901	1.05937	1.05836	1.05736	1.05551	1.05367	1.05273	1.0518	1.05265	1.05351	1.0565	1.05949	1.06285	1.06621	1.06818	1.07015	1.06892	1.0677	1.06512	1.06255	1.06011	1.05767	1.0566	1.05552	1.05572	1.05591	1.05697	1.05803	1.05938	1.06073	1.0617	1.06268	1.06297	1.06326	1.06278	
1.08628	1.08643	1.08624	1.08605	1.08581	1.08558	1.08564	1.08571	1.08589	1.08608	1.08619	1.0863	1.08576	1.08522	1.0842	1.08318	1.08183	1.08048	1.07953	1.07858	1.0784	1.07822	1.07826	1.07831	1.07944	1.08058	1.08171	1.08285	1.08312	1.08338	1.08318	1.08298	1.08212	1.08127	1.07979	1.07831	1.07712	1.07592	1.07589	1.07585	1.07789	1.07993	1.08312	1.0863	1.08885	1.09141	1.09106	1.09071	1.08874	1.08678	1.08436	1.08195	1.0805	1.07905	1.07874	1.07843	1.07912	1.07982	1.08106	1.0823	1.08347	1.08464	1.08539	1.08614	1.08628	
1.10979	1.11056	1.11095	1.11134	1.11142	1.11151	1.1116	1.11169	1.1115	1.11131	1.11085	1.1104	1.10934	1.10828	1.10695	1.10561	1.10438	1.10315	1.10249	1.10182	1.10214	1.10247	1.10302	1.10358	1.10486	1.10615	1.10717	1.10819	1.10816	1.10813	1.10736	1.10659	1.10588	1.10518	1.10407	1.10296	1.10151	1.10005	1.09912	1.09819	1.09928	1.10037	1.10338	1.10639	1.10953	1.11266	1.11319	1.11372	1.11237	1.11101	1.10861	1.10622	1.1044	1.10258	1.10176	1.10094	1.10128	1.10161	1.10274	1.10387	1.10524	1.10661	1.10781	1.10902	1.10979	
1.13221	1.1333	1.13406	1.13481	1.13517	1.13552	1.13567	1.13582	1.13555	1.13528	1.13465	1.13402	1.13291	1.1318	1.13055	1.12931	1.12838	1.12745	1.12704	1.12663	1.12714	1.12764	1.12827	1.1289	1.12991	1.13091	1.13148	1.13205	1.13179	1.13154	1.13052	1.12949	1.12885	1.12821	1.12748	1.12675	1.12564	1.12453	1.12335	1.12217	1.12254	1.12291	1.12524	1.12758	1.13058	1.13358	1.13453	1.13549	1.13475	1.13401	1.13197	1.12993	1.12811	1.1263	1.12519	1.12408	1.12406	1.12404	1.12488	1.12573	1.12705	1.12837	1.12975	1.13112	1.13221	
1.15463	1.15604	1.15717	1.15829	1.15891	1.15953	1.15974	1.15996	1.1596	1.15925	1.15844	1.15763	1.15648	1.15532	1.15416	1.15301	1.15238	1.15175	1.15159	1.15144	1.15213	1.15282	1.15352	1.15423	1.15495	1.15567	1.15579	1.15591	1.15543	1.15495	1.15367	1.1524	1.15183	1.15125	1.1509	1.15054	1.14977	1.149	1.14757	1.14615	1.14579	1.14544	1.1471	1.14876	1.15163	1.1545	1.15587	1.15725	1.15713	1.157	1.15532	1.15363	1.15182	1.15002	1.14862	1.14722	1.14684	1.14646	1.14703	1.14759	1.14886	1.15013	1.15168	1.15323	1.15463	
1.17661	1.17808	1.17936	1.18064	1.18146	1.18227	1.18264	1.18301	1.1828	1.18259	1.18193	1.18128	1.18034	1.17941	1.1785	1.17759	1.17718	1.17678	1.17673	1.17669	1.17725	1.17782	1.17828	1.17875	1.17911	1.17948	1.17922	1.17897	1.17848	1.178	1.17685	1.17571	1.17517	1.17463	1.17431	1.17399	1.17343	1.17287	1.17166	1.17046	1.16978	1.16909	1.17016	1.17123	1.17364	1.17605	1.1775	1.17896	1.17924	1.17952	1.17824	1.17697	1.1754	1.17382	1.17237	1.17091	1.17029	1.16967	1.16992	1.17017	1.17119	1.17222	1.17368	1.17514	1.17661	
1.19859	1.20012	1.20156	1.20299	1.204	1.20501	1.20554	1.20607	1.206	1.20593	1.20542	1.20492	1.20421	1.20349	1.20283	1.20218	1.20199	1.20181	1.20187	1.20194	1.20238	1.20282	1.20304	1.20327	1.20328	1.20329	1.20266	1.20202	1.20154	1.20106	1.20003	1.19901	1.19851	1.19802	1.19772	1.19743	1.19708	1.19673	1.19575	1.19477	1.19376	1.19275	1.19323	1.19371	1.19566	1.1976	1.19913	1.20066	1.20134	1.20203	1.20117	1.20031	1.19897	1.19763	1.19611	1.19459	1.19373	1.19288	1.19281	1.19275	1.19353	1.19431	1.19568	1.19705	1.19859	
1.22077	1.22219	1.22362	1.22505	1.22616	1.22727	1.22797	1.22867	1.22883	1.22899	1.22875	1.22851	1.22809	1.22766	1.22723	1.22681	1.22672	1.22664	1.22667	1.22671	1.22694	1.22717	1.22714	1.2271	1.22693	1.22676	1.22602	1.22528	1.22487	1.22445	1.22359	1.22273	1.22226	1.22179	1.22143	1.22106	1.22076	1.22047	1.21969	1.21892	1.21793	1.21693	1.21706	1.21718	1.21862	1.22006	1.22143	1.2228	1.22367	1.22453	1.22401	1.22349	1.22246	1.22143	1.22002	1.2186	1.21766	1.21672	1.21641	1.2161	1.2166	1.2171	1.21823	1.21935	1.22077	
1.24296	1.24426	1.24568	1.2471	1.24831	1.24953	1.25039	1.25126	1.25166	1.25206	1.25208	1.25211	1.25196	1.25182	1.25163	1.25144	1.25145	1.25146	1.25147	1.25147	1.2515	1.25153	1.25124	1.25094	1.25059	1.25024	1.24939	1.24855	1.2482	1.24785	1.24715	1.24645	1.24601	1.24557	1.24513	1.24469	1.24445	1.2442	1.24364	1.24308	1.24209	1.24111	1.24088	1.24065	1.24158	1.24252	1.24373	1.24494	1.24599	1.24703	1.24685	1.24667	1.24595	1.24523	1.24392	1.24261	1.24159	1.24057	1.24001	1.23945	1.23967	1.2399	1.24078	1.24166	1.24296	
1.26576	1.26686	1.26816	1.26947	1.27069	1.27191	1.27288	1.27384	1.27443	1.27502	1.27527	1.27553	1.2756	1.27566	1.27563	1.2756	1.27564	1.27567	1.27561	1.27555	1.27546	1.27536	1.27494	1.27452	1.27413	1.27375	1.27294	1.27213	1.27179	1.27145	1.27083	1.27021	1.2698	1.26939	1.26896	1.26853	1.26831	1.26809	1.26764	1.2672	1.26632	1.26544	1.26505	1.26467	1.26522	1.26578	1.26677	1.26775	1.26879	1.26983	1.26986	1.26988	1.26944	1.269	1.26787	1.26674	1.26577	1.2648	1.2641	1.26341	1.26341	1.26342	1.26404	1.26466	1.26576	
1.28856	1.28945	1.29065	1.29185	1.29307	1.29429	1.29536	1.29643	1.2972	1.29798	1.29847	1.29895	1.29923	1.29951	1.29963	1.29976	1.29982	1.29988	1.29976	1.29964	1.29941	1.29919	1.29864	1.29809	1.29768	1.29726	1.29648	1.29571	1.29538	1.29505	1.2945	1.29396	1.29359	1.29321	1.29279	1.29237	1.29217	1.29198	1.29165	1.29132	1.29054	1.28976	1.28923	1.28869	1.28887	1.28904	1.2898	1.29056	1.29159	1.29262	1.29286	1.2931	1.29294	1.29277	1.29182	1.29087	1.28995	1.28902	1.2882	1.28737	1.28716	1.28695	1.28731	1.28766	1.28856	
1.31208	1.31277	1.31381	1.31485	1.31599	1.31713	1.3182	1.31927	1.32013	1.32098	1.32159	1.32219	1.32257	1.32295	1.32316	1.32336	1.32342	1.32348	1.32333	1.32318	1.32293	1.32269	1.32213	1.32157	1.32119	1.3208	1.3201	1.31939	1.31905	1.3187	1.31819	1.31768	1.31735	1.31703	1.31667	1.31631	1.31614	1.31597	1.3157	1.31542	1.31475	1.31408	1.31353	1.31297	1.31294	1.3129	1.31346	1.31403	1.31494	1.31585	1.31617	1.3165	1.3165	1.31651	1.31574	1.31498	1.31418	1.31338	1.31254	1.3117	1.31138	1.31105	1.31122	1.31138	1.31208	
1.3356	1.33608	1.33696	1.33784	1.33891	1.33997	1.34105	1.34212	1.34305	1.34398	1.3447	1.34543	1.34591	1.3464	1.34668	1.34695	1.34702	1.34709	1.3469	1.34672	1.34645	1.34618	1.34562	1.34505	1.3447	1.34435	1.34371	1.34308	1.34272	1.34236	1.34188	1.3414	1.34112	1.34085	1.34055	1.34026	1.34011	1.33997	1.33974	1.33952	1.33896	1.3384	1.33783	1.33726	1.33701	1.33676	1.33713	1.33749	1.33829	1.33908	1.33948	1.33989	1.34007	1.34025	1.33967	1.33909	1.33841	1.33773	1.33688	1.33604	1.33559	1.33515	1.33513	1.33511	1.3356	
1.35974	1.36009	1.36081	1.36153	1.36246	1.36339	1.36438	1.36536	1.36625	1.36713	1.36785	1.36857	1.36906	1.36956	1.36984	1.37012	1.37019	1.37026	1.37008	1.36991	1.36967	1.36943	1.36892	1.36842	1.36811	1.36779	1.36724	1.36668	1.36633	1.36598	1.36555	1.36511	1.36489	1.36466	1.36442	1.36419	1.36407	1.36395	1.36376	1.36357	1.36311	1.36264	1.36212	1.3616	1.36129	1.36098	1.36122	1.36146	1.36211	1.36276	1.36315	1.36354	1.36379	1.36403	1.3636	1.36317	1.36262	1.36207	1.3613	1.36053	1.36008	1.35962	1.35951	1.3594	1.35974	
1.38389	1.38409	1.38465	1.38521	1.38601	1.38681	1.38771	1.3886	1.38945	1.39029	1.391	1.39172	1.39221	1.39271	1.393	1.39329	1.39336	1.39343	1.39326	1.3931	1.39288	1.39267	1.39223	1.39178	1.39151	1.39124	1.39076	1.39027	1.38994	1.38961	1.38922	1.38883	1.38865	1.38847	1.38829	1.38812	1.38802	1.38792	1.38777	1.38762	1.38725	1.38688	1.38641	1.38594	1.38557	1.3852	1.38531	1.38542	1.38593	1.38644	1.38682	1.3872	1.3875	1.38781	1.38753	1.38725	1.38682	1.3864	1.38571	1.38503	1.38456	1.3841	1.38389	1.38369	1.38389	
1.40846	1.40858	1.40901	1.40944	1.41009	1.41073	1.41147	1.41221	1.41292	1.41363	1.41424	1.41485	1.41528	1.41571	1.41596	1.41621	1.41628	1.41634	1.4162	1.41606	1.4159	1.41573	1.41537	1.41501	1.41479	1.41457	1.41417	1.41377	1.41349	1.41321	1.41289	1.41257	1.41243	1.41229	1.41215	1.41202	1.41194	1.41186	1.41174	1.41162	1.41133	1.41105	1.41066	1.41027	1.40994	1.40961	1.40967	1.40972	1.41011	1.41049	1.41081	1.41113	1.41141	1.41168	1.41149	1.4113	1.41098	1.41066	1.4101	1.40954	1.40914	1.40874	1.40854	1.40833	1.40846	
1.43303	1.43308	1.43338	1.43368	1.43416	1.43465	1.43523	1.43582	1.4364	1.43697	1.43748	1.43799	1.43835	1.43871	1.43892	1.43913	1.43919	1.43925	1.43914	1.43903	1.43891	1.43879	1.43851	1.43823	1.43806	1.43789	1.43758	1.43727	1.43704	1.43681	1.43656	1.43631	1.43621	1.43611	1.43601	1.43592	1.43586	1.4358	1.43571	1.43562	1.43542	1.43521	1.43491	1.43461	1.43432	1.43403	1.43403	1.43403	1.43428	1.43454	1.4348	1.43506	1.43531	1.43556	1.43545	1.43535	1.43514	1.43493	1.43449	1.43406	1.43372	1.43339	1.43318	1.43298	1.43303	
1.45783	1.45786	1.45806	1.45825	1.45857	1.4589	1.45929	1.45969	1.46008	1.46047	1.46081	1.46116	1.4614	1.46165	1.46179	1.46194	1.46198	1.46202	1.46194	1.46187	1.46179	1.46171	1.46152	1.46134	1.46122	1.46111	1.4609	1.46069	1.46053	1.46038	1.46021	1.46004	1.45997	1.45991	1.45985	1.45978	1.45975	1.45971	1.45965	1.45959	1.45945	1.45932	1.45911	1.45891	1.45871	1.45852	1.45851	1.4585	1.45867	1.45884	1.45901	1.45918	1.45936	1.45953	1.45947	1.4594	1.45927	1.45913	1.45884	1.45855	1.45832	1.45809	1.45795	1.45781	1.45783	
1.48264	1.48264	1.48273	1.48283	1.48299	1.48315	1.48335	1.48356	1.48376	1.48396	1.48415	1.48433	1.48446	1.48459	1.48467	1.48474	1.48476	1.48478	1.48475	1.48471	1.48467	1.48463	1.48454	1.48445	1.48438	1.48432	1.48422	1.48411	1.48403	1.48394	1.48386	1.48377	1.48374	1.48371	1.48368	1.48365	1.48363	1.48361	1.48358	1.48356	1.48349	1.48342	1.48332	1.48322	1.48311	1.483	1.48299	1.48298	1.48305	1.48313	1.48322	1.48331	1.48341	1.4835	1.48348	1.48346	1.48339	1.48333	1.48319	1.48304	1.48292	1.4828	1.48272	1.48263	1.48264	
1.50751	1.50751	1.50751	1.50751	1.50751	1.50751	1.50751	1.50751	1.50751	1.50751	1.50751	1.50751	1.50751	1.50751	1.50751	1.50751	1.50751	1.50751	1.50751	1.50751	1.50751	1.50751	1.50751	1.50751	1.50751	1.50751	1.50751	1.50751	1.50751	1.50751	1.50751	1.50751	1.50751	1.50751	1.50751	1.50751	1.50751	1.50751	1.50751	1.50751	1.50751	1.50751	1.50751	1.50751	1.50751	1.50751	1.50751	1.50751	1.50751	1.50751	1.50751	1.50751	1.50751	1.50751	1.50751	1.50751	1.50751	1.50751	1.50751	1.50751	1.50751	1.50751	1.50751	1.50751	1.50751	
