x=200	y=110	z=200	n=65	len=1
b
0.821844	0.821971	0.822397	0.822824	0.82338	0.823937	0.824506	0.825075	0.825543	0.826011	0.826373	0.826734	0.826965	0.827196	0.827369	0.827541	0.827773	0.828004	0.827976	0.827947	0.828085	0.828223	0.828164	0.828104	0.828271	0.828438	0.82802	0.827602	0.827747	0.827892	0.827505	0.827118	0.827696	0.828274	0.827894	0.827515	0.827309	0.827102	0.826648	0.826194	0.825872	0.825551	0.825401	0.82525	0.824952	0.824654	0.823544	0.822433	0.821978	0.821523	0.821675	0.821828	0.822161	0.822494	0.822594	0.822695	0.822614	0.822534	0.822342	0.82215	0.821941	0.821732	0.821724	0.821717	0.821844	
0.823827	0.823875	0.824139	0.824402	0.824693	0.824985	0.825356	0.825728	0.825998	0.826269	0.826529	0.826789	0.826957	0.827125	0.827266	0.827407	0.827697	0.827986	0.828207	0.828429	0.828667	0.828904	0.828949	0.828994	0.829132	0.829269	0.828874	0.828479	0.828756	0.829033	0.828845	0.828657	0.829415	0.830174	0.829736	0.829298	0.828819	0.82834	0.827456	0.826572	0.825973	0.825373	0.825053	0.824733	0.82433	0.823927	0.822546	0.821165	0.820494	0.819823	0.820124	0.820426	0.8212	0.821975	0.822508	0.823041	0.823347	0.823654	0.82374	0.823826	0.823759	0.823692	0.823735	0.823779	0.823827	
0.825699	0.825676	0.825782	0.825887	0.825971	0.826054	0.826206	0.826358	0.826461	0.826565	0.826712	0.82686	0.826978	0.827096	0.827253	0.82741	0.827693	0.827976	0.828322	0.828668	0.828995	0.829322	0.829498	0.829674	0.829868	0.830063	0.829777	0.829491	0.829841	0.83019	0.830121	0.830052	0.830872	0.831693	0.831333	0.830974	0.83031	0.829646	0.828461	0.827275	0.82644	0.825605	0.82518	0.824756	0.824356	0.823956	0.822462	0.820968	0.819875	0.818782	0.818997	0.819213	0.820285	0.821357	0.8223	0.823244	0.823918	0.824592	0.824978	0.825364	0.825488	0.825611	0.825667	0.825722	0.825699	
0.827571	0.827478	0.827425	0.827372	0.827248	0.827123	0.827056	0.826988	0.826924	0.82686	0.826896	0.826932	0.827	0.827067	0.82724	0.827412	0.827689	0.827966	0.828436	0.828906	0.829323	0.82974	0.830047	0.830354	0.830605	0.830857	0.83068	0.830503	0.830925	0.831347	0.831397	0.831447	0.832329	0.833211	0.832931	0.832651	0.831802	0.830952	0.829465	0.827977	0.826907	0.825837	0.825308	0.824778	0.824381	0.823985	0.822378	0.820771	0.819256	0.817741	0.817871	0.818	0.81937	0.820739	0.822093	0.823447	0.824488	0.825529	0.826216	0.826903	0.827217	0.827531	0.827598	0.827665	0.827571	
0.829103	0.828938	0.828744	0.828549	0.82825	0.827951	0.827722	0.827492	0.827297	0.827102	0.827058	0.827013	0.827056	0.827098	0.827357	0.827615	0.827944	0.828273	0.828793	0.829312	0.829795	0.830278	0.8307	0.831121	0.831536	0.831951	0.831916	0.831881	0.83228	0.832678	0.832433	0.832188	0.832685	0.833181	0.833147	0.833113	0.832559	0.832005	0.830577	0.829149	0.828085	0.82702	0.82641	0.8258	0.825455	0.82511	0.823507	0.821903	0.820019	0.818134	0.817889	0.817644	0.819029	0.820414	0.821993	0.823572	0.824888	0.826204	0.827118	0.828032	0.828519	0.829006	0.829137	0.829268	0.829103	
0.830635	0.830399	0.830062	0.829725	0.829252	0.828779	0.828387	0.827996	0.82767	0.827344	0.827219	0.827095	0.827112	0.827129	0.827474	0.827819	0.828199	0.82858	0.829149	0.829718	0.830268	0.830817	0.831353	0.831889	0.832467	0.833046	0.833152	0.833258	0.833634	0.83401	0.833469	0.832928	0.83304	0.833151	0.833363	0.833574	0.833316	0.833058	0.83169	0.830321	0.829262	0.828204	0.827513	0.826822	0.826529	0.826236	0.824636	0.823035	0.820781	0.818527	0.817907	0.817287	0.818688	0.820089	0.821893	0.823697	0.825288	0.826879	0.82802	0.829161	0.829822	0.830482	0.830676	0.830871	0.830635	
0.831685	0.831465	0.831055	0.830646	0.830026	0.829407	0.828899	0.828391	0.827958	0.827524	0.827386	0.827248	0.827262	0.827275	0.82772	0.828166	0.828646	0.829126	0.829764	0.830402	0.831012	0.831622	0.83226	0.832898	0.833572	0.834246	0.834427	0.834609	0.834662	0.834716	0.833376	0.832035	0.831502	0.830969	0.831748	0.832528	0.832967	0.833406	0.83267	0.831934	0.83101	0.830086	0.829402	0.828717	0.828282	0.827847	0.826524	0.825201	0.822851	0.820501	0.819476	0.818451	0.81945	0.82045	0.822266	0.824082	0.825741	0.827399	0.828656	0.829913	0.830642	0.831371	0.831638	0.831905	0.831685	
0.832735	0.832531	0.832049	0.831566	0.830801	0.830035	0.829411	0.828787	0.828245	0.827703	0.827553	0.827402	0.827412	0.827422	0.827967	0.828513	0.829092	0.829672	0.830379	0.831086	0.831756	0.832427	0.833167	0.833908	0.834676	0.835445	0.835702	0.835959	0.835691	0.835422	0.833282	0.831142	0.829964	0.828786	0.830134	0.831481	0.832617	0.833754	0.83365	0.833546	0.832758	0.831969	0.831291	0.830612	0.830035	0.829457	0.828412	0.827367	0.824921	0.822476	0.821046	0.819616	0.820213	0.82081	0.822639	0.824467	0.826193	0.82792	0.829293	0.830665	0.831463	0.83226	0.832599	0.832938	0.832735	
0.833001	0.832802	0.832345	0.831888	0.8311	0.830312	0.829625	0.828939	0.82834	0.827741	0.827631	0.827522	0.827659	0.827797	0.828529	0.829262	0.830006	0.83075	0.831556	0.832363	0.833147	0.833931	0.83465	0.835369	0.836125	0.83688	0.836993	0.837106	0.836367	0.835629	0.832632	0.829635	0.828217	0.826799	0.828274	0.829749	0.831702	0.833655	0.834233	0.834811	0.834294	0.833776	0.83315	0.832524	0.831821	0.831118	0.830357	0.829596	0.827537	0.825477	0.823784	0.822091	0.822115	0.822138	0.823625	0.825112	0.826745	0.828378	0.82967	0.830963	0.831747	0.832531	0.832866	0.833201	0.833001	
0.833268	0.833072	0.832642	0.832211	0.8314	0.830589	0.829839	0.82909	0.828434	0.827778	0.82771	0.827643	0.827907	0.828172	0.829091	0.83001	0.830919	0.831828	0.832734	0.83364	0.834537	0.835435	0.836133	0.836831	0.837573	0.838315	0.838284	0.838253	0.837044	0.835835	0.831981	0.828127	0.82647	0.824812	0.826414	0.828017	0.830787	0.833557	0.834816	0.836076	0.835829	0.835583	0.835009	0.834435	0.833607	0.83278	0.832302	0.831825	0.830152	0.828479	0.826523	0.824567	0.824016	0.823466	0.824611	0.825757	0.827297	0.828837	0.830048	0.83126	0.832031	0.832801	0.833132	0.833463	0.833268	
0.832834	0.832631	0.832233	0.831835	0.831071	0.830308	0.829628	0.828948	0.828324	0.8277	0.827742	0.827785	0.828206	0.828627	0.829728	0.83083	0.831653	0.832477	0.833278	0.834078	0.835146	0.836214	0.836808	0.837402	0.837802	0.838202	0.838377	0.838551	0.83729	0.836029	0.83204	0.82805	0.826343	0.824636	0.826173	0.82771	0.83056	0.83341	0.834639	0.835867	0.836067	0.836267	0.836189	0.83611	0.835147	0.834183	0.833851	0.833519	0.832294	0.831069	0.829206	0.827343	0.826311	0.825279	0.825932	0.826585	0.827793	0.829001	0.830077	0.831154	0.831798	0.832443	0.832741	0.833038	0.832834	
0.832401	0.832189	0.831824	0.831459	0.830743	0.830028	0.829417	0.828806	0.828214	0.827622	0.827774	0.827927	0.828504	0.829082	0.830365	0.831649	0.832388	0.833127	0.833821	0.834516	0.835755	0.836993	0.837483	0.837973	0.838031	0.83809	0.83847	0.83885	0.837537	0.836223	0.832098	0.827972	0.826216	0.824459	0.825931	0.827404	0.830333	0.833263	0.834461	0.835659	0.836304	0.83695	0.837368	0.837786	0.836686	0.835586	0.8354	0.835214	0.834436	0.833658	0.831888	0.830118	0.828605	0.827092	0.827253	0.827414	0.82829	0.829166	0.830106	0.831047	0.831566	0.832086	0.832349	0.832613	0.832401	
0.831264	0.83104	0.83072	0.8304	0.829786	0.829172	0.828742	0.828312	0.827899	0.827486	0.82778	0.828076	0.828756	0.829436	0.83056	0.831684	0.832318	0.832952	0.833695	0.834437	0.835492	0.836547	0.83624	0.835932	0.835427	0.834923	0.83599	0.837058	0.836808	0.836559	0.833462	0.830366	0.828967	0.827568	0.828166	0.828765	0.830423	0.832081	0.833111	0.834142	0.835596	0.83705	0.838123	0.839196	0.838108	0.837021	0.83666	0.836299	0.835914	0.835529	0.833905	0.83228	0.830537	0.828795	0.828421	0.828048	0.82856	0.829071	0.829744	0.830417	0.830791	0.831166	0.831326	0.831487	0.831264	
0.830126	0.829892	0.829616	0.82934	0.828828	0.828316	0.828067	0.827818	0.827584	0.827349	0.827787	0.828224	0.829007	0.829789	0.830754	0.831719	0.832248	0.832777	0.833568	0.834359	0.83523	0.836101	0.834996	0.833891	0.832823	0.831756	0.833511	0.835266	0.83608	0.836894	0.834827	0.83276	0.831718	0.830676	0.830401	0.830126	0.830512	0.830899	0.831762	0.832624	0.834887	0.837149	0.838878	0.840606	0.839531	0.838456	0.83792	0.837384	0.837392	0.8374	0.835921	0.834442	0.83247	0.830498	0.82959	0.828683	0.82883	0.828977	0.829382	0.829787	0.830017	0.830246	0.830303	0.830361	0.830126	
0.828552	0.828324	0.828157	0.82799	0.827649	0.827309	0.827251	0.827194	0.827104	0.827013	0.827494	0.827975	0.828683	0.829392	0.830088	0.830784	0.83138	0.831977	0.832899	0.833822	0.833976	0.83413	0.831695	0.82926	0.827696	0.826132	0.829046	0.83196	0.83457	0.83718	0.836627	0.836074	0.835026	0.833979	0.832316	0.830653	0.830146	0.82964	0.830632	0.831623	0.834398	0.837172	0.839369	0.841567	0.840479	0.839391	0.838774	0.838157	0.838274	0.838392	0.83698	0.835568	0.833417	0.831266	0.830106	0.828946	0.828648	0.82835	0.828507	0.828664	0.828716	0.828769	0.828775	0.828781	0.828552	
0.826978	0.826757	0.826698	0.82664	0.826471	0.826302	0.826436	0.82657	0.826624	0.826678	0.827201	0.827725	0.82836	0.828995	0.829421	0.829848	0.830512	0.831176	0.832231	0.833286	0.832722	0.832158	0.828393	0.824629	0.822568	0.820507	0.824581	0.828654	0.83306	0.837467	0.838427	0.839387	0.838334	0.837282	0.834231	0.83118	0.82978	0.82838	0.829501	0.830622	0.833908	0.837194	0.839861	0.842529	0.841427	0.840326	0.839627	0.838929	0.839157	0.839385	0.838039	0.836694	0.834364	0.832034	0.830621	0.829209	0.828467	0.827724	0.827632	0.82754	0.827416	0.827292	0.827246	0.8272	0.826978	
0.825173	0.824986	0.825039	0.825092	0.825095	0.825098	0.825358	0.825618	0.825774	0.825931	0.826418	0.826905	0.827447	0.82799	0.828048	0.828106	0.828965	0.829824	0.830878	0.831933	0.830642	0.82935	0.82503	0.820709	0.819113	0.817516	0.822045	0.826573	0.831903	0.837232	0.838554	0.839875	0.838288	0.836701	0.833264	0.829827	0.828479	0.827131	0.827859	0.828587	0.831669	0.834751	0.837853	0.840955	0.840403	0.83985	0.839267	0.838683	0.839099	0.839515	0.838074	0.836633	0.834292	0.831951	0.830259	0.828566	0.827629	0.826692	0.826379	0.826067	0.825834	0.825602	0.825481	0.825361	0.825173	
0.823368	0.823215	0.82338	0.823544	0.823719	0.823895	0.82428	0.824666	0.824925	0.825184	0.825635	0.826086	0.826535	0.826984	0.826674	0.826363	0.827417	0.828471	0.829526	0.83058	0.828561	0.826542	0.821666	0.816789	0.815657	0.814525	0.819509	0.824492	0.830745	0.836998	0.83868	0.840363	0.838242	0.836121	0.832297	0.828473	0.827178	0.825882	0.826216	0.826551	0.829429	0.832308	0.835845	0.839382	0.839379	0.839375	0.838906	0.838437	0.839041	0.839645	0.838108	0.836572	0.83422	0.831868	0.829896	0.827924	0.826791	0.825659	0.825126	0.824594	0.824252	0.823911	0.823716	0.823521	0.823368	
0.821997	0.821851	0.822098	0.822344	0.822593	0.822843	0.823277	0.823711	0.823927	0.824142	0.824449	0.824756	0.824889	0.825023	0.824358	0.823694	0.824719	0.825745	0.826965	0.828186	0.826634	0.825083	0.820727	0.816371	0.815785	0.815199	0.820068	0.824937	0.830779	0.836622	0.837697	0.838772	0.836308	0.833844	0.830111	0.826377	0.825076	0.823774	0.823646	0.823518	0.825988	0.828459	0.831994	0.835529	0.835923	0.836316	0.836439	0.836561	0.837353	0.838145	0.836806	0.835468	0.833203	0.830939	0.828978	0.827018	0.825771	0.824524	0.823956	0.823388	0.822988	0.822588	0.822366	0.822143	0.821997	
0.820626	0.820487	0.820815	0.821144	0.821467	0.821791	0.822274	0.822757	0.822928	0.8231	0.823263	0.823425	0.823244	0.823062	0.822043	0.821024	0.822021	0.823017	0.824404	0.825791	0.824708	0.823624	0.819789	0.815954	0.815913	0.815872	0.820627	0.825383	0.830814	0.836246	0.836713	0.83718	0.834374	0.831567	0.827924	0.824281	0.822974	0.821666	0.821075	0.820485	0.822548	0.824611	0.828144	0.831677	0.832467	0.833257	0.833971	0.834685	0.835665	0.836645	0.835504	0.834364	0.832187	0.830009	0.828061	0.826112	0.82475	0.823389	0.822785	0.822181	0.821723	0.821265	0.821015	0.820765	0.820626	
0.819742	0.819586	0.819844	0.820103	0.820436	0.820769	0.821216	0.821663	0.821678	0.821693	0.821469	0.821246	0.8205	0.819753	0.818388	0.817022	0.818037	0.819052	0.820819	0.822587	0.822695	0.822804	0.820309	0.817814	0.818122	0.81843	0.822789	0.827148	0.8316	0.836051	0.836265	0.836478	0.834177	0.831876	0.828346	0.824816	0.82338	0.821944	0.821307	0.820671	0.821536	0.822401	0.825321	0.828241	0.829224	0.830207	0.831105	0.832003	0.833365	0.834726	0.833983	0.83324	0.8315	0.82976	0.827893	0.826025	0.824557	0.823089	0.822242	0.821395	0.820887	0.82038	0.820139	0.819898	0.819742	
0.818858	0.818684	0.818873	0.819062	0.819405	0.819748	0.820159	0.82057	0.820428	0.820286	0.819676	0.819066	0.817755	0.816444	0.814732	0.81302	0.814053	0.815087	0.817235	0.819383	0.820683	0.821983	0.820829	0.819674	0.820331	0.820988	0.824951	0.828914	0.832385	0.835857	0.835816	0.835775	0.83398	0.832184	0.828767	0.82535	0.823786	0.822222	0.821539	0.820857	0.820524	0.820192	0.822499	0.824806	0.825982	0.827158	0.828239	0.82932	0.831064	0.832808	0.832462	0.832116	0.830813	0.82951	0.827725	0.825939	0.824364	0.822789	0.821699	0.820609	0.820052	0.819495	0.819263	0.819032	0.818858	
0.818607	0.818481	0.818674	0.818867	0.819141	0.819414	0.819738	0.820061	0.819642	0.819223	0.818077	0.816931	0.815065	0.8132	0.81142	0.809639	0.810553	0.811466	0.813657	0.815848	0.81772	0.819593	0.82022	0.820847	0.822431	0.824014	0.827621	0.831227	0.834184	0.837141	0.837435	0.837728	0.836897	0.836067	0.833988	0.831909	0.830577	0.829245	0.827453	0.825661	0.823211	0.82076	0.821837	0.822914	0.823602	0.824291	0.825544	0.826798	0.829008	0.831219	0.83162	0.83202	0.831215	0.83041	0.828813	0.827216	0.825348	0.823481	0.822	0.820518	0.819781	0.819044	0.818889	0.818734	0.818608	
0.818357	0.818277	0.818475	0.818672	0.818876	0.81908	0.819316	0.819552	0.818856	0.81816	0.816478	0.814795	0.812376	0.809956	0.808107	0.806258	0.807052	0.807846	0.81008	0.812313	0.814758	0.817202	0.819611	0.82202	0.824531	0.827041	0.830291	0.83354	0.835983	0.838425	0.839053	0.839681	0.839815	0.839949	0.839208	0.838467	0.837367	0.836268	0.833367	0.830466	0.825898	0.821329	0.821176	0.821023	0.821223	0.821423	0.822849	0.824275	0.826953	0.82963	0.830778	0.831925	0.831617	0.83131	0.829901	0.828493	0.826333	0.824172	0.8223	0.820427	0.81951	0.818592	0.818514	0.818436	0.818357	
0.818739	0.81878	0.81893	0.819081	0.819167	0.819254	0.819329	0.819404	0.818636	0.817869	0.815979	0.814089	0.811821	0.809553	0.807934	0.806316	0.806683	0.807051	0.809229	0.811407	0.814274	0.817142	0.820662	0.824183	0.827021	0.82986	0.832862	0.835864	0.838096	0.840329	0.84171	0.843091	0.843659	0.844226	0.843776	0.843325	0.842009	0.840693	0.836987	0.833281	0.827858	0.822435	0.821672	0.820909	0.8208	0.820692	0.822628	0.824564	0.82685	0.829136	0.830582	0.832028	0.832391	0.832754	0.831636	0.830518	0.828314	0.82611	0.823743	0.821376	0.820134	0.818892	0.818796	0.818699	0.818739	
0.819122	0.819282	0.819386	0.81949	0.819459	0.819428	0.819342	0.819256	0.818417	0.817577	0.815479	0.813382	0.811266	0.809151	0.807762	0.806373	0.806314	0.806255	0.808378	0.810501	0.813791	0.817081	0.821713	0.826345	0.829512	0.832679	0.835433	0.838187	0.84021	0.842233	0.844367	0.846501	0.847502	0.848503	0.848343	0.848183	0.846651	0.845118	0.840607	0.836096	0.829818	0.82354	0.822167	0.820794	0.820378	0.819962	0.822407	0.824852	0.826747	0.828642	0.830387	0.832131	0.833165	0.834198	0.833371	0.832543	0.830295	0.828047	0.825186	0.822324	0.820758	0.819192	0.819077	0.818963	0.819122	
0.819951	0.820186	0.820382	0.820578	0.820448	0.820319	0.819998	0.819676	0.8185	0.817325	0.814996	0.812667	0.810466	0.808264	0.80728	0.806295	0.807138	0.80798	0.810969	0.813958	0.818118	0.822278	0.827298	0.832318	0.835175	0.838031	0.839825	0.84162	0.843155	0.844689	0.845756	0.846822	0.847758	0.848694	0.849282	0.84987	0.847837	0.845803	0.840744	0.835685	0.828969	0.822253	0.821322	0.820391	0.820623	0.820856	0.823388	0.82592	0.827549	0.829178	0.83105	0.832921	0.833866	0.834812	0.834258	0.833704	0.831757	0.82981	0.826927	0.824044	0.822118	0.820192	0.819954	0.819716	0.819951	
0.82078	0.82109	0.821378	0.821665	0.821438	0.82121	0.820653	0.820096	0.818584	0.817072	0.814512	0.811951	0.809665	0.807378	0.806798	0.806218	0.807961	0.809705	0.81356	0.817414	0.822444	0.827475	0.832883	0.838291	0.840838	0.843384	0.844218	0.845052	0.846099	0.848225	0.84823	0.848243	0.849006	0.850124	0.851634	0.852814	0.849295	0.846488	0.840881	0.835275	0.82812	0.820965	0.820476	0.819988	0.820869	0.82175	0.824369	0.826987	0.828351	0.829714	0.831712	0.83371	0.834568	0.835425	0.835145	0.834865	0.833219	0.831573	0.828669	0.825764	0.823477	0.821191	0.82083	0.82047	0.82078	
0.82164	0.821759	0.822026	0.822294	0.822151	0.822007	0.821417	0.820827	0.819227	0.817627	0.815009	0.812391	0.80995	0.807509	0.806621	0.805733	0.807655	0.809577	0.814171	0.818765	0.824992	0.831219	0.836953	0.842687	0.843939	0.845192	0.843868	0.842545	0.840605	0.841008	0.839803	0.839985	0.842362	0.845641	0.848823	0.850521	0.848162	0.84682	0.840283	0.833746	0.82676	0.819774	0.819962	0.820151	0.821993	0.823836	0.825792	0.827749	0.828953	0.830156	0.831812	0.833468	0.834154	0.83484	0.834713	0.834585	0.833572	0.832558	0.829932	0.827307	0.824997	0.822688	0.822105	0.821522	0.82164	
0.822501	0.822427	0.822675	0.822923	0.822863	0.822804	0.822181	0.821557	0.819869	0.818181	0.815506	0.812831	0.810235	0.807639	0.806444	0.805249	0.807349	0.809449	0.814783	0.820116	0.82754	0.834963	0.841022	0.847082	0.847041	0.847	0.843518	0.840037	0.835111	0.829527	0.828694	0.831252	0.836536	0.84249	0.847243	0.849147	0.847397	0.847152	0.839685	0.832217	0.8254	0.818583	0.819448	0.820315	0.823118	0.825921	0.827216	0.828512	0.829555	0.830598	0.831912	0.833227	0.833741	0.834255	0.83428	0.834306	0.833924	0.833542	0.831196	0.82885	0.826518	0.824186	0.82338	0.822574	0.822501	
0.82373	0.823482	0.823576	0.82367	0.823544	0.823419	0.822853	0.822287	0.820666	0.819045	0.816358	0.813671	0.810925	0.80818	0.807134	0.806089	0.808656	0.811223	0.816247	0.821272	0.827427	0.833582	0.83872	0.843858	0.84323	0.8426	0.83678	0.830959	0.827246	0.821409	0.823637	0.82994	0.837362	0.844261	0.849023	0.850486	0.848106	0.847391	0.839572	0.831752	0.825632	0.819512	0.820203	0.820894	0.823705	0.826517	0.826591	0.826666	0.827719	0.828772	0.830197	0.831622	0.832307	0.832992	0.833257	0.833522	0.833403	0.833285	0.831317	0.829348	0.827403	0.825458	0.824718	0.823978	0.82373	
0.82496	0.824537	0.824477	0.824416	0.824225	0.824034	0.823526	0.823017	0.821463	0.819908	0.81721	0.814511	0.811616	0.808721	0.807825	0.806929	0.809963	0.812998	0.817712	0.822427	0.827314	0.8322	0.836418	0.840635	0.839418	0.8382	0.830041	0.821882	0.819381	0.815785	0.820884	0.829634	0.838676	0.846146	0.850297	0.850496	0.847081	0.84763	0.839459	0.831287	0.825864	0.820442	0.820957	0.821473	0.824293	0.827112	0.825966	0.82482	0.825882	0.826945	0.828481	0.830017	0.830873	0.831729	0.832234	0.832738	0.832883	0.833027	0.831437	0.829847	0.828289	0.826731	0.826057	0.825383	0.82496	
0.82674	0.826326	0.826049	0.825772	0.825301	0.82483	0.824019	0.823208	0.821644	0.82008	0.817431	0.814781	0.812172	0.809563	0.809059	0.808556	0.811567	0.814579	0.819114	0.82365	0.827403	0.831157	0.834365	0.837574	0.83536	0.833146	0.825604	0.818062	0.816701	0.813622	0.818058	0.825136	0.833743	0.841878	0.846479	0.846249	0.842387	0.841	0.834488	0.827976	0.82335	0.818723	0.818951	0.819179	0.82168	0.824181	0.82456	0.824938	0.826327	0.827716	0.829218	0.83072	0.831354	0.831988	0.832288	0.832587	0.832719	0.832851	0.831452	0.830053	0.829002	0.827951	0.827553	0.827155	0.82674	
0.828521	0.828114	0.827621	0.827128	0.826376	0.825625	0.824512	0.823399	0.821826	0.820252	0.817652	0.815051	0.812728	0.810404	0.810294	0.810184	0.813172	0.81616	0.820516	0.824873	0.827493	0.830113	0.832313	0.834513	0.831303	0.828092	0.821167	0.814242	0.814022	0.813029	0.814673	0.818328	0.82412	0.830778	0.835157	0.835808	0.83373	0.83437	0.829518	0.824665	0.820835	0.817004	0.816944	0.816884	0.819067	0.82125	0.823153	0.825056	0.826771	0.828486	0.829954	0.831422	0.831835	0.832248	0.832341	0.832435	0.832555	0.832676	0.831468	0.830259	0.829715	0.82917	0.829049	0.828927	0.828521	
0.830452	0.830224	0.829646	0.829069	0.827935	0.8268	0.825319	0.823838	0.82209	0.820343	0.81791	0.815477	0.813373	0.811269	0.811099	0.810928	0.81328	0.815633	0.82015	0.824668	0.828365	0.832062	0.833888	0.835713	0.831534	0.827354	0.821628	0.815902	0.815157	0.81298	0.812318	0.812869	0.81501	0.817933	0.820298	0.82155	0.821819	0.822745	0.8207	0.818656	0.816665	0.814674	0.816123	0.817571	0.819364	0.821158	0.823103	0.825048	0.827358	0.829668	0.830877	0.832086	0.831977	0.831869	0.83164	0.831412	0.831704	0.831996	0.831286	0.830576	0.830424	0.830272	0.830476	0.83068	0.830452	
0.832383	0.832333	0.831672	0.831011	0.829493	0.827975	0.826126	0.824276	0.822355	0.820433	0.818168	0.815903	0.814018	0.812134	0.811903	0.811672	0.813389	0.815106	0.819785	0.824464	0.829238	0.834011	0.835462	0.836913	0.831765	0.826616	0.822089	0.817561	0.816292	0.815023	0.810803	0.806582	0.805546	0.80451	0.805718	0.806927	0.809023	0.81112	0.811883	0.812646	0.812496	0.812345	0.815302	0.818258	0.819662	0.821065	0.823052	0.82504	0.827944	0.830849	0.831799	0.832749	0.83212	0.83149	0.830939	0.830389	0.830853	0.831317	0.831105	0.830893	0.831133	0.831373	0.831903	0.832432	0.832383	
0.833062	0.833242	0.832739	0.832236	0.830765	0.829295	0.827198	0.825101	0.823012	0.820922	0.818754	0.816587	0.814925	0.813262	0.81293	0.812598	0.813953	0.815307	0.819784	0.824261	0.82932	0.83438	0.836407	0.838433	0.833376	0.828318	0.823353	0.818388	0.815938	0.813489	0.806206	0.798923	0.795741	0.792559	0.79539	0.798222	0.801902	0.805583	0.808261	0.810939	0.81365	0.816361	0.820061	0.82376	0.823317	0.822873	0.824258	0.825643	0.828855	0.832067	0.832753	0.833438	0.832339	0.83124	0.830103	0.828967	0.829415	0.829863	0.830235	0.830606	0.831088	0.83157	0.832226	0.832882	0.833062	
0.833741	0.834151	0.833806	0.833462	0.832038	0.830614	0.82827	0.825926	0.823668	0.821411	0.819341	0.817271	0.815831	0.814391	0.813957	0.813523	0.814516	0.815509	0.819783	0.824057	0.829403	0.834749	0.837351	0.839953	0.834987	0.83002	0.824617	0.819214	0.815584	0.811955	0.801609	0.791264	0.785936	0.780608	0.785062	0.789517	0.794781	0.800045	0.804639	0.809233	0.814805	0.820377	0.82482	0.829262	0.826972	0.82468	0.825463	0.826246	0.829765	0.833285	0.833706	0.834126	0.832558	0.830989	0.829267	0.827545	0.827977	0.828409	0.829364	0.83032	0.831043	0.831766	0.832548	0.833331	0.833741	
0.833655	0.834002	0.833762	0.833523	0.832432	0.83134	0.82935	0.827359	0.825112	0.822866	0.820902	0.818938	0.817604	0.816269	0.815958	0.815647	0.816632	0.817618	0.822036	0.826455	0.831083	0.835712	0.837425	0.839139	0.834633	0.830126	0.825286	0.820447	0.815573	0.810698	0.802552	0.794404	0.790277	0.786149	0.789032	0.791916	0.796788	0.801661	0.807044	0.812427	0.818715	0.825002	0.829254	0.833505	0.831628	0.829751	0.829879	0.830008	0.832546	0.835084	0.835067	0.83505	0.833206	0.831363	0.829467	0.827572	0.827618	0.827665	0.828711	0.829758	0.830709	0.831659	0.832484	0.833309	0.833655	
0.83357	0.833852	0.833718	0.833584	0.832825	0.832067	0.830429	0.828791	0.826556	0.824321	0.822463	0.820605	0.819376	0.818147	0.817958	0.81777	0.818748	0.819726	0.824289	0.828852	0.832764	0.836675	0.8375	0.838325	0.834278	0.830232	0.825956	0.82168	0.815561	0.809442	0.803494	0.797546	0.794618	0.791691	0.793003	0.794314	0.798795	0.803276	0.809448	0.815621	0.822624	0.829627	0.833688	0.837748	0.836285	0.834821	0.834296	0.83377	0.835327	0.836884	0.836429	0.835973	0.833855	0.831736	0.829667	0.827598	0.82726	0.826921	0.828058	0.829196	0.830374	0.831552	0.83242	0.833288	0.83357	
0.832852	0.8328	0.832535	0.832269	0.831725	0.831181	0.829829	0.828478	0.826662	0.824845	0.823167	0.821489	0.820472	0.819454	0.819275	0.819096	0.820409	0.821722	0.825829	0.829937	0.833072	0.836208	0.836429	0.83665	0.833787	0.830923	0.827328	0.823732	0.818278	0.812823	0.806842	0.800861	0.799431	0.798001	0.799893	0.801786	0.805409	0.809032	0.813267	0.817501	0.8229	0.8283	0.831787	0.835275	0.834591	0.833908	0.833511	0.833114	0.834159	0.835204	0.834567	0.833929	0.832231	0.830533	0.829022	0.827511	0.827379	0.827248	0.828355	0.829462	0.830591	0.831719	0.832311	0.832903	0.832852	
0.832133	0.831748	0.831351	0.830955	0.830625	0.830296	0.82923	0.828164	0.826767	0.82537	0.823872	0.822374	0.821568	0.820762	0.820592	0.820422	0.82207	0.823719	0.82737	0.831021	0.833381	0.835741	0.835359	0.834976	0.833295	0.831614	0.8287	0.825785	0.820994	0.816203	0.81019	0.804177	0.804244	0.804311	0.806784	0.809257	0.812023	0.814788	0.817085	0.819381	0.823177	0.826972	0.829886	0.8328	0.832897	0.832994	0.832726	0.832457	0.832991	0.833525	0.832705	0.831884	0.830607	0.829329	0.828376	0.827424	0.827499	0.827574	0.828651	0.829729	0.830808	0.831887	0.832202	0.832518	0.832133	
0.831247	0.830339	0.829886	0.829433	0.829103	0.828774	0.827774	0.826774	0.825436	0.824097	0.822693	0.821288	0.820502	0.819715	0.819759	0.819802	0.821641	0.82348	0.826868	0.830257	0.831593	0.832929	0.833077	0.833226	0.832455	0.831683	0.829539	0.827394	0.823695	0.819995	0.815127	0.810259	0.810587	0.810915	0.814382	0.817849	0.820043	0.822237	0.822672	0.823107	0.825579	0.828051	0.830298	0.832546	0.832409	0.832271	0.831392	0.830513	0.830063	0.829613	0.829239	0.828865	0.828498	0.828131	0.828167	0.828204	0.828914	0.829625	0.83089	0.832155	0.83268	0.833204	0.832679	0.832154	0.831247	
0.830361	0.82893	0.82842	0.82791	0.827581	0.827252	0.826318	0.825384	0.824104	0.822824	0.821514	0.820203	0.819436	0.818668	0.818925	0.819183	0.821212	0.823241	0.826367	0.829493	0.829804	0.830116	0.830796	0.831476	0.831614	0.831752	0.830378	0.829003	0.826395	0.823788	0.820064	0.81634	0.816929	0.817519	0.82198	0.826442	0.828064	0.829686	0.82826	0.826833	0.827982	0.82913	0.830711	0.832292	0.83192	0.831548	0.830059	0.828569	0.827135	0.825701	0.825773	0.825846	0.826389	0.826932	0.827958	0.828984	0.83033	0.831675	0.833128	0.834581	0.834552	0.834522	0.833157	0.831791	0.830361	
0.828786	0.827307	0.826839	0.826371	0.826019	0.825667	0.824706	0.823744	0.822531	0.821318	0.819959	0.818599	0.817843	0.817086	0.817125	0.817164	0.819488	0.821812	0.824075	0.826338	0.826415	0.826492	0.827352	0.828212	0.829372	0.830531	0.829927	0.829323	0.827043	0.824763	0.821919	0.819075	0.819205	0.819335	0.823118	0.8269	0.829445	0.831989	0.829165	0.82634	0.826991	0.827641	0.828768	0.829894	0.829152	0.828411	0.82735	0.826288	0.825494	0.824699	0.825107	0.825516	0.826583	0.82765	0.829169	0.830688	0.832177	0.833666	0.83477	0.835875	0.835095	0.834316	0.832291	0.830266	0.828786	
0.827212	0.825683	0.825257	0.824831	0.824457	0.824082	0.823093	0.822104	0.820958	0.819813	0.818404	0.816996	0.81625	0.815504	0.815325	0.815146	0.817764	0.820383	0.821782	0.823182	0.823025	0.822869	0.823909	0.824949	0.827129	0.829309	0.829476	0.829643	0.827691	0.825739	0.823774	0.82181	0.82148	0.821151	0.824255	0.827359	0.830825	0.834292	0.83007	0.825847	0.826	0.826153	0.826824	0.827496	0.826385	0.825274	0.824641	0.824008	0.823853	0.823697	0.824441	0.825185	0.826776	0.828367	0.830379	0.832392	0.834024	0.835657	0.836413	0.837169	0.835639	0.834109	0.831425	0.82874	0.827212	
0.825215	0.824029	0.823713	0.823398	0.823036	0.822675	0.821795	0.820916	0.819869	0.818821	0.817498	0.816175	0.815404	0.814632	0.814404	0.814176	0.816546	0.818916	0.819795	0.820674	0.819942	0.81921	0.819632	0.820054	0.822436	0.824818	0.825725	0.826632	0.82593	0.825228	0.825617	0.826006	0.825143	0.82428	0.825791	0.827302	0.830026	0.83275	0.828493	0.824235	0.824109	0.823984	0.824273	0.824562	0.823759	0.822955	0.823118	0.823281	0.823847	0.824413	0.825607	0.826802	0.828355	0.829909	0.831702	0.833494	0.834633	0.835771	0.835709	0.835647	0.833611	0.831576	0.828989	0.826402	0.825216	
0.823219	0.822374	0.82217	0.821965	0.821616	0.821267	0.820498	0.819729	0.818779	0.817829	0.816592	0.815355	0.814558	0.813761	0.813484	0.813206	0.815328	0.81745	0.817808	0.818166	0.816859	0.815552	0.815356	0.815159	0.817743	0.820326	0.821973	0.82362	0.824169	0.824718	0.82746	0.830202	0.828805	0.827409	0.827327	0.827245	0.829226	0.831208	0.826915	0.822622	0.822219	0.821816	0.821722	0.821628	0.821132	0.820636	0.821596	0.822555	0.823842	0.825129	0.826774	0.828418	0.829934	0.83145	0.833024	0.834597	0.835241	0.835885	0.835005	0.834125	0.831584	0.829042	0.826553	0.824064	0.823219	
0.821375	0.820924	0.820833	0.820741	0.8205	0.82026	0.819657	0.819053	0.818294	0.817535	0.816593	0.815651	0.815029	0.814406	0.814164	0.813922	0.815784	0.817645	0.817557	0.817468	0.815753	0.814038	0.81288	0.811722	0.813981	0.81624	0.818283	0.820326	0.821989	0.823653	0.82623	0.828806	0.828895	0.828983	0.828325	0.827668	0.828386	0.829104	0.825284	0.821465	0.820544	0.819624	0.819788	0.819951	0.819837	0.819723	0.820964	0.822204	0.823723	0.825243	0.826969	0.828696	0.830037	0.831378	0.832452	0.833527	0.833459	0.833391	0.831967	0.830543	0.828066	0.82559	0.823708	0.821826	0.821375	
0.819531	0.819475	0.819496	0.819517	0.819385	0.819253	0.818815	0.818377	0.817809	0.81724	0.816594	0.815948	0.8155	0.815051	0.814844	0.814638	0.81624	0.817842	0.817306	0.81677	0.814647	0.812524	0.810404	0.808284	0.810219	0.812154	0.814593	0.817031	0.81981	0.822588	0.824999	0.827411	0.828984	0.830557	0.829324	0.828091	0.827546	0.827	0.823654	0.820307	0.81887	0.817432	0.817853	0.818274	0.818542	0.81881	0.820331	0.821853	0.823605	0.825357	0.827165	0.828973	0.830139	0.831305	0.83188	0.832456	0.831676	0.830896	0.828929	0.826961	0.824549	0.822137	0.820862	0.819587	0.819531	
0.818083	0.818157	0.818285	0.818414	0.818457	0.818499	0.81834	0.81818	0.817931	0.817682	0.817344	0.817007	0.816684	0.816362	0.816234	0.816106	0.817665	0.819223	0.818707	0.81819	0.815777	0.813365	0.810422	0.80748	0.809315	0.811151	0.812962	0.814774	0.818045	0.821316	0.823062	0.824807	0.826975	0.829143	0.828021	0.826899	0.826165	0.825431	0.822419	0.819407	0.818179	0.816951	0.81726	0.817568	0.81824	0.818912	0.820453	0.821994	0.823375	0.824757	0.826177	0.827598	0.828359	0.829121	0.829188	0.829256	0.828118	0.826979	0.82507	0.82316	0.821306	0.819452	0.818731	0.81801	0.818083	
0.816636	0.816839	0.817075	0.817311	0.817529	0.817746	0.817864	0.817983	0.818053	0.818123	0.818094	0.818065	0.817869	0.817673	0.817624	0.817575	0.81909	0.820605	0.820107	0.819609	0.816907	0.814205	0.810441	0.806676	0.808412	0.810148	0.811332	0.812517	0.816281	0.820044	0.821124	0.822204	0.824966	0.827729	0.826717	0.825706	0.824784	0.823862	0.821184	0.818507	0.817489	0.816471	0.816666	0.816862	0.817938	0.819014	0.820575	0.822136	0.823146	0.824157	0.82519	0.826222	0.82658	0.826937	0.826496	0.826056	0.824559	0.823063	0.821211	0.819359	0.818063	0.816767	0.8166	0.816433	0.816636	
0.815312	0.81553	0.815916	0.816302	0.816768	0.817235	0.817602	0.817968	0.818333	0.818698	0.818924	0.819151	0.819115	0.819078	0.819116	0.819154	0.820556	0.821959	0.821435	0.82091	0.818489	0.816068	0.812603	0.809138	0.810545	0.811953	0.812764	0.813575	0.816487	0.819398	0.819761	0.820124	0.822575	0.825026	0.82445	0.823873	0.823275	0.822677	0.82064	0.818603	0.817523	0.816443	0.816779	0.817115	0.818289	0.819462	0.820972	0.822482	0.823218	0.823953	0.82457	0.825186	0.82504	0.824894	0.824088	0.823282	0.821746	0.820209	0.818686	0.817163	0.816218	0.815273	0.815183	0.815094	0.815312	
0.813988	0.814222	0.814757	0.815292	0.816008	0.816724	0.817339	0.817953	0.818612	0.819272	0.819755	0.820238	0.820361	0.820484	0.820608	0.820733	0.822023	0.823313	0.822762	0.822211	0.82007	0.81793	0.814765	0.8116	0.812679	0.813758	0.814196	0.814634	0.816693	0.818752	0.818398	0.818045	0.820184	0.822324	0.822182	0.822039	0.821766	0.821493	0.820096	0.818698	0.817557	0.816416	0.816892	0.817367	0.818639	0.819911	0.82137	0.822829	0.823289	0.823749	0.82395	0.82415	0.823501	0.822851	0.82168	0.820509	0.818932	0.817355	0.816161	0.814966	0.814372	0.813778	0.813766	0.813755	0.813988	
0.81317	0.813476	0.814157	0.814839	0.815752	0.816665	0.817503	0.818341	0.819177	0.820013	0.820652	0.82129	0.821568	0.821845	0.821996	0.822147	0.823193	0.824239	0.82378	0.82332	0.821832	0.820344	0.817802	0.81526	0.81599	0.81672	0.816441	0.816162	0.817572	0.818982	0.818112	0.817241	0.819179	0.821118	0.821112	0.821106	0.821199	0.821291	0.820094	0.818897	0.818119	0.817342	0.817896	0.81845	0.81972	0.82099	0.822248	0.823506	0.823777	0.824048	0.823946	0.823844	0.822979	0.822114	0.820836	0.819557	0.817992	0.816428	0.815279	0.814131	0.813546	0.812961	0.812913	0.812865	0.81317	
0.812352	0.81273	0.813558	0.814386	0.815496	0.816606	0.817668	0.81873	0.819742	0.820755	0.821549	0.822343	0.822774	0.823206	0.823384	0.823562	0.824364	0.825165	0.824798	0.82443	0.823594	0.822758	0.820839	0.81892	0.819301	0.819682	0.818686	0.81769	0.818451	0.819212	0.817825	0.816438	0.818175	0.819912	0.820042	0.820173	0.820631	0.82109	0.820093	0.819095	0.818682	0.818268	0.818901	0.819533	0.820802	0.82207	0.823127	0.824184	0.824265	0.824347	0.823943	0.823538	0.822458	0.821378	0.819991	0.818605	0.817052	0.8155	0.814398	0.813296	0.81272	0.812145	0.81206	0.811975	0.812352	
0.812114	0.812546	0.813469	0.814392	0.815618	0.816845	0.81806	0.819276	0.820352	0.821429	0.822272	0.823116	0.823673	0.824229	0.824471	0.824712	0.825257	0.825802	0.825496	0.82519	0.824791	0.824391	0.822955	0.82152	0.821576	0.821632	0.820486	0.81934	0.819829	0.820319	0.818877	0.817435	0.818678	0.819922	0.820016	0.820111	0.820527	0.820943	0.820306	0.819669	0.819595	0.819522	0.820246	0.82097	0.822074	0.823178	0.82403	0.824882	0.824814	0.824746	0.824186	0.823625	0.822475	0.821326	0.819935	0.818544	0.817027	0.815511	0.814393	0.813276	0.812605	0.811934	0.811808	0.811683	0.812114	
0.811876	0.812361	0.81338	0.814398	0.815741	0.817084	0.818453	0.819821	0.820962	0.822103	0.822996	0.82389	0.824571	0.825252	0.825557	0.825862	0.82615	0.826439	0.826194	0.82595	0.825987	0.826023	0.825072	0.82412	0.823851	0.823582	0.822286	0.820989	0.821208	0.821427	0.819929	0.818432	0.819182	0.819932	0.819991	0.820049	0.820423	0.820796	0.820519	0.820242	0.820509	0.820777	0.821591	0.822406	0.823346	0.824286	0.824934	0.825581	0.825363	0.825146	0.824428	0.823711	0.822493	0.821274	0.819879	0.818483	0.817003	0.815522	0.814389	0.813256	0.81249	0.811724	0.811557	0.81139	0.811876	
0.812562	0.813033	0.814078	0.815123	0.816475	0.817827	0.819209	0.82059	0.821731	0.822872	0.823719	0.824566	0.825238	0.82591	0.826267	0.826623	0.826799	0.826974	0.826643	0.826312	0.826434	0.826555	0.825785	0.825015	0.824584	0.824153	0.823069	0.821985	0.822107	0.822228	0.820799	0.81937	0.819889	0.820408	0.820381	0.820354	0.820769	0.821183	0.821195	0.821207	0.821711	0.822215	0.822952	0.823688	0.824464	0.82524	0.825667	0.826094	0.825849	0.825603	0.82486	0.824117	0.822936	0.821755	0.820415	0.819076	0.817661	0.816247	0.815142	0.814037	0.813261	0.812484	0.812288	0.812092	0.812562	
0.813249	0.813705	0.814777	0.815848	0.817209	0.81857	0.819965	0.821359	0.8225	0.823641	0.824441	0.825242	0.825905	0.826568	0.826976	0.827384	0.827447	0.82751	0.827092	0.826674	0.826881	0.827087	0.826499	0.825911	0.825317	0.824723	0.823852	0.82298	0.823005	0.82303	0.821669	0.820307	0.820596	0.820885	0.820772	0.820659	0.821115	0.821571	0.821872	0.822173	0.822913	0.823654	0.824312	0.82497	0.825582	0.826194	0.826401	0.826607	0.826334	0.82606	0.825292	0.824523	0.82338	0.822236	0.820952	0.819668	0.81832	0.816971	0.815895	0.814819	0.814032	0.813244	0.813019	0.812793	0.813249	
0.814591	0.81499	0.815979	0.816969	0.818248	0.819528	0.820812	0.822097	0.823158	0.82422	0.824946	0.825672	0.826239	0.826805	0.827185	0.827565	0.827615	0.827664	0.827157	0.826649	0.826794	0.826939	0.826416	0.825894	0.82559	0.825287	0.824621	0.823955	0.823931	0.823907	0.822728	0.82155	0.821786	0.822023	0.821831	0.821639	0.822049	0.822459	0.822863	0.823267	0.823895	0.824523	0.825008	0.825492	0.825869	0.826246	0.826205	0.826163	0.825934	0.825704	0.825097	0.82449	0.823532	0.822573	0.821449	0.820324	0.819146	0.817967	0.816996	0.816024	0.815318	0.814611	0.814402	0.814193	0.814591	
0.815934	0.816275	0.817182	0.81809	0.819287	0.820485	0.82166	0.822836	0.823817	0.824799	0.82545	0.826102	0.826572	0.827042	0.827394	0.827746	0.827782	0.827818	0.827221	0.826625	0.826708	0.826791	0.826334	0.825877	0.825864	0.825851	0.825391	0.82493	0.824857	0.824783	0.823788	0.822792	0.822976	0.823161	0.82289	0.822618	0.822983	0.823347	0.823854	0.824362	0.824877	0.825393	0.825703	0.826014	0.826156	0.826298	0.826009	0.825719	0.825534	0.825348	0.824903	0.824458	0.823684	0.82291	0.821945	0.82098	0.819972	0.818963	0.818096	0.817229	0.816604	0.815978	0.815786	0.815593	0.815934	
0.817897	0.818171	0.818919	0.819668	0.820677	0.821687	0.822658	0.823628	0.824452	0.825276	0.825833	0.826391	0.826773	0.827154	0.827433	0.827711	0.827816	0.82792	0.827483	0.827045	0.827106	0.827167	0.826856	0.826545	0.826637	0.826728	0.826278	0.825828	0.825797	0.825767	0.824976	0.824185	0.824476	0.824767	0.824471	0.824175	0.82439	0.824606	0.824847	0.825089	0.825325	0.825561	0.825726	0.825891	0.825865	0.82584	0.825275	0.82471	0.824498	0.824286	0.824065	0.823844	0.823403	0.822961	0.822313	0.821664	0.820927	0.820189	0.81952	0.818851	0.818363	0.817876	0.81775	0.817624	0.817897	
0.81986	0.820067	0.820656	0.821246	0.822067	0.822889	0.823655	0.824421	0.825087	0.825753	0.826216	0.826679	0.826973	0.827267	0.827471	0.827675	0.827849	0.828023	0.827744	0.827466	0.827504	0.827542	0.827378	0.827213	0.82741	0.827606	0.827166	0.826725	0.826738	0.826751	0.826165	0.825578	0.825976	0.826374	0.826053	0.825732	0.825798	0.825864	0.82584	0.825815	0.825772	0.825729	0.825748	0.825768	0.825575	0.825381	0.824541	0.8237	0.823462	0.823223	0.823226	0.82323	0.823121	0.823013	0.822681	0.822348	0.821881	0.821415	0.820944	0.820474	0.820123	0.819773	0.819713	0.819654	0.81986	
0.821844	0.821971	0.822397	0.822824	0.82338	0.823937	0.824506	0.825075	0.825543	0.826011	0.826372	0.826734	0.826965	0.827196	0.827369	0.827541	0.827773	0.828004	0.827976	0.827947	0.828085	0.828223	0.828163	0.828104	0.828271	0.828438	0.82802	0.827602	0.827747	0.827892	0.827505	0.827118	0.827696	0.828274	0.827894	0.827515	0.827309	0.827102	0.826648	0.826194	0.825872	0.825551	0.825401	0.82525	0.824952	0.824654	0.823544	0.822433	0.821978	0.821523	0.821675	0.821828	0.822161	0.822494	0.822594	0.822695	0.822614	0.822534	0.822342	0.82215	0.821941	0.821732	0.821724	0.821717	0.821844	
