x=200	y=80	z=200	n=65	len=1
b
0.617364	0.617978	0.618569	0.619161	0.619709	0.620258	0.620617	0.620976	0.620908	0.620841	0.620202	0.619563	0.61846	0.617357	0.616079	0.614802	0.613509	0.612215	0.611261	0.610308	0.609535	0.608762	0.608677	0.608592	0.608813	0.609034	0.609654	0.610273	0.611144	0.612015	0.613494	0.614974	0.616647	0.61832	0.619038	0.619755	0.620116	0.620477	0.621131	0.621784	0.622503	0.623221	0.623471	0.623721	0.623281	0.622841	0.622231	0.62162	0.620972	0.620323	0.619289	0.618256	0.617196	0.616136	0.615324	0.614513	0.614222	0.613932	0.614146	0.61436	0.614909	0.615459	0.616104	0.61675	0.617364	
0.617027	0.61778	0.618515	0.61925	0.61991	0.620569	0.620994	0.621419	0.621423	0.621427	0.620836	0.620245	0.619219	0.618194	0.616935	0.615676	0.614354	0.613033	0.612114	0.611195	0.61056	0.609926	0.609761	0.609596	0.609702	0.609808	0.610131	0.610453	0.61116	0.611867	0.613252	0.614637	0.61641	0.618183	0.618845	0.619507	0.619817	0.620126	0.620807	0.621488	0.622291	0.623093	0.62349	0.623886	0.623437	0.622987	0.622288	0.621589	0.621113	0.620638	0.619729	0.61882	0.617647	0.616474	0.615464	0.614455	0.614008	0.613561	0.613685	0.613809	0.614328	0.614847	0.615561	0.616274	0.617027	
0.616556	0.617302	0.618087	0.618872	0.619619	0.620366	0.620873	0.621379	0.621421	0.621462	0.620934	0.620406	0.619487	0.618567	0.617426	0.616285	0.615052	0.613819	0.612883	0.611946	0.611296	0.610645	0.610396	0.610147	0.610083	0.610019	0.610228	0.610438	0.611014	0.61159	0.61288	0.614169	0.615854	0.617538	0.618241	0.618943	0.619317	0.619692	0.620473	0.621255	0.622177	0.623098	0.623759	0.624419	0.623945	0.62347	0.62255	0.621629	0.621128	0.620626	0.61989	0.619154	0.618077	0.617	0.615913	0.614825	0.614242	0.613659	0.613664	0.613669	0.614091	0.614513	0.615161	0.61581	0.616556	
0.616085	0.616825	0.617659	0.618494	0.619329	0.620163	0.620751	0.621339	0.621418	0.621497	0.621032	0.620567	0.619754	0.618941	0.617918	0.616895	0.61575	0.614605	0.613652	0.612698	0.612031	0.611364	0.611031	0.610698	0.610463	0.610229	0.610326	0.610423	0.610868	0.611314	0.612508	0.613701	0.615297	0.616893	0.617636	0.618379	0.618818	0.619257	0.620139	0.621022	0.622063	0.623104	0.624028	0.624952	0.624453	0.623954	0.622812	0.62167	0.621143	0.620615	0.620052	0.619489	0.618508	0.617527	0.616361	0.615195	0.614476	0.613757	0.613643	0.613529	0.613854	0.614178	0.614762	0.615346	0.616085	
0.615568	0.616191	0.616994	0.617797	0.618645	0.619493	0.620118	0.620743	0.62091	0.621077	0.620711	0.620345	0.619652	0.618959	0.618057	0.617155	0.616144	0.615133	0.614246	0.61336	0.612634	0.611907	0.611493	0.611078	0.610738	0.610398	0.610335	0.610273	0.610517	0.61076	0.611798	0.612835	0.614014	0.615193	0.616201	0.61721	0.617771	0.618332	0.619514	0.620696	0.621844	0.622992	0.624059	0.625125	0.624662	0.6242	0.623007	0.621815	0.621211	0.620608	0.620095	0.619582	0.618709	0.617835	0.616761	0.615686	0.614903	0.614121	0.613937	0.613754	0.613919	0.614083	0.614514	0.614945	0.615568	
0.615051	0.615557	0.616329	0.6171	0.617961	0.618823	0.619485	0.620148	0.620402	0.620657	0.62039	0.620124	0.61955	0.618977	0.618196	0.617414	0.616537	0.615661	0.614841	0.614022	0.613236	0.612451	0.611955	0.611459	0.611013	0.610566	0.610345	0.610124	0.610165	0.610207	0.611088	0.61197	0.612731	0.613493	0.614766	0.61604	0.616723	0.617406	0.618889	0.620371	0.621626	0.622881	0.624089	0.625298	0.624872	0.624446	0.623202	0.621959	0.62128	0.620602	0.620139	0.619676	0.61891	0.618144	0.617161	0.616177	0.615331	0.614485	0.614232	0.613978	0.613983	0.613989	0.614267	0.614545	0.615051	
0.614702	0.615068	0.615716	0.616364	0.617158	0.617952	0.618596	0.619239	0.619564	0.619889	0.619777	0.619665	0.619292	0.61892	0.618343	0.617766	0.617062	0.616358	0.615657	0.614956	0.614213	0.61347	0.612886	0.612302	0.611712	0.611122	0.610667	0.610213	0.609989	0.609764	0.610311	0.610858	0.611647	0.612435	0.613927	0.615419	0.616037	0.616656	0.618237	0.619818	0.621062	0.622307	0.623502	0.624696	0.624287	0.623878	0.622778	0.621678	0.621166	0.620653	0.620152	0.619651	0.618893	0.618134	0.617313	0.616492	0.615712	0.614932	0.614655	0.614377	0.614254	0.614132	0.614234	0.614336	0.614702	
0.614353	0.614578	0.615103	0.615629	0.616355	0.617082	0.617706	0.618331	0.618726	0.619121	0.619163	0.619206	0.619034	0.618863	0.61849	0.618117	0.617587	0.617056	0.616474	0.615891	0.61519	0.614488	0.613817	0.613145	0.612412	0.611678	0.61099	0.610301	0.609812	0.609322	0.609534	0.609746	0.610562	0.611378	0.613088	0.614798	0.615352	0.615905	0.617585	0.619264	0.620499	0.621734	0.622914	0.624094	0.623702	0.62331	0.622353	0.621397	0.621051	0.620705	0.620165	0.619626	0.618875	0.618125	0.617466	0.616807	0.616093	0.615379	0.615077	0.614776	0.614525	0.614275	0.614201	0.614127	0.614353	
0.614331	0.61438	0.61477	0.61516	0.615774	0.616389	0.616948	0.617507	0.617927	0.618347	0.618525	0.618702	0.618733	0.618763	0.618622	0.618481	0.618123	0.617765	0.61733	0.616894	0.616306	0.615718	0.615091	0.614465	0.61361	0.612756	0.611846	0.610935	0.610041	0.609147	0.609031	0.608915	0.609949	0.610983	0.612569	0.614154	0.614681	0.615209	0.616491	0.617773	0.618871	0.619969	0.621128	0.622287	0.622127	0.621968	0.621272	0.620576	0.620467	0.620359	0.620025	0.619691	0.618862	0.618034	0.617479	0.616925	0.616287	0.615649	0.61544	0.61523	0.61494	0.614649	0.614466	0.614283	0.614331	
0.61431	0.614181	0.614436	0.614691	0.615193	0.615696	0.61619	0.616684	0.617129	0.617574	0.617886	0.618199	0.618431	0.618663	0.618754	0.618844	0.618659	0.618475	0.618186	0.617897	0.617422	0.616948	0.616366	0.615784	0.614809	0.613834	0.612702	0.611569	0.610271	0.608972	0.608528	0.608085	0.609337	0.610589	0.61205	0.613511	0.614011	0.614512	0.615397	0.616283	0.617244	0.618204	0.619342	0.62048	0.620552	0.620625	0.620191	0.619756	0.619884	0.620012	0.619884	0.619756	0.618849	0.617942	0.617493	0.617043	0.616481	0.615919	0.615802	0.615685	0.615354	0.615023	0.614731	0.614439	0.61431	
0.614773	0.614571	0.614659	0.614747	0.615072	0.615397	0.615774	0.616151	0.616594	0.617037	0.617479	0.617921	0.618316	0.618711	0.618884	0.619057	0.618991	0.618925	0.618667	0.618409	0.617915	0.617421	0.616871	0.61632	0.615409	0.614497	0.613363	0.61223	0.61085	0.609471	0.608767	0.608063	0.609309	0.610555	0.612152	0.613749	0.614153	0.614557	0.615319	0.61608	0.617088	0.618097	0.618926	0.619754	0.619762	0.619769	0.619471	0.619174	0.619324	0.619474	0.619466	0.619459	0.618644	0.617829	0.617425	0.61702	0.616587	0.616153	0.616132	0.616111	0.615857	0.615604	0.615289	0.614974	0.614773	
0.615235	0.614961	0.614882	0.614803	0.61495	0.615097	0.615357	0.615617	0.616058	0.616499	0.617071	0.617642	0.618201	0.61876	0.619015	0.619269	0.619322	0.619375	0.619148	0.618921	0.618408	0.617895	0.617375	0.616856	0.616008	0.61516	0.614025	0.61289	0.61143	0.60997	0.609005	0.608041	0.609281	0.61052	0.612254	0.613987	0.614295	0.614603	0.61524	0.615877	0.616933	0.61799	0.618509	0.619029	0.618971	0.618913	0.618752	0.618591	0.618764	0.618936	0.619049	0.619162	0.618439	0.617716	0.617357	0.616997	0.616692	0.616388	0.616463	0.616538	0.616361	0.616184	0.615847	0.61551	0.615235	
0.616119	0.615828	0.615647	0.615466	0.615433	0.615401	0.615536	0.615671	0.616066	0.616461	0.617106	0.617751	0.618308	0.618866	0.619109	0.619352	0.619145	0.618937	0.618285	0.617633	0.617038	0.616442	0.616275	0.616108	0.615176	0.614245	0.613181	0.612118	0.610943	0.609767	0.609115	0.608462	0.609395	0.610328	0.612117	0.613905	0.614318	0.61473	0.615893	0.617056	0.61825	0.619443	0.620085	0.620728	0.620182	0.619636	0.619411	0.619185	0.618916	0.618647	0.618649	0.61865	0.618084	0.617517	0.617246	0.616974	0.616778	0.616582	0.616826	0.617069	0.616967	0.616865	0.616637	0.61641	0.616119	
0.617003	0.616695	0.616412	0.616128	0.615916	0.615705	0.615715	0.615724	0.616074	0.616424	0.617141	0.617859	0.618415	0.618972	0.619204	0.619435	0.618968	0.6185	0.617423	0.616346	0.615668	0.61499	0.615175	0.615361	0.614345	0.613329	0.612338	0.611347	0.610456	0.609565	0.609225	0.608884	0.60951	0.610136	0.61198	0.613824	0.61434	0.614856	0.616545	0.618235	0.619566	0.620897	0.621662	0.622427	0.621393	0.620359	0.620069	0.61978	0.619069	0.618358	0.618248	0.618139	0.617729	0.617319	0.617135	0.61695	0.616864	0.616777	0.617188	0.6176	0.617573	0.617545	0.617428	0.617311	0.617003	
0.618044	0.617793	0.617436	0.617079	0.616769	0.616459	0.616381	0.616303	0.616573	0.616843	0.617424	0.618004	0.61842	0.618835	0.61888	0.618925	0.61823	0.617534	0.616272	0.61501	0.614761	0.614511	0.614414	0.614317	0.61285	0.611382	0.610105	0.608828	0.608298	0.607769	0.607997	0.608226	0.608822	0.609418	0.610818	0.612218	0.613201	0.614185	0.616146	0.618107	0.61971	0.621314	0.622854	0.624395	0.623917	0.623438	0.622423	0.621408	0.619772	0.618135	0.618109	0.618084	0.617601	0.617119	0.617024	0.616929	0.617016	0.617103	0.6176	0.618098	0.618199	0.6183	0.618297	0.618294	0.618044	
0.619084	0.618892	0.618461	0.61803	0.617622	0.617214	0.617048	0.616882	0.617073	0.617263	0.617706	0.618149	0.618424	0.618699	0.618557	0.618415	0.617492	0.616568	0.615121	0.613673	0.613853	0.614033	0.613653	0.613274	0.611354	0.609435	0.607872	0.606309	0.60614	0.605972	0.60677	0.607568	0.608134	0.608699	0.609656	0.610612	0.612063	0.613513	0.615747	0.61798	0.619855	0.62173	0.624047	0.626364	0.62644	0.626517	0.624777	0.623037	0.620474	0.617912	0.61797	0.618029	0.617474	0.616919	0.616913	0.616908	0.617168	0.617428	0.618012	0.618596	0.618825	0.619054	0.619166	0.619277	0.619084	
0.620159	0.620007	0.619552	0.619097	0.618647	0.618197	0.618032	0.617867	0.617922	0.617977	0.618209	0.618441	0.618493	0.618545	0.618273	0.618001	0.616579	0.615158	0.613909	0.61266	0.612425	0.612189	0.610923	0.609656	0.608152	0.606648	0.604794	0.60294	0.602855	0.60277	0.604063	0.605357	0.606033	0.60671	0.607276	0.607843	0.609587	0.611331	0.61386	0.616389	0.618416	0.620443	0.62303	0.625617	0.626557	0.627498	0.625587	0.623676	0.620554	0.617433	0.617761	0.61809	0.617825	0.617559	0.617477	0.617396	0.617587	0.617778	0.618478	0.619178	0.619503	0.619829	0.62007	0.620312	0.620159	
0.621234	0.621122	0.620643	0.620165	0.619672	0.61918	0.619016	0.618852	0.618772	0.618691	0.618712	0.618734	0.618563	0.618392	0.617989	0.617586	0.615667	0.613748	0.612697	0.611646	0.610996	0.610346	0.608192	0.606038	0.604949	0.603861	0.601716	0.599571	0.599569	0.599568	0.601356	0.603145	0.603933	0.604721	0.604897	0.605074	0.607111	0.609149	0.611973	0.614797	0.616976	0.619156	0.622013	0.62487	0.626674	0.628478	0.626397	0.624315	0.620634	0.616954	0.617553	0.618152	0.618176	0.618199	0.618042	0.617884	0.618005	0.618127	0.618943	0.61976	0.620182	0.620603	0.620975	0.621346	0.621234	
0.622001	0.621951	0.621507	0.621063	0.620606	0.620148	0.619992	0.619835	0.619675	0.619515	0.619354	0.619193	0.618844	0.618495	0.61751	0.616525	0.614838	0.613151	0.612009	0.610867	0.608042	0.605218	0.602708	0.600199	0.600556	0.600912	0.599106	0.597301	0.596997	0.596694	0.598312	0.599929	0.600766	0.601603	0.601965	0.602327	0.60427	0.606214	0.609434	0.612653	0.614899	0.617144	0.619632	0.622121	0.624441	0.62676	0.625171	0.623581	0.619543	0.615504	0.616493	0.617483	0.618188	0.618894	0.61883	0.618765	0.618827	0.618888	0.619584	0.62028	0.620753	0.621226	0.621638	0.62205	0.622001	
0.622767	0.62278	0.622371	0.621962	0.621539	0.621116	0.620967	0.620819	0.620579	0.620339	0.619996	0.619653	0.619125	0.618597	0.617031	0.615465	0.61401	0.612554	0.611321	0.610089	0.605089	0.601116	0.596961	0.595695	0.597744	0.599425	0.597808	0.595533	0.594759	0.594374	0.595464	0.597346	0.598322	0.599	0.599526	0.59958	0.60143	0.60328	0.606894	0.610509	0.612821	0.615132	0.617252	0.619373	0.622208	0.625042	0.623945	0.622847	0.618451	0.614055	0.615434	0.616813	0.618201	0.619588	0.619618	0.619647	0.619648	0.61965	0.620225	0.6208	0.621324	0.621848	0.622301	0.622755	0.622767	
0.623249	0.623265	0.622924	0.622583	0.622197	0.621811	0.621668	0.621525	0.621241	0.620957	0.620536	0.620115	0.619393	0.618671	0.617303	0.615936	0.614555	0.613174	0.610683	0.608193	0.601942	0.594745	0.590584	0.590582	0.594804	0.597915	0.597744	0.59722	0.596349	0.594967	0.594763	0.595397	0.59597	0.596597	0.597306	0.598016	0.600156	0.602296	0.605617	0.608937	0.611466	0.613995	0.615871	0.617747	0.619678	0.621608	0.620941	0.620274	0.615992	0.611709	0.613315	0.61492	0.617242	0.619563	0.619849	0.620134	0.620209	0.620284	0.620845	0.621406	0.621865	0.622324	0.622778	0.623232	0.623249	
0.62373	0.623751	0.623477	0.623204	0.622855	0.622505	0.622368	0.622231	0.621903	0.621575	0.621076	0.620577	0.61966	0.618744	0.617575	0.616406	0.6151	0.613793	0.610045	0.606297	0.598795	0.59025	0.588149	0.590813	0.598214	0.600386	0.604707	0.617322	0.607834	0.596767	0.595009	0.594106	0.594057	0.594537	0.595191	0.596451	0.598882	0.601312	0.604339	0.607365	0.610112	0.612859	0.61449	0.616121	0.617148	0.618175	0.617938	0.617701	0.613532	0.609363	0.611195	0.613027	0.616283	0.619539	0.62008	0.620621	0.620769	0.620918	0.621465	0.622011	0.622405	0.622799	0.623255	0.62371	0.62373	
0.623678	0.623727	0.623534	0.623342	0.623072	0.622802	0.62263	0.622457	0.622079	0.6217	0.621078	0.620456	0.619686	0.618916	0.617896	0.616876	0.615324	0.613771	0.608956	0.60414	0.600155	0.589293	0.595426	0.610386	0.630655	0.620935	0.606297	0.698184	0.680041	0.620057	0.59686	0.594289	0.593042	0.59173	0.591911	0.592817	0.594952	0.597087	0.600341	0.603595	0.607667	0.61174	0.614478	0.617216	0.61645	0.615683	0.614943	0.614204	0.610612	0.60702	0.609041	0.611062	0.614894	0.618726	0.619682	0.620637	0.62084	0.621043	0.62155	0.622056	0.622437	0.622818	0.623224	0.62363	0.623678	
0.623626	0.623703	0.623591	0.623479	0.623289	0.623099	0.622891	0.622683	0.622254	0.621825	0.62108	0.620335	0.619712	0.619089	0.618218	0.617346	0.615548	0.61375	0.607866	0.602324	0.592752	0.590754	0.612947	0.649478	0.657196	0.626352	0.636483	0.686808	0.686898	0.682827	0.630608	0.60903	0.592848	0.589779	0.589447	0.589183	0.591023	0.592862	0.596343	0.599824	0.605222	0.610621	0.614466	0.618312	0.615751	0.613191	0.611949	0.610707	0.607692	0.604677	0.606887	0.609096	0.613505	0.617913	0.619284	0.620654	0.620911	0.621169	0.621634	0.6221	0.622469	0.622837	0.623193	0.62355	0.623626	
0.62323	0.623263	0.623217	0.62317	0.623058	0.622947	0.622796	0.622646	0.622244	0.621842	0.6211	0.620359	0.619528	0.618698	0.617616	0.616534	0.614273	0.612011	0.60582	0.598882	0.590534	0.60056	0.637352	0.673769	0.683238	0.685262	0.670053	0.683673	0.682244	0.674034	0.674423	0.609779	0.591603	0.589718	0.589568	0.589739	0.590419	0.591098	0.593715	0.596333	0.60281	0.609287	0.614849	0.62041	0.616423	0.612435	0.608691	0.604947	0.604045	0.603144	0.605739	0.608335	0.612382	0.616429	0.618296	0.620163	0.620782	0.621401	0.621831	0.622261	0.622496	0.622732	0.622964	0.623196	0.62323	
0.622833	0.622824	0.622842	0.62286	0.622827	0.622794	0.622701	0.622608	0.622233	0.621859	0.62112	0.620382	0.619344	0.618306	0.617014	0.615722	0.612997	0.610273	0.603774	0.595995	0.597646	0.624558	0.66766	0.671993	0.674585	0.663861	0.670312	0.669499	0.652115	0.690085	0.662816	0.607829	0.589441	0.590451	0.591054	0.590295	0.589815	0.589335	0.591088	0.592841	0.600397	0.607953	0.615231	0.622509	0.617094	0.611679	0.605433	0.599187	0.600398	0.60161	0.604592	0.607575	0.611259	0.614944	0.617308	0.619673	0.620654	0.621634	0.622028	0.622422	0.622524	0.622626	0.622734	0.622842	0.622833	
0.621905	0.621766	0.621784	0.621803	0.621912	0.62202	0.622086	0.622152	0.621924	0.621696	0.621032	0.620367	0.619247	0.618127	0.61638	0.614634	0.61244	0.610246	0.609188	0.597496	0.608511	0.650592	0.669264	0.656492	0.659854	0.651227	0.655759	0.659335	0.671356	0.657517	0.603512	0.587789	0.590411	0.594153	0.594935	0.594824	0.59374	0.592657	0.593522	0.594387	0.601003	0.60762	0.615719	0.623819	0.620013	0.616206	0.60624	0.596273	0.598537	0.600802	0.604272	0.607742	0.611302	0.614863	0.61723	0.619597	0.620348	0.621098	0.621488	0.621877	0.622041	0.622204	0.622125	0.622045	0.621905	
0.620978	0.620707	0.620726	0.620746	0.620996	0.621245	0.621471	0.621696	0.621615	0.621534	0.620943	0.620352	0.619149	0.617947	0.615747	0.613547	0.611883	0.607449	0.61479	0.611532	0.617301	0.647832	0.663787	0.656417	0.656353	0.648625	0.642626	0.636486	0.620601	0.643118	0.583264	0.589567	0.596313	0.599357	0.59937	0.599352	0.597666	0.595979	0.595955	0.595932	0.601609	0.607286	0.616207	0.625129	0.622931	0.620733	0.607046	0.593359	0.596676	0.599995	0.603952	0.607909	0.611346	0.614783	0.617152	0.619521	0.620042	0.620563	0.620948	0.621333	0.621557	0.621781	0.621515	0.621248	0.620978	
0.619829	0.619501	0.619478	0.619455	0.619773	0.620092	0.620535	0.620978	0.621024	0.621071	0.620634	0.620198	0.619109	0.61802	0.61611	0.6142	0.616233	0.613685	0.630402	0.636031	0.640448	0.655278	0.658959	0.645239	0.630268	0.637781	0.623818	0.608256	0.602021	0.584541	0.583173	0.590329	0.597012	0.600852	0.601591	0.601766	0.600169	0.598571	0.597351	0.596131	0.602251	0.60837	0.617356	0.626343	0.622643	0.618942	0.6055	0.592058	0.595408	0.598759	0.603443	0.608126	0.612068	0.61601	0.617845	0.61968	0.619949	0.620218	0.620547	0.620876	0.620995	0.621114	0.620635	0.620157	0.619829	
0.61868	0.618295	0.618229	0.618163	0.618551	0.618938	0.619599	0.62026	0.620433	0.620607	0.620326	0.620044	0.619069	0.618094	0.616473	0.614853	0.620583	0.621968	0.636462	0.661322	0.660526	0.657507	0.652511	0.637555	0.61801	0.605175	0.625269	0.601262	0.594199	0.579632	0.579036	0.587246	0.595727	0.601105	0.602954	0.60418	0.602672	0.601163	0.598747	0.596331	0.602892	0.609454	0.618506	0.627557	0.622355	0.617151	0.603955	0.590758	0.59414	0.597523	0.602933	0.608344	0.612791	0.617238	0.618538	0.619839	0.619856	0.619873	0.620146	0.620419	0.620432	0.620446	0.619755	0.619065	0.61868	
0.617217	0.616951	0.616978	0.617006	0.617472	0.617938	0.618741	0.619544	0.619895	0.620246	0.619989	0.619733	0.618873	0.618012	0.618747	0.619483	0.626355	0.632864	0.641901	0.646683	0.653802	0.652073	0.647581	0.633824	0.609851	0.589089	0.578391	0.571433	0.573868	0.574699	0.577439	0.584469	0.596061	0.603384	0.605133	0.606249	0.603506	0.600763	0.598344	0.595925	0.603617	0.61131	0.617742	0.624173	0.618182	0.61219	0.604254	0.596317	0.600008	0.603699	0.607987	0.612276	0.615186	0.618097	0.618453	0.618809	0.618658	0.618506	0.61873	0.618954	0.618805	0.618656	0.618069	0.617482	0.617217	
0.615754	0.615607	0.615728	0.615848	0.616393	0.616937	0.617883	0.618829	0.619357	0.619884	0.619653	0.619422	0.618676	0.61793	0.621022	0.624113	0.632128	0.640284	0.643777	0.646218	0.648595	0.650542	0.649127	0.631711	0.606322	0.588637	0.578168	0.575634	0.579686	0.582853	0.585136	0.590938	0.600802	0.60717	0.607751	0.608319	0.604341	0.600364	0.597941	0.595519	0.604342	0.613166	0.616978	0.62079	0.61401	0.607229	0.604552	0.601876	0.605876	0.609876	0.613042	0.616208	0.617582	0.618956	0.618368	0.61778	0.617459	0.617138	0.617313	0.617489	0.617178	0.616867	0.616383	0.6159	0.615754	
0.613928	0.61398	0.614339	0.614699	0.615362	0.616025	0.616921	0.617817	0.618428	0.619038	0.618923	0.618808	0.620395	0.621983	0.628092	0.634201	0.637633	0.638401	0.63945	0.644556	0.648585	0.647986	0.644219	0.627954	0.606817	0.595029	0.589822	0.589686	0.592209	0.595064	0.597937	0.602004	0.607297	0.610318	0.609522	0.607614	0.603512	0.59941	0.598163	0.596915	0.604794	0.612673	0.614757	0.61684	0.613489	0.610138	0.609403	0.608668	0.610928	0.613189	0.614753	0.616317	0.616635	0.616952	0.61637	0.615787	0.615417	0.615046	0.615063	0.61508	0.614746	0.614412	0.614144	0.613876	0.613928	
0.612102	0.612352	0.612951	0.61355	0.614331	0.615112	0.615959	0.616806	0.617499	0.618193	0.618193	0.618194	0.622115	0.626036	0.635163	0.646174	0.642184	0.639291	0.640677	0.644797	0.645919	0.637927	0.626148	0.61383	0.601147	0.592425	0.591779	0.597249	0.600094	0.602658	0.607265	0.611873	0.613027	0.614181	0.610545	0.606909	0.602683	0.598457	0.598384	0.598311	0.605246	0.612181	0.612536	0.61289	0.612969	0.613048	0.614254	0.61546	0.615981	0.616502	0.616464	0.616426	0.615687	0.614949	0.614372	0.613795	0.613374	0.612953	0.612812	0.612671	0.612313	0.611956	0.611904	0.611852	0.612102	
0.61026	0.610575	0.611381	0.612188	0.613155	0.614121	0.614912	0.615702	0.616298	0.616895	0.616852	0.616809	0.619301	0.621794	0.63097	0.642211	0.644014	0.645998	0.644942	0.642312	0.644006	0.643565	0.636097	0.62676	0.612811	0.596174	0.58777	0.592062	0.599989	0.605099	0.61089	0.616682	0.617068	0.617454	0.613684	0.609913	0.605811	0.601709	0.602106	0.602504	0.608189	0.613874	0.612275	0.610676	0.612412	0.614147	0.615968	0.617788	0.617716	0.617644	0.616816	0.615987	0.614757	0.613527	0.612851	0.612174	0.611811	0.611447	0.611124	0.610801	0.610398	0.609995	0.60997	0.609946	0.61026	
0.608419	0.608798	0.609812	0.610825	0.611978	0.613131	0.613865	0.614599	0.615098	0.615597	0.61551	0.615423	0.616487	0.617552	0.626776	0.636001	0.638527	0.639333	0.640912	0.636837	0.642009	0.655633	0.65984	0.652454	0.63427	0.607032	0.586519	0.585932	0.597588	0.60754	0.614515	0.621491	0.621109	0.620727	0.616822	0.612917	0.608939	0.604961	0.605829	0.606696	0.611132	0.615567	0.612015	0.608463	0.611855	0.615247	0.617681	0.620116	0.61945	0.618785	0.617167	0.615549	0.613827	0.612106	0.61133	0.610553	0.610247	0.609941	0.609436	0.608931	0.608483	0.608034	0.608036	0.608039	0.608419	
0.607143	0.607511	0.608517	0.609522	0.610793	0.612064	0.612958	0.613852	0.614392	0.614932	0.614841	0.61475	0.615231	0.615711	0.620353	0.624995	0.626899	0.626164	0.63009	0.63144	0.640396	0.656982	0.664793	0.660645	0.649805	0.625981	0.598781	0.590971	0.597904	0.606933	0.613608	0.620283	0.622366	0.62445	0.624028	0.623607	0.620678	0.617749	0.61654	0.615331	0.615805	0.616279	0.612052	0.607824	0.611895	0.615967	0.618853	0.62174	0.621053	0.620366	0.618885	0.617404	0.614967	0.612531	0.611122	0.609714	0.609171	0.608627	0.608041	0.607455	0.607071	0.606686	0.60673	0.606774	0.607143	
0.605867	0.606224	0.607221	0.608218	0.609608	0.610997	0.612051	0.613105	0.613686	0.614267	0.614172	0.614078	0.613974	0.61387	0.613929	0.613989	0.61527	0.616552	0.618573	0.620595	0.637207	0.658561	0.664135	0.664108	0.663031	0.652039	0.628741	0.609382	0.607492	0.606325	0.6127	0.619075	0.623624	0.628173	0.631235	0.634297	0.632417	0.630537	0.627251	0.623965	0.620478	0.616991	0.612088	0.607186	0.611936	0.616686	0.620025	0.623365	0.622656	0.621947	0.620602	0.619258	0.616107	0.612956	0.610915	0.608874	0.608094	0.607314	0.606647	0.60598	0.605659	0.605338	0.605424	0.60551	0.605867	
0.605279	0.605655	0.60659	0.607525	0.608885	0.610244	0.611433	0.612622	0.6135	0.614379	0.614526	0.614673	0.614551	0.61443	0.614311	0.614192	0.616245	0.618298	0.619795	0.621292	0.633061	0.649529	0.655334	0.658784	0.663187	0.664068	0.652904	0.636365	0.625798	0.617468	0.619686	0.621905	0.623181	0.624457	0.628271	0.632086	0.630921	0.629757	0.627006	0.624256	0.619531	0.614806	0.61	0.605194	0.609854	0.614515	0.617035	0.619555	0.618059	0.616561	0.617925	0.619289	0.617488	0.615686	0.612641	0.609596	0.608171	0.606745	0.605908	0.60507	0.604839	0.604608	0.604755	0.604903	0.605279	
0.604691	0.605085	0.605959	0.606832	0.608162	0.609491	0.610815	0.612138	0.613314	0.614491	0.614879	0.615268	0.615129	0.614991	0.614693	0.614396	0.61722	0.620045	0.621017	0.621989	0.628915	0.635841	0.643602	0.651362	0.65835	0.665364	0.660363	0.657324	0.642968	0.628611	0.626672	0.624734	0.622737	0.620741	0.625308	0.629875	0.629425	0.628976	0.626761	0.624546	0.618584	0.612621	0.607912	0.603202	0.607773	0.612344	0.614045	0.615746	0.613461	0.611176	0.615248	0.619321	0.618869	0.618417	0.614368	0.610319	0.608247	0.606176	0.605169	0.604161	0.604019	0.603877	0.604087	0.604297	0.604691	
0.604748	0.605162	0.606016	0.606869	0.608146	0.609423	0.610773	0.612123	0.613327	0.61453	0.615231	0.615932	0.616028	0.616125	0.61678	0.617435	0.620708	0.623982	0.623058	0.622135	0.625084	0.628033	0.637128	0.646224	0.653963	0.663317	0.662499	0.65566	0.645299	0.634938	0.632671	0.630404	0.624579	0.618754	0.621323	0.623892	0.624208	0.624525	0.62593	0.627336	0.624203	0.621069	0.614603	0.608136	0.608758	0.60938	0.606445	0.60351	0.603198	0.602887	0.608369	0.613851	0.616359	0.618866	0.616514	0.614162	0.611086	0.60801	0.606228	0.604445	0.604167	0.60389	0.604112	0.604335	0.604748	
0.604806	0.605238	0.606072	0.606906	0.608131	0.609355	0.610732	0.612108	0.613339	0.614569	0.615583	0.616596	0.616928	0.617259	0.618866	0.620473	0.624196	0.627919	0.6251	0.62228	0.621252	0.620224	0.630655	0.641086	0.649576	0.660578	0.661501	0.661178	0.651187	0.641265	0.638669	0.64799	0.631852	0.616768	0.617338	0.617908	0.618991	0.620073	0.625099	0.630126	0.629822	0.629518	0.621294	0.613071	0.609743	0.606415	0.598845	0.591274	0.592935	0.594597	0.601489	0.608382	0.613849	0.619316	0.618661	0.618005	0.613925	0.609845	0.607287	0.604729	0.604315	0.603902	0.604138	0.604373	0.604806	
0.605349	0.60587	0.606745	0.607621	0.60877	0.609919	0.611222	0.612524	0.613747	0.614969	0.615972	0.616975	0.617452	0.617929	0.619728	0.621527	0.625618	0.62971	0.627512	0.625315	0.624297	0.623278	0.629912	0.636546	0.645518	0.65825	0.655883	0.651767	0.643887	0.63418	0.629703	0.636281	0.62143	0.607612	0.611993	0.616375	0.619603	0.62283	0.626886	0.630941	0.629205	0.627469	0.621071	0.614673	0.610412	0.606152	0.598319	0.590487	0.592536	0.594585	0.60196	0.609336	0.614376	0.619416	0.619091	0.618764	0.615123	0.611481	0.608607	0.605734	0.605116	0.604497	0.604663	0.604829	0.605349	
0.605893	0.606501	0.607418	0.608335	0.60941	0.610484	0.611712	0.61294	0.614155	0.615369	0.616361	0.617353	0.617976	0.618599	0.62059	0.62258	0.62704	0.6315	0.629925	0.62835	0.627341	0.626333	0.629169	0.632005	0.641461	0.653717	0.647545	0.640628	0.633861	0.627095	0.620737	0.614378	0.606417	0.598455	0.606648	0.614841	0.620215	0.625588	0.628672	0.631755	0.628587	0.625419	0.620847	0.616275	0.611082	0.605888	0.597794	0.5897	0.592137	0.594574	0.602432	0.61029	0.614903	0.619517	0.61952	0.619524	0.616321	0.613118	0.609928	0.606739	0.605916	0.605093	0.605189	0.605285	0.605893	
0.607045	0.607596	0.608544	0.609492	0.61047	0.611448	0.612546	0.613644	0.614753	0.615862	0.616779	0.617695	0.618305	0.618915	0.620213	0.621511	0.625786	0.63006	0.63091	0.631759	0.630548	0.629336	0.630437	0.631538	0.638066	0.646322	0.6392	0.632122	0.626523	0.620925	0.611988	0.603051	0.600412	0.597772	0.608452	0.619132	0.623192	0.627252	0.628929	0.630606	0.627008	0.623411	0.61513	0.606849	0.603384	0.599919	0.596943	0.593968	0.598949	0.603931	0.60966	0.61539	0.617759	0.620128	0.619524	0.61892	0.616125	0.61333	0.610817	0.608304	0.607466	0.606627	0.60656	0.606494	0.607045	
0.608196	0.608691	0.60967	0.61065	0.611531	0.612412	0.613381	0.614349	0.615352	0.616356	0.617196	0.618037	0.618634	0.619231	0.619836	0.620442	0.624531	0.62862	0.631894	0.635168	0.633754	0.63234	0.631706	0.631072	0.634671	0.640077	0.632102	0.623616	0.619185	0.614755	0.60324	0.591724	0.594407	0.59709	0.610256	0.623422	0.626169	0.628916	0.629186	0.629456	0.62543	0.621403	0.609413	0.597422	0.595686	0.59395	0.596093	0.598236	0.605761	0.613288	0.616889	0.62049	0.620614	0.620739	0.619527	0.618316	0.615929	0.613542	0.611706	0.609869	0.609016	0.608162	0.607932	0.607702	0.608196	
0.609754	0.61036	0.611197	0.612034	0.612718	0.613401	0.614232	0.615063	0.615935	0.616807	0.617422	0.618036	0.618583	0.61913	0.61944	0.619751	0.622194	0.624636	0.62937	0.634104	0.632663	0.631222	0.629152	0.627082	0.630607	0.633757	0.627362	0.620291	0.619108	0.617926	0.606035	0.594143	0.599029	0.603916	0.61466	0.625405	0.627223	0.629042	0.628711	0.628381	0.626723	0.625066	0.617517	0.609967	0.608839	0.607711	0.609203	0.610696	0.614368	0.618041	0.618928	0.619815	0.619078	0.61834	0.617274	0.616208	0.614703	0.613198	0.612028	0.610858	0.610157	0.609455	0.609302	0.609149	0.609754	
0.611312	0.612028	0.612724	0.613419	0.613904	0.614389	0.615083	0.615778	0.616518	0.617258	0.617647	0.618036	0.618532	0.619029	0.619044	0.61906	0.619856	0.620652	0.626846	0.633039	0.631572	0.630104	0.626598	0.623092	0.626542	0.629993	0.62348	0.616966	0.619032	0.621097	0.60883	0.596563	0.603653	0.610743	0.619065	0.627387	0.628278	0.629168	0.628237	0.627305	0.628018	0.62873	0.625621	0.622512	0.621993	0.621473	0.622315	0.623157	0.622976	0.622794	0.620967	0.61914	0.617541	0.615942	0.61502	0.614099	0.613476	0.612854	0.61235	0.611847	0.611298	0.610749	0.610673	0.610596	0.611312	
0.613237	0.61385	0.614205	0.614561	0.614901	0.61524	0.615846	0.616452	0.616949	0.617445	0.617537	0.617629	0.617884	0.618139	0.618198	0.618258	0.618316	0.618375	0.623718	0.629061	0.628811	0.628561	0.625047	0.621533	0.62375	0.625967	0.623017	0.620066	0.62103	0.621995	0.611118	0.600241	0.606465	0.612689	0.619709	0.626729	0.627687	0.628646	0.627299	0.625952	0.626379	0.626807	0.625247	0.623687	0.623171	0.622656	0.622167	0.621679	0.620924	0.62017	0.618525	0.61688	0.615392	0.613903	0.613334	0.612766	0.612556	0.612346	0.612238	0.61213	0.612027	0.611924	0.612274	0.612623	0.613237	
0.615161	0.615672	0.615687	0.615703	0.615897	0.616091	0.616609	0.617127	0.61738	0.617632	0.617427	0.617223	0.617235	0.617248	0.617352	0.617456	0.616776	0.616097	0.620589	0.625082	0.62605	0.627017	0.623496	0.619974	0.620958	0.621942	0.622553	0.623165	0.623029	0.622893	0.613407	0.60392	0.609277	0.614634	0.620352	0.62607	0.627097	0.628123	0.626361	0.624599	0.624741	0.624883	0.624873	0.624862	0.62435	0.623837	0.622019	0.620201	0.618873	0.617545	0.616083	0.614621	0.613242	0.611864	0.611649	0.611434	0.611636	0.611838	0.612126	0.612414	0.612756	0.613099	0.613875	0.61465	0.615161	
0.61643	0.616565	0.616482	0.616398	0.616538	0.616677	0.617092	0.617508	0.617619	0.617731	0.617241	0.616751	0.61634	0.615928	0.615954	0.615981	0.615374	0.614768	0.61703	0.619293	0.620785	0.622276	0.620215	0.618155	0.618985	0.619815	0.62049	0.621165	0.621349	0.621532	0.615192	0.608851	0.612614	0.616377	0.620352	0.624327	0.625406	0.626484	0.625247	0.624011	0.623918	0.623825	0.623496	0.623168	0.622398	0.621628	0.620259	0.618891	0.617693	0.616496	0.615254	0.614012	0.613102	0.612191	0.612117	0.612043	0.612386	0.612729	0.613314	0.613899	0.614521	0.615142	0.615719	0.616296	0.61643	
0.6177	0.617458	0.617276	0.617094	0.617178	0.617263	0.617576	0.617888	0.617859	0.61783	0.617055	0.61628	0.615444	0.614607	0.614556	0.614505	0.613972	0.613439	0.613472	0.613504	0.615519	0.617534	0.616935	0.616335	0.617012	0.617689	0.618427	0.619165	0.619668	0.62017	0.616977	0.613783	0.615951	0.618119	0.620352	0.622585	0.623714	0.624844	0.624134	0.623423	0.623095	0.622768	0.62212	0.621473	0.620446	0.619418	0.618499	0.61758	0.616514	0.615447	0.614426	0.613404	0.612961	0.612518	0.612585	0.612653	0.613137	0.61362	0.614502	0.615384	0.616285	0.617186	0.617564	0.617941	0.6177	
0.618241	0.617899	0.617665	0.61743	0.617437	0.617445	0.61767	0.617895	0.617867	0.61784	0.617034	0.616227	0.615239	0.61425	0.613855	0.613461	0.612817	0.612174	0.611659	0.611144	0.611977	0.61281	0.613446	0.614082	0.614869	0.615656	0.616521	0.617385	0.618273	0.619161	0.618798	0.618435	0.619363	0.620292	0.621521	0.622749	0.62335	0.623951	0.623399	0.622848	0.622538	0.622229	0.621544	0.620858	0.619949	0.619039	0.618094	0.617148	0.616299	0.615449	0.614746	0.614043	0.61394	0.613836	0.614167	0.614498	0.615112	0.615726	0.616477	0.617228	0.617836	0.618444	0.618514	0.618583	0.618241	
0.618783	0.618341	0.618054	0.617766	0.617696	0.617627	0.617764	0.617902	0.617876	0.61785	0.617012	0.616175	0.615033	0.613892	0.613155	0.612417	0.611663	0.610908	0.609846	0.608784	0.608435	0.608086	0.609958	0.61183	0.612727	0.613623	0.614615	0.615606	0.616879	0.618152	0.620619	0.623087	0.622776	0.622465	0.622689	0.622913	0.622986	0.623058	0.622665	0.622273	0.621981	0.62169	0.620967	0.620244	0.619452	0.61866	0.617688	0.616717	0.616084	0.615451	0.615067	0.614682	0.614918	0.615154	0.615749	0.616343	0.617087	0.617831	0.618451	0.619072	0.619387	0.619702	0.619464	0.619225	0.618783	
0.619031	0.618547	0.618143	0.61774	0.61758	0.61742	0.617516	0.617612	0.617576	0.61754	0.616768	0.615996	0.614871	0.613746	0.612812	0.611878	0.610862	0.609845	0.608916	0.607987	0.607352	0.606717	0.608291	0.609865	0.610644	0.611423	0.612536	0.613648	0.615355	0.617061	0.620725	0.62439	0.623594	0.622797	0.622555	0.622312	0.622368	0.622424	0.622201	0.621979	0.621686	0.621394	0.620816	0.620238	0.619468	0.618699	0.617918	0.617138	0.616608	0.616078	0.615808	0.615538	0.61583	0.616122	0.616765	0.617407	0.61812	0.618834	0.61932	0.619807	0.619967	0.620126	0.619821	0.619516	0.619032	
0.61928	0.618753	0.618233	0.617714	0.617463	0.617213	0.617267	0.617322	0.617276	0.61723	0.616523	0.615817	0.614709	0.613601	0.61247	0.611339	0.610061	0.608782	0.607986	0.60719	0.606269	0.605349	0.606624	0.6079	0.608562	0.609223	0.610457	0.611691	0.61383	0.615969	0.620831	0.625694	0.624412	0.62313	0.62242	0.62171	0.62175	0.621789	0.621737	0.621684	0.621391	0.621098	0.620665	0.620232	0.619485	0.618738	0.618149	0.617559	0.617132	0.616706	0.61655	0.616394	0.616742	0.61709	0.617781	0.618471	0.619154	0.619836	0.620189	0.620543	0.620546	0.62055	0.620178	0.619807	0.61928	
0.619392	0.618852	0.618298	0.617744	0.617463	0.617181	0.617194	0.617207	0.61714	0.617072	0.61638	0.615688	0.614573	0.613457	0.612238	0.611019	0.609574	0.608129	0.607237	0.606345	0.60552	0.604696	0.605611	0.606526	0.6071	0.607674	0.608993	0.610313	0.612325	0.614338	0.618809	0.62328	0.62258	0.62188	0.621691	0.621502	0.62164	0.621778	0.621752	0.621726	0.621592	0.621458	0.621132	0.620805	0.62013	0.619454	0.618851	0.618247	0.617824	0.617402	0.617204	0.617006	0.617242	0.617478	0.618037	0.618595	0.619214	0.619834	0.62016	0.620486	0.620521	0.620556	0.620244	0.619932	0.619392	
0.619503	0.61895	0.618363	0.617775	0.617462	0.617149	0.617121	0.617092	0.617004	0.616915	0.616237	0.615559	0.614436	0.613313	0.612006	0.610699	0.609087	0.607476	0.606488	0.605501	0.604772	0.604043	0.604598	0.605153	0.605639	0.606125	0.607529	0.608934	0.610821	0.612707	0.616787	0.620867	0.620748	0.620629	0.620962	0.621294	0.621531	0.621767	0.621767	0.621767	0.621793	0.621818	0.621598	0.621379	0.620775	0.620171	0.619553	0.618935	0.618516	0.618098	0.617858	0.617619	0.617743	0.617867	0.618293	0.618719	0.619275	0.619831	0.620131	0.62043	0.620496	0.620562	0.620309	0.620057	0.619503	
0.619307	0.618869	0.618388	0.617907	0.617646	0.617384	0.617368	0.617352	0.617225	0.617098	0.616395	0.615692	0.614578	0.613464	0.612194	0.610924	0.609337	0.60775	0.606617	0.605484	0.604735	0.603987	0.60444	0.604893	0.605383	0.605872	0.607256	0.608641	0.610552	0.612463	0.615796	0.619128	0.619657	0.620186	0.6207	0.621214	0.621454	0.621693	0.621799	0.621905	0.622112	0.622319	0.622174	0.622028	0.621437	0.620846	0.620178	0.619509	0.61896	0.618412	0.61807	0.617729	0.617652	0.617575	0.617823	0.618072	0.61856	0.619049	0.619412	0.619775	0.619922	0.620068	0.619907	0.619745	0.619307	
0.619111	0.618788	0.618414	0.61804	0.61783	0.617619	0.617615	0.617611	0.617446	0.617281	0.616553	0.615824	0.61472	0.613615	0.612382	0.611149	0.609586	0.608024	0.606746	0.605467	0.604699	0.60393	0.604282	0.604634	0.605127	0.605619	0.606983	0.608348	0.610284	0.61222	0.614805	0.61739	0.618566	0.619743	0.620439	0.621135	0.621377	0.621618	0.62183	0.622042	0.622431	0.622819	0.622749	0.622678	0.6221	0.621521	0.620802	0.620083	0.619404	0.618726	0.618282	0.617839	0.617561	0.617284	0.617354	0.617424	0.617845	0.618267	0.618694	0.61912	0.619347	0.619574	0.619504	0.619434	0.619111	
0.618779	0.618658	0.618487	0.618316	0.618259	0.618202	0.618275	0.618348	0.618156	0.617964	0.617222	0.61648	0.615333	0.614186	0.612967	0.611748	0.610287	0.608827	0.607523	0.606218	0.605335	0.604452	0.604756	0.60506	0.605581	0.606101	0.607415	0.608729	0.610466	0.612203	0.614494	0.616786	0.618089	0.619391	0.620173	0.620954	0.621221	0.621488	0.621842	0.622196	0.622658	0.62312	0.623063	0.623006	0.622483	0.62196	0.621274	0.620587	0.619781	0.618974	0.618351	0.617728	0.617271	0.616815	0.616709	0.616603	0.616893	0.617183	0.617601	0.618018	0.618353	0.618689	0.618794	0.6189	0.618779	
0.618447	0.618529	0.61856	0.618592	0.618688	0.618784	0.618934	0.619085	0.618866	0.618647	0.617892	0.617137	0.615946	0.614756	0.613552	0.612347	0.610988	0.60963	0.608299	0.606969	0.605972	0.604974	0.60523	0.605486	0.606035	0.606583	0.607847	0.609111	0.610648	0.612185	0.614184	0.616183	0.617611	0.61904	0.619907	0.620774	0.621066	0.621358	0.621854	0.622349	0.622885	0.623421	0.623377	0.623334	0.622867	0.6224	0.621746	0.621092	0.620157	0.619222	0.61842	0.617618	0.616982	0.616345	0.616064	0.615782	0.615941	0.616099	0.616507	0.616916	0.61736	0.617804	0.618085	0.618366	0.618447	
0.618074	0.618352	0.618592	0.618832	0.619098	0.619365	0.619587	0.619808	0.61963	0.619451	0.61873	0.618008	0.616823	0.615638	0.614388	0.613138	0.611826	0.610513	0.609354	0.608195	0.607241	0.606286	0.606412	0.606537	0.606979	0.607422	0.608512	0.609602	0.610888	0.612174	0.61396	0.615747	0.617248	0.618748	0.619568	0.620388	0.620741	0.621093	0.621654	0.622215	0.6228	0.623385	0.623415	0.623445	0.622996	0.622547	0.62196	0.621372	0.620493	0.619615	0.618635	0.617655	0.616863	0.616071	0.615624	0.615177	0.615189	0.615201	0.615557	0.615913	0.616425	0.616937	0.617366	0.617796	0.618074	
0.617701	0.618176	0.618624	0.619071	0.619509	0.619946	0.620239	0.620532	0.620394	0.620255	0.619568	0.61888	0.6177	0.616519	0.615224	0.613928	0.612663	0.611397	0.610409	0.609421	0.608509	0.607598	0.607593	0.607588	0.607924	0.60826	0.609177	0.610093	0.611128	0.612163	0.613737	0.615311	0.616884	0.618457	0.61923	0.620002	0.620415	0.620828	0.621454	0.622081	0.622715	0.623349	0.623453	0.623556	0.623126	0.622695	0.622174	0.621652	0.62083	0.620008	0.61885	0.617691	0.616744	0.615797	0.615184	0.614571	0.614437	0.614303	0.614607	0.61491	0.61549	0.61607	0.616648	0.617226	0.617701	
0.617364	0.617978	0.618569	0.619161	0.619709	0.620257	0.620616	0.620975	0.620908	0.620841	0.620202	0.619563	0.61846	0.617357	0.616079	0.614802	0.613509	0.612215	0.611261	0.610308	0.609535	0.608762	0.608677	0.608592	0.608813	0.609034	0.609654	0.610273	0.611144	0.612015	0.613494	0.614974	0.616647	0.61832	0.619038	0.619755	0.620116	0.620477	0.621131	0.621784	0.622503	0.623221	0.623471	0.623721	0.623281	0.622841	0.622231	0.62162	0.620972	0.620323	0.619289	0.618256	0.617196	0.616136	0.615324	0.614513	0.614223	0.613932	0.614146	0.61436	0.614909	0.615459	0.616104	0.61675	0.617364	
