x=105	y=200	z=200	n=65	len=1
b
0	0	0	0	0	0	0	0	0	0	0	0	0	0	0	0	0	0	0	0	0	0	0	0	0	0	0	0	0	0	0	0	0	0	0	0	0	0	0	0	0	0	0	0	0	0	0	0	0	0	0	0	0	0	0	0	0	0	0	0	0	0	0	0	0	
0.0232295	0.0221047	0.021231	0.0203572	0.0198963	0.0194354	0.0193561	0.0192769	0.0194825	0.0196881	0.0201702	0.0206523	0.0213586	0.022065	0.0227713	0.0234775	0.0240492	0.0246208	0.0249405	0.0252601	0.025349	0.0254379	0.0253696	0.0253014	0.025242	0.0251827	0.0252063	0.0252298	0.025229	0.0252281	0.0251549	0.0250816	0.0248343	0.0245869	0.0242721	0.0239573	0.0237132	0.0234691	0.023268	0.0230669	0.0233202	0.0235736	0.023953	0.0243324	0.0241369	0.0239413	0.0234312	0.0229212	0.0229125	0.0229039	0.0235465	0.0241891	0.0252198	0.0262505	0.0271884	0.0281264	0.0285102	0.028894	0.0286045	0.028315	0.027444	0.026573	0.0254637	0.0243543	0.0232295	
0.0467016	0.0447024	0.0430453	0.0413883	0.0403603	0.0393323	0.0390456	0.0387589	0.0391245	0.0394901	0.0404881	0.0414861	0.0428709	0.0442557	0.0456163	0.0469769	0.0480811	0.0491853	0.0498292	0.0504732	0.0506695	0.0508658	0.0506896	0.0505133	0.05032	0.0501267	0.0501031	0.0500795	0.0500852	0.0500909	0.0499955	0.0499	0.0494973	0.0490946	0.0485643	0.0480339	0.0475525	0.047071	0.0466832	0.0462953	0.0467876	0.0472799	0.047878	0.048476	0.0480084	0.0475407	0.0466285	0.0457163	0.0458503	0.0459843	0.0473414	0.0486986	0.0506393	0.05258	0.0541923	0.0558045	0.0563219	0.0568392	0.0562217	0.0556042	0.0540995	0.0525948	0.0506479	0.048701	0.0467017	
0.0701737	0.0673	0.0648597	0.0624194	0.0608243	0.0592292	0.058735	0.0582409	0.0587665	0.0592921	0.060806	0.0623199	0.0643831	0.0664463	0.0684613	0.0704764	0.0721131	0.0737498	0.074718	0.0756862	0.07599	0.0762937	0.0760095	0.0757252	0.0753979	0.0750706	0.0749999	0.0749291	0.0749414	0.0749537	0.0748361	0.0747184	0.0741604	0.0736023	0.0728564	0.0721106	0.0713918	0.070673	0.0700984	0.0695238	0.070255	0.0709863	0.0718029	0.0726195	0.0718798	0.0711401	0.0698258	0.0685114	0.068788	0.0690647	0.0711363	0.073208	0.0760587	0.0789095	0.0811961	0.0834827	0.0841336	0.0847844	0.0838389	0.0828933	0.080755	0.0786166	0.0758321	0.0730476	0.0701739	
0.0931361	0.0898641	0.0870013	0.0841384	0.0821142	0.0800899	0.0793638	0.0786377	0.0792231	0.0798085	0.0816824	0.0835562	0.0861263	0.0886964	0.091213	0.0937296	0.0957717	0.0978138	0.0991206	0.100427	0.100926	0.101425	0.101027	0.100629	0.100019	0.0994094	0.0991625	0.0989157	0.09894	0.0989643	0.0989173	0.0988702	0.0983664	0.0978626	0.0971575	0.0964524	0.0955629	0.0946734	0.0940785	0.0934837	0.0943762	0.0952688	0.0957855	0.0963022	0.0951771	0.0940518	0.0926824	0.0913129	0.0920595	0.0928062	0.0955904	0.0983746	0.101713	0.105051	0.107406	0.109761	0.110142	0.110523	0.109207	0.10789	0.105345	0.1028	0.099604	0.0964084	0.0931363	
0.116099	0.112428	0.109143	0.105858	0.103404	0.100951	0.0999926	0.0990345	0.0996797	0.100325	0.102559	0.104792	0.107869	0.110947	0.113965	0.116983	0.11943	0.121878	0.123523	0.125168	0.125863	0.126557	0.126045	0.125532	0.12464	0.123748	0.123325	0.122902	0.122939	0.122975	0.122998	0.123022	0.122572	0.122123	0.121459	0.120794	0.119734	0.118674	0.118059	0.117444	0.118497	0.119551	0.119768	0.119985	0.118474	0.116964	0.115539	0.114114	0.115331	0.116548	0.120044	0.123541	0.127367	0.131193	0.133616	0.136039	0.13615	0.136261	0.134574	0.132888	0.129935	0.126983	0.123376	0.119769	0.116099	
0.138571	0.135049	0.131846	0.128642	0.126145	0.123648	0.12252	0.121392	0.121868	0.122345	0.124528	0.12671	0.129899	0.133087	0.13631	0.139532	0.142238	0.144943	0.146901	0.148859	0.149865	0.150871	0.150289	0.149707	0.148447	0.147186	0.146485	0.145784	0.14582	0.145857	0.145965	0.146074	0.145864	0.145655	0.145263	0.144872	0.143967	0.143062	0.142836	0.14261	0.143431	0.144252	0.143563	0.142874	0.141118	0.139362	0.138434	0.137507	0.139431	0.141356	0.145192	0.149029	0.152606	0.156184	0.158022	0.15986	0.159512	0.159164	0.15718	0.155197	0.152171	0.149145	0.14562	0.142094	0.138572	
0.161044	0.15767	0.154548	0.151426	0.148886	0.146345	0.145047	0.143749	0.144057	0.144365	0.146496	0.148628	0.151928	0.155227	0.158655	0.162082	0.165045	0.168007	0.170279	0.17255	0.173867	0.175185	0.174533	0.173881	0.172253	0.170625	0.169645	0.168665	0.168702	0.168739	0.168932	0.169125	0.169156	0.169186	0.169068	0.168949	0.1682	0.167451	0.167614	0.167776	0.168364	0.168952	0.167358	0.165764	0.163762	0.16176	0.16133	0.1609	0.163532	0.166164	0.17034	0.174517	0.177845	0.181174	0.182428	0.183682	0.182874	0.182066	0.179786	0.177506	0.174407	0.171308	0.167863	0.164419	0.161045	
0.184486	0.181797	0.179198	0.176599	0.17433	0.172061	0.170546	0.169031	0.168826	0.168621	0.170182	0.171744	0.174658	0.177572	0.180814	0.184057	0.187055	0.190053	0.19249	0.194927	0.196538	0.198148	0.197514	0.196879	0.194955	0.193032	0.191772	0.190513	0.190536	0.19056	0.190836	0.191112	0.191404	0.191697	0.191951	0.192205	0.192116	0.192027	0.192661	0.193295	0.1932	0.193104	0.190622	0.188139	0.186311	0.184483	0.184962	0.185441	0.188557	0.191673	0.19543	0.199187	0.20161	0.204034	0.204497	0.204961	0.203749	0.202536	0.200299	0.198062	0.1954	0.192737	0.189956	0.187175	0.184486	
0.207927	0.205924	0.203848	0.201771	0.199774	0.197776	0.196045	0.194313	0.193595	0.192877	0.193868	0.194859	0.197388	0.199916	0.202974	0.206032	0.209065	0.212098	0.214701	0.217305	0.219208	0.221112	0.220494	0.219876	0.217658	0.215439	0.2139	0.212361	0.21237	0.21238	0.212739	0.213098	0.213653	0.214207	0.214834	0.215461	0.216032	0.216603	0.217708	0.218814	0.218035	0.217256	0.213885	0.210514	0.20886	0.207206	0.208594	0.209982	0.213582	0.217182	0.220519	0.223857	0.225375	0.226893	0.226567	0.22624	0.224623	0.223006	0.220812	0.218618	0.216393	0.214167	0.212049	0.209931	0.207928	
0.233153	0.232215	0.231015	0.229814	0.228261	0.226707	0.224782	0.222856	0.221416	0.219976	0.21996	0.219944	0.221616	0.223288	0.22578	0.228273	0.231046	0.23382	0.236201	0.238582	0.240459	0.242335	0.241957	0.241579	0.239397	0.237216	0.235345	0.233474	0.233409	0.233343	0.233932	0.23452	0.23529	0.236061	0.237027	0.237994	0.239313	0.240632	0.241752	0.242872	0.241682	0.240492	0.237279	0.234066	0.233181	0.232296	0.234041	0.235785	0.238976	0.242166	0.244403	0.24664	0.247145	0.247651	0.246708	0.245765	0.244112	0.242458	0.240744	0.23903	0.237616	0.236202	0.235146	0.23409	0.233153	
0.258378	0.258506	0.258182	0.257858	0.256747	0.255637	0.253519	0.2514	0.249238	0.247075	0.246052	0.245028	0.245844	0.246659	0.248586	0.250514	0.253028	0.255542	0.257701	0.259859	0.261709	0.263559	0.26342	0.263281	0.261137	0.258994	0.256791	0.254588	0.254447	0.254306	0.255124	0.255941	0.256928	0.257914	0.259221	0.260528	0.262594	0.264661	0.265796	0.266931	0.265329	0.263727	0.260672	0.257618	0.257502	0.257386	0.259487	0.261589	0.26437	0.26715	0.268287	0.269424	0.268916	0.268408	0.266849	0.26529	0.2636	0.261909	0.260676	0.259442	0.25884	0.258238	0.258244	0.258249	0.258378	
0.284149	0.285278	0.285814	0.286351	0.285852	0.285353	0.283367	0.281381	0.278755	0.27613	0.274182	0.272234	0.272009	0.271784	0.27307	0.274356	0.276225	0.278095	0.279429	0.280764	0.282022	0.28328	0.283534	0.283788	0.282385	0.280982	0.278452	0.275922	0.275546	0.275169	0.276521	0.277872	0.279214	0.280555	0.282014	0.283474	0.285761	0.288049	0.288725	0.289402	0.288346	0.287289	0.286097	0.284905	0.285529	0.286153	0.287265	0.288377	0.289613	0.290848	0.290712	0.290576	0.289285	0.287994	0.286294	0.284594	0.283206	0.281819	0.281202	0.280585	0.280824	0.281063	0.282041	0.28302	0.284149	
0.30992	0.31205	0.313447	0.314844	0.314957	0.31507	0.313215	0.311361	0.308273	0.305184	0.302312	0.29944	0.298174	0.296908	0.297553	0.298197	0.299422	0.300647	0.301158	0.301668	0.302335	0.303002	0.303648	0.304294	0.303632	0.30297	0.300113	0.297256	0.296644	0.296032	0.297917	0.299803	0.3015	0.303196	0.304808	0.30642	0.308928	0.311437	0.311655	0.311873	0.311362	0.310852	0.311522	0.312193	0.313557	0.314921	0.315043	0.315165	0.314855	0.314545	0.313137	0.311728	0.309654	0.30758	0.305739	0.303898	0.302813	0.301728	0.301728	0.301728	0.302808	0.303888	0.305839	0.30779	0.30992	
0.333918	0.336322	0.338111	0.339901	0.340545	0.341189	0.340049	0.338908	0.336119	0.333329	0.330235	0.32714	0.325538	0.323936	0.324141	0.324347	0.324614	0.324882	0.32417	0.323458	0.323122	0.322787	0.323643	0.324499	0.325064	0.325629	0.323281	0.320932	0.320055	0.319177	0.321197	0.323216	0.325408	0.327601	0.329089	0.330578	0.332579	0.33458	0.334117	0.333654	0.335358	0.337062	0.339436	0.341809	0.342222	0.342634	0.341295	0.339957	0.338168	0.33638	0.334199	0.332018	0.329772	0.327525	0.325986	0.324447	0.323729	0.323011	0.323466	0.32392	0.325431	0.326942	0.329228	0.331514	0.333918	
0.357916	0.360593	0.362775	0.364957	0.366132	0.367308	0.366882	0.366456	0.363965	0.361474	0.358158	0.354841	0.352902	0.350963	0.35073	0.350496	0.349806	0.349116	0.347182	0.345248	0.34391	0.342572	0.343637	0.344703	0.346496	0.348289	0.346448	0.344608	0.343466	0.342323	0.344476	0.346628	0.349317	0.352006	0.353371	0.354736	0.356229	0.357723	0.356579	0.355435	0.359354	0.363273	0.367349	0.371426	0.370887	0.370348	0.367548	0.364748	0.361481	0.358215	0.355262	0.352309	0.349889	0.347469	0.346232	0.344996	0.344645	0.344295	0.345204	0.346113	0.348054	0.349995	0.352617	0.355239	0.357916	
0.38009	0.382302	0.384206	0.386109	0.387479	0.388849	0.389101	0.389353	0.387928	0.386504	0.384006	0.381509	0.379945	0.378381	0.377805	0.377229	0.375954	0.374678	0.372002	0.369327	0.367026	0.364724	0.365575	0.366427	0.368903	0.371379	0.371288	0.371197	0.370429	0.36966	0.370617	0.371573	0.373864	0.376154	0.377377	0.378601	0.379281	0.379962	0.379083	0.378204	0.384837	0.391469	0.394918	0.398367	0.396177	0.393988	0.389766	0.385545	0.381773	0.378001	0.37527	0.372539	0.370608	0.368677	0.367998	0.36732	0.367317	0.367315	0.368457	0.369599	0.371451	0.373303	0.375591	0.377878	0.38009	
0.402265	0.404012	0.405636	0.407261	0.408826	0.41039	0.411321	0.412251	0.411892	0.411533	0.409854	0.408176	0.406987	0.405798	0.40488	0.403962	0.402101	0.400239	0.396823	0.393407	0.390142	0.386876	0.387514	0.388151	0.39131	0.39447	0.396128	0.397786	0.397392	0.396998	0.396758	0.396518	0.39841	0.400302	0.401384	0.402465	0.402333	0.402201	0.401587	0.400974	0.410319	0.419666	0.422487	0.425308	0.421468	0.417627	0.411984	0.406341	0.402064	0.397787	0.395278	0.392768	0.391327	0.389885	0.389764	0.389644	0.389989	0.390335	0.39171	0.393084	0.394847	0.396611	0.398564	0.400518	0.402265	
0.425112	0.426051	0.426982	0.427914	0.429155	0.430396	0.431574	0.432752	0.433056	0.43336	0.432563	0.431765	0.431333	0.4309	0.430424	0.429947	0.428765	0.427584	0.424325	0.421067	0.416245	0.411423	0.411261	0.4111	0.414736	0.418373	0.42124	0.424108	0.424691	0.425275	0.424092	0.422909	0.423274	0.423639	0.424059	0.424479	0.424711	0.424942	0.425192	0.425442	0.435187	0.444933	0.445788	0.446642	0.441053	0.435465	0.429597	0.423728	0.420082	0.416436	0.414994	0.413552	0.413298	0.413043	0.41366	0.414278	0.414986	0.415693	0.417158	0.418623	0.420077	0.421531	0.422852	0.424172	0.425112	
0.447958	0.44809	0.448329	0.448567	0.449485	0.450402	0.451828	0.453253	0.454219	0.455186	0.455271	0.455355	0.455679	0.456002	0.455967	0.455291	0.45477	0.454038	0.452863	0.449446	0.44337	0.435969	0.435008	0.434048	0.438162	0.442276	0.446353	0.45043	0.451991	0.453552	0.451426	0.4493	0.448138	0.446976	0.446734	0.446492	0.447088	0.447684	0.448797	0.44991	0.460055	0.470201	0.469088	0.467975	0.460639	0.453303	0.447209	0.441115	0.4381	0.435085	0.43471	0.434336	0.435269	0.436201	0.437556	0.438912	0.439982	0.441051	0.442606	0.444161	0.445306	0.446452	0.447139	0.447827	0.447958	
0.473699	0.473007	0.472468	0.471928	0.472387	0.472845	0.473944	0.475042	0.476045	0.477048	0.47756	0.478071	0.479518	0.480965	0.481971	0.48171	0.481531	0.481932	0.482554	0.479122	0.470351	0.462188	0.45866	0.455133	0.458335	0.461537	0.466736	0.471936	0.474425	0.476914	0.475626	0.474338	0.472779	0.471221	0.470135	0.46905	0.469777	0.470505	0.473872	0.477239	0.484187	0.491136	0.488714	0.486292	0.478045	0.469798	0.465063	0.460329	0.459501	0.458674	0.459676	0.460678	0.462301	0.463923	0.465669	0.467414	0.468706	0.469997	0.471462	0.472928	0.473715	0.474502	0.474447	0.474392	0.473699	
0.49944	0.497924	0.496607	0.49529	0.495289	0.495288	0.49606	0.496832	0.497871	0.498911	0.499849	0.500787	0.503357	0.505928	0.507974	0.510119	0.509831	0.510506	0.515136	0.517105	0.506213	0.48883	0.48129	0.476218	0.478508	0.480797	0.48712	0.493443	0.49686	0.500277	0.499827	0.499376	0.497421	0.495465	0.493536	0.491607	0.492467	0.493326	0.498947	0.504568	0.50832	0.512072	0.50834	0.504608	0.49545	0.486292	0.482917	0.479543	0.480903	0.482263	0.484642	0.48702	0.489333	0.491645	0.493781	0.495917	0.49743	0.498942	0.500318	0.501694	0.502123	0.502553	0.501755	0.500957	0.499441	
0.52785	0.526465	0.525061	0.523657	0.523194	0.522732	0.522849	0.522966	0.523267	0.523568	0.524554	0.525539	0.52933	0.533122	0.538632	0.54074	0.541361	0.547579	0.568432	0.59469	0.576223	0.53422	0.511645	0.504672	0.5036	0.502528	0.505944	0.509359	0.514072	0.518785	0.519529	0.520272	0.519683	0.519093	0.51732	0.515547	0.516168	0.51679	0.523547	0.530303	0.532827	0.535351	0.530278	0.525205	0.518176	0.511146	0.509014	0.506883	0.509349	0.511814	0.51437	0.516926	0.519314	0.521702	0.523686	0.525669	0.52706	0.52845	0.529544	0.530638	0.530831	0.531023	0.530129	0.529235	0.52785	
0.556259	0.555005	0.553514	0.552024	0.5511	0.550177	0.549638	0.5491	0.548663	0.548226	0.549258	0.550291	0.555303	0.561994	0.570721	0.573581	0.575551	0.596577	0.62812	0.646599	0.628475	0.584538	0.545688	0.528096	0.520436	0.520017	0.521997	0.525886	0.532063	0.537292	0.53923	0.541168	0.541945	0.542721	0.541104	0.539487	0.53987	0.540254	0.548146	0.556039	0.557335	0.558631	0.552217	0.545802	0.540901	0.536	0.535112	0.534223	0.537794	0.541366	0.544099	0.546833	0.549296	0.55176	0.55359	0.555421	0.55669	0.557959	0.55877	0.559581	0.559538	0.559494	0.558504	0.557514	0.556259	
0.58079	0.580473	0.579661	0.578849	0.578061	0.577274	0.576688	0.576102	0.575342	0.574581	0.574733	0.574884	0.582231	0.592535	0.606472	0.607418	0.604433	0.625946	0.649674	0.648501	0.633121	0.60917	0.580457	0.557852	0.546714	0.540979	0.539656	0.546847	0.555686	0.562103	0.563862	0.565621	0.566785	0.56795	0.568792	0.569633	0.569105	0.568578	0.573962	0.579347	0.582232	0.585118	0.57603	0.566942	0.563724	0.560506	0.560373	0.56024	0.563634	0.567028	0.569566	0.572104	0.574418	0.576733	0.578183	0.579633	0.580409	0.581185	0.581535	0.581884	0.581882	0.581879	0.581493	0.581107	0.58079	
0.605321	0.605941	0.605808	0.605674	0.605023	0.604371	0.603738	0.603104	0.60202	0.600936	0.600207	0.599478	0.609159	0.619997	0.637602	0.635195	0.625272	0.628538	0.638177	0.642736	0.639212	0.625218	0.603521	0.583509	0.571055	0.562029	0.562669	0.575384	0.584542	0.586913	0.588493	0.590073	0.591626	0.593179	0.596479	0.59978	0.598341	0.596901	0.599777	0.602654	0.607129	0.611604	0.599844	0.588083	0.586547	0.585011	0.585634	0.586256	0.589473	0.59269	0.595033	0.597375	0.59954	0.601706	0.602775	0.603845	0.604128	0.604412	0.6043	0.604187	0.604226	0.604264	0.604483	0.604701	0.605321	
0.620802	0.621538	0.62157	0.621602	0.620968	0.620335	0.619371	0.618408	0.617002	0.615596	0.614728	0.61386	0.620197	0.6317	0.649815	0.652866	0.64678	0.640317	0.636383	0.641826	0.647567	0.638409	0.621578	0.609443	0.601612	0.598926	0.605638	0.614981	0.621039	0.618669	0.619525	0.620381	0.620794	0.621208	0.625157	0.629106	0.626648	0.62419	0.624235	0.624281	0.628199	0.632117	0.622113	0.612108	0.608871	0.605634	0.607904	0.610173	0.612613	0.615053	0.616179	0.617305	0.618688	0.620072	0.620677	0.621283	0.621019	0.620755	0.620307	0.619859	0.619665	0.619471	0.619768	0.620065	0.620802	
0.636282	0.637134	0.637332	0.637529	0.636913	0.636298	0.635005	0.633711	0.631984	0.630256	0.629249	0.628242	0.631235	0.632155	0.643487	0.653111	0.656371	0.652213	0.64901	0.655576	0.662671	0.658617	0.652506	0.651805	0.64895	0.648661	0.655806	0.65719	0.656988	0.658347	0.655003	0.651896	0.650551	0.652196	0.656271	0.658539	0.654308	0.651478	0.648693	0.645908	0.649269	0.65263	0.644382	0.636134	0.631196	0.626257	0.630174	0.634091	0.635753	0.637416	0.637325	0.637234	0.637836	0.638438	0.638579	0.638721	0.637909	0.637097	0.636314	0.635531	0.635104	0.634677	0.635053	0.635429	0.636282	
0.650046	0.650156	0.650214	0.650273	0.650853	0.651433	0.652202	0.652972	0.652022	0.651073	0.649221	0.64737	0.647081	0.643417	0.643657	0.649774	0.658678	0.657704	0.657788	0.669944	0.676702	0.670368	0.670392	0.683335	0.689293	0.689874	0.692353	0.688695	0.683677	0.682899	0.676397	0.667354	0.664778	0.669846	0.67563	0.677852	0.673512	0.667587	0.664135	0.660683	0.664226	0.667769	0.664454	0.661139	0.656468	0.651797	0.654773	0.657749	0.659112	0.660476	0.659345	0.658215	0.657408	0.6566	0.655921	0.655241	0.654171	0.6531	0.652224	0.651348	0.650831	0.650314	0.650125	0.649936	0.650046	
0.663809	0.663177	0.663097	0.663017	0.664793	0.666568	0.6694	0.672233	0.672061	0.67189	0.669194	0.666498	0.662929	0.659359	0.660051	0.65962	0.666233	0.667737	0.666943	0.66945	0.670999	0.667046	0.67411	0.689343	0.70366	0.712561	0.715446	0.709965	0.703677	0.700766	0.691763	0.679582	0.678323	0.685343	0.690112	0.691381	0.687936	0.683696	0.679576	0.675457	0.679182	0.682908	0.684527	0.686144	0.681741	0.677336	0.679372	0.681407	0.682471	0.683535	0.681366	0.679196	0.676979	0.674762	0.673262	0.671762	0.670433	0.669104	0.668134	0.667164	0.666557	0.665951	0.665196	0.664442	0.663809	
0.687944	0.687459	0.687791	0.688123	0.689703	0.691283	0.692588	0.693893	0.692877	0.69186	0.689666	0.687472	0.685065	0.682658	0.682926	0.680644	0.682371	0.684713	0.686113	0.686889	0.686539	0.687395	0.692824	0.702695	0.714489	0.724807	0.728901	0.725514	0.720266	0.714996	0.704275	0.693106	0.693556	0.699971	0.702306	0.70203	0.700298	0.697362	0.693713	0.690063	0.694706	0.699349	0.703314	0.707279	0.705278	0.703277	0.704391	0.705506	0.705755	0.706004	0.703721	0.701437	0.699068	0.696698	0.695221	0.693745	0.692951	0.692158	0.691454	0.69075	0.690182	0.689614	0.689022	0.688429	0.687944	
0.712079	0.711742	0.712485	0.713229	0.714614	0.715999	0.715777	0.715554	0.713692	0.71183	0.710138	0.708446	0.707202	0.705957	0.705802	0.705647	0.706162	0.706677	0.709497	0.712317	0.712161	0.712004	0.718276	0.724548	0.733614	0.742679	0.7419	0.741121	0.735948	0.730723	0.722223	0.709549	0.711379	0.7178	0.718995	0.717696	0.715776	0.711028	0.707849	0.70467	0.71023	0.71579	0.722102	0.728414	0.728815	0.729217	0.729411	0.729605	0.729039	0.728473	0.726076	0.723678	0.721157	0.718635	0.717181	0.715728	0.71547	0.715213	0.714775	0.714337	0.713807	0.713278	0.712848	0.712417	0.712079	
0.744306	0.744646	0.745519	0.746392	0.746761	0.747131	0.745144	0.743157	0.740128	0.737099	0.735267	0.733435	0.732811	0.732186	0.733311	0.734436	0.73602	0.737604	0.740264	0.742923	0.743784	0.744645	0.750335	0.756025	0.761441	0.766857	0.764202	0.761547	0.755972	0.7476	0.743345	0.742915	0.74274	0.743207	0.741147	0.73834	0.736226	0.732698	0.730439	0.72818	0.732849	0.737518	0.742944	0.748371	0.750157	0.751944	0.752435	0.752926	0.752754	0.752583	0.7508	0.749018	0.747213	0.745408	0.744322	0.743236	0.743433	0.743629	0.743607	0.743585	0.743463	0.743342	0.743654	0.743967	0.744306	
0.776533	0.777551	0.778553	0.779555	0.778908	0.778262	0.774511	0.770759	0.766564	0.762369	0.760397	0.758424	0.75842	0.758416	0.760821	0.763225	0.765879	0.768532	0.77103	0.773529	0.775407	0.777285	0.782394	0.787502	0.789269	0.791035	0.786505	0.781974	0.775997	0.768239	0.764538	0.76842	0.776324	0.77873	0.771682	0.764869	0.761798	0.754368	0.753029	0.75169	0.755468	0.759246	0.763787	0.768328	0.771499	0.77467	0.775458	0.776246	0.776469	0.776692	0.775525	0.774357	0.77327	0.772182	0.771463	0.770745	0.771396	0.772046	0.77244	0.772833	0.77312	0.773407	0.774461	0.775516	0.776533	
0.802019	0.803007	0.803762	0.804516	0.803369	0.802222	0.798716	0.795209	0.791859	0.78851	0.787379	0.786248	0.786929	0.78761	0.790228	0.792845	0.794599	0.796353	0.797501	0.798649	0.800131	0.801613	0.806033	0.810452	0.811873	0.813293	0.808919	0.804544	0.798778	0.793427	0.789111	0.790747	0.799598	0.806233	0.802785	0.79641	0.792617	0.788929	0.786693	0.784457	0.785263	0.786068	0.788535	0.791002	0.792923	0.794844	0.796489	0.798134	0.799703	0.801272	0.801048	0.800824	0.799899	0.798974	0.797854	0.796734	0.797022	0.797311	0.797846	0.798381	0.798762	0.799144	0.800088	0.801032	0.802019	
0.827505	0.828464	0.82897	0.829477	0.82783	0.826183	0.822921	0.819658	0.817154	0.81465	0.814361	0.814071	0.815438	0.816805	0.819635	0.822465	0.82332	0.824175	0.823972	0.823768	0.824855	0.825941	0.829672	0.833402	0.834477	0.835552	0.831333	0.827115	0.821559	0.815477	0.811869	0.813279	0.820344	0.826754	0.828181	0.827074	0.825192	0.823491	0.820358	0.817224	0.815057	0.812891	0.813283	0.813675	0.814346	0.815017	0.817519	0.820022	0.822937	0.825852	0.826571	0.827291	0.826529	0.825767	0.824245	0.822723	0.822649	0.822575	0.823252	0.823929	0.824405	0.824881	0.825714	0.826547	0.827505	
0.84908	0.849435	0.849488	0.849541	0.8479	0.846259	0.843726	0.841192	0.839901	0.838611	0.839668	0.840725	0.842947	0.84517	0.847654	0.850138	0.849825	0.849513	0.848859	0.848206	0.849422	0.850638	0.853462	0.856285	0.855667	0.855049	0.850197	0.845346	0.840837	0.836347	0.835557	0.838697	0.844116	0.849159	0.85294	0.85545	0.856251	0.856449	0.852989	0.849529	0.846174	0.842819	0.841579	0.84034	0.839906	0.839473	0.841263	0.843054	0.846046	0.849038	0.850641	0.852243	0.852099	0.851955	0.850563	0.849171	0.848567	0.847963	0.848057	0.84815	0.848179	0.848207	0.848466	0.848724	0.84908	
0.870654	0.870406	0.870006	0.869606	0.86797	0.866335	0.86453	0.862725	0.862648	0.862571	0.864975	0.86738	0.870457	0.873534	0.875673	0.877811	0.876331	0.874851	0.873747	0.872644	0.87399	0.875336	0.877252	0.879169	0.876858	0.874546	0.869061	0.863576	0.860115	0.856654	0.861042	0.865431	0.868818	0.872204	0.878062	0.88392	0.886663	0.889406	0.88562	0.881833	0.877291	0.872748	0.869876	0.867004	0.865466	0.863929	0.865007	0.866085	0.869155	0.872224	0.87471	0.877196	0.87767	0.878144	0.876882	0.875619	0.874485	0.873352	0.872861	0.872371	0.871952	0.871534	0.871218	0.870902	0.870654	
0.892212	0.891182	0.890287	0.889391	0.887957	0.886523	0.885509	0.884494	0.885346	0.886198	0.889354	0.89251	0.895982	0.899453	0.901443	0.903432	0.901812	0.900191	0.899243	0.898294	0.898864	0.899435	0.899635	0.899836	0.896411	0.892986	0.888587	0.884187	0.883747	0.883306	0.888117	0.892929	0.895435	0.897942	0.90218	0.906418	0.909936	0.913454	0.911126	0.908798	0.905157	0.901517	0.898438	0.895359	0.893184	0.89101	0.890836	0.890662	0.892996	0.895331	0.89818	0.901029	0.902311	0.903592	0.902996	0.902399	0.901206	0.900014	0.898936	0.897859	0.896706	0.895552	0.894397	0.893242	0.892212	
0.91377	0.911959	0.910568	0.909176	0.907944	0.906712	0.906487	0.906263	0.908043	0.909824	0.913732	0.91764	0.921506	0.925373	0.927213	0.929053	0.927292	0.925532	0.924738	0.923944	0.923739	0.923534	0.922018	0.920502	0.915965	0.911427	0.908113	0.904799	0.907379	0.909959	0.915193	0.920426	0.922053	0.92368	0.926298	0.928917	0.933209	0.937501	0.936632	0.935762	0.933024	0.930285	0.927	0.923714	0.920902	0.918091	0.916664	0.915238	0.916838	0.918438	0.921651	0.924863	0.926952	0.929041	0.92911	0.929179	0.927927	0.926675	0.925011	0.923347	0.921459	0.91957	0.917576	0.915582	0.91377	
0.937486	0.935191	0.933494	0.931797	0.930731	0.929664	0.929972	0.93028	0.932436	0.934592	0.938378	0.942163	0.945546	0.948928	0.95039	0.951851	0.950237	0.948624	0.947842	0.94706	0.945944	0.944828	0.942636	0.940443	0.937163	0.933883	0.932498	0.931113	0.934553	0.937992	0.942303	0.946614	0.946972	0.947329	0.94906	0.950791	0.954526	0.958262	0.95856	0.958858	0.957393	0.955928	0.953086	0.950244	0.947044	0.943843	0.941736	0.939628	0.940471	0.941314	0.944071	0.946827	0.949168	0.951509	0.95229	0.953071	0.952369	0.951667	0.950151	0.948635	0.946575	0.944516	0.942149	0.939782	0.937486	
0.961202	0.958422	0.956421	0.954419	0.953518	0.952616	0.953457	0.954297	0.956829	0.95936	0.963023	0.966687	0.969585	0.972484	0.973567	0.974649	0.973182	0.971715	0.970946	0.970176	0.968149	0.966122	0.963253	0.960385	0.958362	0.956339	0.956884	0.957428	0.961727	0.966025	0.969413	0.972801	0.97189	0.970978	0.971822	0.972665	0.975844	0.979022	0.980488	0.981954	0.981763	0.981571	0.979173	0.976774	0.973185	0.969596	0.966807	0.964018	0.964104	0.96419	0.966491	0.968792	0.971384	0.973976	0.97547	0.976964	0.976811	0.976658	0.97529	0.973922	0.971692	0.969461	0.966722	0.963982	0.961202	
0.987065	0.984503	0.982595	0.980687	0.979894	0.9791	0.979982	0.980863	0.983163	0.985462	0.988412	0.991362	0.993287	0.995212	0.995694	0.996175	0.994738	0.9933	0.992397	0.991494	0.989463	0.987431	0.985121	0.98281	0.982484	0.982157	0.98393	0.985703	0.989409	0.993115	0.995217	0.997319	0.995869	0.994419	0.994377	0.994335	0.996392	0.998448	1.00023	1.00202	1.0029	1.00378	1.00235	1.00092	0.997723	0.994524	0.991416	0.988307	0.987537	0.986767	0.988235	0.989704	0.992067	0.99443	0.996288	0.998146	0.998646	0.999146	0.998471	0.997795	0.996077	0.99436	0.991994	0.989627	0.987065	
1.01293	1.01058	1.00877	1.00696	1.00627	1.00558	1.00651	1.00743	1.0095	1.01156	1.0138	1.01604	1.01699	1.01794	1.01782	1.0177	1.01629	1.01489	1.01385	1.01281	1.01078	1.00874	1.00699	1.00524	1.00661	1.00797	1.01098	1.01398	1.01709	1.0202	1.02102	1.02184	1.01985	1.01786	1.01693	1.01601	1.01694	1.01787	1.01998	1.02209	1.02404	1.02598	1.02553	1.02507	1.02226	1.01945	1.01602	1.0126	1.01097	1.00935	1.00998	1.01062	1.01275	1.01488	1.01711	1.01933	1.02048	1.02163	1.02165	1.02167	1.02046	1.01926	1.01727	1.01527	1.01293	
1.03878	1.03712	1.03578	1.03444	1.0339	1.03336	1.03403	1.03469	1.03608	1.03747	1.0388	1.04013	1.04026	1.04039	1.0398	1.0392	1.03783	1.03646	1.03554	1.03461	1.03332	1.03204	1.03142	1.03081	1.03287	1.03492	1.03786	1.04079	1.04282	1.04484	1.04479	1.04473	1.043	1.04126	1.03982	1.03837	1.03816	1.03794	1.0396	1.04125	1.04357	1.04588	1.04641	1.04694	1.04529	1.04364	1.04046	1.03727	1.03502	1.03277	1.03246	1.03215	1.03369	1.03522	1.03731	1.03939	1.04088	1.04237	1.043	1.04363	1.04322	1.04281	1.04162	1.04043	1.03878	
1.06463	1.06366	1.06279	1.06192	1.06153	1.06115	1.06155	1.06195	1.06267	1.06338	1.06381	1.06423	1.06353	1.06284	1.06177	1.0607	1.05937	1.05803	1.05722	1.05641	1.05587	1.05533	1.05586	1.05639	1.05913	1.06187	1.06473	1.0676	1.06854	1.06948	1.06856	1.06763	1.06615	1.06467	1.0627	1.06074	1.05937	1.05801	1.05921	1.06041	1.0631	1.06578	1.06729	1.06881	1.06832	1.06783	1.06489	1.06195	1.05907	1.05619	1.05494	1.05368	1.05462	1.05557	1.05751	1.05944	1.06128	1.06311	1.06436	1.0656	1.06598	1.06636	1.06597	1.06559	1.06463	
1.08875	1.0885	1.08815	1.0878	1.08761	1.08741	1.08763	1.08785	1.08802	1.08819	1.08803	1.08787	1.08681	1.08575	1.08454	1.08333	1.08224	1.08115	1.08065	1.08016	1.08029	1.08043	1.08153	1.08263	1.08511	1.0876	1.08957	1.09154	1.0915	1.09146	1.09	1.08854	1.08734	1.08614	1.08458	1.08302	1.08131	1.0796	1.08026	1.08092	1.08316	1.0854	1.08732	1.08924	1.08989	1.09054	1.08844	1.08634	1.08352	1.0807	1.07883	1.07697	1.07715	1.07732	1.07871	1.08011	1.08184	1.08357	1.08508	1.08658	1.08749	1.0884	1.0887	1.089	1.08875	
1.11288	1.11334	1.11351	1.11367	1.11368	1.11368	1.11372	1.11376	1.11338	1.11299	1.11225	1.11151	1.11009	1.10866	1.10731	1.10595	1.10511	1.10427	1.10409	1.1039	1.10471	1.10553	1.1072	1.10887	1.1111	1.11332	1.11441	1.11549	1.11446	1.11344	1.11144	1.10944	1.10852	1.1076	1.10645	1.10531	1.10325	1.10119	1.1013	1.10142	1.10321	1.10501	1.10734	1.10967	1.11146	1.11326	1.11199	1.11072	1.10796	1.1052	1.10273	1.10026	1.09967	1.09908	1.09992	1.10077	1.1024	1.10403	1.10579	1.10756	1.109	1.11045	1.11143	1.11241	1.11288	
1.13545	1.13637	1.13693	1.13748	1.13769	1.1379	1.13792	1.13794	1.13745	1.13695	1.13606	1.13516	1.1338	1.13245	1.13126	1.13007	1.12955	1.12902	1.12908	1.12914	1.13011	1.13108	1.13256	1.13404	1.13552	1.137	1.13722	1.13743	1.13618	1.13493	1.13311	1.13129	1.13056	1.12982	1.12881	1.1278	1.12596	1.12412	1.12393	1.12374	1.12489	1.12603	1.12821	1.13038	1.13259	1.13479	1.13433	1.13388	1.13181	1.12974	1.1273	1.12487	1.12378	1.12268	1.12287	1.12306	1.12426	1.12546	1.12708	1.1287	1.13029	1.13188	1.13321	1.13453	1.13545	
1.15803	1.15939	1.16034	1.16129	1.16171	1.16212	1.16212	1.16212	1.16152	1.16091	1.15986	1.15881	1.15752	1.15623	1.15521	1.15419	1.15399	1.15378	1.15408	1.15439	1.15551	1.15663	1.15792	1.1592	1.15994	1.16067	1.16003	1.15938	1.1579	1.15642	1.15478	1.15313	1.15259	1.15205	1.15117	1.15028	1.14866	1.14704	1.14656	1.14607	1.14656	1.14705	1.14907	1.1511	1.15371	1.15632	1.15668	1.15703	1.15565	1.15427	1.15188	1.14948	1.14788	1.14629	1.14582	1.14535	1.14612	1.14689	1.14837	1.14985	1.15158	1.15332	1.15499	1.15666	1.15803	
1.17995	1.18145	1.18261	1.18377	1.18439	1.18502	1.18517	1.18532	1.18488	1.18443	1.18357	1.1827	1.18169	1.18068	1.17992	1.17915	1.17912	1.17908	1.17941	1.17974	1.18061	1.18149	1.18227	1.18305	1.18318	1.18332	1.18232	1.18133	1.18005	1.17877	1.17755	1.17634	1.17588	1.17542	1.17448	1.17353	1.17218	1.17083	1.1703	1.16976	1.1698	1.16984	1.17146	1.17308	1.17548	1.17787	1.17865	1.17942	1.17876	1.1781	1.17614	1.17418	1.17255	1.17092	1.17004	1.16915	1.16946	1.16977	1.17085	1.17194	1.17351	1.17507	1.17676	1.17845	1.17995	
1.20187	1.20351	1.20488	1.20625	1.20708	1.20792	1.20822	1.20852	1.20823	1.20794	1.20727	1.2066	1.20587	1.20514	1.20463	1.20412	1.20425	1.20439	1.20474	1.20509	1.20572	1.20634	1.20662	1.2069	1.20643	1.20596	1.20462	1.20327	1.2022	1.20113	1.20033	1.19954	1.19916	1.19879	1.19778	1.19678	1.1957	1.19462	1.19404	1.19345	1.19304	1.19263	1.19384	1.19506	1.19724	1.19943	1.20061	1.2018	1.20187	1.20193	1.20041	1.19888	1.19722	1.19556	1.19426	1.19295	1.1928	1.19264	1.19334	1.19403	1.19543	1.19682	1.19853	1.20023	1.20187	
1.22391	1.22547	1.22688	1.22829	1.22927	1.23025	1.23075	1.23125	1.23122	1.2312	1.23082	1.23043	1.23	1.22958	1.22927	1.22895	1.22911	1.22927	1.2295	1.22972	1.23002	1.23032	1.23022	1.23012	1.22945	1.22877	1.22747	1.22617	1.22527	1.22438	1.22368	1.22298	1.22267	1.22235	1.22152	1.22068	1.21984	1.219	1.2184	1.2178	1.21721	1.21663	1.21744	1.21826	1.21999	1.22172	1.22296	1.2242	1.22466	1.22512	1.22407	1.22302	1.22164	1.22026	1.2189	1.21754	1.21709	1.21664	1.21695	1.21726	1.21831	1.21937	1.22086	1.22235	1.22391	
1.24595	1.24744	1.24889	1.25034	1.25146	1.25258	1.25328	1.25397	1.25422	1.25446	1.25436	1.25426	1.25414	1.25401	1.2539	1.25379	1.25397	1.25416	1.25425	1.25435	1.25433	1.25431	1.25382	1.25334	1.25246	1.25158	1.25032	1.24906	1.24835	1.24763	1.24703	1.24643	1.24617	1.24592	1.24525	1.24457	1.24397	1.24337	1.24276	1.24215	1.24139	1.24062	1.24104	1.24146	1.24273	1.24401	1.2453	1.2466	1.24745	1.24831	1.24774	1.24716	1.24606	1.24496	1.24354	1.24212	1.24138	1.24064	1.24056	1.24048	1.2412	1.24192	1.24319	1.24446	1.24595	
1.26858	1.26988	1.27125	1.27261	1.27377	1.27494	1.27576	1.27659	1.27705	1.27752	1.27766	1.2778	1.27788	1.27796	1.27796	1.27797	1.27811	1.27825	1.27822	1.27818	1.27798	1.27778	1.27714	1.2765	1.27564	1.27478	1.27365	1.27251	1.27186	1.27122	1.27058	1.26995	1.26972	1.2695	1.26906	1.26862	1.26821	1.26781	1.26722	1.26663	1.26588	1.26512	1.26527	1.26542	1.26627	1.26713	1.26828	1.26943	1.27038	1.27133	1.27109	1.27085	1.27008	1.26931	1.26804	1.26677	1.26596	1.26516	1.26482	1.26449	1.26491	1.26533	1.26631	1.26728	1.26858	
1.29122	1.29233	1.2936	1.29488	1.29609	1.29729	1.29825	1.29921	1.29989	1.30057	1.30095	1.30133	1.30161	1.3019	1.30202	1.30214	1.30225	1.30235	1.30219	1.30202	1.30164	1.30125	1.30046	1.29966	1.29882	1.29799	1.29698	1.29597	1.29538	1.2948	1.29413	1.29347	1.29327	1.29308	1.29287	1.29266	1.29245	1.29224	1.29168	1.29111	1.29037	1.28962	1.2895	1.28938	1.28981	1.29025	1.29125	1.29226	1.2933	1.29435	1.29444	1.29454	1.2941	1.29366	1.29254	1.29142	1.29055	1.28968	1.28909	1.28851	1.28863	1.28875	1.28943	1.2901	1.29122	
1.31454	1.31544	1.31656	1.31769	1.31884	1.31998	1.32097	1.32195	1.32273	1.32351	1.32402	1.32452	1.3249	1.32528	1.32545	1.32562	1.32569	1.32575	1.32553	1.32531	1.32488	1.32445	1.32367	1.32288	1.32213	1.32138	1.32048	1.31957	1.31903	1.31848	1.31784	1.31719	1.31702	1.31685	1.31675	1.31665	1.31653	1.31642	1.31594	1.31546	1.31481	1.31415	1.3139	1.31366	1.31384	1.31403	1.31483	1.31564	1.3166	1.31755	1.31779	1.31803	1.31783	1.31763	1.31672	1.31581	1.31501	1.31422	1.31355	1.31289	1.31283	1.31277	1.31321	1.31365	1.31454	
1.33787	1.33855	1.33952	1.3405	1.34159	1.34268	1.34369	1.3447	1.34558	1.34645	1.34708	1.34771	1.34818	1.34865	1.34887	1.34909	1.34912	1.34915	1.34887	1.34859	1.34812	1.34765	1.34688	1.34611	1.34544	1.34478	1.34398	1.34318	1.34267	1.34216	1.34154	1.34092	1.34077	1.34062	1.34063	1.34063	1.34061	1.3406	1.3402	1.33981	1.33924	1.33868	1.33831	1.33794	1.33787	1.3378	1.33841	1.33902	1.33989	1.34076	1.34114	1.34153	1.34156	1.34159	1.34089	1.3402	1.33948	1.33876	1.33802	1.33727	1.33704	1.3368	1.33699	1.33719	1.33787	
1.36177	1.36228	1.36309	1.3639	1.36486	1.36583	1.36676	1.3677	1.36855	1.36939	1.37002	1.37066	1.37112	1.37159	1.37181	1.37204	1.37205	1.37206	1.37179	1.37151	1.37109	1.37066	1.36998	1.36929	1.36872	1.36815	1.36744	1.36674	1.36628	1.36582	1.36529	1.36475	1.36462	1.36449	1.36451	1.36453	1.36454	1.36455	1.36425	1.36395	1.36348	1.36301	1.36264	1.36226	1.3621	1.36193	1.36238	1.36283	1.36355	1.36427	1.36467	1.36507	1.3652	1.36533	1.36481	1.3643	1.3637	1.36311	1.36241	1.36172	1.36142	1.36113	1.36119	1.36126	1.36177	
1.38567	1.38601	1.38665	1.3873	1.38814	1.38898	1.38984	1.3907	1.39152	1.39233	1.39297	1.39361	1.39407	1.39453	1.39475	1.39498	1.39498	1.39498	1.39471	1.39444	1.39406	1.39367	1.39307	1.39247	1.39199	1.39151	1.3909	1.3903	1.38989	1.38949	1.38903	1.38857	1.38846	1.38835	1.38839	1.38843	1.38847	1.38851	1.38829	1.38808	1.38771	1.38735	1.38696	1.38658	1.38632	1.38606	1.38635	1.38665	1.38722	1.38779	1.38821	1.38862	1.38885	1.38907	1.38874	1.3884	1.38793	1.38746	1.38681	1.38616	1.38581	1.38546	1.38539	1.38533	1.38567	
1.40992	1.41016	1.41066	1.41116	1.41184	1.41252	1.41323	1.41395	1.41463	1.41532	1.41587	1.41642	1.41681	1.41721	1.4174	1.41759	1.41759	1.41759	1.41737	1.41714	1.41683	1.41652	1.41604	1.41555	1.41517	1.41478	1.41428	1.41379	1.41346	1.41313	1.41277	1.4124	1.41231	1.41222	1.41225	1.41228	1.41232	1.41235	1.4122	1.41204	1.41176	1.41148	1.41115	1.41083	1.41058	1.41033	1.41053	1.41073	1.41117	1.41161	1.41196	1.41232	1.41254	1.41275	1.41252	1.41229	1.41193	1.41157	1.41104	1.41051	1.41019	1.40988	1.40978	1.40969	1.40992	
1.43418	1.43431	1.43467	1.43502	1.43554	1.43605	1.43662	1.4372	1.43775	1.43831	1.43877	1.43923	1.43956	1.43989	1.44005	1.44021	1.44021	1.4402	1.44002	1.43985	1.43961	1.43937	1.439	1.43863	1.43834	1.43805	1.43766	1.43728	1.43702	1.43677	1.4365	1.43623	1.43617	1.4361	1.43611	1.43613	1.43616	1.43619	1.4361	1.43601	1.4358	1.4356	1.43534	1.43507	1.43484	1.43461	1.43472	1.43482	1.43512	1.43543	1.43572	1.43601	1.43622	1.43643	1.43631	1.43618	1.43594	1.43569	1.43527	1.43485	1.43458	1.4343	1.43417	1.43404	1.43418	
1.45861	1.45869	1.45892	1.45915	1.4595	1.45985	1.46023	1.46061	1.46099	1.46137	1.46168	1.462	1.46222	1.46244	1.46255	1.46266	1.46266	1.46266	1.46254	1.46242	1.46226	1.4621	1.46185	1.4616	1.46141	1.46121	1.46095	1.46069	1.46052	1.46035	1.46018	1.46	1.45995	1.45991	1.45992	1.45993	1.45995	1.45997	1.45991	1.45985	1.45972	1.45959	1.45941	1.45923	1.45907	1.45891	1.45897	1.45904	1.45923	1.45943	1.45963	1.45982	1.45997	1.46012	1.46005	1.45997	1.45981	1.45965	1.45937	1.45909	1.4589	1.45871	1.45862	1.45852	1.45861	
1.48304	1.48307	1.48318	1.48329	1.48346	1.48364	1.48384	1.48403	1.48423	1.48443	1.4846	1.48476	1.48488	1.485	1.48505	1.48511	1.48511	1.48511	1.48505	1.48499	1.48491	1.48483	1.4847	1.48458	1.48448	1.48438	1.48424	1.48411	1.48402	1.48394	1.48385	1.48376	1.48374	1.48372	1.48372	1.48372	1.48373	1.48375	1.48372	1.4837	1.48364	1.48357	1.48348	1.48339	1.4833	1.48321	1.48323	1.48325	1.48334	1.48343	1.48354	1.48364	1.48373	1.48381	1.48378	1.48376	1.48368	1.48361	1.48347	1.48333	1.48322	1.48312	1.48306	1.483	1.48304	
1.50751	1.50751	1.50751	1.50751	1.50751	1.50751	1.50751	1.50751	1.50751	1.50751	1.50751	1.50751	1.50751	1.50751	1.50751	1.50751	1.50751	1.50751	1.50751	1.50751	1.50751	1.50751	1.50751	1.50751	1.50751	1.50751	1.50751	1.50751	1.50751	1.50751	1.50751	1.50751	1.50751	1.50751	1.50751	1.50751	1.50751	1.50751	1.50751	1.50751	1.50751	1.50751	1.50751	1.50751	1.50751	1.50751	1.50751	1.50751	1.50751	1.50751	1.50751	1.50751	1.50751	1.50751	1.50751	1.50751	1.50751	1.50751	1.50751	1.50751	1.50751	1.50751	1.50751	1.50751	1.50751	
