x=120	y=200	z=200	n=65	len=1
b
0	0	0	0	0	0	0	0	0	0	0	0	0	0	0	0	0	0	0	0	0	0	0	0	0	0	0	0	0	0	0	0	0	0	0	0	0	0	0	0	0	0	0	0	0	0	0	0	0	0	0	0	0	0	0	0	0	0	0	0	0	0	0	0	0	
0.0230639	0.0196453	0.0178182	0.0159911	0.0160075	0.016024	0.0162486	0.0164732	0.0170756	0.0176781	0.0200615	0.0224448	0.024536	0.0266271	0.0271156	0.027604	0.0266856	0.0257671	0.0238402	0.0219133	0.0212191	0.0205249	0.021042	0.0215591	0.0226731	0.0237872	0.024037	0.0242868	0.0243972	0.0245075	0.0247288	0.0249501	0.0245206	0.0240911	0.0232792	0.0224673	0.0219403	0.0214133	0.0221454	0.0228776	0.0244943	0.0261111	0.0272259	0.0283407	0.0278918	0.0274428	0.0266351	0.0258275	0.0253253	0.0248231	0.0252271	0.0256312	0.0275612	0.0294913	0.0316481	0.033805	0.034949	0.0360929	0.0357685	0.0354441	0.0338785	0.0323129	0.0293978	0.0264827	0.0230641	
0.0479411	0.042904	0.0392029	0.0355019	0.0345123	0.0335228	0.0337969	0.0340711	0.0355255	0.0369799	0.0407753	0.0445708	0.0480908	0.0516109	0.0525847	0.0535585	0.0520382	0.0505179	0.0475363	0.0445546	0.0433918	0.042229	0.0429836	0.0437382	0.0456806	0.047623	0.0481246	0.0486261	0.0488747	0.0491234	0.0496163	0.0501092	0.0496897	0.0492701	0.0480714	0.0468728	0.0456506	0.0444284	0.0450299	0.0456314	0.0481083	0.0505852	0.0524838	0.0543823	0.054015	0.0536477	0.0527261	0.0518044	0.0513745	0.0509446	0.0516789	0.0524133	0.0550255	0.0576378	0.0604441	0.0632504	0.0647258	0.0662012	0.0657751	0.0653488	0.0631966	0.0610443	0.0570114	0.0529784	0.0479414	
0.0728183	0.0661627	0.0605877	0.0550128	0.0530171	0.0510215	0.0513453	0.0516691	0.0539753	0.0562816	0.0614892	0.0666967	0.0716457	0.0765946	0.0780538	0.079513	0.0773909	0.0752688	0.0712323	0.0671959	0.0655645	0.0639331	0.0649251	0.0659173	0.0686881	0.0714589	0.0722121	0.0729653	0.0733523	0.0737393	0.0745038	0.0752683	0.0748587	0.0744491	0.0728637	0.0712782	0.0693609	0.0674436	0.0679143	0.0683852	0.0717222	0.0750594	0.0777416	0.0804239	0.0801383	0.0798526	0.078817	0.0777814	0.0774237	0.0770661	0.0781307	0.0791955	0.0824898	0.0857843	0.08924	0.0926957	0.0945027	0.0963096	0.0957816	0.0952536	0.0925147	0.0897758	0.084625	0.0794742	0.0728187	
0.0959407	0.0893541	0.0833803	0.0774064	0.0745842	0.0717619	0.0718984	0.072035	0.0745396	0.0770442	0.0821962	0.0873482	0.0925064	0.0976647	0.0998225	0.10198	0.10064	0.0992996	0.095603	0.0919064	0.0899212	0.087936	0.0882669	0.0885979	0.0911525	0.0937071	0.0948347	0.0959624	0.0965061	0.0970498	0.0979509	0.0988519	0.0989378	0.0990236	0.0976306	0.0962376	0.0939411	0.0916446	0.0916781	0.0917118	0.0946713	0.0976309	0.100341	0.103052	0.103826	0.104599	0.105003	0.105406	0.106022	0.106638	0.107627	0.108617	0.111012	0.113407	0.11584	0.118272	0.119512	0.120751	0.119919	0.119088	0.11602	0.112951	0.10774	0.102528	0.0959411	
0.119063	0.112546	0.106173	0.0998001	0.0961512	0.0925023	0.0924516	0.0924009	0.0951038	0.0978068	0.102903	0.108	0.113367	0.118735	0.121591	0.124448	0.123889	0.12333	0.119974	0.116617	0.114278	0.111939	0.111609	0.111279	0.113617	0.115955	0.117457	0.118959	0.11966	0.12036	0.121398	0.122436	0.123017	0.123598	0.122398	0.121197	0.118521	0.115846	0.115442	0.115038	0.11762	0.120202	0.122941	0.12568	0.127513	0.129346	0.131188	0.133031	0.13462	0.136209	0.137124	0.138038	0.139534	0.141029	0.142439	0.143849	0.144521	0.145193	0.144057	0.142922	0.139524	0.136127	0.130854	0.125581	0.119064	
0.142407	0.136911	0.131332	0.125753	0.122217	0.118682	0.118049	0.117415	0.119143	0.12087	0.124655	0.128441	0.132797	0.137153	0.14059	0.144026	0.145117	0.146208	0.144425	0.142642	0.140324	0.138006	0.136541	0.135075	0.136287	0.137498	0.139124	0.140749	0.141485	0.142222	0.143023	0.143823	0.144532	0.14524	0.144444	0.143647	0.141587	0.139528	0.139337	0.139146	0.140783	0.14242	0.144698	0.146977	0.149998	0.15302	0.156447	0.159874	0.16251	0.165147	0.166023	0.166898	0.167178	0.167458	0.167205	0.166951	0.166514	0.166077	0.164668	0.16326	0.160072	0.156885	0.152394	0.147903	0.142408	
0.165751	0.161277	0.156491	0.151706	0.148284	0.144862	0.143646	0.14243	0.143182	0.143934	0.146408	0.148881	0.152227	0.155572	0.159588	0.163604	0.166345	0.169086	0.168876	0.168667	0.16637	0.164074	0.161473	0.158872	0.158957	0.159042	0.16079	0.162538	0.163311	0.164084	0.164647	0.165211	0.166046	0.166882	0.16649	0.166097	0.164654	0.16321	0.163232	0.163254	0.163946	0.164637	0.166455	0.168273	0.172483	0.176693	0.181705	0.186717	0.190401	0.194085	0.194922	0.195758	0.194823	0.193887	0.19197	0.190053	0.188507	0.186961	0.185279	0.183598	0.18062	0.177643	0.173934	0.170226	0.165752	
0.192578	0.189572	0.18595	0.182328	0.179116	0.175904	0.173987	0.17207	0.171279	0.170487	0.171	0.171512	0.17316	0.174807	0.178127	0.181446	0.185481	0.189515	0.191488	0.193461	0.192287	0.191113	0.18804	0.184966	0.184077	0.183188	0.184441	0.185693	0.186154	0.186615	0.186757	0.186898	0.187397	0.187895	0.18789	0.187884	0.187384	0.186884	0.187444	0.188005	0.188145	0.188285	0.18975	0.191215	0.195567	0.19992	0.205133	0.210346	0.214317	0.218289	0.219271	0.220253	0.218837	0.21742	0.214219	0.211018	0.208642	0.206266	0.204863	0.203459	0.2017	0.199941	0.197762	0.195584	0.192578	
0.219404	0.217867	0.215409	0.212951	0.209948	0.206946	0.204328	0.20171	0.199375	0.19704	0.195592	0.194143	0.194092	0.194042	0.196665	0.199288	0.204616	0.209944	0.2141	0.218255	0.218204	0.218152	0.214607	0.211061	0.209198	0.207334	0.208091	0.208849	0.208998	0.209146	0.208866	0.208586	0.208747	0.208909	0.20929	0.209671	0.210114	0.210557	0.211656	0.212756	0.212344	0.211932	0.213044	0.214156	0.218652	0.223147	0.228561	0.233974	0.238234	0.242493	0.243621	0.244749	0.242851	0.240954	0.236469	0.231983	0.228777	0.225571	0.224446	0.223321	0.22278	0.222239	0.22159	0.220941	0.219404	
0.24696	0.246551	0.245175	0.243799	0.241306	0.238814	0.235802	0.23279	0.229292	0.225794	0.222538	0.219283	0.217373	0.215462	0.217004	0.218547	0.223623	0.2287	0.23412	0.239541	0.241174	0.242807	0.240026	0.237246	0.235416	0.233586	0.233591	0.233595	0.233158	0.232721	0.231914	0.231106	0.231041	0.230977	0.231956	0.232935	0.234088	0.235242	0.236531	0.237821	0.237723	0.237625	0.238426	0.239227	0.242685	0.246143	0.250694	0.255245	0.259164	0.263083	0.264167	0.26525	0.263306	0.261361	0.256646	0.25193	0.248818	0.245706	0.245261	0.244817	0.245573	0.246328	0.246848	0.247369	0.24696	
0.274516	0.275235	0.274941	0.274647	0.272665	0.270683	0.267277	0.26387	0.259209	0.254547	0.249485	0.244424	0.240653	0.236882	0.237343	0.237805	0.24263	0.247455	0.25414	0.260826	0.264144	0.267462	0.265446	0.263431	0.261635	0.259839	0.25909	0.258341	0.257319	0.256297	0.254961	0.253626	0.253336	0.253045	0.254622	0.256198	0.258062	0.259926	0.261406	0.262886	0.263102	0.263318	0.263808	0.264298	0.266719	0.269139	0.272828	0.276517	0.280095	0.283673	0.284712	0.285751	0.28376	0.281768	0.276823	0.271878	0.268859	0.265841	0.266077	0.266313	0.268365	0.270418	0.272107	0.273796	0.274516	
0.299063	0.300177	0.300349	0.300522	0.29914	0.297759	0.294725	0.291691	0.287031	0.282371	0.276657	0.270942	0.266079	0.261216	0.260356	0.259495	0.263489	0.267482	0.27365	0.279817	0.283649	0.287481	0.286606	0.285731	0.284598	0.283465	0.283066	0.282668	0.281694	0.28072	0.278796	0.276873	0.276382	0.275891	0.277693	0.279496	0.281675	0.283854	0.285463	0.287072	0.287978	0.288883	0.289156	0.289428	0.29071	0.291992	0.294266	0.29654	0.299267	0.301994	0.303023	0.304051	0.302248	0.300445	0.296362	0.292279	0.289952	0.287625	0.288528	0.289432	0.291813	0.294195	0.296072	0.29795	0.299063	
0.32361	0.325118	0.325757	0.326397	0.325616	0.324835	0.322173	0.319511	0.314853	0.310195	0.303828	0.297461	0.291506	0.285551	0.283368	0.281185	0.284348	0.28751	0.293159	0.298808	0.303154	0.307501	0.307766	0.308031	0.307561	0.307091	0.307043	0.306994	0.306069	0.305143	0.302631	0.300119	0.299428	0.298736	0.300765	0.302793	0.305287	0.307781	0.30952	0.311259	0.312854	0.314449	0.314503	0.314557	0.314701	0.314845	0.315705	0.316564	0.31844	0.320316	0.321333	0.322351	0.320736	0.319122	0.315901	0.312681	0.311045	0.30941	0.31098	0.31255	0.315261	0.317972	0.320038	0.322103	0.32361	
0.344733	0.346156	0.346984	0.347811	0.347466	0.34712	0.345189	0.343257	0.339469	0.335681	0.330068	0.324454	0.318441	0.312427	0.309284	0.30614	0.307682	0.309224	0.313375	0.317525	0.321444	0.325363	0.326125	0.326886	0.327145	0.327404	0.328391	0.329378	0.329574	0.329771	0.327314	0.324857	0.323482	0.322108	0.323835	0.325562	0.328474	0.331386	0.333597	0.335808	0.338233	0.340658	0.340499	0.340338	0.338775	0.337212	0.33636	0.335508	0.336493	0.337479	0.338581	0.339683	0.338584	0.337485	0.33511	0.332734	0.332009	0.331285	0.333198	0.335111	0.337444	0.339778	0.341543	0.343309	0.344732	
0.365855	0.367195	0.36821	0.369226	0.369316	0.369406	0.368205	0.367004	0.364086	0.361168	0.356307	0.351447	0.345376	0.339304	0.3352	0.331095	0.331017	0.330938	0.333591	0.336243	0.339734	0.343225	0.344484	0.345742	0.34673	0.347717	0.34974	0.351762	0.35308	0.354398	0.351996	0.349594	0.347537	0.345481	0.346906	0.348331	0.351661	0.35499	0.357674	0.360358	0.363613	0.366868	0.366494	0.36612	0.36285	0.35958	0.357015	0.354451	0.354547	0.354643	0.355829	0.357014	0.356432	0.355849	0.354318	0.352788	0.352973	0.353159	0.355416	0.357672	0.359628	0.361583	0.363049	0.364514	0.365855	
0.385478	0.386574	0.387635	0.388697	0.389216	0.389735	0.389434	0.389134	0.387302	0.385471	0.382128	0.378785	0.373884	0.368982	0.364965	0.360947	0.359003	0.357059	0.357102	0.357144	0.358947	0.36075	0.361974	0.363198	0.364986	0.366774	0.36955	0.372325	0.374329	0.376332	0.375205	0.374077	0.372572	0.371067	0.372596	0.374124	0.377623	0.381121	0.384819	0.388516	0.392365	0.396214	0.394154	0.392094	0.386481	0.380868	0.376756	0.372644	0.372411	0.372178	0.37354	0.374903	0.374663	0.374423	0.3738	0.373177	0.374078	0.374979	0.377182	0.379386	0.380829	0.382272	0.383327	0.384381	0.385478	
0.405101	0.405953	0.40706	0.408168	0.409116	0.410064	0.410664	0.411264	0.410519	0.409774	0.407948	0.406122	0.402392	0.398661	0.39473	0.390799	0.38699	0.383181	0.380613	0.378044	0.37816	0.378275	0.379465	0.380655	0.383243	0.385831	0.38936	0.392888	0.395578	0.398267	0.398414	0.39856	0.397607	0.396654	0.398285	0.399917	0.403585	0.407253	0.411963	0.416674	0.421117	0.42556	0.421814	0.418068	0.410113	0.402157	0.396497	0.390836	0.390274	0.389713	0.391252	0.392791	0.392894	0.392997	0.393282	0.393566	0.395182	0.396798	0.398949	0.401101	0.402031	0.402961	0.403605	0.404248	0.405101	
0.425393	0.426054	0.427274	0.428495	0.429921	0.431346	0.432807	0.434267	0.434527	0.434786	0.434061	0.433336	0.431426	0.429516	0.427439	0.425362	0.421201	0.417039	0.410754	0.404468	0.399962	0.395456	0.396918	0.39838	0.401953	0.405526	0.409298	0.41307	0.415293	0.417515	0.419623	0.421731	0.422978	0.424224	0.425269	0.426313	0.430269	0.434224	0.440882	0.447541	0.451429	0.455317	0.448407	0.441497	0.431226	0.420954	0.415396	0.409838	0.410357	0.410877	0.412356	0.413834	0.414019	0.414204	0.415155	0.416106	0.417874	0.419642	0.421524	0.423406	0.423868	0.424329	0.42453	0.424731	0.425393	
0.445685	0.446156	0.447489	0.448822	0.450725	0.452629	0.45495	0.457271	0.458534	0.459797	0.460173	0.460549	0.46046	0.460372	0.460148	0.459925	0.455411	0.450898	0.440895	0.430892	0.421765	0.412638	0.414372	0.416106	0.420663	0.42522	0.429236	0.433253	0.435008	0.436764	0.440833	0.444902	0.448348	0.451795	0.452252	0.45271	0.456952	0.461195	0.469801	0.478408	0.481741	0.485075	0.475001	0.464927	0.452338	0.43975	0.434294	0.428839	0.43044	0.432041	0.433459	0.434877	0.435144	0.435411	0.437028	0.438645	0.440565	0.442486	0.444099	0.445711	0.445704	0.445697	0.445456	0.445214	0.445685	
0.469585	0.470087	0.471708	0.473328	0.475622	0.477916	0.480393	0.48287	0.484447	0.486024	0.487096	0.488169	0.489008	0.489847	0.491287	0.492727	0.490211	0.487694	0.476389	0.465085	0.453858	0.442632	0.440017	0.437403	0.441441	0.44548	0.450188	0.454895	0.455694	0.456493	0.46267	0.468848	0.472825	0.476802	0.475867	0.474932	0.481181	0.48743	0.496906	0.506382	0.507679	0.508975	0.496697	0.484419	0.472288	0.460157	0.45704	0.453923	0.456499	0.459074	0.460676	0.462277	0.462308	0.462338	0.463515	0.464693	0.466172	0.467652	0.469085	0.470519	0.470285	0.470052	0.469568	0.469084	0.469585	
0.493486	0.494019	0.495927	0.497835	0.500519	0.503204	0.505837	0.50847	0.51036	0.51225	0.514019	0.515789	0.517555	0.519322	0.522426	0.52553	0.52501	0.52449	0.511884	0.499277	0.485951	0.4732	0.467279	0.4587	0.46222	0.465739	0.471139	0.476538	0.47638	0.476221	0.484508	0.492795	0.497303	0.50181	0.499482	0.497154	0.50541	0.513666	0.52401	0.534355	0.533616	0.532876	0.518394	0.503912	0.492238	0.480565	0.479786	0.479007	0.482557	0.486107	0.487893	0.489678	0.489472	0.489265	0.490003	0.49074	0.491779	0.492817	0.494072	0.495327	0.494867	0.494406	0.49368	0.492953	0.493486	
0.520375	0.520904	0.522719	0.524535	0.527178	0.529821	0.532529	0.535237	0.537215	0.539193	0.54066	0.542128	0.543614	0.5451	0.548258	0.551417	0.554221	0.557025	0.547439	0.537853	0.524686	0.512432	0.506236	0.503092	0.508593	0.514094	0.513503	0.512911	0.510301	0.50769	0.512624	0.517558	0.521399	0.52524	0.524281	0.523322	0.532642	0.541963	0.548995	0.556026	0.553306	0.550585	0.537962	0.525338	0.518677	0.512016	0.511744	0.511472	0.514831	0.51819	0.520645	0.5231	0.52222	0.52134	0.520685	0.52003	0.520054	0.520078	0.520773	0.521469	0.521145	0.520821	0.520334	0.519847	0.520375	
0.547265	0.547788	0.549512	0.551235	0.553837	0.556438	0.559221	0.562005	0.56407	0.566136	0.567301	0.568467	0.569672	0.570878	0.574091	0.577304	0.583432	0.58956	0.582994	0.576429	0.563422	0.550414	0.548949	0.547485	0.554967	0.563952	0.556516	0.549285	0.544222	0.539159	0.54074	0.54232	0.545495	0.54867	0.54908	0.54949	0.559875	0.570261	0.573979	0.577697	0.572995	0.568293	0.55753	0.546765	0.545116	0.543468	0.543702	0.543937	0.547105	0.550272	0.553398	0.556523	0.554969	0.553416	0.551368	0.549319	0.548329	0.547339	0.547475	0.547611	0.547423	0.547236	0.546989	0.546742	0.547265	
0.571219	0.571753	0.573185	0.574618	0.576726	0.578834	0.580969	0.583104	0.584751	0.586398	0.587213	0.588029	0.588712	0.589395	0.591118	0.592841	0.597557	0.602274	0.598528	0.594781	0.593471	0.59216	0.595366	0.598571	0.603032	0.628941	0.60925	0.589498	0.579543	0.569588	0.571444	0.573301	0.575001	0.576701	0.579949	0.583197	0.589009	0.59482	0.595397	0.595973	0.590592	0.58521	0.577832	0.570454	0.572057	0.573659	0.574684	0.575709	0.576165	0.57662	0.58012	0.58362	0.58223	0.580841	0.577814	0.574787	0.573306	0.571825	0.571411	0.570996	0.570842	0.570687	0.570687	0.570686	0.571219	
0.595174	0.595717	0.596859	0.598	0.599615	0.601229	0.602717	0.604203	0.605431	0.606659	0.607125	0.607592	0.607752	0.607912	0.608145	0.608377	0.611682	0.614987	0.61406	0.613133	0.62352	0.633907	0.641782	0.649658	0.651096	0.659232	0.644392	0.62971	0.614864	0.600017	0.602149	0.604281	0.604506	0.604732	0.610818	0.616905	0.618142	0.619379	0.616814	0.61425	0.608188	0.602127	0.598135	0.594144	0.598997	0.603851	0.605666	0.607482	0.605225	0.602967	0.606841	0.610716	0.609491	0.608266	0.60426	0.600254	0.598283	0.596312	0.595346	0.594382	0.59426	0.594138	0.594384	0.594631	0.595174	
0.611623	0.6119	0.612656	0.613413	0.614582	0.615751	0.616831	0.61791	0.618755	0.619599	0.619694	0.619789	0.619469	0.619149	0.618676	0.618204	0.619937	0.621669	0.624432	0.627195	0.636657	0.646118	0.652239	0.65836	0.661738	0.667756	0.663546	0.656101	0.646315	0.636529	0.636034	0.635539	0.635333	0.635128	0.63793	0.640731	0.638443	0.636154	0.633637	0.63112	0.626461	0.621801	0.616517	0.611232	0.615704	0.620176	0.62262	0.625063	0.623548	0.622033	0.623529	0.625025	0.623739	0.622453	0.619379	0.616305	0.614813	0.61332	0.612455	0.611589	0.611344	0.611099	0.611223	0.611347	0.611623	
0.628072	0.628082	0.628454	0.628825	0.629549	0.630273	0.630945	0.631617	0.632078	0.632539	0.632263	0.631987	0.631186	0.630385	0.629207	0.62803	0.628191	0.628351	0.634804	0.641257	0.649793	0.658329	0.662695	0.667061	0.672378	0.677694	0.680093	0.682491	0.677766	0.673042	0.669919	0.666796	0.66616	0.665524	0.665041	0.664558	0.658743	0.652928	0.650459	0.64799	0.644733	0.641476	0.634898	0.628321	0.632411	0.636502	0.639573	0.642644	0.641871	0.641098	0.640216	0.639334	0.637986	0.636639	0.634498	0.632356	0.631343	0.630329	0.629563	0.628797	0.628429	0.62806	0.628061	0.628062	0.628072	
0.643377	0.643232	0.643413	0.643594	0.643945	0.644296	0.644497	0.644697	0.64458	0.644462	0.644124	0.643786	0.643389	0.642991	0.64258	0.642169	0.643187	0.644205	0.646824	0.649442	0.654808	0.660173	0.665091	0.670009	0.677586	0.685163	0.688439	0.691716	0.687153	0.68259	0.681581	0.680572	0.67904	0.677509	0.676477	0.675445	0.671483	0.66752	0.664811	0.662102	0.659011	0.65592	0.649261	0.642602	0.644324	0.646047	0.648424	0.650801	0.650003	0.649204	0.64861	0.648015	0.64763	0.647245	0.646319	0.645393	0.644882	0.644371	0.644087	0.643802	0.643714	0.643625	0.643573	0.643522	0.643377	
0.658681	0.658381	0.658371	0.658362	0.658341	0.65832	0.658049	0.657777	0.657081	0.656385	0.655985	0.655585	0.655591	0.655598	0.655953	0.656309	0.658184	0.660058	0.658843	0.657628	0.659822	0.662016	0.667486	0.672956	0.682794	0.692631	0.696786	0.700941	0.696539	0.692137	0.693242	0.694347	0.69192	0.689494	0.687913	0.686332	0.684222	0.682112	0.679163	0.676214	0.673289	0.670363	0.663623	0.656884	0.656238	0.655592	0.657274	0.658957	0.658134	0.657311	0.657004	0.656696	0.657273	0.65785	0.65814	0.658429	0.658422	0.658414	0.658611	0.658808	0.658998	0.659189	0.659085	0.658981	0.658681	
0.682267	0.681923	0.681898	0.681873	0.681755	0.681636	0.681178	0.68072	0.679992	0.679263	0.678923	0.678582	0.678877	0.679171	0.679714	0.680257	0.681824	0.68339	0.683298	0.683206	0.684504	0.685802	0.693524	0.701246	0.708924	0.716602	0.717426	0.71825	0.713851	0.709452	0.70892	0.708387	0.706909	0.70543	0.703687	0.701943	0.699702	0.697461	0.694399	0.691337	0.688534	0.685731	0.680113	0.674495	0.673255	0.672015	0.674375	0.676736	0.677393	0.678049	0.677987	0.677924	0.678473	0.679022	0.679715	0.680408	0.680739	0.681071	0.681577	0.682084	0.68243	0.682776	0.682693	0.682611	0.682267	
0.705854	0.705466	0.705425	0.705385	0.705169	0.704953	0.704308	0.703664	0.702903	0.702142	0.701861	0.70158	0.702163	0.702745	0.703475	0.704205	0.705464	0.706723	0.707754	0.708785	0.709187	0.709588	0.719562	0.729536	0.735055	0.740574	0.738067	0.735559	0.731164	0.726768	0.724598	0.722427	0.721897	0.721367	0.719461	0.717555	0.715182	0.712809	0.709634	0.706459	0.703779	0.701099	0.696602	0.692106	0.690272	0.688438	0.691476	0.694515	0.696652	0.698788	0.69897	0.699152	0.699673	0.700195	0.70129	0.702386	0.703057	0.703729	0.704544	0.70536	0.705862	0.706363	0.706302	0.706241	0.705854	
0.737173	0.737208	0.737475	0.737742	0.737604	0.737466	0.7367	0.735934	0.734988	0.734042	0.733341	0.73264	0.732388	0.732136	0.732273	0.732409	0.733098	0.733786	0.735131	0.736475	0.738233	0.73999	0.748524	0.757058	0.759329	0.761601	0.758363	0.755125	0.749947	0.744769	0.740735	0.736701	0.735485	0.734269	0.733101	0.731933	0.731301	0.73067	0.732898	0.735127	0.73718	0.739233	0.736472	0.73371	0.731968	0.730225	0.731103	0.731982	0.732588	0.733193	0.7328	0.732407	0.732182	0.731957	0.732487	0.733018	0.733535	0.734052	0.734853	0.735653	0.736162	0.736671	0.736904	0.737137	0.737173	
0.768492	0.76895	0.769525	0.770099	0.77004	0.76998	0.769092	0.768204	0.767073	0.765941	0.764821	0.7637	0.762614	0.761528	0.761071	0.760614	0.760732	0.76085	0.762508	0.764166	0.767279	0.770392	0.777486	0.78458	0.783604	0.782627	0.778659	0.77469	0.76873	0.76277	0.756872	0.750974	0.749073	0.747172	0.746741	0.74631	0.74742	0.748531	0.756163	0.763796	0.770582	0.777369	0.776343	0.775316	0.773664	0.772013	0.770731	0.76945	0.768524	0.767598	0.76663	0.765662	0.764691	0.763719	0.763684	0.763649	0.764013	0.764376	0.765161	0.765947	0.766463	0.766978	0.767506	0.768033	0.768492	
0.798619	0.799082	0.799344	0.799606	0.799143	0.79868	0.797312	0.795945	0.79423	0.792515	0.790952	0.789388	0.788138	0.786888	0.786449	0.78601	0.786456	0.786902	0.789989	0.793075	0.796939	0.800802	0.805215	0.809628	0.807018	0.804408	0.800116	0.795823	0.790037	0.784252	0.777395	0.770539	0.767606	0.764674	0.765561	0.766447	0.7694	0.772353	0.779275	0.786197	0.793198	0.800199	0.801875	0.803551	0.801694	0.799837	0.798997	0.798157	0.798741	0.799324	0.798674	0.798023	0.796477	0.794931	0.793885	0.792839	0.792972	0.793105	0.794079	0.795054	0.795865	0.796676	0.797416	0.798157	0.798619	
0.828747	0.829214	0.829163	0.829113	0.828246	0.827379	0.825533	0.823686	0.821387	0.819088	0.817082	0.815076	0.813662	0.812248	0.811827	0.811406	0.81218	0.812954	0.817469	0.821985	0.826598	0.831212	0.832944	0.834675	0.830432	0.826189	0.821573	0.816956	0.811345	0.805734	0.797919	0.790103	0.78614	0.782177	0.784381	0.786585	0.79138	0.796176	0.802387	0.808597	0.815813	0.823029	0.827407	0.831785	0.829723	0.827661	0.827263	0.826864	0.828957	0.831049	0.830717	0.830384	0.828264	0.826143	0.824086	0.822029	0.821932	0.821834	0.822997	0.82416	0.825266	0.826373	0.827326	0.82828	0.828747	
0.853114	0.852849	0.852065	0.851281	0.849957	0.848632	0.846772	0.844911	0.842896	0.840882	0.839298	0.837715	0.836909	0.836102	0.836476	0.83685	0.838666	0.840483	0.844804	0.849125	0.852379	0.855632	0.855496	0.85536	0.850722	0.846083	0.841477	0.836871	0.832456	0.82804	0.822964	0.817888	0.815504	0.81312	0.815576	0.818033	0.822429	0.826826	0.830478	0.83413	0.838136	0.842141	0.845506	0.84887	0.848558	0.848246	0.849175	0.850103	0.852461	0.854819	0.855187	0.855554	0.854268	0.852982	0.851386	0.849789	0.849643	0.849497	0.850258	0.851018	0.851803	0.852587	0.852983	0.853378	0.853114	
0.87748	0.876484	0.874967	0.873449	0.871667	0.869885	0.86801	0.866135	0.864405	0.862675	0.861514	0.860354	0.860155	0.859956	0.861125	0.862294	0.865152	0.868011	0.872139	0.876266	0.878159	0.880052	0.878048	0.876045	0.871011	0.865978	0.861382	0.856786	0.853567	0.850347	0.84801	0.845673	0.844868	0.844063	0.846773	0.849482	0.853479	0.857476	0.85857	0.859664	0.860458	0.861253	0.863604	0.865955	0.867393	0.868831	0.871087	0.873342	0.875965	0.878588	0.879656	0.880724	0.880273	0.879822	0.878685	0.877548	0.877354	0.87716	0.877518	0.877877	0.878339	0.878802	0.878638	0.878475	0.87748	
0.898015	0.8964	0.894588	0.892776	0.891111	0.889446	0.88802	0.886594	0.885617	0.88464	0.884282	0.883923	0.884336	0.884748	0.88645	0.888153	0.890428	0.892703	0.895009	0.897316	0.897536	0.897757	0.895395	0.893034	0.888532	0.88403	0.880412	0.876795	0.875275	0.873755	0.873566	0.873377	0.874261	0.875145	0.877415	0.879685	0.882167	0.884649	0.88429	0.883931	0.883122	0.882313	0.883487	0.884661	0.886073	0.887484	0.889864	0.892244	0.895135	0.898025	0.900172	0.902319	0.9031	0.903881	0.903553	0.903225	0.903096	0.902966	0.902816	0.902666	0.902263	0.90186	0.900746	0.899631	0.898015	
0.918551	0.916315	0.914209	0.912104	0.910555	0.909007	0.90803	0.907053	0.906828	0.906604	0.907049	0.907493	0.908516	0.909539	0.911776	0.914013	0.915704	0.917395	0.91788	0.918365	0.916913	0.915461	0.912742	0.910023	0.906052	0.902081	0.899443	0.896804	0.896984	0.897163	0.899122	0.90108	0.903653	0.906226	0.908057	0.909889	0.910856	0.911823	0.910011	0.908199	0.905785	0.903372	0.90337	0.903367	0.904752	0.906137	0.908641	0.911146	0.914304	0.917462	0.920688	0.923914	0.925927	0.927941	0.928421	0.928902	0.928838	0.928773	0.928115	0.927456	0.926187	0.924918	0.922853	0.920787	0.918551	
0.939466	0.936583	0.934337	0.93209	0.930874	0.929659	0.929292	0.928925	0.929506	0.930088	0.93128	0.932471	0.933743	0.935014	0.936796	0.938577	0.938987	0.939396	0.938547	0.937698	0.935609	0.93352	0.931046	0.928573	0.925819	0.923066	0.922081	0.921097	0.923008	0.924918	0.927743	0.930568	0.933192	0.935815	0.937159	0.938503	0.938628	0.938753	0.936607	0.934462	0.931662	0.928862	0.927745	0.926628	0.926813	0.926998	0.928667	0.930335	0.933422	0.936508	0.940288	0.944069	0.946821	0.949573	0.950793	0.952013	0.952499	0.952986	0.952398	0.95181	0.949985	0.94816	0.945254	0.942348	0.939466	
0.96038	0.956852	0.954464	0.952077	0.951194	0.95031	0.950553	0.950797	0.952184	0.953571	0.95551	0.95745	0.958969	0.960488	0.961815	0.963142	0.962269	0.961397	0.959214	0.957031	0.954305	0.951579	0.949351	0.947123	0.945587	0.94405	0.94472	0.94539	0.949032	0.952674	0.956365	0.960056	0.96273	0.965404	0.966261	0.967117	0.9664	0.965683	0.963204	0.960725	0.957538	0.954351	0.95212	0.94989	0.948875	0.94786	0.948692	0.949524	0.952539	0.955554	0.959889	0.964224	0.967715	0.971206	0.973165	0.975123	0.976161	0.977199	0.976681	0.976164	0.973783	0.971401	0.967655	0.963909	0.960381	
0.983707	0.980009	0.977639	0.975268	0.974531	0.973794	0.974398	0.975001	0.976672	0.978342	0.980468	0.982594	0.984079	0.985563	0.986349	0.987135	0.985643	0.984151	0.981272	0.978393	0.975566	0.97274	0.971215	0.969689	0.969981	0.970272	0.97248	0.974688	0.97844	0.982191	0.985181	0.988171	0.990043	0.991914	0.992574	0.993233	0.992854	0.992475	0.990644	0.988813	0.986153	0.983492	0.980746	0.978	0.975763	0.973526	0.973056	0.972587	0.974656	0.976726	0.980543	0.98436	0.987919	0.991478	0.994038	0.996597	0.998312	1.00003	0.999986	0.999945	0.997577	0.995209	0.991307	0.987405	0.983707	
1.00703	1.00317	1.00081	0.998459	0.997869	0.997278	0.998242	0.999206	1.00116	1.00311	1.00543	1.00774	1.00919	1.01064	1.01088	1.01113	1.00902	1.0069	1.00333	0.999755	0.996828	0.993902	0.993078	0.992255	0.994375	0.996495	1.00024	1.00399	1.00785	1.01171	1.014	1.01629	1.01735	1.01842	1.01889	1.01935	1.01931	1.01927	1.01808	1.0169	1.01477	1.01263	1.00937	1.00611	1.00265	0.999192	0.99742	0.995649	0.996773	0.997898	1.0012	1.0045	1.00812	1.01175	1.01491	1.01807	1.02046	1.02285	1.02329	1.02373	1.02137	1.01902	1.01496	1.0109	1.00703	
1.03312	1.02982	1.02765	1.02547	1.02482	1.02417	1.02497	1.02576	1.02742	1.02907	1.03109	1.0331	1.0345	1.0359	1.03567	1.03544	1.03289	1.03034	1.02668	1.02302	1.02082	1.01862	1.019	1.01937	1.02263	1.02588	1.03022	1.03456	1.03769	1.04081	1.04137	1.04193	1.04187	1.04181	1.04188	1.04196	1.04238	1.0428	1.04257	1.04234	1.0413	1.04025	1.03748	1.03471	1.03113	1.02755	1.02489	1.02223	1.02197	1.02171	1.02387	1.02602	1.02914	1.03226	1.03546	1.03866	1.04138	1.0441	1.04503	1.04595	1.04441	1.04286	1.03964	1.03642	1.03312	
1.0592	1.05647	1.05448	1.05249	1.05178	1.05106	1.05169	1.05232	1.05368	1.05503	1.05675	1.05846	1.05981	1.06116	1.06045	1.05974	1.05676	1.05377	1.05003	1.04628	1.04481	1.04334	1.04491	1.04649	1.05088	1.05527	1.0602	1.06514	1.06753	1.06991	1.06874	1.06758	1.06639	1.06519	1.06488	1.06457	1.06545	1.06634	1.06706	1.06779	1.06783	1.06788	1.06559	1.06331	1.05961	1.05592	1.05237	1.04881	1.04717	1.04553	1.04653	1.04754	1.05015	1.05277	1.05601	1.05926	1.06231	1.06535	1.06677	1.06818	1.06745	1.06671	1.06432	1.06194	1.0592	
1.08614	1.08465	1.08326	1.08186	1.08105	1.08025	1.0803	1.08035	1.08098	1.08162	1.08252	1.08342	1.08399	1.08457	1.08326	1.08195	1.07916	1.07637	1.07393	1.07149	1.07159	1.07169	1.0742	1.07672	1.08095	1.08519	1.08917	1.09315	1.09398	1.09481	1.09292	1.09104	1.08883	1.08662	1.08578	1.08495	1.08591	1.08687	1.08828	1.0897	1.09062	1.09154	1.09022	1.0889	1.08595	1.083	1.07958	1.07617	1.07397	1.07177	1.07167	1.07156	1.0731	1.07464	1.07714	1.07965	1.08244	1.08523	1.08702	1.0888	1.08913	1.08946	1.08854	1.08762	1.08614	
1.11307	1.11284	1.11203	1.11123	1.11033	1.10943	1.10891	1.10838	1.10829	1.1082	1.10829	1.10838	1.10818	1.10798	1.10607	1.10416	1.10156	1.09897	1.09784	1.0967	1.09837	1.10004	1.10349	1.10694	1.11103	1.11511	1.11814	1.12116	1.12044	1.11971	1.1171	1.11449	1.11127	1.10804	1.10668	1.10532	1.10636	1.1074	1.1095	1.11161	1.1134	1.1152	1.11485	1.11449	1.11229	1.11008	1.1068	1.10352	1.10077	1.09802	1.0968	1.09558	1.09604	1.09651	1.09827	1.10003	1.10257	1.10511	1.10727	1.10943	1.11081	1.1122	1.11275	1.1133	1.11307	
1.13815	1.13939	1.13961	1.13982	1.13905	1.13828	1.13712	1.13595	1.1349	1.13384	1.13277	1.13169	1.13053	1.12936	1.1275	1.12563	1.12437	1.12311	1.12393	1.12475	1.12775	1.13075	1.13439	1.13802	1.1409	1.14378	1.14471	1.14564	1.14388	1.14213	1.139	1.13587	1.13255	1.12922	1.12779	1.12635	1.12712	1.12789	1.12989	1.1319	1.13411	1.13632	1.1367	1.13709	1.13589	1.13469	1.13226	1.12982	1.12742	1.12502	1.12333	1.12163	1.12097	1.1203	1.12082	1.12133	1.12306	1.12479	1.12687	1.12894	1.13101	1.13307	1.13499	1.13691	1.13815	
1.16323	1.16594	1.16718	1.16842	1.16778	1.16714	1.16533	1.16353	1.16151	1.15948	1.15724	1.155	1.15287	1.15074	1.14893	1.14711	1.14718	1.14726	1.15003	1.1528	1.15713	1.16147	1.16528	1.1691	1.17078	1.17246	1.17128	1.17011	1.16733	1.16455	1.16089	1.15724	1.15383	1.15041	1.14889	1.14738	1.14788	1.14837	1.15028	1.15219	1.15481	1.15743	1.15856	1.15968	1.15949	1.15931	1.15772	1.15613	1.15408	1.15202	1.14985	1.14768	1.14589	1.1441	1.14336	1.14262	1.14355	1.14447	1.14646	1.14845	1.1512	1.15395	1.15724	1.16052	1.16323	
1.18582	1.18949	1.19151	1.19353	1.19322	1.19292	1.19089	1.18885	1.18616	1.18347	1.18051	1.17755	1.17543	1.17331	1.17247	1.17163	1.17331	1.17499	1.17898	1.18297	1.18738	1.19179	1.19447	1.19716	1.19701	1.19686	1.19445	1.19204	1.18884	1.18564	1.18235	1.17906	1.17623	1.17341	1.1719	1.17039	1.17034	1.17028	1.17148	1.17268	1.17501	1.17733	1.17888	1.18043	1.18089	1.18135	1.18069	1.18002	1.17885	1.17768	1.17583	1.17397	1.17167	1.16936	1.16757	1.16578	1.16564	1.16551	1.16697	1.16842	1.17134	1.17426	1.1782	1.18214	1.18582	
1.2084	1.21304	1.21584	1.21863	1.21867	1.21871	1.21644	1.21417	1.21081	1.20745	1.20377	1.20009	1.19799	1.19588	1.19602	1.19616	1.19943	1.20271	1.20793	1.21314	1.21762	1.2221	1.22366	1.22522	1.22324	1.22126	1.21762	1.21398	1.21035	1.20672	1.2038	1.20087	1.19864	1.19641	1.1949	1.1934	1.19279	1.19219	1.19268	1.19317	1.1952	1.19723	1.19921	1.20118	1.20229	1.2034	1.20366	1.20391	1.20363	1.20334	1.2018	1.20026	1.19745	1.19463	1.19178	1.18894	1.18774	1.18655	1.18747	1.1884	1.19148	1.19457	1.19917	1.20376	1.2084	
1.22993	1.23442	1.2373	1.24017	1.2405	1.24083	1.23889	1.23694	1.23392	1.23089	1.22789	1.22489	1.22375	1.22261	1.22372	1.22482	1.22854	1.23226	1.23695	1.24164	1.24498	1.24832	1.24844	1.24856	1.24562	1.24267	1.23888	1.23509	1.23222	1.22934	1.2275	1.22566	1.22403	1.22241	1.22076	1.21911	1.2178	1.21648	1.21604	1.21559	1.21667	1.21775	1.21945	1.22115	1.22257	1.22398	1.22481	1.22565	1.2261	1.22656	1.2257	1.22483	1.22226	1.21969	1.21663	1.21356	1.21189	1.21021	1.21072	1.21123	1.21396	1.2167	1.22107	1.22544	1.22993	
1.25146	1.25581	1.25876	1.26171	1.26233	1.26295	1.26133	1.25971	1.25702	1.25433	1.25201	1.24968	1.24951	1.24934	1.25141	1.25349	1.25764	1.2618	1.26598	1.27015	1.27234	1.27453	1.27322	1.2719	1.26799	1.26407	1.26014	1.25621	1.25409	1.25196	1.25121	1.25045	1.24943	1.2484	1.24661	1.24481	1.2428	1.24078	1.2394	1.23802	1.23815	1.23827	1.2397	1.24112	1.24284	1.24456	1.24597	1.24738	1.24858	1.24978	1.24959	1.24941	1.24707	1.24474	1.24147	1.23819	1.23604	1.23388	1.23397	1.23407	1.23645	1.23883	1.24297	1.24712	1.25146	
1.27331	1.27654	1.2788	1.28106	1.28173	1.28239	1.28156	1.28072	1.27945	1.27818	1.2774	1.27663	1.27741	1.27819	1.28032	1.28246	1.28557	1.28867	1.29138	1.29408	1.29511	1.29614	1.29443	1.29273	1.28924	1.28575	1.28271	1.27968	1.27832	1.27696	1.27667	1.27639	1.27565	1.27491	1.2732	1.27149	1.26926	1.26703	1.26506	1.26308	1.26211	1.26115	1.26167	1.2622	1.26357	1.26494	1.2664	1.26787	1.2694	1.27092	1.27131	1.27171	1.27017	1.26863	1.26621	1.26378	1.26214	1.2605	1.26049	1.26048	1.26224	1.26401	1.26705	1.27009	1.27331	
1.29516	1.29727	1.29884	1.3004	1.30112	1.30184	1.30179	1.30174	1.30188	1.30202	1.3028	1.30358	1.30531	1.30703	1.30923	1.31144	1.31349	1.31554	1.31677	1.31801	1.31788	1.31775	1.31565	1.31355	1.31048	1.30742	1.30528	1.30315	1.30255	1.30195	1.30214	1.30233	1.30187	1.30142	1.29979	1.29816	1.29572	1.29329	1.29072	1.28815	1.28608	1.28402	1.28365	1.28327	1.28429	1.28531	1.28684	1.28837	1.29022	1.29207	1.29303	1.294	1.29326	1.29252	1.29095	1.28938	1.28825	1.28712	1.28701	1.28689	1.28804	1.28919	1.29112	1.29305	1.29516	
1.31743	1.31809	1.31875	1.31942	1.32015	1.32089	1.3217	1.32252	1.32402	1.32552	1.32741	1.3293	1.33138	1.33346	1.3352	1.33695	1.33784	1.33873	1.33866	1.3386	1.33781	1.33702	1.33551	1.334	1.33215	1.33031	1.32894	1.32757	1.32704	1.32651	1.32643	1.32636	1.32605	1.32574	1.32462	1.3235	1.32149	1.31948	1.31693	1.31437	1.31185	1.30932	1.30812	1.30692	1.30717	1.30743	1.30847	1.30951	1.31103	1.31255	1.31369	1.31482	1.31512	1.31542	1.31523	1.31504	1.31495	1.31486	1.31485	1.31484	1.31519	1.31554	1.31615	1.31676	1.31743	
1.33969	1.33891	1.33867	1.33843	1.33918	1.33993	1.34161	1.34329	1.34615	1.34902	1.35202	1.35503	1.35746	1.35989	1.36117	1.36246	1.36219	1.36192	1.36055	1.35919	1.35774	1.3563	1.35538	1.35445	1.35382	1.3532	1.35259	1.35198	1.35152	1.35106	1.35072	1.35039	1.35022	1.35005	1.34944	1.34883	1.34726	1.34568	1.34314	1.3406	1.33761	1.33463	1.33259	1.33056	1.33005	1.32954	1.3301	1.33066	1.33185	1.33303	1.33434	1.33564	1.33698	1.33831	1.33951	1.34071	1.34165	1.3426	1.3427	1.34279	1.34234	1.34189	1.34118	1.34047	1.33969	
1.36243	1.36075	1.36006	1.35938	1.36021	1.36105	1.36326	1.36547	1.36876	1.37206	1.37523	1.3784	1.38069	1.38298	1.38385	1.38471	1.38369	1.38267	1.38058	1.37849	1.37698	1.37547	1.37534	1.3752	1.37545	1.3757	1.37556	1.37542	1.37485	1.37428	1.3738	1.37332	1.3732	1.37309	1.37279	1.37249	1.37138	1.37028	1.36822	1.36616	1.36349	1.36083	1.35864	1.35646	1.35541	1.35436	1.35413	1.3539	1.35426	1.35462	1.35558	1.35655	1.35837	1.36019	1.36258	1.36497	1.3668	1.36864	1.36901	1.36938	1.36843	1.36749	1.3658	1.36412	1.36243	
1.38518	1.3826	1.38146	1.38032	1.38125	1.38217	1.38491	1.38766	1.39138	1.39509	1.39843	1.40177	1.40392	1.40608	1.40652	1.40696	1.40519	1.40342	1.40061	1.39779	1.39622	1.39465	1.3953	1.39596	1.39708	1.39821	1.39853	1.39885	1.39817	1.3975	1.39687	1.39625	1.39619	1.39613	1.39614	1.39615	1.39551	1.39487	1.39329	1.39172	1.38938	1.38703	1.38469	1.38235	1.38076	1.37917	1.37815	1.37713	1.37667	1.3762	1.37683	1.37745	1.37976	1.38207	1.38565	1.38923	1.39195	1.39468	1.39532	1.39596	1.39453	1.39309	1.39042	1.38776	1.38518	
1.40912	1.40655	1.40545	1.40436	1.40538	1.4064	1.40901	1.41162	1.41486	1.4181	1.42085	1.42361	1.42539	1.42717	1.42735	1.42754	1.42549	1.42345	1.42061	1.41777	1.41658	1.41539	1.41642	1.41744	1.41879	1.42015	1.42057	1.421	1.42053	1.42005	1.41949	1.41892	1.41882	1.41873	1.41883	1.41894	1.41855	1.41816	1.41711	1.41605	1.41426	1.41247	1.41051	1.40854	1.40684	1.40513	1.40377	1.40242	1.4014	1.40039	1.40053	1.40068	1.40253	1.40439	1.40795	1.41152	1.41467	1.41782	1.4188	1.41977	1.41849	1.41721	1.41445	1.41169	1.40912	
1.43306	1.4305	1.42944	1.42839	1.42951	1.43064	1.43312	1.43559	1.43835	1.4411	1.44328	1.44545	1.44686	1.44826	1.44819	1.44811	1.4458	1.44348	1.44061	1.43774	1.43694	1.43613	1.43753	1.43893	1.44051	1.44208	1.44262	1.44315	1.44288	1.44261	1.4421	1.44159	1.44146	1.44133	1.44153	1.44173	1.44159	1.44145	1.44092	1.44038	1.43914	1.43791	1.43632	1.43473	1.43291	1.43108	1.42939	1.4277	1.42613	1.42457	1.42424	1.42391	1.42531	1.4267	1.43025	1.43381	1.43739	1.44097	1.44228	1.44359	1.44246	1.44133	1.43847	1.43562	1.43306	
1.4578	1.45598	1.45527	1.45456	1.45544	1.45632	1.45801	1.45969	1.46151	1.46332	1.46478	1.46623	1.4672	1.46817	1.46809	1.468	1.46623	1.46447	1.4624	1.46032	1.45991	1.45949	1.46058	1.46166	1.46277	1.46389	1.46428	1.46466	1.46454	1.46441	1.46407	1.46373	1.46363	1.46353	1.46368	1.46382	1.46375	1.46369	1.46338	1.46308	1.46229	1.4615	1.46042	1.45933	1.45797	1.45661	1.45537	1.45413	1.45292	1.45171	1.45132	1.45094	1.45182	1.4527	1.45515	1.4576	1.4603	1.46299	1.46407	1.46515	1.46442	1.46369	1.46165	1.45962	1.4578	
1.48254	1.48146	1.4811	1.48073	1.48137	1.48201	1.4829	1.48379	1.48467	1.48555	1.48628	1.48701	1.48755	1.48809	1.48798	1.48788	1.48667	1.48545	1.48418	1.4829	1.48288	1.48286	1.48362	1.48438	1.48504	1.48569	1.48593	1.48617	1.48619	1.48621	1.48605	1.48588	1.48581	1.48574	1.48583	1.48592	1.48592	1.48592	1.48584	1.48577	1.48543	1.48509	1.48451	1.48394	1.48304	1.48214	1.48135	1.48055	1.4797	1.47885	1.47841	1.47797	1.47833	1.47869	1.48004	1.4814	1.48321	1.48502	1.48586	1.48671	1.48638	1.48605	1.48484	1.48362	1.48254	
1.50751	1.50751	1.50751	1.50751	1.50751	1.50751	1.50751	1.50751	1.50751	1.50751	1.50751	1.50751	1.50751	1.50751	1.50751	1.50751	1.50751	1.50751	1.50751	1.50751	1.50751	1.50751	1.50751	1.50751	1.50751	1.50751	1.50751	1.50751	1.50751	1.50751	1.50751	1.50751	1.50751	1.50751	1.50751	1.50751	1.50751	1.50751	1.50751	1.50751	1.50751	1.50751	1.50751	1.50751	1.50751	1.50751	1.50751	1.50751	1.50751	1.50751	1.50751	1.50751	1.50751	1.50751	1.50751	1.50751	1.50751	1.50751	1.50751	1.50751	1.50751	1.50751	1.50751	1.50751	1.50751	
