x=200	y=115	z=200	n=65	len=1
b
0.868378	0.868398	0.868405	0.868413	0.868434	0.868455	0.868417	0.868378	0.868327	0.868276	0.868071	0.867866	0.867601	0.867337	0.866847	0.866357	0.86584	0.865322	0.864857	0.864392	0.864234	0.864076	0.864662	0.865248	0.865052	0.864856	0.865683	0.86651	0.864378	0.862247	0.861546	0.860845	0.862421	0.863998	0.864166	0.864335	0.865121	0.865907	0.866085	0.866263	0.865968	0.865672	0.865503	0.865333	0.865295	0.865257	0.865584	0.865911	0.866242	0.866573	0.866926	0.867279	0.867507	0.867736	0.867896	0.868056	0.868139	0.868222	0.868259	0.868297	0.868319	0.868342	0.86835	0.868358	0.868378	
0.868445	0.868448	0.868479	0.86851	0.868521	0.868532	0.868532	0.868531	0.868479	0.868426	0.868275	0.868123	0.867862	0.867601	0.867154	0.866708	0.866161	0.865614	0.86509	0.864566	0.864315	0.864065	0.864515	0.864966	0.864849	0.864732	0.865533	0.866333	0.86455	0.862767	0.862	0.861233	0.863347	0.865461	0.865263	0.865064	0.865756	0.866449	0.866298	0.866148	0.865852	0.865556	0.865431	0.865307	0.865407	0.865507	0.865878	0.86625	0.866584	0.866919	0.867252	0.867585	0.867772	0.867959	0.868102	0.868245	0.868292	0.868339	0.868374	0.868409	0.868406	0.868404	0.868423	0.868442	0.868445	
0.868426	0.868443	0.868467	0.868491	0.868528	0.868565	0.868568	0.86857	0.86856	0.868549	0.868413	0.868277	0.868073	0.867869	0.867438	0.867007	0.866492	0.865977	0.865381	0.864785	0.864453	0.864121	0.864401	0.86468	0.864638	0.864597	0.865477	0.866357	0.86506	0.863763	0.863433	0.863104	0.864726	0.866348	0.866062	0.865776	0.865949	0.866122	0.865965	0.865807	0.865593	0.865378	0.865406	0.865434	0.865621	0.865808	0.866183	0.866557	0.866876	0.867194	0.867479	0.867763	0.867928	0.868093	0.868195	0.868298	0.868336	0.868375	0.868385	0.868395	0.868397	0.868399	0.868403	0.868408	0.868426	
0.868406	0.868438	0.868455	0.868473	0.868535	0.868598	0.868604	0.868609	0.868641	0.868672	0.868552	0.868432	0.868285	0.868137	0.867721	0.867305	0.866823	0.866341	0.865672	0.865004	0.864591	0.864177	0.864286	0.864394	0.864428	0.864461	0.865421	0.866381	0.86557	0.864758	0.864866	0.864975	0.866105	0.867234	0.866862	0.866489	0.866143	0.865796	0.865631	0.865466	0.865333	0.8652	0.86538	0.86556	0.865835	0.86611	0.866487	0.866865	0.867167	0.86747	0.867705	0.867941	0.868083	0.868226	0.868288	0.86835	0.86838	0.86841	0.868396	0.868382	0.868388	0.868394	0.868384	0.868374	0.868406	
0.868418	0.868437	0.868474	0.868511	0.868566	0.86862	0.868662	0.868703	0.868736	0.86877	0.86871	0.86865	0.868523	0.868396	0.868058	0.86772	0.867259	0.866798	0.866137	0.865477	0.864961	0.864445	0.864354	0.864263	0.864339	0.864414	0.865098	0.865781	0.865866	0.865951	0.866097	0.866243	0.866701	0.867159	0.866698	0.866238	0.865963	0.865687	0.86558	0.865472	0.865523	0.865574	0.865797	0.86602	0.866315	0.86661	0.866948	0.867287	0.867542	0.867797	0.867993	0.868188	0.868283	0.868378	0.868421	0.868463	0.868462	0.868461	0.868445	0.868428	0.868414	0.868401	0.8684	0.868399	0.868418	
0.86843	0.868435	0.868492	0.868549	0.868596	0.868643	0.868719	0.868796	0.868832	0.868869	0.868868	0.868868	0.868762	0.868656	0.868395	0.868134	0.867695	0.867255	0.866602	0.86595	0.865332	0.864713	0.864423	0.864133	0.864249	0.864366	0.864774	0.865181	0.866162	0.867143	0.867327	0.86751	0.867297	0.867083	0.866535	0.865988	0.865783	0.865578	0.865528	0.865478	0.865712	0.865947	0.866214	0.86648	0.866795	0.86711	0.86741	0.867709	0.867917	0.868125	0.86828	0.868435	0.868483	0.868531	0.868553	0.868576	0.868544	0.868511	0.868493	0.868474	0.868441	0.868407	0.868416	0.868425	0.86843	
0.868357	0.868373	0.868424	0.868475	0.86854	0.868605	0.868685	0.868764	0.868835	0.868906	0.868926	0.868946	0.868901	0.868856	0.86864	0.868424	0.868068	0.867712	0.86708	0.866448	0.865805	0.865163	0.864672	0.864182	0.864168	0.864155	0.864518	0.864882	0.866067	0.867252	0.868623	0.869994	0.868508	0.867022	0.866458	0.865894	0.865707	0.865519	0.865631	0.865743	0.866041	0.86634	0.866611	0.866881	0.867176	0.867471	0.867718	0.867965	0.868139	0.868313	0.868416	0.868518	0.868546	0.868573	0.868563	0.868553	0.868515	0.868478	0.868441	0.868404	0.868375	0.868346	0.868343	0.868341	0.868357	
0.868284	0.868311	0.868355	0.8684	0.868484	0.868568	0.86865	0.868732	0.868837	0.868943	0.868983	0.869024	0.86904	0.869057	0.868885	0.868714	0.868442	0.86817	0.867558	0.866945	0.866279	0.865612	0.864921	0.864231	0.864087	0.863943	0.864263	0.864582	0.865972	0.867361	0.869919	0.872477	0.869719	0.866962	0.866381	0.865801	0.865631	0.865461	0.865735	0.866008	0.86637	0.866732	0.867007	0.867282	0.867557	0.867832	0.868027	0.868221	0.868361	0.868501	0.868551	0.868602	0.868608	0.868615	0.868573	0.868531	0.868487	0.868444	0.868389	0.868334	0.868309	0.868284	0.868271	0.868257	0.868284	
0.868245	0.86826	0.86832	0.868379	0.868453	0.868527	0.868636	0.868745	0.868847	0.868949	0.869041	0.869133	0.869168	0.869202	0.86912	0.869039	0.868819	0.868599	0.868098	0.867596	0.866953	0.866311	0.865546	0.864781	0.864442	0.864102	0.864185	0.864268	0.86565	0.867032	0.869593	0.872153	0.869738	0.867323	0.86668	0.866036	0.866016	0.865996	0.866267	0.866539	0.86689	0.867242	0.867478	0.867714	0.867953	0.868192	0.868342	0.868491	0.868583	0.868675	0.868694	0.868712	0.868685	0.868658	0.868604	0.868549	0.868486	0.868423	0.868369	0.868316	0.868277	0.868239	0.868234	0.868229	0.868245	
0.868205	0.868209	0.868284	0.868359	0.868422	0.868486	0.868622	0.868758	0.868857	0.868956	0.869099	0.869243	0.869295	0.869348	0.869355	0.869363	0.869196	0.869029	0.868638	0.868247	0.867628	0.86701	0.866171	0.865332	0.864797	0.864262	0.864107	0.863953	0.865328	0.866703	0.869266	0.871829	0.869757	0.867685	0.866978	0.866271	0.866401	0.866531	0.8668	0.867069	0.86741	0.867751	0.867949	0.868146	0.86835	0.868553	0.868656	0.86876	0.868805	0.868849	0.868836	0.868823	0.868762	0.8687	0.868634	0.868568	0.868485	0.868401	0.868349	0.868297	0.868245	0.868194	0.868198	0.868202	0.868205	
0.868085	0.868096	0.868164	0.868231	0.868304	0.868378	0.86851	0.868643	0.868761	0.868879	0.869032	0.869186	0.86928	0.869375	0.869424	0.869474	0.86939	0.869307	0.869006	0.868705	0.868198	0.86769	0.86688	0.86607	0.865426	0.864782	0.864351	0.86392	0.864992	0.866065	0.868375	0.870686	0.868943	0.867199	0.866778	0.866356	0.866549	0.866741	0.867016	0.867291	0.867634	0.867978	0.868154	0.86833	0.868518	0.868705	0.868766	0.868826	0.868848	0.868869	0.868823	0.868776	0.868705	0.868635	0.86855	0.868466	0.868383	0.8683	0.868238	0.868176	0.86813	0.868083	0.868079	0.868074	0.868085	
0.867966	0.867984	0.868043	0.868103	0.868186	0.86827	0.868398	0.868527	0.868664	0.868801	0.868965	0.869128	0.869265	0.869402	0.869493	0.869585	0.869585	0.869585	0.869374	0.869164	0.868767	0.86837	0.867589	0.866808	0.866055	0.865302	0.864594	0.863886	0.864657	0.865427	0.867485	0.869543	0.868128	0.866713	0.866577	0.866441	0.866696	0.866951	0.867232	0.867513	0.867859	0.868204	0.868359	0.868513	0.868686	0.868858	0.868875	0.868891	0.86889	0.868889	0.86881	0.86873	0.868649	0.868569	0.868466	0.868363	0.868281	0.868199	0.868127	0.868055	0.868014	0.867973	0.86796	0.867947	0.867966	
0.867892	0.8679	0.86797	0.86804	0.868109	0.868178	0.868323	0.868467	0.86859	0.868714	0.868909	0.869104	0.869238	0.869372	0.869528	0.869685	0.869715	0.869745	0.869651	0.869557	0.86925	0.868944	0.868295	0.867646	0.866925	0.866203	0.865315	0.864428	0.86488	0.865333	0.866854	0.868376	0.867267	0.866159	0.866305	0.866452	0.866753	0.867054	0.867391	0.867729	0.86808	0.868432	0.868577	0.868722	0.868863	0.869004	0.868988	0.868972	0.868942	0.868911	0.868813	0.868715	0.868618	0.868521	0.868415	0.868309	0.868218	0.868127	0.86806	0.867992	0.867943	0.867895	0.86789	0.867885	0.867892	
0.867819	0.867816	0.867896	0.867976	0.868031	0.868086	0.868247	0.868408	0.868517	0.868626	0.868853	0.86908	0.869211	0.869343	0.869564	0.869784	0.869845	0.869905	0.869927	0.869949	0.869733	0.869517	0.869001	0.868485	0.867794	0.867104	0.866036	0.864969	0.865104	0.865239	0.866224	0.867208	0.866407	0.865605	0.866034	0.866463	0.86681	0.867157	0.86755	0.867944	0.868302	0.86866	0.868795	0.868931	0.86904	0.869149	0.869101	0.869053	0.868993	0.868933	0.868816	0.8687	0.868587	0.868474	0.868364	0.868254	0.868155	0.868056	0.867992	0.867929	0.867873	0.867816	0.867819	0.867822	0.867819	
0.867672	0.867674	0.867744	0.867813	0.867872	0.86793	0.868079	0.868228	0.868342	0.868456	0.868676	0.868895	0.869042	0.869188	0.86942	0.869653	0.869753	0.869854	0.869931	0.870007	0.869882	0.869758	0.869353	0.868948	0.868393	0.867838	0.866771	0.865703	0.86567	0.865637	0.86595	0.866263	0.865796	0.86533	0.865808	0.866285	0.866756	0.867227	0.867611	0.867994	0.868378	0.868761	0.868857	0.868953	0.869042	0.869131	0.86905	0.868968	0.868895	0.868822	0.86869	0.868557	0.868443	0.86833	0.868214	0.868099	0.868005	0.867911	0.867844	0.867777	0.867727	0.867677	0.867673	0.86767	0.867672	
0.867525	0.867532	0.867591	0.86765	0.867713	0.867775	0.867911	0.868048	0.868167	0.868287	0.868498	0.86871	0.868872	0.869033	0.869277	0.869521	0.869662	0.869802	0.869934	0.870065	0.870032	0.869998	0.869704	0.86941	0.868991	0.868573	0.867505	0.866438	0.866237	0.866035	0.865677	0.865318	0.865186	0.865055	0.865582	0.866108	0.866703	0.867298	0.867671	0.868044	0.868453	0.868863	0.868919	0.868975	0.869044	0.869112	0.868998	0.868884	0.868797	0.868711	0.868563	0.868415	0.8683	0.868186	0.868064	0.867943	0.867855	0.867767	0.867696	0.867624	0.867581	0.867538	0.867528	0.867517	0.867525	
0.867441	0.867439	0.867505	0.867571	0.867616	0.867661	0.867805	0.867949	0.868046	0.868143	0.868368	0.868593	0.868733	0.868874	0.869146	0.869418	0.869553	0.869688	0.86988	0.870072	0.870073	0.870075	0.869884	0.869693	0.869379	0.869064	0.868105	0.867146	0.866938	0.866731	0.865865	0.864999	0.86486	0.86472	0.865478	0.866235	0.866898	0.867562	0.867914	0.868267	0.868656	0.869045	0.869044	0.869043	0.869084	0.869125	0.868978	0.868832	0.868734	0.868637	0.868479	0.868321	0.868206	0.86809	0.867971	0.867851	0.867763	0.867675	0.86761	0.867545	0.867498	0.867451	0.867448	0.867444	0.867441	
0.867358	0.867345	0.867418	0.867492	0.867519	0.867546	0.867699	0.867851	0.867925	0.867999	0.868238	0.868476	0.868595	0.868714	0.869015	0.869315	0.869444	0.869574	0.869826	0.870079	0.870115	0.870151	0.870064	0.869977	0.869766	0.869555	0.868705	0.867854	0.86764	0.867426	0.866053	0.86468	0.864533	0.864385	0.865374	0.866363	0.867094	0.867825	0.868157	0.86849	0.868858	0.869227	0.869169	0.869111	0.869124	0.869137	0.868958	0.868779	0.868671	0.868563	0.868395	0.868228	0.868111	0.867995	0.867877	0.867759	0.867671	0.867584	0.867524	0.867465	0.867415	0.867364	0.867368	0.867371	0.867358	
0.867206	0.867198	0.867259	0.867319	0.867348	0.867377	0.867511	0.867645	0.867718	0.867791	0.868009	0.868226	0.868344	0.868462	0.86875	0.869039	0.869173	0.869308	0.869575	0.869842	0.869901	0.86996	0.869937	0.869914	0.869753	0.869591	0.868846	0.868101	0.867958	0.867815	0.866225	0.864635	0.864791	0.864946	0.86581	0.866673	0.867453	0.868233	0.868439	0.868646	0.868963	0.86928	0.869161	0.869041	0.86902	0.868999	0.868803	0.868607	0.86849	0.868372	0.868205	0.868037	0.867924	0.867812	0.867697	0.867582	0.867503	0.867423	0.867364	0.867305	0.867262	0.86722	0.867217	0.867214	0.867206	
0.867054	0.867052	0.867099	0.867146	0.867177	0.867208	0.867323	0.867438	0.86751	0.867582	0.86778	0.867977	0.868094	0.86821	0.868486	0.868762	0.868902	0.869042	0.869323	0.869604	0.869687	0.86977	0.869811	0.869852	0.86974	0.869627	0.868987	0.868347	0.868275	0.868204	0.866397	0.864591	0.865049	0.865507	0.866245	0.866983	0.867812	0.86864	0.868721	0.868802	0.869067	0.869333	0.869152	0.868971	0.868917	0.868862	0.868648	0.868435	0.868308	0.868181	0.868014	0.867846	0.867738	0.867629	0.867517	0.867406	0.867335	0.867263	0.867204	0.867145	0.86711	0.867075	0.867066	0.867057	0.867054	
0.866983	0.866971	0.867024	0.867078	0.86709	0.867102	0.867222	0.867342	0.867387	0.867433	0.867634	0.867835	0.867922	0.868009	0.868292	0.868576	0.868695	0.868814	0.869118	0.869421	0.869514	0.869606	0.869701	0.869796	0.869743	0.86969	0.869118	0.868547	0.868543	0.868539	0.866732	0.864925	0.865645	0.866364	0.866938	0.867512	0.868321	0.869131	0.869045	0.86896	0.869185	0.869411	0.86915	0.86889	0.86883	0.868769	0.868531	0.868292	0.868175	0.868059	0.867888	0.867717	0.86762	0.867523	0.867415	0.867308	0.867244	0.867179	0.867126	0.867073	0.867037	0.867001	0.866998	0.866996	0.866983	
0.866913	0.866889	0.866949	0.867009	0.867002	0.866995	0.86712	0.867245	0.867264	0.867283	0.867488	0.867692	0.86775	0.867808	0.868099	0.868389	0.868488	0.868587	0.868912	0.869238	0.869341	0.869443	0.869591	0.86974	0.869746	0.869752	0.869249	0.868746	0.86881	0.868875	0.867067	0.86526	0.866241	0.867221	0.867631	0.868041	0.868831	0.869622	0.86937	0.869118	0.869303	0.869489	0.869149	0.868809	0.868743	0.868677	0.868413	0.868149	0.868042	0.867936	0.867762	0.867588	0.867502	0.867416	0.867314	0.867211	0.867153	0.867094	0.867048	0.867001	0.866964	0.866926	0.866931	0.866936	0.866913	
0.866775	0.86676	0.866804	0.866848	0.866845	0.866843	0.866945	0.867047	0.867066	0.867085	0.867263	0.867441	0.867494	0.867547	0.867815	0.868083	0.868175	0.868267	0.868595	0.868923	0.869023	0.869122	0.869335	0.869548	0.869559	0.869569	0.86921	0.868851	0.868887	0.868922	0.867305	0.865688	0.866838	0.867988	0.868226	0.868465	0.869135	0.869805	0.869476	0.869147	0.86924	0.869333	0.868984	0.868635	0.868533	0.86843	0.86818	0.86793	0.867817	0.867704	0.867546	0.867388	0.867308	0.867227	0.867134	0.867042	0.866992	0.866943	0.866898	0.866853	0.866825	0.866796	0.866794	0.866791	0.866775	
0.866638	0.86663	0.866658	0.866687	0.866688	0.86669	0.86677	0.866849	0.866868	0.866887	0.867038	0.86719	0.867238	0.867286	0.867532	0.867777	0.867862	0.867948	0.868277	0.868607	0.868704	0.868802	0.869079	0.869356	0.869371	0.869387	0.869171	0.868956	0.868963	0.868969	0.867543	0.866116	0.867435	0.868755	0.868821	0.868888	0.869438	0.869988	0.869582	0.869176	0.869177	0.869177	0.86882	0.868462	0.868323	0.868183	0.867947	0.867711	0.867592	0.867473	0.86733	0.867188	0.867113	0.867038	0.866955	0.866872	0.866832	0.866791	0.866748	0.866705	0.866685	0.866666	0.866656	0.866646	0.866638	
0.866596	0.866577	0.866613	0.86665	0.866631	0.866613	0.866698	0.866783	0.866775	0.866767	0.866919	0.86707	0.867091	0.867111	0.867351	0.86759	0.867656	0.867723	0.86805	0.868376	0.868485	0.868593	0.868894	0.869195	0.86928	0.869366	0.869226	0.869086	0.869143	0.869201	0.867992	0.866784	0.868128	0.869471	0.869296	0.869121	0.869598	0.870075	0.869547	0.869018	0.869027	0.869035	0.868633	0.868231	0.868122	0.868013	0.867769	0.867525	0.867432	0.86734	0.867201	0.867063	0.867006	0.866949	0.866873	0.866796	0.866764	0.866733	0.866697	0.866661	0.86664	0.866619	0.866617	0.866615	0.866596	
0.866554	0.866524	0.866568	0.866613	0.866574	0.866535	0.866626	0.866716	0.866682	0.866648	0.866799	0.86695	0.866943	0.866936	0.867169	0.867403	0.86745	0.867498	0.867822	0.868145	0.868265	0.868384	0.868709	0.869033	0.869189	0.869344	0.86928	0.869216	0.869324	0.869432	0.868442	0.867453	0.86882	0.870187	0.869771	0.869354	0.869757	0.870161	0.869511	0.868861	0.868877	0.868893	0.868446	0.868	0.867921	0.867842	0.86759	0.867338	0.867272	0.867207	0.867072	0.866937	0.866899	0.86686	0.86679	0.86672	0.866697	0.866674	0.866645	0.866616	0.866595	0.866573	0.866579	0.866584	0.866554	
0.866444	0.866425	0.866451	0.866476	0.866448	0.86642	0.866484	0.866548	0.866521	0.866493	0.866615	0.866736	0.866729	0.866722	0.866928	0.867134	0.867172	0.867211	0.867527	0.867842	0.867947	0.868051	0.868424	0.868798	0.868935	0.869072	0.86917	0.869267	0.86944	0.869612	0.868737	0.867862	0.86919	0.870518	0.869997	0.869476	0.8697	0.869925	0.869299	0.868673	0.868616	0.868558	0.868159	0.867761	0.867654	0.867547	0.867332	0.867117	0.867048	0.86698	0.866869	0.866758	0.866726	0.866694	0.866635	0.866577	0.866563	0.866549	0.866521	0.866493	0.866482	0.866471	0.866467	0.866463	0.866444	
0.866334	0.866326	0.866333	0.86634	0.866322	0.866304	0.866342	0.86638	0.86636	0.866339	0.86643	0.866521	0.866514	0.866507	0.866686	0.866865	0.866894	0.866924	0.867232	0.86754	0.867629	0.867718	0.86814	0.868562	0.868681	0.868799	0.869059	0.869319	0.869556	0.869792	0.869032	0.868271	0.86956	0.870849	0.870223	0.869597	0.869644	0.86969	0.869088	0.868486	0.868354	0.868223	0.867873	0.867522	0.867387	0.867252	0.867074	0.866896	0.866824	0.866753	0.866666	0.866579	0.866553	0.866527	0.86648	0.866434	0.866429	0.866425	0.866397	0.86637	0.866369	0.866368	0.866355	0.866342	0.866334	
0.866331	0.866311	0.866328	0.866345	0.866307	0.866268	0.866314	0.86636	0.866313	0.866267	0.866358	0.866448	0.866417	0.866386	0.866552	0.866717	0.866734	0.866751	0.867035	0.867319	0.867422	0.867524	0.867932	0.86834	0.868502	0.868663	0.868941	0.869219	0.869496	0.869773	0.869334	0.868894	0.869446	0.869998	0.869908	0.869818	0.869686	0.869553	0.868841	0.868129	0.868064	0.868	0.867621	0.867243	0.867163	0.867082	0.866901	0.86672	0.866684	0.866649	0.866567	0.866486	0.86648	0.866475	0.866436	0.866397	0.8664	0.866404	0.866385	0.866365	0.866362	0.866358	0.866355	0.866351	0.866331	
0.866328	0.866295	0.866323	0.866351	0.866291	0.866231	0.866285	0.866339	0.866267	0.866195	0.866285	0.866375	0.86632	0.866265	0.866417	0.866569	0.866574	0.866578	0.866839	0.867099	0.867215	0.86733	0.867724	0.868117	0.868323	0.868528	0.868823	0.869119	0.869436	0.869753	0.869635	0.869517	0.869332	0.869147	0.869593	0.870039	0.869728	0.869417	0.868594	0.867772	0.867774	0.867777	0.86737	0.866963	0.866938	0.866913	0.866728	0.866543	0.866544	0.866545	0.866469	0.866392	0.866408	0.866423	0.866391	0.866359	0.866371	0.866383	0.866372	0.866361	0.866355	0.866348	0.866355	0.866361	0.866328	
0.866252	0.866234	0.866241	0.866247	0.866205	0.866162	0.866187	0.866212	0.866157	0.866101	0.866159	0.866217	0.866172	0.866127	0.86625	0.866374	0.866376	0.866378	0.866624	0.86687	0.866965	0.86706	0.867479	0.867898	0.86808	0.868262	0.868856	0.869449	0.869552	0.869655	0.869802	0.869949	0.869986	0.870024	0.869912	0.869799	0.869466	0.869133	0.868333	0.867533	0.867472	0.867411	0.867068	0.866726	0.866684	0.866643	0.866499	0.866355	0.866356	0.866358	0.866305	0.866252	0.866273	0.866295	0.866273	0.866251	0.866272	0.866293	0.866281	0.866269	0.866275	0.866281	0.866275	0.86627	0.866252	
0.866176	0.866173	0.866158	0.866144	0.866118	0.866093	0.866089	0.866086	0.866046	0.866006	0.866033	0.866059	0.866024	0.865989	0.866084	0.866179	0.866178	0.866177	0.866409	0.866641	0.866716	0.866791	0.867235	0.86768	0.867838	0.867996	0.868888	0.86978	0.869668	0.869557	0.869968	0.87038	0.870641	0.870901	0.87023	0.869559	0.869204	0.86885	0.868072	0.867293	0.867169	0.867045	0.866766	0.866488	0.86643	0.866372	0.86627	0.866167	0.866168	0.86617	0.86614	0.866111	0.866139	0.866167	0.866155	0.866144	0.866174	0.866204	0.866191	0.866178	0.866196	0.866213	0.866196	0.866179	0.866176	
0.866214	0.866196	0.866195	0.866193	0.866146	0.866099	0.866106	0.866113	0.866049	0.865985	0.866011	0.866038	0.865982	0.865926	0.866004	0.866083	0.866072	0.866061	0.866257	0.866453	0.866532	0.866611	0.866992	0.867372	0.867561	0.86775	0.868626	0.869503	0.86912	0.868736	0.86921	0.869684	0.869889	0.870093	0.869536	0.868978	0.868787	0.868595	0.867723	0.866851	0.866844	0.866837	0.866526	0.866215	0.866234	0.866254	0.866141	0.866028	0.86607	0.866112	0.866087	0.866062	0.86611	0.866157	0.866154	0.86615	0.866186	0.866223	0.866219	0.866216	0.866229	0.866241	0.866236	0.866231	0.866214	
0.866251	0.866219	0.866231	0.866243	0.866174	0.866106	0.866123	0.86614	0.866052	0.865963	0.86599	0.866016	0.86594	0.865864	0.865925	0.865987	0.865966	0.865945	0.866105	0.866264	0.866348	0.866431	0.866748	0.867064	0.867284	0.867503	0.868365	0.869226	0.868571	0.867916	0.868452	0.868989	0.869136	0.869284	0.868841	0.868397	0.868369	0.868341	0.867375	0.866409	0.86652	0.86663	0.866286	0.865942	0.866039	0.866136	0.866013	0.86589	0.865973	0.866055	0.866034	0.866013	0.86608	0.866148	0.866152	0.866157	0.866199	0.866241	0.866248	0.866254	0.866262	0.86627	0.866276	0.866283	0.866251	
0.866211	0.866198	0.866186	0.866175	0.86613	0.866084	0.866071	0.866057	0.865994	0.86593	0.865923	0.865915	0.865861	0.865807	0.865838	0.865868	0.865861	0.865854	0.865988	0.866122	0.866201	0.86628	0.866572	0.866864	0.866996	0.867127	0.86789	0.868653	0.867945	0.867237	0.867575	0.867913	0.86818	0.868446	0.868212	0.867977	0.867765	0.867552	0.866819	0.866086	0.866163	0.86624	0.865991	0.865743	0.865816	0.86589	0.865818	0.865745	0.865823	0.8659	0.865905	0.865909	0.865981	0.866053	0.866068	0.866082	0.866134	0.866186	0.86619	0.866194	0.866216	0.866238	0.866231	0.866224	0.866211	
0.866171	0.866176	0.866142	0.866108	0.866085	0.866063	0.866018	0.865974	0.865936	0.865897	0.865856	0.865814	0.865782	0.865751	0.86575	0.865748	0.865756	0.865764	0.865872	0.86598	0.866055	0.866129	0.866397	0.866664	0.866707	0.86675	0.867415	0.868079	0.867318	0.866558	0.866698	0.866838	0.867223	0.867608	0.867583	0.867557	0.867161	0.866764	0.866264	0.865763	0.865806	0.865849	0.865696	0.865543	0.865594	0.865644	0.865622	0.865601	0.865673	0.865745	0.865775	0.865806	0.865882	0.865958	0.865983	0.866008	0.866069	0.866131	0.866132	0.866134	0.86617	0.866206	0.866185	0.866165	0.866171	
0.866245	0.866235	0.866216	0.866197	0.866152	0.866107	0.866075	0.866043	0.86598	0.865917	0.865878	0.865838	0.865785	0.865731	0.865719	0.865706	0.865697	0.865688	0.865773	0.865858	0.865915	0.865971	0.866181	0.86639	0.866369	0.866348	0.866751	0.867154	0.866438	0.865721	0.86575	0.865779	0.865907	0.866035	0.866246	0.866457	0.866335	0.866213	0.865918	0.865622	0.865715	0.865807	0.865597	0.865386	0.865501	0.865617	0.865569	0.865521	0.865627	0.865733	0.865766	0.865798	0.86589	0.865983	0.866018	0.866053	0.866118	0.866183	0.866197	0.866211	0.866239	0.866268	0.866261	0.866255	0.866245	
0.866319	0.866293	0.866289	0.866285	0.866219	0.866152	0.866132	0.866112	0.866024	0.865937	0.8659	0.865863	0.865787	0.865711	0.865688	0.865665	0.865639	0.865613	0.865675	0.865736	0.865775	0.865813	0.865964	0.866115	0.86603	0.865945	0.866087	0.86623	0.865557	0.864884	0.864803	0.864721	0.864591	0.864462	0.86491	0.865357	0.86551	0.865662	0.865571	0.865481	0.865623	0.865766	0.865497	0.865228	0.865409	0.86559	0.865516	0.865441	0.865581	0.865722	0.865756	0.86579	0.865899	0.866008	0.866053	0.866098	0.866167	0.866235	0.866261	0.866287	0.866309	0.86633	0.866337	0.866345	0.866319	
0.866311	0.866306	0.866278	0.86625	0.86621	0.866171	0.866117	0.866064	0.866007	0.86595	0.865873	0.865797	0.865752	0.865707	0.865644	0.865581	0.865584	0.865587	0.865611	0.865635	0.865701	0.865767	0.865822	0.865876	0.865758	0.865639	0.865338	0.865038	0.864884	0.86473	0.865175	0.86562	0.864931	0.864242	0.864297	0.864351	0.864711	0.86507	0.865275	0.865479	0.865436	0.865393	0.865287	0.86518	0.865274	0.865367	0.865359	0.865351	0.865466	0.865581	0.865646	0.865711	0.865821	0.865932	0.865989	0.866046	0.866126	0.866205	0.866229	0.866253	0.86629	0.866328	0.866321	0.866315	0.866311	
0.866302	0.86632	0.866267	0.866214	0.866202	0.86619	0.866103	0.866016	0.865989	0.865963	0.865847	0.865732	0.865717	0.865702	0.8656	0.865498	0.865529	0.865561	0.865547	0.865534	0.865628	0.865722	0.865679	0.865637	0.865485	0.865334	0.86459	0.863846	0.864211	0.864576	0.865548	0.866519	0.865271	0.864023	0.863684	0.863344	0.863912	0.864479	0.864978	0.865476	0.865249	0.865021	0.865077	0.865132	0.865138	0.865144	0.865203	0.865262	0.865351	0.86544	0.865536	0.865632	0.865743	0.865855	0.865925	0.865994	0.866084	0.866174	0.866196	0.866218	0.866272	0.866325	0.866305	0.866285	0.866302	
0.866407	0.866406	0.866372	0.866337	0.866299	0.866262	0.866191	0.86612	0.866063	0.866006	0.865899	0.865791	0.865742	0.865693	0.865594	0.865494	0.865492	0.86549	0.865477	0.865464	0.865567	0.86567	0.865517	0.865365	0.865286	0.865206	0.864138	0.863071	0.863692	0.864312	0.865126	0.86594	0.864416	0.862891	0.863509	0.864127	0.864921	0.865716	0.865581	0.865445	0.865484	0.865522	0.865345	0.865167	0.865229	0.865291	0.86527	0.86525	0.865365	0.865481	0.865569	0.865658	0.865783	0.865908	0.865989	0.866071	0.866162	0.866254	0.86629	0.866326	0.866371	0.866416	0.866411	0.866407	0.866407	
0.866511	0.866493	0.866476	0.86646	0.866397	0.866334	0.866279	0.866224	0.866137	0.86605	0.86595	0.865851	0.865768	0.865684	0.865587	0.86549	0.865455	0.865419	0.865407	0.865395	0.865506	0.865618	0.865356	0.865094	0.865086	0.865078	0.863687	0.862296	0.863172	0.864049	0.864705	0.865362	0.86356	0.861758	0.863334	0.864909	0.865931	0.866953	0.866183	0.865414	0.865719	0.866023	0.865613	0.865203	0.86532	0.865437	0.865337	0.865237	0.86538	0.865522	0.865603	0.865684	0.865823	0.865961	0.866054	0.866147	0.86624	0.866333	0.866384	0.866434	0.86647	0.866506	0.866518	0.86653	0.866511	
0.866528	0.866533	0.866491	0.866448	0.866415	0.866381	0.866289	0.866196	0.86614	0.866083	0.865935	0.865787	0.865731	0.865675	0.865525	0.865375	0.865361	0.865346	0.865312	0.865279	0.865381	0.865483	0.865298	0.865114	0.864745	0.864376	0.863198	0.86202	0.862464	0.862908	0.863045	0.863183	0.862125	0.861068	0.862619	0.864171	0.864853	0.865535	0.86502	0.864506	0.865051	0.865596	0.865381	0.865166	0.865215	0.865263	0.865215	0.865167	0.865279	0.865392	0.8655	0.865608	0.865751	0.865894	0.865999	0.866104	0.866212	0.86632	0.866368	0.866417	0.866471	0.866526	0.866524	0.866522	0.866528	
0.866544	0.866574	0.866506	0.866437	0.866433	0.866428	0.866298	0.866169	0.866142	0.866116	0.865919	0.865722	0.865694	0.865665	0.865463	0.865261	0.865266	0.865272	0.865218	0.865163	0.865255	0.865348	0.865241	0.865134	0.864404	0.863674	0.862709	0.861745	0.861756	0.861767	0.861385	0.861004	0.860691	0.860377	0.861905	0.863433	0.863774	0.864116	0.863857	0.863598	0.864383	0.865168	0.865149	0.865129	0.865109	0.865089	0.865093	0.865097	0.865179	0.865262	0.865397	0.865532	0.86568	0.865827	0.865944	0.866061	0.866184	0.866307	0.866353	0.866399	0.866473	0.866547	0.866531	0.866514	0.866544	
0.866672	0.866681	0.866634	0.866586	0.866553	0.86652	0.86641	0.866299	0.866235	0.866171	0.865986	0.865802	0.865726	0.865651	0.865456	0.865261	0.865232	0.865203	0.865182	0.865161	0.865345	0.865529	0.865565	0.865601	0.864908	0.864214	0.863948	0.863682	0.864501	0.865319	0.864298	0.863277	0.862949	0.862621	0.861994	0.861366	0.862245	0.863124	0.86344	0.863756	0.864741	0.865726	0.865565	0.865403	0.865361	0.865319	0.865238	0.865157	0.865242	0.865328	0.865459	0.86559	0.865744	0.865899	0.866032	0.866164	0.866286	0.866408	0.86647	0.866533	0.866595	0.866658	0.86666	0.866662	0.866672	
0.866799	0.866789	0.866762	0.866735	0.866673	0.866612	0.866521	0.866429	0.866327	0.866225	0.866053	0.865881	0.865759	0.865637	0.865449	0.865261	0.865198	0.865135	0.865146	0.865158	0.865435	0.865711	0.865889	0.866068	0.865411	0.864755	0.865187	0.86562	0.867245	0.868871	0.86721	0.865549	0.865207	0.864866	0.862083	0.859299	0.860715	0.862131	0.863023	0.863915	0.8651	0.866284	0.865981	0.865678	0.865614	0.865549	0.865383	0.865216	0.865305	0.865394	0.865521	0.865648	0.865809	0.865971	0.866119	0.866267	0.866388	0.866509	0.866588	0.866667	0.866718	0.866769	0.86679	0.86681	0.866799	
0.866834	0.866849	0.866796	0.866743	0.866711	0.866678	0.866548	0.866418	0.866342	0.866266	0.86604	0.865813	0.865707	0.865601	0.865351	0.8651	0.865042	0.864983	0.865008	0.865034	0.865283	0.865532	0.865996	0.866459	0.86551	0.86456	0.865959	0.867359	0.868782	0.870206	0.868419	0.866632	0.866583	0.866534	0.863427	0.86032	0.861653	0.862986	0.863796	0.864606	0.865585	0.866564	0.866297	0.866031	0.86577	0.865508	0.865351	0.865193	0.865238	0.865284	0.865429	0.865574	0.865745	0.865917	0.866074	0.866231	0.866372	0.866512	0.866588	0.866663	0.866736	0.866808	0.866814	0.86682	0.866834	
0.866869	0.866908	0.86683	0.866752	0.866748	0.866743	0.866575	0.866407	0.866357	0.866307	0.866026	0.865745	0.865655	0.865565	0.865252	0.86494	0.864885	0.864831	0.864871	0.86491	0.865131	0.865353	0.866102	0.866851	0.865608	0.864366	0.866731	0.869097	0.870319	0.871541	0.869628	0.867715	0.867958	0.868202	0.864771	0.861341	0.862591	0.863842	0.864569	0.865297	0.86607	0.866843	0.866614	0.866384	0.865925	0.865467	0.865319	0.86517	0.865172	0.865174	0.865337	0.8655	0.865681	0.865863	0.866029	0.866195	0.866355	0.866516	0.866588	0.866659	0.866753	0.866847	0.866838	0.866829	0.866869	
0.867011	0.867028	0.866974	0.866919	0.866884	0.866849	0.866705	0.866561	0.866469	0.866377	0.866112	0.865847	0.865703	0.865559	0.865249	0.864938	0.864837	0.864736	0.864785	0.864834	0.865104	0.865375	0.866135	0.866895	0.865744	0.864594	0.866249	0.867905	0.869372	0.870839	0.868367	0.865896	0.866295	0.866695	0.865265	0.863835	0.865128	0.866421	0.865939	0.865457	0.866239	0.86702	0.866769	0.866517	0.86604	0.865563	0.865389	0.865216	0.865211	0.865205	0.865385	0.865565	0.865755	0.865945	0.866132	0.866319	0.866476	0.866634	0.866724	0.866814	0.866894	0.866974	0.866984	0.866994	0.867011	
0.867153	0.867148	0.867117	0.867086	0.86702	0.866955	0.866835	0.866714	0.86658	0.866446	0.866198	0.865949	0.865751	0.865552	0.865245	0.864937	0.864789	0.864642	0.864699	0.864757	0.865077	0.865397	0.866168	0.866939	0.86588	0.864822	0.865767	0.866713	0.868424	0.870136	0.867107	0.864077	0.864632	0.865188	0.865759	0.86633	0.867665	0.869001	0.86731	0.865618	0.866407	0.867197	0.866924	0.866651	0.866154	0.865658	0.86546	0.865263	0.86525	0.865237	0.865434	0.865631	0.865829	0.866027	0.866236	0.866444	0.866598	0.866752	0.86686	0.866968	0.867034	0.8671	0.867129	0.867158	0.867153	
0.867202	0.867222	0.867168	0.867114	0.867076	0.867038	0.866885	0.866732	0.866623	0.866513	0.866217	0.86592	0.865732	0.865545	0.865179	0.864813	0.864662	0.86451	0.864558	0.864605	0.864843	0.86508	0.866088	0.867095	0.865727	0.864358	0.865785	0.867212	0.868341	0.869469	0.867508	0.865547	0.864328	0.863109	0.865281	0.867454	0.868403	0.869351	0.867364	0.865376	0.865889	0.866403	0.866498	0.866593	0.866091	0.865588	0.865403	0.865217	0.865189	0.865162	0.865367	0.865572	0.865788	0.866005	0.866216	0.866427	0.866602	0.866777	0.866879	0.866979	0.867067	0.867154	0.867168	0.867183	0.867202	
0.867251	0.867295	0.867218	0.867141	0.867132	0.867122	0.866936	0.866749	0.866665	0.866581	0.866235	0.86589	0.865714	0.865538	0.865114	0.86469	0.864534	0.864378	0.864416	0.864453	0.864608	0.864764	0.866007	0.867251	0.865573	0.863895	0.865803	0.867712	0.868257	0.868801	0.86791	0.867018	0.864025	0.861031	0.864804	0.868577	0.86914	0.869702	0.867418	0.865133	0.865371	0.865609	0.866072	0.866535	0.866027	0.865519	0.865345	0.865171	0.865129	0.865087	0.8653	0.865512	0.865747	0.865982	0.866196	0.866411	0.866607	0.866803	0.866897	0.866991	0.8671	0.867208	0.867207	0.867207	0.867251	
0.867399	0.86742	0.867368	0.867316	0.867278	0.86724	0.867081	0.866922	0.8668	0.866678	0.866355	0.866032	0.865808	0.865583	0.865163	0.864744	0.86455	0.864357	0.864358	0.864359	0.864498	0.864636	0.865611	0.866585	0.865013	0.863442	0.865436	0.867431	0.868064	0.868696	0.867434	0.866172	0.86388	0.861587	0.864667	0.867748	0.868352	0.868956	0.866678	0.864399	0.864808	0.865216	0.86579	0.866363	0.865957	0.865552	0.865379	0.865207	0.865176	0.865146	0.865379	0.865612	0.865854	0.866097	0.866332	0.866567	0.866754	0.866941	0.867051	0.867161	0.867251	0.867342	0.86736	0.867377	0.867399	
0.867546	0.867544	0.867517	0.86749	0.867424	0.867358	0.867227	0.867095	0.866936	0.866776	0.866476	0.866175	0.865901	0.865627	0.865213	0.864798	0.864567	0.864335	0.8643	0.864265	0.864387	0.864509	0.865214	0.865919	0.864454	0.862989	0.865069	0.86715	0.86787	0.868591	0.866958	0.865326	0.863734	0.862143	0.86453	0.866918	0.867564	0.868211	0.865938	0.863666	0.864245	0.864824	0.865507	0.866191	0.865888	0.865585	0.865414	0.865243	0.865223	0.865204	0.865458	0.865711	0.865961	0.866212	0.866467	0.866723	0.866901	0.867079	0.867205	0.86733	0.867403	0.867475	0.867512	0.867548	0.867546	
0.867602	0.867623	0.867577	0.867531	0.867494	0.867456	0.867301	0.867147	0.867016	0.866885	0.866551	0.866218	0.865963	0.865708	0.865258	0.864808	0.864595	0.864383	0.864344	0.864305	0.864428	0.864551	0.865182	0.865813	0.864404	0.862996	0.865017	0.867038	0.86771	0.868382	0.867633	0.866883	0.865877	0.864871	0.86605	0.867228	0.867259	0.867289	0.865529	0.86377	0.864323	0.864877	0.865521	0.866166	0.865846	0.865526	0.865357	0.865186	0.86518	0.865174	0.865436	0.865698	0.865969	0.866239	0.866491	0.866743	0.866937	0.867132	0.867246	0.86736	0.867449	0.867539	0.86756	0.867581	0.867602	
0.867658	0.867702	0.867637	0.867571	0.867563	0.867555	0.867376	0.867198	0.867095	0.866993	0.866627	0.86626	0.866024	0.865788	0.865303	0.864817	0.864624	0.864431	0.864388	0.864345	0.864469	0.864592	0.865149	0.865707	0.864355	0.863003	0.864965	0.866927	0.86755	0.868173	0.868307	0.868441	0.86802	0.867599	0.867569	0.867539	0.866953	0.866367	0.86512	0.863874	0.864402	0.864929	0.865535	0.866141	0.865805	0.865468	0.865299	0.86513	0.865137	0.865144	0.865414	0.865685	0.865976	0.866267	0.866515	0.866763	0.866974	0.867186	0.867287	0.867389	0.867496	0.867603	0.867608	0.867613	0.867658	
0.867797	0.867819	0.867778	0.867738	0.867707	0.867676	0.867529	0.867382	0.867251	0.867119	0.866784	0.866448	0.866172	0.865895	0.865425	0.864954	0.864727	0.864501	0.864465	0.864428	0.864615	0.864802	0.865306	0.86581	0.86495	0.86409	0.865543	0.866997	0.867277	0.867557	0.866689	0.865821	0.865979	0.866136	0.866532	0.866929	0.866379	0.86583	0.864909	0.863989	0.864571	0.865153	0.865652	0.866151	0.865799	0.865447	0.865312	0.865176	0.865213	0.865251	0.865551	0.865851	0.866141	0.866432	0.866694	0.866955	0.867147	0.867339	0.867451	0.867563	0.867648	0.867732	0.867754	0.867775	0.867797	
0.867936	0.867935	0.86792	0.867905	0.86785	0.867796	0.867681	0.867566	0.867406	0.867245	0.866941	0.866636	0.866319	0.866002	0.865546	0.86509	0.864831	0.864572	0.864541	0.86451	0.864761	0.865012	0.865462	0.865912	0.865544	0.865176	0.866121	0.867067	0.867004	0.866942	0.865072	0.863202	0.863937	0.864672	0.865495	0.866319	0.865805	0.865292	0.864698	0.864103	0.86474	0.865376	0.865768	0.86616	0.865793	0.865426	0.865324	0.865222	0.86529	0.865358	0.865688	0.866018	0.866307	0.866597	0.866872	0.867148	0.86732	0.867493	0.867615	0.867738	0.867799	0.867861	0.867899	0.867936	0.867936	
0.867986	0.868006	0.867976	0.867946	0.867921	0.867896	0.867768	0.867639	0.867511	0.867383	0.867061	0.866738	0.866437	0.866136	0.865644	0.865151	0.864863	0.864575	0.864496	0.864416	0.864657	0.864897	0.865481	0.866065	0.865806	0.865547	0.866229	0.86691	0.866343	0.865775	0.86287	0.859966	0.861644	0.863322	0.864264	0.865206	0.864905	0.864604	0.864504	0.864404	0.864986	0.865568	0.865819	0.86607	0.865678	0.865285	0.865229	0.865172	0.865283	0.865395	0.865739	0.866084	0.866387	0.866691	0.866951	0.867211	0.86739	0.86757	0.867673	0.867777	0.86785	0.867924	0.867944	0.867965	0.867986	
0.868035	0.868077	0.868032	0.867988	0.867992	0.867997	0.867855	0.867713	0.867617	0.867521	0.86718	0.86684	0.866556	0.866271	0.865741	0.865211	0.864895	0.864579	0.86445	0.864321	0.864552	0.864783	0.865501	0.866219	0.866068	0.865919	0.866336	0.866754	0.865681	0.864608	0.860669	0.85673	0.85935	0.861971	0.863032	0.864093	0.864005	0.863916	0.864311	0.864705	0.865233	0.86576	0.86587	0.86598	0.865562	0.865145	0.865133	0.865122	0.865277	0.865431	0.865791	0.866151	0.866468	0.866784	0.867029	0.867273	0.86746	0.867647	0.867731	0.867815	0.867901	0.867986	0.86799	0.867994	0.868035	
0.868148	0.868169	0.868149	0.868129	0.868118	0.868106	0.868	0.867894	0.867783	0.867671	0.867371	0.867071	0.866761	0.866452	0.865939	0.865426	0.865047	0.864669	0.864492	0.864315	0.864489	0.864664	0.865399	0.866133	0.866042	0.865952	0.866287	0.866622	0.865307	0.863991	0.860605	0.857218	0.859388	0.861558	0.862458	0.863357	0.863721	0.864086	0.864658	0.86523	0.865613	0.865996	0.865947	0.865898	0.86552	0.865142	0.865191	0.86524	0.865444	0.865647	0.866025	0.866402	0.866702	0.867001	0.867244	0.867486	0.867643	0.8678	0.867886	0.867973	0.868033	0.868092	0.86811	0.868127	0.868148	
0.868261	0.868261	0.868266	0.868271	0.868243	0.868216	0.868146	0.868075	0.867949	0.867822	0.867562	0.867303	0.866967	0.866632	0.866137	0.865641	0.8652	0.864758	0.864533	0.864308	0.864427	0.864546	0.865296	0.866047	0.866016	0.865985	0.866237	0.86649	0.864932	0.863375	0.860541	0.857707	0.859426	0.861145	0.861883	0.86262	0.863438	0.864255	0.865005	0.865756	0.865994	0.866233	0.866024	0.865815	0.865477	0.865138	0.865248	0.865358	0.865611	0.865864	0.866259	0.866654	0.866936	0.867217	0.867458	0.867699	0.867826	0.867952	0.868041	0.868131	0.868165	0.868198	0.868229	0.86826	0.868261	
0.868285	0.868304	0.868299	0.868294	0.868295	0.868297	0.868223	0.86815	0.868062	0.867974	0.867715	0.867456	0.867154	0.866853	0.866338	0.865824	0.865359	0.864894	0.864579	0.864263	0.86429	0.864316	0.865052	0.865788	0.865635	0.865482	0.866035	0.866588	0.864569	0.862551	0.860816	0.859082	0.860461	0.861839	0.862476	0.863113	0.863962	0.864811	0.865439	0.866067	0.866039	0.86601	0.865799	0.865588	0.86533	0.865073	0.865269	0.865465	0.865755	0.866046	0.86643	0.866813	0.867089	0.867365	0.867574	0.867783	0.867906	0.868028	0.868093	0.868158	0.868198	0.868239	0.868253	0.868267	0.868285	
0.86831	0.868347	0.868331	0.868316	0.868347	0.868378	0.868301	0.868225	0.868176	0.868127	0.867868	0.867609	0.867341	0.867074	0.86654	0.866006	0.865518	0.865031	0.864624	0.864218	0.864152	0.864086	0.864808	0.865529	0.865254	0.86498	0.865833	0.866687	0.864207	0.861726	0.861092	0.860457	0.861496	0.862534	0.86307	0.863605	0.864486	0.865366	0.865872	0.866378	0.866083	0.865788	0.865574	0.86536	0.865184	0.865008	0.86529	0.865573	0.8659	0.866228	0.8666	0.866973	0.867243	0.867512	0.867689	0.867867	0.867986	0.868105	0.868145	0.868184	0.868232	0.868279	0.868276	0.868273	0.86831	
0.868378	0.868398	0.868405	0.868413	0.868434	0.868455	0.868417	0.868378	0.868327	0.868276	0.868071	0.867866	0.867601	0.867337	0.866847	0.866357	0.86584	0.865322	0.864857	0.864392	0.864234	0.864076	0.864662	0.865248	0.865052	0.864856	0.865683	0.86651	0.864378	0.862247	0.861546	0.860845	0.862421	0.863998	0.864166	0.864334	0.865121	0.865907	0.866085	0.866263	0.865968	0.865672	0.865503	0.865333	0.865295	0.865257	0.865584	0.865911	0.866242	0.866573	0.866926	0.867279	0.867507	0.867736	0.867896	0.868056	0.868139	0.868222	0.868259	0.868297	0.868319	0.868342	0.86835	0.868358	0.868378	
