y	b	bdiff	u.x	u.y	u.z	Ri	
0.0976562	0.000742119	0	-4.11901e-05	-9.95238e-06	2.51169e-05	9208.01
1.68186	0.0127809	0	-0.000709385	-0.000171402	0.00043257	9208.01
3.26606	0.0248198	0	-0.00137758	-0.000332852	0.000840022	9208.01
4.85026	0.0368586	0	-0.00204577	-0.000494302	0.00124748	9208.01
6.43446	0.0488968	0	-0.00327764	-0.000589881	0.00162165	9111.41
8.01866	0.06093	0	-0.00878677	-0.000185616	0.00174329	8281.7
9.60286	0.0729632	0	-0.0142959	0.000218648	0.00186493	7452
11.1871	0.0849964	0	-0.019805	0.000622912	0.00198658	6622.29
12.7713	0.0971112	0	-0.0294879	-2.50634e-05	0.00219948	5891.91
14.3555	0.109264	0	-0.0371618	-8.36055e-05	0.00231906	5084.39
15.9397	0.121363	0	-0.0435927	0.000139682	0.00243023	4258.44
17.5239	0.133246	0	-0.0450092	0.00150001	0.0025075	3358.12
19.1081	0.145117	0	-0.0440616	0.00219587	0.00257421	2745.05
20.6923	0.157183	0	-0.0330564	0.0017175	0.00237747	3325.6
22.2765	0.1694	0	-0.0209461	0.00148016	0.00182375	3987.37
23.8607	0.181845	0	-0.00850878	0.00048699	0.000936509	4723.61
25.4449	0.194826	0	-0.00810985	-0.000268308	0.000375889	5473.89
27.0291	0.207895	0	0.00513967	-0.000722608	0.000633351	6194.99
28.6133	0.220997	0	0.0370209	-0.00181307	0.00177572	6902.65
30.1975	0.233238	0	0.0857225	-0.00341325	0.00200657	7586.78
31.7817	0.244646	0	0.139782	-0.00263382	0.000106367	8114.52
33.3659	0.255459	0	0.184491	-0.000571677	-0.000485176	8328.28
34.9501	0.266052	0	0.21102	-0.000237637	0.00120237	8522.92
36.5343	0.276406	0	0.218946	0.000302409	0.000665633	8683.21
38.1185	0.286641	0	0.207551	-0.00027804	0.00442504	8844.05
39.7027	0.296685	0	0.194181	-0.000583621	0.00775098	9003.57
41.2869	0.306985	0	0.159902	0.000382219	0.00529017	9181.21
42.8711	0.31797	0	0.121778	0.00125685	0.00618036	9388.22
44.4553	0.329657	0	0.0848729	0.000174608	0.00845806	9190.11
46.0395	0.341692	0	0.0526267	-0.00210014	0.00564055	8486.45
47.6237	0.354023	0	0.0302741	-0.0021012	0.0047077	7809.8
49.2079	0.366708	0	0.0206828	-0.000751539	0.00414914	7165.84
50.7921	0.379706	0	0.015178	0.0034384	0.00405364	6565.24
52.3763	0.392265	0	0.00425206	0.00298671	0.0026452	5919.71
53.9605	0.404808	0	-0.00495284	0.00255932	0.00138172	5291.84
55.5447	0.417301	0	-0.0135523	0.00143977	0.000252949	4684.12
57.1289	0.429537	0	-0.017875	0.000644849	-0.00021541	5974.54
58.7131	0.441647	0	-0.0184585	0.000129842	-0.000239589	8802.32
60.2973	0.453752	0	-0.01716	-0.0001426	-0.000227225	11798.1
61.8815	0.465837	0	-0.0143725	-6.05699e-05	-0.000197939	14945.8
63.4657	0.477892	0	-0.0107207	7.95107e-05	-0.00015625	18224.2
65.0499	0.48997	0	-0.00844134	-7.69238e-05	-0.000149673	21304
66.6341	0.502036	0	-0.00679871	-0.000178579	-0.000128632	24344
68.2183	0.514097	0	-0.00551892	-0.000249017	-9.93488e-05	27361.4
69.8025	0.52611	0	-0.00485574	-0.0002204	-5.12507e-05	28658.2
71.3867	0.5381	0	-0.00450404	-0.000141746	6.3517e-06	29085.9
72.9709	0.550038	0	-0.00381689	-7.61486e-05	4.59119e-05	29332.5
74.5551	0.561953	0	-0.00298028	-1.63682e-05	7.74335e-05	29498.4
76.1393	0.573849	0	-0.0018235	0.000292109	8.8175e-05	29432.4
77.7235	0.585792	0	-0.00112332	0.00041319	0.000126271	29659.3
79.3077	0.597735	0	-0.000423138	0.00053427	0.000164368	29886.2
80.8919	0.609677	0	0.000277041	0.000655351	0.000202464	30113.1
82.4761	0.621621	0	0.000427985	0.000548793	0.00019458	37620.8
84.0603	0.633566	0	0.000418532	0.000375757	0.000173267	47254.8
85.6445	0.64551	0	0.000409079	0.000202722	0.000151955	56888.8
87.2287	0.657455	0	0.000399627	2.96859e-05	0.000130642	66522.7
88.8129	0.669399	0	0.000390174	-0.00014335	0.00010933	76156.7
90.3971	0.681343	0	0.000380721	-0.000316386	8.80175e-05	85790.6
91.9813	0.693288	0	0.000371268	-0.000489421	6.6705e-05	95424.6
93.5655	0.705232	0	0.000361816	-0.000662457	4.53926e-05	105059
95.1497	0.717179	0	0.000360715	-0.00052973	4.2911e-05	106180
96.7339	0.729126	0	0.000360715	-0.000356709	4.2911e-05	106180
98.3181	0.741074	0	0.000360715	-0.000183687	4.2911e-05	106180
99.9023	0.753021	0	0.000360715	-1.06657e-05	4.2911e-05	106180
