x=200	y=75	z=200	n=65	len=1
b
0.565727	0.565707	0.565737	0.565768	0.565773	0.565779	0.565846	0.565914	0.565947	0.56598	0.566099	0.566219	0.566289	0.56636	0.566558	0.566755	0.566884	0.567013	0.567336	0.56766	0.567884	0.568109	0.568646	0.569182	0.569572	0.569962	0.570893	0.571823	0.57247	0.573117	0.574951	0.576785	0.575929	0.575072	0.576335	0.577598	0.576062	0.574526	0.573524	0.572521	0.571441	0.570361	0.569818	0.569274	0.568712	0.568149	0.56786	0.567571	0.567262	0.566952	0.566794	0.566636	0.566462	0.566288	0.566205	0.566121	0.566024	0.565927	0.56589	0.565854	0.565803	0.565751	0.56575	0.565748	0.565727	
0.565707	0.565688	0.565715	0.565743	0.565749	0.565755	0.565817	0.56588	0.565912	0.565944	0.566054	0.566164	0.56623	0.566296	0.566479	0.566661	0.566777	0.566894	0.567191	0.567488	0.567681	0.567875	0.568365	0.568856	0.569158	0.56946	0.570321	0.571182	0.571615	0.572049	0.573768	0.575486	0.574584	0.573681	0.574826	0.575971	0.574507	0.573043	0.572363	0.571682	0.570753	0.569824	0.569393	0.568962	0.568449	0.567937	0.567686	0.567436	0.567145	0.566853	0.566711	0.566569	0.566403	0.566237	0.56616	0.566084	0.56599	0.565897	0.565863	0.565829	0.565779	0.56573	0.565728	0.565726	0.565707	
0.565685	0.565666	0.565693	0.565721	0.565724	0.565727	0.565787	0.565847	0.565874	0.5659	0.566005	0.56611	0.566166	0.566223	0.566393	0.566563	0.566664	0.566765	0.567036	0.567308	0.567473	0.567639	0.568074	0.56851	0.568759	0.569008	0.569728	0.570448	0.570763	0.571077	0.572397	0.573717	0.573041	0.572366	0.57325	0.574134	0.572975	0.571816	0.571334	0.570852	0.570079	0.569307	0.568952	0.568597	0.568148	0.567698	0.567479	0.567259	0.566997	0.566735	0.566607	0.566479	0.566327	0.566175	0.566105	0.566035	0.565949	0.565862	0.565831	0.5658	0.565753	0.565706	0.565705	0.565705	0.565685	
0.565663	0.565644	0.565671	0.565698	0.565698	0.565699	0.565757	0.565815	0.565836	0.565857	0.565956	0.566055	0.566102	0.56615	0.566308	0.566466	0.566551	0.566635	0.566882	0.567128	0.567266	0.567403	0.567783	0.568163	0.56836	0.568556	0.569135	0.569715	0.56991	0.570104	0.571026	0.571947	0.571499	0.571051	0.571674	0.572298	0.571444	0.570589	0.570306	0.570022	0.569406	0.56879	0.568511	0.568233	0.567846	0.567459	0.567271	0.567083	0.56685	0.566617	0.566503	0.566389	0.566252	0.566114	0.566051	0.565987	0.565907	0.565827	0.565799	0.565771	0.565727	0.565683	0.565683	0.565683	0.565663	
0.565636	0.565618	0.565643	0.565668	0.565668	0.565668	0.565721	0.565775	0.565794	0.565813	0.565904	0.565994	0.566037	0.566079	0.566223	0.566367	0.566441	0.566514	0.566737	0.566959	0.567074	0.567188	0.567527	0.567867	0.568019	0.568171	0.568679	0.569186	0.569301	0.569417	0.570177	0.570937	0.570548	0.57016	0.570669	0.571177	0.570477	0.569777	0.569595	0.569412	0.568888	0.568364	0.568144	0.567924	0.567583	0.567241	0.567082	0.566924	0.566713	0.566502	0.566403	0.566304	0.566177	0.56605	0.565993	0.565937	0.565862	0.565787	0.565762	0.565737	0.565696	0.565654	0.565654	0.565655	0.565636	
0.565609	0.565592	0.565615	0.565637	0.565638	0.565638	0.565686	0.565735	0.565752	0.565769	0.565851	0.565933	0.565971	0.566009	0.566138	0.566267	0.56633	0.566394	0.566592	0.56679	0.566882	0.566974	0.567272	0.56757	0.567678	0.567787	0.568222	0.568657	0.568693	0.568729	0.569328	0.569927	0.569598	0.569268	0.569663	0.570057	0.569511	0.568965	0.568884	0.568803	0.56837	0.567938	0.567777	0.567616	0.567319	0.567022	0.566894	0.566766	0.566577	0.566387	0.566303	0.566218	0.566102	0.565985	0.565936	0.565886	0.565817	0.565748	0.565725	0.565703	0.565664	0.565626	0.565626	0.565626	0.565609	
0.565587	0.56557	0.565593	0.565615	0.565613	0.565611	0.565657	0.565704	0.565717	0.565729	0.565807	0.565885	0.565915	0.565945	0.566065	0.566185	0.566236	0.566287	0.566467	0.566646	0.566721	0.566795	0.567057	0.567319	0.567403	0.567486	0.567854	0.568222	0.56824	0.568258	0.568736	0.569214	0.568953	0.568692	0.569004	0.569316	0.568878	0.56844	0.568388	0.568336	0.567973	0.56761	0.567481	0.567352	0.567095	0.566838	0.566729	0.56662	0.566453	0.566286	0.566211	0.566137	0.566033	0.565928	0.565884	0.56584	0.565777	0.565713	0.565694	0.565674	0.565638	0.565602	0.565603	0.565605	0.565587	
0.565565	0.565548	0.56557	0.565593	0.565588	0.565584	0.565629	0.565673	0.565681	0.56569	0.565763	0.565836	0.565858	0.56588	0.565991	0.566102	0.566142	0.566181	0.566342	0.566503	0.56656	0.566616	0.566842	0.567068	0.567127	0.567186	0.567486	0.567787	0.567787	0.567788	0.568145	0.568501	0.568309	0.568116	0.568346	0.568576	0.568245	0.567914	0.567892	0.56787	0.567576	0.567282	0.567185	0.567087	0.566871	0.566654	0.566564	0.566474	0.566329	0.566184	0.56612	0.566056	0.565963	0.565871	0.565832	0.565793	0.565736	0.565679	0.565662	0.565645	0.565611	0.565578	0.56558	0.565583	0.565565	
0.565536	0.56552	0.56554	0.56556	0.565556	0.565552	0.565592	0.565633	0.565639	0.565646	0.565712	0.565778	0.565797	0.565816	0.565915	0.566014	0.566047	0.56608	0.566223	0.566366	0.566411	0.566456	0.566655	0.566854	0.566896	0.566939	0.567199	0.567458	0.567446	0.567435	0.567734	0.568034	0.567866	0.567698	0.567892	0.568085	0.567808	0.567531	0.567525	0.567519	0.567267	0.567016	0.566942	0.566867	0.566678	0.56649	0.566416	0.566342	0.566213	0.566084	0.56603	0.565975	0.565892	0.565809	0.565775	0.565742	0.56569	0.565638	0.565623	0.565608	0.565578	0.565547	0.56555	0.565552	0.565536	
0.565507	0.565492	0.56551	0.565528	0.565524	0.56552	0.565556	0.565592	0.565597	0.565603	0.565661	0.56572	0.565735	0.565751	0.565838	0.565926	0.565952	0.565978	0.566104	0.566229	0.566263	0.566297	0.566468	0.566639	0.566666	0.566692	0.566911	0.56713	0.567105	0.567081	0.567324	0.567566	0.567423	0.567281	0.567438	0.567595	0.567372	0.567148	0.567158	0.567168	0.566959	0.566751	0.566699	0.566647	0.566486	0.566325	0.566267	0.56621	0.566097	0.565985	0.56594	0.565895	0.565821	0.565747	0.565719	0.56569	0.565644	0.565597	0.565585	0.565572	0.565544	0.565517	0.565519	0.565521	0.565507	
0.565488	0.565474	0.565492	0.56551	0.565504	0.565498	0.565533	0.565568	0.56557	0.565571	0.565627	0.565683	0.565693	0.565702	0.565785	0.565868	0.565885	0.565903	0.566019	0.566134	0.566157	0.566181	0.566334	0.566487	0.566503	0.566519	0.566708	0.566897	0.566871	0.566845	0.567046	0.567247	0.567128	0.567008	0.567138	0.567268	0.567083	0.566897	0.566909	0.566921	0.566745	0.566568	0.566527	0.566485	0.566346	0.566207	0.566158	0.566109	0.566011	0.565912	0.565873	0.565834	0.565768	0.565703	0.565678	0.565653	0.565611	0.565569	0.565558	0.565548	0.565522	0.565496	0.5655	0.565503	0.565488	
0.56547	0.565455	0.565473	0.565492	0.565484	0.565475	0.56551	0.565544	0.565542	0.565539	0.565593	0.565647	0.56565	0.565653	0.565731	0.565809	0.565818	0.565828	0.565933	0.566039	0.566052	0.566065	0.5662	0.566336	0.566341	0.566346	0.566506	0.566665	0.566637	0.566608	0.566768	0.566928	0.566832	0.566735	0.566838	0.566942	0.566794	0.566646	0.566661	0.566675	0.56653	0.566385	0.566354	0.566323	0.566206	0.566089	0.566049	0.566009	0.565924	0.56584	0.565806	0.565773	0.565716	0.565658	0.565637	0.565616	0.565578	0.565541	0.565532	0.565524	0.5655	0.565476	0.56548	0.565485	0.56547	
0.565442	0.565428	0.565445	0.565461	0.565453	0.565445	0.565476	0.565507	0.565503	0.5655	0.565548	0.565596	0.565598	0.565599	0.565668	0.565737	0.565744	0.56575	0.565844	0.565937	0.565946	0.565956	0.566074	0.566193	0.566195	0.566197	0.566335	0.566473	0.566446	0.566419	0.566554	0.56669	0.566607	0.566523	0.566611	0.566699	0.566573	0.566447	0.566462	0.566477	0.566353	0.566228	0.566204	0.56618	0.566078	0.565977	0.565944	0.565911	0.565837	0.565763	0.565735	0.565707	0.565656	0.565606	0.565588	0.565569	0.565536	0.565504	0.565496	0.565489	0.565468	0.565447	0.565451	0.565455	0.565442	
0.565413	0.565401	0.565416	0.56543	0.565423	0.565415	0.565442	0.565469	0.565465	0.565461	0.565503	0.565545	0.565545	0.565545	0.565605	0.565666	0.565669	0.565673	0.565754	0.565836	0.565841	0.565846	0.565948	0.566051	0.566049	0.566048	0.566164	0.566281	0.566255	0.566229	0.566341	0.566452	0.566382	0.566311	0.566383	0.566455	0.566351	0.566247	0.566264	0.56628	0.566175	0.56607	0.566054	0.566038	0.565951	0.565864	0.565838	0.565813	0.565749	0.565686	0.565663	0.56564	0.565597	0.565553	0.565538	0.565523	0.565495	0.565466	0.56546	0.565454	0.565436	0.565418	0.565421	0.565425	0.565413	
0.565401	0.565388	0.565403	0.565419	0.565409	0.5654	0.565427	0.565455	0.565447	0.56544	0.565482	0.565524	0.565519	0.565513	0.565573	0.565633	0.56563	0.565627	0.565706	0.565786	0.565784	0.565782	0.565879	0.565976	0.565969	0.565962	0.566069	0.566176	0.566148	0.566121	0.56622	0.566319	0.566255	0.566191	0.566254	0.566317	0.566226	0.566135	0.566149	0.566164	0.566072	0.56598	0.565966	0.565951	0.565875	0.565799	0.565776	0.565754	0.565698	0.565642	0.565621	0.565601	0.565563	0.565525	0.565511	0.565498	0.565473	0.565447	0.565443	0.565438	0.565421	0.565403	0.565408	0.565413	0.565401	
0.565388	0.565375	0.565391	0.565407	0.565396	0.565384	0.565412	0.56544	0.565429	0.565418	0.56546	0.565503	0.565492	0.565482	0.565541	0.5656	0.565591	0.565581	0.565659	0.565736	0.565727	0.565718	0.56581	0.565902	0.565889	0.565876	0.565973	0.566071	0.566042	0.566013	0.566099	0.566185	0.566128	0.566071	0.566125	0.566178	0.5661	0.566022	0.566035	0.566048	0.565969	0.56589	0.565878	0.565865	0.5658	0.565735	0.565714	0.565694	0.565646	0.565598	0.56558	0.565562	0.565529	0.565496	0.565484	0.565473	0.565451	0.565428	0.565425	0.565421	0.565405	0.565389	0.565395	0.565401	0.565388	
0.565363	0.565352	0.565366	0.56538	0.565369	0.565358	0.565383	0.565408	0.565397	0.565386	0.565424	0.565462	0.565451	0.56544	0.565493	0.565546	0.565536	0.565527	0.565596	0.565665	0.565657	0.56565	0.565732	0.565814	0.565805	0.565796	0.565881	0.565967	0.565945	0.565923	0.565997	0.56607	0.566022	0.565975	0.566019	0.566063	0.565994	0.565924	0.565934	0.565944	0.565873	0.565802	0.565791	0.56578	0.565721	0.565662	0.565645	0.565627	0.565585	0.565542	0.565527	0.565512	0.565483	0.565454	0.565445	0.565435	0.565416	0.565397	0.565394	0.565392	0.565378	0.565364	0.565369	0.565375	0.565363	
0.565338	0.565328	0.565341	0.565353	0.565343	0.565333	0.565354	0.565376	0.565365	0.565354	0.565387	0.56542	0.565409	0.565398	0.565444	0.565491	0.565482	0.565473	0.565533	0.565593	0.565588	0.565582	0.565654	0.565725	0.56572	0.565716	0.565789	0.565863	0.565848	0.565834	0.565894	0.565955	0.565916	0.565878	0.565913	0.565948	0.565887	0.565826	0.565834	0.565841	0.565777	0.565713	0.565703	0.565694	0.565642	0.565589	0.565575	0.56556	0.565523	0.565486	0.565474	0.565461	0.565437	0.565413	0.565405	0.565397	0.565381	0.565366	0.565364	0.565362	0.56535	0.565339	0.565343	0.565348	0.565338	
0.565333	0.565322	0.565336	0.56535	0.565337	0.565325	0.565349	0.565373	0.565358	0.565343	0.565379	0.565415	0.565399	0.565383	0.565433	0.565484	0.565468	0.565453	0.565518	0.565583	0.565571	0.565558	0.565635	0.565712	0.565701	0.56569	0.565767	0.565843	0.565824	0.565804	0.565865	0.565925	0.565885	0.565845	0.565879	0.565913	0.565855	0.565796	0.565801	0.565806	0.565746	0.565686	0.565674	0.565662	0.565614	0.565566	0.56555	0.565534	0.565501	0.565468	0.565455	0.565442	0.565421	0.5654	0.565392	0.565385	0.565371	0.565357	0.565356	0.565354	0.565343	0.565332	0.565338	0.565344	0.565333	
0.565328	0.565316	0.565331	0.565347	0.565332	0.565317	0.565343	0.565369	0.565351	0.565333	0.565372	0.565411	0.565389	0.565368	0.565422	0.565476	0.565455	0.565433	0.565503	0.565573	0.565554	0.565535	0.565617	0.565698	0.565681	0.565664	0.565744	0.565824	0.565799	0.565774	0.565835	0.565895	0.565854	0.565812	0.565845	0.565877	0.565822	0.565767	0.565768	0.56577	0.565715	0.565659	0.565644	0.56563	0.565586	0.565543	0.565525	0.565508	0.565479	0.56545	0.565437	0.565423	0.565405	0.565387	0.56538	0.565373	0.56536	0.565348	0.565347	0.565347	0.565336	0.565326	0.565333	0.565339	0.565328	
0.565308	0.565298	0.565311	0.565325	0.565312	0.565298	0.565321	0.565344	0.565327	0.56531	0.565344	0.565379	0.565359	0.56534	0.565389	0.565438	0.565419	0.5654	0.565464	0.565529	0.565516	0.565502	0.565577	0.565652	0.565646	0.565639	0.565711	0.565782	0.565772	0.565761	0.565809	0.565858	0.565826	0.565795	0.565821	0.565847	0.565792	0.565738	0.565736	0.565735	0.565677	0.565619	0.565604	0.565589	0.565545	0.565501	0.565485	0.565468	0.565441	0.565413	0.565401	0.565389	0.565373	0.565357	0.565351	0.565345	0.565334	0.565324	0.565324	0.565324	0.565315	0.565306	0.565312	0.565319	0.565308	
0.565289	0.56528	0.565292	0.565304	0.565291	0.565279	0.565299	0.565319	0.565303	0.565286	0.565317	0.565348	0.565329	0.565311	0.565355	0.565399	0.565383	0.565367	0.565425	0.565484	0.565477	0.56547	0.565538	0.565606	0.565611	0.565615	0.565678	0.56574	0.565744	0.565747	0.565784	0.56582	0.565799	0.565777	0.565797	0.565816	0.565762	0.565708	0.565704	0.565701	0.56564	0.56558	0.565564	0.565549	0.565504	0.565459	0.565444	0.565429	0.565402	0.565376	0.565365	0.565355	0.565341	0.565327	0.565322	0.565317	0.565309	0.5653	0.565301	0.565301	0.565294	0.565286	0.565292	0.565298	0.565289	
0.565292	0.565281	0.565296	0.56531	0.565295	0.56528	0.565304	0.565328	0.565307	0.565287	0.565323	0.56536	0.565335	0.565311	0.565363	0.565416	0.565392	0.565369	0.565438	0.565508	0.565492	0.565476	0.565558	0.565639	0.565634	0.565629	0.565703	0.565777	0.565767	0.565757	0.565799	0.565842	0.565812	0.565783	0.565808	0.565833	0.565781	0.565729	0.565722	0.565715	0.565656	0.565597	0.565575	0.565553	0.565511	0.565468	0.565448	0.565428	0.565404	0.56538	0.565366	0.565353	0.565341	0.565329	0.565323	0.565317	0.565309	0.565302	0.565302	0.565303	0.565295	0.565288	0.565295	0.565302	0.565292	
0.565294	0.565283	0.565299	0.565316	0.565298	0.565281	0.565308	0.565336	0.565312	0.565287	0.565329	0.565371	0.565341	0.565311	0.565372	0.565432	0.565401	0.56537	0.565451	0.565532	0.565507	0.565483	0.565578	0.565673	0.565657	0.565642	0.565728	0.565813	0.56579	0.565766	0.565815	0.565864	0.565826	0.565788	0.565819	0.565849	0.565799	0.565749	0.565739	0.565728	0.565671	0.565614	0.565586	0.565558	0.565517	0.565477	0.565452	0.565427	0.565405	0.565384	0.565368	0.565351	0.565341	0.565331	0.565324	0.565316	0.56531	0.565304	0.565304	0.565305	0.565297	0.56529	0.565298	0.565306	0.565294	
0.565282	0.565272	0.565287	0.565302	0.565286	0.565269	0.565294	0.565319	0.565297	0.565274	0.565312	0.565351	0.565323	0.565296	0.565352	0.565407	0.565381	0.565355	0.565431	0.565506	0.565491	0.565476	0.565563	0.565651	0.565651	0.565652	0.565722	0.565792	0.565787	0.565782	0.565801	0.565821	0.565798	0.565775	0.56581	0.565846	0.565796	0.565746	0.565741	0.565736	0.565669	0.565602	0.565576	0.565551	0.565503	0.565456	0.565433	0.56541	0.565385	0.565361	0.565347	0.565333	0.565322	0.565312	0.565305	0.565299	0.565294	0.565288	0.565289	0.56529	0.565284	0.565277	0.565285	0.565292	0.565282	
0.565269	0.565261	0.565274	0.565287	0.565273	0.565258	0.56528	0.565302	0.565282	0.565261	0.565295	0.56533	0.565305	0.565281	0.565332	0.565383	0.565362	0.565341	0.56541	0.56548	0.565474	0.565469	0.565549	0.565628	0.565645	0.565662	0.565716	0.565771	0.565784	0.565797	0.565787	0.565778	0.56577	0.565761	0.565802	0.565843	0.565792	0.565742	0.565743	0.565743	0.565666	0.565589	0.565567	0.565544	0.565489	0.565434	0.565414	0.565393	0.565366	0.565338	0.565326	0.565314	0.565303	0.565292	0.565287	0.565282	0.565278	0.565273	0.565274	0.565275	0.56527	0.565265	0.565272	0.565278	0.565269	
0.565281	0.56527	0.565286	0.565303	0.565285	0.565268	0.565295	0.565323	0.565297	0.565272	0.565314	0.565357	0.565325	0.565293	0.565356	0.565419	0.565387	0.565356	0.565442	0.565528	0.565508	0.565489	0.565588	0.565686	0.565685	0.565684	0.565753	0.565821	0.565781	0.565741	0.56572	0.565698	0.565678	0.565657	0.565737	0.565817	0.565796	0.565775	0.565774	0.565773	0.565701	0.565629	0.565597	0.565565	0.565515	0.565464	0.565435	0.565407	0.565383	0.565359	0.565342	0.565325	0.565316	0.565308	0.5653	0.565293	0.565289	0.565285	0.565286	0.565286	0.565281	0.565275	0.565283	0.565291	0.565281	
0.565292	0.565279	0.565299	0.565319	0.565298	0.565277	0.56531	0.565343	0.565313	0.565282	0.565333	0.565384	0.565345	0.565306	0.565381	0.565455	0.565413	0.565371	0.565473	0.565575	0.565542	0.565509	0.565626	0.565744	0.565725	0.565706	0.565789	0.565872	0.565779	0.565686	0.565652	0.565619	0.565586	0.565554	0.565672	0.565791	0.565799	0.565807	0.565805	0.565802	0.565735	0.565668	0.565627	0.565586	0.56554	0.565494	0.565457	0.565421	0.5654	0.56538	0.565358	0.565336	0.56533	0.565323	0.565313	0.565304	0.5653	0.565297	0.565297	0.565298	0.565291	0.565285	0.565295	0.565304	0.565292	
0.565287	0.565277	0.565295	0.565312	0.565294	0.565275	0.565306	0.565336	0.565308	0.565281	0.565328	0.565374	0.565339	0.565303	0.565372	0.565442	0.565404	0.565366	0.565461	0.565556	0.565528	0.5655	0.565605	0.56571	0.565696	0.565682	0.565713	0.565744	0.565634	0.565525	0.565438	0.565352	0.565337	0.565322	0.56544	0.565558	0.565629	0.5657	0.565736	0.565772	0.565707	0.565642	0.565612	0.565583	0.565529	0.565476	0.565446	0.565416	0.565391	0.565366	0.565348	0.56533	0.565322	0.565313	0.565305	0.565298	0.565294	0.56529	0.565291	0.565292	0.565286	0.565281	0.56529	0.565298	0.565287	
0.565283	0.565274	0.56529	0.565306	0.56529	0.565274	0.565301	0.565328	0.565304	0.565279	0.565322	0.565364	0.565332	0.5653	0.565364	0.565428	0.565394	0.565361	0.565448	0.565536	0.565514	0.565491	0.565584	0.565676	0.565667	0.565658	0.565637	0.565616	0.56549	0.565363	0.565224	0.565085	0.565088	0.565091	0.565208	0.565325	0.565459	0.565593	0.565667	0.565742	0.565679	0.565616	0.565598	0.565579	0.565518	0.565457	0.565434	0.565412	0.565382	0.565352	0.565338	0.565324	0.565314	0.565303	0.565297	0.565292	0.565288	0.565284	0.565285	0.565286	0.565281	0.565277	0.565284	0.565292	0.565283	
0.565302	0.565291	0.565311	0.565331	0.565311	0.565292	0.565326	0.56536	0.565329	0.565299	0.565352	0.565405	0.565363	0.565322	0.565399	0.565476	0.565427	0.565378	0.565482	0.565586	0.56554	0.565495	0.565603	0.565711	0.565679	0.565646	0.5656	0.565553	0.565403	0.565254	0.565208	0.565163	0.565136	0.565109	0.565174	0.565239	0.565379	0.56552	0.565636	0.565753	0.565693	0.565633	0.56561	0.565586	0.565537	0.565488	0.565456	0.565425	0.565404	0.565382	0.565363	0.565343	0.565336	0.565329	0.565321	0.565312	0.565309	0.565305	0.565306	0.565306	0.565301	0.565295	0.565304	0.565314	0.565302	
0.565322	0.565308	0.565332	0.565356	0.565333	0.56531	0.56535	0.565391	0.565355	0.56532	0.565382	0.565445	0.565394	0.565343	0.565434	0.565525	0.56546	0.565395	0.565515	0.565636	0.565567	0.565499	0.565623	0.565746	0.56569	0.565634	0.565562	0.56549	0.565317	0.565144	0.565192	0.56524	0.565183	0.565126	0.565139	0.565153	0.5653	0.565447	0.565605	0.565763	0.565707	0.56565	0.565622	0.565594	0.565556	0.565518	0.565478	0.565439	0.565426	0.565413	0.565388	0.565362	0.565359	0.565356	0.565344	0.565332	0.56533	0.565327	0.565327	0.565327	0.56532	0.565313	0.565324	0.565335	0.565322	
0.565326	0.565315	0.565337	0.565359	0.565339	0.565319	0.565356	0.565394	0.565362	0.56533	0.565389	0.565447	0.565399	0.565352	0.565436	0.565519	0.565454	0.565389	0.565499	0.565608	0.565532	0.565455	0.565568	0.565681	0.565611	0.565541	0.565453	0.565366	0.565049	0.564733	0.564733	0.564733	0.564661	0.564589	0.56463	0.564672	0.56499	0.565307	0.565483	0.565659	0.565625	0.565591	0.565571	0.565551	0.565518	0.565486	0.565459	0.565432	0.565416	0.565401	0.565383	0.565366	0.56536	0.565354	0.565346	0.565337	0.565333	0.56533	0.56533	0.56533	0.565324	0.565318	0.565328	0.565338	0.565326	
0.565331	0.565321	0.565341	0.565361	0.565344	0.565327	0.565362	0.565397	0.565369	0.565341	0.565395	0.565449	0.565405	0.56536	0.565437	0.565514	0.565448	0.565382	0.565482	0.565581	0.565496	0.565411	0.565513	0.565615	0.565532	0.565448	0.565345	0.565242	0.564782	0.564321	0.564274	0.564226	0.564139	0.564051	0.564121	0.564191	0.564679	0.565168	0.565361	0.565555	0.565543	0.565531	0.565519	0.565508	0.565481	0.565454	0.565439	0.565424	0.565407	0.565389	0.565379	0.56537	0.565361	0.565352	0.565347	0.565342	0.565337	0.565332	0.565333	0.565334	0.565328	0.565323	0.565332	0.565341	0.565331	
0.565357	0.565345	0.565369	0.565394	0.565374	0.565353	0.565395	0.565437	0.565404	0.565371	0.565435	0.565499	0.565444	0.56539	0.565478	0.565567	0.565478	0.565389	0.565498	0.565608	0.565478	0.565348	0.565458	0.565568	0.565449	0.565329	0.565248	0.565166	0.564673	0.564179	0.563734	0.56329	0.563269	0.563249	0.56341	0.563572	0.564276	0.56498	0.565247	0.565513	0.56547	0.565427	0.565441	0.565454	0.565452	0.565449	0.565435	0.565421	0.565421	0.565421	0.565406	0.565392	0.56539	0.565387	0.565379	0.565371	0.565366	0.565362	0.565362	0.565362	0.565355	0.565348	0.565359	0.565369	0.565357	
0.565383	0.565369	0.565398	0.565427	0.565403	0.565379	0.565429	0.565478	0.565439	0.565401	0.565475	0.565549	0.565484	0.565419	0.565519	0.565619	0.565507	0.565396	0.565515	0.565635	0.56546	0.565286	0.565403	0.565521	0.565366	0.565211	0.565151	0.565091	0.564564	0.564092	0.5632	0.562514	0.562386	0.562424	0.562738	0.562953	0.563873	0.564793	0.565132	0.565471	0.565397	0.565323	0.565362	0.565401	0.565423	0.565444	0.565432	0.565419	0.565435	0.565452	0.565433	0.565415	0.565419	0.565422	0.565411	0.565399	0.565396	0.565392	0.565391	0.56539	0.565382	0.565373	0.565386	0.565398	0.565383	
0.565397	0.565385	0.565412	0.565439	0.565419	0.565399	0.565446	0.565493	0.56546	0.565426	0.565497	0.565567	0.565505	0.565443	0.565535	0.565626	0.565507	0.565388	0.565485	0.565582	0.56537	0.565157	0.565243	0.56533	0.565083	0.564836	0.564926	0.565016	0.564675	0.564255	0.563087	0.562207	0.561971	0.561646	0.562205	0.563356	0.564087	0.564819	0.564957	0.565095	0.565135	0.565175	0.565224	0.565272	0.565329	0.565386	0.565395	0.565405	0.565424	0.565444	0.565437	0.565431	0.565432	0.565432	0.565425	0.565417	0.565411	0.565406	0.565405	0.565404	0.565396	0.565387	0.565399	0.56541	0.565397	
0.565411	0.5654	0.565426	0.565451	0.565435	0.565419	0.565464	0.565509	0.56548	0.565452	0.565519	0.565585	0.565527	0.565468	0.565551	0.565633	0.565506	0.56538	0.565454	0.565529	0.565279	0.565028	0.565084	0.56514	0.5648	0.564461	0.564701	0.564941	0.564787	0.564786	0.563328	0.56201	0.561559	0.561153	0.562093	0.56361	0.564316	0.564845	0.564782	0.56472	0.564874	0.565028	0.565085	0.565143	0.565235	0.565328	0.565359	0.565391	0.565413	0.565436	0.565441	0.565447	0.565444	0.565442	0.565438	0.565435	0.565427	0.565419	0.565419	0.565419	0.56541	0.565401	0.565411	0.565422	0.565411	
0.565442	0.565429	0.565459	0.565488	0.56547	0.565452	0.565503	0.565555	0.565524	0.565492	0.565568	0.565644	0.565578	0.565511	0.565602	0.565693	0.565539	0.565385	0.565459	0.565533	0.565187	0.564842	0.564894	0.564945	0.564332	0.563719	0.563967	0.564214	0.565062	0.565921	0.564377	0.562424	0.561557	0.561491	0.562789	0.564085	0.564222	0.563869	0.564033	0.564198	0.564387	0.564575	0.564773	0.564971	0.565114	0.565257	0.565315	0.565372	0.56542	0.565468	0.565472	0.565477	0.565481	0.565486	0.565479	0.565472	0.565464	0.565456	0.565455	0.565453	0.565442	0.565432	0.565443	0.565455	0.565442	
0.565473	0.565458	0.565491	0.565525	0.565504	0.565484	0.565543	0.565601	0.565567	0.565532	0.565617	0.565702	0.565628	0.565555	0.565653	0.565752	0.565571	0.565391	0.565464	0.565536	0.565096	0.564656	0.564704	0.564751	0.563865	0.562978	0.563233	0.563488	0.565337	0.567247	0.566147	0.563595	0.562339	0.562495	0.56373	0.564452	0.563778	0.562893	0.563285	0.563676	0.563899	0.564123	0.564461	0.564798	0.564992	0.565187	0.56527	0.565353	0.565426	0.565499	0.565503	0.565507	0.565518	0.56553	0.565519	0.565509	0.565501	0.565493	0.56549	0.565487	0.565475	0.565462	0.565475	0.565488	0.565473	
0.565494	0.565481	0.565513	0.565546	0.56553	0.565515	0.565572	0.56563	0.565603	0.565576	0.565659	0.565743	0.565677	0.565611	0.565701	0.565792	0.56561	0.565429	0.565453	0.565478	0.565008	0.564537	0.564388	0.564238	0.563195	0.562153	0.561959	0.561765	0.564298	0.567401	0.567605	0.564932	0.565073	0.56606	0.565423	0.564786	0.563329	0.562023	0.56248	0.562936	0.563415	0.563894	0.564269	0.564645	0.564894	0.565143	0.565257	0.565372	0.565445	0.565517	0.565533	0.565549	0.565554	0.565559	0.565551	0.565543	0.565531	0.565519	0.565515	0.565512	0.565498	0.565484	0.565496	0.565507	0.565494	
0.565516	0.565505	0.565536	0.565567	0.565556	0.565545	0.565602	0.565659	0.565639	0.565619	0.565701	0.565784	0.565725	0.565667	0.565749	0.565832	0.565649	0.565467	0.565443	0.56542	0.564919	0.564418	0.564071	0.563724	0.562526	0.561327	0.560684	0.560042	0.56326	0.566375	0.567699	0.565473	0.567758	0.57034	0.567444	0.564892	0.562864	0.561153	0.561674	0.562196	0.562931	0.563666	0.564078	0.564491	0.564795	0.565099	0.565245	0.565391	0.565463	0.565535	0.565563	0.565592	0.56559	0.565587	0.565582	0.565577	0.565561	0.565544	0.56554	0.565536	0.565521	0.565507	0.565517	0.565527	0.565516	
0.565548	0.565534	0.565569	0.565604	0.565592	0.56558	0.565643	0.565706	0.565687	0.565668	0.565759	0.565851	0.565795	0.565738	0.565831	0.565923	0.565736	0.565548	0.565523	0.565498	0.564924	0.56435	0.563879	0.563408	0.56194	0.560471	0.560116	0.559762	0.562799	0.565258	0.566964	0.565296	0.56601	0.567048	0.565904	0.563918	0.562235	0.560374	0.560912	0.56145	0.56236	0.56327	0.563816	0.564361	0.564728	0.565095	0.565257	0.565419	0.56551	0.565601	0.565623	0.565645	0.565645	0.565646	0.565635	0.565624	0.565605	0.565587	0.56558	0.565574	0.565557	0.565539	0.56555	0.565561	0.565548	
0.56558	0.565564	0.565602	0.565641	0.565628	0.565615	0.565684	0.565754	0.565736	0.565717	0.565817	0.565918	0.565864	0.56581	0.565912	0.566014	0.565822	0.56563	0.565603	0.565575	0.564928	0.564281	0.563686	0.563091	0.561354	0.559616	0.559549	0.559481	0.562339	0.56396	0.566151	0.565025	0.562362	0.563375	0.563887	0.562393	0.561432	0.559595	0.560149	0.560704	0.561789	0.562874	0.563553	0.564231	0.564662	0.565092	0.56527	0.565447	0.565557	0.565667	0.565682	0.565697	0.565701	0.565705	0.565687	0.56567	0.56565	0.56563	0.565621	0.565612	0.565592	0.565572	0.565583	0.565595	0.56558	
0.565605	0.565592	0.565629	0.565666	0.565658	0.565651	0.565721	0.565791	0.565783	0.565775	0.565879	0.565982	0.565944	0.565906	0.566012	0.566119	0.56595	0.565781	0.565734	0.565688	0.565063	0.564437	0.563616	0.562796	0.561181	0.559567	0.559094	0.558621	0.560783	0.562144	0.563894	0.562534	0.560894	0.564553	0.564468	0.561693	0.560704	0.558865	0.559507	0.560148	0.561455	0.562762	0.563506	0.56425	0.56471	0.56517	0.565358	0.565545	0.565644	0.565743	0.565759	0.565775	0.565767	0.565758	0.565739	0.56572	0.565693	0.565665	0.565654	0.565643	0.565621	0.565599	0.565609	0.565619	0.565605	
0.565631	0.565619	0.565655	0.565691	0.565689	0.565688	0.565758	0.565829	0.565831	0.565833	0.56594	0.566046	0.566024	0.566001	0.566112	0.566223	0.566077	0.565931	0.565866	0.565801	0.565197	0.564593	0.563547	0.5625	0.561009	0.559518	0.558639	0.55776	0.559227	0.560694	0.559414	0.558156	0.55988	0.566109	0.56587	0.561778	0.560054	0.558135	0.558864	0.559593	0.561121	0.562649	0.563458	0.564268	0.564758	0.565249	0.565446	0.565644	0.565732	0.56582	0.565836	0.565853	0.565832	0.565812	0.565791	0.56577	0.565736	0.565701	0.565688	0.565675	0.565651	0.565626	0.565634	0.565642	0.565631	
0.565658	0.565644	0.565683	0.565722	0.56572	0.565718	0.565794	0.56587	0.565874	0.565879	0.565995	0.566112	0.5661	0.566089	0.566217	0.566346	0.566229	0.566112	0.566082	0.566053	0.565507	0.564961	0.563907	0.562853	0.561393	0.559932	0.558636	0.55734	0.557309	0.557277	0.555233	0.554485	0.557534	0.563448	0.56498	0.56185	0.559351	0.557229	0.558458	0.559687	0.561273	0.562859	0.563679	0.564499	0.564966	0.565433	0.565609	0.565785	0.565861	0.565938	0.565937	0.565937	0.565909	0.565882	0.565852	0.565822	0.565783	0.565744	0.565727	0.565711	0.565683	0.565656	0.565664	0.565672	0.565658	
0.565686	0.56567	0.565711	0.565753	0.56575	0.565748	0.565829	0.565911	0.565918	0.565925	0.566051	0.566177	0.566177	0.566176	0.566322	0.566468	0.56638	0.566292	0.566299	0.566305	0.565818	0.56533	0.564268	0.563207	0.561776	0.560345	0.558632	0.55692	0.55539	0.55386	0.551052	0.548244	0.555174	0.559559	0.561382	0.560461	0.55843	0.556324	0.558052	0.559781	0.561425	0.56307	0.5639	0.56473	0.565174	0.565618	0.565773	0.565927	0.565991	0.566056	0.566038	0.566021	0.565986	0.565952	0.565913	0.565874	0.56583	0.565787	0.565767	0.565747	0.565716	0.565685	0.565693	0.565702	0.565686	
0.565709	0.565695	0.565735	0.565775	0.565778	0.565781	0.565863	0.565945	0.565964	0.565982	0.566113	0.566244	0.566262	0.566281	0.566444	0.566607	0.566552	0.566496	0.566548	0.566601	0.566162	0.565723	0.564786	0.56385	0.562268	0.560685	0.559008	0.557331	0.555051	0.552772	0.549171	0.545571	0.551605	0.556272	0.558094	0.558366	0.557464	0.556109	0.557952	0.559794	0.561436	0.563079	0.564028	0.564977	0.565389	0.565801	0.565958	0.566114	0.566145	0.566176	0.566152	0.566128	0.566073	0.566019	0.565975	0.565932	0.565879	0.565825	0.565803	0.56578	0.565745	0.565711	0.565718	0.565724	0.565709	
0.565733	0.56572	0.565759	0.565798	0.565806	0.565815	0.565897	0.56598	0.566009	0.566038	0.566174	0.56631	0.566348	0.566386	0.566566	0.566747	0.566723	0.566699	0.566798	0.566897	0.566506	0.566115	0.565305	0.564494	0.56276	0.561026	0.559383	0.557741	0.554713	0.551684	0.547291	0.542897	0.548035	0.553173	0.555295	0.557417	0.556656	0.555896	0.557851	0.559807	0.561447	0.563088	0.564156	0.565224	0.565604	0.565984	0.566143	0.566301	0.566299	0.566296	0.566265	0.566235	0.566161	0.566086	0.566038	0.565989	0.565927	0.565864	0.565838	0.565812	0.565775	0.565738	0.565742	0.565746	0.565733	
0.565751	0.565735	0.565777	0.565818	0.565825	0.565832	0.565919	0.566005	0.566035	0.566065	0.566209	0.566353	0.566399	0.566445	0.566645	0.566844	0.566852	0.566859	0.56702	0.56718	0.566899	0.566619	0.566053	0.565488	0.563847	0.562207	0.560374	0.558541	0.555868	0.553195	0.550099	0.547002	0.550605	0.554208	0.555587	0.556967	0.556767	0.556567	0.558039	0.559511	0.561529	0.563547	0.56454	0.565533	0.565912	0.566291	0.566382	0.566473	0.566454	0.566435	0.566377	0.566319	0.566235	0.566151	0.566092	0.566033	0.565966	0.565898	0.565868	0.565839	0.565799	0.565758	0.565762	0.565767	0.565751	
0.565769	0.565751	0.565794	0.565838	0.565843	0.565849	0.56594	0.56603	0.566061	0.566092	0.566244	0.566395	0.56645	0.566505	0.566723	0.566942	0.566981	0.56702	0.567241	0.567462	0.567292	0.567123	0.566802	0.566482	0.564935	0.563387	0.561364	0.559341	0.557024	0.554707	0.552907	0.551108	0.553175	0.555243	0.55588	0.556516	0.556877	0.557238	0.558227	0.559215	0.561611	0.564006	0.564925	0.565843	0.56622	0.566597	0.566621	0.566644	0.566609	0.566574	0.566489	0.566403	0.566309	0.566216	0.566147	0.566077	0.566004	0.565931	0.565899	0.565866	0.565822	0.565779	0.565783	0.565787	0.565769	
0.565784	0.565767	0.565809	0.56585	0.56586	0.56587	0.56596	0.56605	0.566089	0.566129	0.566282	0.566436	0.566508	0.566579	0.56681	0.56704	0.56712	0.567199	0.567463	0.567727	0.567676	0.567625	0.567474	0.567322	0.566171	0.565021	0.563045	0.561069	0.560098	0.559128	0.556322	0.553516	0.555515	0.557514	0.558555	0.559597	0.559285	0.558973	0.559808	0.560643	0.562622	0.564602	0.565549	0.566497	0.56671	0.566923	0.566922	0.566921	0.566819	0.566716	0.566617	0.566519	0.566399	0.566279	0.566204	0.566129	0.566045	0.565962	0.565926	0.565891	0.565844	0.565797	0.565799	0.565801	0.565784	
0.5658	0.565784	0.565823	0.565863	0.565877	0.565892	0.56598	0.566069	0.566117	0.566166	0.566321	0.566477	0.566565	0.566654	0.566896	0.567139	0.567258	0.567378	0.567685	0.567992	0.56806	0.568128	0.568145	0.568161	0.567408	0.566655	0.564725	0.562796	0.563173	0.563549	0.559737	0.555924	0.557854	0.559785	0.561231	0.562678	0.561693	0.560707	0.561389	0.562071	0.563634	0.565197	0.566174	0.56715	0.567199	0.567248	0.567224	0.567199	0.567028	0.566857	0.566746	0.566635	0.566488	0.566342	0.566261	0.56618	0.566087	0.565993	0.565954	0.565916	0.565866	0.565816	0.565816	0.565816	0.5658	
0.565805	0.565787	0.565828	0.565869	0.565881	0.565893	0.565983	0.566074	0.56612	0.566166	0.566325	0.566484	0.566574	0.566664	0.566917	0.567171	0.567308	0.567445	0.567799	0.568154	0.568307	0.56846	0.568681	0.568902	0.568448	0.567993	0.56659	0.565186	0.565452	0.565717	0.561863	0.558009	0.559943	0.561877	0.562673	0.563469	0.562795	0.562121	0.562903	0.563686	0.565022	0.566359	0.56704	0.56772	0.567653	0.567586	0.567475	0.567364	0.567163	0.566963	0.566826	0.566689	0.566534	0.566379	0.56629	0.566201	0.566105	0.566008	0.565968	0.565927	0.565875	0.565823	0.565823	0.565823	0.565805	
0.565811	0.56579	0.565832	0.565874	0.565884	0.565894	0.565986	0.566078	0.566122	0.566166	0.566329	0.566491	0.566583	0.566674	0.566939	0.567203	0.567358	0.567513	0.567914	0.568315	0.568553	0.568791	0.569217	0.569642	0.569487	0.569332	0.568454	0.567576	0.56773	0.567885	0.56399	0.560095	0.562032	0.563969	0.564115	0.56426	0.563897	0.563534	0.564417	0.5653	0.56641	0.567521	0.567906	0.568291	0.568107	0.567924	0.567727	0.567529	0.567299	0.567068	0.566905	0.566743	0.566579	0.566416	0.566319	0.566223	0.566123	0.566024	0.565981	0.565938	0.565884	0.56583	0.56583	0.565831	0.565811	
0.565814	0.565794	0.565834	0.565873	0.565886	0.565898	0.565987	0.566077	0.566125	0.566174	0.566333	0.566493	0.566592	0.566691	0.566954	0.567218	0.567389	0.567559	0.567972	0.568386	0.568656	0.568926	0.569476	0.570026	0.570054	0.570083	0.569739	0.569395	0.569411	0.569428	0.566735	0.564041	0.564947	0.565852	0.566156	0.56646	0.566036	0.565613	0.566677	0.567742	0.568306	0.568869	0.568953	0.569036	0.568648	0.568261	0.568006	0.567751	0.56746	0.567169	0.566992	0.566816	0.566633	0.566449	0.566349	0.566249	0.566142	0.566036	0.565992	0.565947	0.565891	0.565836	0.565834	0.565833	0.565814	
0.565817	0.565798	0.565835	0.565873	0.565888	0.565902	0.565989	0.566075	0.566128	0.566182	0.566338	0.566494	0.566601	0.566707	0.56697	0.567233	0.567419	0.567605	0.568031	0.568456	0.568758	0.56906	0.569735	0.570409	0.570622	0.570834	0.571024	0.571213	0.571092	0.570971	0.56948	0.567988	0.567862	0.567736	0.568197	0.568659	0.568175	0.567692	0.568938	0.570184	0.570201	0.570218	0.57	0.569782	0.569189	0.568597	0.568285	0.567974	0.567621	0.567269	0.567079	0.56689	0.566686	0.566482	0.566378	0.566275	0.566162	0.566048	0.566002	0.565956	0.565899	0.565841	0.565838	0.565835	0.565817	
0.565809	0.565789	0.565827	0.565865	0.565876	0.565888	0.565974	0.56606	0.566109	0.566157	0.566312	0.566466	0.566567	0.566668	0.566928	0.567188	0.567371	0.567554	0.56798	0.568405	0.568722	0.569038	0.569735	0.570432	0.570839	0.571245	0.571661	0.572077	0.572783	0.573488	0.572845	0.572201	0.571175	0.570149	0.570619	0.57109	0.570764	0.570438	0.571084	0.571729	0.571281	0.570832	0.570382	0.569932	0.569298	0.568664	0.56832	0.567976	0.567621	0.567267	0.567071	0.566875	0.566674	0.566473	0.566368	0.566264	0.566152	0.56604	0.565995	0.565949	0.565892	0.565834	0.565832	0.565829	0.565809	
0.565802	0.56578	0.565818	0.565856	0.565865	0.565874	0.56596	0.566045	0.566089	0.566133	0.566286	0.566438	0.566534	0.566629	0.566886	0.567143	0.567323	0.567503	0.567929	0.568355	0.568685	0.569016	0.569736	0.570455	0.571055	0.571656	0.572299	0.572942	0.574473	0.576004	0.57621	0.576415	0.574488	0.572562	0.573041	0.57352	0.573353	0.573185	0.573229	0.573273	0.57236	0.571447	0.570765	0.570082	0.569406	0.56873	0.568354	0.567978	0.567622	0.567266	0.567063	0.56686	0.566662	0.566463	0.566358	0.566253	0.566143	0.566033	0.565987	0.565942	0.565885	0.565827	0.565825	0.565824	0.565802	
0.565792	0.565771	0.565807	0.565842	0.565852	0.565862	0.565943	0.566024	0.566069	0.566114	0.566259	0.566405	0.566499	0.566594	0.56684	0.567086	0.567261	0.567437	0.567848	0.568258	0.568575	0.568892	0.569593	0.570295	0.570873	0.571451	0.572321	0.573191	0.574329	0.575467	0.576381	0.577295	0.575823	0.574351	0.575213	0.576074	0.575503	0.574933	0.574409	0.573885	0.57272	0.571555	0.570845	0.570135	0.569432	0.56873	0.568357	0.567984	0.567617	0.567249	0.567051	0.566852	0.56665	0.566448	0.566346	0.566243	0.566132	0.566021	0.565977	0.565932	0.565875	0.565818	0.565815	0.565813	0.565792	
0.565782	0.565762	0.565795	0.565828	0.565839	0.56585	0.565927	0.566004	0.566049	0.566095	0.566233	0.566371	0.566465	0.566559	0.566794	0.567028	0.5672	0.567371	0.567766	0.568162	0.568465	0.568768	0.569451	0.570134	0.57069	0.571246	0.572343	0.573441	0.574185	0.57493	0.576553	0.578175	0.577158	0.57614	0.577384	0.578628	0.577654	0.57668	0.575588	0.574496	0.573079	0.571663	0.570925	0.570187	0.569458	0.568729	0.56836	0.56799	0.567611	0.567233	0.567039	0.566845	0.566639	0.566433	0.566334	0.566234	0.566122	0.56601	0.565966	0.565923	0.565866	0.565809	0.565805	0.565802	0.565782	
0.565765	0.565744	0.565777	0.56581	0.565818	0.565826	0.565901	0.565976	0.566016	0.566056	0.566189	0.566322	0.566407	0.566491	0.566715	0.566939	0.567095	0.567251	0.567624	0.567997	0.568276	0.568555	0.569189	0.569822	0.570339	0.570855	0.571904	0.572953	0.573755	0.574557	0.576343	0.578129	0.577216	0.576302	0.577615	0.578927	0.577636	0.576344	0.575136	0.573928	0.572605	0.571281	0.570584	0.569886	0.569216	0.568546	0.568197	0.567848	0.567495	0.567142	0.566958	0.566774	0.56658	0.566386	0.566291	0.566196	0.56609	0.565984	0.565942	0.565901	0.565846	0.565791	0.565788	0.565786	0.565765	
0.565748	0.565727	0.565759	0.565792	0.565797	0.565802	0.565875	0.565948	0.565982	0.566017	0.566145	0.566273	0.566348	0.566424	0.566637	0.566849	0.566991	0.567132	0.567482	0.567832	0.568087	0.568343	0.568926	0.569509	0.569987	0.570465	0.571465	0.572465	0.573325	0.574184	0.576133	0.578083	0.577274	0.576464	0.577845	0.579225	0.577617	0.576008	0.574685	0.573361	0.57213	0.570899	0.570242	0.569585	0.568974	0.568362	0.568034	0.567707	0.567379	0.56705	0.566876	0.566702	0.566521	0.566339	0.566249	0.566159	0.566058	0.565957	0.565918	0.565879	0.565826	0.565773	0.565771	0.565769	0.565748	
0.565727	0.565707	0.565737	0.565768	0.565773	0.565779	0.565846	0.565914	0.565947	0.56598	0.566099	0.566219	0.566289	0.56636	0.566558	0.566755	0.566884	0.567013	0.567336	0.56766	0.567884	0.568109	0.568646	0.569182	0.569572	0.569963	0.570893	0.571824	0.57247	0.573117	0.574951	0.576785	0.575929	0.575073	0.576335	0.577598	0.576062	0.574526	0.573524	0.572521	0.571441	0.570361	0.569818	0.569274	0.568712	0.568149	0.56786	0.567571	0.567262	0.566952	0.566794	0.566636	0.566462	0.566288	0.566205	0.566121	0.566024	0.565927	0.56589	0.565854	0.565803	0.565751	0.56575	0.565748	0.565727	
