x=110	y=200	z=200	n=65	len=1
b
0	0	0	0	0	0	0	0	0	0	0	0	0	0	0	0	0	0	0	0	0	0	0	0	0	0	0	0	0	0	0	0	0	0	0	0	0	0	0	0	0	0	0	0	0	0	0	0	0	0	0	0	0	0	0	0	0	0	0	0	0	0	0	0	0	
0.0237824	0.0237825	0.023779	0.0237756	0.02377	0.0237645	0.0237591	0.0237538	0.0237491	0.0237444	0.0237387	0.0237329	0.0237379	0.0237428	0.0237402	0.0237376	0.0237536	0.0237696	0.0237674	0.0237652	0.0237766	0.023788	0.0237742	0.0237604	0.0237605	0.0237606	0.023748	0.0237355	0.0237488	0.0237622	0.0237645	0.0237667	0.0237737	0.0237807	0.0237582	0.0237357	0.023746	0.0237564	0.0237451	0.0237338	0.0237439	0.0237539	0.0237591	0.0237643	0.0237537	0.023743	0.0237506	0.0237582	0.0237437	0.0237292	0.023736	0.0237427	0.0237428	0.0237429	0.0237469	0.023751	0.0237605	0.0237699	0.0237706	0.0237712	0.0237786	0.0237859	0.0237841	0.0237823	0.0237824	
0.0475336	0.0475333	0.0475274	0.0475214	0.0475111	0.0475008	0.0474919	0.047483	0.0474739	0.0474649	0.0474553	0.0474457	0.0474541	0.0474625	0.0474593	0.047456	0.0474862	0.0475163	0.0475154	0.0475146	0.0475381	0.0475617	0.0475382	0.0475147	0.0475139	0.0475132	0.0474858	0.0474584	0.0474829	0.0475075	0.0475126	0.0475176	0.047534	0.0475503	0.0475022	0.047454	0.0474772	0.0475005	0.0474801	0.0474598	0.0474798	0.0474999	0.0475085	0.0475171	0.0474952	0.0474733	0.0474853	0.0474973	0.0474705	0.0474436	0.0474545	0.0474653	0.0474665	0.0474678	0.047474	0.0474801	0.0474976	0.0475152	0.0475153	0.0475155	0.0475284	0.0475412	0.0475376	0.047534	0.0475336	
0.0712849	0.0712841	0.0712757	0.0712673	0.0712522	0.0712371	0.0712246	0.0712121	0.0711988	0.0711854	0.071172	0.0711585	0.0711704	0.0711822	0.0711783	0.0711745	0.0712187	0.071263	0.0712635	0.071264	0.0712997	0.0713354	0.0713022	0.0712689	0.0712673	0.0712658	0.0712235	0.0711812	0.071217	0.0712528	0.0712607	0.0712685	0.0712942	0.0713199	0.0712461	0.0711723	0.0712084	0.0712446	0.0712152	0.0711857	0.0712158	0.0712458	0.0712578	0.0712698	0.0712366	0.0712035	0.0712199	0.0712364	0.0711972	0.071158	0.071173	0.0711879	0.0711903	0.0711927	0.071201	0.0712093	0.0712348	0.0712604	0.0712601	0.0712599	0.0712782	0.0712964	0.071291	0.0712856	0.0712849	
0.0949513	0.0949499	0.0949405	0.0949311	0.0949148	0.0948986	0.0948855	0.0948724	0.0948582	0.0948439	0.0948291	0.0948144	0.094829	0.0948436	0.0948401	0.0948365	0.0948937	0.0949509	0.0949564	0.0949619	0.0950171	0.0950723	0.0950364	0.0950004	0.095003	0.0950056	0.0949401	0.0948746	0.0949162	0.0949578	0.0949688	0.0949799	0.0950176	0.0950553	0.0949576	0.09486	0.0949074	0.0949547	0.0949309	0.0949071	0.0949367	0.0949662	0.0949826	0.094999	0.0949469	0.0948949	0.0949117	0.0949285	0.0948796	0.0948308	0.094845	0.0948593	0.0948635	0.0948678	0.0948736	0.0948793	0.0949085	0.0949377	0.0949338	0.09493	0.0949494	0.0949688	0.0949607	0.0949527	0.0949513	
0.118618	0.118616	0.118605	0.118595	0.118577	0.11856	0.118546	0.118533	0.118518	0.118502	0.118486	0.11847	0.118488	0.118505	0.118502	0.118499	0.118569	0.118639	0.118649	0.11866	0.118735	0.118809	0.118771	0.118732	0.118739	0.118745	0.118657	0.118568	0.118615	0.118663	0.118677	0.118691	0.118741	0.118791	0.118669	0.118548	0.118606	0.118665	0.118647	0.118628	0.118658	0.118687	0.118707	0.118728	0.118657	0.118586	0.118603	0.118621	0.118562	0.118503	0.118517	0.118531	0.118537	0.118543	0.118546	0.118549	0.118582	0.118615	0.118608	0.1186	0.118621	0.118641	0.11863	0.11862	0.118618	
0.14216	0.142157	0.142148	0.142139	0.142125	0.14211	0.142101	0.142091	0.142079	0.142067	0.142054	0.142041	0.142058	0.142076	0.142075	0.142074	0.142148	0.142222	0.142244	0.142265	0.14236	0.142456	0.142432	0.142409	0.142427	0.142445	0.142332	0.142219	0.142256	0.142293	0.142301	0.14231	0.142376	0.142441	0.142307	0.142173	0.142246	0.14232	0.142319	0.142318	0.142335	0.142351	0.142367	0.142383	0.142293	0.142203	0.142212	0.142221	0.142162	0.142104	0.14211	0.142117	0.142126	0.142135	0.142131	0.142127	0.142156	0.142186	0.142172	0.142159	0.142174	0.14219	0.142176	0.142163	0.14216	
0.165702	0.165697	0.165691	0.165684	0.165672	0.16566	0.165655	0.16565	0.16564	0.165631	0.165621	0.165612	0.165629	0.165646	0.165648	0.16565	0.165728	0.165806	0.165838	0.165871	0.165986	0.166102	0.166094	0.166087	0.166115	0.166144	0.166007	0.16587	0.165896	0.165923	0.165926	0.165929	0.16601	0.166091	0.165945	0.165798	0.165887	0.165975	0.165991	0.166007	0.166012	0.166016	0.166027	0.166039	0.165929	0.16582	0.16582	0.165821	0.165763	0.165704	0.165704	0.165703	0.165715	0.165727	0.165716	0.165704	0.16573	0.165757	0.165737	0.165717	0.165728	0.165738	0.165722	0.165707	0.165702	
0.189113	0.189108	0.189105	0.189102	0.189096	0.189091	0.189093	0.189095	0.189094	0.189093	0.189089	0.189085	0.189102	0.18912	0.189121	0.189123	0.189195	0.189266	0.189305	0.189343	0.189473	0.189604	0.189626	0.189649	0.189707	0.189766	0.189619	0.189473	0.189473	0.189474	0.189445	0.189417	0.18951	0.189603	0.189484	0.189365	0.189463	0.189561	0.189599	0.189638	0.189606	0.189575	0.189573	0.189571	0.189448	0.189325	0.189315	0.189306	0.189257	0.189209	0.1892	0.18919	0.189202	0.189215	0.189193	0.189172	0.189188	0.189204	0.189177	0.18915	0.189152	0.189154	0.189136	0.189119	0.189113	
0.212524	0.212518	0.212519	0.21252	0.212521	0.212522	0.212531	0.212541	0.212548	0.212554	0.212556	0.212558	0.212575	0.212593	0.212595	0.212596	0.212661	0.212727	0.212771	0.212815	0.21296	0.213105	0.213158	0.213211	0.213299	0.213387	0.213232	0.213077	0.213051	0.213024	0.212965	0.212905	0.21301	0.213115	0.213024	0.212933	0.213039	0.213146	0.213207	0.213268	0.213201	0.213134	0.213119	0.213104	0.212967	0.21283	0.21281	0.21279	0.212752	0.212714	0.212696	0.212677	0.21269	0.212702	0.212671	0.21264	0.212646	0.212652	0.212618	0.212584	0.212577	0.21257	0.21255	0.212531	0.212524	
0.235836	0.235828	0.235835	0.235841	0.235847	0.235854	0.235872	0.235891	0.235906	0.235921	0.235931	0.235941	0.235959	0.235976	0.235976	0.235976	0.236021	0.236066	0.236102	0.236139	0.23627	0.2364	0.236488	0.236576	0.236703	0.236831	0.236718	0.236605	0.236548	0.23649	0.236363	0.236236	0.236343	0.236451	0.236436	0.23642	0.236528	0.236636	0.236688	0.23674	0.236627	0.236513	0.236476	0.236438	0.236316	0.236194	0.236169	0.236145	0.236127	0.23611	0.236085	0.236061	0.236069	0.236077	0.236039	0.236	0.235993	0.235985	0.235948	0.23591	0.235895	0.23588	0.235861	0.235843	0.235836	
0.259147	0.259139	0.25915	0.259162	0.259174	0.259186	0.259214	0.259241	0.259265	0.259288	0.259306	0.259324	0.259342	0.25936	0.259357	0.259355	0.25938	0.259404	0.259434	0.259463	0.259579	0.259696	0.259818	0.259941	0.260107	0.260274	0.260204	0.260134	0.260044	0.259955	0.259761	0.259567	0.259677	0.259787	0.259848	0.259908	0.260017	0.260126	0.26017	0.260213	0.260053	0.259892	0.259833	0.259773	0.259666	0.259558	0.259529	0.259499	0.259502	0.259505	0.259475	0.259445	0.259448	0.259451	0.259406	0.259361	0.25934	0.259319	0.259278	0.259237	0.259213	0.25919	0.259172	0.259155	0.259147	
0.282437	0.282429	0.282445	0.282461	0.282472	0.282484	0.282516	0.282549	0.282574	0.2826	0.282625	0.282649	0.282668	0.282687	0.282682	0.282676	0.28268	0.282685	0.282685	0.282685	0.282753	0.282822	0.282936	0.283051	0.283241	0.283431	0.283446	0.283462	0.28339	0.283319	0.283049	0.28278	0.282883	0.282985	0.283137	0.28329	0.283353	0.283416	0.28342	0.283423	0.283231	0.283038	0.282982	0.282925	0.282864	0.282802	0.282786	0.282769	0.282788	0.282807	0.282778	0.282749	0.282744	0.282738	0.282693	0.282647	0.28262	0.282594	0.282556	0.282518	0.282494	0.28247	0.282458	0.282445	0.282437	
0.305728	0.30572	0.30574	0.30576	0.30577	0.305781	0.305819	0.305857	0.305884	0.305912	0.305943	0.305974	0.305995	0.306015	0.306006	0.305997	0.305981	0.305965	0.305936	0.305907	0.305927	0.305948	0.306054	0.306161	0.306375	0.306588	0.306689	0.306789	0.306736	0.306682	0.306338	0.305994	0.306088	0.306183	0.306427	0.306672	0.306689	0.306705	0.30667	0.306634	0.306409	0.306184	0.306131	0.306078	0.306062	0.306045	0.306042	0.306039	0.306073	0.306108	0.30608	0.306053	0.306039	0.306025	0.30598	0.305934	0.305901	0.305868	0.305833	0.305798	0.305775	0.305751	0.305743	0.305735	0.305728	
0.329104	0.329096	0.329117	0.329139	0.329138	0.329137	0.329172	0.329207	0.329221	0.329235	0.329265	0.329296	0.329313	0.329329	0.32932	0.329311	0.329287	0.329263	0.329203	0.329142	0.329094	0.329045	0.329083	0.329122	0.329266	0.32941	0.329595	0.329781	0.329796	0.329811	0.329434	0.329058	0.329163	0.329268	0.329542	0.329816	0.329739	0.329663	0.329581	0.329499	0.32933	0.329161	0.329155	0.32915	0.329197	0.329244	0.329269	0.329293	0.329324	0.329356	0.32934	0.329323	0.329305	0.329287	0.329255	0.329223	0.329199	0.329176	0.329156	0.329136	0.329122	0.329109	0.329111	0.329113	0.329104	
0.352481	0.352472	0.352495	0.352519	0.352506	0.352493	0.352525	0.352557	0.352557	0.352558	0.352588	0.352618	0.35263	0.352643	0.352634	0.352624	0.352592	0.352561	0.352469	0.352378	0.35226	0.352142	0.352112	0.352082	0.352157	0.352232	0.352502	0.352772	0.352856	0.352939	0.35253	0.352122	0.352238	0.352354	0.352657	0.35296	0.35279	0.35262	0.352492	0.352363	0.352251	0.352138	0.35218	0.352222	0.352333	0.352444	0.352495	0.352546	0.352575	0.352605	0.352599	0.352593	0.352571	0.352549	0.35253	0.352511	0.352497	0.352484	0.352479	0.352474	0.35247	0.352466	0.352478	0.35249	0.352481	
0.37605	0.376039	0.37606	0.376081	0.376049	0.376018	0.376036	0.376055	0.376025	0.375996	0.376012	0.376028	0.376019	0.37601	0.376	0.37599	0.375964	0.375939	0.375843	0.375747	0.375617	0.375486	0.375351	0.375216	0.375138	0.375061	0.375275	0.375489	0.375622	0.375755	0.375365	0.374974	0.375092	0.37521	0.375503	0.375796	0.375538	0.37528	0.375228	0.375177	0.375203	0.375229	0.375362	0.375496	0.375608	0.37572	0.375791	0.375862	0.375876	0.375891	0.375903	0.375916	0.375913	0.375909	0.375917	0.375925	0.375938	0.375952	0.375971	0.37599	0.376002	0.376013	0.376037	0.376061	0.37605	
0.399619	0.399606	0.399625	0.399643	0.399593	0.399543	0.399548	0.399552	0.399494	0.399435	0.399437	0.399439	0.399408	0.399377	0.399366	0.399356	0.399336	0.399316	0.399217	0.399117	0.398973	0.39883	0.39859	0.39835	0.39812	0.397889	0.398047	0.398206	0.398389	0.398572	0.3982	0.397827	0.397947	0.398067	0.39835	0.398633	0.398286	0.397939	0.397964	0.39799	0.398155	0.39832	0.398545	0.39877	0.398883	0.398997	0.399087	0.399178	0.399178	0.399177	0.399208	0.399239	0.399254	0.399269	0.399304	0.399339	0.399379	0.39942	0.399463	0.399506	0.399533	0.39956	0.399596	0.399632	0.399619	
0.423418	0.4234	0.423414	0.423428	0.423366	0.423304	0.423289	0.423273	0.423191	0.423108	0.42308	0.423051	0.422986	0.42292	0.42289	0.42286	0.42283	0.4228	0.422723	0.422647	0.422555	0.422463	0.422229	0.421994	0.421668	0.421342	0.42133	0.421318	0.421355	0.421392	0.421195	0.420998	0.420956	0.420914	0.421119	0.421324	0.421156	0.420988	0.421171	0.421353	0.421601	0.421849	0.422093	0.422337	0.422386	0.422436	0.422534	0.422631	0.422639	0.422648	0.422713	0.422778	0.422827	0.422876	0.422949	0.423022	0.423082	0.423142	0.423212	0.423281	0.423312	0.423342	0.423389	0.423435	0.423418	
0.447217	0.447195	0.447203	0.447212	0.447139	0.447066	0.44703	0.446994	0.446887	0.446781	0.446722	0.446664	0.446563	0.446462	0.446414	0.446365	0.446324	0.446283	0.446229	0.446176	0.446136	0.446097	0.445867	0.445638	0.445217	0.444795	0.444612	0.444429	0.44432	0.444211	0.44419	0.444168	0.443965	0.443761	0.443888	0.444015	0.444026	0.444038	0.444377	0.444717	0.445047	0.445378	0.445641	0.445904	0.44589	0.445876	0.44598	0.446084	0.446101	0.446119	0.446218	0.446318	0.446401	0.446484	0.446595	0.446706	0.446786	0.446865	0.446961	0.447056	0.44709	0.447124	0.447182	0.447239	0.447217	
0.471166	0.471138	0.471144	0.47115	0.471087	0.471023	0.470977	0.470931	0.470834	0.470737	0.470653	0.47057	0.470457	0.470343	0.470257	0.47017	0.470088	0.470006	0.469947	0.469887	0.469861	0.469836	0.469731	0.469626	0.469417	0.469208	0.468883	0.468559	0.46823	0.467902	0.468219	0.468537	0.468056	0.467575	0.467576	0.467577	0.46789	0.468202	0.468658	0.469113	0.469215	0.469318	0.469475	0.469633	0.469624	0.469616	0.469729	0.469841	0.469912	0.469984	0.470118	0.470252	0.470346	0.47044	0.470576	0.470711	0.470771	0.470831	0.470938	0.471046	0.471059	0.471072	0.471133	0.471193	0.471166	
0.495114	0.495081	0.495085	0.495088	0.495035	0.494981	0.494924	0.494867	0.49478	0.494692	0.494584	0.494475	0.49435	0.494225	0.494099	0.493974	0.493852	0.49373	0.493664	0.493598	0.493586	0.493575	0.493594	0.493614	0.493618	0.493621	0.493154	0.492688	0.49214	0.491592	0.492248	0.492905	0.492147	0.491389	0.491264	0.491139	0.491753	0.492367	0.492938	0.493509	0.493383	0.493257	0.49331	0.493362	0.493359	0.493356	0.493477	0.493598	0.493723	0.493849	0.494017	0.494186	0.494291	0.494396	0.494557	0.494717	0.494757	0.494797	0.494916	0.495035	0.495027	0.495019	0.495083	0.495148	0.495114	
0.519017	0.51898	0.518989	0.518998	0.518972	0.518946	0.518903	0.518861	0.518828	0.518795	0.518699	0.518602	0.518542	0.518481	0.518339	0.518198	0.518114	0.518029	0.517894	0.517759	0.517722	0.517685	0.517639	0.517592	0.517656	0.517721	0.517615	0.51751	0.517085	0.516661	0.517227	0.517792	0.517273	0.516753	0.516563	0.516373	0.516808	0.517243	0.517407	0.51757	0.517464	0.517357	0.517452	0.517546	0.51761	0.517674	0.517838	0.518002	0.518089	0.518176	0.518354	0.518533	0.518557	0.518582	0.518731	0.518879	0.51885	0.518821	0.518926	0.519031	0.518985	0.518939	0.518997	0.519054	0.519017	
0.54292	0.542879	0.542893	0.542907	0.542909	0.54291	0.542882	0.542854	0.542876	0.542898	0.542814	0.542729	0.542733	0.542737	0.542579	0.542422	0.542375	0.542329	0.542124	0.54192	0.541858	0.541796	0.541683	0.54157	0.541695	0.541821	0.542076	0.542332	0.542031	0.54173	0.542205	0.542679	0.542398	0.542117	0.541862	0.541607	0.541863	0.542119	0.541875	0.541631	0.541544	0.541457	0.541594	0.541731	0.541861	0.541991	0.542198	0.542406	0.542455	0.542504	0.542692	0.542879	0.542823	0.542767	0.542905	0.543042	0.542944	0.542845	0.542936	0.543026	0.542943	0.542859	0.54291	0.542961	0.54292	
0.566589	0.566547	0.566575	0.566604	0.56662	0.566637	0.566651	0.566664	0.566728	0.566792	0.566779	0.566765	0.566855	0.566944	0.566877	0.56681	0.566898	0.566985	0.56684	0.566695	0.566776	0.566857	0.566656	0.566455	0.566629	0.566802	0.566825	0.566849	0.566978	0.567107	0.567616	0.568124	0.567903	0.567683	0.567233	0.566784	0.566782	0.56678	0.566649	0.566518	0.566537	0.566557	0.566695	0.566833	0.566838	0.566843	0.566977	0.567112	0.567009	0.566907	0.56701	0.567113	0.566955	0.566798	0.566872	0.566946	0.566797	0.566647	0.566702	0.566757	0.566653	0.56655	0.566591	0.566632	0.566589	
0.590259	0.590214	0.590257	0.5903	0.590332	0.590364	0.590419	0.590474	0.59058	0.590686	0.590744	0.590802	0.590976	0.591151	0.591175	0.591199	0.591421	0.591642	0.591556	0.591469	0.591694	0.591919	0.59163	0.59134	0.591562	0.591784	0.591575	0.591365	0.591925	0.592484	0.593026	0.593569	0.593409	0.593249	0.592605	0.59196	0.591701	0.591441	0.591423	0.591404	0.591531	0.591657	0.591796	0.591935	0.591815	0.591695	0.591756	0.591818	0.591564	0.59131	0.591328	0.591346	0.591088	0.590829	0.590839	0.590849	0.590649	0.590449	0.590468	0.590487	0.590364	0.590241	0.590272	0.590303	0.590259	
0.61366	0.613615	0.613673	0.613731	0.613745	0.613759	0.61385	0.613941	0.614022	0.614103	0.61423	0.614358	0.614521	0.614684	0.61484	0.614996	0.615266	0.615536	0.615688	0.615839	0.616248	0.616656	0.616744	0.616832	0.617465	0.618097	0.61766	0.617222	0.617923	0.618624	0.620037	0.621451	0.621252	0.621052	0.619629	0.618206	0.617695	0.617185	0.617495	0.617806	0.617399	0.616992	0.61683	0.616667	0.616288	0.615908	0.615781	0.615654	0.615319	0.614985	0.614903	0.614821	0.614563	0.614304	0.614264	0.614225	0.614047	0.613868	0.613866	0.613863	0.613756	0.613648	0.613677	0.613706	0.61366	
0.637062	0.637015	0.637088	0.637161	0.637157	0.637154	0.637281	0.637408	0.637464	0.637519	0.637717	0.637914	0.638066	0.638218	0.638506	0.638793	0.639111	0.639429	0.63982	0.640209	0.640801	0.641393	0.641858	0.642323	0.643367	0.644411	0.643744	0.643078	0.643921	0.644764	0.647049	0.649333	0.649094	0.648855	0.646653	0.644452	0.64369	0.642929	0.643568	0.644208	0.643267	0.642327	0.641863	0.641399	0.64076	0.640121	0.639805	0.63949	0.639075	0.638661	0.638479	0.638296	0.638037	0.637779	0.637689	0.6376	0.637444	0.637287	0.637263	0.637238	0.637147	0.637055	0.637082	0.637108	0.637062	
0.660339	0.660289	0.660369	0.660449	0.660413	0.660376	0.660512	0.660647	0.660634	0.66062	0.66083	0.66104	0.661077	0.661115	0.661429	0.661743	0.661895	0.662048	0.662509	0.662971	0.663359	0.663746	0.664441	0.665136	0.666239	0.667342	0.668254	0.669166	0.670866	0.672566	0.674468	0.67637	0.6758	0.67523	0.673477	0.671724	0.670371	0.669019	0.668139	0.66726	0.666052	0.664845	0.664242	0.663638	0.663155	0.662673	0.662345	0.662017	0.661751	0.661486	0.661311	0.661135	0.660984	0.660833	0.660751	0.660669	0.660578	0.660486	0.660468	0.66045	0.660386	0.660323	0.660355	0.660388	0.660339	
0.683616	0.683563	0.68365	0.683737	0.683668	0.683598	0.683742	0.683887	0.683803	0.68372	0.683943	0.684165	0.684088	0.684011	0.684352	0.684692	0.684679	0.684667	0.685199	0.685732	0.685916	0.686099	0.687024	0.687949	0.689111	0.690273	0.692763	0.695253	0.69781	0.700581	0.702876	0.703802	0.702568	0.701768	0.700446	0.699119	0.696429	0.695108	0.69271	0.690311	0.688837	0.687363	0.68662	0.685877	0.685551	0.685224	0.684884	0.684544	0.684428	0.684311	0.684143	0.683974	0.683931	0.683888	0.683813	0.683739	0.683712	0.683685	0.683673	0.683661	0.683626	0.683591	0.683629	0.683668	0.683616	
0.706926	0.706875	0.706952	0.707029	0.706956	0.706883	0.707	0.707116	0.707019	0.706922	0.707094	0.707265	0.707146	0.707027	0.707283	0.70754	0.707416	0.707292	0.70769	0.708088	0.70803	0.707971	0.708632	0.709293	0.709724	0.710154	0.71188	0.713606	0.71697	0.724439	0.726873	0.727383	0.725835	0.723927	0.723051	0.722125	0.718202	0.713384	0.711696	0.710009	0.70937	0.708732	0.708291	0.707851	0.707752	0.707653	0.707444	0.707235	0.707224	0.707213	0.707116	0.707018	0.70702	0.707022	0.706987	0.706953	0.706943	0.706933	0.706941	0.706949	0.70692	0.70689	0.706933	0.706976	0.706926	
0.730236	0.730187	0.730253	0.73032	0.730244	0.730168	0.730257	0.730346	0.730235	0.730124	0.730245	0.730366	0.730204	0.730042	0.730215	0.730387	0.730152	0.729917	0.730181	0.730445	0.730144	0.729843	0.73024	0.730637	0.730336	0.730036	0.730997	0.731959	0.736129	0.740658	0.741773	0.736617	0.740629	0.74117	0.744132	0.740642	0.736281	0.73166	0.730683	0.729706	0.729903	0.730101	0.729963	0.729825	0.729953	0.730081	0.730003	0.729926	0.730021	0.730115	0.730089	0.730063	0.730109	0.730155	0.730161	0.730166	0.730173	0.730181	0.730209	0.730237	0.730214	0.73019	0.730238	0.730285	0.730236	
0.753609	0.75357	0.75361	0.753649	0.753606	0.753563	0.753597	0.753632	0.753582	0.753533	0.75356	0.753586	0.753528	0.753469	0.753483	0.753497	0.753419	0.75334	0.753333	0.753326	0.75321	0.753094	0.753019	0.752943	0.752724	0.752505	0.752578	0.752651	0.75342	0.752698	0.754546	0.752381	0.754694	0.755501	0.756475	0.752483	0.751949	0.752831	0.752619	0.752408	0.752632	0.752856	0.753003	0.753151	0.753197	0.753244	0.753325	0.753406	0.753403	0.753401	0.753463	0.753525	0.753505	0.753485	0.753538	0.75359	0.753562	0.753534	0.753581	0.753628	0.753594	0.753561	0.753604	0.753647	0.753609	
0.776982	0.776954	0.776966	0.776979	0.776968	0.776958	0.776937	0.776917	0.776929	0.776942	0.776874	0.776807	0.776851	0.776895	0.776751	0.776607	0.776685	0.776763	0.776485	0.776207	0.776276	0.776345	0.775798	0.77525	0.775112	0.774974	0.774159	0.773343	0.770711	0.767745	0.768012	0.769282	0.769379	0.760176	0.763433	0.766829	0.770241	0.774002	0.774556	0.77511	0.775361	0.775611	0.776044	0.776476	0.776442	0.776408	0.776646	0.776885	0.776786	0.776687	0.776837	0.776988	0.776901	0.776815	0.776914	0.777014	0.77695	0.776887	0.776953	0.777019	0.776975	0.776931	0.77697	0.777009	0.776982	
0.800344	0.800339	0.80032	0.800302	0.800315	0.800328	0.800263	0.800198	0.800231	0.800265	0.800137	0.800009	0.800062	0.800116	0.799893	0.79967	0.799724	0.799778	0.799403	0.799028	0.799015	0.799002	0.798343	0.797684	0.797232	0.79678	0.795366	0.793952	0.792275	0.78864	0.787192	0.784688	0.779341	0.780708	0.786722	0.78946	0.792214	0.794732	0.795861	0.796991	0.797545	0.798098	0.798579	0.799059	0.799171	0.799282	0.799557	0.799832	0.799824	0.799816	0.799986	0.800157	0.800121	0.800085	0.800191	0.800296	0.800263	0.80023	0.800289	0.800349	0.800328	0.800308	0.800328	0.800349	0.800344	
0.823706	0.823724	0.823674	0.823625	0.823661	0.823698	0.823588	0.823478	0.823533	0.823588	0.8234	0.823211	0.823274	0.823336	0.823035	0.822734	0.822764	0.822793	0.822321	0.821849	0.821754	0.821659	0.820889	0.820118	0.819352	0.818586	0.816574	0.814562	0.813841	0.813209	0.812957	0.811615	0.809266	0.809239	0.812059	0.813723	0.815191	0.815462	0.817167	0.818872	0.819729	0.820585	0.821114	0.821642	0.8219	0.822157	0.822468	0.82278	0.822863	0.822945	0.823136	0.823326	0.823341	0.823355	0.823467	0.823579	0.823576	0.823573	0.823626	0.823679	0.823681	0.823684	0.823686	0.823688	0.823706	
0.847067	0.847108	0.847039	0.846971	0.847005	0.847039	0.846916	0.846794	0.846815	0.846836	0.846645	0.846455	0.846441	0.846428	0.846146	0.845864	0.845766	0.845669	0.845264	0.844859	0.84458	0.8443	0.843719	0.843139	0.842311	0.841483	0.840788	0.840093	0.839559	0.838982	0.838663	0.837556	0.836528	0.836547	0.837879	0.838986	0.839799	0.840417	0.841192	0.841968	0.842719	0.84347	0.843885	0.8443	0.844686	0.845072	0.845331	0.84559	0.845813	0.846036	0.846193	0.846349	0.846475	0.8466	0.846684	0.846768	0.846841	0.846914	0.846942	0.846969	0.847019	0.847069	0.847048	0.847027	0.847067	
0.870429	0.870492	0.870405	0.870318	0.870349	0.87038	0.870245	0.87011	0.870097	0.870083	0.869891	0.869699	0.869609	0.86952	0.869257	0.868995	0.86877	0.868544	0.868207	0.86787	0.867405	0.866941	0.86655	0.866159	0.865269	0.864379	0.865002	0.865624	0.865277	0.864929	0.86406	0.863192	0.863307	0.863423	0.86407	0.864716	0.865043	0.865371	0.865217	0.865063	0.865709	0.866354	0.866656	0.866959	0.867473	0.867987	0.868193	0.8684	0.868764	0.869127	0.86925	0.869373	0.869609	0.869844	0.8699	0.869956	0.870106	0.870255	0.870257	0.87026	0.870356	0.870453	0.87041	0.870366	0.870429	
0.89392	0.893992	0.893908	0.893824	0.893848	0.893872	0.893763	0.893655	0.893624	0.893593	0.893461	0.89333	0.893228	0.893126	0.892979	0.892831	0.892634	0.892437	0.8923	0.892164	0.891834	0.891504	0.891432	0.891359	0.890822	0.890284	0.890761	0.891239	0.890788	0.890337	0.889963	0.889589	0.890199	0.890809	0.890593	0.890377	0.890664	0.890951	0.891035	0.891118	0.891305	0.891491	0.891609	0.891727	0.892	0.892273	0.892328	0.892382	0.892663	0.892944	0.892968	0.892992	0.893226	0.893459	0.893455	0.89345	0.893624	0.893797	0.893763	0.89373	0.893849	0.893969	0.893908	0.893848	0.89392	
0.917411	0.917493	0.917411	0.917329	0.917346	0.917364	0.917282	0.9172	0.917152	0.917104	0.917032	0.916961	0.916847	0.916732	0.9167	0.916667	0.916498	0.916329	0.916394	0.916459	0.916263	0.916068	0.916314	0.91656	0.916374	0.916189	0.916521	0.916854	0.916299	0.915745	0.915865	0.915986	0.91709	0.918195	0.917117	0.916039	0.916285	0.916532	0.916853	0.917174	0.916901	0.916628	0.916562	0.916495	0.916528	0.91656	0.916462	0.916364	0.916562	0.91676	0.916686	0.916612	0.916843	0.917073	0.917009	0.916944	0.917141	0.917339	0.917269	0.9172	0.917342	0.917485	0.917407	0.91733	0.917411	
0.941133	0.941205	0.941142	0.941079	0.941101	0.941122	0.941085	0.941047	0.941023	0.941	0.940999	0.940999	0.940944	0.94089	0.940946	0.941002	0.940938	0.940875	0.941008	0.941141	0.941073	0.941006	0.941219	0.941431	0.941333	0.941235	0.941289	0.941343	0.941199	0.941056	0.94126	0.941464	0.942156	0.942847	0.942145	0.941443	0.941373	0.941303	0.941492	0.941681	0.941611	0.94154	0.941472	0.941404	0.941341	0.941277	0.941141	0.941005	0.941062	0.941119	0.940987	0.940856	0.940987	0.941118	0.941006	0.940894	0.941037	0.941181	0.941085	0.940988	0.941106	0.941223	0.941142	0.941061	0.941133	
0.964855	0.964918	0.964874	0.96483	0.964855	0.964881	0.964888	0.964894	0.964895	0.964895	0.964966	0.965037	0.965042	0.965048	0.965193	0.965337	0.965378	0.96542	0.965622	0.965824	0.965884	0.965944	0.966123	0.966303	0.966293	0.966282	0.966057	0.965832	0.9661	0.966367	0.966655	0.966943	0.967221	0.9675	0.967173	0.966847	0.966461	0.966075	0.966131	0.966188	0.96632	0.966453	0.966383	0.966313	0.966153	0.965993	0.96582	0.965647	0.965562	0.965478	0.965289	0.9651	0.965131	0.965163	0.965003	0.964843	0.964933	0.965023	0.9649	0.964777	0.964869	0.964962	0.964877	0.964792	0.964855	
0.988755	0.988798	0.988775	0.988751	0.988783	0.988815	0.988846	0.988878	0.988911	0.988943	0.989031	0.989119	0.989171	0.989224	0.989357	0.98949	0.989563	0.989635	0.989779	0.989924	0.989965	0.990007	0.990121	0.990235	0.990229	0.990222	0.990318	0.990414	0.990778	0.991143	0.991297	0.991452	0.991607	0.991762	0.991691	0.99162	0.991125	0.990631	0.990362	0.990093	0.990227	0.99036	0.990305	0.99025	0.990182	0.990114	0.989985	0.989856	0.989762	0.989667	0.989499	0.989332	0.989299	0.989267	0.989112	0.988956	0.988981	0.989006	0.988886	0.988766	0.988814	0.988861	0.988786	0.988711	0.988755	
1.01266	1.01268	1.01268	1.01267	1.01271	1.01275	1.01281	1.01286	1.01293	1.01299	1.0131	1.0132	1.0133	1.0134	1.01352	1.01364	1.01375	1.01385	1.01394	1.01402	1.01405	1.01407	1.01412	1.01417	1.01416	1.01416	1.01458	1.015	1.01546	1.01592	1.01594	1.01596	1.01599	1.01602	1.01621	1.01639	1.01579	1.01519	1.01459	1.014	1.01413	1.01427	1.01423	1.01419	1.01421	1.01424	1.01415	1.01407	1.01396	1.01386	1.01371	1.01356	1.01347	1.01337	1.01322	1.01307	1.01303	1.01299	1.01287	1.01276	1.01276	1.01276	1.0127	1.01263	1.01266	
1.03655	1.03656	1.03656	1.03657	1.0366	1.03664	1.03669	1.03674	1.03681	1.03688	1.03696	1.03704	1.03713	1.03721	1.0373	1.03738	1.03745	1.03751	1.0376	1.03768	1.03769	1.03771	1.03786	1.03802	1.03815	1.03828	1.0386	1.03893	1.03914	1.03936	1.03933	1.03931	1.03935	1.03938	1.03953	1.03967	1.03936	1.03906	1.03864	1.03822	1.03812	1.03803	1.0379	1.03777	1.0378	1.03782	1.03775	1.03767	1.03763	1.03758	1.03747	1.03736	1.03729	1.03721	1.03709	1.03698	1.03692	1.03687	1.03677	1.03668	1.03666	1.03664	1.03659	1.03654	1.03655	
1.06045	1.06044	1.06045	1.06046	1.0605	1.06053	1.06058	1.06063	1.06069	1.06076	1.06082	1.06088	1.06095	1.06103	1.06107	1.06112	1.06115	1.06118	1.06126	1.06133	1.06134	1.06135	1.06161	1.06187	1.06213	1.0624	1.06263	1.06286	1.06283	1.0628	1.06273	1.06266	1.0627	1.06274	1.06284	1.06295	1.06294	1.06293	1.06268	1.06244	1.06211	1.06179	1.06157	1.06135	1.06138	1.06141	1.06134	1.06128	1.06129	1.0613	1.06123	1.06116	1.06111	1.06105	1.06097	1.06088	1.06081	1.06075	1.06068	1.06061	1.06056	1.06052	1.06048	1.06045	1.06045	
1.08418	1.08416	1.08417	1.08419	1.08421	1.08423	1.08426	1.08429	1.08434	1.08438	1.08441	1.08444	1.08449	1.08453	1.08456	1.0846	1.08461	1.08462	1.08472	1.08482	1.08486	1.0849	1.08515	1.0854	1.08559	1.08577	1.0858	1.08583	1.08568	1.08553	1.08559	1.08565	1.08562	1.08559	1.08563	1.08567	1.08581	1.08594	1.08585	1.08576	1.08552	1.08527	1.08508	1.08488	1.08483	1.08479	1.08473	1.08467	1.08468	1.08469	1.08466	1.08462	1.0846	1.08457	1.08453	1.08448	1.08443	1.08439	1.08434	1.0843	1.08426	1.08422	1.08421	1.08419	1.08418	
1.10791	1.10789	1.1079	1.10791	1.10792	1.10793	1.10794	1.10795	1.10798	1.108	1.10801	1.10801	1.10802	1.10803	1.10805	1.10807	1.10807	1.10806	1.10819	1.10831	1.10838	1.10845	1.10869	1.10893	1.10904	1.10915	1.10898	1.10881	1.10854	1.10827	1.10845	1.10864	1.10854	1.10845	1.10842	1.10839	1.10867	1.10896	1.10902	1.10908	1.10892	1.10876	1.10858	1.1084	1.10829	1.10817	1.10812	1.10806	1.10807	1.10809	1.10808	1.10808	1.10809	1.1081	1.10809	1.10808	1.10805	1.10803	1.10801	1.108	1.10797	1.10793	1.10793	1.10792	1.10791	
1.13142	1.13141	1.13141	1.13141	1.13141	1.13141	1.13141	1.13141	1.13141	1.13142	1.13141	1.1314	1.13139	1.13138	1.13141	1.13144	1.13143	1.13143	1.13155	1.13167	1.13173	1.13178	1.13191	1.13204	1.13203	1.13202	1.13179	1.13156	1.13137	1.13119	1.13146	1.13173	1.13161	1.1315	1.13138	1.13127	1.13149	1.13171	1.13183	1.13194	1.13193	1.13191	1.13181	1.13171	1.13159	1.13148	1.13144	1.13139	1.13138	1.13137	1.13138	1.13139	1.1314	1.13142	1.13144	1.13145	1.13145	1.13144	1.13145	1.13146	1.13144	1.13142	1.13143	1.13143	1.13142	
1.15493	1.15492	1.15492	1.15492	1.15491	1.1549	1.15488	1.15487	1.15485	1.15483	1.15481	1.1548	1.15477	1.15474	1.15477	1.15481	1.1548	1.15479	1.15491	1.15503	1.15508	1.15512	1.15514	1.15515	1.15502	1.1549	1.1546	1.15431	1.15421	1.1541	1.15447	1.15483	1.15469	1.15454	1.15435	1.15415	1.15431	1.15447	1.15464	1.15481	1.15494	1.15507	1.15504	1.15501	1.1549	1.15479	1.15476	1.15472	1.15468	1.15465	1.15467	1.1547	1.15472	1.15474	1.15478	1.15482	1.15484	1.15486	1.15489	1.15492	1.15491	1.15491	1.15493	1.15494	1.15493	
1.17828	1.17828	1.17827	1.17827	1.17826	1.17824	1.17823	1.17821	1.17818	1.17815	1.17814	1.17813	1.1781	1.17806	1.1781	1.17814	1.17813	1.17811	1.17819	1.17827	1.17827	1.17826	1.1782	1.17813	1.17797	1.17781	1.17761	1.1774	1.17739	1.17738	1.17773	1.17809	1.17796	1.17783	1.17761	1.17738	1.17747	1.17755	1.17765	1.17775	1.17794	1.17814	1.17814	1.17814	1.1781	1.17807	1.17804	1.17802	1.17798	1.17795	1.17797	1.178	1.17801	1.17802	1.17807	1.17811	1.17814	1.17816	1.1782	1.17823	1.17824	1.17825	1.17827	1.17829	1.17828	
1.20163	1.20163	1.20163	1.20162	1.20161	1.20159	1.20157	1.20155	1.20152	1.20148	1.20147	1.20147	1.20143	1.20139	1.20143	1.20147	1.20145	1.20143	1.20147	1.20151	1.20146	1.20141	1.20126	1.20111	1.20092	1.20072	1.20061	1.20049	1.20058	1.20066	1.201	1.20134	1.20123	1.20112	1.20087	1.20061	1.20062	1.20063	1.20066	1.20069	1.20095	1.2012	1.20124	1.20127	1.20131	1.20134	1.20133	1.20132	1.20128	1.20124	1.20127	1.2013	1.2013	1.2013	1.20135	1.20141	1.20143	1.20146	1.2015	1.20155	1.20157	1.20159	1.20161	1.20163	1.20163	
1.22493	1.22493	1.22493	1.22492	1.22491	1.2249	1.22488	1.22487	1.22484	1.22481	1.22481	1.22481	1.22478	1.22474	1.22477	1.2248	1.22477	1.22474	1.22474	1.22473	1.22466	1.22458	1.22442	1.22426	1.22411	1.22396	1.22394	1.22391	1.22403	1.22414	1.22438	1.22462	1.22454	1.22446	1.22427	1.22408	1.22405	1.22402	1.22399	1.22396	1.22419	1.22442	1.22444	1.22446	1.22456	1.22465	1.22464	1.22463	1.22462	1.22461	1.22462	1.22463	1.22463	1.22463	1.22467	1.22472	1.22474	1.22476	1.2248	1.22484	1.22486	1.22488	1.2249	1.22492	1.22493	
1.24822	1.24823	1.24823	1.24822	1.24822	1.24821	1.2482	1.24819	1.24816	1.24814	1.24815	1.24815	1.24812	1.24809	1.24811	1.24813	1.24809	1.24805	1.248	1.24796	1.24785	1.24775	1.24758	1.24741	1.24731	1.2472	1.24727	1.24734	1.24748	1.24763	1.24776	1.2479	1.24785	1.24779	1.24767	1.24755	1.24748	1.24742	1.24732	1.24722	1.24742	1.24763	1.24764	1.24765	1.24781	1.24796	1.24795	1.24793	1.24795	1.24797	1.24797	1.24797	1.24797	1.24796	1.248	1.24803	1.24804	1.24805	1.24809	1.24813	1.24815	1.24817	1.24819	1.24821	1.24822	
1.27155	1.27156	1.27156	1.27157	1.27157	1.27156	1.27156	1.27156	1.27155	1.27153	1.27154	1.27155	1.27152	1.2715	1.2715	1.27151	1.27146	1.27141	1.27135	1.27129	1.27119	1.27109	1.27096	1.27083	1.27077	1.27071	1.27082	1.27093	1.27105	1.27117	1.27123	1.27129	1.27125	1.27121	1.27116	1.27112	1.27105	1.27098	1.27086	1.27075	1.2709	1.27105	1.27104	1.27102	1.27119	1.27137	1.27134	1.27131	1.27136	1.27141	1.2714	1.27139	1.27139	1.27139	1.2714	1.27142	1.27142	1.27143	1.27145	1.27148	1.27149	1.27151	1.27152	1.27154	1.27155	
1.29489	1.2949	1.2949	1.29491	1.29491	1.29492	1.29493	1.29493	1.29493	1.29492	1.29494	1.29495	1.29493	1.2949	1.2949	1.29489	1.29484	1.29478	1.2947	1.29461	1.29452	1.29442	1.29433	1.29424	1.29423	1.29422	1.29438	1.29453	1.29462	1.29471	1.2947	1.29468	1.29465	1.29463	1.29466	1.29469	1.29462	1.29455	1.29441	1.29427	1.29438	1.29448	1.29443	1.29439	1.29458	1.29477	1.29473	1.29469	1.29478	1.29486	1.29483	1.2948	1.2948	1.29481	1.29481	1.29481	1.2948	1.2948	1.29482	1.29483	1.29484	1.29485	1.29486	1.29487	1.29489	
1.31832	1.31834	1.31834	1.31835	1.31836	1.31837	1.31839	1.3184	1.3184	1.3184	1.31841	1.31843	1.31841	1.31839	1.31838	1.31836	1.31831	1.31825	1.31817	1.3181	1.31802	1.31794	1.31789	1.31784	1.31786	1.31788	1.31802	1.31816	1.31823	1.31829	1.31824	1.31819	1.31818	1.31816	1.31822	1.31829	1.31823	1.31816	1.31805	1.31794	1.318	1.31806	1.318	1.31794	1.31811	1.31829	1.31824	1.31819	1.31829	1.31839	1.31834	1.3183	1.31831	1.31833	1.31831	1.3183	1.31829	1.31828	1.31829	1.31829	1.31829	1.31829	1.3183	1.31831	1.31832	
1.34176	1.34177	1.34178	1.34179	1.34181	1.34183	1.34184	1.34186	1.34187	1.34188	1.34189	1.34191	1.34189	1.34187	1.34185	1.34183	1.34178	1.34172	1.34165	1.34158	1.34152	1.34146	1.34145	1.34144	1.34148	1.34153	1.34166	1.3418	1.34183	1.34186	1.34179	1.34171	1.3417	1.34169	1.34179	1.3419	1.34184	1.34178	1.34169	1.3416	1.34162	1.34163	1.34156	1.34149	1.34165	1.34181	1.34174	1.34168	1.3418	1.34191	1.34186	1.3418	1.34182	1.34185	1.34182	1.34179	1.34177	1.34176	1.34176	1.34175	1.34174	1.34174	1.34174	1.34175	1.34176	
1.36532	1.36533	1.36534	1.36535	1.36537	1.36539	1.36541	1.36543	1.36544	1.36545	1.36547	1.36548	1.36546	1.36545	1.36543	1.36541	1.36536	1.36531	1.36525	1.36519	1.36515	1.36511	1.36512	1.36514	1.36519	1.36524	1.36534	1.36545	1.36547	1.36548	1.36541	1.36535	1.36533	1.36532	1.36543	1.36553	1.36548	1.36543	1.36537	1.36531	1.3653	1.3653	1.36522	1.36515	1.36528	1.36542	1.36535	1.36528	1.3654	1.36551	1.36545	1.36539	1.36542	1.36545	1.36542	1.36538	1.36536	1.36535	1.36534	1.36533	1.36532	1.36531	1.36531	1.36531	1.36532	
1.38889	1.38889	1.38891	1.38892	1.38894	1.38896	1.38898	1.389	1.38901	1.38903	1.38904	1.38905	1.38904	1.38903	1.389	1.38898	1.38894	1.38889	1.38885	1.38881	1.38879	1.38877	1.3888	1.38884	1.38889	1.38894	1.38902	1.38911	1.3891	1.3891	1.38904	1.38898	1.38897	1.38896	1.38906	1.38916	1.38912	1.38908	1.38905	1.38902	1.38899	1.38896	1.38889	1.38882	1.38892	1.38903	1.38896	1.38889	1.389	1.38911	1.38905	1.38899	1.38902	1.38906	1.38901	1.38897	1.38896	1.38894	1.38892	1.38891	1.38889	1.38888	1.38888	1.38888	1.38889	
1.41256	1.41257	1.41258	1.41259	1.41261	1.41262	1.41264	1.41266	1.41267	1.41269	1.4127	1.4127	1.41269	1.41268	1.41267	1.41265	1.41261	1.41258	1.41255	1.41252	1.41251	1.41249	1.41253	1.41257	1.41261	1.41265	1.41272	1.41278	1.41277	1.41276	1.41271	1.41267	1.41266	1.41265	1.41274	1.41282	1.41279	1.41275	1.41274	1.41272	1.41269	1.41266	1.4126	1.41255	1.41262	1.4127	1.41264	1.41258	1.41268	1.41277	1.41271	1.41266	1.41269	1.41272	1.41268	1.41264	1.41263	1.41262	1.4126	1.41258	1.41257	1.41256	1.41256	1.41256	1.41256	
1.43624	1.43624	1.43625	1.43626	1.43627	1.43629	1.4363	1.43632	1.43633	1.43634	1.43635	1.43636	1.43635	1.43634	1.43633	1.43631	1.43629	1.43626	1.43624	1.43623	1.43622	1.43622	1.43626	1.4363	1.43633	1.43637	1.43641	1.43645	1.43644	1.43642	1.43639	1.43636	1.43635	1.43635	1.43641	1.43648	1.43645	1.43642	1.43643	1.43643	1.4364	1.43636	1.43632	1.43627	1.43632	1.43637	1.43632	1.43627	1.43635	1.43643	1.43638	1.43633	1.43636	1.43639	1.43635	1.43631	1.4363	1.4363	1.43628	1.43626	1.43625	1.43624	1.43623	1.43623	1.43624	
1.45999	1.45999	1.45999	1.46	1.46001	1.46002	1.46003	1.46004	1.46005	1.46006	1.46007	1.46007	1.46006	1.46006	1.46005	1.46004	1.46002	1.46001	1.45999	1.45998	1.45998	1.45998	1.46001	1.46004	1.46006	1.46008	1.46011	1.46014	1.46013	1.46012	1.4601	1.46008	1.46007	1.46007	1.46011	1.46015	1.46014	1.46012	1.46012	1.46013	1.4601	1.46008	1.46005	1.46002	1.46005	1.46008	1.46005	1.46001	1.46007	1.46012	1.46008	1.46005	1.46007	1.46009	1.46007	1.46004	1.46003	1.46003	1.46002	1.46	1.46	1.45999	1.45999	1.45998	1.45999	
1.48374	1.48374	1.48374	1.48374	1.48375	1.48376	1.48376	1.48377	1.48377	1.48378	1.48378	1.48378	1.48378	1.48378	1.48377	1.48377	1.48376	1.48375	1.48375	1.48374	1.48374	1.48374	1.48376	1.48378	1.48379	1.4838	1.48381	1.48382	1.48382	1.48381	1.4838	1.48379	1.48379	1.48379	1.48381	1.48383	1.48382	1.48381	1.48382	1.48382	1.48381	1.48379	1.48378	1.48376	1.48378	1.48379	1.48377	1.48376	1.48378	1.48381	1.48379	1.48377	1.48378	1.4838	1.48378	1.48377	1.48376	1.48376	1.48375	1.48375	1.48374	1.48374	1.48374	1.48374	1.48374	
1.50751	1.50751	1.50751	1.50751	1.50751	1.50751	1.50751	1.50751	1.50751	1.50751	1.50751	1.50751	1.50751	1.50751	1.50751	1.50751	1.50751	1.50751	1.50751	1.50751	1.50751	1.50751	1.50751	1.50751	1.50751	1.50751	1.50751	1.50751	1.50751	1.50751	1.50751	1.50751	1.50751	1.50751	1.50751	1.50751	1.50751	1.50751	1.50751	1.50751	1.50751	1.50751	1.50751	1.50751	1.50751	1.50751	1.50751	1.50751	1.50751	1.50751	1.50751	1.50751	1.50751	1.50751	1.50751	1.50751	1.50751	1.50751	1.50751	1.50751	1.50751	1.50751	1.50751	1.50751	1.50751	
