x=200	y=70	z=200	n=65	len=1
b
0.526945	0.526949	0.526971	0.526992	0.527055	0.527118	0.527177	0.527236	0.527406	0.527576	0.527752	0.527928	0.528281	0.528634	0.529004	0.529374	0.52988	0.530386	0.530771	0.531156	0.531189	0.531222	0.530676	0.53013	0.528702	0.527275	0.52684	0.526405	0.527158	0.527911	0.528425	0.528939	0.53017	0.531402	0.529857	0.528312	0.528064	0.527816	0.528505	0.529193	0.529318	0.529443	0.52992	0.530397	0.53074	0.531083	0.530832	0.530581	0.530132	0.529683	0.529204	0.528724	0.528347	0.527969	0.527738	0.527507	0.527329	0.527151	0.527096	0.527041	0.526983	0.526926	0.526933	0.52694	0.526945	
0.526803	0.526809	0.526827	0.526846	0.526907	0.526968	0.527017	0.527066	0.527235	0.527403	0.527566	0.527728	0.528091	0.528454	0.528827	0.5292	0.52976	0.53032	0.530777	0.531235	0.5314	0.531566	0.531104	0.530642	0.529146	0.52765	0.527113	0.526576	0.527035	0.527493	0.528302	0.52911	0.530741	0.532372	0.531199	0.530026	0.52938	0.528734	0.529224	0.529715	0.529738	0.52976	0.53019	0.530619	0.5309	0.531182	0.530873	0.530564	0.530061	0.529557	0.529059	0.52856	0.52817	0.527779	0.527554	0.527329	0.527154	0.526978	0.526932	0.526885	0.526831	0.526776	0.526787	0.526798	0.526803	
0.526747	0.52675	0.526769	0.526789	0.526834	0.526879	0.526923	0.526968	0.527108	0.527249	0.527404	0.52756	0.527895	0.52823	0.528611	0.528993	0.529567	0.530141	0.530671	0.5312	0.53151	0.53182	0.531488	0.531156	0.529802	0.528448	0.527657	0.526865	0.527037	0.527209	0.527896	0.528583	0.52948	0.530378	0.530303	0.530228	0.529595	0.528961	0.529394	0.529827	0.52999	0.530152	0.530477	0.530801	0.531037	0.531272	0.530856	0.53044	0.529914	0.529387	0.528867	0.528346	0.527974	0.527601	0.527388	0.527175	0.52702	0.526865	0.526831	0.526798	0.526754	0.526709	0.526727	0.526744	0.526747	
0.526691	0.526691	0.526711	0.526731	0.526761	0.52679	0.52683	0.526869	0.526982	0.527094	0.527243	0.527392	0.527699	0.528006	0.528396	0.528785	0.529374	0.529963	0.530564	0.531166	0.53162	0.532074	0.531872	0.53167	0.530459	0.529247	0.528201	0.527155	0.52704	0.526924	0.52749	0.528056	0.52822	0.528383	0.529407	0.530431	0.529809	0.529188	0.529564	0.52994	0.530242	0.530544	0.530764	0.530984	0.531173	0.531362	0.530839	0.530316	0.529767	0.529217	0.528674	0.528131	0.527778	0.527424	0.527222	0.527021	0.526886	0.526752	0.526731	0.526711	0.526676	0.526642	0.526666	0.526691	0.526691	
0.526577	0.526576	0.526594	0.526613	0.526636	0.526658	0.526686	0.526713	0.526812	0.526912	0.527037	0.527161	0.52745	0.527738	0.528105	0.528472	0.529061	0.529651	0.53029	0.53093	0.5315	0.53207	0.532063	0.532056	0.531009	0.529961	0.528778	0.527594	0.527121	0.526648	0.527174	0.5277	0.527554	0.527408	0.528293	0.529179	0.529283	0.529388	0.529851	0.530314	0.53065	0.530986	0.531136	0.531285	0.5313	0.531315	0.530715	0.530114	0.529511	0.528907	0.528389	0.527871	0.527521	0.527171	0.527002	0.526832	0.526706	0.526579	0.526578	0.526577	0.526546	0.526514	0.526547	0.526579	0.526577	
0.526464	0.52646	0.526478	0.526496	0.526511	0.526527	0.526542	0.526557	0.526643	0.526729	0.52683	0.52693	0.5272	0.52747	0.527814	0.528158	0.528749	0.529339	0.530016	0.530693	0.53138	0.532067	0.532254	0.532442	0.531559	0.530675	0.529355	0.528034	0.527203	0.526373	0.526858	0.527343	0.526888	0.526433	0.52718	0.527927	0.528758	0.529589	0.530138	0.530688	0.531059	0.531429	0.531507	0.531586	0.531426	0.531267	0.53059	0.529912	0.529255	0.528597	0.528104	0.527611	0.527265	0.526919	0.526781	0.526644	0.526525	0.526407	0.526425	0.526444	0.526415	0.526386	0.526427	0.526468	0.526464	
0.526448	0.526441	0.526458	0.526474	0.526474	0.526474	0.526478	0.526483	0.526538	0.526593	0.526672	0.526751	0.526979	0.527206	0.527525	0.527843	0.528409	0.528976	0.529673	0.53037	0.531153	0.531936	0.532303	0.532671	0.532017	0.531363	0.529968	0.528573	0.527317	0.526061	0.526231	0.526401	0.526324	0.526246	0.526742	0.527237	0.528813	0.530389	0.530675	0.530961	0.531475	0.53199	0.531797	0.531604	0.531345	0.531086	0.530302	0.529518	0.52889	0.528261	0.52779	0.527319	0.527021	0.526723	0.526613	0.526504	0.526415	0.526325	0.526361	0.526395	0.526378	0.52636	0.526407	0.526455	0.526448	
0.526432	0.526423	0.526438	0.526453	0.526437	0.52642	0.526415	0.52641	0.526433	0.526457	0.526514	0.526572	0.526757	0.526942	0.527235	0.527528	0.52807	0.528612	0.52933	0.530047	0.530926	0.531804	0.532352	0.5329	0.532476	0.532052	0.530582	0.529112	0.52743	0.525749	0.525604	0.525459	0.52576	0.52606	0.526303	0.526546	0.528868	0.531189	0.531211	0.531233	0.531892	0.532551	0.532087	0.531623	0.531264	0.530905	0.530015	0.529124	0.528525	0.527925	0.527476	0.527027	0.526777	0.526526	0.526445	0.526364	0.526304	0.526244	0.526296	0.526347	0.526341	0.526335	0.526388	0.526442	0.526432	
0.526365	0.52635	0.526366	0.526382	0.526357	0.526331	0.526314	0.526298	0.526302	0.526307	0.526335	0.526363	0.52651	0.526658	0.526906	0.527154	0.52765	0.528145	0.528855	0.529565	0.53049	0.531416	0.532166	0.532917	0.532664	0.532411	0.531167	0.529923	0.528017	0.52611	0.526037	0.525964	0.526243	0.526523	0.52733	0.528138	0.529945	0.531752	0.53186	0.531967	0.532303	0.532638	0.53207	0.531501	0.53092	0.53034	0.529492	0.528644	0.528049	0.527453	0.527093	0.526732	0.526501	0.52627	0.526242	0.526213	0.526161	0.526109	0.526186	0.526263	0.526256	0.52625	0.526314	0.526379	0.526365	
0.526297	0.526278	0.526295	0.526312	0.526277	0.526242	0.526214	0.526186	0.526171	0.526157	0.526155	0.526153	0.526263	0.526374	0.526577	0.52678	0.527229	0.527678	0.52838	0.529082	0.530054	0.531027	0.53198	0.532933	0.532852	0.532771	0.531753	0.530734	0.528603	0.526472	0.52647	0.526468	0.526727	0.526985	0.528357	0.529729	0.531022	0.532315	0.532508	0.532701	0.532713	0.532726	0.532052	0.531379	0.530577	0.529775	0.528969	0.528164	0.527573	0.526981	0.526709	0.526436	0.526225	0.526014	0.526038	0.526062	0.526018	0.525975	0.526077	0.526179	0.526172	0.526165	0.52624	0.526316	0.526297	
0.526336	0.526315	0.526329	0.526342	0.526295	0.526248	0.526208	0.526167	0.526125	0.526084	0.526053	0.526023	0.526088	0.526152	0.526304	0.526456	0.526857	0.527258	0.527919	0.528579	0.529605	0.53063	0.531707	0.532785	0.53304	0.533296	0.532542	0.531788	0.530007	0.528227	0.528059	0.527891	0.52836	0.528828	0.5294	0.529973	0.531453	0.532934	0.532708	0.532481	0.532471	0.532462	0.531571	0.530681	0.529902	0.529122	0.528354	0.527585	0.527098	0.52661	0.526395	0.52618	0.526031	0.525882	0.525938	0.525994	0.525979	0.525964	0.526079	0.526195	0.526197	0.5262	0.526279	0.526357	0.526336	
0.526376	0.526353	0.526363	0.526373	0.526314	0.526254	0.526201	0.526148	0.52608	0.526011	0.525952	0.525893	0.525912	0.525931	0.526032	0.526132	0.526485	0.526838	0.527457	0.528077	0.529155	0.530234	0.531435	0.532636	0.533228	0.53382	0.533331	0.532842	0.531412	0.529982	0.529648	0.529314	0.529992	0.530671	0.530444	0.530217	0.531885	0.533554	0.532908	0.532262	0.532229	0.532197	0.53109	0.529984	0.529227	0.52847	0.527738	0.527006	0.526623	0.52624	0.526082	0.525924	0.525837	0.52575	0.525838	0.525927	0.52594	0.525954	0.526082	0.52621	0.526223	0.526235	0.526317	0.526399	0.526376	
0.526364	0.526334	0.526347	0.526361	0.526293	0.526224	0.526164	0.526103	0.526017	0.525931	0.525843	0.525756	0.525732	0.525709	0.525746	0.525782	0.526054	0.526326	0.526855	0.527385	0.528406	0.529428	0.530702	0.531977	0.532877	0.533777	0.533725	0.533672	0.532666	0.531661	0.531206	0.53075	0.531071	0.531391	0.530958	0.530524	0.531968	0.533412	0.532716	0.53202	0.531673	0.531327	0.530257	0.529188	0.528406	0.527625	0.527064	0.526503	0.52616	0.525817	0.525766	0.525716	0.525648	0.525579	0.525719	0.52586	0.525875	0.52589	0.526042	0.526194	0.526201	0.526208	0.526301	0.526394	0.526364	
0.526352	0.526315	0.526332	0.526349	0.526271	0.526194	0.526126	0.526058	0.525954	0.52585	0.525734	0.525618	0.525553	0.525488	0.52546	0.525433	0.525623	0.525814	0.526253	0.526693	0.527658	0.528622	0.52997	0.531318	0.532526	0.533734	0.534118	0.534503	0.533921	0.533339	0.532763	0.532187	0.532149	0.532111	0.531471	0.530832	0.532051	0.53327	0.532524	0.531778	0.531117	0.530456	0.529424	0.528391	0.527586	0.52678	0.52639	0.526001	0.525697	0.525394	0.525451	0.525509	0.525458	0.525408	0.525601	0.525793	0.525809	0.525826	0.526002	0.526177	0.526179	0.52618	0.526285	0.526389	0.526352	
0.526448	0.52641	0.526423	0.526435	0.526352	0.526269	0.52619	0.526111	0.52599	0.525869	0.525728	0.525587	0.525482	0.525377	0.525288	0.525198	0.525311	0.525424	0.525733	0.526043	0.5269	0.527757	0.529003	0.530249	0.531659	0.533069	0.533737	0.534405	0.534362	0.534318	0.533527	0.532736	0.532394	0.532052	0.531362	0.530672	0.5318	0.532927	0.531903	0.530878	0.530189	0.5295	0.528478	0.527455	0.526811	0.526167	0.525872	0.525578	0.525382	0.525187	0.525296	0.525405	0.525406	0.525407	0.525619	0.52583	0.525867	0.525904	0.526083	0.526263	0.526271	0.526279	0.526382	0.526485	0.526448	
0.526544	0.526506	0.526514	0.526522	0.526432	0.526343	0.526254	0.526165	0.526027	0.525889	0.525722	0.525555	0.525411	0.525267	0.525115	0.524963	0.524999	0.525034	0.525213	0.525393	0.526143	0.526892	0.528036	0.52918	0.530792	0.532404	0.533356	0.534307	0.534802	0.535297	0.534291	0.533285	0.532639	0.531993	0.531253	0.530512	0.531548	0.532584	0.531281	0.529978	0.529261	0.528545	0.527531	0.526518	0.526036	0.525554	0.525355	0.525155	0.525068	0.52498	0.525141	0.525302	0.525354	0.525406	0.525637	0.525868	0.525925	0.525982	0.526165	0.526349	0.526364	0.526378	0.52648	0.526581	0.526544	
0.526584	0.526538	0.526552	0.526565	0.52647	0.526374	0.526285	0.526195	0.526047	0.525899	0.525715	0.525531	0.525356	0.525182	0.524976	0.52477	0.52472	0.52467	0.524717	0.524763	0.52533	0.525897	0.52685	0.527803	0.529359	0.530915	0.532017	0.53312	0.533893	0.534666	0.533942	0.533218	0.53244	0.531662	0.530971	0.530279	0.530925	0.531571	0.530273	0.528976	0.528162	0.527349	0.526556	0.525764	0.525347	0.52493	0.5249	0.524871	0.524816	0.52476	0.525006	0.525252	0.525307	0.525361	0.525631	0.5259	0.525947	0.525995	0.526197	0.526399	0.526403	0.526406	0.526518	0.52663	0.526584	
0.526624	0.52657	0.52659	0.526609	0.526507	0.526406	0.526315	0.526225	0.526067	0.525909	0.525708	0.525507	0.525302	0.525097	0.524836	0.524576	0.524441	0.524307	0.52422	0.524134	0.524518	0.524901	0.525664	0.526427	0.527926	0.529425	0.530679	0.531933	0.532984	0.534034	0.533593	0.533152	0.532242	0.531331	0.530689	0.530046	0.530302	0.530557	0.529266	0.527974	0.527064	0.526153	0.525581	0.52501	0.524657	0.524305	0.524446	0.524588	0.524564	0.52454	0.52487	0.525201	0.525259	0.525317	0.525624	0.525932	0.52597	0.526009	0.526228	0.526448	0.526441	0.526435	0.526556	0.526678	0.526624	
0.526763	0.526712	0.526726	0.526741	0.52664	0.52654	0.526444	0.526348	0.526186	0.526025	0.525811	0.525598	0.525375	0.525152	0.524852	0.524553	0.52436	0.524167	0.523967	0.523768	0.523993	0.524219	0.524728	0.525238	0.526563	0.527888	0.529054	0.530221	0.531492	0.532762	0.532592	0.532422	0.531804	0.531186	0.530353	0.52952	0.52949	0.529459	0.528156	0.526853	0.526066	0.52528	0.524863	0.524447	0.524242	0.524037	0.524252	0.524466	0.524516	0.524567	0.524919	0.525271	0.525359	0.525447	0.525754	0.526061	0.526111	0.526161	0.526374	0.526588	0.526586	0.526584	0.526699	0.526814	0.526763	
0.526902	0.526854	0.526863	0.526872	0.526773	0.526674	0.526572	0.526471	0.526306	0.526141	0.525915	0.52569	0.525448	0.525207	0.524869	0.52453	0.524279	0.524027	0.523714	0.523402	0.523469	0.523536	0.523793	0.524049	0.5252	0.52635	0.52743	0.528509	0.53	0.53149	0.531592	0.531693	0.531367	0.531041	0.530017	0.528993	0.528677	0.528361	0.527046	0.525731	0.525069	0.524407	0.524145	0.523884	0.523827	0.52377	0.524057	0.524344	0.524469	0.524594	0.524967	0.525341	0.525459	0.525576	0.525884	0.526191	0.526252	0.526313	0.526521	0.526728	0.52673	0.526733	0.526842	0.526951	0.526902	
0.526978	0.526921	0.526938	0.526955	0.526853	0.526751	0.526656	0.526561	0.526395	0.526229	0.526004	0.525778	0.525529	0.52528	0.524921	0.524561	0.524267	0.523973	0.52358	0.523187	0.523108	0.52303	0.523062	0.523093	0.523963	0.524832	0.525729	0.526625	0.528087	0.529549	0.529975	0.530401	0.530323	0.530245	0.529129	0.528012	0.527441	0.526869	0.52579	0.524711	0.524142	0.523573	0.523555	0.523537	0.523532	0.523527	0.523928	0.52433	0.52446	0.52459	0.525012	0.525433	0.525538	0.525642	0.52597	0.526298	0.526342	0.526386	0.526604	0.526823	0.526812	0.526801	0.526917	0.527034	0.526978	
0.527053	0.526989	0.527013	0.527038	0.526933	0.526828	0.526739	0.52665	0.526484	0.526318	0.526093	0.525867	0.52561	0.525353	0.524972	0.524592	0.524256	0.523919	0.523445	0.522972	0.522748	0.522524	0.522331	0.522138	0.522726	0.523314	0.524027	0.52474	0.526174	0.527607	0.528358	0.52911	0.529279	0.529449	0.52824	0.527031	0.526204	0.525378	0.524534	0.52369	0.523215	0.522739	0.522964	0.523189	0.523237	0.523284	0.5238	0.524315	0.524451	0.524587	0.525056	0.525525	0.525617	0.525708	0.526056	0.526405	0.526432	0.526459	0.526688	0.526917	0.526893	0.526868	0.526993	0.527118	0.527053	
0.527213	0.527154	0.527173	0.527191	0.527094	0.526997	0.526907	0.526817	0.526659	0.526501	0.526277	0.526053	0.525801	0.525549	0.525166	0.524782	0.524433	0.524084	0.523576	0.523068	0.522764	0.522461	0.522119	0.521777	0.522117	0.522457	0.522915	0.523373	0.524577	0.525781	0.526555	0.527329	0.527417	0.527506	0.526682	0.525858	0.524987	0.524115	0.523581	0.523047	0.522741	0.522434	0.522778	0.523122	0.523258	0.523393	0.523926	0.524458	0.52463	0.524801	0.525259	0.525717	0.525821	0.525925	0.526257	0.526589	0.526621	0.526653	0.526868	0.527083	0.527063	0.527042	0.527157	0.527272	0.527213	
0.527372	0.527319	0.527332	0.527345	0.527255	0.527166	0.527075	0.526983	0.526834	0.526685	0.526462	0.526239	0.525993	0.525746	0.525359	0.524973	0.524611	0.524249	0.523707	0.523164	0.522781	0.522397	0.521906	0.521416	0.521508	0.521599	0.521802	0.522005	0.52298	0.523956	0.524752	0.525549	0.525555	0.525562	0.525124	0.524686	0.523769	0.522852	0.522628	0.522404	0.522267	0.52213	0.522592	0.523055	0.523278	0.523502	0.524052	0.524601	0.524809	0.525016	0.525462	0.525908	0.526026	0.526143	0.526458	0.526774	0.52681	0.526847	0.527048	0.527249	0.527233	0.527216	0.527321	0.527425	0.527372	
0.52746	0.5274	0.527421	0.527441	0.527352	0.527262	0.527181	0.527099	0.526956	0.526813	0.526603	0.526392	0.526156	0.525921	0.525544	0.525167	0.524813	0.524458	0.523907	0.523355	0.522942	0.52253	0.521947	0.521363	0.521273	0.521183	0.521147	0.521112	0.521847	0.522582	0.52326	0.523939	0.523989	0.524039	0.523771	0.523502	0.5227	0.521897	0.521971	0.522044	0.522007	0.521969	0.52256	0.523151	0.52338	0.523608	0.524199	0.52479	0.524977	0.525165	0.525624	0.526084	0.526178	0.526272	0.526593	0.526914	0.526932	0.526949	0.527154	0.52736	0.52733	0.5273	0.52741	0.52752	0.52746	
0.527548	0.527481	0.527509	0.527538	0.527448	0.527357	0.527287	0.527216	0.527079	0.526942	0.526743	0.526544	0.52632	0.526095	0.525728	0.525361	0.525014	0.524668	0.524107	0.523546	0.523104	0.522662	0.521987	0.521311	0.521039	0.520767	0.520493	0.520219	0.520714	0.521208	0.521768	0.522328	0.522422	0.522516	0.522417	0.522319	0.521631	0.520943	0.521313	0.521684	0.521746	0.521809	0.522528	0.523248	0.523481	0.523714	0.524346	0.524979	0.525146	0.525314	0.525787	0.52626	0.52633	0.526401	0.526728	0.527055	0.527053	0.52705	0.527261	0.527471	0.527427	0.527383	0.527499	0.527615	0.527548	
0.527703	0.527644	0.527666	0.527687	0.527609	0.52753	0.527459	0.527388	0.527267	0.527145	0.526955	0.526765	0.52656	0.526355	0.526007	0.52566	0.525336	0.525012	0.52448	0.523948	0.523517	0.523086	0.52242	0.521755	0.521405	0.521055	0.520676	0.520296	0.520571	0.520845	0.521183	0.521521	0.521653	0.521785	0.5218	0.521816	0.521352	0.520888	0.521354	0.52182	0.521993	0.522166	0.522866	0.523566	0.52383	0.524094	0.524684	0.525275	0.525452	0.525629	0.526066	0.526503	0.526576	0.526649	0.52695	0.527251	0.527251	0.527251	0.527442	0.527634	0.527595	0.527555	0.527659	0.527763	0.527703	
0.527859	0.527808	0.527822	0.527837	0.52777	0.527703	0.527632	0.52756	0.527454	0.527348	0.527166	0.526985	0.526799	0.526614	0.526286	0.525959	0.525657	0.525356	0.524853	0.524349	0.52393	0.52351	0.522854	0.522199	0.521771	0.521344	0.520859	0.520374	0.520428	0.520482	0.520598	0.520714	0.520884	0.521054	0.521183	0.521313	0.521073	0.520833	0.521394	0.521956	0.52224	0.522524	0.523204	0.523884	0.524179	0.524473	0.525023	0.525572	0.525758	0.525944	0.526345	0.526746	0.526822	0.526898	0.527172	0.527447	0.527449	0.527451	0.527624	0.527797	0.527762	0.527727	0.527819	0.52791	0.527859	
0.527936	0.527879	0.527901	0.527923	0.527857	0.52779	0.52773	0.527669	0.527571	0.527473	0.527307	0.527141	0.526974	0.526807	0.526502	0.526197	0.525927	0.525657	0.525186	0.524714	0.524341	0.523967	0.523336	0.522705	0.5223	0.521895	0.521323	0.520751	0.520749	0.520746	0.520586	0.520426	0.520609	0.520793	0.521022	0.52125	0.52118	0.52111	0.521735	0.52236	0.52264	0.52292	0.523588	0.524257	0.524516	0.524776	0.525308	0.52584	0.525996	0.526153	0.526544	0.526935	0.526987	0.52704	0.527311	0.527581	0.527565	0.52755	0.527724	0.527898	0.52785	0.527803	0.527898	0.527994	0.527936	
0.528014	0.52795	0.52798	0.528009	0.527943	0.527877	0.527827	0.527778	0.527688	0.527599	0.527448	0.527297	0.527149	0.527	0.526718	0.526436	0.526198	0.525959	0.525519	0.525079	0.524752	0.524424	0.523818	0.523211	0.522829	0.522447	0.521788	0.521129	0.52107	0.52101	0.520574	0.520137	0.520335	0.520532	0.52086	0.521188	0.521288	0.521388	0.522076	0.522763	0.523039	0.523315	0.523972	0.524629	0.524854	0.525078	0.525593	0.526108	0.526235	0.526361	0.526742	0.527123	0.527153	0.527182	0.527449	0.527716	0.527682	0.527648	0.527823	0.527998	0.527938	0.527878	0.527978	0.528078	0.528014	
0.528146	0.528091	0.528113	0.528134	0.528081	0.528028	0.527977	0.527926	0.527853	0.52778	0.527638	0.527496	0.527369	0.527242	0.526986	0.526729	0.526521	0.526313	0.525928	0.525543	0.52526	0.524977	0.524475	0.523973	0.523631	0.523288	0.522774	0.522259	0.521928	0.521596	0.521219	0.520842	0.520909	0.520975	0.52132	0.521664	0.522002	0.522341	0.522902	0.523463	0.523735	0.524006	0.524556	0.525105	0.525323	0.525541	0.525986	0.526431	0.526556	0.52668	0.527017	0.527354	0.527384	0.527413	0.527651	0.527889	0.527857	0.527825	0.527981	0.528137	0.528082	0.528027	0.528114	0.528201	0.528146	
0.528278	0.528233	0.528246	0.52826	0.52822	0.528179	0.528127	0.528074	0.528018	0.527961	0.527828	0.527695	0.52759	0.527485	0.527253	0.527022	0.526845	0.526667	0.526337	0.526007	0.525768	0.525529	0.525132	0.524735	0.524432	0.524129	0.52376	0.52339	0.522786	0.522183	0.521865	0.521547	0.521483	0.521419	0.521779	0.52214	0.522717	0.523293	0.523728	0.524162	0.52443	0.524698	0.525139	0.525581	0.525792	0.526003	0.526379	0.526754	0.526877	0.526999	0.527292	0.527585	0.527614	0.527643	0.527853	0.528062	0.528033	0.528003	0.528139	0.528275	0.528226	0.528177	0.52825	0.528323	0.528278	
0.528329	0.528278	0.528298	0.528318	0.528278	0.528238	0.528195	0.528152	0.528104	0.528055	0.527935	0.527816	0.527728	0.527641	0.52743	0.52722	0.527074	0.526928	0.526634	0.526339	0.526159	0.525978	0.525642	0.525306	0.525107	0.524908	0.524596	0.524285	0.523697	0.52311	0.522922	0.522735	0.522481	0.522226	0.522564	0.522902	0.523517	0.524131	0.524499	0.524867	0.525047	0.525228	0.525599	0.52597	0.526142	0.526315	0.526649	0.526984	0.527086	0.527187	0.527461	0.527735	0.527747	0.52776	0.527962	0.528163	0.528119	0.528075	0.528211	0.528346	0.528286	0.528227	0.528303	0.52838	0.528329	
0.52838	0.528323	0.52835	0.528376	0.528337	0.528297	0.528264	0.52823	0.52819	0.528149	0.528043	0.527936	0.527866	0.527797	0.527607	0.527417	0.527303	0.527189	0.52693	0.526672	0.526549	0.526426	0.526152	0.525878	0.525783	0.525687	0.525433	0.525179	0.524608	0.524036	0.52398	0.523923	0.523478	0.523033	0.523349	0.523665	0.524317	0.524968	0.52527	0.525571	0.525665	0.525758	0.526058	0.526359	0.526492	0.526626	0.52692	0.527214	0.527295	0.527375	0.52763	0.527884	0.52788	0.527876	0.52807	0.528264	0.528206	0.528148	0.528283	0.528417	0.528347	0.528277	0.528357	0.528437	0.52838	
0.528478	0.528431	0.528449	0.528467	0.52844	0.528412	0.528377	0.528341	0.528314	0.528288	0.528188	0.528088	0.528034	0.52798	0.52781	0.52764	0.527545	0.527451	0.527239	0.527027	0.526938	0.526848	0.526672	0.526496	0.526483	0.52647	0.526361	0.526252	0.525771	0.525291	0.525587	0.525883	0.525435	0.524987	0.524992	0.524997	0.525514	0.526031	0.526185	0.526339	0.526343	0.526347	0.526558	0.526769	0.526881	0.526994	0.527235	0.527476	0.527552	0.527629	0.527849	0.528069	0.528064	0.528059	0.528229	0.528399	0.528343	0.528286	0.528403	0.52852	0.528455	0.528391	0.528458	0.528525	0.528478	
0.528576	0.528538	0.528548	0.528558	0.528542	0.528527	0.528489	0.528451	0.528439	0.528426	0.528333	0.528239	0.528201	0.528163	0.528013	0.527863	0.527788	0.527713	0.527548	0.527382	0.527327	0.527271	0.527193	0.527114	0.527184	0.527254	0.527289	0.527325	0.526935	0.526545	0.527194	0.527844	0.527392	0.52694	0.526635	0.526329	0.526711	0.527093	0.5271	0.527107	0.527021	0.526936	0.527057	0.527178	0.52727	0.527362	0.527549	0.527737	0.52781	0.527883	0.528069	0.528254	0.528248	0.528242	0.528388	0.528534	0.528479	0.528424	0.528524	0.528623	0.528564	0.528505	0.528559	0.528613	0.528576	
0.528591	0.528549	0.528564	0.528579	0.528565	0.528551	0.52852	0.528489	0.528485	0.528481	0.528396	0.528311	0.52829	0.52827	0.528129	0.527989	0.527942	0.527895	0.527742	0.527588	0.527578	0.527567	0.527514	0.527461	0.527627	0.527793	0.527844	0.527896	0.527581	0.527267	0.527315	0.527363	0.527048	0.526733	0.526877	0.527021	0.527309	0.527598	0.527572	0.527546	0.527396	0.527246	0.527318	0.527391	0.527474	0.527558	0.527714	0.52787	0.527938	0.528006	0.528175	0.528344	0.528329	0.528313	0.528452	0.52859	0.528525	0.528459	0.528557	0.528655	0.528588	0.52852	0.528577	0.528634	0.528591	
0.528607	0.52856	0.52858	0.528601	0.528587	0.528574	0.52855	0.528527	0.528531	0.528535	0.528459	0.528383	0.52838	0.528377	0.528246	0.528114	0.528096	0.528077	0.527936	0.527794	0.527829	0.527864	0.527836	0.527807	0.528069	0.528332	0.528399	0.528467	0.528227	0.527988	0.527435	0.526882	0.526704	0.526525	0.527119	0.527712	0.527908	0.528103	0.528044	0.527985	0.527771	0.527557	0.52758	0.527603	0.527679	0.527754	0.527879	0.528003	0.528066	0.528129	0.528282	0.528434	0.528409	0.528385	0.528516	0.528646	0.528571	0.528495	0.528591	0.528688	0.528611	0.528535	0.528595	0.528654	0.528607	
0.528667	0.528627	0.528641	0.528655	0.528652	0.528649	0.528624	0.528599	0.528614	0.52863	0.528559	0.528489	0.528495	0.5285	0.528383	0.528266	0.528251	0.528236	0.528118	0.528	0.528035	0.528071	0.52808	0.52809	0.528386	0.528682	0.528812	0.528942	0.528656	0.52837	0.527797	0.527224	0.527014	0.526805	0.527358	0.527911	0.528102	0.528294	0.528294	0.528294	0.528019	0.527745	0.527783	0.527821	0.527886	0.52795	0.528068	0.528185	0.528242	0.5283	0.528437	0.528573	0.528543	0.528513	0.528628	0.528742	0.528665	0.528588	0.528671	0.528753	0.528681	0.528609	0.528657	0.528706	0.528667	
0.528726	0.528695	0.528702	0.528709	0.528716	0.528724	0.528697	0.528671	0.528697	0.528724	0.528659	0.528595	0.528609	0.528624	0.52852	0.528417	0.528406	0.528395	0.528301	0.528206	0.528242	0.528277	0.528325	0.528373	0.528702	0.529031	0.529224	0.529417	0.529085	0.528752	0.528159	0.527566	0.527325	0.527085	0.527597	0.528109	0.528297	0.528485	0.528544	0.528603	0.528268	0.527933	0.527986	0.528039	0.528093	0.528147	0.528257	0.528367	0.528419	0.52847	0.528591	0.528712	0.528677	0.528642	0.52874	0.528838	0.52876	0.528682	0.52875	0.528818	0.52875	0.528682	0.52872	0.528757	0.528726	
0.528704	0.52867	0.52868	0.528691	0.528701	0.528712	0.52869	0.528669	0.528707	0.528745	0.528684	0.528624	0.528661	0.528698	0.528591	0.528484	0.528504	0.528523	0.528405	0.528286	0.528349	0.528411	0.528412	0.528413	0.528745	0.529078	0.529296	0.529513	0.52931	0.529107	0.529002	0.528896	0.528546	0.528195	0.528223	0.52825	0.528288	0.528325	0.528403	0.528481	0.528216	0.527951	0.527991	0.528031	0.528126	0.528221	0.528315	0.528409	0.528472	0.528534	0.528642	0.52875	0.52871	0.52867	0.52876	0.52885	0.528764	0.528678	0.528744	0.528809	0.528735	0.52866	0.528699	0.528738	0.528704	
0.528681	0.528645	0.528659	0.528673	0.528686	0.528699	0.528683	0.528667	0.528717	0.528767	0.52871	0.528653	0.528713	0.528773	0.528662	0.528551	0.528601	0.528652	0.528508	0.528365	0.528455	0.528546	0.528499	0.528453	0.528789	0.529125	0.529367	0.529609	0.529535	0.529462	0.529844	0.530227	0.529766	0.529306	0.528849	0.528392	0.528278	0.528165	0.528262	0.52836	0.528164	0.527968	0.527996	0.528024	0.52816	0.528296	0.528374	0.528452	0.528525	0.528597	0.528692	0.528787	0.528743	0.528699	0.52878	0.528862	0.528768	0.528675	0.528737	0.5288	0.528719	0.528638	0.528678	0.528718	0.528681	
0.528704	0.528673	0.528684	0.528694	0.528715	0.528736	0.528722	0.528708	0.528765	0.528822	0.528776	0.528729	0.528791	0.528852	0.528756	0.52866	0.528698	0.528736	0.528604	0.528471	0.528526	0.52858	0.528537	0.528493	0.528769	0.529044	0.529323	0.529601	0.52941	0.529219	0.529675	0.530131	0.529861	0.529592	0.529321	0.52905	0.528549	0.528048	0.52814	0.528232	0.52804	0.527848	0.527966	0.528085	0.528221	0.528357	0.528468	0.52858	0.528642	0.528705	0.528799	0.528893	0.528837	0.528781	0.528852	0.528924	0.528825	0.528726	0.528778	0.528829	0.52875	0.528671	0.528703	0.528735	0.528704	
0.528727	0.528702	0.528709	0.528715	0.528744	0.528773	0.528761	0.528749	0.528814	0.528878	0.528841	0.528805	0.528868	0.528932	0.528851	0.52877	0.528796	0.528821	0.528699	0.528577	0.528596	0.528614	0.528574	0.528534	0.528749	0.528964	0.529278	0.529592	0.529284	0.528976	0.529505	0.530034	0.529956	0.529878	0.529793	0.529708	0.52882	0.527932	0.528018	0.528104	0.527916	0.527728	0.527937	0.528146	0.528282	0.528418	0.528563	0.528707	0.52876	0.528812	0.528905	0.528998	0.528931	0.528863	0.528924	0.528985	0.528881	0.528777	0.528818	0.528859	0.528782	0.528704	0.528728	0.528752	0.528727	
0.528668	0.528643	0.528651	0.528659	0.528694	0.528729	0.528721	0.528712	0.528793	0.528874	0.528839	0.528804	0.528897	0.52899	0.528903	0.528815	0.528876	0.528936	0.528783	0.52863	0.528665	0.528701	0.528608	0.528516	0.528688	0.528861	0.529176	0.529492	0.528935	0.528378	0.529008	0.529638	0.529679	0.52972	0.529733	0.529747	0.528865	0.527983	0.527942	0.527901	0.527871	0.52784	0.527958	0.528076	0.528289	0.528502	0.528612	0.528722	0.528793	0.528865	0.528935	0.529005	0.528936	0.528866	0.528913	0.528959	0.52885	0.52874	0.528775	0.52881	0.528729	0.528647	0.52867	0.528693	0.528668	
0.528609	0.528584	0.528594	0.528604	0.528645	0.528686	0.528681	0.528675	0.528773	0.52887	0.528837	0.528804	0.528927	0.529049	0.528955	0.528861	0.528956	0.529051	0.528867	0.528683	0.528735	0.528787	0.528642	0.528498	0.528628	0.528758	0.529075	0.529392	0.528586	0.52778	0.528511	0.529243	0.529402	0.529562	0.529674	0.529786	0.52891	0.528034	0.527866	0.527699	0.527826	0.527952	0.527979	0.528006	0.528296	0.528586	0.528661	0.528736	0.528826	0.528917	0.528964	0.529012	0.528941	0.528869	0.528901	0.528933	0.528819	0.528704	0.528732	0.52876	0.528676	0.528591	0.528612	0.528634	0.528609	
0.528599	0.528577	0.528587	0.528597	0.528642	0.528688	0.52869	0.528692	0.528793	0.528893	0.528878	0.528863	0.528981	0.529098	0.529028	0.528957	0.529024	0.52909	0.528915	0.528739	0.528712	0.528686	0.528511	0.528336	0.528371	0.528406	0.528757	0.529108	0.528827	0.528546	0.528944	0.529343	0.528445	0.527547	0.527719	0.527891	0.527464	0.527036	0.527078	0.527119	0.527367	0.527615	0.527784	0.527953	0.528275	0.528597	0.528719	0.528841	0.528918	0.528995	0.529044	0.529094	0.529005	0.528916	0.528939	0.528963	0.528839	0.528716	0.528737	0.528757	0.528672	0.528586	0.528603	0.52862	0.528599	
0.528588	0.52857	0.52858	0.52859	0.52864	0.52869	0.5287	0.528709	0.528813	0.528916	0.528919	0.528922	0.529035	0.529147	0.529101	0.529054	0.529092	0.529129	0.528962	0.528796	0.52869	0.528584	0.52838	0.528175	0.528115	0.528055	0.52844	0.528824	0.529068	0.529311	0.529377	0.529443	0.527487	0.525532	0.525764	0.525997	0.526018	0.526039	0.526289	0.52654	0.526909	0.527278	0.527589	0.527901	0.528255	0.528608	0.528777	0.528946	0.52901	0.529073	0.529124	0.529175	0.529069	0.528963	0.528978	0.528992	0.52886	0.528728	0.528741	0.528754	0.528668	0.528582	0.528594	0.528607	0.528588	
0.528496	0.528481	0.52849	0.5285	0.528559	0.528618	0.528629	0.52864	0.528764	0.528889	0.528894	0.5289	0.529047	0.529195	0.529147	0.529099	0.529173	0.529247	0.52906	0.528872	0.528764	0.528656	0.528398	0.52814	0.52799	0.52784	0.527897	0.527953	0.527475	0.526998	0.527295	0.527591	0.526781	0.525972	0.525868	0.525764	0.525979	0.526195	0.526555	0.526916	0.527192	0.527468	0.527731	0.527994	0.528377	0.528761	0.528887	0.529013	0.529081	0.529148	0.529163	0.529177	0.529065	0.528953	0.528945	0.528937	0.528801	0.528665	0.528666	0.528668	0.528581	0.528495	0.528503	0.528512	0.528496	
0.528404	0.528392	0.528401	0.52841	0.528478	0.528547	0.528559	0.528572	0.528716	0.528861	0.52887	0.528878	0.52906	0.529242	0.529193	0.529143	0.529254	0.529366	0.529157	0.528949	0.528839	0.528728	0.528417	0.528105	0.527865	0.527626	0.527354	0.527081	0.525883	0.524685	0.525212	0.525739	0.526075	0.526412	0.525972	0.525531	0.525941	0.52635	0.526821	0.527292	0.527475	0.527659	0.527873	0.528087	0.5285	0.528913	0.528996	0.529079	0.529151	0.529223	0.529201	0.529179	0.529061	0.528944	0.528912	0.528881	0.528741	0.528602	0.528592	0.528582	0.528495	0.528408	0.528412	0.528417	0.528404	
0.528366	0.528354	0.528366	0.528379	0.528448	0.528517	0.528541	0.528566	0.528709	0.528853	0.528887	0.528921	0.529097	0.529274	0.52926	0.529247	0.529333	0.52942	0.529226	0.529033	0.528864	0.528695	0.528327	0.527958	0.527688	0.527418	0.526919	0.52642	0.524982	0.523544	0.524225	0.524906	0.527054	0.529203	0.528884	0.528566	0.527888	0.527211	0.527339	0.527467	0.527521	0.527575	0.527886	0.528197	0.528584	0.528972	0.529093	0.529214	0.529253	0.529293	0.529267	0.52924	0.529099	0.528959	0.528918	0.528877	0.528727	0.528578	0.528563	0.528548	0.528459	0.52837	0.528374	0.528377	0.528366	
0.528327	0.528316	0.528332	0.528348	0.528417	0.528487	0.528523	0.52856	0.528702	0.528845	0.528904	0.528963	0.529134	0.529305	0.529328	0.529351	0.529412	0.529473	0.529296	0.529118	0.52889	0.528662	0.528237	0.527811	0.527511	0.527211	0.526485	0.52576	0.524081	0.522402	0.523237	0.524072	0.528033	0.531994	0.531797	0.531601	0.529836	0.528071	0.527856	0.527641	0.527567	0.527492	0.527899	0.528306	0.528669	0.529032	0.52919	0.529348	0.529356	0.529363	0.529332	0.529301	0.529137	0.528973	0.528923	0.528873	0.528713	0.528553	0.528534	0.528514	0.528424	0.528333	0.528335	0.528337	0.528327	
0.528207	0.528201	0.528215	0.528228	0.528308	0.528388	0.528424	0.52846	0.528625	0.528789	0.528853	0.528916	0.529125	0.529335	0.529367	0.529399	0.529503	0.529608	0.529436	0.529265	0.529066	0.528867	0.528475	0.528083	0.527964	0.527844	0.527452	0.52706	0.525489	0.523917	0.524721	0.525525	0.528897	0.532269	0.532483	0.532697	0.530783	0.528868	0.528217	0.527565	0.527607	0.52765	0.528033	0.528416	0.528806	0.529195	0.529331	0.529468	0.529454	0.52944	0.529373	0.529305	0.529125	0.528944	0.528868	0.528792	0.528627	0.528463	0.52843	0.528397	0.528308	0.528219	0.528216	0.528213	0.528207	
0.528087	0.528086	0.528097	0.528108	0.528198	0.528289	0.528324	0.52836	0.528547	0.528734	0.528801	0.528869	0.529117	0.529364	0.529405	0.529447	0.529594	0.529742	0.529577	0.529413	0.529243	0.529073	0.528714	0.528355	0.528416	0.528477	0.528419	0.52836	0.526897	0.525433	0.526206	0.526978	0.529761	0.532545	0.533169	0.533793	0.53173	0.529666	0.528577	0.527489	0.527648	0.527807	0.528167	0.528527	0.528943	0.529358	0.529472	0.529587	0.529552	0.529518	0.529413	0.529309	0.529112	0.528916	0.528813	0.52871	0.528541	0.528372	0.528326	0.52828	0.528193	0.528105	0.528097	0.528088	0.528087	
0.528026	0.528024	0.52804	0.528056	0.528143	0.528229	0.528278	0.528327	0.528508	0.528689	0.528784	0.52888	0.529122	0.529364	0.529451	0.529538	0.529673	0.529808	0.529675	0.529542	0.529318	0.529094	0.528699	0.528303	0.528543	0.528782	0.528916	0.52905	0.528166	0.527281	0.527973	0.528664	0.529678	0.530692	0.531846	0.532999	0.530997	0.528994	0.528117	0.52724	0.527507	0.527774	0.528236	0.528697	0.529109	0.52952	0.529631	0.529742	0.52967	0.529597	0.529469	0.52934	0.52912	0.528901	0.528785	0.528669	0.528492	0.528316	0.528267	0.528218	0.52813	0.528042	0.528035	0.528028	0.528026	
0.527964	0.527962	0.527983	0.528004	0.528087	0.52817	0.528232	0.528293	0.528469	0.528644	0.528767	0.528891	0.529127	0.529364	0.529497	0.529629	0.529751	0.529874	0.529772	0.529671	0.529394	0.529116	0.528684	0.528252	0.52867	0.529088	0.529414	0.52974	0.529435	0.52913	0.529739	0.530349	0.529594	0.528839	0.530522	0.532205	0.530264	0.528322	0.527656	0.526991	0.527365	0.52774	0.528304	0.528868	0.529275	0.529682	0.529789	0.529897	0.529787	0.529676	0.529524	0.529371	0.529128	0.528885	0.528756	0.528627	0.528443	0.52826	0.528208	0.528156	0.528067	0.527978	0.527973	0.527967	0.527964	
0.527824	0.527826	0.527845	0.527863	0.527954	0.528045	0.528104	0.528163	0.528357	0.528552	0.528678	0.528804	0.529079	0.529354	0.529501	0.529649	0.529819	0.52999	0.5299	0.529809	0.529508	0.529206	0.528727	0.528249	0.528594	0.52894	0.529504	0.530069	0.530712	0.531355	0.53055	0.529745	0.528493	0.527242	0.529059	0.530876	0.529136	0.527396	0.52701	0.526623	0.527196	0.52777	0.528398	0.529027	0.529446	0.529865	0.529954	0.530044	0.529894	0.529745	0.529551	0.529358	0.529092	0.528825	0.528671	0.528517	0.528328	0.52814	0.528077	0.528015	0.527928	0.527842	0.527832	0.527823	0.527824	
0.527685	0.527691	0.527706	0.527721	0.527821	0.52792	0.527976	0.528032	0.528246	0.528459	0.528588	0.528717	0.529031	0.529344	0.529506	0.529668	0.529887	0.530106	0.530027	0.529948	0.529622	0.529296	0.528771	0.528246	0.528518	0.528791	0.529595	0.530399	0.53199	0.533581	0.531361	0.52914	0.527392	0.525644	0.527595	0.529546	0.528008	0.526469	0.526363	0.526256	0.527028	0.527799	0.528492	0.529186	0.529617	0.530048	0.53012	0.530191	0.530002	0.529813	0.529579	0.529344	0.529055	0.528766	0.528586	0.528407	0.528213	0.52802	0.527947	0.527874	0.52779	0.527706	0.527692	0.527678	0.527685	
0.527609	0.527614	0.527634	0.527653	0.527745	0.527836	0.527902	0.527968	0.528169	0.528371	0.528523	0.528674	0.528983	0.529293	0.5295	0.529707	0.529944	0.53018	0.530141	0.530101	0.529763	0.529424	0.528801	0.528177	0.528323	0.528469	0.528933	0.529397	0.531772	0.534148	0.531587	0.529025	0.527512	0.525999	0.52749	0.528982	0.527468	0.525955	0.526272	0.526589	0.527242	0.527894	0.528605	0.529316	0.529752	0.530189	0.530234	0.530279	0.530063	0.529847	0.529579	0.52931	0.529006	0.528702	0.528511	0.52832	0.528126	0.527932	0.527861	0.527789	0.527707	0.527625	0.527614	0.527604	0.527609	
0.527534	0.527537	0.527561	0.527586	0.527669	0.527752	0.527827	0.527903	0.528093	0.528283	0.528457	0.528631	0.528936	0.529241	0.529493	0.529745	0.53	0.530254	0.530255	0.530255	0.529904	0.529552	0.52883	0.528109	0.528128	0.528148	0.528272	0.528396	0.531555	0.534714	0.531812	0.52891	0.527632	0.526355	0.527386	0.528417	0.526929	0.52544	0.526181	0.526922	0.527456	0.52799	0.528717	0.529445	0.529887	0.53033	0.530348	0.530367	0.530124	0.529882	0.529578	0.529275	0.528957	0.528638	0.528436	0.528233	0.528039	0.527845	0.527774	0.527703	0.527623	0.527543	0.527537	0.527531	0.527534	
0.527385	0.527391	0.527412	0.527433	0.52752	0.527607	0.527676	0.527746	0.527946	0.528147	0.528319	0.52849	0.528825	0.529161	0.529432	0.529704	0.530021	0.530337	0.530401	0.530465	0.530139	0.529813	0.529112	0.52841	0.527925	0.52744	0.52759	0.52774	0.529942	0.532144	0.531076	0.530007	0.528623	0.527238	0.527295	0.527351	0.52664	0.525929	0.52665	0.527372	0.527839	0.528307	0.528973	0.52964	0.530064	0.530488	0.530469	0.53045	0.530167	0.529883	0.52954	0.529198	0.52886	0.528521	0.528304	0.528087	0.527891	0.527695	0.527621	0.527547	0.52747	0.527394	0.527386	0.527379	0.527385	
0.527236	0.527246	0.527263	0.527281	0.527372	0.527462	0.527525	0.527589	0.5278	0.528012	0.52818	0.528349	0.528714	0.52908	0.529371	0.529663	0.530042	0.53042	0.530548	0.530675	0.530375	0.530075	0.529393	0.528711	0.527721	0.526731	0.526908	0.527085	0.52833	0.529574	0.530339	0.531104	0.529613	0.528122	0.527204	0.526286	0.526352	0.526418	0.527119	0.527821	0.528222	0.528624	0.52923	0.529836	0.530241	0.530647	0.53059	0.530534	0.530209	0.529885	0.529503	0.529121	0.528762	0.528404	0.528173	0.527942	0.527743	0.527545	0.527468	0.527391	0.527318	0.527244	0.527236	0.527227	0.527236	
0.527161	0.527168	0.527188	0.527209	0.527287	0.527365	0.527431	0.527497	0.527689	0.52788	0.528059	0.528238	0.528593	0.528947	0.529276	0.529606	0.530021	0.530436	0.530657	0.530877	0.530677	0.530476	0.529821	0.529165	0.52799	0.526815	0.526738	0.52666	0.527805	0.528951	0.529443	0.529936	0.529606	0.529277	0.527859	0.526442	0.52655	0.526658	0.527452	0.528246	0.52856	0.528874	0.52944	0.530005	0.53041	0.530815	0.530691	0.530566	0.530206	0.529847	0.529426	0.529004	0.528643	0.528281	0.528047	0.527813	0.527623	0.527434	0.527364	0.527294	0.527227	0.527159	0.527157	0.527154	0.527161	
0.527086	0.52709	0.527114	0.527138	0.527203	0.527268	0.527337	0.527406	0.527577	0.527749	0.527938	0.528128	0.528471	0.528814	0.529182	0.529549	0.530001	0.530452	0.530765	0.531078	0.530978	0.530878	0.530248	0.529619	0.528259	0.5269	0.526567	0.526235	0.527281	0.528328	0.528548	0.528768	0.5296	0.530432	0.528515	0.526598	0.526748	0.526898	0.527785	0.528672	0.528898	0.529125	0.52965	0.530175	0.530579	0.530983	0.530791	0.530598	0.530204	0.529809	0.529349	0.528888	0.528523	0.528159	0.527921	0.527684	0.527504	0.527323	0.52726	0.527197	0.527136	0.527075	0.527078	0.527081	0.527086	
0.526945	0.526949	0.526971	0.526992	0.527055	0.527118	0.527177	0.527236	0.527406	0.527576	0.527752	0.527928	0.528281	0.528634	0.529004	0.529374	0.52988	0.530386	0.530771	0.531156	0.531189	0.531222	0.530676	0.53013	0.528702	0.527275	0.52684	0.526405	0.527158	0.527911	0.528425	0.528939	0.53017	0.531402	0.529857	0.528312	0.528064	0.527816	0.528505	0.529193	0.529318	0.529443	0.52992	0.530397	0.53074	0.531083	0.530832	0.530581	0.530132	0.529683	0.529204	0.528724	0.528347	0.527969	0.527738	0.527507	0.527329	0.527151	0.527096	0.527041	0.526983	0.526926	0.526933	0.52694	0.526945	
